6.720000000000001 6.6000000000000005 1.6617870902237965e-36
6.720000000000001 6.720000000000001 -1.8021307587232438e-35
6.720000000000001 6.84 1.6654579115802603e-35
6.720000000000001 6.96 -1.1953407440575369e-35
6.720000000000001 7.08 3.947599854336089e-36
6.720000000000001 7.200000000000001 -1.3208468014472981e-37
6.720000000000001 7.32 -6.337297921679733e-32
6.720000000000001 7.44 -6.038659105981664e-32
6.720000000000001 7.56 -6.784248902377365e-33
6.720000000000001 7.680000000000001 -9.702379022471153e-33
6.720000000000001 7.799999999999999 1.945401931565671e-22
6.720000000000001 7.92 1.3532339446026997e-17
6.720000000000001 8.04 -2.280915669001995e-23
6.720000000000001 8.16 -6.4981343029499115e-34
6.720000000000001 8.280000000000001 8.229551183675291e-35
6.720000000000001 8.4 -8.853046117593241e-42
6.84 6.6000000000000005 4.836669942352894e-35
6.84 6.720000000000001 -5.245143450796996e-34
6.84 6.84 4.8473539532126565e-34
6.84 6.96 -3.4790670126545745e-34
6.84 7.08 1.1489581109534757e-34
6.84 7.200000000000001 -3.84435530917073e-36
6.84 7.32 -1.8444852865836135e-30
6.84 7.44 -1.757565765304133e-30
6.84 7.56 -1.974571408130884e-31
6.84 7.680000000000001 -2.8238999606731676e-31
6.84 7.799999999999999 5.6621375286600576e-21
6.84 7.92 3.938618841930032e-16
6.84 8.04 -6.63865805806001e-22
6.84 8.16 -1.8912970891000935e-32
6.84 8.280000000000001 2.3952299956654844e-33
6.84 8.4 -2.5766996450466294e-40
6.96 6.6000000000000005 1.4553916261204064e-32
6.96 6.720000000000001 -4.879083905589601e-32
6.96 6.84 3.4126578013080676e-33
6.96 6.96 -3.3845338636255887e-32
6.96 7.08 8.803757049184609e-33
6.96 7.200000000000001 -2.9481598265155576e-34
6.96 7.32 -1.4547709760246943e-28
6.96 7.44 -1.3920709077397854e-28
6.96 7.56 -1.570912988103976e-29
6.96 7.680000000000001 -2.2440100989093695e-29
6.96 7.799999999999999 4.663328175395806e-19
6.96 7.92 3.215778199701667e-14
6.96 8.04 -3.954334432652162e-20
6.96 8.16 -1.4124548071407633e-30
6.96 8.280000000000001 1.9723703135314993e-31
6.96 8.4 -2.121818017439018e-38
7.08 6.6000000000000005 1.2072859962468386e-20
7.08 6.720000000000001 7.980810128021178e-21
7.08 6.84 -6.622238046618883e-20
7.08 6.96 -1.2819459941228528e-20
7.08 7.08 -5.564953323766645e-21
7.08 7.200000000000001 1.0318140811235469e-22
7.08 7.32 7.919050906377017e-19
7.08 7.44 4.355524810590619e-19
7.08 7.56 2.56824393334367e-20
7.08 7.680000000000001 2.4793172919371014e-20
7.08 7.799999999999999 5.747469438383325e-8
7.08 7.92 0.001572263087977815
7.08 8.04 1.0233450593010049e-10
7.08 8.16 2.7827356362882004e-20
7.08 8.280000000000001 2.4156250958112786e-20
7.08 8.4 -2.5986503383413543e-27
7.200000000000001 6.6000000000000005 4.306888437352579e-18
7.200000000000001 6.720000000000001 -2.3862333896508375e-17
7.200000000000001 6.84 -1.401524074666364e-16
7.200000000000001 6.96 -5.580559426774066e-17
7.200000000000001 7.08 -1.7172209136310195e-16
7.200000000000001 7.200000000000001 4.936685062550203e-18
7.200000000000001 7.32 -8.2492621368722e-17
7.200000000000001 7.44 7.09603265416704e-17
7.200000000000001 7.56 5.0761905368367906e-17
7.200000000000001 7.680000000000001 -1.4341262732581546e-17
7.200000000000001 7.799999999999999 2.262736929356933e-6
7.200000000000001 7.92 11.784431681430503
7.200000000000001 8.04 5.2669978781974085e-6
7.200000000000001 8.16 2.856789534868354e-19
7.200000000000001 8.280000000000001 2.990949330135288e-21
7.200000000000001 8.4 -6.085753049506575e-28
7.32 6.6000000000000005 -8.85642962035961e-20
7.32 6.720000000000001 -1.4265611053172175e-19
7.32 6.84 -2.354149725454682e-19
7.32 6.96 -1.1295723989256194e-19
7.32 7.08 6.467478255048238e-20
7.32 7.200000000000001 -8.316187130958008e-20
7.32 7.32 -8.060733235964215e-20
7.32 7.44 -6.28658437499529e-20
7.32 7.56 -5.183211135811954e-20
7.32 7.680000000000001 6.669706168353439e-21
7.32 7.799999999999999 -2.2544525102047434e-9
7.32 7.92 0.024555629711362683
7.32 8.04 0.0006860667801254861
7.32 8.16 4.6268870153201106e-15
7.32 8.280000000000001 -6.625968327543041e-20
7.32 8.4 -6.24240769229966e-28
7.44 6.6000000000000005 -7.18446041714872e-23
7.44 6.720000000000001 -1.180311595820003e-22
7.44 6.84 -1.9481492435950523e-22
7.44 6.96 -9.340102271576422e-23
7.44 7.08 5.376145947541359e-23
7.44 7.200000000000001 -6.897306982062173e-23
7.44 7.32 6.336332388188022e-22
7.44 7.44 6.138268757631517e-22
7.44 7.56 2.3279663627277928e-23
7.44 7.680000000000001 1.0068968742350271e-22
7.44 7.799999999999999 1.090167831967004e-11
7.44 7.92 2.0189093349021512e-5
7.44 8.04 5.688178766128132e-7
7.44 8.16 3.836164693333186e-18
7.44 8.280000000000001 -4.9558972547110637e-23
7.44 8.4 -1.0959771950008248e-30
7.56 6.6000000000000005 -6.445106051775371e-31
7.56 6.720000000000001 -1.0590285410648365e-30
7.56 6.84 -1.74755761482414e-30
7.56 6.96 -8.380155434248596e-31
7.56 7.08 4.82334356409117e-31
7.56 7.200000000000001 -6.187656031198826e-31
7.56 7.32 5.125323175611012e-30
7.56 7.44 4.9739836607357506e-30
7.56 7.56 1.4899479451252685e-31
7.56 7.680000000000001 8.17704780092933e-31
7.56 7.799999999999999 9.951626619975095e-20
7.56 7.92 1.8123779365178922e-13
7.56 8.04 5.102922933865795e-15
7.56 8.16 3.4414618646307383e-26
7.56 8.280000000000001 -4.438725964941726e-31
7.56 8.4 -9.910223102109707e-39
7.680000000000001 6.6000000000000005 -2.817168965844675e-35
7.680000000000001 6.720000000000001 2.0143391172068624e-34
7.680000000000001 6.84 -2.0005783009167703e-34
7.680000000000001 6.96 2.0673291254289154e-31
7.680000000000001 7.08 2.3123020902619713e-23
7.680000000000001 7.200000000000001 2.841229346130582e-22
7.680000000000001 7.32 1.0216267288105067e-23
7.680000000000001 7.44 8.26442212935664e-31
7.680000000000001 7.56 7.770603503943301e-32
7.680000000000001 7.680000000000001 1.1112997942317903e-31
7.680000000000001 7.799999999999999 -2.2282418599858417e-21
7.680000000000001 7.92 -1.549979195898331e-16
7.680000000000001 8.04 2.612537545137107e-22
7.680000000000001 8.16 7.442923082722403e-33
7.680000000000001 8.280000000000001 -9.426043953341312e-34
7.680000000000001 8.4 -1.6712664787733324e-38
7.799999999999999 6.6000000000000005 3.3331531502167665e-20
7.799999999999999 6.720000000000001 1.4892035548457315e-21
7.799999999999999 6.84 2.611401984234245e-20
7.799999999999999 6.96 1.2304877781157243e-15
7.799999999999999 7.08 1.4034136353729705e-7
7.799999999999999 7.200000000000001 4.157167074916528e-6
7.799999999999999 7.32 -4.5983794048300186e-7
7.799999999999999 7.44 -5.8240741315367484e-15
7.799999999999999 7.56 -3.188480183169857e-23
7.799999999999999 7.680000000000001 5.364497571780346e-23
7.799999999999999 7.799999999999999 -1.2913752666962565e-21
7.799999999999999 7.92 7.860941103971763e-17
7.799999999999999 8.04 6.055041669406866e-23
7.799999999999999 8.16 3.18528279325427e-22
7.799999999999999 8.280000000000001 2.125987037824065e-23
7.799999999999999 8.4 -1.0621108928042595e-22
7.92 6.6000000000000005 4.3235657252587894e-16
7.92 6.720000000000001 9.09665841399249e-17
7.92 6.84 -8.55815881309442e-17
7.92 6.96 3.429902722536193e-14
7.92 7.08 0.001830866796514777
7.92 7.200000000000001 11.652392631786993
7.92 7.32 0.003585466728711562
7.92 7.44 1.2549695437039711e-12
7.92 7.56 6.924763724351238e-17
7.92 7.680000000000001 1.6405926832791182e-17
7.92 7.799999999999999 -3.847640983157558e-16
7.92 7.92 2.7642537696636654e-16
7.92 8.04 7.096849566138532e-17
7.92 8.16 1.1199421704368703e-16
7.92 8.280000000000001 -3.913031000555714e-20
7.92 8.4 1.970971725313424e-17
8.04 6.6000000000000005 5.230466301500077e-20
8.04 6.720000000000001 1.746537247792298e-20
8.04 6.84 4.222558615002791e-20
8.04 6.96 -6.125942873411486e-16
8.04 7.08 -6.778648326749338e-8
8.04 7.200000000000001 1.272568059106392e-5
8.04 7.32 1.9440179410925745e-6
8.04 7.44 2.4555122646832516e-14
8.04 7.56 3.4917354953818594e-22
8.04 7.680000000000001 -1.7641697671609479e-22
8.04 7.799999999999999 -5.533674496616797e-21
8.04 7.92 2.2351772288788656e-17
8.04 8.04 5.3794707281680535e-22
8.04 8.16 -1.2511506935569557e-22
8.04 8.280000000000001 -9.314518061312982e-23
8.04 8.4 9.995894137681598e-23
8.16 6.6000000000000005 -7.438380713420093e-36
8.16 6.720000000000001 1.1038697942244314e-34
8.16 6.84 -9.888650837737941e-35
8.16 6.96 -2.15439936125961e-32
8.16 7.08 -2.395808758883091e-24
8.16 7.200000000000001 1.7174875979918407e-23
8.16 7.32 2.919449855037783e-24
8.16 7.44 4.029254589797232e-31
8.16 7.56 4.1204269100960096e-32
8.16 7.680000000000001 5.892758843507981e-32
8.16 7.799999999999999 -1.1815436587464917e-21
8.16 7.92 -8.218892765049389e-17
8.16 8.04 1.3853185817883228e-22
8.16 8.16 3.9466529282114605e-33
8.16 8.280000000000001 -4.998235218714353e-34
8.16 8.4 2.1141006013121065e-39
8.280000000000001 6.6000000000000005 3.3182862315325863e-62
8.280000000000001 6.720000000000001 1.1644751343667685e-62
8.280000000000001 6.84 2.8078283622313236e-62
8.280000000000001 6.96 -2.6570741078983394e-58
8.280000000000001 7.08 -2.943426901728134e-50
8.280000000000001 7.200000000000001 6.412612646566842e-50
8.280000000000001 7.32 -2.531172540979671e-50
8.280000000000001 7.44 -3.298966349180648e-58
8.280000000000001 7.56 3.2708802213339993e-66
8.280000000000001 7.680000000000001 9.187038940974974e-66
8.280000000000001 7.799999999999999 -3.5721304348887613e-63
8.280000000000001 7.92 7.217969996024411e-65
8.280000000000001 8.04 5.053985407416208e-66
8.280000000000001 8.16 -1.463776446691278e-65
8.280000000000001 8.280000000000001 1.3969114452264782e-66
8.280000000000001 8.4 2.4694450158548373e-65
8.4 6.6000000000000005 5.5826023071447386e-90
8.4 6.720000000000001 2.005130551666128e-90
8.4 6.84 4.764587832755548e-90
8.4 6.96 -4.800212501063266e-86
8.4 7.08 -5.321826483720297e-78
8.4 7.200000000000001 8.792043349774964e-79
8.4 7.32 -6.079271173123095e-78
8.4 7.44 -7.862680785711562e-86
8.4 7.56 3.3782733410736333e-94
8.4 7.680000000000001 1.5498856907502676e-93
8.4 7.799999999999999 -6.101392443692731e-91
8.4 7.92 2.23410752682057e-93
8.4 8.04 1.304373526202306e-94
8.4 8.16 -2.96056165000455e-93
8.4 8.280000000000001 3.2694789063473604e-94
8.4 8.4 4.374753157813214e-93
8.52 6.6000000000000005 7.230727839259618e-111
8.52 6.720000000000001 2.6765069544960326e-111
8.52 6.84 6.113801927926746e-111
8.52 6.96 -6.3831508195907e-107
8.52 7.08 -7.078625704575169e-99
8.52 7.200000000000001 -2.2675675608272743e-99
8.52 7.32 -8.263833733931238e-99
8.52 7.44 -1.068145268729296e-106
8.52 7.56 -3.962293384465392e-113
8.52 7.680000000000001 -2.942882201744884e-112
8.52 7.799999999999999 2.5037684659014495e-101
8.52 7.92 1.3915755060186498e-97
8.52 8.04 -1.0055385763090823e-103
8.52 8.16 3.6882732456138716e-113
8.52 8.280000000000001 1.0817341649843816e-113
8.52 8.4 5.781191976663069e-114
