8.34 7.85 -1.1759397405681831e-35
8.34 8.34 -5.6076922672516184e-42
8.34 8.83 3.734017420911148e-36
8.34 9.32 1.9174361427251826e-22
8.34 9.81 2.689647944149511e-18
8.34 10.3 -3.9765301594402816e-22
8.34 10.79 -2.4878974777108063e-29
8.34 11.28 7.75190924249138e-39
8.34 11.77 3.9348548613913687e-35
8.34 12.26 -4.408448916755127e-36
8.34 13.24 2.975474296665671e-36
8.34 13.73 5.087534284534471e-38
8.34 14.220000000000002 8.137021525403576e-34
8.34 14.709999999999999 -5.154600899049105e-30
8.34 15.2 2.3556572184299787e-28
8.34 15.69 8.577703529406314e-27
8.34 16.18 4.931713054394723e-25
8.34 16.67 5.629641364389201e-25
8.34 17.16 1.0234598290232709e-26
8.34 17.65 1.395419653545349e-31
8.34 18.14 1.480881946802821e-25
8.34 18.63 9.217314780180311e-22
8.34 19.12 1.546391808722464e-25
8.34 19.61 4.081652491928846e-23
8.34 20.1 2.160905933690991e-18
8.34 20.59 1.5817701085634621e-24
8.34 21.08 2.446848313991407e-26
8.34 21.57 -2.7040926847576003e-30
8.83 7.85 1.6131904582908132e-27
8.83 8.34 7.316926912203138e-29
8.83 8.83 -1.2539243401755452e-28
8.83 9.32 -2.468443496333557e-22
8.83 9.81 2.3894678946581537e-17
8.83 10.3 2.747880953153566e-21
8.83 10.79 1.0409220992493266e-29
8.83 11.28 3.777761276476034e-27
8.83 11.77 9.973934404472437e-30
8.83 12.26 -2.433499517764108e-27
8.83 13.24 -3.0177328255277605e-27
8.83 13.73 1.2513302440164207e-22
8.83 14.220000000000002 2.296282812612486e-19
8.83 14.709999999999999 3.592279211112359e-15
8.83 15.2 9.867338530226918e-15
8.83 15.69 1.1132313453841992e-12
8.83 16.18 6.476235111102764e-9
8.83 16.67 7.49886991519692e-9
8.83 17.16 1.3645349923402148e-10
8.83 17.65 1.8546344087507073e-15
8.83 18.14 1.0458221012127442e-18
8.83 18.63 -4.012864911290675e-22
8.83 19.12 -2.315481566844574e-26
8.83 19.61 -1.9259831506663964e-23
8.83 20.1 -1.0196306447250937e-18
8.83 20.59 -7.572376451862717e-25
8.83 21.08 -1.5051275147229394e-26
8.83 21.57 -6.674006443736436e-28
9.32 7.85 -9.726111170542811e-20
9.32 8.34 -1.7079026929493627e-20
9.32 8.83 -4.263148412920542e-21
9.32 9.32 3.097650739670331e-20
9.32 9.81 -6.0167375013430695e-18
9.32 10.3 3.020279308067196e-19
9.32 10.79 2.2269032972279488e-20
9.32 11.28 3.3363421270898335e-20
9.32 11.77 -9.516332675467789e-20
9.32 12.26 1.3071353564061317e-19
9.32 13.24 -4.5745428981425916e-20
9.32 13.73 3.7677771084761583e-13
9.32 14.220000000000002 1.6015700233625076e-9
9.32 14.709999999999999 1.9244397909174767e-5
9.32 15.2 -2.798736323911815e-5
9.32 15.69 0.0019588322855003614
9.32 16.18 0.0008832617638636728
9.32 16.67 0.00025085120704219964
9.32 17.16 2.3505680643076053e-6
9.32 17.65 2.340060832972328e-9
9.32 18.14 -1.9036399688318763e-12
9.32 18.63 1.0583171543451827e-13
9.32 19.12 4.3066977933025373e-16
9.32 19.61 6.011496904016224e-20
9.32 20.1 -2.6416358667379886e-19
9.32 20.59 -6.857437239492292e-20
9.32 21.08 -1.7307944087268943e-19
9.32 21.57 3.803169500383912e-20
9.81 7.85 1.9046298975246976e-18
9.81 8.34 -1.1750695990141506e-18
9.81 8.83 -9.957334981000798e-19
9.81 9.32 -4.912365363408802e-18
9.81 9.81 -4.005673323044628e-18
9.81 10.3 -4.6441233346258305e-18
9.81 10.79 -6.405462365760423e-18
9.81 11.28 -2.3781402470923123e-18
9.81 11.77 -5.3690499605634936e-18
9.81 12.26 9.656474098549504e-18
9.81 13.24 7.193900012871315e-18
9.81 13.73 2.177692389922512e-11
9.81 14.220000000000002 5.956573644800929e-6
9.81 14.709999999999999 0.006600518698006911
9.81 15.2 0.14073935385984127
9.81 15.69 0.18494488875733345
9.81 16.18 0.06267361775440074
9.81 16.67 0.00554807365604705
9.81 17.16 7.879198718196297e-6
9.81 17.65 1.6549181751273004e-7
9.81 18.14 6.30737000342821e-10
9.81 18.63 4.275333788103795e-12
9.81 19.12 1.9402445611577067e-14
9.81 19.61 -8.905432906863535e-19
9.81 20.1 3.867540686790911e-18
9.81 20.59 -1.818980543858149e-18
9.81 21.08 -3.524237773919359e-18
9.81 21.57 1.2099448867187865e-18
10.3 7.85 -8.371590438157194e-20
10.3 8.34 -7.46298261309978e-21
10.3 8.83 8.505378183135696e-19
10.3 9.32 -3.1596560492024147e-19
10.3 9.81 -2.7818807969189887e-18
10.3 10.3 6.333185957282658e-20
10.3 10.79 -2.9534172458896096e-19
10.3 11.28 -1.1916286288407148e-19
10.3 11.77 9.829181261539734e-21
10.3 12.26 1.608768057079522e-20
10.3 13.24 1.504026143405098e-14
10.3 13.73 2.0635077811005037e-8
10.3 14.220000000000002 7.925995665660228e-5
10.3 14.709999999999999 0.010561315843149477
10.3 15.2 0.034695235670153986
10.3 15.69 0.008741523837344776
10.3 16.18 9.957557158878629e-5
10.3 16.67 7.824775409342888e-5
10.3 17.16 -3.8887345231559255e-7
10.3 17.65 4.744481370541036e-9
10.3 18.14 3.4695887180380133e-11
10.3 18.63 -3.0803419903161475e-13
10.3 19.12 -1.2780241262610825e-16
10.3 19.61 1.3728850373571728e-18
10.3 20.1 4.664319949218198e-18
10.3 20.59 2.5528437026794223e-18
10.3 21.08 1.418556061038887e-19
10.3 21.57 2.8583807244820946e-20
10.79 7.85 -3.2712710335144543e-24
10.79 8.34 -1.054105560856504e-22
10.79 8.83 1.1287601906441994e-22
10.79 9.32 1.9763604396873111e-22
10.79 9.81 2.7337848299316973e-18
10.79 10.3 1.5615011030602117e-23
10.79 10.79 -7.641299482961258e-24
10.79 11.28 1.256198648906059e-22
10.79 11.77 1.9680867222584503e-25
10.79 12.26 1.2615935829281663e-23
10.79 13.24 4.4466192905255334e-15
10.79 13.73 3.1551231818833644e-9
10.79 14.220000000000002 9.246156564597177e-7
10.79 14.709999999999999 1.0523670691291934e-5
10.79 15.2 3.5960949083382536e-6
10.79 15.69 8.175138483575942e-7
10.79 16.18 1.3847440102932992e-9
10.79 16.67 1.5108916463348862e-9
10.79 17.16 -3.080557498513636e-13
10.79 17.65 4.3509279212918335e-14
10.79 18.14 3.2363321629225697e-16
10.79 18.63 -1.137890425497018e-18
10.79 19.12 -1.1579716744588705e-21
10.79 19.61 6.48798394208905e-22
10.79 20.1 -1.0472165566068188e-18
10.79 20.59 2.1448342224233435e-22
10.79 21.08 2.4048399097213814e-24
10.79 21.57 -2.100594714103497e-25
11.28 7.85 -7.816880306729872e-30
11.28 8.34 -4.408561871027194e-30
11.28 8.83 5.8806433825305e-29
11.28 9.32 7.967896559764584e-22
11.28 9.81 -1.5317717451663176e-17
11.28 10.3 -3.8540314798958666e-21
11.28 10.79 -1.5365195692808521e-27
11.28 11.28 2.641621905420797e-29
11.28 11.77 4.985916551020025e-31
11.28 12.26 2.659063577458925e-29
11.28 13.24 8.793255713735484e-21
11.28 13.73 4.147648657012584e-15
11.28 14.220000000000002 1.137570901601521e-12
11.28 14.709999999999999 1.6165004591637176e-13
11.28 15.2 8.210382118058559e-12
11.28 15.69 3.4720305244123276e-13
11.28 16.18 2.942796114513638e-14
11.28 16.67 1.0658500582331418e-16
11.28 17.16 -2.269174092691388e-19
11.28 17.65 -1.5141412095968003e-22
11.28 18.14 -2.502094378273142e-24
11.28 18.63 4.699886740907329e-22
11.28 19.12 7.973131992580194e-26
11.28 19.61 2.0814551526830265e-23
11.28 20.1 1.1019780177986522e-18
11.28 20.59 8.067076465177383e-25
11.28 21.08 1.2471840717945483e-26
11.28 21.57 -1.5950548381879576e-28
11.77 7.85 1.6399547635948372e-35
11.77 8.34 -1.7941827294341657e-39
11.77 8.83 -2.003476467218086e-35
11.77 9.32 4.0981826511525005e-22
11.77 9.81 -7.367303878003775e-18
11.77 10.3 -2.0456977522816515e-21
11.77 10.79 -1.2453373682550985e-29
11.77 11.28 1.1541506884182285e-37
11.77 11.77 1.528873555901284e-34
11.77 12.26 -1.3877057392511327e-35
11.77 13.24 6.92938237671681e-29
11.77 13.73 1.5804436200920216e-24
11.77 14.220000000000002 2.271766411328729e-22
11.77 14.709999999999999 1.2615816653046916e-23
11.77 15.2 1.8318970276210156e-19
11.77 15.69 7.554514902737693e-21
11.77 16.18 6.717613953339779e-22
11.77 16.67 3.584286820603952e-30
11.77 17.16 4.29691748974718e-33
11.77 17.65 -4.5492182438435746e-33
11.77 18.14 -4.0416779622276774e-25
11.77 18.63 -2.515623755052049e-21
11.77 19.12 -4.220469910400472e-25
11.77 19.61 -1.1139797450165307e-22
11.77 20.1 -5.897624664955359e-18
11.77 20.59 -4.317025679515972e-24
11.77 21.08 -6.678029203674856e-26
11.77 21.57 7.38014471959906e-30
12.75 7.85 -4.039177181884523e-34
12.75 8.34 7.594214805543328e-43
12.75 8.83 -2.896427937240081e-35
12.75 9.32 8.024641831406093e-22
12.75 9.81 6.7548312952858586e-18
12.75 10.3 -6.033971827653125e-22
12.75 10.79 -2.5565051187602167e-29
12.75 11.28 -1.5155507599057734e-39
12.75 11.77 1.1482353351543271e-34
12.75 12.26 -7.45968122232704e-36
12.75 13.24 -5.734594075481102e-35
12.75 13.73 8.678646811928452e-43
12.75 14.220000000000002 4.706867569391178e-40
12.75 14.709999999999999 -2.426810116438704e-41
12.75 15.2 5.024610462333404e-40
12.75 15.69 -9.65653694802765e-38
12.75 16.18 -6.899842248094949e-38
12.75 16.67 -5.521525955736101e-39
12.75 17.16 1.132284923111839e-39
12.75 17.65 -3.324471817913276e-34
12.75 18.14 -2.952519416740863e-26
12.75 18.63 -1.8377090038904438e-22
12.75 19.12 -3.0831320179890293e-26
12.75 19.61 -8.137824538407917e-24
12.75 20.1 -4.308322310348664e-19
12.75 20.59 -3.1536657025667806e-25
12.75 21.08 -4.8784217758325995e-27
12.75 21.57 5.391395151022225e-31
13.24 7.85 -8.68041723314497e-37
13.24 8.34 9.32890725654721e-37
13.24 8.83 1.8796144285671704e-36
13.24 9.32 -1.4511287164468325e-22
13.24 9.81 1.4073761038398905e-19
13.24 10.3 5.107936554160303e-22
13.24 10.79 1.2573821292303516e-29
13.24 11.28 -2.36798331107461e-36
13.24 11.77 -3.9875529393500765e-35
13.24 12.26 4.2722455372750355e-36
13.24 13.24 -8.019484990043954e-37
13.24 13.73 -1.6784016005117013e-38
13.24 14.220000000000002 2.2394310203757983e-38
13.24 14.709999999999999 6.5036278196304425e-37
13.24 15.2 9.302401078805044e-39
13.24 15.69 1.2385984315577022e-37
13.24 16.18 -5.7706876639316873e-36
13.24 16.67 -4.389738919415653e-39
13.24 17.16 -5.493113002408914e-37
13.24 17.65 -2.4242301616684822e-34
13.24 18.14 -2.1533165497164e-26
13.24 18.63 -1.3681835253618542e-22
13.24 19.12 -2.9118432289405803e-21
13.24 19.61 -2.624754225453989e-21
13.24 20.1 -2.613762074866191e-19
13.24 20.59 7.082984839460965e-22
13.24 21.08 -1.0966609256687998e-24
13.24 21.57 -1.7475612887918865e-28
13.73 7.85 2.4638078853928195e-29
13.73 8.34 8.32740043821062e-29
13.73 8.83 2.4493063937446334e-28
13.73 9.32 -1.258081674666528e-22
13.73 9.81 1.54196562357829e-19
13.73 10.3 4.942870446546233e-22
13.73 10.79 1.2906332070160172e-29
13.73 11.28 -4.9436506190347005e-28
13.73 11.77 2.523610871739626e-28
13.73 12.26 -2.3362430872438938e-29
13.73 13.24 6.818035346755409e-28
13.73 13.73 -2.776428810366779e-29
13.73 14.220000000000002 3.639694945651275e-29
13.73 14.709999999999999 -1.6730887255115442e-28
13.73 15.2 1.5245590971186916e-29
13.73 15.69 6.15338318401746e-31
13.73 16.18 -7.129489490446102e-28
13.73 16.67 2.0452746723783023e-31
13.73 17.16 -7.434508584349606e-29
13.73 17.65 -9.286329160124872e-30
13.73 18.14 -1.6279430912049231e-21
13.73 18.63 -6.666671653018417e-16
13.73 19.12 -6.716833560129962e-13
13.73 19.61 -2.4540648866779575e-12
13.73 20.1 9.399981070827438e-12
13.73 20.59 -1.2497604601999676e-13
13.73 21.08 -2.225978348605418e-15
13.73 21.57 -2.200051805391967e-19
14.220000000000002 7.85 1.1451197861854894e-26
14.220000000000002 8.34 -2.319197807045763e-23
14.220000000000002 8.83 4.729852055398917e-22
14.220000000000002 9.32 6.97127383078565e-22
14.220000000000002 9.81 -1.0737502326453972e-17
14.220000000000002 10.3 -2.475441632511882e-21
14.220000000000002 10.79 -3.4813751839302493e-26
14.220000000000002 11.28 -5.702103375860754e-22
14.220000000000002 11.77 4.1456213974988587e-22
14.220000000000002 12.26 -8.473999445131152e-26
14.220000000000002 13.24 -1.754008094986256e-21
14.220000000000002 13.73 5.082600483620609e-26
14.220000000000002 14.220000000000002 6.995330091308318e-26
14.220000000000002 14.709999999999999 -2.437375357810181e-22
14.220000000000002 15.2 -4.0811000854469657e-26
14.220000000000002 15.69 -3.6581306436714556e-27
14.220000000000002 16.18 1.1730769394947052e-22
14.220000000000002 16.67 1.0380477101833744e-26
14.220000000000002 17.16 -5.348105797885962e-23
14.220000000000002 17.65 -9.646446449089426e-24
14.220000000000002 18.14 -1.3067268493295e-15
14.220000000000002 18.63 -4.1060092643339367e-10
14.220000000000002 19.12 -3.32692947767085e-7
14.220000000000002 19.61 9.41953607832561e-6
14.220000000000002 20.1 1.2463545433048684e-5
14.220000000000002 20.59 8.39285758348677e-8
14.220000000000002 21.08 2.895611944293215e-11
14.220000000000002 21.57 1.3164492575815337e-12
14.709999999999999 7.85 -1.5735462251947486e-20
14.709999999999999 8.34 1.0886366246596208e-19
14.709999999999999 8.83 1.4606044326768163e-19
14.709999999999999 9.32 -7.169814085789162e-20
14.709999999999999 9.81 -1.8149680638882537e-18
14.709999999999999 10.3 3.1998814520774198e-21
14.709999999999999 10.79 -1.8188913662366867e-23
14.709999999999999 11.28 -5.603147944945567e-19
14.709999999999999 11.77 4.881636099733817e-19
14.709999999999999 12.26 1.5786742957182628e-20
14.709999999999999 13.24 -4.1956867221111457e-19
14.709999999999999 13.73 1.82499839374146e-20
14.709999999999999 14.220000000000002 -2.3982340048564578e-20
14.709999999999999 14.709999999999999 1.2671527282414366e-19
14.709999999999999 15.2 -9.686882903821597e-21
14.709999999999999 15.69 1.4442881030701062e-22
14.709999999999999 16.18 -1.0399187462285179e-18
14.709999999999999 16.67 -1.4313360964584658e-22
14.709999999999999 17.16 -9.087845027436582e-20
14.709999999999999 17.65 -2.0232781221953517e-21
14.709999999999999 18.14 -2.8922831289503226e-13
14.709999999999999 18.63 -9.725090888781715e-8
14.709999999999999 19.12 -4.690916240383035e-5
14.709999999999999 19.61 0.009290801921228697
14.709999999999999 20.1 0.011688897695223773
14.709999999999999 20.59 0.00029780398255144187
14.709999999999999 21.08 1.5250082330224041e-6
14.709999999999999 21.57 8.937468576985357e-10
15.2 7.85 7.033171998789894e-20
15.2 8.34 -2.1399570312363284e-18
15.2 8.83 1.987021589985445e-18
15.2 9.32 -2.3906148279578407e-20
15.2 9.81 3.8757502787855874e-18
15.2 10.3 -4.988543170229056e-19
15.2 10.79 -2.1071735035436978e-22
15.2 11.28 -5.558073271275143e-18
15.2 11.77 6.078355409409004e-18
15.2 12.26 1.2047006884356676e-19
15.2 13.24 4.78821354139705e-18
15.2 13.73 8.830348864470592e-20
15.2 14.220000000000002 -2.807191481251161e-20
15.2 14.709999999999999 6.258953387178055e-18
15.2 15.2 5.723198472851278e-20
15.2 15.69 1.660260928360241e-19
15.2 16.18 -2.989647395030932e-18
15.2 16.67 1.581504064425437e-19
15.2 17.16 1.6543137658510864e-19
15.2 17.65 1.9085066634918193e-19
15.2 18.14 2.2902934157836217e-11
15.2 18.63 9.070910929554143e-6
15.2 19.12 0.011082752305910274
15.2 19.61 0.15759839184072022
15.2 20.1 0.026057165221921096
15.2 20.59 0.0003226762305110094
15.2 21.08 7.660662969238043e-6
15.2 21.57 3.117663449419156e-9
15.69 7.85 9.688630981885519e-21
15.69 8.34 5.922938458889919e-22
15.69 8.83 1.063044302672706e-19
15.69 9.32 6.225586072912741e-21
15.69 9.81 1.54113150052591e-18
15.69 10.3 3.552208102987178e-20
15.69 10.79 -8.65199835921669e-27
15.69 11.28 -5.972698868147227e-20
15.69 11.77 1.8462390383929695e-20
15.69 12.26 -2.4538271249066542e-20
15.69 13.24 -9.266251695770397e-19
15.69 13.73 5.153916118566893e-21
15.69 14.220000000000002 -6.7485483939378506e-21
15.69 14.709999999999999 -1.0439610463113277e-20
15.69 15.2 2.72530012998397e-21
15.69 15.69 -2.8021893297699926e-20
15.69 16.18 1.3349503798775534e-20
15.69 16.67 4.299128920600863e-21
15.69 17.16 1.383800668743599e-19
15.69 17.65 8.032702392797963e-19
15.69 18.14 1.909590581542482e-11
15.69 18.63 -1.7164448237286067e-7
15.69 19.12 0.00029475430565953885
15.69 19.61 0.009751570983690564
15.69 20.1 0.0028902111610188312
15.69 20.59 2.769199840361559e-6
15.69 21.08 7.656821380984272e-7
15.69 21.57 1.264955597114536e-10
16.18 7.85 5.022670568556907e-24
16.18 8.34 -4.14221098298985e-27
16.18 8.83 -1.828407058242388e-24
16.18 9.32 1.2592802199060495e-22
16.18 9.81 -2.4637979563027243e-18
16.18 10.3 1.4541686330703417e-21
16.18 10.79 1.0358148735172558e-29
16.18 11.28 2.543837319907721e-23
16.18 11.77 3.135434627203338e-26
16.18 12.26 -3.529773832836255e-22
16.18 13.24 -5.100122210534352e-25
16.18 13.73 1.4184451059012312e-22
16.18 14.220000000000002 8.680527298734253e-24
16.18 14.709999999999999 2.2527500193249785e-26
16.18 15.2 1.2660273140422597e-23
16.18 15.69 -1.5182383212882786e-21
16.18 16.18 6.034576946541963e-22
16.18 16.67 2.504421284396346e-22
16.18 17.16 -4.5526096239473836e-24
16.18 17.65 5.563370866557382e-18
16.18 18.14 4.934187568960342e-10
16.18 18.63 3.0710993932989035e-6
16.18 19.12 1.334903632231674e-6
16.18 19.61 6.314474955605904e-6
16.18 20.1 0.007236441609511783
16.18 20.59 6.058499297018044e-8
16.18 21.08 1.638046464016533e-9
16.18 21.57 2.311925506758909e-12
16.67 7.85 4.735525355852305e-28
16.67 8.34 -2.1692193439074785e-29
16.67 8.83 3.526277229927433e-27
16.67 9.32 -2.5400743787922635e-22
16.67 9.81 3.787654442386814e-18
16.67 10.3 1.149532272418038e-21
16.67 10.79 8.116050742244605e-30
16.67 11.28 -8.824631091930163e-27
16.67 11.77 -1.6457787245224955e-29
16.67 12.26 -1.5296845294158222e-25
16.67 13.24 -1.7059817226322245e-29
16.67 13.73 8.47438296571602e-28
16.67 14.220000000000002 -1.0264935673068384e-27
16.67 14.709999999999999 -3.976567683152312e-31
16.67 15.2 1.0702019361866967e-27
16.67 15.69 -2.411129514500638e-25
16.67 16.18 3.9339564066854415e-25
16.67 16.67 7.80755166297468e-26
16.67 17.16 -4.072796382500553e-27
16.67 17.65 2.228487714376862e-21
16.67 18.14 1.8215743941551714e-13
16.67 18.63 1.1385266537525948e-9
16.67 19.12 3.2856874024610126e-8
16.67 19.61 9.81009059393034e-8
16.67 20.1 3.323875065068405e-6
16.67 20.59 7.44484295850274e-11
16.67 21.08 3.1471373718005036e-14
16.67 21.57 8.213148528341514e-18
17.16 7.85 1.00132035022474e-32
17.16 8.34 -4.066147282939875e-32
17.16 8.83 -1.1664024964804075e-31
17.16 9.32 -1.5754930953832897e-22
17.16 9.81 2.100881373252123e-18
17.16 10.3 7.028400899145152e-22
17.16 10.79 6.315171495757049e-30
17.16 11.28 5.85326423138248e-29
17.16 11.77 -4.212874009222054e-34
17.16 12.26 -9.044885358663725e-28
17.16 13.24 -4.821625215444217e-32
17.16 13.73 1.624403163748567e-32
17.16 14.220000000000002 -1.7908354704023669e-29
17.16 14.709999999999999 3.2647829542535126e-33
17.16 15.2 -6.0298289751104034e-30
17.16 15.69 -2.0916665903408598e-27
17.16 16.18 2.583780946556082e-27
17.16 16.67 2.301030528354446e-28
17.16 17.16 -1.5034245063399209e-29
17.16 17.65 1.2578389024016007e-23
17.16 18.14 1.1167427800592363e-15
17.16 18.63 6.950947368709693e-12
17.16 19.12 7.624390427058586e-13
17.16 19.61 2.579244032411551e-12
17.16 20.1 1.6310958459333946e-8
17.16 20.59 1.3599237814492741e-14
17.16 21.08 1.8451099155643377e-16
17.16 21.57 -2.039083430950837e-20
17.65 7.85 7.725596847381627e-38
17.65 8.34 -2.6037137234598287e-36
17.65 8.83 -1.080269130515835e-35
17.65 9.32 -9.594262442326821e-23
17.65 9.81 7.1613099332471e-19
17.65 10.3 3.7570296245024234e-22
17.65 10.79 1.1191072140331936e-29
17.65 11.28 3.808083278349297e-33
17.65 11.77 -2.775330085564733e-35
17.65 12.26 -5.840759283388053e-32
17.65 13.24 1.0330015188301461e-36
17.65 13.73 1.048944337805782e-36
17.65 14.220000000000002 -1.1593829603022693e-33
17.65 14.709999999999999 2.123118328058098e-37
17.65 15.2 -3.924055584365728e-34
17.65 15.69 -1.352569651104153e-31
17.65 16.18 1.6691387837153532e-31
17.65 16.67 1.4803191538110298e-32
17.65 17.16 -9.68632440224515e-34
17.65 17.65 8.121521548453397e-28
17.65 18.14 7.212859585659034e-20
17.65 18.63 4.489432636958741e-16
17.65 19.12 8.151816436810638e-20
17.65 19.61 1.989880167803965e-17
17.65 20.1 1.052502056602592e-12
17.65 20.59 7.70438671135386e-19
17.65 21.08 1.1917744864395829e-20
17.65 21.57 -1.3170691758235213e-24
18.14 7.85 -3.5876507963802466e-29
18.14 8.34 3.517317723068392e-36
18.14 8.83 9.35536131547795e-29
18.14 9.32 -1.7592308720075706e-15
18.14 9.81 3.5051070840317464e-11
18.14 10.3 8.973446897033204e-15
18.14 10.79 2.93575180173254e-20
18.14 11.28 -2.1830931219528907e-30
18.14 11.77 -6.353295123966935e-28
18.14 12.26 6.256982645679423e-29
18.14 13.24 1.4251018237677596e-28
18.14 13.73 8.682244876079434e-34
18.14 14.220000000000002 7.63028551949426e-33
18.14 14.709999999999999 4.4827056321854483e-35
18.14 15.2 1.3117870335557422e-34
18.14 15.69 1.411576459324335e-30
18.14 16.18 1.566549475439204e-33
18.14 16.67 3.484099222897361e-33
18.14 17.16 1.068170559695488e-33
18.14 17.65 2.238065079899518e-33
18.14 18.14 2.20395881053892e-25
18.14 18.63 1.3717908579078383e-21
18.14 19.12 2.3026142088746176e-25
18.14 19.61 6.074653820478343e-23
18.14 20.1 3.21602116055174e-18
18.14 20.59 2.354207104050139e-24
18.14 21.08 3.588653875994266e-26
18.14 21.57 -1.7820852768776393e-28
18.63 7.85 -3.943689883797305e-23
18.63 8.34 1.4384902717436257e-30
18.63 8.83 1.6713816759729828e-23
18.63 9.32 -3.8654564836921025e-10
18.63 9.81 9.581310285761745e-6
18.63 10.3 4.738677587033889e-9
18.63 10.79 4.771042126995772e-13
18.63 11.28 -6.317705884122892e-23
18.63 11.77 -1.3605994970885933e-22
18.63 12.26 1.6514400966651525e-23
18.63 13.24 2.235728828976192e-23
18.63 13.73 -1.2227227174952285e-27
18.63 14.220000000000002 6.874455793918866e-27
18.63 14.709999999999999 -7.530807110003257e-28
18.63 15.2 1.0041425827701008e-27
18.63 15.69 3.672363704016853e-25
18.63 16.18 -3.642093728643139e-28
18.63 16.67 7.383980026700519e-26
18.63 17.16 -3.452542764873827e-28
18.63 17.65 -2.7032355514205044e-27
18.63 18.14 1.1857943393994963e-26
18.63 18.63 4.539408063684692e-22
18.63 19.12 1.238868457761873e-26
18.63 19.61 3.2685674727658452e-24
18.63 20.1 1.7300900779601431e-19
18.63 20.59 1.3983399344792274e-23
18.63 21.08 -1.267408764079926e-22
18.63 21.57 -4.484122570774578e-23
19.12 7.85 -1.156003392358982e-19
19.12 8.34 8.683463617796232e-27
19.12 8.83 -4.0153633973179025e-20
19.12 9.32 7.633357978331146e-6
19.12 9.81 0.01084764975097117
19.12 10.3 3.9964495577314895e-5
19.12 10.79 7.401988402855066e-9
19.12 11.28 7.438847211269856e-20
19.12 11.77 2.541077196120757e-19
19.12 12.26 1.1704931950483573e-20
19.12 13.24 -6.51057438773257e-20
19.12 13.73 -3.1227965030270606e-22
19.12 14.220000000000002 1.925097567243104e-21
19.12 14.709999999999999 -1.0211883863132846e-23
19.12 15.2 1.5660414557592837e-23
19.12 15.69 8.735002987142868e-23
19.12 16.18 -9.781538000574747e-24
19.12 16.67 1.1390778893034875e-21
19.12 17.16 -3.278531991052465e-24
19.12 17.65 -4.1856865839690266e-23
19.12 18.14 -3.8732199727986692e-25
19.12 18.63 3.6496793644616006e-19
19.12 19.12 -3.967287013225904e-25
19.12 19.61 -1.057089594206326e-22
19.12 20.1 -5.605903612233263e-18
19.12 20.59 -1.2914513496466514e-19
19.12 21.08 4.938619733812122e-20
19.12 21.57 -2.770846038159034e-20
19.61 7.85 -1.3908010221898082e-18
19.61 8.34 1.6542455577353859e-24
19.61 8.83 4.58562418317214e-18
19.61 9.32 0.000370316481819482
19.61 9.81 0.17037242201281835
19.61 10.3 0.01312341786955879
19.61 10.79 2.6446092098850756e-6
19.61 11.28 2.0475346363433074e-15
19.61 11.77 2.287241772968094e-18
19.61 12.26 -5.564801691777836e-20
19.61 13.24 1.6870020663686269e-18
19.61 13.73 4.2551746571854454e-20
19.61 14.220000000000002 1.9149635294929262e-19
19.61 14.709999999999999 -1.971889568384487e-20
19.61 15.2 2.795682556485915e-22
19.61 15.69 -1.2539570617143991e-20
19.61 16.18 1.4971159467226041e-21
19.61 16.67 6.473294249720421e-19
19.61 17.16 2.4148462630766955e-20
19.61 17.65 -8.87315638378905e-21
19.61 18.14 -9.909211354893084e-25
19.61 18.63 1.0023686006551769e-18
19.61 19.12 -8.969222610311634e-26
19.61 19.61 -9.014775921310776e-24
19.61 20.1 1.6557077182434815e-19
19.61 20.59 9.242006465845929e-19
19.61 21.08 -1.1524694673130252e-18
19.61 21.57 -1.892947803685622e-19
20.1 7.85 1.071618063401343e-19
20.1 8.34 2.9322617779833074e-23
20.1 8.83 4.120617601705284e-18
20.1 9.32 0.0001390284627237988
20.1 9.81 0.08812495154800556
20.1 10.3 0.021002199232628523
20.1 10.79 3.1532458250127705e-6
20.1 11.28 7.147944796045852e-14
20.1 11.77 4.792030729149186e-19
20.1 12.26 6.482428377930136e-20
20.1 13.24 4.680955915112314e-19
20.1 13.73 2.8586758049012047e-19
20.1 14.220000000000002 8.845322652165257e-20
20.1 14.709999999999999 -4.132719640121548e-20
20.1 15.2 -1.6113154012925712e-22
20.1 15.69 -5.773385403470978e-20
20.1 16.18 -1.8158933821559592e-19
20.1 16.67 3.4225595028923066e-19
20.1 17.16 -6.612720693301535e-19
20.1 17.65 -1.0850243968715722e-21
20.1 18.14 -1.063513089572402e-24
20.1 18.63 -1.634990261769765e-19
20.1 19.12 1.1235897150934357e-22
20.1 19.61 3.604992322787931e-22
20.1 20.1 -6.877939175971444e-19
20.1 20.59 2.7651422445586183e-18
20.1 21.08 -1.6289742947621722e-18
20.1 21.57 3.97717980248425e-19
20.59 7.85 -3.2729304505374192e-21
20.59 8.34 7.141983453328502e-25
20.59 8.83 4.456661104497578e-20
20.59 9.32 4.621455490243483e-6
20.59 9.81 0.0012822757687662861
20.59 10.3 0.0002699222681820819
20.59 10.79 9.018698285890916e-8
20.59 11.28 2.243303020727188e-15
20.59 11.77 5.332269453860006e-21
20.59 12.26 9.635362370718e-22
20.59 13.24 1.0709108032354399e-20
20.59 13.73 5.336858810237686e-21
20.59 14.220000000000002 3.198185293198474e-21
20.59 14.709999999999999 -1.0366046311468081e-21
20.59 15.2 -5.9707247895048965e-24
20.59 15.69 -2.5509700343345143e-21
20.59 16.18 -4.7676429229214574e-21
20.59 16.67 5.204850491069221e-21
20.59 17.16 -1.788220700907264e-20
20.59 17.65 1.6936487511064825e-24
20.59 18.14 -4.715154794883425e-26
20.59 18.63 8.206783109092235e-23
20.59 19.12 3.0725114022030624e-24
20.59 19.61 -1.767404392336914e-26
20.59 20.1 -5.716773076002716e-19
20.59 20.59 8.033496131652428e-21
20.59 21.08 1.4735628417348534e-20
20.59 21.57 3.906811961291487e-21
21.08 7.85 -1.5941234482322415e-24
21.08 8.34 7.971054551972672e-29
21.08 8.83 5.119699533155537e-24
21.08 9.32 1.7585123139686925e-10
21.08 9.81 4.074500549882552e-7
21.08 10.3 4.5489392878243084e-8
21.08 10.79 -2.4168410212599007e-12
21.08 11.28 -6.625110832689613e-20
21.08 11.77 -4.1127365600611705e-24
21.08 12.26 -9.525769030079627e-26
21.08 13.24 1.1397916051708225e-24
21.08 13.73 8.483253612544408e-25
21.08 14.220000000000002 1.642148254488848e-24
21.08 14.709999999999999 -2.1039313900771884e-25
21.08 15.2 -6.339348101072515e-28
21.08 15.69 -1.321887295958508e-24
21.08 16.18 -6.161744344042312e-25
21.08 16.67 1.0822460465837965e-24
21.08 17.16 -2.8708810702860472e-24
21.08 17.65 3.3881495431512925e-28
21.08 18.14 -1.1489794312951465e-25
21.08 18.63 -7.160904414716643e-22
21.08 19.12 -1.1943631924438474e-25
21.08 19.61 -3.166636187336421e-23
21.08 20.1 -1.6765886936389264e-18
21.08 20.59 5.340757144228773e-24
21.08 21.08 -1.1497857892740464e-23
21.08 21.57 -1.5723874709992569e-24
21.57 7.85 -4.059070512104494e-30
21.57 8.34 9.123815244180159e-35
21.57 8.83 1.754101601976655e-29
21.57 9.32 5.568547139581115e-16
21.57 9.81 9.48771122583809e-13
21.57 10.3 2.8124508636611117e-14
21.57 10.79 -2.9137106615505737e-18
21.57 11.28 -8.258795662838895e-26
21.57 11.77 -1.2385941453245205e-29
21.57 12.26 -6.127158140412114e-31
21.57 13.24 1.7293357966031924e-30
21.57 13.73 1.8164939972586767e-30
21.57 14.220000000000002 4.212253735059319e-30
21.57 14.709999999999999 -2.300315360917801e-31
21.57 15.2 -1.2437247851369492e-33
21.57 15.69 -3.3960721309074286e-30
21.57 16.18 -3.640233259031703e-31
21.57 16.67 8.861590586324674e-31
21.57 17.16 -3.2301918827914644e-30
21.57 17.65 7.572088251004483e-34
21.57 18.14 1.6118766711748233e-26
21.57 18.63 1.0032652693434702e-22
21.57 19.12 1.683181420908199e-26
21.57 19.61 4.442704196406537e-24
21.57 20.1 2.352053701846557e-19
21.57 20.59 1.7218711331039704e-25
21.57 21.08 2.6296295167968197e-27
21.57 21.57 -5.01223349789308e-30
