3.8 0.994 2.3582054335357827
3.8 0.996 1.2628578842145126
3.8 0.998 0.44850744401513903
3.8 1.0 0.3688833967627224
3.8 1.002 0.2292946665100977
3.8 1.004 0.12617976629899036
3.8 1.006 -0.002138387450188409
3.8 1.008 0.018852414114180694
3.8 1.01 0.004803081552722695
3.8 1.012 -0.003214060504895624
3.8 1.014 0.0010185006240998602
3.8 1.016 -4.021846236391277e-5
3.8 1.018 -0.00014981590240829701
3.8 1.02 -1.3666381012967786e-5
3.8 1.022 -4.4703950117425954e-5
3.8 1.024 -6.278315207512731e-6
3.8 1.026 -1.974672812254266e-6
3.8 1.028 -6.220269345780696e-8
3.8400000000000003 0.994 10.07070410979802
3.8400000000000003 0.996 7.207542202292365
3.8400000000000003 0.998 3.6308317150051335
3.8400000000000003 1.0 3.625213307154261
3.8400000000000003 1.002 2.4105467478254234
3.8400000000000003 1.004 1.9619336497300515
3.8400000000000003 1.006 0.30760248624283454
3.8400000000000003 1.008 0.15801398534489794
3.8400000000000003 1.01 0.011481472613335326
3.8400000000000003 1.012 -0.005364705775950867
3.8400000000000003 1.014 -0.00584677054453192
3.8400000000000003 1.016 0.0034016711999076757
3.8400000000000003 1.018 -0.0014462730395007816
3.8400000000000003 1.02 -0.00022676552771410207
3.8400000000000003 1.022 -0.0004622749879241688
3.8400000000000003 1.024 -2.4741534487334057e-6
3.8400000000000003 1.026 -5.62189618021405e-5
3.8400000000000003 1.028 -2.5056336019707303e-6
3.8800000000000003 0.994 23.84822280586147
3.8800000000000003 0.996 20.059813704243265
3.8800000000000003 0.998 19.04266658588174
3.8800000000000003 1.0 24.762452292458207
3.8800000000000003 1.002 18.325209543101444
3.8800000000000003 1.004 11.561078063535016
3.8800000000000003 1.006 3.539879447640778
3.8800000000000003 1.008 1.6868923260051008
3.8800000000000003 1.01 0.22616646614650282
3.8800000000000003 1.012 0.1312164721672184
3.8800000000000003 1.014 -0.006599924854362111
3.8800000000000003 1.016 0.041289349698717275
3.8800000000000003 1.018 -0.0007513350088894871
3.8800000000000003 1.02 -0.0013285313779311022
3.8800000000000003 1.022 0.0006314790680536532
3.8800000000000003 1.024 0.0007622012207876042
3.8800000000000003 1.026 -0.00016241615774439022
3.8800000000000003 1.028 -1.0820270048083194e-5
3.9200000000000004 0.994 20.112874367660986
3.9200000000000004 0.996 27.635502811199782
3.9200000000000004 0.998 50.859959761732625
3.9200000000000004 1.0 51.39986204594297
3.9200000000000004 1.002 41.007277350308165
3.9200000000000004 1.004 42.036387624816
3.9200000000000004 1.006 18.294030760348935
3.9200000000000004 1.008 8.788482328687778
3.9200000000000004 1.01 2.488224546842314
3.9200000000000004 1.012 0.9916132415527019
3.9200000000000004 1.014 0.1650783807422863
3.9200000000000004 1.016 0.05422079950128421
3.9200000000000004 1.018 0.022070408798913786
3.9200000000000004 1.02 0.004774194619986454
3.9200000000000004 1.022 0.00514940534386415
3.9200000000000004 1.024 0.0010859632495271688
3.9200000000000004 1.026 0.00034405419223075437
3.9200000000000004 1.028 1.2529509716008872e-5
3.96 0.994 5.4566163071871685
3.96 0.996 15.852753945285711
3.96 0.998 45.06379922102003
3.96 1.0 77.07099048696057
3.96 1.002 83.93692960848776
3.96 1.004 66.98986599278375
3.96 1.006 41.08874614268578
3.96 1.008 37.229840095576876
3.96 1.01 14.990916193843239
3.96 1.012 4.952225295158543
3.96 1.014 1.1208932841692847
3.96 1.016 0.3236510737579268
3.96 1.018 0.03775620815823511
3.96 1.02 -0.000898338089209276
3.96 1.022 -0.004877346764901549
3.96 1.024 0.000294917864422304
3.96 1.026 -4.555708112190421e-5
3.96 1.028 7.726055381473765e-7
4.0 0.994 1.5374727533244095
4.0 0.996 6.911447848895947
4.0 0.998 16.694059033574227
4.0 1.0 26.18157982582754
4.0 1.002 76.30243963726065
4.0 1.004 140.30469080512185
4.0 1.006 105.11225839866343
4.0 1.008 58.780573900937576
4.0 1.01 32.71160171461478
4.0 1.012 24.308392255799056
4.0 1.014 8.699666374797507
4.0 1.016 1.912984403688323
4.0 1.018 0.2652343021337865
4.0 1.02 0.09079596742040204
4.0 1.022 0.011471586036436774
4.0 1.024 0.00137497204107584
4.0 1.026 0.0012962514670665428
4.0 1.028 7.264252671414214e-5
4.04 0.994 0.5246999573282859
4.04 0.996 0.9649578906652969
4.04 0.998 4.370866334178667
4.04 1.0 19.20719725678891
4.04 1.002 35.501079265783126
4.04 1.004 50.7732636833132
4.04 1.006 115.08889874225054
4.04 1.008 177.84298560610998
4.04 1.01 93.28299736613042
4.04 1.012 39.04544581435776
4.04 1.014 18.37325212092835
4.04 1.016 12.859598656211716
4.04 1.018 3.260786361409986
4.04 1.02 0.4805650308047305
4.04 1.022 0.035750510708956115
4.04 1.024 0.00634077644635376
4.04 1.026 -0.0013848092742023994
4.04 1.028 -8.403905990088953e-5
4.08 0.994 0.057968682614761395
4.08 0.996 0.47495793480215714
4.08 0.998 1.7208463265403302
4.08 1.0 7.0103963641511005
4.08 1.002 25.96248649352936
4.08 1.004 54.26155978684592
4.08 1.006 52.49697139171918
4.08 1.008 59.95697196959977
4.08 1.01 132.591958777196
4.08 1.012 146.43610431950998
4.08 1.014 53.24581074091615
4.08 1.016 19.701380649942895
4.08 1.018 6.784511894912534
4.08 1.02 2.4455639250151284
4.08 1.022 1.2512787272258363
4.08 1.024 0.15406606973118442
4.08 1.026 0.020519448888213235
4.08 1.028 0.0002330037216194604
4.12 0.994 0.01256466893953481
4.12 0.996 0.04754173287796398
4.12 0.998 0.1404067630838
4.12 1.0 1.0471384579592267
4.12 1.002 3.544873941898754
4.12 1.004 19.2124447013312
4.12 1.006 69.05907768827349
4.12 1.008 94.30969667004094
4.12 1.01 55.78691951868962
4.12 1.012 48.615982931801994
4.12 1.014 118.46006951115804
4.12 1.016 81.79453933138252
4.12 1.018 20.534672315499634
4.12 1.02 7.049439916985345
4.12 1.022 1.493062865885751
4.12 1.024 0.5825331792600684
4.12 1.026 0.15543289360489607
4.12 1.028 0.011246984930827921
4.16 0.994 0.0007734481235401716
4.16 0.996 -0.007406518147730212
4.16 0.998 -0.04157032740047876
4.16 1.0 0.06268171587478912
4.16 1.002 0.7144504002557766
4.16 1.004 1.8043109357846545
4.16 1.006 9.615863718922226
4.16 1.008 43.85719229941993
4.16 1.01 131.40672334759373
4.16 1.012 92.9649055441305
4.16 1.014 44.597272829831375
4.16 1.016 38.40919711308203
4.16 1.018 75.80074333696581
4.16 1.02 26.487840171960233
4.16 1.022 3.2739734371300218
4.16 1.024 0.2338736771583704
4.16 1.026 0.035345567885702145
4.16 1.028 0.000761353754468462
4.2 0.994 -0.0006728524669166046
4.2 0.996 -0.011299507338165161
4.2 0.998 -0.03237659090842649
4.2 1.0 -0.029007522065972843
4.2 1.002 0.3477685041401455
4.2 1.004 0.7046161844701033
4.2 1.006 1.784806673619663
4.2 1.008 4.725519968870919
4.2 1.01 19.05785655141657
4.2 1.012 92.4748290176925
4.2 1.014 165.59091403626073
4.2 1.016 55.21830520000443
4.2 1.018 25.913462332440954
4.2 1.02 29.467499967239455
4.2 1.022 24.345826978681025
4.2 1.024 4.405848642991635
4.2 1.026 0.49313554709613217
4.2 1.028 0.011234659745346058
4.24 0.994 -0.00012432689663140475
4.24 0.996 -0.0017309867347864577
4.24 0.998 -0.012092368986958606
4.24 1.0 -0.013254234084421541
4.24 1.002 0.04829959592096928
4.24 1.004 0.3424129103271757
4.24 1.006 1.266943986344972
4.24 1.008 4.628568534633688
4.24 1.01 4.366052390014043
4.24 1.012 7.775183698050654
4.24 1.014 38.01860034348035
4.24 1.016 126.83495473724729
4.24 1.018 104.1352741225498
4.24 1.02 23.619660995415654
4.24 1.022 10.684274533408951
4.24 1.024 14.737489287218025
4.24 1.026 5.761203103988808
4.24 1.028 0.5385532998657869
4.28 0.994 2.3336219761298946e-5
4.28 0.996 0.000876330910056781
4.28 0.998 0.0015022239828102696
4.28 1.0 -0.0016223684670076959
4.28 1.002 -0.010088631930999414
4.28 1.004 0.03703911002885441
4.28 1.006 0.1655859385033045
4.28 1.008 0.8557681647646328
4.28 1.01 4.998477901235114
4.28 1.012 7.574512732654792
4.28 1.014 5.2508100702686855
4.28 1.016 11.733652923133413
4.28 1.018 65.51431025577675
4.28 1.02 91.0314060192565
4.28 1.022 27.216143557950655
4.28 1.024 2.2061455718468617
4.28 1.026 0.12398074541414769
4.28 1.028 0.0019307797699310027
4.32 0.994 -5.286372384559199e-6
4.32 0.996 -0.0002722163865015146
4.32 0.998 0.0008683176489877027
4.32 1.0 0.013419643200890632
4.32 1.002 0.019526970500562187
4.32 1.004 0.0527101173941003
4.32 1.006 0.055168249357897846
4.32 1.008 0.12875129697844642
4.32 1.01 0.796408900258163
4.32 1.012 3.440349023281095
4.32 1.014 8.727766024804659
4.32 1.016 6.505092950454078
4.32 1.018 6.342158607542403
4.32 1.02 24.718879629697998
4.32 1.022 56.81830868806567
4.32 1.024 28.29087959381777
4.32 1.026 3.2419315910762387
4.32 1.028 0.14156739282054445
4.36 0.994 -1.0410736762305392e-5
4.36 0.996 -0.00037865301818982406
4.36 0.998 -0.0004151453088752584
4.36 1.0 0.0029942128117397505
4.36 1.002 0.008314137635125297
4.36 1.004 0.006287744126119602
4.36 1.006 0.024232923584977552
4.36 1.008 0.06364971501812033
4.36 1.01 0.12351240884794158
4.36 1.012 0.41562578269770145
4.36 1.014 1.8354199467854175
4.36 1.016 8.528248738456128
4.36 1.018 8.803168153430121
4.36 1.02 6.096556180471883
4.36 1.022 7.962667203907289
4.36 1.024 25.149957747908434
4.36 1.026 22.030227096122058
4.36 1.028 3.6158116642742337
4.4 0.994 -3.754599879350797e-5
4.4 0.996 -0.0016539232957649844
4.4 0.998 -0.002936179506190825
4.4 1.0 0.009950752213204449
4.4 1.002 0.03442220107874172
4.4 1.004 0.026872226060114954
4.4 1.006 0.04314741896120422
4.4 1.008 0.018195452292973844
4.4 1.01 0.1385440242006975
4.4 1.012 0.3835898106749871
4.4 1.014 0.1446406812760732
4.4 1.016 1.3338956128910613
4.4 1.018 7.3109593701479705
4.4 1.02 9.480356661987297
4.4 1.022 3.582625584451453
4.4 1.024 0.17422892468230736
4.4 1.026 0.05393897009005405
4.4 1.028 0.001888970102678126
