0.95 0.5 0.0
0.95 0.56 0.0
0.95 0.62 0.0
0.95 0.6799999999999999 0.0
0.95 0.74 0.0
0.95 0.8 0.0
0.95 0.86 0.0
0.95 0.92 0.0
0.95 0.98 0.0
0.95 1.04 0.0
0.95 1.1 0.0
0.95 1.1600000000000001 0.0
0.95 1.22 0.0
0.95 1.28 0.0
0.95 1.34 0.0
0.95 1.4 0.0
0.95 1.46 0.0
0.95 1.52 0.0
0.95 1.58 0.0
0.95 1.6400000000000001 0.0
0.95 1.7000000000000002 0.0
0.95 1.76 0.0
0.95 1.82 0.0
0.95 1.8800000000000001 0.0
0.95 1.94 0.0
0.95 2.0 0.0
0.95 2.06 0.0
0.95 2.12 0.0
0.95 2.18 0.0
0.95 2.2399999999999998 0.0
0.95 2.3000000000000003 0.0
0.95 2.36 0.0
0.95 2.4200000000000004 0.0
0.95 2.48 0.0
0.95 2.5400000000000005 0.0
0.95 2.5999999999999996 0.0
0.95 2.66 0.0
0.95 2.7199999999999998 0.0
0.95 2.7800000000000002 0.0
0.95 2.84 0.0
0.95 2.9000000000000004 0.0
0.95 2.9599999999999995 0.0
0.95 3.02 0.0
0.95 3.0799999999999996 0.0
0.95 3.14 0.0
0.95 3.1999999999999997 0.0
0.95 3.2600000000000002 0.0
0.95 3.3200000000000003 0.0
0.95 3.38 0.0
0.95 3.4399999999999995 0.0
0.95 3.5 0.0
0.952 0.5 0.0
0.952 0.56 0.0
0.952 0.62 0.0
0.952 0.6799999999999999 0.0
0.952 0.74 0.0
0.952 0.8 0.0
0.952 0.86 0.0
0.952 0.92 0.0
0.952 0.98 0.0
0.952 1.04 0.0
0.952 1.1 0.0
0.952 1.1600000000000001 0.0
0.952 1.22 0.0
0.952 1.28 0.0
0.952 1.34 0.0
0.952 1.4 0.0
0.952 1.46 0.0
0.952 1.52 0.0
0.952 1.58 0.0
0.952 1.6400000000000001 0.0
0.952 1.7000000000000002 0.0
0.952 1.76 0.0
0.952 1.82 0.0
0.952 1.8800000000000001 0.0
0.952 1.94 0.0
0.952 2.0 0.0
0.952 2.06 0.0
0.952 2.12 0.0
0.952 2.18 0.0
0.952 2.2399999999999998 0.0
0.952 2.3000000000000003 0.0
0.952 2.36 0.0
0.952 2.4200000000000004 0.0
0.952 2.48 0.0
0.952 2.5400000000000005 0.0
0.952 2.5999999999999996 0.0
0.952 2.66 0.0
0.952 2.7199999999999998 0.0
0.952 2.7800000000000002 0.0
0.952 2.84 0.0
0.952 2.9000000000000004 0.0
0.952 2.9599999999999995 0.0
0.952 3.02 0.0
0.952 3.0799999999999996 0.0
0.952 3.14 0.0
0.952 3.1999999999999997 0.0
0.952 3.2600000000000002 0.0
0.952 3.3200000000000003 0.0
0.952 3.38 0.0
0.952 3.4399999999999995 0.0
0.952 3.5 0.0
0.954 0.5 0.0
0.954 0.56 0.0
0.954 0.62 0.0
0.954 0.6799999999999999 0.0
0.954 0.74 0.0
0.954 0.8 0.0
0.954 0.86 0.0
0.954 0.92 0.0
0.954 0.98 0.0
0.954 1.04 0.0
0.954 1.1 0.0
0.954 1.1600000000000001 0.0
0.954 1.22 0.0
0.954 1.28 0.0
0.954 1.34 0.0
0.954 1.4 0.0
0.954 1.46 0.0
0.954 1.52 0.0
0.954 1.58 0.0
0.954 1.6400000000000001 0.0
0.954 1.7000000000000002 0.0
0.954 1.76 0.0
0.954 1.82 0.0
0.954 1.8800000000000001 0.0
0.954 1.94 0.0
0.954 2.0 0.0
0.954 2.06 0.0
0.954 2.12 0.0
0.954 2.18 0.0
0.954 2.2399999999999998 0.0
0.954 2.3000000000000003 0.0
0.954 2.36 0.0
0.954 2.4200000000000004 0.0
0.954 2.48 0.0
0.954 2.5400000000000005 0.0
0.954 2.5999999999999996 0.0
0.954 2.66 0.0
0.954 2.7199999999999998 0.0
0.954 2.7800000000000002 0.0
0.954 2.84 0.0
0.954 2.9000000000000004 0.0
0.954 2.9599999999999995 0.0
0.954 3.02 0.0
0.954 3.0799999999999996 0.0
0.954 3.14 0.0
0.954 3.1999999999999997 0.0
0.954 3.2600000000000002 0.0
0.954 3.3200000000000003 0.0
0.954 3.38 0.0
0.954 3.4399999999999995 0.0
0.954 3.5 0.0
0.956 0.5 0.0
0.956 0.56 0.0
0.956 0.62 0.0
0.956 0.6799999999999999 0.0
0.956 0.74 0.0
0.956 0.8 0.0
0.956 0.86 0.0
0.956 0.92 0.0
0.956 0.98 0.0
0.956 1.04 0.0
0.956 1.1 0.0
0.956 1.1600000000000001 0.0
0.956 1.22 0.0
0.956 1.28 0.0
0.956 1.34 0.0
0.956 1.4 0.0
0.956 1.46 0.0
0.956 1.52 0.0
0.956 1.58 0.0
0.956 1.6400000000000001 0.0
0.956 1.7000000000000002 0.0
0.956 1.76 0.0
0.956 1.82 0.0
0.956 1.8800000000000001 0.0
0.956 1.94 0.0
0.956 2.0 0.0
0.956 2.06 0.0
0.956 2.12 0.0
0.956 2.18 0.0
0.956 2.2399999999999998 0.0
0.956 2.3000000000000003 0.0
0.956 2.36 0.0
0.956 2.4200000000000004 0.0
0.956 2.48 0.0
0.956 2.5400000000000005 0.0
0.956 2.5999999999999996 0.0
0.956 2.66 0.0
0.956 2.7199999999999998 0.0
0.956 2.7800000000000002 0.0
0.956 2.84 0.0
0.956 2.9000000000000004 0.0
0.956 2.9599999999999995 0.0
0.956 3.02 0.0
0.956 3.0799999999999996 0.0
0.956 3.14 0.0
0.956 3.1999999999999997 0.0
0.956 3.2600000000000002 0.0
0.956 3.3200000000000003 0.0
0.956 3.38 0.0
0.956 3.4399999999999995 0.0
0.956 3.5 0.0
0.958 0.5 0.0
0.958 0.56 0.0
0.958 0.62 0.0
0.958 0.6799999999999999 0.0
0.958 0.74 0.0
0.958 0.8 0.0
0.958 0.86 0.0
0.958 0.92 0.0
0.958 0.98 0.0
0.958 1.04 0.0
0.958 1.1 0.0
0.958 1.1600000000000001 0.0
0.958 1.22 0.0
0.958 1.28 0.0
0.958 1.34 0.0
0.958 1.4 0.0
0.958 1.46 0.0
0.958 1.52 0.0
0.958 1.58 0.0
0.958 1.6400000000000001 0.0
0.958 1.7000000000000002 0.0
0.958 1.76 0.0
0.958 1.82 0.0
0.958 1.8800000000000001 0.0
0.958 1.94 0.0
0.958 2.0 0.0
0.958 2.06 0.0
0.958 2.12 0.0
0.958 2.18 0.0
0.958 2.2399999999999998 0.0
0.958 2.3000000000000003 0.0
0.958 2.36 0.0
0.958 2.4200000000000004 0.0
0.958 2.48 0.0
0.958 2.5400000000000005 0.0
0.958 2.5999999999999996 0.0
0.958 2.66 0.0
0.958 2.7199999999999998 0.0
0.958 2.7800000000000002 0.0
0.958 2.84 0.0
0.958 2.9000000000000004 0.0
0.958 2.9599999999999995 0.0
0.958 3.02 0.0
0.958 3.0799999999999996 0.0
0.958 3.14 0.0
0.958 3.1999999999999997 0.0
0.958 3.2600000000000002 0.0
0.958 3.3200000000000003 0.0
0.958 3.38 0.0
0.958 3.4399999999999995 0.0
0.958 3.5 0.0
0.96 0.5 0.0
0.96 0.56 0.0
0.96 0.62 0.0
0.96 0.6799999999999999 0.0
0.96 0.74 0.0
0.96 0.8 0.0
0.96 0.86 0.0
0.96 0.92 0.0
0.96 0.98 0.0
0.96 1.04 0.0
0.96 1.1 0.0
0.96 1.1600000000000001 0.0
0.96 1.22 0.0
0.96 1.28 0.0
0.96 1.34 0.0
0.96 1.4 0.0
0.96 1.46 0.0
0.96 1.52 0.0
0.96 1.58 0.0
0.96 1.6400000000000001 0.0
0.96 1.7000000000000002 0.0
0.96 1.76 0.0
0.96 1.82 0.0
0.96 1.8800000000000001 0.0
0.96 1.94 0.0
0.96 2.0 0.0
0.96 2.06 0.0
0.96 2.12 0.0
0.96 2.18 0.0
0.96 2.2399999999999998 0.0
0.96 2.3000000000000003 0.0
0.96 2.36 0.0
0.96 2.4200000000000004 0.0
0.96 2.48 0.0
0.96 2.5400000000000005 0.0
0.96 2.5999999999999996 0.0
0.96 2.66 0.0
0.96 2.7199999999999998 0.0
0.96 2.7800000000000002 0.0
0.96 2.84 0.0
0.96 2.9000000000000004 0.0
0.96 2.9599999999999995 0.0
0.96 3.02 0.0
0.96 3.0799999999999996 0.0
0.96 3.14 0.0
0.96 3.1999999999999997 0.0
0.96 3.2600000000000002 0.0
0.96 3.3200000000000003 0.0
0.96 3.38 0.0
0.96 3.4399999999999995 0.0
0.96 3.5 0.0
0.962 0.5 0.0
0.962 0.56 0.0
0.962 0.62 0.0
0.962 0.6799999999999999 0.0
0.962 0.74 0.0
0.962 0.8 0.0
0.962 0.86 0.0
0.962 0.92 0.0
0.962 0.98 0.0
0.962 1.04 0.0
0.962 1.1 0.0
0.962 1.1600000000000001 0.0
0.962 1.22 0.0
0.962 1.28 0.0
0.962 1.34 0.0
0.962 1.4 0.0
0.962 1.46 0.0
0.962 1.52 0.0
0.962 1.58 0.0
0.962 1.6400000000000001 0.0
0.962 1.7000000000000002 0.0
0.962 1.76 0.0
0.962 1.82 0.0
0.962 1.8800000000000001 0.0
0.962 1.94 0.0
0.962 2.0 0.0
0.962 2.06 0.0
0.962 2.12 0.0
0.962 2.18 0.0
0.962 2.2399999999999998 0.0
0.962 2.3000000000000003 0.0
0.962 2.36 0.0
0.962 2.4200000000000004 0.0
0.962 2.48 0.0
0.962 2.5400000000000005 0.0
0.962 2.5999999999999996 0.0
0.962 2.66 0.0
0.962 2.7199999999999998 0.0
0.962 2.7800000000000002 0.0
0.962 2.84 0.0
0.962 2.9000000000000004 0.0
0.962 2.9599999999999995 0.0
0.962 3.02 0.0
0.962 3.0799999999999996 0.0
0.962 3.14 0.0
0.962 3.1999999999999997 0.0
0.962 3.2600000000000002 0.0
0.962 3.3200000000000003 0.0
0.962 3.38 0.0
0.962 3.4399999999999995 0.0
0.962 3.5 0.0
0.964 0.5 0.0
0.964 0.56 0.0
0.964 0.62 0.0
0.964 0.6799999999999999 0.0
0.964 0.74 0.0
0.964 0.8 0.0
0.964 0.86 0.0
0.964 0.92 0.0
0.964 0.98 0.0
0.964 1.04 0.0
0.964 1.1 0.0
0.964 1.1600000000000001 0.0
0.964 1.22 0.0
0.964 1.28 0.0
0.964 1.34 0.0
0.964 1.4 0.0
0.964 1.46 0.0
0.964 1.52 0.0
0.964 1.58 0.0
0.964 1.6400000000000001 0.0
0.964 1.7000000000000002 0.0
0.964 1.76 0.0
0.964 1.82 0.0
0.964 1.8800000000000001 0.0
0.964 1.94 0.0
0.964 2.0 0.0
0.964 2.06 0.0
0.964 2.12 0.0
0.964 2.18 0.0
0.964 2.2399999999999998 0.0
0.964 2.3000000000000003 0.0
0.964 2.36 0.0
0.964 2.4200000000000004 0.0
0.964 2.48 0.0
0.964 2.5400000000000005 0.0
0.964 2.5999999999999996 0.0
0.964 2.66 0.0
0.964 2.7199999999999998 0.0
0.964 2.7800000000000002 0.0
0.964 2.84 0.0
0.964 2.9000000000000004 0.0
0.964 2.9599999999999995 0.0
0.964 3.02 0.0
0.964 3.0799999999999996 0.0
0.964 3.14 0.0
0.964 3.1999999999999997 0.0
0.964 3.2600000000000002 0.0
0.964 3.3200000000000003 0.0
0.964 3.38 0.0
0.964 3.4399999999999995 0.0
0.964 3.5 0.0
0.966 0.5 0.0
0.966 0.56 0.0
0.966 0.62 0.0
0.966 0.6799999999999999 0.0
0.966 0.74 0.0
0.966 0.8 0.0
0.966 0.86 0.0
0.966 0.92 0.0
0.966 0.98 0.0
0.966 1.04 0.0
0.966 1.1 0.0
0.966 1.1600000000000001 0.0
0.966 1.22 0.0
0.966 1.28 0.0
0.966 1.34 0.0
0.966 1.4 0.0
0.966 1.46 0.0
0.966 1.52 0.0
0.966 1.58 0.0
0.966 1.6400000000000001 0.0
0.966 1.7000000000000002 0.0
0.966 1.76 0.0
0.966 1.82 0.0
0.966 1.8800000000000001 0.0
0.966 1.94 0.0
0.966 2.0 0.0
0.966 2.06 0.0
0.966 2.12 0.0
0.966 2.18 0.0
0.966 2.2399999999999998 0.0
0.966 2.3000000000000003 0.0
0.966 2.36 0.0
0.966 2.4200000000000004 0.0
0.966 2.48 0.0
0.966 2.5400000000000005 0.0
0.966 2.5999999999999996 0.0
0.966 2.66 0.0
0.966 2.7199999999999998 0.0
0.966 2.7800000000000002 0.0
0.966 2.84 0.0
0.966 2.9000000000000004 0.0
0.966 2.9599999999999995 0.0
0.966 3.02 0.0
0.966 3.0799999999999996 0.0
0.966 3.14 0.0
0.966 3.1999999999999997 0.0
0.966 3.2600000000000002 0.0
0.966 3.3200000000000003 0.0
0.966 3.38 0.0
0.966 3.4399999999999995 0.0
0.966 3.5 0.0
0.968 0.5 0.0
0.968 0.56 0.0
0.968 0.62 0.0
0.968 0.6799999999999999 0.0
0.968 0.74 0.0
0.968 0.8 0.0
0.968 0.86 0.0
0.968 0.92 0.0
0.968 0.98 0.0
0.968 1.04 0.0
0.968 1.1 0.0
0.968 1.1600000000000001 0.0
0.968 1.22 0.0
0.968 1.28 0.0
0.968 1.34 0.0
0.968 1.4 0.0
0.968 1.46 0.0
0.968 1.52 0.0
0.968 1.58 0.0
0.968 1.6400000000000001 0.0
0.968 1.7000000000000002 0.0
0.968 1.76 0.0
0.968 1.82 0.0
0.968 1.8800000000000001 0.0
0.968 1.94 0.0
0.968 2.0 0.0
0.968 2.06 0.0
0.968 2.12 0.0
0.968 2.18 0.0
0.968 2.2399999999999998 0.0
0.968 2.3000000000000003 0.0
0.968 2.36 0.0
0.968 2.4200000000000004 0.0
0.968 2.48 0.0
0.968 2.5400000000000005 0.0
0.968 2.5999999999999996 0.0
0.968 2.66 0.0
0.968 2.7199999999999998 0.0
0.968 2.7800000000000002 0.0
0.968 2.84 0.0
0.968 2.9000000000000004 0.0
0.968 2.9599999999999995 0.0
0.968 3.02 0.0
0.968 3.0799999999999996 0.0
0.968 3.14 0.0
0.968 3.1999999999999997 0.0
0.968 3.2600000000000002 0.0
0.968 3.3200000000000003 0.0
0.968 3.38 0.0
0.968 3.4399999999999995 0.0
0.968 3.5 0.0
0.97 0.5 0.0
0.97 0.56 0.0
0.97 0.62 0.0
0.97 0.6799999999999999 0.0
0.97 0.74 0.0
0.97 0.8 0.0
0.97 0.86 0.0
0.97 0.92 0.0
0.97 0.98 0.0
0.97 1.04 0.0
0.97 1.1 0.0
0.97 1.1600000000000001 0.0
0.97 1.22 0.0
0.97 1.28 0.0
0.97 1.34 0.0
0.97 1.4 0.0
0.97 1.46 0.0
0.97 1.52 0.0
0.97 1.58 0.0
0.97 1.6400000000000001 0.0
0.97 1.7000000000000002 0.0
0.97 1.76 0.0
0.97 1.82 0.0
0.97 1.8800000000000001 0.0
0.97 1.94 0.0
0.97 2.0 0.0
0.97 2.06 0.0
0.97 2.12 0.0
0.97 2.18 0.0
0.97 2.2399999999999998 0.0
0.97 2.3000000000000003 0.0
0.97 2.36 0.0
0.97 2.4200000000000004 0.0
0.97 2.48 0.0
0.97 2.5400000000000005 0.0
0.97 2.5999999999999996 0.0
0.97 2.66 0.0
0.97 2.7199999999999998 0.0
0.97 2.7800000000000002 0.0
0.97 2.84 0.0
0.97 2.9000000000000004 0.0
0.97 2.9599999999999995 0.0
0.97 3.02 0.0
0.97 3.0799999999999996 0.0
0.97 3.14 0.0
0.97 3.1999999999999997 0.0
0.97 3.2600000000000002 0.0
0.97 3.3200000000000003 0.0
0.97 3.38 0.0
0.97 3.4399999999999995 0.0
0.97 3.5 0.0
0.972 0.5 0.0
0.972 0.56 0.0
0.972 0.62 0.0
0.972 0.6799999999999999 0.0
0.972 0.74 0.0
0.972 0.8 0.0
0.972 0.86 0.0
0.972 0.92 0.0
0.972 0.98 0.0
0.972 1.04 0.0
0.972 1.1 0.0
0.972 1.1600000000000001 0.0
0.972 1.22 0.0
0.972 1.28 0.0
0.972 1.34 0.0
0.972 1.4 0.0
0.972 1.46 0.0
0.972 1.52 0.0
0.972 1.58 0.0
0.972 1.6400000000000001 0.0
0.972 1.7000000000000002 0.0
0.972 1.76 0.0
0.972 1.82 0.0
0.972 1.8800000000000001 0.0
0.972 1.94 0.0
0.972 2.0 0.0
0.972 2.06 0.0
0.972 2.12 0.0
0.972 2.18 0.0
0.972 2.2399999999999998 0.0
0.972 2.3000000000000003 0.0
0.972 2.36 0.0
0.972 2.4200000000000004 0.0
0.972 2.48 0.0
0.972 2.5400000000000005 0.0
0.972 2.5999999999999996 0.0
0.972 2.66 0.0
0.972 2.7199999999999998 0.0
0.972 2.7800000000000002 0.0
0.972 2.84 0.0
0.972 2.9000000000000004 0.0
0.972 2.9599999999999995 0.0
0.972 3.02 0.0
0.972 3.0799999999999996 0.0
0.972 3.14 0.0
0.972 3.1999999999999997 0.0
0.972 3.2600000000000002 0.0
0.972 3.3200000000000003 0.0
0.972 3.38 0.0
0.972 3.4399999999999995 0.0
0.972 3.5 0.0
0.974 0.5 0.0
0.974 0.56 0.0
0.974 0.62 0.0
0.974 0.6799999999999999 0.0
0.974 0.74 0.0
0.974 0.8 0.0
0.974 0.86 0.0
0.974 0.92 0.0
0.974 0.98 0.0
0.974 1.04 0.0
0.974 1.1 0.0
0.974 1.1600000000000001 0.0
0.974 1.22 0.0
0.974 1.28 0.0
0.974 1.34 0.0
0.974 1.4 0.0
0.974 1.46 0.0
0.974 1.52 0.0
0.974 1.58 0.0
0.974 1.6400000000000001 0.0
0.974 1.7000000000000002 0.0
0.974 1.76 0.0
0.974 1.82 0.0
0.974 1.8800000000000001 0.0
0.974 1.94 0.0
0.974 2.0 0.0
0.974 2.06 0.0
0.974 2.12 0.0
0.974 2.18 0.0
0.974 2.2399999999999998 0.0
0.974 2.3000000000000003 0.0
0.974 2.36 0.0
0.974 2.4200000000000004 0.0
0.974 2.48 0.0
0.974 2.5400000000000005 0.0
0.974 2.5999999999999996 0.0
0.974 2.66 0.0
0.974 2.7199999999999998 0.0
0.974 2.7800000000000002 0.0
0.974 2.84 0.0
0.974 2.9000000000000004 0.0
0.974 2.9599999999999995 0.0
0.974 3.02 0.0
0.974 3.0799999999999996 0.0
0.974 3.14 0.0
0.974 3.1999999999999997 0.0
0.974 3.2600000000000002 0.0
0.974 3.3200000000000003 0.0
0.974 3.38 0.0
0.974 3.4399999999999995 0.0
0.974 3.5 0.0
0.976 0.5 0.0
0.976 0.56 0.0
0.976 0.62 0.0
0.976 0.6799999999999999 0.0
0.976 0.74 0.0
0.976 0.8 0.0
0.976 0.86 0.0
0.976 0.92 0.0
0.976 0.98 0.0
0.976 1.04 0.0
0.976 1.1 0.0
0.976 1.1600000000000001 0.0
0.976 1.22 0.0
0.976 1.28 0.0
0.976 1.34 0.0
0.976 1.4 0.0
0.976 1.46 0.0
0.976 1.52 0.0
0.976 1.58 0.0
0.976 1.6400000000000001 0.0
0.976 1.7000000000000002 0.0
0.976 1.76 0.0
0.976 1.82 0.0
0.976 1.8800000000000001 0.0
0.976 1.94 0.0
0.976 2.0 0.0
0.976 2.06 0.0
0.976 2.12 0.0
0.976 2.18 0.0
0.976 2.2399999999999998 0.0
0.976 2.3000000000000003 0.0
0.976 2.36 0.0
0.976 2.4200000000000004 0.0
0.976 2.48 0.0
0.976 2.5400000000000005 0.0
0.976 2.5999999999999996 0.0
0.976 2.66 0.0
0.976 2.7199999999999998 0.0
0.976 2.7800000000000002 0.0
0.976 2.84 0.0
0.976 2.9000000000000004 0.0
0.976 2.9599999999999995 0.0
0.976 3.02 0.0
0.976 3.0799999999999996 0.0
0.976 3.14 0.0
0.976 3.1999999999999997 0.0
0.976 3.2600000000000002 0.0
0.976 3.3200000000000003 0.0
0.976 3.38 0.0
0.976 3.4399999999999995 0.0
0.976 3.5 0.0
0.978 0.5 0.0
0.978 0.56 0.0
0.978 0.62 0.0
0.978 0.6799999999999999 0.0
0.978 0.74 0.0
0.978 0.8 0.0
0.978 0.86 0.0
0.978 0.92 0.0
0.978 0.98 0.0
0.978 1.04 0.0
0.978 1.1 0.0
0.978 1.1600000000000001 0.0
0.978 1.22 0.0
0.978 1.28 0.0
0.978 1.34 0.0
0.978 1.4 0.0
0.978 1.46 0.0
0.978 1.52 0.0
0.978 1.58 0.0
0.978 1.6400000000000001 0.0
0.978 1.7000000000000002 0.0
0.978 1.76 0.0
0.978 1.82 0.0
0.978 1.8800000000000001 0.0
0.978 1.94 0.0
0.978 2.0 0.0
0.978 2.06 0.0
0.978 2.12 0.0
0.978 2.18 0.0
0.978 2.2399999999999998 0.0
0.978 2.3000000000000003 0.0
0.978 2.36 0.0
0.978 2.4200000000000004 0.0
0.978 2.48 0.0
0.978 2.5400000000000005 0.0
0.978 2.5999999999999996 0.0
0.978 2.66 0.0
0.978 2.7199999999999998 0.0
0.978 2.7800000000000002 0.0
0.978 2.84 0.0
0.978 2.9000000000000004 0.0
0.978 2.9599999999999995 0.0
0.978 3.02 0.0
0.978 3.0799999999999996 0.0
0.978 3.14 0.0
0.978 3.1999999999999997 0.0
0.978 3.2600000000000002 0.0
0.978 3.3200000000000003 0.0
0.978 3.38 0.0
0.978 3.4399999999999995 0.0
0.978 3.5 0.0
0.98 0.5 0.0
0.98 0.56 0.0
0.98 0.62 0.0
0.98 0.6799999999999999 0.0
0.98 0.74 0.0
0.98 0.8 0.0
0.98 0.86 0.0
0.98 0.92 0.0
0.98 0.98 0.0
0.98 1.04 0.0
0.98 1.1 0.0
0.98 1.1600000000000001 0.0
0.98 1.22 0.0
0.98 1.28 0.0
0.98 1.34 0.0
0.98 1.4 0.0
0.98 1.46 0.0
0.98 1.52 0.0
0.98 1.58 0.0
0.98 1.6400000000000001 0.0
0.98 1.7000000000000002 0.0
0.98 1.76 0.0
0.98 1.82 0.0
0.98 1.8800000000000001 0.0
0.98 1.94 0.0
0.98 2.0 0.0
0.98 2.06 0.0
0.98 2.12 0.0
0.98 2.18 0.0
0.98 2.2399999999999998 0.0
0.98 2.3000000000000003 0.0
0.98 2.36 0.0
0.98 2.4200000000000004 0.0
0.98 2.48 0.0
0.98 2.5400000000000005 0.0
0.98 2.5999999999999996 0.0
0.98 2.66 0.0
0.98 2.7199999999999998 0.0
0.98 2.7800000000000002 0.0
0.98 2.84 0.0
0.98 2.9000000000000004 0.0
0.98 2.9599999999999995 0.0
0.98 3.02 0.0
0.98 3.0799999999999996 0.0
0.98 3.14 0.0
0.98 3.1999999999999997 0.0
0.98 3.2600000000000002 0.0
0.98 3.3200000000000003 0.0
0.98 3.38 0.0
0.98 3.4399999999999995 0.0
0.98 3.5 0.0
0.982 0.5 0.0
0.982 0.56 0.0
0.982 0.62 0.0
0.982 0.6799999999999999 0.0
0.982 0.74 0.0
0.982 0.8 0.0
0.982 0.86 0.0
0.982 0.92 0.0
0.982 0.98 0.0
0.982 1.04 0.0
0.982 1.1 0.0
0.982 1.1600000000000001 0.0
0.982 1.22 0.0
0.982 1.28 0.0
0.982 1.34 0.0
0.982 1.4 0.0
0.982 1.46 0.0
0.982 1.52 0.0
0.982 1.58 0.0
0.982 1.6400000000000001 0.0
0.982 1.7000000000000002 0.0
0.982 1.76 0.0
0.982 1.82 0.0
0.982 1.8800000000000001 0.0
0.982 1.94 0.0
0.982 2.0 0.0
0.982 2.06 0.0
0.982 2.12 0.0
0.982 2.18 0.0
0.982 2.2399999999999998 0.0
0.982 2.3000000000000003 0.0
0.982 2.36 0.0
0.982 2.4200000000000004 0.0
0.982 2.48 0.0
0.982 2.5400000000000005 0.0
0.982 2.5999999999999996 0.0
0.982 2.66 0.0
0.982 2.7199999999999998 0.0
0.982 2.7800000000000002 0.0
0.982 2.84 0.0
0.982 2.9000000000000004 0.0
0.982 2.9599999999999995 0.0
0.982 3.02 0.0
0.982 3.0799999999999996 0.0
0.982 3.14 0.0
0.982 3.1999999999999997 0.0
0.982 3.2600000000000002 0.0
0.982 3.3200000000000003 0.0
0.982 3.38 0.0
0.982 3.4399999999999995 0.0
0.982 3.5 0.0
0.984 0.5 0.0
0.984 0.56 0.0
0.984 0.62 0.0
0.984 0.6799999999999999 0.0
0.984 0.74 0.0
0.984 0.8 0.0
0.984 0.86 0.0
0.984 0.92 0.0
0.984 0.98 0.0
0.984 1.04 0.0
0.984 1.1 0.0
0.984 1.1600000000000001 0.0
0.984 1.22 0.0
0.984 1.28 0.0
0.984 1.34 0.0
0.984 1.4 0.0
0.984 1.46 0.0
0.984 1.52 0.0
0.984 1.58 0.0
0.984 1.6400000000000001 0.0
0.984 1.7000000000000002 0.0
0.984 1.76 0.0
0.984 1.82 0.0
0.984 1.8800000000000001 0.0
0.984 1.94 0.0
0.984 2.0 0.0
0.984 2.06 0.0
0.984 2.12 0.0
0.984 2.18 0.0
0.984 2.2399999999999998 0.0
0.984 2.3000000000000003 0.0
0.984 2.36 0.0
0.984 2.4200000000000004 0.0
0.984 2.48 0.0
0.984 2.5400000000000005 0.0
0.984 2.5999999999999996 0.0
0.984 2.66 0.0
0.984 2.7199999999999998 0.0
0.984 2.7800000000000002 0.0
0.984 2.84 0.0
0.984 2.9000000000000004 0.0
0.984 2.9599999999999995 0.0
0.984 3.02 0.0
0.984 3.0799999999999996 0.0
0.984 3.14 0.0
0.984 3.1999999999999997 0.0
0.984 3.2600000000000002 0.0
0.984 3.3200000000000003 0.0
0.984 3.38 0.0
0.984 3.4399999999999995 0.0
0.984 3.5 0.0
0.986 0.5 0.0
0.986 0.56 0.0
0.986 0.62 0.0
0.986 0.6799999999999999 0.0
0.986 0.74 0.0
0.986 0.8 0.0
0.986 0.86 0.0
0.986 0.92 0.0
0.986 0.98 0.0
0.986 1.04 0.0
0.986 1.1 0.0
0.986 1.1600000000000001 0.0
0.986 1.22 0.0
0.986 1.28 0.0
0.986 1.34 0.0
0.986 1.4 0.0
0.986 1.46 0.0
0.986 1.52 0.0
0.986 1.58 0.0
0.986 1.6400000000000001 0.0
0.986 1.7000000000000002 0.0
0.986 1.76 0.0
0.986 1.82 0.0
0.986 1.8800000000000001 0.0
0.986 1.94 0.0
0.986 2.0 0.0
0.986 2.06 0.0
0.986 2.12 0.0
0.986 2.18 0.0
0.986 2.2399999999999998 0.0
0.986 2.3000000000000003 0.0
0.986 2.36 0.0
0.986 2.4200000000000004 0.0
0.986 2.48 0.0
0.986 2.5400000000000005 0.0
0.986 2.5999999999999996 0.0
0.986 2.66 0.0
0.986 2.7199999999999998 0.0
0.986 2.7800000000000002 0.0
0.986 2.84 0.0
0.986 2.9000000000000004 0.0
0.986 2.9599999999999995 0.0
0.986 3.02 0.0
0.986 3.0799999999999996 0.0
0.986 3.14 0.0
0.986 3.1999999999999997 0.0
0.986 3.2600000000000002 0.0
0.986 3.3200000000000003 0.0
0.986 3.38 0.0
0.986 3.4399999999999995 0.0
0.986 3.5 0.0
0.988 0.5 0.0
0.988 0.56 0.0
0.988 0.62 0.0
0.988 0.6799999999999999 0.0
0.988 0.74 0.0
0.988 0.8 0.0
0.988 0.86 0.0
0.988 0.92 0.0
0.988 0.98 0.0
0.988 1.04 0.0
0.988 1.1 0.0
0.988 1.1600000000000001 0.0
0.988 1.22 0.0
0.988 1.28 0.0
0.988 1.34 0.0
0.988 1.4 0.0
0.988 1.46 0.0
0.988 1.52 0.0
0.988 1.58 0.0
0.988 1.6400000000000001 0.0
0.988 1.7000000000000002 0.0
0.988 1.76 0.0
0.988 1.82 0.0
0.988 1.8800000000000001 0.0
0.988 1.94 0.0
0.988 2.0 0.0
0.988 2.06 0.0
0.988 2.12 0.0
0.988 2.18 0.0
0.988 2.2399999999999998 0.0
0.988 2.3000000000000003 0.0
0.988 2.36 0.0
0.988 2.4200000000000004 0.0
0.988 2.48 0.0
0.988 2.5400000000000005 0.0
0.988 2.5999999999999996 0.0
0.988 2.66 0.0
0.988 2.7199999999999998 0.0
0.988 2.7800000000000002 0.0
0.988 2.84 0.0
0.988 2.9000000000000004 0.0
0.988 2.9599999999999995 0.0
0.988 3.02 0.0
0.988 3.0799999999999996 0.0
0.988 3.14 0.0
0.988 3.1999999999999997 0.0
0.988 3.2600000000000002 0.0
0.988 3.3200000000000003 0.0
0.988 3.38 0.0
0.988 3.4399999999999995 0.0
0.988 3.5 0.0
0.99 0.5 0.0
0.99 0.56 0.0
0.99 0.62 0.0
0.99 0.6799999999999999 0.0
0.99 0.74 0.0
0.99 0.8 0.0
0.99 0.86 0.0
0.99 0.92 0.0
0.99 0.98 0.0
0.99 1.04 0.0
0.99 1.1 0.0
0.99 1.1600000000000001 0.0
0.99 1.22 0.0
0.99 1.28 0.0
0.99 1.34 0.0
0.99 1.4 0.0
0.99 1.46 0.0
0.99 1.52 0.0
0.99 1.58 0.09269812318721142
0.99 1.6400000000000001 0.38442907205413446
0.99 1.7000000000000002 1.0374382696897855
0.99 1.76 2.8416982372318955
0.99 1.82 4.993528971972052
0.99 1.8800000000000001 3.3587094523177083
0.99 1.94 1.7480219759841766
0.99 2.0 0.3756704515762819
0.99 2.06 -0.016757804346373417
0.99 2.12 0.12625987443302059
0.99 2.18 0.11026754581918588
0.99 2.2399999999999998 -0.034113844467940135
0.99 2.3000000000000003 0.0
0.99 2.36 0.0
0.99 2.4200000000000004 0.0
0.99 2.48 0.0
0.99 2.5400000000000005 0.0
0.99 2.5999999999999996 0.0
0.99 2.66 0.0
0.99 2.7199999999999998 0.0
0.99 2.7800000000000002 0.0
0.99 2.84 0.0
0.99 2.9000000000000004 0.0
0.99 2.9599999999999995 0.0
0.99 3.02 0.0
0.99 3.0799999999999996 0.0
0.99 3.14 0.0
0.99 3.1999999999999997 0.0
0.99 3.2600000000000002 0.0
0.99 3.3200000000000003 0.0
0.99 3.38 0.0
0.99 3.4399999999999995 0.0
0.99 3.5 0.0
0.992 0.5 0.0
0.992 0.56 0.0
0.992 0.62 0.0
0.992 0.6799999999999999 0.0
0.992 0.74 0.0
0.992 0.8 0.0
0.992 0.86 0.0
0.992 0.92 0.0
0.992 0.98 0.0
0.992 1.04 0.0
0.992 1.1 0.0
0.992 1.1600000000000001 0.0
0.992 1.22 0.0
0.992 1.28 0.0
0.992 1.34 0.0
0.992 1.4 0.0
0.992 1.46 0.0
0.992 1.52 0.0
0.992 1.58 0.11800613724593818
0.992 1.6400000000000001 0.3717865625121654
0.992 1.7000000000000002 1.8389616226029528
0.992 1.76 3.6116613891384284
0.992 1.82 3.6060953187788733
0.992 1.8800000000000001 6.435145729467762
0.992 1.94 5.646274859565382
0.992 2.0 1.9091773003911099
0.992 2.06 -0.2518209811438848
0.992 2.12 -0.4651790864767055
0.992 2.18 -0.9376666867338302
0.992 2.2399999999999998 -0.2537416840209946
0.992 2.3000000000000003 0.0
0.992 2.36 0.0
0.992 2.4200000000000004 0.0
0.992 2.48 0.0
0.992 2.5400000000000005 0.0
0.992 2.5999999999999996 0.0
0.992 2.66 0.0
0.992 2.7199999999999998 0.0
0.992 2.7800000000000002 0.0
0.992 2.84 0.0
0.992 2.9000000000000004 0.0
0.992 2.9599999999999995 0.0
0.992 3.02 0.0
0.992 3.0799999999999996 0.0
0.992 3.14 0.0
0.992 3.1999999999999997 0.0
0.992 3.2600000000000002 0.0
0.992 3.3200000000000003 0.0
0.992 3.38 0.0
0.992 3.4399999999999995 0.0
0.992 3.5 0.0
0.994 0.5 0.0
0.994 0.56 0.0
0.994 0.62 0.0
0.994 0.6799999999999999 0.0
0.994 0.74 0.0
0.994 0.8 0.0
0.994 0.86 0.0
0.994 0.92 0.0
0.994 0.98 0.0
0.994 1.04 0.0
0.994 1.1 0.0
0.994 1.1600000000000001 0.0
0.994 1.22 0.0
0.994 1.28 0.0
0.994 1.34 0.0
0.994 1.4 0.0
0.994 1.46 0.04153449335620073
0.994 1.52 0.1531441302637325
0.994 1.58 0.4668958558578572
0.994 1.6400000000000001 2.0285337761981497
0.994 1.7000000000000002 4.776604607535223
0.994 1.76 10.88760743684557
0.994 1.82 23.385717718149134
0.994 1.8800000000000001 21.636242131469558
0.994 1.94 14.032028711823877
0.994 2.0 11.439445422997595
0.994 2.06 5.574948224770722
0.994 2.12 1.6875658122976924
0.994 2.18 0.3307142066408382
0.994 2.2399999999999998 -0.03066116317872467
0.994 2.3000000000000003 0.0
0.994 2.36 0.0
0.994 2.4200000000000004 0.0
0.994 2.48 0.0
0.994 2.5400000000000005 0.0
0.994 2.5999999999999996 0.0
0.994 2.66 0.0
0.994 2.7199999999999998 0.0
0.994 2.7800000000000002 0.0
0.994 2.84 0.0
0.994 2.9000000000000004 0.0
0.994 2.9599999999999995 0.0
0.994 3.02 0.0
0.994 3.0799999999999996 0.0
0.994 3.14 0.0
0.994 3.1999999999999997 0.0
0.994 3.2600000000000002 0.0
0.994 3.3200000000000003 0.0
0.994 3.38 0.0
0.994 3.4399999999999995 0.0
0.994 3.5 0.0
0.996 0.5 0.0
0.996 0.56 0.0
0.996 0.62 0.0
0.996 0.6799999999999999 0.0
0.996 0.74 0.0
0.996 0.8 0.0
0.996 0.86 0.0
0.996 0.92 0.0
0.996 0.98 0.0
0.996 1.04 0.0
0.996 1.1 0.0
0.996 1.1600000000000001 0.0
0.996 1.22 0.0
0.996 1.28 0.0
0.996 1.34 0.0
0.996 1.4 0.0
0.996 1.46 0.07337651828722273
0.996 1.52 0.9883209741410819
0.996 1.58 2.4747412383064167
0.996 1.6400000000000001 3.8920728790378325
0.996 1.7000000000000002 7.384230610656193
0.996 1.76 11.931875786430853
0.996 1.82 15.381579593948803
0.996 1.8800000000000001 22.65675816552271
0.996 1.94 32.17789690471197
0.996 2.0 20.540016015372526
0.996 2.06 8.102637527614927
0.996 2.12 6.318530439289444
0.996 2.18 -0.42693017777381365
0.996 2.2399999999999998 0.04076540512470368
0.996 2.3000000000000003 0.0
0.996 2.36 0.0
0.996 2.4200000000000004 0.0
0.996 2.48 0.0
0.996 2.5400000000000005 0.0
0.996 2.5999999999999996 0.0
0.996 2.66 0.0
0.996 2.7199999999999998 0.0
0.996 2.7800000000000002 0.0
0.996 2.84 0.0
0.996 2.9000000000000004 0.0
0.996 2.9599999999999995 0.0
0.996 3.02 0.0
0.996 3.0799999999999996 0.0
0.996 3.14 0.0
0.996 3.1999999999999997 0.0
0.996 3.2600000000000002 0.0
0.996 3.3200000000000003 0.0
0.996 3.38 0.0
0.996 3.4399999999999995 0.0
0.996 3.5 0.0
0.998 0.5 0.0
0.998 0.56 0.0
0.998 0.62 0.0
0.998 0.6799999999999999 0.0
0.998 0.74 0.0
0.998 0.8 0.0
0.998 0.86 0.0
0.998 0.92 0.0
0.998 0.98 0.0
0.998 1.04 0.0
0.998 1.1 0.0
0.998 1.1600000000000001 0.0
0.998 1.22 0.0
0.998 1.28 0.0
0.998 1.34 0.0
0.998 1.4 0.0
0.998 1.46 0.6140031379598414
0.998 1.52 2.1014291552909565
0.998 1.58 2.8792493334970457
0.998 1.6400000000000001 5.809689974425483
0.998 1.7000000000000002 10.86080885738077
0.998 1.76 19.429211801710707
0.998 1.82 40.15502555363325
0.998 1.8800000000000001 51.21167612612334
0.998 1.94 37.83870113090347
0.998 2.0 24.027690679615333
0.998 2.06 17.986265549628683
0.998 2.12 9.606429449839169
0.998 2.18 1.1376791010003524
0.998 2.2399999999999998 0.3899292233835034
0.998 2.3000000000000003 0.0
0.998 2.36 0.0
0.998 2.4200000000000004 0.0
0.998 2.48 0.0
0.998 2.5400000000000005 0.0
0.998 2.5999999999999996 0.0
0.998 2.66 0.0
0.998 2.7199999999999998 0.0
0.998 2.7800000000000002 0.0
0.998 2.84 0.0
0.998 2.9000000000000004 0.0
0.998 2.9599999999999995 0.0
0.998 3.02 0.0
0.998 3.0799999999999996 0.0
0.998 3.14 0.0
0.998 3.1999999999999997 0.0
0.998 3.2600000000000002 0.0
0.998 3.3200000000000003 0.0
0.998 3.38 0.0
0.998 3.4399999999999995 0.0
0.998 3.5 0.0
1.0 0.5 0.0
1.0 0.56 0.0
1.0 0.62 0.0
1.0 0.6799999999999999 0.0
1.0 0.74 0.0
1.0 0.8 0.0
1.0 0.86 0.0
1.0 0.92 0.0
1.0 0.98 0.0
1.0 1.04 0.0
1.0 1.1 0.0
1.0 1.1600000000000001 0.0
1.0 1.22 0.0
1.0 1.28 0.0
1.0 1.34 0.0
1.0 1.4 1.049943907475861
1.0 1.46 3.171596777055935
1.0 1.52 8.713919055612518
1.0 1.58 15.788367806556684
1.0 1.6400000000000001 18.863124605765098
1.0 1.7000000000000002 24.049354722908127
1.0 1.76 35.723419833948824
1.0 1.82 50.879683002698684
1.0 1.8800000000000001 65.3874370922955
1.0 1.94 99.36850541034477
1.0 2.0 74.68853962092629
1.0 2.06 26.358840325712045
1.0 2.12 10.266105916845179
1.0 2.18 0.5717382735927711
1.0 2.2399999999999998 0.5575479181550512
1.0 2.3000000000000003 0.0
1.0 2.36 0.0
1.0 2.4200000000000004 0.0
1.0 2.48 0.0
1.0 2.5400000000000005 0.0
1.0 2.5999999999999996 0.0
1.0 2.66 0.0
1.0 2.7199999999999998 0.0
1.0 2.7800000000000002 0.0
1.0 2.84 0.0
1.0 2.9000000000000004 0.0
1.0 2.9599999999999995 0.0
1.0 3.02 0.0
1.0 3.0799999999999996 0.0
1.0 3.14 0.0
1.0 3.1999999999999997 0.0
1.0 3.2600000000000002 0.0
1.0 3.3200000000000003 0.0
1.0 3.38 0.0
1.0 3.4399999999999995 0.0
1.0 3.5 0.0
1.002 0.5 0.0
1.002 0.56 0.0
1.002 0.62 0.0
1.002 0.6799999999999999 0.0
1.002 0.74 0.0
1.002 0.8 0.0
1.002 0.86 0.0
1.002 0.92 0.0
1.002 0.98 0.0
1.002 1.04 0.0
1.002 1.1 0.0
1.002 1.1600000000000001 0.0
1.002 1.22 0.0
1.002 1.28 0.0
1.002 1.34 0.0
1.002 1.4 2.880372577174964
1.002 1.46 4.264425073928792
1.002 1.52 9.349154267172445
1.002 1.58 14.432609898962001
1.002 1.6400000000000001 20.96436095336874
1.002 1.7000000000000002 32.493422664540354
1.002 1.76 49.459576191008516
1.002 1.82 73.19535122773766
1.002 1.8800000000000001 102.56132188070771
1.002 1.94 103.01646301109778
1.002 2.0 77.06240817556383
1.002 2.06 42.85088283573755
1.002 2.12 18.39593914295783
1.002 2.18 2.6223639196346586
1.002 2.2399999999999998 1.2027936563723824
1.002 2.3000000000000003 0.0
1.002 2.36 0.0
1.002 2.4200000000000004 0.0
1.002 2.48 0.0
1.002 2.5400000000000005 0.0
1.002 2.5999999999999996 0.0
1.002 2.66 0.0
1.002 2.7199999999999998 0.0
1.002 2.7800000000000002 0.0
1.002 2.84 0.0
1.002 2.9000000000000004 0.0
1.002 2.9599999999999995 0.0
1.002 3.02 0.0
1.002 3.0799999999999996 0.0
1.002 3.14 0.0
1.002 3.1999999999999997 0.0
1.002 3.2600000000000002 0.0
1.002 3.3200000000000003 0.0
1.002 3.38 0.0
1.002 3.4399999999999995 0.0
1.002 3.5 0.0
1.004 0.5 0.0
1.004 0.56 0.0
1.004 0.62 0.0
1.004 0.6799999999999999 0.0
1.004 0.74 0.0
1.004 0.8 0.0
1.004 0.86 0.0
1.004 0.92 0.0
1.004 0.98 0.0
1.004 1.04 0.0
1.004 1.1 0.0
1.004 1.1600000000000001 0.0
1.004 1.22 0.0
1.004 1.28 0.0
1.004 1.34 0.0
1.004 1.4 2.293641060420136
1.004 1.46 4.8872967952060025
1.004 1.52 15.673403977219015
1.004 1.58 25.386619409457044
1.004 1.6400000000000001 38.06126886415418
1.004 1.7000000000000002 50.50962098551465
1.004 1.76 65.9131797090867
1.004 1.82 83.35915431723629
1.004 1.8800000000000001 100.54096657691557
1.004 1.94 125.22145823611902
1.004 2.0 125.8882131445566
1.004 2.06 63.199563692900725
1.004 2.12 23.031339922114498
1.004 2.18 3.1323364560309193
1.004 2.2399999999999998 1.9202921814931535
1.004 2.3000000000000003 0.0
1.004 2.36 0.0
1.004 2.4200000000000004 0.0
1.004 2.48 0.0
1.004 2.5400000000000005 0.0
1.004 2.5999999999999996 0.0
1.004 2.66 0.0
1.004 2.7199999999999998 0.0
1.004 2.7800000000000002 0.0
1.004 2.84 0.0
1.004 2.9000000000000004 0.0
1.004 2.9599999999999995 0.0
1.004 3.02 0.0
1.004 3.0799999999999996 0.0
1.004 3.14 0.0
1.004 3.1999999999999997 0.0
1.004 3.2600000000000002 0.0
1.004 3.3200000000000003 0.0
1.004 3.38 0.0
1.004 3.4399999999999995 0.0
1.004 3.5 0.0
1.006 0.5 0.0
1.006 0.56 0.0
1.006 0.62 0.0
1.006 0.6799999999999999 0.0
1.006 0.74 0.0
1.006 0.8 0.0
1.006 0.86 0.0
1.006 0.92 0.0
1.006 0.98 0.0
1.006 1.04 0.0
1.006 1.1 0.0
1.006 1.1600000000000001 0.0
1.006 1.22 0.0
1.006 1.28 0.0
1.006 1.34 0.0
1.006 1.4 8.268670671667552
1.006 1.46 9.871239757107194
1.006 1.52 16.391985195603056
1.006 1.58 29.550156378426472
1.006 1.6400000000000001 40.41247424444483
1.006 1.7000000000000002 53.49476054509727
1.006 1.76 73.94029266610168
1.006 1.82 88.63496654384006
1.006 1.8800000000000001 111.28091129287195
1.006 1.94 132.51934064069192
1.006 2.0 114.5375688047688
1.006 2.06 70.01146821958672
1.006 2.12 28.8540556607293
1.006 2.18 7.504760850019226
1.006 2.2399999999999998 2.4760085153713165
1.006 2.3000000000000003 0.0
1.006 2.36 0.0
1.006 2.4200000000000004 0.0
1.006 2.48 0.0
1.006 2.5400000000000005 0.0
1.006 2.5999999999999996 0.0
1.006 2.66 0.0
1.006 2.7199999999999998 0.0
1.006 2.7800000000000002 0.0
1.006 2.84 0.0
1.006 2.9000000000000004 0.0
1.006 2.9599999999999995 0.0
1.006 3.02 0.0
1.006 3.0799999999999996 0.0
1.006 3.14 0.0
1.006 3.1999999999999997 0.0
1.006 3.2600000000000002 0.0
1.006 3.3200000000000003 0.0
1.006 3.38 0.0
1.006 3.4399999999999995 0.0
1.006 3.5 0.0
1.008 0.5 0.0
1.008 0.56 0.0
1.008 0.62 0.0
1.008 0.6799999999999999 0.0
1.008 0.74 0.0
1.008 0.8 0.0
1.008 0.86 0.0
1.008 0.92 0.0
1.008 0.98 0.0
1.008 1.04 0.0
1.008 1.1 0.0
1.008 1.1600000000000001 0.0
1.008 1.22 0.0
1.008 1.28 0.0
1.008 1.34 0.0
1.008 1.4 2.7784968084357953
1.008 1.46 6.231323868906145
1.008 1.52 21.291306174233387
1.008 1.58 38.69094080841482
1.008 1.6400000000000001 54.39717121312388
1.008 1.7000000000000002 73.48576669718042
1.008 1.76 96.07536431563027
1.008 1.82 112.9066333146086
1.008 1.8800000000000001 121.39225350861517
1.008 1.94 129.75417821645556
1.008 2.0 130.82191291210563
1.008 2.06 87.24010011961332
1.008 2.12 37.26019821597085
1.008 2.18 11.15643933563922
1.008 2.2399999999999998 4.451121380094509
1.008 2.3000000000000003 0.0
1.008 2.36 0.0
1.008 2.4200000000000004 0.0
1.008 2.48 0.0
1.008 2.5400000000000005 0.0
1.008 2.5999999999999996 0.0
1.008 2.66 0.0
1.008 2.7199999999999998 0.0
1.008 2.7800000000000002 0.0
1.008 2.84 0.0
1.008 2.9000000000000004 0.0
1.008 2.9599999999999995 0.0
1.008 3.02 0.0
1.008 3.0799999999999996 0.0
1.008 3.14 0.0
1.008 3.1999999999999997 0.0
1.008 3.2600000000000002 0.0
1.008 3.3200000000000003 0.0
1.008 3.38 0.0
1.008 3.4399999999999995 0.0
1.008 3.5 0.0
1.01 0.5 0.0
1.01 0.56 0.0
1.01 0.62 0.0
1.01 0.6799999999999999 0.0
1.01 0.74 0.0
1.01 0.8 0.0
1.01 0.86 0.0
1.01 0.92 0.0
1.01 0.98 0.0
1.01 1.04 0.0
1.01 1.1 0.0
1.01 1.1600000000000001 0.0
1.01 1.22 0.0
1.01 1.28 0.0
1.01 1.34 0.0
1.01 1.4 9.183152218855108
1.01 1.46 9.986736411614176
1.01 1.52 17.257644873730655
1.01 1.58 34.08039777687211
1.01 1.6400000000000001 60.8161207339145
1.01 1.7000000000000002 76.04301967987851
1.01 1.76 92.86949941995485
1.01 1.82 105.68494649058306
1.01 1.8800000000000001 131.09514774501895
1.01 1.94 147.39177508568605
1.01 2.0 132.4608586950814
1.01 2.06 83.51058410586661
1.01 2.12 42.599426366362344
1.01 2.18 14.7627324106729
1.01 2.2399999999999998 4.517114943753623
1.01 2.3000000000000003 0.0
1.01 2.36 0.0
1.01 2.4200000000000004 0.0
1.01 2.48 0.0
1.01 2.5400000000000005 0.0
1.01 2.5999999999999996 0.0
1.01 2.66 0.0
1.01 2.7199999999999998 0.0
1.01 2.7800000000000002 0.0
1.01 2.84 0.0
1.01 2.9000000000000004 0.0
1.01 2.9599999999999995 0.0
1.01 3.02 0.0
1.01 3.0799999999999996 0.0
1.01 3.14 0.0
1.01 3.1999999999999997 0.0
1.01 3.2600000000000002 0.0
1.01 3.3200000000000003 0.0
1.01 3.38 0.0
1.01 3.4399999999999995 0.0
1.01 3.5 0.0
1.012 0.5 0.0
1.012 0.56 0.0
1.012 0.62 0.0
1.012 0.6799999999999999 0.0
1.012 0.74 0.0
1.012 0.8 0.0
1.012 0.86 0.0
1.012 0.92 0.0
1.012 0.98 0.0
1.012 1.04 0.0
1.012 1.1 0.0
1.012 1.1600000000000001 0.0
1.012 1.22 0.0
1.012 1.28 0.0
1.012 1.34 0.0
1.012 1.4 1.4809672295435563
1.012 1.46 9.611138949140052
1.012 1.52 26.044775454067835
1.012 1.58 49.342825630846356
1.012 1.6400000000000001 51.87968293242986
1.012 1.7000000000000002 70.12742502075031
1.012 1.76 98.69276719379309
1.012 1.82 118.7962413219121
1.012 1.8800000000000001 112.47445412404164
1.012 1.94 112.11975479695545
1.012 2.0 103.67913715643165
1.012 2.06 77.51236171789381
1.012 2.12 38.98456063359856
1.012 2.18 16.909193875202206
1.012 2.2399999999999998 6.572704272761058
1.012 2.3000000000000003 0.0
1.012 2.36 0.0
1.012 2.4200000000000004 0.0
1.012 2.48 0.0
1.012 2.5400000000000005 0.0
1.012 2.5999999999999996 0.0
1.012 2.66 0.0
1.012 2.7199999999999998 0.0
1.012 2.7800000000000002 0.0
1.012 2.84 0.0
1.012 2.9000000000000004 0.0
1.012 2.9599999999999995 0.0
1.012 3.02 0.0
1.012 3.0799999999999996 0.0
1.012 3.14 0.0
1.012 3.1999999999999997 0.0
1.012 3.2600000000000002 0.0
1.012 3.3200000000000003 0.0
1.012 3.38 0.0
1.012 3.4399999999999995 0.0
1.012 3.5 0.0
1.014 0.5 0.0
1.014 0.56 0.0
1.014 0.62 0.0
1.014 0.6799999999999999 0.0
1.014 0.74 0.0
1.014 0.8 0.0
1.014 0.86 0.0
1.014 0.92 0.0
1.014 0.98 0.0
1.014 1.04 0.0
1.014 1.1 0.0
1.014 1.1600000000000001 0.0
1.014 1.22 0.0
1.014 1.28 0.0
1.014 1.34 0.0
1.014 1.4 7.819926434957172
1.014 1.46 6.182766945488964
1.014 1.52 16.15811643570183
1.014 1.58 33.37427818627172
1.014 1.6400000000000001 71.59179906953042
1.014 1.7000000000000002 82.65096792796174
1.014 1.76 93.10154697063084
1.014 1.82 88.04709924845143
1.014 1.8800000000000001 108.76433988650956
1.014 1.94 120.69501129477065
1.014 2.0 102.22336285412624
1.014 2.06 73.93696427281651
1.014 2.12 46.664182467753434
1.014 2.18 22.81764416083402
1.014 2.2399999999999998 6.746164370818154
1.014 2.3000000000000003 0.0
1.014 2.36 0.0
1.014 2.4200000000000004 0.0
1.014 2.48 0.0
1.014 2.5400000000000005 0.0
1.014 2.5999999999999996 0.0
1.014 2.66 0.0
1.014 2.7199999999999998 0.0
1.014 2.7800000000000002 0.0
1.014 2.84 0.0
1.014 2.9000000000000004 0.0
1.014 2.9599999999999995 0.0
1.014 3.02 0.0
1.014 3.0799999999999996 0.0
1.014 3.14 0.0
1.014 3.1999999999999997 0.0
1.014 3.2600000000000002 0.0
1.014 3.3200000000000003 0.0
1.014 3.38 0.0
1.014 3.4399999999999995 0.0
1.014 3.5 0.0
1.016 0.5 0.0
1.016 0.56 0.0
1.016 0.62 0.0
1.016 0.6799999999999999 0.0
1.016 0.74 0.0
1.016 0.8 0.0
1.016 0.86 0.0
1.016 0.92 0.0
1.016 0.98 0.0
1.016 1.04 0.0
1.016 1.1 0.0
1.016 1.1600000000000001 0.0
1.016 1.22 0.0
1.016 1.28 0.0
1.016 1.34 0.0
1.016 1.4 0.6593481262499129
1.016 1.46 9.424198526262437
1.016 1.52 17.00449278282088
1.016 1.58 38.02046380948469
1.016 1.6400000000000001 34.10583887591025
1.016 1.7000000000000002 57.85221800643904
1.016 1.76 78.4173622834096
1.016 1.82 90.1069830476836
1.016 1.8800000000000001 80.89165844119661
1.016 1.94 79.87340769281728
1.016 2.0 61.34289527927072
1.016 2.06 41.658281961151026
1.016 2.12 23.991949421748878
1.016 2.18 13.877858141125213
1.016 2.2399999999999998 5.855265247798212
1.016 2.3000000000000003 0.0
1.016 2.36 0.0
1.016 2.4200000000000004 0.0
1.016 2.48 0.0
1.016 2.5400000000000005 0.0
1.016 2.5999999999999996 0.0
1.016 2.66 0.0
1.016 2.7199999999999998 0.0
1.016 2.7800000000000002 0.0
1.016 2.84 0.0
1.016 2.9000000000000004 0.0
1.016 2.9599999999999995 0.0
1.016 3.02 0.0
1.016 3.0799999999999996 0.0
1.016 3.14 0.0
1.016 3.1999999999999997 0.0
1.016 3.2600000000000002 0.0
1.016 3.3200000000000003 0.0
1.016 3.38 0.0
1.016 3.4399999999999995 0.0
1.016 3.5 0.0
1.018 0.5 0.0
1.018 0.56 0.0
1.018 0.62 0.0
1.018 0.6799999999999999 0.0
1.018 0.74 0.0
1.018 0.8 0.0
1.018 0.86 0.0
1.018 0.92 0.0
1.018 0.98 0.0
1.018 1.04 0.0
1.018 1.1 0.0
1.018 1.1600000000000001 0.0
1.018 1.22 0.0
1.018 1.28 0.0
1.018 1.34 0.0
1.018 1.4 3.596038926212024
1.018 1.46 4.404468696622163
1.018 1.52 15.705088510875271
1.018 1.58 23.382445587924376
1.018 1.6400000000000001 56.99183244605487
1.018 1.7000000000000002 51.60467981020899
1.018 1.76 62.800036339322354
1.018 1.82 60.85615612047739
1.018 1.8800000000000001 64.25151387136688
1.018 1.94 67.31613530855947
1.018 2.0 55.027018270884916
1.018 2.06 40.73902032347901
1.018 2.12 23.84377862192966
1.018 2.18 12.56003565917644
1.018 2.2399999999999998 3.9398483933139765
1.018 2.3000000000000003 0.0
1.018 2.36 0.0
1.018 2.4200000000000004 0.0
1.018 2.48 0.0
1.018 2.5400000000000005 0.0
1.018 2.5999999999999996 0.0
1.018 2.66 0.0
1.018 2.7199999999999998 0.0
1.018 2.7800000000000002 0.0
1.018 2.84 0.0
1.018 2.9000000000000004 0.0
1.018 2.9599999999999995 0.0
1.018 3.02 0.0
1.018 3.0799999999999996 0.0
1.018 3.14 0.0
1.018 3.1999999999999997 0.0
1.018 3.2600000000000002 0.0
1.018 3.3200000000000003 0.0
1.018 3.38 0.0
1.018 3.4399999999999995 0.0
1.018 3.5 0.0
1.02 0.5 0.0
1.02 0.56 0.0
1.02 0.62 0.0
1.02 0.6799999999999999 0.0
1.02 0.74 0.0
1.02 0.8 0.0
1.02 0.86 0.0
1.02 0.92 0.0
1.02 0.98 0.0
1.02 1.04 0.0
1.02 1.1 0.0
1.02 1.1600000000000001 0.0
1.02 1.22 0.0
1.02 1.28 0.0
1.02 1.34 0.0
1.02 1.4 0.21884765807846046
1.02 1.46 5.68349159629893
1.02 1.52 7.49795937362565
1.02 1.58 20.99617729444601
1.02 1.6400000000000001 16.207068243557327
1.02 1.7000000000000002 40.79929616796489
1.02 1.76 45.57318082225303
1.02 1.82 46.81266505495457
1.02 1.8800000000000001 42.83580572258785
1.02 1.94 43.51116427275897
1.02 2.0 28.63493573064636
1.02 2.06 17.803382908895284
1.02 2.12 11.726018627947152
1.02 2.18 10.086911540853915
1.02 2.2399999999999998 4.4441329032391526
1.02 2.3000000000000003 0.0
1.02 2.36 0.0
1.02 2.4200000000000004 0.0
1.02 2.48 0.0
1.02 2.5400000000000005 0.0
1.02 2.5999999999999996 0.0
1.02 2.66 0.0
1.02 2.7199999999999998 0.0
1.02 2.7800000000000002 0.0
1.02 2.84 0.0
1.02 2.9000000000000004 0.0
1.02 2.9599999999999995 0.0
1.02 3.02 0.0
1.02 3.0799999999999996 0.0
1.02 3.14 0.0
1.02 3.1999999999999997 0.0
1.02 3.2600000000000002 0.0
1.02 3.3200000000000003 0.0
1.02 3.38 0.0
1.02 3.4399999999999995 0.0
1.02 3.5 0.0
1.022 0.5 0.0
1.022 0.56 0.0
1.022 0.62 0.0
1.022 0.6799999999999999 0.0
1.022 0.74 0.0
1.022 0.8 0.0
1.022 0.86 0.0
1.022 0.92 0.0
1.022 0.98 0.0
1.022 1.04 0.0
1.022 1.1 0.0
1.022 1.1600000000000001 0.0
1.022 1.22 0.0
1.022 1.28 0.0
1.022 1.34 0.0
1.022 1.4 0.683598636541019
1.022 1.46 2.6734655662102553
1.022 1.52 7.25375224775539
1.022 1.58 8.632774101141914
1.022 1.6400000000000001 27.727720726505105
1.022 1.7000000000000002 21.069733042139262
1.022 1.76 33.41064190167426
1.022 1.82 33.506357309955646
1.022 1.8800000000000001 29.613205987348636
1.022 1.94 30.5769141016032
1.022 2.0 21.279989800876578
1.022 2.06 13.343703652432698
1.022 2.12 7.895141447390443
1.022 2.18 5.029735017616299
1.022 2.2399999999999998 1.7870306188503566
1.022 2.3000000000000003 0.0
1.022 2.36 0.0
1.022 2.4200000000000004 0.0
1.022 2.48 0.0
1.022 2.5400000000000005 0.0
1.022 2.5999999999999996 0.0
1.022 2.66 0.0
1.022 2.7199999999999998 0.0
1.022 2.7800000000000002 0.0
1.022 2.84 0.0
1.022 2.9000000000000004 0.0
1.022 2.9599999999999995 0.0
1.022 3.02 0.0
1.022 3.0799999999999996 0.0
1.022 3.14 0.0
1.022 3.1999999999999997 0.0
1.022 3.2600000000000002 0.0
1.022 3.3200000000000003 0.0
1.022 3.38 0.0
1.022 3.4399999999999995 0.0
1.022 3.5 0.0
1.024 0.5 0.0
1.024 0.56 0.0
1.024 0.62 0.0
1.024 0.6799999999999999 0.0
1.024 0.74 0.0
1.024 0.8 0.0
1.024 0.86 0.0
1.024 0.92 0.0
1.024 0.98 0.0
1.024 1.04 0.0
1.024 1.1 0.0
1.024 1.1600000000000001 0.0
1.024 1.22 0.0
1.024 1.28 0.0
1.024 1.34 0.0
1.024 1.4 0.08792153941774594
1.024 1.46 0.9341316799726791
1.024 1.52 2.434393301360266
1.024 1.58 9.60883637345472
1.024 1.6400000000000001 7.762618398512596
1.024 1.7000000000000002 20.622088613886604
1.024 1.76 16.260370330347932
1.024 1.82 13.221580410737038
1.024 1.8800000000000001 17.331146169134826
1.024 1.94 17.344409302266985
1.024 2.0 11.038379181753584
1.024 2.06 4.8578959534378345
1.024 2.12 3.421875321985135
1.024 2.18 3.6431452765624495
1.024 2.2399999999999998 1.4911789461362124
1.024 2.3000000000000003 0.0
1.024 2.36 0.0
1.024 2.4200000000000004 0.0
1.024 2.48 0.0
1.024 2.5400000000000005 0.0
1.024 2.5999999999999996 0.0
1.024 2.66 0.0
1.024 2.7199999999999998 0.0
1.024 2.7800000000000002 0.0
1.024 2.84 0.0
1.024 2.9000000000000004 0.0
1.024 2.9599999999999995 0.0
1.024 3.02 0.0
1.024 3.0799999999999996 0.0
1.024 3.14 0.0
1.024 3.1999999999999997 0.0
1.024 3.2600000000000002 0.0
1.024 3.3200000000000003 0.0
1.024 3.38 0.0
1.024 3.4399999999999995 0.0
1.024 3.5 0.0
1.026 0.5 0.0
1.026 0.56 0.0
1.026 0.62 0.0
1.026 0.6799999999999999 0.0
1.026 0.74 0.0
1.026 0.8 0.0
1.026 0.86 0.0
1.026 0.92 0.0
1.026 0.98 0.0
1.026 1.04 0.0
1.026 1.1 0.0
1.026 1.1600000000000001 0.0
1.026 1.22 0.0
1.026 1.28 0.0
1.026 1.34 0.0
1.026 1.4 0.0
1.026 1.46 -0.013676093637661955
1.026 1.52 0.016974125080627747
1.026 1.58 0.2975543705292191
1.026 1.6400000000000001 2.2366233924716115
1.026 1.7000000000000002 2.6185272679442346
1.026 1.76 2.166458148776724
1.026 1.82 6.083346391467291
1.026 1.8800000000000001 5.216794790065003
1.026 1.94 4.003816121763373
1.026 2.0 2.310275434193282
1.026 2.06 1.5538509638629243
1.026 2.12 1.090305287526752
1.026 2.18 0.9708771747242069
1.026 2.2399999999999998 0.3514163192898444
1.026 2.3000000000000003 0.0
1.026 2.36 0.0
1.026 2.4200000000000004 0.0
1.026 2.48 0.0
1.026 2.5400000000000005 0.0
1.026 2.5999999999999996 0.0
1.026 2.66 0.0
1.026 2.7199999999999998 0.0
1.026 2.7800000000000002 0.0
1.026 2.84 0.0
1.026 2.9000000000000004 0.0
1.026 2.9599999999999995 0.0
1.026 3.02 0.0
1.026 3.0799999999999996 0.0
1.026 3.14 0.0
1.026 3.1999999999999997 0.0
1.026 3.2600000000000002 0.0
1.026 3.3200000000000003 0.0
1.026 3.38 0.0
1.026 3.4399999999999995 0.0
1.026 3.5 0.0
1.028 0.5 0.0
1.028 0.56 0.0
1.028 0.62 0.0
1.028 0.6799999999999999 0.0
1.028 0.74 0.0
1.028 0.8 0.0
1.028 0.86 0.0
1.028 0.92 0.0
1.028 0.98 0.0
1.028 1.04 0.0
1.028 1.1 0.0
1.028 1.1600000000000001 0.0
1.028 1.22 0.0
1.028 1.28 0.0
1.028 1.34 0.0
1.028 1.4 0.0
1.028 1.46 0.018558686291307122
1.028 1.52 0.003180013089791632
1.028 1.58 0.04110027131167369
1.028 1.6400000000000001 0.5358534156104997
1.028 1.7000000000000002 0.5786722184686927
1.028 1.76 1.0590690865002417
1.028 1.82 0.2436615747230792
1.028 1.8800000000000001 0.030862427147718308
1.028 1.94 0.02962585575458778
1.028 2.0 0.03765442298922614
1.028 2.06 0.29639272661119653
1.028 2.12 0.03232685264350986
1.028 2.18 0.0
1.028 2.2399999999999998 0.0
1.028 2.3000000000000003 0.0
1.028 2.36 0.0
1.028 2.4200000000000004 0.0
1.028 2.48 0.0
1.028 2.5400000000000005 0.0
1.028 2.5999999999999996 0.0
1.028 2.66 0.0
1.028 2.7199999999999998 0.0
1.028 2.7800000000000002 0.0
1.028 2.84 0.0
1.028 2.9000000000000004 0.0
1.028 2.9599999999999995 0.0
1.028 3.02 0.0
1.028 3.0799999999999996 0.0
1.028 3.14 0.0
1.028 3.1999999999999997 0.0
1.028 3.2600000000000002 0.0
1.028 3.3200000000000003 0.0
1.028 3.38 0.0
1.028 3.4399999999999995 0.0
1.028 3.5 0.0
1.03 0.5 0.0
1.03 0.56 0.0
1.03 0.62 0.0
1.03 0.6799999999999999 0.0
1.03 0.74 0.0
1.03 0.8 0.0
1.03 0.86 0.0
1.03 0.92 0.0
1.03 0.98 0.0
1.03 1.04 0.0
1.03 1.1 0.0
1.03 1.1600000000000001 0.0
1.03 1.22 0.0
1.03 1.28 0.0
1.03 1.34 0.0
1.03 1.4 0.0
1.03 1.46 0.0
1.03 1.52 0.0
1.03 1.58 0.0
1.03 1.6400000000000001 0.0
1.03 1.7000000000000002 0.0
1.03 1.76 0.0
1.03 1.82 0.0
1.03 1.8800000000000001 0.0
1.03 1.94 0.0
1.03 2.0 0.0
1.03 2.06 0.0
1.03 2.12 0.0
1.03 2.18 0.0
1.03 2.2399999999999998 0.0
1.03 2.3000000000000003 0.0
1.03 2.36 0.0
1.03 2.4200000000000004 0.0
1.03 2.48 0.0
1.03 2.5400000000000005 0.0
1.03 2.5999999999999996 0.0
1.03 2.66 0.0
1.03 2.7199999999999998 0.0
1.03 2.7800000000000002 0.0
1.03 2.84 0.0
1.03 2.9000000000000004 0.0
1.03 2.9599999999999995 0.0
1.03 3.02 0.0
1.03 3.0799999999999996 0.0
1.03 3.14 0.0
1.03 3.1999999999999997 0.0
1.03 3.2600000000000002 0.0
1.03 3.3200000000000003 0.0
1.03 3.38 0.0
1.03 3.4399999999999995 0.0
1.03 3.5 0.0
1.032 0.5 0.0
1.032 0.56 0.0
1.032 0.62 0.0
1.032 0.6799999999999999 0.0
1.032 0.74 0.0
1.032 0.8 0.0
1.032 0.86 0.0
1.032 0.92 0.0
1.032 0.98 0.0
1.032 1.04 0.0
1.032 1.1 0.0
1.032 1.1600000000000001 0.0
1.032 1.22 0.0
1.032 1.28 0.0
1.032 1.34 0.0
1.032 1.4 0.0
1.032 1.46 0.0
1.032 1.52 0.0
1.032 1.58 0.0
1.032 1.6400000000000001 0.0
1.032 1.7000000000000002 0.0
1.032 1.76 0.0
1.032 1.82 0.0
1.032 1.8800000000000001 0.0
1.032 1.94 0.0
1.032 2.0 0.0
1.032 2.06 0.0
1.032 2.12 0.0
1.032 2.18 0.0
1.032 2.2399999999999998 0.0
1.032 2.3000000000000003 0.0
1.032 2.36 0.0
1.032 2.4200000000000004 0.0
1.032 2.48 0.0
1.032 2.5400000000000005 0.0
1.032 2.5999999999999996 0.0
1.032 2.66 0.0
1.032 2.7199999999999998 0.0
1.032 2.7800000000000002 0.0
1.032 2.84 0.0
1.032 2.9000000000000004 0.0
1.032 2.9599999999999995 0.0
1.032 3.02 0.0
1.032 3.0799999999999996 0.0
1.032 3.14 0.0
1.032 3.1999999999999997 0.0
1.032 3.2600000000000002 0.0
1.032 3.3200000000000003 0.0
1.032 3.38 0.0
1.032 3.4399999999999995 0.0
1.032 3.5 0.0
1.034 0.5 0.0
1.034 0.56 0.0
1.034 0.62 0.0
1.034 0.6799999999999999 0.0
1.034 0.74 0.0
1.034 0.8 0.0
1.034 0.86 0.0
1.034 0.92 0.0
1.034 0.98 0.0
1.034 1.04 0.0
1.034 1.1 0.0
1.034 1.1600000000000001 0.0
1.034 1.22 0.0
1.034 1.28 0.0
1.034 1.34 0.0
1.034 1.4 0.0
1.034 1.46 0.0
1.034 1.52 0.0
1.034 1.58 0.0
1.034 1.6400000000000001 0.0
1.034 1.7000000000000002 0.0
1.034 1.76 0.0
1.034 1.82 0.0
1.034 1.8800000000000001 0.0
1.034 1.94 0.0
1.034 2.0 0.0
1.034 2.06 0.0
1.034 2.12 0.0
1.034 2.18 0.0
1.034 2.2399999999999998 0.0
1.034 2.3000000000000003 0.0
1.034 2.36 0.0
1.034 2.4200000000000004 0.0
1.034 2.48 0.0
1.034 2.5400000000000005 0.0
1.034 2.5999999999999996 0.0
1.034 2.66 0.0
1.034 2.7199999999999998 0.0
1.034 2.7800000000000002 0.0
1.034 2.84 0.0
1.034 2.9000000000000004 0.0
1.034 2.9599999999999995 0.0
1.034 3.02 0.0
1.034 3.0799999999999996 0.0
1.034 3.14 0.0
1.034 3.1999999999999997 0.0
1.034 3.2600000000000002 0.0
1.034 3.3200000000000003 0.0
1.034 3.38 0.0
1.034 3.4399999999999995 0.0
1.034 3.5 0.0
1.036 0.5 0.0
1.036 0.56 0.0
1.036 0.62 0.0
1.036 0.6799999999999999 0.0
1.036 0.74 0.0
1.036 0.8 0.0
1.036 0.86 0.0
1.036 0.92 0.0
1.036 0.98 0.0
1.036 1.04 0.0
1.036 1.1 0.0
1.036 1.1600000000000001 0.0
1.036 1.22 0.0
1.036 1.28 0.0
1.036 1.34 0.0
1.036 1.4 0.0
1.036 1.46 0.0
1.036 1.52 0.0
1.036 1.58 0.0
1.036 1.6400000000000001 0.0
1.036 1.7000000000000002 0.0
1.036 1.76 0.0
1.036 1.82 0.0
1.036 1.8800000000000001 0.0
1.036 1.94 0.0
1.036 2.0 0.0
1.036 2.06 0.0
1.036 2.12 0.0
1.036 2.18 0.0
1.036 2.2399999999999998 0.0
1.036 2.3000000000000003 0.0
1.036 2.36 0.0
1.036 2.4200000000000004 0.0
1.036 2.48 0.0
1.036 2.5400000000000005 0.0
1.036 2.5999999999999996 0.0
1.036 2.66 0.0
1.036 2.7199999999999998 0.0
1.036 2.7800000000000002 0.0
1.036 2.84 0.0
1.036 2.9000000000000004 0.0
1.036 2.9599999999999995 0.0
1.036 3.02 0.0
1.036 3.0799999999999996 0.0
1.036 3.14 0.0
1.036 3.1999999999999997 0.0
1.036 3.2600000000000002 0.0
1.036 3.3200000000000003 0.0
1.036 3.38 0.0
1.036 3.4399999999999995 0.0
1.036 3.5 0.0
1.038 0.5 0.0
1.038 0.56 0.0
1.038 0.62 0.0
1.038 0.6799999999999999 0.0
1.038 0.74 0.0
1.038 0.8 0.0
1.038 0.86 0.0
1.038 0.92 0.0
1.038 0.98 0.0
1.038 1.04 0.0
1.038 1.1 0.0
1.038 1.1600000000000001 0.0
1.038 1.22 0.0
1.038 1.28 0.0
1.038 1.34 0.0
1.038 1.4 0.0
1.038 1.46 0.0
1.038 1.52 0.0
1.038 1.58 0.0
1.038 1.6400000000000001 0.0
1.038 1.7000000000000002 0.0
1.038 1.76 0.0
1.038 1.82 0.0
1.038 1.8800000000000001 0.0
1.038 1.94 0.0
1.038 2.0 0.0
1.038 2.06 0.0
1.038 2.12 0.0
1.038 2.18 0.0
1.038 2.2399999999999998 0.0
1.038 2.3000000000000003 0.0
1.038 2.36 0.0
1.038 2.4200000000000004 0.0
1.038 2.48 0.0
1.038 2.5400000000000005 0.0
1.038 2.5999999999999996 0.0
1.038 2.66 0.0
1.038 2.7199999999999998 0.0
1.038 2.7800000000000002 0.0
1.038 2.84 0.0
1.038 2.9000000000000004 0.0
1.038 2.9599999999999995 0.0
1.038 3.02 0.0
1.038 3.0799999999999996 0.0
1.038 3.14 0.0
1.038 3.1999999999999997 0.0
1.038 3.2600000000000002 0.0
1.038 3.3200000000000003 0.0
1.038 3.38 0.0
1.038 3.4399999999999995 0.0
1.038 3.5 0.0
1.04 0.5 0.0
1.04 0.56 0.0
1.04 0.62 0.0
1.04 0.6799999999999999 0.0
1.04 0.74 0.0
1.04 0.8 0.0
1.04 0.86 0.0
1.04 0.92 0.0
1.04 0.98 0.0
1.04 1.04 0.0
1.04 1.1 0.0
1.04 1.1600000000000001 0.0
1.04 1.22 0.0
1.04 1.28 0.0
1.04 1.34 0.0
1.04 1.4 0.0
1.04 1.46 0.0
1.04 1.52 0.0
1.04 1.58 0.0
1.04 1.6400000000000001 0.0
1.04 1.7000000000000002 0.0
1.04 1.76 0.0
1.04 1.82 0.0
1.04 1.8800000000000001 0.0
1.04 1.94 0.0
1.04 2.0 0.0
1.04 2.06 0.0
1.04 2.12 0.0
1.04 2.18 0.0
1.04 2.2399999999999998 0.0
1.04 2.3000000000000003 0.0
1.04 2.36 0.0
1.04 2.4200000000000004 0.0
1.04 2.48 0.0
1.04 2.5400000000000005 0.0
1.04 2.5999999999999996 0.0
1.04 2.66 0.0
1.04 2.7199999999999998 0.0
1.04 2.7800000000000002 0.0
1.04 2.84 0.0
1.04 2.9000000000000004 0.0
1.04 2.9599999999999995 0.0
1.04 3.02 0.0
1.04 3.0799999999999996 0.0
1.04 3.14 0.0
1.04 3.1999999999999997 0.0
1.04 3.2600000000000002 0.0
1.04 3.3200000000000003 0.0
1.04 3.38 0.0
1.04 3.4399999999999995 0.0
1.04 3.5 0.0
1.042 0.5 0.0
1.042 0.56 0.0
1.042 0.62 0.0
1.042 0.6799999999999999 0.0
1.042 0.74 0.0
1.042 0.8 0.0
1.042 0.86 0.0
1.042 0.92 0.0
1.042 0.98 0.0
1.042 1.04 0.0
1.042 1.1 0.0
1.042 1.1600000000000001 0.0
1.042 1.22 0.0
1.042 1.28 0.0
1.042 1.34 0.0
1.042 1.4 0.0
1.042 1.46 0.0
1.042 1.52 0.0
1.042 1.58 0.0
1.042 1.6400000000000001 0.0
1.042 1.7000000000000002 0.0
1.042 1.76 0.0
1.042 1.82 0.0
1.042 1.8800000000000001 0.0
1.042 1.94 0.0
1.042 2.0 0.0
1.042 2.06 0.0
1.042 2.12 0.0
1.042 2.18 0.0
1.042 2.2399999999999998 0.0
1.042 2.3000000000000003 0.0
1.042 2.36 0.0
1.042 2.4200000000000004 0.0
1.042 2.48 0.0
1.042 2.5400000000000005 0.0
1.042 2.5999999999999996 0.0
1.042 2.66 0.0
1.042 2.7199999999999998 0.0
1.042 2.7800000000000002 0.0
1.042 2.84 0.0
1.042 2.9000000000000004 0.0
1.042 2.9599999999999995 0.0
1.042 3.02 0.0
1.042 3.0799999999999996 0.0
1.042 3.14 0.0
1.042 3.1999999999999997 0.0
1.042 3.2600000000000002 0.0
1.042 3.3200000000000003 0.0
1.042 3.38 0.0
1.042 3.4399999999999995 0.0
1.042 3.5 0.0
1.044 0.5 0.0
1.044 0.56 0.0
1.044 0.62 0.0
1.044 0.6799999999999999 0.0
1.044 0.74 0.0
1.044 0.8 0.0
1.044 0.86 0.0
1.044 0.92 0.0
1.044 0.98 0.0
1.044 1.04 0.0
1.044 1.1 0.0
1.044 1.1600000000000001 0.0
1.044 1.22 0.0
1.044 1.28 0.0
1.044 1.34 0.0
1.044 1.4 0.0
1.044 1.46 0.0
1.044 1.52 0.0
1.044 1.58 0.0
1.044 1.6400000000000001 0.0
1.044 1.7000000000000002 0.0
1.044 1.76 0.0
1.044 1.82 0.0
1.044 1.8800000000000001 0.0
1.044 1.94 0.0
1.044 2.0 0.0
1.044 2.06 0.0
1.044 2.12 0.0
1.044 2.18 0.0
1.044 2.2399999999999998 0.0
1.044 2.3000000000000003 0.0
1.044 2.36 0.0
1.044 2.4200000000000004 0.0
1.044 2.48 0.0
1.044 2.5400000000000005 0.0
1.044 2.5999999999999996 0.0
1.044 2.66 0.0
1.044 2.7199999999999998 0.0
1.044 2.7800000000000002 0.0
1.044 2.84 0.0
1.044 2.9000000000000004 0.0
1.044 2.9599999999999995 0.0
1.044 3.02 0.0
1.044 3.0799999999999996 0.0
1.044 3.14 0.0
1.044 3.1999999999999997 0.0
1.044 3.2600000000000002 0.0
1.044 3.3200000000000003 0.0
1.044 3.38 0.0
1.044 3.4399999999999995 0.0
1.044 3.5 0.0
1.046 0.5 0.0
1.046 0.56 0.0
1.046 0.62 0.0
1.046 0.6799999999999999 0.0
1.046 0.74 0.0
1.046 0.8 0.0
1.046 0.86 0.0
1.046 0.92 0.0
1.046 0.98 0.0
1.046 1.04 0.0
1.046 1.1 0.0
1.046 1.1600000000000001 0.0
1.046 1.22 0.0
1.046 1.28 0.0
1.046 1.34 0.0
1.046 1.4 0.0
1.046 1.46 0.0
1.046 1.52 0.0
1.046 1.58 0.0
1.046 1.6400000000000001 0.0
1.046 1.7000000000000002 0.0
1.046 1.76 0.0
1.046 1.82 0.0
1.046 1.8800000000000001 0.0
1.046 1.94 0.0
1.046 2.0 0.0
1.046 2.06 0.0
1.046 2.12 0.0
1.046 2.18 0.0
1.046 2.2399999999999998 0.0
1.046 2.3000000000000003 0.0
1.046 2.36 0.0
1.046 2.4200000000000004 0.0
1.046 2.48 0.0
1.046 2.5400000000000005 0.0
1.046 2.5999999999999996 0.0
1.046 2.66 0.0
1.046 2.7199999999999998 0.0
1.046 2.7800000000000002 0.0
1.046 2.84 0.0
1.046 2.9000000000000004 0.0
1.046 2.9599999999999995 0.0
1.046 3.02 0.0
1.046 3.0799999999999996 0.0
1.046 3.14 0.0
1.046 3.1999999999999997 0.0
1.046 3.2600000000000002 0.0
1.046 3.3200000000000003 0.0
1.046 3.38 0.0
1.046 3.4399999999999995 0.0
1.046 3.5 0.0
1.048 0.5 0.0
1.048 0.56 0.0
1.048 0.62 0.0
1.048 0.6799999999999999 0.0
1.048 0.74 0.0
1.048 0.8 0.0
1.048 0.86 0.0
1.048 0.92 0.0
1.048 0.98 0.0
1.048 1.04 0.0
1.048 1.1 0.0
1.048 1.1600000000000001 0.0
1.048 1.22 0.0
1.048 1.28 0.0
1.048 1.34 0.0
1.048 1.4 0.0
1.048 1.46 0.0
1.048 1.52 0.0
1.048 1.58 0.0
1.048 1.6400000000000001 0.0
1.048 1.7000000000000002 0.0
1.048 1.76 0.0
1.048 1.82 0.0
1.048 1.8800000000000001 0.0
1.048 1.94 0.0
1.048 2.0 0.0
1.048 2.06 0.0
1.048 2.12 0.0
1.048 2.18 0.0
1.048 2.2399999999999998 0.0
1.048 2.3000000000000003 0.0
1.048 2.36 0.0
1.048 2.4200000000000004 0.0
1.048 2.48 0.0
1.048 2.5400000000000005 0.0
1.048 2.5999999999999996 0.0
1.048 2.66 0.0
1.048 2.7199999999999998 0.0
1.048 2.7800000000000002 0.0
1.048 2.84 0.0
1.048 2.9000000000000004 0.0
1.048 2.9599999999999995 0.0
1.048 3.02 0.0
1.048 3.0799999999999996 0.0
1.048 3.14 0.0
1.048 3.1999999999999997 0.0
1.048 3.2600000000000002 0.0
1.048 3.3200000000000003 0.0
1.048 3.38 0.0
1.048 3.4399999999999995 0.0
1.048 3.5 0.0
1.05 0.5 0.0
1.05 0.56 0.0
1.05 0.62 0.0
1.05 0.6799999999999999 0.0
1.05 0.74 0.0
1.05 0.8 0.0
1.05 0.86 0.0
1.05 0.92 0.0
1.05 0.98 0.0
1.05 1.04 0.0
1.05 1.1 0.0
1.05 1.1600000000000001 0.0
1.05 1.22 0.0
1.05 1.28 0.0
1.05 1.34 0.0
1.05 1.4 0.0
1.05 1.46 0.0
1.05 1.52 0.0
1.05 1.58 0.0
1.05 1.6400000000000001 0.0
1.05 1.7000000000000002 0.0
1.05 1.76 0.0
1.05 1.82 0.0
1.05 1.8800000000000001 0.0
1.05 1.94 0.0
1.05 2.0 0.0
1.05 2.06 0.0
1.05 2.12 0.0
1.05 2.18 0.0
1.05 2.2399999999999998 0.0
1.05 2.3000000000000003 0.0
1.05 2.36 0.0
1.05 2.4200000000000004 0.0
1.05 2.48 0.0
1.05 2.5400000000000005 0.0
1.05 2.5999999999999996 0.0
1.05 2.66 0.0
1.05 2.7199999999999998 0.0
1.05 2.7800000000000002 0.0
1.05 2.84 0.0
1.05 2.9000000000000004 0.0
1.05 2.9599999999999995 0.0
1.05 3.02 0.0
1.05 3.0799999999999996 0.0
1.05 3.14 0.0
1.05 3.1999999999999997 0.0
1.05 3.2600000000000002 0.0
1.05 3.3200000000000003 0.0
1.05 3.38 0.0
1.05 3.4399999999999995 0.0
1.05 3.5 0.0
