8.34 3.36 -2.161904072957077e-31
8.34 3.4000000000000004 -6.938824711078765e-30
8.34 3.44 -2.284572080409017e-29
8.34 3.4800000000000004 2.236232029315672e-27
8.34 3.5199999999999996 7.667441830146967e-25
8.34 3.5600000000000005 -1.2985425012812844e-21
8.34 3.5999999999999996 2.2529356478961724e-19
8.34 3.64 8.182366519607986e-19
8.34 3.6799999999999997 2.2231844354158264e-17
8.34 3.7199999999999998 1.1950896880578813e-16
8.34 3.76 4.615135183338651e-16
8.34 3.8 2.469616520942066e-15
8.34 3.8400000000000003 -1.589963361112828e-14
8.34 3.8800000000000003 -2.9235678012014546e-14
8.34 3.9200000000000004 -4.0662147918266436e-14
8.34 3.96 -1.0552438523580475e-13
8.34 4.0 2.4823550621568563e-13
8.34 4.04 4.793752283916475e-15
8.34 4.08 -1.5923927087300574e-13
8.34 4.12 6.706728050235292e-13
8.34 4.16 1.782316338414771e-12
8.34 4.2 2.0478666519841586e-12
8.34 4.24 9.053221092434172e-13
8.34 4.28 5.986592694789423e-13
8.34 4.32 2.2706548495060606e-13
8.34 4.36 -6.028791664120077e-15
8.34 4.4 -1.3005635504309741e-14
8.34 4.4399999999999995 1.2468758742490513e-14
8.34 4.48 -2.230191904955862e-13
8.34 4.52 -1.9450324775110893e-16
8.34 4.5600000000000005 -6.719468474161265e-14
8.34 4.6 1.941708503520457e-15
8.34 4.64 -3.082504782115726e-16
8.34 4.680000000000001 -1.0721785499673929e-15
8.34 4.72 -6.413494442580988e-17
8.83 3.36 -1.324638715508941e-23
8.83 3.4000000000000004 4.328063731551991e-23
8.83 3.44 3.367494691609429e-24
8.83 3.4800000000000004 3.220784404921048e-20
8.83 3.5199999999999996 5.290299670880815e-19
8.83 3.5600000000000005 2.5284293503852207e-14
8.83 3.5999999999999996 -1.995585766276478e-13
8.83 3.64 1.743743308083702e-11
8.83 3.6799999999999997 -2.64884696008667e-10
8.83 3.7199999999999998 -1.7087151085491992e-9
8.83 3.76 4.65088143408322e-8
8.83 3.8 1.7916560443999534e-7
8.83 3.8400000000000003 1.5032460012874914e-6
8.83 3.8800000000000003 2.7257296604590976e-5
8.83 3.9200000000000004 2.7814921717198895e-6
8.83 3.96 6.8445721925779784e-6
8.83 4.0 1.6611591049725978e-5
8.83 4.04 0.00010667313666514373
8.83 4.08 6.669134457708688e-5
8.83 4.12 3.0743534049598515e-6
8.83 4.16 1.0948314928108725e-5
8.83 4.2 2.269281558998e-5
8.83 4.24 9.481683456519511e-7
8.83 4.28 9.258411842914541e-7
8.83 4.32 2.337211965826392e-7
8.83 4.36 2.025021454974963e-7
8.83 4.4 -2.4038719318131614e-10
8.83 4.4399999999999995 3.541407919254718e-10
8.83 4.48 -5.193525172382975e-9
8.83 4.52 1.6380664458412546e-10
8.83 4.5600000000000005 -1.4601789576695528e-9
8.83 4.6 2.1567718824851432e-10
8.83 4.64 1.9292041716607767e-10
8.83 4.680000000000001 1.0288428215297679e-9
8.83 4.72 9.565735730204277e-12
9.32 3.36 1.3496169516352444e-19
9.32 3.4000000000000004 -5.989844570499861e-19
9.32 3.44 2.2156714021123086e-16
9.32 3.4800000000000004 4.381617644932233e-15
9.32 3.5199999999999996 3.3599780096118304e-11
9.32 3.5600000000000005 2.1313107528369188e-8
9.32 3.5999999999999996 5.851558940219447e-7
9.32 3.64 3.040832394899292e-6
9.32 3.6799999999999997 0.00012196248120156511
9.32 3.7199999999999998 0.0002947462572938678
9.32 3.76 0.0007387692503152501
9.32 3.8 0.00560773457486755
9.32 3.8400000000000003 0.014210811129608581
9.32 3.8800000000000003 0.03205128620616146
9.32 3.9200000000000004 0.054677976400231545
9.32 3.96 0.06439197530390484
9.32 4.0 0.035545394058237194
9.32 4.04 0.04654105509598558
9.32 4.08 0.011941194430574656
9.32 4.12 0.04093740252369667
9.32 4.16 0.015240564498378666
9.32 4.2 0.014661221350539868
9.32 4.24 0.008556212638042425
9.32 4.28 0.004107688232971161
9.32 4.32 0.0030235264553547915
9.32 4.36 0.002280786320532573
9.32 4.4 0.0012587813541650786
9.32 4.4399999999999995 0.0012837527323744835
9.32 4.48 0.0003513713504707759
9.32 4.52 0.00024274203592884142
9.32 4.5600000000000005 0.00030699916955400134
9.32 4.6 0.0001361741118637966
9.32 4.64 0.00014749445700837924
9.32 4.680000000000001 2.9786957618661274e-5
9.32 4.72 3.7763723078062945e-6
9.81 3.36 4.454987967127004e-18
9.81 3.4000000000000004 2.307265302999135e-17
9.81 3.44 1.635183835306461e-14
9.81 3.4800000000000004 7.82175319416549e-11
9.81 3.5199999999999996 4.1979402115339944e-8
9.81 3.5600000000000005 7.746786424735231e-7
9.81 3.5999999999999996 5.369401948448436e-6
9.81 3.64 0.00010665479946349512
9.81 3.6799999999999997 0.0012449629229821834
9.81 3.7199999999999998 0.013497987082911335
9.81 3.76 0.05421707485540675
9.81 3.8 0.13640283974723774
9.81 3.8400000000000003 0.30179886979675546
9.81 3.8800000000000003 0.6005113345640298
9.81 3.9200000000000004 0.9919954231468904
9.81 3.96 1.3324144981931854
9.81 4.0 1.7702600191882587
9.81 4.04 2.0328419040467107
9.81 4.08 1.9729513225954938
9.81 4.12 1.6316181179031604
9.81 4.16 1.2000380217949032
9.81 4.2 1.1633069882419544
9.81 4.24 0.9970135122030414
9.81 4.28 0.8032423125987889
9.81 4.32 0.4400718219133546
9.81 4.36 0.2891181786357174
9.81 4.4 0.15483906371238607
9.81 4.4399999999999995 0.08986072379517869
9.81 4.48 0.06165093287533545
9.81 4.52 0.010633413234888393
9.81 4.5600000000000005 0.0014349061035430258
9.81 4.6 0.0052855361353020165
9.81 4.64 0.0011351021272659103
9.81 4.680000000000001 0.0004719296602754498
9.81 4.72 7.728718126913125e-5
10.3 3.36 9.607570187984386e-18
10.3 3.4000000000000004 -8.35611725465765e-19
10.3 3.44 1.1871843825233906e-15
10.3 3.4800000000000004 9.751382838857953e-13
10.3 3.5199999999999996 8.448041252135227e-10
10.3 3.5600000000000005 1.3399787941623693e-8
10.3 3.5999999999999996 3.70344652584281e-6
10.3 3.64 2.0371887841111656e-6
10.3 3.6799999999999997 -3.196049241516478e-6
10.3 3.7199999999999998 0.0001058625226911719
10.3 3.76 0.00031166723201886946
10.3 3.8 0.0026649477817653503
10.3 3.8400000000000003 0.016667922299202564
10.3 3.8800000000000003 0.0779960959355809
10.3 3.9200000000000004 0.12510142815187664
10.3 3.96 0.2347053802482937
10.3 4.0 0.24124881540149629
10.3 4.04 0.24549899280523765
10.3 4.08 0.21023801134699074
10.3 4.12 0.06655331502347817
10.3 4.16 0.03253991343807274
10.3 4.2 0.10809666664695437
10.3 4.24 0.06734674888197856
10.3 4.28 0.0035991010454576294
10.3 4.32 0.017950502939812454
10.3 4.36 0.016751931776238585
10.3 4.4 0.00044022491425732216
10.3 4.4399999999999995 0.002454751460001822
10.3 4.48 0.0021436468924652344
10.3 4.52 0.00021385127046957516
10.3 4.5600000000000005 0.00039775108835514135
10.3 4.6 0.00047630297650482574
10.3 4.64 6.870592365224674e-6
10.3 4.680000000000001 6.585872280853639e-6
10.3 4.72 0.00035463975605774464
10.79 3.36 6.719255125012298e-23
10.79 3.4000000000000004 1.2325524535231825e-20
10.79 3.44 8.972696486414925e-17
10.79 3.4800000000000004 7.95312174954128e-15
10.79 3.5199999999999996 3.2336241475508435e-12
10.79 3.5600000000000005 -2.2939221809667564e-11
10.79 3.5999999999999996 1.6185974682539528e-8
10.79 3.64 3.961762032412179e-7
10.79 3.6799999999999997 3.3603118556395447e-7
10.79 3.7199999999999998 2.9789679910013504e-6
10.79 3.76 2.0656761649223476e-6
10.79 3.8 1.602996502592201e-6
10.79 3.8400000000000003 3.7698073785864367e-6
10.79 3.8800000000000003 2.2758538654312214e-6
10.79 3.9200000000000004 5.808072566042949e-6
10.79 3.96 8.965237809331482e-6
10.79 4.0 1.1442548456994733e-5
10.79 4.04 9.845491063542636e-7
10.79 4.08 1.3784515499811067e-6
10.79 4.12 2.525846364494815e-7
10.79 4.16 -3.1076154909925815e-7
10.79 4.2 1.4058214605798897e-7
10.79 4.24 -1.0716145065690202e-8
10.79 4.28 2.8507747056331264e-9
10.79 4.32 1.960289942758613e-8
10.79 4.36 9.682248716384691e-9
10.79 4.4 -2.761023167322051e-9
10.79 4.4399999999999995 3.700292356010914e-8
10.79 4.48 2.5724189063938993e-7
10.79 4.52 3.4840136016899013e-6
10.79 4.5600000000000005 2.9769545736922543e-10
10.79 4.6 2.1552067298356345e-10
10.79 4.64 7.480749105124785e-9
10.79 4.680000000000001 2.7937407661320647e-8
10.79 4.72 3.509090753975602e-11
11.28 3.36 8.956031164895069e-29
11.28 3.4000000000000004 2.946206004455941e-27
11.28 3.44 2.0144925142168712e-23
11.28 3.4800000000000004 2.9670004232862284e-20
11.28 3.5199999999999996 6.886266553188704e-18
11.28 3.5600000000000005 -1.3245365590501128e-16
11.28 3.5999999999999996 -2.3337975016141855e-14
11.28 3.64 1.5432967664325313e-13
11.28 3.6799999999999997 4.044033457078134e-12
11.28 3.7199999999999998 6.5846652124875666e-12
11.28 3.76 3.675260752059491e-11
11.28 3.8 4.659856760560829e-11
11.28 3.8400000000000003 7.671494908267467e-11
11.28 3.8800000000000003 6.340448737680789e-11
11.28 3.9200000000000004 2.7473769734253324e-11
11.28 3.96 8.542479438874163e-12
11.28 4.0 3.5720016559114954e-11
11.28 4.04 1.7952012070373838e-12
11.28 4.08 2.173348132006594e-12
11.28 4.12 3.820768414141537e-12
11.28 4.16 1.3469001201064961e-12
11.28 4.2 3.597627976644878e-12
11.28 4.24 -6.714065796288177e-14
11.28 4.28 -1.8191120487095693e-14
11.28 4.32 1.098176551683276e-13
11.28 4.36 1.9804667345435053e-14
11.28 4.4 2.004508806805488e-15
11.28 4.4399999999999995 1.0308990896414672e-14
11.28 4.48 1.019948304694618e-13
11.28 4.52 1.349416076581906e-12
11.28 4.5600000000000005 2.8606776142145654e-16
11.28 4.6 2.4750973107367776e-16
11.28 4.64 2.942140990825656e-15
11.28 4.680000000000001 1.0800541277488365e-14
11.28 4.72 2.851230365618438e-17
11.77 3.36 1.9175057348892002e-36
11.77 3.4000000000000004 3.579399490605438e-36
11.77 3.44 8.715909614072041e-33
11.77 3.4800000000000004 1.3089859832256085e-29
11.77 3.5199999999999996 6.7005563915337485e-28
11.77 3.5600000000000005 -9.679438661586436e-26
11.77 3.5999999999999996 -1.764077849462442e-23
11.77 3.64 1.195700264814132e-22
11.77 3.6799999999999997 1.5842485713440017e-21
11.77 3.7199999999999998 4.027595090236874e-21
11.77 3.76 1.1520891097780636e-20
11.77 3.8 3.441255758334626e-21
11.77 3.8400000000000003 3.135056021996924e-19
11.77 3.8800000000000003 1.9278739260648086e-18
11.77 3.9200000000000004 1.1274426753695658e-18
11.77 3.96 1.2270846710238482e-17
11.77 4.0 -1.7105790884940712e-19
11.77 4.04 -1.8172684633233704e-19
11.77 4.08 -1.6333982746697155e-19
11.77 4.12 1.3907029474195916e-19
11.77 4.16 -7.843760535768744e-21
11.77 4.2 -2.3890389794044767e-19
11.77 4.24 -1.1964077554123374e-19
11.77 4.28 -2.1991201675275404e-18
11.77 4.32 -2.2299260679981743e-20
11.77 4.36 -3.913408180033842e-21
11.77 4.4 -1.4414790815080506e-21
11.77 4.4399999999999995 -1.2387957332576226e-21
11.77 4.48 1.920353091318331e-20
11.77 4.52 1.5660227069976977e-19
11.77 4.5600000000000005 -2.800005148624127e-21
11.77 4.6 -6.132921852849073e-23
11.77 4.64 -8.27283700178845e-21
11.77 4.680000000000001 -6.35609742612697e-19
11.77 4.72 -6.721729260710493e-18
12.26 3.36 3.123946407977099e-37
12.26 3.4000000000000004 1.5873683132096935e-36
12.26 3.44 2.7646242217673263e-34
12.26 3.4800000000000004 4.817271727379083e-31
12.26 3.5199999999999996 2.0901895621219974e-28
12.26 3.5600000000000005 1.6812447289478668e-26
12.26 3.5999999999999996 6.9897729447609085e-25
12.26 3.64 3.47094859513805e-23
12.26 3.6799999999999997 8.026261329090668e-22
12.26 3.7199999999999998 -1.4728477796477477e-22
12.26 3.76 9.210808548002905e-22
12.26 3.8 8.477314467561568e-21
12.26 3.8400000000000003 -4.930355267262288e-20
12.26 3.8800000000000003 9.728499320902472e-19
12.26 3.9200000000000004 -2.09499127819894e-19
12.26 3.96 -3.023228998289741e-18
12.26 4.0 3.152724704112149e-19
12.26 4.04 8.023772440165628e-20
12.26 4.08 -5.365116669417916e-19
12.26 4.12 8.030981379323094e-19
12.26 4.16 1.3523430698457194e-19
12.26 4.2 -2.3212881046356323e-20
12.26 4.24 -5.546027937404944e-20
12.26 4.28 -1.23287088393379e-18
12.26 4.32 -1.5616857149794924e-20
12.26 4.36 5.92612329792648e-20
12.26 4.4 3.1340757766608156e-20
12.26 4.4399999999999995 -2.1066664943959896e-20
12.26 4.48 -3.555239820711822e-19
12.26 4.52 -2.8910991870649504e-18
12.26 4.5600000000000005 4.714288150065361e-21
12.26 4.6 -1.520322860637036e-23
12.26 4.64 4.647416349656897e-19
12.26 4.680000000000001 3.782411565007952e-19
12.26 4.72 4.238419481781061e-18
12.75 3.36 1.7271525223432051e-32
12.75 3.4000000000000004 4.829868053066165e-33
12.75 3.44 -2.4222628584190576e-31
12.75 3.4800000000000004 -8.488985395123557e-31
12.75 3.5199999999999996 -3.895822400756999e-29
12.75 3.5600000000000005 8.779107451311839e-27
12.75 3.5999999999999996 -6.693296989864897e-25
12.75 3.64 -2.4529850245031104e-24
12.75 3.6799999999999997 -9.937968709950664e-23
12.75 3.7199999999999998 1.3476738882139156e-21
12.75 3.76 1.6182390667790062e-21
12.75 3.8 3.1917519629686566e-20
12.75 3.8400000000000003 -1.8189947891650853e-19
12.75 3.8800000000000003 -2.4953815298552217e-18
12.75 3.9200000000000004 1.0594424582034714e-18
12.75 3.96 3.579802895679252e-17
12.75 4.0 -1.3564718271930386e-17
12.75 4.04 -2.424020163611881e-16
12.75 4.08 -2.844867256353161e-14
12.75 4.12 1.0462851701984878e-14
12.75 4.16 5.059451123745791e-14
12.75 4.2 8.364556780415179e-14
12.75 4.24 1.8585482439319253e-14
12.75 4.28 1.1076941707408663e-14
12.75 4.32 5.3777745473698315e-14
12.75 4.36 1.978377038847634e-15
12.75 4.4 5.019772083818977e-15
12.75 4.4399999999999995 -3.039768406763395e-15
12.75 4.48 4.3801338022672695e-14
12.75 4.52 -2.2192820041170576e-15
12.75 4.5600000000000005 -1.3180098177507753e-15
12.75 4.6 -1.5140589141311867e-16
12.75 4.64 -1.7773548004325517e-15
12.75 4.680000000000001 2.6531666883310914e-14
12.75 4.72 3.1889465686172796e-13
13.24 3.36 1.1370576993688868e-28
13.24 3.4000000000000004 8.589491315673935e-29
13.24 3.44 -7.916414780266956e-28
13.24 3.4800000000000004 2.480454886741931e-28
13.24 3.5199999999999996 -1.320538810862097e-24
13.24 3.5600000000000005 7.93722412505016e-21
13.24 3.5999999999999996 -1.209389675845027e-18
13.24 3.64 6.555904334349699e-18
13.24 3.6799999999999997 -2.5576576184371507e-17
13.24 3.7199999999999998 2.126752162943187e-18
13.24 3.76 -2.465787505477328e-16
13.24 3.8 2.097647371762033e-14
13.24 3.8400000000000003 4.313953048731218e-14
13.24 3.8800000000000003 3.6693103371603853e-13
13.24 3.9200000000000004 4.055746686285414e-13
13.24 3.96 3.551976787598278e-12
13.24 4.0 2.7275661177219345e-13
13.24 4.04 7.665697338393109e-11
13.24 4.08 -8.97903692202144e-11
13.24 4.12 4.948286075828492e-11
13.24 4.16 2.102849687635819e-10
13.24 4.2 3.7835449570562467e-10
13.24 4.24 2.6429997758626155e-12
13.24 4.28 1.0511968726588937e-11
13.24 4.32 2.493543724917707e-13
13.24 4.36 1.0658979692975259e-12
13.24 4.4 9.299612695759693e-13
13.24 4.4399999999999995 1.4086167838453126e-12
13.24 4.48 2.706169470681294e-10
13.24 4.52 3.1675518043080067e-12
13.24 4.5600000000000005 9.484191358975578e-11
13.24 4.6 2.2305546946182204e-10
13.24 4.64 2.930370364225712e-11
13.24 4.680000000000001 2.3887636259512005e-9
13.24 4.72 2.523649971545486e-8
13.73 3.36 -8.712307273766737e-26
13.73 3.4000000000000004 2.0697493483103984e-24
13.73 3.44 2.3237768696104478e-22
13.73 3.4800000000000004 -7.0100266670845885e-22
13.73 3.5199999999999996 -9.920828124902953e-20
13.73 3.5600000000000005 1.1401351258514776e-15
13.73 3.5999999999999996 -1.6652023492526998e-13
13.73 3.64 5.494430017459205e-13
13.73 3.6799999999999997 -9.807879934050341e-12
13.73 3.7199999999999998 -1.0667153457438035e-10
13.73 3.76 -1.6389707849231694e-10
13.73 3.8 2.6721230350404927e-10
13.73 3.8400000000000003 1.8943728711815457e-10
13.73 3.8800000000000003 9.879640098328429e-8
13.73 3.9200000000000004 -1.574554872473798e-9
13.73 3.96 6.5994849227960785e-9
13.73 4.0 -8.799212699473529e-8
13.73 4.04 -3.4534784749592966e-8
13.73 4.08 1.7548231665933223e-6
13.73 4.12 5.58032045975884e-7
13.73 4.16 1.9682467481534995e-6
13.73 4.2 3.943750395876602e-6
13.73 4.24 4.19881352622782e-6
13.73 4.28 1.2674588247621776e-5
13.73 4.32 9.581412736484703e-6
13.73 4.36 1.5554699774177022e-6
13.73 4.4 2.620279730756547e-6
13.73 4.4399999999999995 1.2021821109470282e-6
13.73 4.48 2.330865170352961e-5
13.73 4.52 3.615040870158982e-6
13.73 4.5600000000000005 1.2261617272716498e-6
13.73 4.6 5.778187043618151e-8
13.73 4.64 2.964681432875532e-6
13.73 4.680000000000001 8.568450044517217e-6
13.73 4.72 6.619224605878619e-6
14.220000000000002 3.36 -3.3996832730535613e-22
14.220000000000002 3.4000000000000004 -9.886008165606392e-22
14.220000000000002 3.44 -2.258819931800232e-21
14.220000000000002 3.4800000000000004 -2.215339634768953e-18
14.220000000000002 3.5199999999999996 -1.0827624396025285e-16
14.220000000000002 3.5600000000000005 9.329248822534333e-15
14.220000000000002 3.5999999999999996 1.8558923315733905e-12
14.220000000000002 3.64 -1.9693833175220346e-10
14.220000000000002 3.6799999999999997 4.851557314176698e-10
14.220000000000002 3.7199999999999998 -1.5752026480452762e-9
14.220000000000002 3.76 1.850226154043867e-8
14.220000000000002 3.8 1.162261833050714e-7
14.220000000000002 3.8400000000000003 -4.2200339977512556e-8
14.220000000000002 3.8800000000000003 4.412854207919314e-7
14.220000000000002 3.9200000000000004 7.617316501143458e-8
14.220000000000002 3.96 3.545701517814635e-6
14.220000000000002 4.0 4.270939798853225e-5
14.220000000000002 4.04 0.00015574606236308625
14.220000000000002 4.08 0.00038013898059547475
14.220000000000002 4.12 0.0003226420585519702
14.220000000000002 4.16 0.0005480484089131145
14.220000000000002 4.2 0.0011018666100781219
14.220000000000002 4.24 0.006391013181693922
14.220000000000002 4.28 0.0011506562038731403
14.220000000000002 4.32 0.011251359256545612
14.220000000000002 4.36 0.008640603866399213
14.220000000000002 4.4 0.000175521638929044
14.220000000000002 4.4399999999999995 0.00015480935405887418
14.220000000000002 4.48 7.10322549503787e-5
14.220000000000002 4.52 0.00033225090587020694
14.220000000000002 4.5600000000000005 7.543942529526338e-5
14.220000000000002 4.6 0.001017030208096723
14.220000000000002 4.64 4.852678999356788e-5
14.220000000000002 4.680000000000001 2.166388579734549e-5
14.220000000000002 4.72 1.6076291317490692e-5
14.709999999999999 3.36 5.175339606556217e-19
14.709999999999999 3.4000000000000004 -3.0169905902613275e-18
14.709999999999999 3.44 2.399396781865221e-18
14.709999999999999 3.4800000000000004 2.583028800883408e-15
14.709999999999999 3.5199999999999996 5.680580834530032e-13
14.709999999999999 3.5600000000000005 1.7158953870035003e-11
14.709999999999999 3.5999999999999996 -1.767557728298362e-10
14.709999999999999 3.64 4.698023804133564e-9
14.709999999999999 3.6799999999999997 -1.8040992446957373e-8
14.709999999999999 3.7199999999999998 -1.3829170433541016e-7
14.709999999999999 3.76 1.067390736132545e-6
14.709999999999999 3.8 5.8699451515071215e-6
14.709999999999999 3.8400000000000003 1.8505048709213376e-5
14.709999999999999 3.8800000000000003 0.00027481042540938974
14.709999999999999 3.9200000000000004 0.002881602569879028
14.709999999999999 3.96 0.009827292714486633
14.709999999999999 4.0 0.01349591683320035
14.709999999999999 4.04 0.03153949319593148
14.709999999999999 4.08 0.06483859382435275
14.709999999999999 4.12 0.12830032070984196
14.709999999999999 4.16 0.09749904892228609
14.709999999999999 4.2 0.1476852373622533
14.709999999999999 4.24 0.04141334427403837
14.709999999999999 4.28 0.05298982516352568
14.709999999999999 4.32 0.03953002219967406
14.709999999999999 4.36 0.0030146407878405713
14.709999999999999 4.4 0.007381846250911061
14.709999999999999 4.4399999999999995 0.055819018174842236
14.709999999999999 4.48 0.020708022308156538
14.709999999999999 4.52 0.000824192845485834
14.709999999999999 4.5600000000000005 0.006539803621087937
14.709999999999999 4.6 3.6175180317658863e-6
14.709999999999999 4.64 0.00010389688572352306
14.709999999999999 4.680000000000001 8.322534607779324e-5
14.709999999999999 4.72 6.000879631140366e-5
15.2 3.36 -2.70015272987152e-18
15.2 3.4000000000000004 2.7239575516949136e-18
15.2 3.44 1.1312167535418752e-16
15.2 3.4800000000000004 1.2021219713881024e-13
15.2 3.5199999999999996 2.6551196947222346e-11
15.2 3.5600000000000005 7.206333763733939e-10
15.2 3.5999999999999996 3.581141156046544e-9
15.2 3.64 -1.2275005735384784e-8
15.2 3.6799999999999997 2.0483793388573806e-7
15.2 3.7199999999999998 2.3834511990199056e-5
15.2 3.76 0.00017832297136863791
15.2 3.8 0.0006089200915753767
15.2 3.8400000000000003 0.006679343118060792
15.2 3.8800000000000003 0.052512816370776164
15.2 3.9200000000000004 0.12307412777073716
15.2 3.96 0.24764136202957018
15.2 4.0 0.3584716561933624
15.2 4.04 0.5609570786958197
15.2 4.08 0.5063336669064504
15.2 4.12 0.748740042647615
15.2 4.16 0.9086621008761625
15.2 4.2 1.0788834210077989
15.2 4.24 0.14898895708963908
15.2 4.28 0.23497704896695104
15.2 4.32 0.3717695564914136
15.2 4.36 0.013859326101228725
15.2 4.4 0.0030582319279694983
15.2 4.4399999999999995 0.006030803955583485
15.2 4.48 5.9218979328283874e-5
15.2 4.52 0.00012926841732674213
15.2 4.5600000000000005 0.0009981305021447252
15.2 4.6 4.8821781668901345e-6
15.2 4.64 6.967287298486178e-7
15.2 4.680000000000001 -9.674766341880219e-8
15.2 4.72 1.7806526168216523e-5
15.69 3.36 2.3097347217009867e-19
15.69 3.4000000000000004 4.194548635902618e-18
15.69 3.44 9.313656925375912e-16
15.69 3.4800000000000004 2.1276864321096666e-13
15.69 3.5199999999999996 4.058636230913704e-11
15.69 3.5600000000000005 2.1208754335680807e-9
15.69 3.5999999999999996 1.1214785199486427e-7
15.69 3.64 1.4797600999988574e-7
15.69 3.6799999999999997 1.459567818992601e-5
15.69 3.7199999999999998 0.0004925906017695917
15.69 3.76 0.004364825254759887
15.69 3.8 0.012128896525687256
15.69 3.8400000000000003 0.09632815507123439
15.69 3.8800000000000003 0.2723772752046257
15.69 3.9200000000000004 0.5327416735385856
15.69 3.96 0.8720460101035455
15.69 4.0 1.1319202037070852
15.69 4.04 1.4114311213616741
15.69 4.08 1.3443202110454817
15.69 4.12 0.7232822436201618
15.69 4.16 0.41958324515123185
15.69 4.2 0.058429438556859156
15.69 4.24 0.003973706608502813
15.69 4.28 0.0005460636137240792
15.69 4.32 5.537212053436891e-5
15.69 4.36 0.00017512354944984436
15.69 4.4 5.528164873525417e-5
15.69 4.4399999999999995 0.00017306148751704538
15.69 4.48 1.6554669997678197e-7
15.69 4.52 3.086732437310541e-7
15.69 4.5600000000000005 -7.266064092148948e-9
15.69 4.6 1.55172915967029e-6
15.69 4.64 3.6110355248549148e-9
15.69 4.680000000000001 -1.678269875709163e-10
15.69 4.72 -5.968429331532e-11
16.18 3.36 3.3509670828293412e-18
16.18 3.4000000000000004 5.73780408220184e-16
16.18 3.44 4.2748467438443164e-12
16.18 3.4800000000000004 2.854674453765473e-10
16.18 3.5199999999999996 4.532603085469264e-9
16.18 3.5600000000000005 7.693817615513866e-9
16.18 3.5999999999999996 5.7737533056446485e-8
16.18 3.64 2.9308018323000108e-5
16.18 3.6799999999999997 0.0004872459165713499
16.18 3.7199999999999998 0.00649462181023425
16.18 3.76 0.03007624756453472
16.18 3.8 0.09086711487853427
16.18 3.8400000000000003 0.20931588571809295
16.18 3.8800000000000003 0.3339211531938111
16.18 3.9200000000000004 0.48493415357743175
16.18 3.96 0.4747053231428116
16.18 4.0 0.3674378653885957
16.18 4.04 0.21353634690285864
16.18 4.08 0.09775652961150244
16.18 4.12 0.0027552549121648744
16.18 4.16 0.0008613331589082628
16.18 4.2 0.0007725602160302588
16.18 4.24 6.1611310964717985e-6
16.18 4.28 1.9953755966843815e-7
16.18 4.32 1.9994054342268642e-7
16.18 4.36 3.397481136360314e-7
16.18 4.4 7.885096527949957e-9
16.18 4.4399999999999995 1.742857829674962e-8
16.18 4.48 7.835522249214672e-9
16.18 4.52 2.4837327904896912e-8
16.18 4.5600000000000005 1.5691432547267077e-8
16.18 4.6 2.883124017347916e-11
16.18 4.64 9.109997785741641e-10
16.18 4.680000000000001 3.0771085549729783e-10
16.18 4.72 1.4991133930281082e-10
16.67 3.36 -1.8127089698395743e-19
16.67 3.4000000000000004 9.540798785388576e-15
16.67 3.44 7.282702686859159e-11
16.67 3.4800000000000004 4.85869310612501e-9
16.67 3.5199999999999996 7.708180220128181e-8
16.67 3.5600000000000005 4.1116645277418166e-8
16.67 3.5999999999999996 8.202929704970658e-7
16.67 3.64 1.7176503565774623e-5
16.67 3.6799999999999997 0.0005110353916233819
16.67 3.7199999999999998 0.00308012672252087
16.67 3.76 0.01888433159441201
16.67 3.8 0.04973891785230037
16.67 3.8400000000000003 0.054484536615140244
16.67 3.8800000000000003 0.09032019670847737
16.67 3.9200000000000004 0.06229237303880817
16.67 3.96 0.01363242172757011
16.67 4.0 0.007704581592814168
16.67 4.04 0.0028117118104502314
16.67 4.08 0.0012069428491845188
16.67 4.12 5.589225708959935e-5
16.67 4.16 4.947935692747952e-6
16.67 4.2 8.93185740043521e-8
16.67 4.24 -2.5941178822767625e-7
16.67 4.28 1.9439336876901224e-7
16.67 4.32 3.2879482298788827e-7
16.67 4.36 -1.1306068741667398e-8
16.67 4.4 1.7523742780810048e-8
16.67 4.4399999999999995 -6.279642701795377e-9
16.67 4.48 8.230335004784145e-10
16.67 4.52 -3.0510743457776715e-10
16.67 4.5600000000000005 4.926005314727476e-10
16.67 4.6 -4.750875649484477e-10
16.67 4.64 -6.9673603275986405e-12
16.67 4.680000000000001 -5.511571102987492e-10
16.67 4.72 6.536342542620354e-9
17.16 3.36 -4.041468333483381e-20
17.16 3.4000000000000004 3.0769352021468554e-14
17.16 3.44 2.296466342700027e-10
17.16 3.4800000000000004 1.456607529108715e-8
17.16 3.5199999999999996 2.3227550558290797e-7
17.16 3.5600000000000005 7.381115847232111e-8
17.16 3.5999999999999996 1.8039072589832315e-6
17.16 3.64 2.093660568165172e-5
17.16 3.6799999999999997 0.0006427929488412556
17.16 3.7199999999999998 0.0009899107760613563
17.16 3.76 0.005178915986727024
17.16 3.8 0.0028027562243067125
17.16 3.8400000000000003 0.002643334894687648
17.16 3.8800000000000003 -0.0002666236981555723
17.16 3.9200000000000004 -0.0005806242591547247
17.16 3.96 -0.000199881127442247
17.16 4.0 7.618451120241985e-5
17.16 4.04 -0.0001457593620325245
17.16 4.08 6.086312937462349e-6
17.16 4.12 1.6568255792316935e-5
17.16 4.16 2.2283250399512987e-6
17.16 4.2 1.3430796961888154e-6
17.16 4.24 -1.876724556720565e-7
17.16 4.28 -3.839017855723369e-8
17.16 4.32 1.1752821093027074e-7
17.16 4.36 -1.2747857260357424e-8
17.16 4.4 1.531922642711839e-8
17.16 4.4399999999999995 3.1264792486147263e-9
17.16 4.48 7.887076423494166e-10
17.16 4.52 1.6233668047586472e-11
17.16 4.5600000000000005 1.4208870109954651e-11
17.16 4.6 -8.266551880811968e-11
17.16 4.64 -4.3865287281505136e-11
17.16 4.680000000000001 -1.4187768333179064e-10
17.16 4.72 1.4995080216394953e-9
17.65 3.36 -1.9756310918331722e-22
17.65 3.4000000000000004 4.076265421676358e-14
17.65 3.44 3.1275022608854073e-10
17.65 3.4800000000000004 2.0832275210357177e-8
17.65 3.5199999999999996 3.275720440877271e-7
17.65 3.5600000000000005 1.5330336335991692e-8
17.65 3.5999999999999996 1.136939528482869e-6
17.65 3.64 1.797159001575236e-5
17.65 3.6799999999999997 1.824121350613243e-5
17.65 3.7199999999999998 7.285595965706198e-5
17.65 3.76 0.00020637753326849983
17.65 3.8 0.00018177831146265645
17.65 3.8400000000000003 3.658409457531183e-5
17.65 3.8800000000000003 -1.7657376381698432e-5
17.65 3.9200000000000004 -7.77036173119617e-6
17.65 3.96 5.73960008932645e-7
17.65 4.0 6.062853521498961e-6
17.65 4.04 1.3024064475488492e-6
17.65 4.08 2.400971773284707e-6
17.65 4.12 4.6312243470570216e-6
17.65 4.16 4.1993082091084696e-6
17.65 4.2 6.273504966971136e-8
17.65 4.24 -2.1829960171759742e-7
17.65 4.28 1.5275546308288475e-7
17.65 4.32 2.3579331834012133e-7
17.65 4.36 -1.1884041658479864e-8
17.65 4.4 6.770366316286677e-9
17.65 4.4399999999999995 -1.6560528158336087e-8
17.65 4.48 -6.762737839319321e-10
17.65 4.52 -9.238252033235166e-10
17.65 4.5600000000000005 -1.920805407474745e-10
17.65 4.6 -4.5979691796702785e-10
17.65 4.64 -1.1226611441165053e-10
17.65 4.680000000000001 -5.012635257579978e-10
17.65 4.72 5.500438457808153e-9
18.14 3.36 3.0170248674166323e-23
18.14 3.4000000000000004 5.04057905073894e-16
18.14 3.44 3.8188069225051835e-12
18.14 3.4800000000000004 2.543923419531328e-10
18.14 3.5199999999999996 4.01130709849629e-9
18.14 3.5600000000000005 3.441989989036085e-10
18.14 3.5999999999999996 3.199824903417724e-8
18.14 3.64 6.628131305767201e-7
18.14 3.6799999999999997 1.8924883558229406e-7
18.14 3.7199999999999998 3.877040929853561e-6
18.14 3.76 3.414137688513113e-6
18.14 3.8 1.2868681215950705e-6
18.14 3.8400000000000003 -5.664582655222461e-7
18.14 3.8800000000000003 -9.835997343338823e-7
18.14 3.9200000000000004 8.641918901493395e-7
18.14 3.96 -3.670514700140973e-8
18.14 4.0 5.013719120754138e-7
18.14 4.04 -7.009405944767455e-8
18.14 4.08 -1.427328217001581e-7
18.14 4.12 -1.6595449477368428e-8
18.14 4.16 7.407074273259941e-9
18.14 4.2 1.689895322690813e-8
18.14 4.24 3.881509812409469e-8
18.14 4.28 6.345415555239517e-8
18.14 4.32 3.107410952682369e-8
18.14 4.36 3.173597556564546e-8
18.14 4.4 4.610648730972061e-8
18.14 4.4399999999999995 2.2064720821911968e-8
18.14 4.48 2.2483394221319344e-9
18.14 4.52 1.0698613475769544e-9
18.14 4.5600000000000005 1.1908778695449402e-9
18.14 4.6 2.958366433511183e-9
18.14 4.64 -2.654764169432864e-10
18.14 4.680000000000001 -1.8006189168460684e-10
18.14 4.72 1.3818916187432748e-11
18.63 3.36 1.4762370216645252e-21
18.63 3.4000000000000004 3.7421495449460744e-17
18.63 3.44 2.8540262584309493e-13
18.63 3.4800000000000004 1.9011301588083196e-11
18.63 3.5199999999999996 2.9928482561695976e-10
18.63 3.5600000000000005 7.0356545910724194e-12
18.63 3.5999999999999996 1.2710643686366208e-9
18.63 3.64 2.0558395509492136e-8
18.63 3.6799999999999997 -2.21030051517188e-8
18.63 3.7199999999999998 -4.2382430225090516e-8
18.63 3.76 -2.359616967118166e-7
18.63 3.8 1.3234375432050031e-8
18.63 3.8400000000000003 4.655632047244049e-6
18.63 3.8800000000000003 7.130179977544256e-6
18.63 3.9200000000000004 2.6742826638807585e-5
18.63 3.96 9.928882232419054e-5
18.63 4.0 0.00013612155022589537
18.63 4.04 0.0002787446347102559
18.63 4.08 0.00020103029527009325
18.63 4.12 0.00046679794785905353
18.63 4.16 0.0004394061221021745
18.63 4.2 0.0006902840461223239
18.63 4.24 0.00039368164772659084
18.63 4.28 0.0003638529766863673
18.63 4.32 0.00018496470201889638
18.63 4.36 0.00015048907014077382
18.63 4.4 0.0002932708042947785
18.63 4.4399999999999995 7.214819870079178e-5
18.63 4.48 5.069825935476951e-6
18.63 4.52 1.0366789088786057e-5
18.63 4.5600000000000005 1.2473373809729952e-6
18.63 4.6 4.177513117607732e-7
18.63 4.64 6.179477886586404e-7
18.63 4.680000000000001 7.282290299253707e-7
18.63 4.72 8.226613578240487e-8
19.12 3.36 -8.621632473244438e-19
19.12 3.4000000000000004 1.4422230707233086e-17
19.12 3.44 7.958050696340752e-14
19.12 3.4800000000000004 5.3461059658084755e-12
19.12 3.5199999999999996 8.617168228831596e-11
19.12 3.5600000000000005 1.2389351024700622e-9
19.12 3.5999999999999996 5.353689190218543e-8
19.12 3.64 9.735825434817112e-8
19.12 3.6799999999999997 3.975341524714378e-5
19.12 3.7199999999999998 2.182979582188278e-5
19.12 3.76 6.617323026151564e-5
19.12 3.8 0.0004516307702032135
19.12 3.8400000000000003 0.0022934233766552787
19.12 3.8800000000000003 0.005716899594569682
19.12 3.9200000000000004 0.018738317499096043
19.12 3.96 0.035321691436021305
19.12 4.0 0.048781257360723085
19.12 4.04 0.048177265998339394
19.12 4.08 0.10252094370524151
19.12 4.12 0.12255997679368381
19.12 4.16 0.15143842550777523
19.12 4.2 0.09536976566374687
19.12 4.24 0.1177473766712788
19.12 4.28 0.08895582576708332
19.12 4.32 0.02754614957068907
19.12 4.36 0.03796306871834756
19.12 4.4 0.030069827985034964
19.12 4.4399999999999995 0.08240972520956462
19.12 4.48 0.01963214067249985
19.12 4.52 0.0008158529887526365
19.12 4.5600000000000005 0.0014022607364909867
19.12 4.6 0.0038640761808085983
19.12 4.64 0.00032462774336176176
19.12 4.680000000000001 0.000517268868824831
19.12 4.72 0.0010591751864879036
19.61 3.36 4.8975345123992915e-18
19.61 3.4000000000000004 4.022414676303862e-17
19.61 3.44 -1.942319438146658e-17
19.61 3.4800000000000004 2.832352780517711e-14
19.61 3.5199999999999996 1.3534667000437097e-12
19.61 3.5600000000000005 1.728876135025428e-8
19.61 3.5999999999999996 3.635573716374121e-8
19.61 3.64 2.0248004261398126e-5
19.61 3.6799999999999997 0.000492537414495481
19.61 3.7199999999999998 0.0004801266978822569
19.61 3.76 0.011637961554246025
19.61 3.8 0.043837885761375164
19.61 3.8400000000000003 0.08735895283084325
19.61 3.8800000000000003 0.2514298014865931
19.61 3.9200000000000004 0.49649548081585987
19.61 3.96 0.7552550634217097
19.61 4.0 1.0829350024174471
19.61 4.04 1.3333643736039757
19.61 4.08 1.4424344336142123
19.61 4.12 1.333537568506809
19.61 4.16 1.4058449277510228
19.61 4.2 0.22934200977736277
19.61 4.24 1.0965179415604325
19.61 4.28 0.7619785832841731
19.61 4.32 0.39857470244818566
19.61 4.36 0.09736044440302347
19.61 4.4 0.13125244536523656
19.61 4.4399999999999995 0.0031469926756978435
19.61 4.48 0.01778424393550221
19.61 4.52 0.0055873952290142834
19.61 4.5600000000000005 0.001659631078610357
19.61 4.6 0.0010186772460502743
19.61 4.64 0.0007015375688452724
19.61 4.680000000000001 0.00017320166072980499
19.61 4.72 0.00016176058732040932
20.1 3.36 2.4232584540145425e-18
20.1 3.4000000000000004 2.1380890303553567e-17
20.1 3.44 4.496470655384509e-15
20.1 3.4800000000000004 2.1384354608204588e-12
20.1 3.5199999999999996 2.2501854068567965e-9
20.1 3.5600000000000005 7.935982319522197e-9
20.1 3.5999999999999996 1.628920481116508e-5
20.1 3.64 0.0003845219577571911
20.1 3.6799999999999997 0.0007281049370599067
20.1 3.7199999999999998 0.0137920483480478
20.1 3.76 0.04966293129268572
20.1 3.8 0.10811268502178574
20.1 3.8400000000000003 0.25954437039400374
20.1 3.8800000000000003 0.44930726631256557
20.1 3.9200000000000004 0.6793076404342505
20.1 3.96 0.6913375175823676
20.1 4.0 0.8173361767800382
20.1 4.04 0.8855345366535995
20.1 4.08 0.38273387705731515
20.1 4.12 0.40526386057832026
20.1 4.16 0.20825038625424305
20.1 4.2 0.062190263393484616
20.1 4.24 0.09064773325615023
20.1 4.28 0.05470276871083204
20.1 4.32 0.016159664788274148
20.1 4.36 0.0008916018925983093
20.1 4.4 0.0016181184989904885
20.1 4.4399999999999995 0.0003798487095189094
20.1 4.48 0.0001450545817930807
20.1 4.52 7.843442355567259e-6
20.1 4.5600000000000005 8.502148054435047e-6
20.1 4.6 2.891260489911398e-6
20.1 4.64 1.2328822923561492e-7
20.1 4.680000000000001 3.1200700831361512e-6
20.1 4.72 9.223411462570324e-7
20.59 3.36 6.092297946060701e-20
20.59 3.4000000000000004 6.883220947269306e-18
20.59 3.44 1.9415401460103128e-16
20.59 3.4800000000000004 2.985223015123962e-10
20.59 3.5199999999999996 2.9976718868711623e-10
20.59 3.5600000000000005 8.865808721349752e-7
20.59 3.5999999999999996 1.2884443969109803e-5
20.59 3.64 7.096736472243255e-5
20.59 3.6799999999999997 0.0007068197333041324
20.59 3.7199999999999998 0.0030403288539315298
20.59 3.76 0.009256034961922151
20.59 3.8 0.021895060061885296
20.59 3.8400000000000003 0.04316709969945524
20.59 3.8800000000000003 0.05867930032862989
20.59 3.9200000000000004 0.04799383964007671
20.59 3.96 0.022912403166702587
20.59 4.0 0.0278388468803365
20.59 4.04 0.015307866127505372
20.59 4.08 0.00708356584221242
20.59 4.12 0.005502211939544149
20.59 4.16 0.0030540073177139347
20.59 4.2 0.0006101959920506815
20.59 4.24 0.0007335671784495286
20.59 4.28 0.00026878011123565544
20.59 4.32 0.00017936644244859098
20.59 4.36 1.6948075812217313e-6
20.59 4.4 1.166850485656563e-6
20.59 4.4399999999999995 -1.6594347289455513e-6
20.59 4.48 -8.00175153244188e-8
20.59 4.52 3.450536248557952e-8
20.59 4.5600000000000005 -1.192555918117569e-7
20.59 4.6 1.7611249288096754e-7
20.59 4.64 5.2403695212756236e-8
20.59 4.680000000000001 -1.1813616162477037e-7
20.59 4.72 -5.6432659260686665e-9
21.08 3.36 5.555168238671171e-22
21.08 3.4000000000000004 2.338056781609096e-19
21.08 3.44 -3.40722586016525e-16
21.08 3.4800000000000004 1.2099050743715674e-10
21.08 3.5199999999999996 1.8983358132588553e-10
21.08 3.5600000000000005 3.0624797269521413e-7
21.08 3.5999999999999996 4.6131397923089725e-6
21.08 3.64 7.929134374140638e-6
21.08 3.6799999999999997 2.962942354076313e-5
21.08 3.7199999999999998 5.20737901260579e-5
21.08 3.76 0.00010420801053360687
21.08 3.8 0.0001353278198952176
21.08 3.8400000000000003 0.0003507918823611308
21.08 3.8800000000000003 0.0003022993816030563
21.08 3.9200000000000004 0.00021118712322949938
21.08 3.96 0.0001688684053692104
21.08 4.0 0.00014935016508741777
21.08 4.04 2.06773762300786e-5
21.08 4.08 3.499873184087411e-5
21.08 4.12 1.0519133995585226e-5
21.08 4.16 4.379335227880728e-6
21.08 4.2 5.1624840914353556e-6
21.08 4.24 2.3138034553201645e-7
21.08 4.28 6.818161276716906e-8
21.08 4.32 1.551095460677018e-7
21.08 4.36 6.594383785084118e-8
21.08 4.4 7.337213806478245e-9
21.08 4.4399999999999995 -5.792298496836584e-9
21.08 4.48 -9.687620411794399e-10
21.08 4.52 -3.268086073345268e-10
21.08 4.5600000000000005 -3.3793453306186436e-10
21.08 4.6 3.846735581214675e-10
21.08 4.64 1.1563600553035835e-10
21.08 4.680000000000001 -2.867452781877636e-10
21.08 4.72 -8.812839871303641e-11
21.57 3.36 -3.9387415194675066e-26
21.57 3.4000000000000004 1.1158866877124116e-20
21.57 3.44 -1.5347898334157685e-18
21.57 3.4800000000000004 2.4571294914153106e-12
21.57 3.5199999999999996 1.1805200364995896e-12
21.57 3.5600000000000005 5.331669487065966e-9
21.57 3.5999999999999996 7.889462430409377e-8
21.57 3.64 1.3193216169324866e-7
21.57 3.6799999999999997 1.690519666707663e-7
21.57 3.7199999999999998 2.868503477774332e-8
21.57 3.76 2.1818761025468333e-7
21.57 3.8 3.1353091410367377e-7
21.57 3.8400000000000003 3.1888739644758226e-7
21.57 3.8800000000000003 2.5175454541446935e-7
21.57 3.9200000000000004 1.5466587879579584e-7
21.57 3.96 7.434745411230641e-8
21.57 4.0 6.24563560798663e-8
21.57 4.04 8.706359827477836e-9
21.57 4.08 1.0353337291378958e-8
21.57 4.12 2.3169680270273853e-9
21.57 4.16 6.37250767771983e-10
21.57 4.2 3.728347135766812e-12
21.57 4.24 4.077903952179182e-11
21.57 4.28 2.3589209310492833e-11
21.57 4.32 -3.4014548091721463e-12
21.57 4.36 2.1301064623295113e-11
21.57 4.4 4.0845613676087075e-12
21.57 4.4399999999999995 1.1533154226345752e-13
21.57 4.48 3.804687827263951e-14
21.57 4.52 1.1367175211478033e-13
21.57 4.5600000000000005 -6.839538546253186e-14
21.57 4.6 8.252947746094153e-14
21.57 4.64 2.4063218000621684e-14
21.57 4.680000000000001 -5.908111383255217e-14
21.57 4.72 -2.2989679414450562e-14
