0.5 0.5 0.0
0.5 0.56 0.0
0.5 0.62 0.0
0.5 0.6799999999999999 0.0
0.5 0.74 0.0
0.5 0.8 0.0
0.5 0.86 0.0
0.5 0.92 0.0
0.5 0.98 0.0
0.5 1.04 0.0
0.5 1.1 0.0
0.5 1.1600000000000001 0.0
0.5 1.22 0.0
0.5 1.28 0.0
0.5 1.34 0.0
0.5 1.4 0.0
0.5 1.46 0.0
0.5 1.52 0.0
0.5 1.58 0.0
0.5 1.6400000000000001 0.0
0.5 1.7000000000000002 0.0
0.5 1.76 0.0
0.5 1.82 0.0
0.5 1.8800000000000001 0.0
0.5 1.94 0.0
0.5 2.0 0.0
0.5 2.06 0.0
0.5 2.12 0.0
0.5 2.18 0.0
0.5 2.2399999999999998 0.0
0.5 2.3000000000000003 0.0
0.5 2.36 0.0
0.5 2.4200000000000004 0.0
0.5 2.48 0.0
0.5 2.5400000000000005 0.0
0.5 2.5999999999999996 0.0
0.5 2.66 0.0
0.5 2.7199999999999998 0.0
0.5 2.7800000000000002 0.0
0.5 2.84 0.0
0.5 2.9000000000000004 0.0
0.5 2.9599999999999995 0.0
0.5 3.02 0.0
0.5 3.0799999999999996 0.0
0.5 3.14 0.0
0.5 3.1999999999999997 0.0
0.5 3.2600000000000002 0.0
0.5 3.3200000000000003 0.0
0.5 3.38 0.0
0.5 3.4399999999999995 0.0
0.5 3.5 0.0
0.56 0.5 0.0
0.56 0.56 0.0
0.56 0.62 0.0
0.56 0.6799999999999999 0.0
0.56 0.74 0.0
0.56 0.8 0.0
0.56 0.86 0.0
0.56 0.92 0.0
0.56 0.98 0.0
0.56 1.04 0.0
0.56 1.1 0.0
0.56 1.1600000000000001 0.0
0.56 1.22 0.0
0.56 1.28 0.0
0.56 1.34 0.0
0.56 1.4 0.0
0.56 1.46 0.0
0.56 1.52 0.0
0.56 1.58 0.0
0.56 1.6400000000000001 0.0
0.56 1.7000000000000002 0.0
0.56 1.76 0.0
0.56 1.82 0.0
0.56 1.8800000000000001 0.0
0.56 1.94 0.0
0.56 2.0 0.0
0.56 2.06 0.0
0.56 2.12 0.0
0.56 2.18 0.0
0.56 2.2399999999999998 0.0
0.56 2.3000000000000003 0.0
0.56 2.36 0.0
0.56 2.4200000000000004 0.0
0.56 2.48 0.0
0.56 2.5400000000000005 0.0
0.56 2.5999999999999996 0.0
0.56 2.66 0.0
0.56 2.7199999999999998 0.0
0.56 2.7800000000000002 0.0
0.56 2.84 0.0
0.56 2.9000000000000004 0.0
0.56 2.9599999999999995 0.0
0.56 3.02 0.0
0.56 3.0799999999999996 0.0
0.56 3.14 0.0
0.56 3.1999999999999997 0.0
0.56 3.2600000000000002 0.0
0.56 3.3200000000000003 0.0
0.56 3.38 0.0
0.56 3.4399999999999995 0.0
0.56 3.5 0.0
0.62 0.5 0.0
0.62 0.56 0.0
0.62 0.62 0.0
0.62 0.6799999999999999 0.0
0.62 0.74 0.0
0.62 0.8 0.0
0.62 0.86 0.0
0.62 0.92 0.0
0.62 0.98 0.0
0.62 1.04 0.0
0.62 1.1 0.0
0.62 1.1600000000000001 0.0
0.62 1.22 0.0
0.62 1.28 0.0
0.62 1.34 0.0
0.62 1.4 0.0
0.62 1.46 0.0
0.62 1.52 0.0
0.62 1.58 0.0
0.62 1.6400000000000001 0.0
0.62 1.7000000000000002 0.0
0.62 1.76 0.0
0.62 1.82 0.0
0.62 1.8800000000000001 0.0
0.62 1.94 0.0
0.62 2.0 0.0
0.62 2.06 0.0
0.62 2.12 0.0
0.62 2.18 0.0
0.62 2.2399999999999998 0.0
0.62 2.3000000000000003 0.0
0.62 2.36 0.0
0.62 2.4200000000000004 0.0
0.62 2.48 0.0
0.62 2.5400000000000005 0.0
0.62 2.5999999999999996 0.0
0.62 2.66 0.0
0.62 2.7199999999999998 0.0
0.62 2.7800000000000002 0.0
0.62 2.84 0.0
0.62 2.9000000000000004 0.0
0.62 2.9599999999999995 0.0
0.62 3.02 0.0
0.62 3.0799999999999996 0.0
0.62 3.14 0.0
0.62 3.1999999999999997 0.0
0.62 3.2600000000000002 0.0
0.62 3.3200000000000003 0.0
0.62 3.38 0.0
0.62 3.4399999999999995 0.0
0.62 3.5 0.0
0.6799999999999999 0.5 0.0
0.6799999999999999 0.56 0.0
0.6799999999999999 0.62 0.0
0.6799999999999999 0.6799999999999999 0.0
0.6799999999999999 0.74 0.0
0.6799999999999999 0.8 0.0
0.6799999999999999 0.86 0.0
0.6799999999999999 0.92 0.0
0.6799999999999999 0.98 0.0
0.6799999999999999 1.04 0.0
0.6799999999999999 1.1 0.0
0.6799999999999999 1.1600000000000001 0.0
0.6799999999999999 1.22 0.0
0.6799999999999999 1.28 0.0
0.6799999999999999 1.34 0.0
0.6799999999999999 1.4 0.0
0.6799999999999999 1.46 0.0
0.6799999999999999 1.52 0.0
0.6799999999999999 1.58 0.0
0.6799999999999999 1.6400000000000001 0.0
0.6799999999999999 1.7000000000000002 0.0
0.6799999999999999 1.76 0.0
0.6799999999999999 1.82 0.0
0.6799999999999999 1.8800000000000001 0.0
0.6799999999999999 1.94 0.0
0.6799999999999999 2.0 0.0
0.6799999999999999 2.06 0.0
0.6799999999999999 2.12 0.0
0.6799999999999999 2.18 0.0
0.6799999999999999 2.2399999999999998 0.0
0.6799999999999999 2.3000000000000003 0.0
0.6799999999999999 2.36 0.0
0.6799999999999999 2.4200000000000004 0.0
0.6799999999999999 2.48 0.0
0.6799999999999999 2.5400000000000005 0.0
0.6799999999999999 2.5999999999999996 0.0
0.6799999999999999 2.66 0.0
0.6799999999999999 2.7199999999999998 0.0
0.6799999999999999 2.7800000000000002 0.0
0.6799999999999999 2.84 0.0
0.6799999999999999 2.9000000000000004 0.0
0.6799999999999999 2.9599999999999995 0.0
0.6799999999999999 3.02 0.0
0.6799999999999999 3.0799999999999996 0.0
0.6799999999999999 3.14 0.0
0.6799999999999999 3.1999999999999997 0.0
0.6799999999999999 3.2600000000000002 0.0
0.6799999999999999 3.3200000000000003 0.0
0.6799999999999999 3.38 0.0
0.6799999999999999 3.4399999999999995 0.0
0.6799999999999999 3.5 0.0
0.74 0.5 0.0
0.74 0.56 0.0
0.74 0.62 0.0
0.74 0.6799999999999999 0.0
0.74 0.74 0.0
0.74 0.8 0.0
0.74 0.86 0.0
0.74 0.92 0.0
0.74 0.98 0.0
0.74 1.04 0.0
0.74 1.1 0.0
0.74 1.1600000000000001 0.0
0.74 1.22 0.0
0.74 1.28 0.0
0.74 1.34 0.0
0.74 1.4 0.0
0.74 1.46 0.0
0.74 1.52 0.0
0.74 1.58 0.0
0.74 1.6400000000000001 0.0
0.74 1.7000000000000002 0.0
0.74 1.76 0.0
0.74 1.82 0.0
0.74 1.8800000000000001 0.0
0.74 1.94 0.0
0.74 2.0 0.0
0.74 2.06 0.0
0.74 2.12 0.0
0.74 2.18 0.0
0.74 2.2399999999999998 0.0
0.74 2.3000000000000003 0.0
0.74 2.36 0.0
0.74 2.4200000000000004 0.0
0.74 2.48 0.0
0.74 2.5400000000000005 0.0
0.74 2.5999999999999996 0.0
0.74 2.66 0.0
0.74 2.7199999999999998 0.0
0.74 2.7800000000000002 0.0
0.74 2.84 0.0
0.74 2.9000000000000004 0.0
0.74 2.9599999999999995 0.0
0.74 3.02 0.0
0.74 3.0799999999999996 0.0
0.74 3.14 0.0
0.74 3.1999999999999997 0.0
0.74 3.2600000000000002 0.0
0.74 3.3200000000000003 0.0
0.74 3.38 0.0
0.74 3.4399999999999995 0.0
0.74 3.5 0.0
0.8 0.5 0.0
0.8 0.56 0.0
0.8 0.62 0.0
0.8 0.6799999999999999 0.0
0.8 0.74 0.0
0.8 0.8 0.0
0.8 0.86 0.0
0.8 0.92 0.0
0.8 0.98 0.0
0.8 1.04 0.0
0.8 1.1 0.0
0.8 1.1600000000000001 0.0
0.8 1.22 0.0
0.8 1.28 0.0
0.8 1.34 0.0
0.8 1.4 0.0
0.8 1.46 0.0
0.8 1.52 0.0
0.8 1.58 0.0
0.8 1.6400000000000001 0.0
0.8 1.7000000000000002 0.0
0.8 1.76 0.0
0.8 1.82 0.0
0.8 1.8800000000000001 0.0
0.8 1.94 0.0
0.8 2.0 0.0
0.8 2.06 0.0
0.8 2.12 0.0
0.8 2.18 0.0
0.8 2.2399999999999998 0.0
0.8 2.3000000000000003 0.0
0.8 2.36 0.0
0.8 2.4200000000000004 0.0
0.8 2.48 0.0
0.8 2.5400000000000005 0.0
0.8 2.5999999999999996 0.0
0.8 2.66 0.0
0.8 2.7199999999999998 0.0
0.8 2.7800000000000002 0.0
0.8 2.84 0.0
0.8 2.9000000000000004 0.0
0.8 2.9599999999999995 0.0
0.8 3.02 0.0
0.8 3.0799999999999996 0.0
0.8 3.14 0.0
0.8 3.1999999999999997 0.0
0.8 3.2600000000000002 0.0
0.8 3.3200000000000003 0.0
0.8 3.38 0.0
0.8 3.4399999999999995 0.0
0.8 3.5 0.0
0.86 0.5 0.0
0.86 0.56 0.0
0.86 0.62 0.0
0.86 0.6799999999999999 0.0
0.86 0.74 0.0
0.86 0.8 0.0
0.86 0.86 0.0
0.86 0.92 0.0
0.86 0.98 0.0
0.86 1.04 0.0
0.86 1.1 0.0
0.86 1.1600000000000001 0.0
0.86 1.22 0.0
0.86 1.28 0.0
0.86 1.34 0.0
0.86 1.4 0.0
0.86 1.46 0.0
0.86 1.52 0.0
0.86 1.58 0.0
0.86 1.6400000000000001 0.0
0.86 1.7000000000000002 0.0
0.86 1.76 0.0
0.86 1.82 0.0
0.86 1.8800000000000001 0.0
0.86 1.94 0.0
0.86 2.0 0.0
0.86 2.06 0.0
0.86 2.12 0.0
0.86 2.18 0.0
0.86 2.2399999999999998 0.0
0.86 2.3000000000000003 0.0
0.86 2.36 0.0
0.86 2.4200000000000004 0.0
0.86 2.48 0.0
0.86 2.5400000000000005 0.0
0.86 2.5999999999999996 0.0
0.86 2.66 0.0
0.86 2.7199999999999998 0.0
0.86 2.7800000000000002 0.0
0.86 2.84 0.0
0.86 2.9000000000000004 0.0
0.86 2.9599999999999995 0.0
0.86 3.02 0.0
0.86 3.0799999999999996 0.0
0.86 3.14 0.0
0.86 3.1999999999999997 0.0
0.86 3.2600000000000002 0.0
0.86 3.3200000000000003 0.0
0.86 3.38 0.0
0.86 3.4399999999999995 0.0
0.86 3.5 0.0
0.92 0.5 0.0
0.92 0.56 0.0
0.92 0.62 0.0
0.92 0.6799999999999999 0.0
0.92 0.74 0.0
0.92 0.8 0.0
0.92 0.86 0.0
0.92 0.92 0.0
0.92 0.98 0.0
0.92 1.04 0.0
0.92 1.1 3.067925243879245e-5
0.92 1.1600000000000001 5.647853457100579e-6
0.92 1.22 1.2240544340733196e-7
0.92 1.28 6.6840619449430606e-34
0.92 1.34 2.3258722553602454e-17
0.92 1.4 -1.0343082797850324e-37
0.92 1.46 -1.325629819924039e-76
0.92 1.52 1.3119726929651845e-54
0.92 1.58 -6.8043371895937e-92
0.92 1.6400000000000001 -1.4945680432622865e-33
0.92 1.7000000000000002 -2.703741588112378e-47
0.92 1.76 1.9327011861869142e-39
0.92 1.82 -6.363077644264694e-53
0.92 1.8800000000000001 -1.820785054795482e-44
0.92 1.94 5.4334977299335623e-45
0.92 2.0 -1.4861684581944402e-40
0.92 2.06 9.327394014034522e-14
0.92 2.12 4.650149028160382e-38
0.92 2.18 -1.112353344251793e-37
0.92 2.2399999999999998 2.752513439201662e-44
0.92 2.3000000000000003 -2.227500175812162e-33
0.92 2.36 -4.3914311665509906e-23
0.92 2.4200000000000004 1.4876778351400281e-46
0.92 2.48 4.5735973414165865e-48
0.92 2.5400000000000005 0.0
0.92 2.5999999999999996 0.0
0.92 2.66 0.0
0.92 2.7199999999999998 0.0
0.92 2.7800000000000002 0.0
0.92 2.84 0.0
0.92 2.9000000000000004 0.0
0.92 2.9599999999999995 0.0
0.92 3.02 0.0
0.92 3.0799999999999996 0.0
0.92 3.14 0.0
0.92 3.1999999999999997 0.0
0.92 3.2600000000000002 0.0
0.92 3.3200000000000003 0.0
0.92 3.38 0.0
0.92 3.4399999999999995 0.0
0.92 3.5 0.0
0.98 0.5 0.0
0.98 0.56 0.0
0.98 0.62 0.0
0.98 0.6799999999999999 0.0
0.98 0.74 0.0
0.98 0.8 0.0
0.98 0.86 0.0
0.98 0.92 0.0
0.98 0.98 0.0
0.98 1.04 0.0
0.98 1.1 5.672289022708482e-5
0.98 1.1600000000000001 7.98565494493456e-9
0.98 1.22 4.3320913214579754e-5
0.98 1.28 9.621600700587381e-9
0.98 1.34 1.9107005643255726e-14
0.98 1.4 -1.912333266016194e-37
0.98 1.46 -2.4508073131306538e-76
0.98 1.52 2.425707176255628e-54
0.98 1.58 -1.2587024713552692e-91
0.98 1.6400000000000001 -2.7633078486514934e-33
0.98 1.7000000000000002 -6.163576251481225e-52
0.98 1.76 3.604942774878861e-39
0.98 1.82 -1.1764698728388692e-52
0.98 1.8800000000000001 -3.3664506981170077e-44
0.98 1.94 4.470610959777357e-54
0.98 2.0 6.4884656268492745e-40
0.98 2.06 2.2010835113787324e-18
0.98 2.12 8.597689829540912e-38
0.98 2.18 -2.056630866439471e-37
0.98 2.2399999999999998 5.163713158678735e-44
0.98 2.3000000000000003 -4.1184265557149113e-33
0.98 2.36 -8.119320002892333e-23
0.98 2.4200000000000004 7.246987436984865e-49
0.98 2.48 1.0911470043181406e-52
0.98 2.5400000000000005 0.0
0.98 2.5999999999999996 0.0
0.98 2.66 0.0
0.98 2.7199999999999998 0.0
0.98 2.7800000000000002 0.0
0.98 2.84 0.0
0.98 2.9000000000000004 0.0
0.98 2.9599999999999995 0.0
0.98 3.02 0.0
0.98 3.0799999999999996 0.0
0.98 3.14 0.0
0.98 3.1999999999999997 0.0
0.98 3.2600000000000002 0.0
0.98 3.3200000000000003 0.0
0.98 3.38 0.0
0.98 3.4399999999999995 0.0
0.98 3.5 0.0
1.04 0.5 0.0
1.04 0.56 0.0
1.04 0.62 0.0
1.04 0.6799999999999999 0.0
1.04 0.74 0.0
1.04 0.8 0.0
1.04 0.86 0.0
1.04 0.92 0.0
1.04 0.98 0.0
1.04 1.04 0.0
1.04 1.1 0.00016404022466640002
1.04 1.1600000000000001 -8.61794210603631e-6
1.04 1.22 7.086492030686373e-5
1.04 1.28 8.390998768361055e-27
1.04 1.34 -1.9543698266708152e-17
1.04 1.4 2.0770536768022283e-34
1.04 1.46 -7.088067544660835e-76
1.04 1.52 7.015043637142827e-54
1.04 1.58 -1.6324307277231928e-89
1.04 1.6400000000000001 -7.991370653020298e-33
1.04 1.7000000000000002 -7.095128916100694e-52
1.04 1.76 1.0334043714518432e-38
1.04 1.82 -3.402301566508931e-52
1.04 1.8800000000000001 -9.735634531961583e-44
1.04 1.94 -2.671417028367206e-61
1.04 2.0 3.8115882944616776e-43
1.04 2.06 2.66390496053557e-18
1.04 2.12 4.514936988687996e-34
1.04 2.18 -5.947604632499186e-37
1.04 2.2399999999999998 -1.1366783143867878e-41
1.04 2.3000000000000003 -1.1910317237762207e-32
1.04 2.36 -2.3480733652335692e-22
1.04 2.4200000000000004 -3.5362968474614064e-48
1.04 2.48 1.3066607738742937e-52
1.04 2.5400000000000005 0.0
1.04 2.5999999999999996 0.0
1.04 2.66 0.0
1.04 2.7199999999999998 0.0
1.04 2.7800000000000002 0.0
1.04 2.84 0.0
1.04 2.9000000000000004 0.0
1.04 2.9599999999999995 0.0
1.04 3.02 0.0
1.04 3.0799999999999996 0.0
1.04 3.14 0.0
1.04 3.1999999999999997 0.0
1.04 3.2600000000000002 0.0
1.04 3.3200000000000003 0.0
1.04 3.38 0.0
1.04 3.4399999999999995 0.0
1.04 3.5 0.0
1.1 0.5 0.0
1.1 0.56 0.0
1.1 0.62 0.0
1.1 0.6799999999999999 0.0
1.1 0.74 0.0
1.1 0.8 0.0
1.1 0.86 0.0
1.1 0.92 0.0
1.1 0.98 0.0
1.1 1.04 0.0
1.1 1.1 8.004211866804702e-6
1.1 1.1600000000000001 0.002093041028141195
1.1 1.22 0.004236679519778722
1.1 1.28 -0.00038966140239798627
1.1 1.34 2.128742667470375e-16
1.1 1.4 5.024435313583642e-32
1.1 1.46 1.490738909623943e-16
1.1 1.52 3.422934567309745e-55
1.1 1.58 -3.848015684537974e-87
1.1 1.6400000000000001 -3.899325543050273e-34
1.1 1.7000000000000002 -6.755085665137552e-49
1.1 1.76 -1.2780479605365003e-36
1.1 1.82 -1.6601260949908744e-53
1.1 1.8800000000000001 -4.750425184437215e-45
1.1 1.94 -1.3034966225960609e-62
1.1 2.0 8.093942485405009e-50
1.1 2.06 2.330328073361259e-15
1.1 2.12 -4.713470259599184e-30
1.1 2.18 1.4742995384265189e-33
1.1 2.2399999999999998 4.2769140111204e-39
1.1 2.3000000000000003 -5.812448795533238e-34
1.1 2.36 -1.1457236621293297e-23
1.1 2.4200000000000004 4.972931756421043e-39
1.1 2.48 5.263326606831651e-41
1.1 2.5400000000000005 0.0
1.1 2.5999999999999996 0.0
1.1 2.66 0.0
1.1 2.7199999999999998 0.0
1.1 2.7800000000000002 0.0
1.1 2.84 0.0
1.1 2.9000000000000004 0.0
1.1 2.9599999999999995 0.0
1.1 3.02 0.0
1.1 3.0799999999999996 0.0
1.1 3.14 0.0
1.1 3.1999999999999997 0.0
1.1 3.2600000000000002 0.0
1.1 3.3200000000000003 0.0
1.1 3.38 0.0
1.1 3.4399999999999995 0.0
1.1 3.5 0.0
1.1600000000000001 0.5 0.0
1.1600000000000001 0.56 0.0
1.1600000000000001 0.62 0.0
1.1600000000000001 0.6799999999999999 0.0
1.1600000000000001 0.74 0.0
1.1600000000000001 0.8 0.0
1.1600000000000001 0.86 0.0
1.1600000000000001 0.92 0.0
1.1600000000000001 0.98 0.0
1.1600000000000001 1.04 0.0
1.1600000000000001 1.1 9.225782493438053e-10
1.1600000000000001 1.1600000000000001 0.00013308772012015214
1.1600000000000001 1.22 1.4606635819948555e-5
1.1600000000000001 1.28 0.0008839069568146189
1.1600000000000001 1.34 -2.584679145098368e-11
1.1600000000000001 1.4 2.3000481791447913e-29
1.1600000000000001 1.46 -2.0091044370698234e-16
1.1600000000000001 1.52 -1.604751015126889e-31
1.1600000000000001 1.58 -2.4493071610419042e-48
1.1600000000000001 1.6400000000000001 2.817767479568757e-17
1.1600000000000001 1.7000000000000002 -3.5875811486269867e-44
1.1600000000000001 1.76 2.9002646955649382e-36
1.1600000000000001 1.82 -1.0554680671930133e-40
1.1600000000000001 1.8800000000000001 -5.475418295658032e-49
1.1600000000000001 1.94 -3.661064855476898e-49
1.1600000000000001 2.0 4.945104998508245e-49
1.1600000000000001 2.06 1.3818206781137155e-19
1.1600000000000001 2.12 -4.4345763640120367e-26
1.1600000000000001 2.18 1.8217180291763243e-27
1.1600000000000001 2.2399999999999998 2.455162300656393e-34
1.1600000000000001 2.3000000000000003 4.2791598548483176e-34
1.1600000000000001 2.36 -1.3205790224916315e-27
1.1600000000000001 2.4200000000000004 2.8993238297687005e-37
1.1600000000000001 2.48 5.820480989007406e-36
1.1600000000000001 2.5400000000000005 7.478399199560548e-39
1.1600000000000001 2.5999999999999996 -4.953611154102168e-96
1.1600000000000001 2.66 0.0
1.1600000000000001 2.7199999999999998 0.0
1.1600000000000001 2.7800000000000002 0.0
1.1600000000000001 2.84 0.0
1.1600000000000001 2.9000000000000004 0.0
1.1600000000000001 2.9599999999999995 0.0
1.1600000000000001 3.02 0.0
1.1600000000000001 3.0799999999999996 0.0
1.1600000000000001 3.14 0.0
1.1600000000000001 3.1999999999999997 0.0
1.1600000000000001 3.2600000000000002 0.0
1.1600000000000001 3.3200000000000003 0.0
1.1600000000000001 3.38 0.0
1.1600000000000001 3.4399999999999995 0.0
1.1600000000000001 3.5 0.0
1.22 0.5 0.0
1.22 0.56 0.0
1.22 0.62 0.0
1.22 0.6799999999999999 0.0
1.22 0.74 0.0
1.22 0.8 0.0
1.22 0.86 0.0
1.22 0.92 0.0
1.22 0.98 0.0
1.22 1.04 0.0
1.22 1.1 -5.299809037545843e-36
1.22 1.1600000000000001 1.102106314748421e-6
1.22 1.22 0.0010561138032439891
1.22 1.28 0.031382515523052906
1.22 1.34 1.2596821340003422e-7
1.22 1.4 0.0025016571638509164
1.22 1.46 4.199226356932089e-8
1.22 1.52 1.0312766265293843e-6
1.22 1.58 2.5008785164417877e-15
1.22 1.6400000000000001 3.185158396092748e-18
1.22 1.7000000000000002 -1.2815033535762664e-44
1.22 1.76 1.029159054551824e-34
1.22 1.82 -1.3090096370614344e-40
1.22 1.8800000000000001 -4.64795433586049e-41
1.22 1.94 -3.5148083005288886e-17
1.22 2.0 2.6318122646577672e-48
1.22 2.06 5.113067003954123e-13
1.22 2.12 -1.2439529088978416e-22
1.22 2.18 8.499592036263837e-24
1.22 2.2399999999999998 5.588484638144348e-31
1.22 2.3000000000000003 4.699847402961265e-31
1.22 2.36 8.841816628630436e-32
1.22 2.4200000000000004 2.9060016168537395e-30
1.22 2.48 1.3015505767767242e-34
1.22 2.5400000000000005 8.451403878412136e-40
1.22 2.5999999999999996 2.3992266553476156e-85
1.22 2.66 0.0
1.22 2.7199999999999998 0.0
1.22 2.7800000000000002 0.0
1.22 2.84 0.0
1.22 2.9000000000000004 0.0
1.22 2.9599999999999995 0.0
1.22 3.02 0.0
1.22 3.0799999999999996 0.0
1.22 3.14 0.0
1.22 3.1999999999999997 0.0
1.22 3.2600000000000002 0.0
1.22 3.3200000000000003 0.0
1.22 3.38 0.0
1.22 3.4399999999999995 0.0
1.22 3.5 0.0
1.28 0.5 0.0
1.28 0.56 0.0
1.28 0.62 0.0
1.28 0.6799999999999999 0.0
1.28 0.74 0.0
1.28 0.8 0.0
1.28 0.86 0.0
1.28 0.92 0.0
1.28 0.98 0.0
1.28 1.04 0.0
1.28 1.1 -2.6668238160978416e-35
1.28 1.1600000000000001 -6.915440474252451e-16
1.28 1.22 3.09216447752964e-5
1.28 1.28 -0.0828359357304908
1.28 1.34 -7.904305605648644e-8
1.28 1.4 0.012590836457658459
1.28 1.46 0.0012641631607215884
1.28 1.52 0.018037387035461115
1.28 1.58 2.403884090430693e-10
1.28 1.6400000000000001 1.266969632541751e-16
1.28 1.7000000000000002 -1.722848506271387e-37
1.28 1.76 -1.134837411602068e-24
1.28 1.82 1.737996827293585e-41
1.28 1.8800000000000001 -2.339385694150347e-40
1.28 1.94 -1.8277796521726273e-17
1.28 2.0 -1.4567396957263915e-39
1.28 2.06 -2.636904581947648e-16
1.28 2.12 7.550617878955663e-20
1.28 2.18 2.461008590602011e-22
1.28 2.2399999999999998 9.53224562268417e-28
1.28 2.3000000000000003 -2.2475868405890614e-30
1.28 2.36 4.103720991198948e-28
1.28 2.4200000000000004 7.574926014219232e-28
1.28 2.48 8.27118950048227e-31
1.28 2.5400000000000005 -1.0452847411251987e-34
1.28 2.5999999999999996 -7.891058266855786e-85
1.28 2.66 0.0
1.28 2.7199999999999998 0.0
1.28 2.7800000000000002 0.0
1.28 2.84 0.0
1.28 2.9000000000000004 0.0
1.28 2.9599999999999995 0.0
1.28 3.02 0.0
1.28 3.0799999999999996 0.0
1.28 3.14 0.0
1.28 3.1999999999999997 0.0
1.28 3.2600000000000002 0.0
1.28 3.3200000000000003 0.0
1.28 3.38 0.0
1.28 3.4399999999999995 0.0
1.28 3.5 0.0
1.34 0.5 0.0
1.34 0.56 0.0
1.34 0.62 0.0
1.34 0.6799999999999999 0.0
1.34 0.74 0.0
1.34 0.8 0.0
1.34 0.86 0.0
1.34 0.92 0.0
1.34 0.98 0.0
1.34 1.04 0.0
1.34 1.1 -6.416509883248194e-34
1.34 1.1600000000000001 -1.3115827575778985e-16
1.34 1.22 4.006361536631324e-12
1.34 1.28 0.00029501200298287565
1.34 1.34 0.0384921938120147
1.34 1.4 0.30287658331862266
1.34 1.46 0.16888811368015214
1.34 1.52 0.010847596182148875
1.34 1.58 0.1261832515052847
1.34 1.6400000000000001 1.1447043292936854e-7
1.34 1.7000000000000002 3.3154726117237645e-21
1.34 1.76 7.361266173695076e-24
1.34 1.82 -5.968914608099225e-35
1.34 1.8800000000000001 -5.587453639856362e-35
1.34 1.94 2.170033026041118e-21
1.34 2.0 -2.7074820678556807e-18
1.34 2.06 -2.510042089236967e-16
1.34 2.12 1.2311840188764752e-16
1.34 2.18 8.092839945358871e-25
1.34 2.2399999999999998 3.501765422833123e-24
1.34 2.3000000000000003 -1.3231593976668337e-26
1.34 2.36 4.429652646993652e-25
1.34 2.4200000000000004 -9.993116281397737e-25
1.34 2.48 7.137006402655145e-28
1.34 2.5400000000000005 -1.0242647440422856e-25
1.34 2.5999999999999996 6.734678678955689e-85
1.34 2.66 0.0
1.34 2.7199999999999998 0.0
1.34 2.7800000000000002 0.0
1.34 2.84 0.0
1.34 2.9000000000000004 0.0
1.34 2.9599999999999995 0.0
1.34 3.02 0.0
1.34 3.0799999999999996 0.0
1.34 3.14 0.0
1.34 3.1999999999999997 0.0
1.34 3.2600000000000002 0.0
1.34 3.3200000000000003 0.0
1.34 3.38 0.0
1.34 3.4399999999999995 0.0
1.34 3.5 0.0
1.4 0.5 0.0
1.4 0.56 0.0
1.4 0.62 0.0
1.4 0.6799999999999999 0.0
1.4 0.74 0.0
1.4 0.8 0.0
1.4 0.86 0.0
1.4 0.92 0.0
1.4 0.98 0.0
1.4 1.04 0.0
1.4 1.1 -3.3909553179094492e-34
1.4 1.1600000000000001 1.32861954735361e-9
1.4 1.22 3.42320673719726e-5
1.4 1.28 6.911840646965925e-11
1.4 1.34 0.0014418577758564936
1.4 1.4 0.16006221171116933
1.4 1.46 0.6836727730215417
1.4 1.52 0.9109889926526941
1.4 1.58 0.06360560545023661
1.4 1.6400000000000001 0.41468519804383036
1.4 1.7000000000000002 7.492518412883158e-16
1.4 1.76 1.247181409031164e-18
1.4 1.82 -3.5704431125788093e-25
1.4 1.8800000000000001 -5.310811427389066e-15
1.4 1.94 -9.216136768445574e-12
1.4 2.0 -8.761085574002146e-14
1.4 2.06 3.427397891796912e-14
1.4 2.12 1.4330480475991507e-21
1.4 2.18 4.382640357296442e-21
1.4 2.2399999999999998 6.533682178769747e-26
1.4 2.3000000000000003 8.835147362702328e-22
1.4 2.36 1.0327996396491733e-22
1.4 2.4200000000000004 8.223996778493203e-22
1.4 2.48 5.468395274994739e-27
1.4 2.5400000000000005 -7.85486250638733e-25
1.4 2.5999999999999996 1.0803392312736571e-82
1.4 2.66 0.0
1.4 2.7199999999999998 0.0
1.4 2.7800000000000002 0.0
1.4 2.84 0.0
1.4 2.9000000000000004 0.0
1.4 2.9599999999999995 0.0
1.4 3.02 0.0
1.4 3.0799999999999996 0.0
1.4 3.14 0.0
1.4 3.1999999999999997 0.0
1.4 3.2600000000000002 0.0
1.4 3.3200000000000003 0.0
1.4 3.38 0.0
1.4 3.4399999999999995 0.0
1.4 3.5 0.0
1.46 0.5 0.0
1.46 0.56 0.0
1.46 0.62 0.0
1.46 0.6799999999999999 0.0
1.46 0.74 0.0
1.46 0.8 0.0
1.46 0.86 0.0
1.46 0.92 0.0
1.46 0.98 0.0
1.46 1.04 0.0
1.46 1.1 3.0730509695248315e-38
1.46 1.1600000000000001 -1.212033577938612e-17
1.46 1.22 -4.060307113522086e-17
1.46 1.28 -3.9092956653630754e-19
1.46 1.34 -0.004185193025652676
1.46 1.4 -0.003030440660418199
1.46 1.46 0.5077781197277275
1.46 1.52 0.0007027036657439365
1.46 1.58 1.0324628416275903
1.46 1.6400000000000001 0.2606063819767428
1.46 1.7000000000000002 1.1771740003494127
1.46 1.76 -0.0015889823819973002
1.46 1.82 -1.8092602991390668e-9
1.46 1.8800000000000001 1.2231867354782571e-8
1.46 1.94 4.047923757273071e-11
1.46 2.0 5.337250122330621e-19
1.46 2.06 -2.8363173924436914e-16
1.46 2.12 1.765494867465361e-17
1.46 2.18 1.3724722904112504e-22
1.46 2.2399999999999998 -4.681078362884571e-20
1.46 2.3000000000000003 2.8917704752907425e-19
1.46 2.36 3.995368400609648e-20
1.46 2.4200000000000004 5.341144685788692e-19
1.46 2.48 4.800324916594714e-26
1.46 2.5400000000000005 -7.49614207431339e-24
1.46 2.5999999999999996 -1.6942139754781322e-79
1.46 2.66 0.0
1.46 2.7199999999999998 0.0
1.46 2.7800000000000002 0.0
1.46 2.84 0.0
1.46 2.9000000000000004 0.0
1.46 2.9599999999999995 0.0
1.46 3.02 0.0
1.46 3.0799999999999996 0.0
1.46 3.14 0.0
1.46 3.1999999999999997 0.0
1.46 3.2600000000000002 0.0
1.46 3.3200000000000003 0.0
1.46 3.38 0.0
1.46 3.4399999999999995 0.0
1.46 3.5 0.0
1.52 0.5 0.0
1.52 0.56 0.0
1.52 0.62 0.0
1.52 0.6799999999999999 0.0
1.52 0.74 0.0
1.52 0.8 0.0
1.52 0.86 0.0
1.52 0.92 0.0
1.52 0.98 0.0
1.52 1.04 0.0
1.52 1.1 -3.171130801697827e-42
1.52 1.1600000000000001 2.4292987992632054e-11
1.52 1.22 0.005869450307213275
1.52 1.28 2.7581370683953892e-17
1.52 1.34 6.750454196989426e-15
1.52 1.4 -0.021543375581087848
1.52 1.46 0.039639362379918934
1.52 1.52 1.3441413558483009
1.52 1.58 2.323415881346217
1.52 1.6400000000000001 0.4175258328537731
1.52 1.7000000000000002 1.0889805982036975
1.52 1.76 2.1787825993260306
1.52 1.82 0.005407753530458036
1.52 1.8800000000000001 4.226402668502351e-10
1.52 1.94 2.312670217714751e-14
1.52 2.0 2.3367562873371498e-14
1.52 2.06 8.107408617088728e-17
1.52 2.12 -4.532416236697307e-19
1.52 2.18 6.5079330059311315e-15
1.52 2.2399999999999998 4.0723868442046144e-18
1.52 2.3000000000000003 4.08936461480449e-17
1.52 2.36 -1.225703895518287e-15
1.52 2.4200000000000004 8.33450502668401e-23
1.52 2.48 1.3947187590095437e-23
1.52 2.5400000000000005 1.76159063723619e-24
1.52 2.5999999999999996 1.8403696994108245e-79
1.52 2.66 0.0
1.52 2.7199999999999998 0.0
1.52 2.7800000000000002 0.0
1.52 2.84 0.0
1.52 2.9000000000000004 0.0
1.52 2.9599999999999995 0.0
1.52 3.02 0.0
1.52 3.0799999999999996 0.0
1.52 3.14 0.0
1.52 3.1999999999999997 0.0
1.52 3.2600000000000002 0.0
1.52 3.3200000000000003 0.0
1.52 3.38 0.0
1.52 3.4399999999999995 0.0
1.52 3.5 0.0
1.58 0.5 0.0
1.58 0.56 0.0
1.58 0.62 0.0
1.58 0.6799999999999999 0.0
1.58 0.74 0.0
1.58 0.8 0.0
1.58 0.86 0.0
1.58 0.92 0.0
1.58 0.98 0.0
1.58 1.04 0.0
1.58 1.1 -9.265246460311938e-46
1.58 1.1600000000000001 -0.00023456755710695774
1.58 1.22 0.0004979957949214338
1.58 1.28 0.009512322726818491
1.58 1.34 -0.0034129161548785507
1.58 1.4 2.463776089708364e-14
1.58 1.46 -0.05264508521226758
1.58 1.52 0.12148639968612097
1.58 1.58 2.7825703287336006
1.58 1.6400000000000001 3.1513741909567914
1.58 1.7000000000000002 1.1049107912319394
1.58 1.76 2.372909406444856
1.58 1.82 3.9505428631926653
1.58 1.8800000000000001 0.0066072327186111725
1.58 1.94 2.5729115176857898e-12
1.58 2.0 -1.947711668088217e-12
1.58 2.06 4.4674376643251735e-11
1.58 2.12 3.008762764504478e-15
1.58 2.18 5.439997474951692e-13
1.58 2.2399999999999998 6.869309698395511e-12
1.58 2.3000000000000003 -1.9971007288223778e-13
1.58 2.36 2.2891059718347187e-20
1.58 2.4200000000000004 1.3798807449884124e-21
1.58 2.48 2.0292068179910586e-16
1.58 2.5400000000000005 8.39363392923704e-22
1.58 2.5999999999999996 -1.2747480849122812e-78
1.58 2.66 0.0
1.58 2.7199999999999998 0.0
1.58 2.7800000000000002 0.0
1.58 2.84 0.0
1.58 2.9000000000000004 0.0
1.58 2.9599999999999995 0.0
1.58 3.02 0.0
1.58 3.0799999999999996 0.0
1.58 3.14 0.0
1.58 3.1999999999999997 0.0
1.58 3.2600000000000002 0.0
1.58 3.3200000000000003 0.0
1.58 3.38 0.0
1.58 3.4399999999999995 0.0
1.58 3.5 0.0
1.6400000000000001 0.5 0.0
1.6400000000000001 0.56 0.0
1.6400000000000001 0.62 0.0
1.6400000000000001 0.6799999999999999 0.0
1.6400000000000001 0.74 0.0
1.6400000000000001 0.8 0.0
1.6400000000000001 0.86 0.0
1.6400000000000001 0.92 0.0
1.6400000000000001 0.98 0.0
1.6400000000000001 1.04 0.0
1.6400000000000001 1.1 -1.4265108051664194e-45
1.6400000000000001 1.1600000000000001 3.804358587360458e-17
1.6400000000000001 1.22 -9.706675147262747e-9
1.6400000000000001 1.28 0.07987418790595713
1.6400000000000001 1.34 0.05822531189221948
1.6400000000000001 1.4 -2.0883961801174816e-5
1.6400000000000001 1.46 1.2990787107830936e-12
1.6400000000000001 1.52 -0.07625889486951468
1.6400000000000001 1.58 -0.0618215251339197
1.6400000000000001 1.6400000000000001 4.83116705959488
1.6400000000000001 1.7000000000000002 3.85980159739351
1.6400000000000001 1.76 1.3084772828670843
1.6400000000000001 1.82 4.23342394146482
1.6400000000000001 1.8800000000000001 5.408429131041928
1.6400000000000001 1.94 0.03621274425847487
1.6400000000000001 2.0 4.5343628693329005e-8
1.6400000000000001 2.06 1.9663691180005308e-8
1.6400000000000001 2.12 -4.560024673399792e-9
1.6400000000000001 2.18 -3.324627212356874e-11
1.6400000000000001 2.2399999999999998 -5.975328352014641e-16
1.6400000000000001 2.3000000000000003 7.203295139586879e-18
1.6400000000000001 2.36 3.287096661212269e-18
1.6400000000000001 2.4200000000000004 3.376836601826778e-13
1.6400000000000001 2.48 2.083468005827989e-16
1.6400000000000001 2.5400000000000005 -2.13951845818852e-21
1.6400000000000001 2.5999999999999996 -1.7922278547164985e-74
1.6400000000000001 2.66 0.0
1.6400000000000001 2.7199999999999998 0.0
1.6400000000000001 2.7800000000000002 0.0
1.6400000000000001 2.84 0.0
1.6400000000000001 2.9000000000000004 0.0
1.6400000000000001 2.9599999999999995 0.0
1.6400000000000001 3.02 0.0
1.6400000000000001 3.0799999999999996 0.0
1.6400000000000001 3.14 0.0
1.6400000000000001 3.1999999999999997 0.0
1.6400000000000001 3.2600000000000002 0.0
1.6400000000000001 3.3200000000000003 0.0
1.6400000000000001 3.38 0.0
1.6400000000000001 3.4399999999999995 0.0
1.6400000000000001 3.5 0.0
1.7000000000000002 0.5 0.0
1.7000000000000002 0.56 0.0
1.7000000000000002 0.62 0.0
1.7000000000000002 0.6799999999999999 0.0
1.7000000000000002 0.74 0.0
1.7000000000000002 0.8 0.0
1.7000000000000002 0.86 0.0
1.7000000000000002 0.92 0.0
1.7000000000000002 0.98 0.0
1.7000000000000002 1.04 0.0
1.7000000000000002 1.1 -2.1080870020045417e-44
1.7000000000000002 1.1600000000000001 6.940004954241176e-17
1.7000000000000002 1.22 -8.901406839894281e-17
1.7000000000000002 1.28 3.4628992845375896e-14
1.7000000000000002 1.34 0.0017808876188920777
1.7000000000000002 1.4 0.3023745097641786
1.7000000000000002 1.46 -1.0078680672154166e-6
1.7000000000000002 1.52 1.4895126887878225
1.7000000000000002 1.58 -0.038867072691244356
1.7000000000000002 1.6400000000000001 0.022314891165147146
1.7000000000000002 1.7000000000000002 6.894094424059712
1.7000000000000002 1.76 4.260067247512091
1.7000000000000002 1.82 1.3732338693099067
1.7000000000000002 1.8800000000000001 5.465481486411981
1.7000000000000002 1.94 6.161261908829546
1.7000000000000002 2.0 0.07774817699738479
1.7000000000000002 2.06 3.302363170053755e-15
1.7000000000000002 2.12 1.881134943871075e-14
1.7000000000000002 2.18 6.342147989047726e-17
1.7000000000000002 2.2399999999999998 1.819151249081503e-15
1.7000000000000002 2.3000000000000003 2.0020818517171572e-10
1.7000000000000002 2.36 5.34787957193208e-12
1.7000000000000002 2.4200000000000004 4.848357278461198e-12
1.7000000000000002 2.48 1.6861006547382273e-14
1.7000000000000002 2.5400000000000005 1.6177656430782688e-20
1.7000000000000002 2.5999999999999996 1.211644157452905e-74
1.7000000000000002 2.66 0.0
1.7000000000000002 2.7199999999999998 0.0
1.7000000000000002 2.7800000000000002 0.0
1.7000000000000002 2.84 0.0
1.7000000000000002 2.9000000000000004 0.0
1.7000000000000002 2.9599999999999995 0.0
1.7000000000000002 3.02 0.0
1.7000000000000002 3.0799999999999996 0.0
1.7000000000000002 3.14 0.0
1.7000000000000002 3.1999999999999997 0.0
1.7000000000000002 3.2600000000000002 0.0
1.7000000000000002 3.3200000000000003 0.0
1.7000000000000002 3.38 0.0
1.7000000000000002 3.4399999999999995 0.0
1.7000000000000002 3.5 0.0
1.76 0.5 0.0
1.76 0.56 0.0
1.76 0.62 0.0
1.76 0.6799999999999999 0.0
1.76 0.74 0.0
1.76 0.8 0.0
1.76 0.86 0.0
1.76 0.92 0.0
1.76 0.98 0.0
1.76 1.04 0.0
1.76 1.1 -1.228811910522889e-43
1.76 1.1600000000000001 -5.697642269353469e-17
1.76 1.22 9.643699124218534e-18
1.76 1.28 5.277854586924815e-18
1.76 1.34 4.241205659959237e-6
1.76 1.4 0.05694157481386884
1.76 1.46 1.164784028816445e-8
1.76 1.52 0.19127029262746323
1.76 1.58 2.6760958022021595e-5
1.76 1.6400000000000001 0.0002781964663214211
1.76 1.7000000000000002 0.041574771068171465
1.76 1.76 9.467807476683415
1.76 1.82 3.463143077238221
1.76 1.8800000000000001 1.6419804998788328
1.76 1.94 6.517775093029193
1.76 2.0 5.356452346873105
1.76 2.06 0.10257334491092296
1.76 2.12 1.5039686404153543e-7
1.76 2.18 4.4107582901109663e-11
1.76 2.2399999999999998 1.0543543459580779e-10
1.76 2.3000000000000003 3.634794934351232e-9
1.76 2.36 5.724101590152255e-12
1.76 2.4200000000000004 3.624626602559429e-11
1.76 2.48 1.7146187609690368e-8
1.76 2.5400000000000005 -1.986767397859238e-21
1.76 2.5999999999999996 9.186511251753197e-47
1.76 2.66 0.0
1.76 2.7199999999999998 0.0
1.76 2.7800000000000002 0.0
1.76 2.84 0.0
1.76 2.9000000000000004 0.0
1.76 2.9599999999999995 0.0
1.76 3.02 0.0
1.76 3.0799999999999996 0.0
1.76 3.14 0.0
1.76 3.1999999999999997 0.0
1.76 3.2600000000000002 0.0
1.76 3.3200000000000003 0.0
1.76 3.38 0.0
1.76 3.4399999999999995 0.0
1.76 3.5 0.0
1.82 0.5 0.0
1.82 0.56 0.0
1.82 0.62 0.0
1.82 0.6799999999999999 0.0
1.82 0.74 0.0
1.82 0.8 0.0
1.82 0.86 0.0
1.82 0.92 0.0
1.82 0.98 0.0
1.82 1.04 0.0
1.82 1.1 -3.800198339508739e-43
1.82 1.1600000000000001 3.4178507885821546e-15
1.82 1.22 -3.7258526284005286e-16
1.82 1.28 7.568438074468813e-18
1.82 1.34 -1.0740299449932735e-9
1.82 1.4 2.472533082651653e-12
1.82 1.46 -4.095773044491356e-9
1.82 1.52 2.606656808154342e-7
1.82 1.58 1.1950248806971397e-6
1.82 1.6400000000000001 3.6095345185411323
1.82 1.7000000000000002 0.42672345440454135
1.82 1.76 1.7179243718813335
1.82 1.82 12.995599293935566
1.82 1.8800000000000001 2.4192572188687627
1.82 1.94 2.49537017438496
1.82 2.0 6.652725566337982
1.82 2.06 4.670888708874351
1.82 2.12 0.023953821251982723
1.82 2.18 4.134428399695789e-6
1.82 2.2399999999999998 2.2159763095775916e-5
1.82 2.3000000000000003 4.271239030140006e-6
1.82 2.36 3.504667001360227e-10
1.82 2.4200000000000004 1.035645962994833e-12
1.82 2.48 1.1685159281133076e-9
1.82 2.5400000000000005 -2.809191574990964e-20
1.82 2.5999999999999996 1.0262728328061958e-45
1.82 2.66 0.0
1.82 2.7199999999999998 0.0
1.82 2.7800000000000002 0.0
1.82 2.84 0.0
1.82 2.9000000000000004 0.0
1.82 2.9599999999999995 0.0
1.82 3.02 0.0
1.82 3.0799999999999996 0.0
1.82 3.14 0.0
1.82 3.1999999999999997 0.0
1.82 3.2600000000000002 0.0
1.82 3.3200000000000003 0.0
1.82 3.38 0.0
1.82 3.4399999999999995 0.0
1.82 3.5 0.0
1.8800000000000001 0.5 0.0
1.8800000000000001 0.56 0.0
1.8800000000000001 0.62 0.0
1.8800000000000001 0.6799999999999999 0.0
1.8800000000000001 0.74 0.0
1.8800000000000001 0.8 0.0
1.8800000000000001 0.86 0.0
1.8800000000000001 0.92 0.0
1.8800000000000001 0.98 0.0
1.8800000000000001 1.04 0.0
1.8800000000000001 1.1 -7.342078659203662e-44
1.8800000000000001 1.1600000000000001 -1.4200170926022873e-16
1.8800000000000001 1.22 -4.800811234978954e-18
1.8800000000000001 1.28 -8.259758701450663e-19
1.8800000000000001 1.34 3.4519479624916215e-16
1.8800000000000001 1.4 5.851427613173112e-14
1.8800000000000001 1.46 0.0002514958822466145
1.8800000000000001 1.52 0.14279907560350266
1.8800000000000001 1.58 1.6581446894237655
1.8800000000000001 1.6400000000000001 0.3955340921655152
1.8800000000000001 1.7000000000000002 -0.00022040546008376293
1.8800000000000001 1.76 0.8864970712488284
1.8800000000000001 1.82 2.2755332545924576
1.8800000000000001 1.8800000000000001 16.783320053424596
1.8800000000000001 1.94 2.6282838438313765
1.8800000000000001 2.0 2.9204530676155938
1.8800000000000001 2.06 6.077504980717612
1.8800000000000001 2.12 2.637514412925644
1.8800000000000001 2.18 -0.007809934541232735
1.8800000000000001 2.2399999999999998 8.576770491526213e-6
1.8800000000000001 2.3000000000000003 2.1304766786376103e-7
1.8800000000000001 2.36 1.0225901004235732e-11
1.8800000000000001 2.4200000000000004 6.199767102487931e-12
1.8800000000000001 2.48 2.1975266689740762e-11
1.8800000000000001 2.5400000000000005 -7.756655861084069e-21
1.8800000000000001 2.5999999999999996 -1.404879348089149e-45
1.8800000000000001 2.66 0.0
1.8800000000000001 2.7199999999999998 0.0
1.8800000000000001 2.7800000000000002 0.0
1.8800000000000001 2.84 0.0
1.8800000000000001 2.9000000000000004 0.0
1.8800000000000001 2.9599999999999995 0.0
1.8800000000000001 3.02 0.0
1.8800000000000001 3.0799999999999996 0.0
1.8800000000000001 3.14 0.0
1.8800000000000001 3.1999999999999997 0.0
1.8800000000000001 3.2600000000000002 0.0
1.8800000000000001 3.3200000000000003 0.0
1.8800000000000001 3.38 0.0
1.8800000000000001 3.4399999999999995 0.0
1.8800000000000001 3.5 0.0
1.94 0.5 0.0
1.94 0.56 0.0
1.94 0.62 0.0
1.94 0.6799999999999999 0.0
1.94 0.74 0.0
1.94 0.8 0.0
1.94 0.86 0.0
1.94 0.92 0.0
1.94 0.98 0.0
1.94 1.04 0.0
1.94 1.1 9.942318535433489e-38
1.94 1.1600000000000001 -6.256101070757321e-16
1.94 1.22 3.2075953177583437e-19
1.94 1.28 -8.23323420610445e-17
1.94 1.34 -8.250659324356955e-17
1.94 1.4 4.0142164680899153e-17
1.94 1.46 3.101484678218771e-11
1.94 1.52 2.64473937202736e-9
1.94 1.58 4.5134927743424055e-7
1.94 1.6400000000000001 9.918173919452242e-5
1.94 1.7000000000000002 0.43266930878102106
1.94 1.76 4.374473000242245
1.94 1.82 1.413633612979709
1.94 1.8800000000000001 2.6168275263099186
1.94 1.94 15.850149526140152
1.94 2.0 1.6180769791029213
1.94 2.06 0.20654957493581036
1.94 2.12 4.201603850317096
1.94 2.18 1.0884410807489886
1.94 2.2399999999999998 0.01186868439217827
1.94 2.3000000000000003 0.0008532772288371218
1.94 2.36 0.00043337926273069913
1.94 2.4200000000000004 0.0002547651291767502
1.94 2.48 1.2191115567533908e-6
1.94 2.5400000000000005 -2.2589188021505286e-20
1.94 2.5999999999999996 4.630438340038789e-45
1.94 2.66 0.0
1.94 2.7199999999999998 0.0
1.94 2.7800000000000002 0.0
1.94 2.84 0.0
1.94 2.9000000000000004 0.0
1.94 2.9599999999999995 0.0
1.94 3.02 0.0
1.94 3.0799999999999996 0.0
1.94 3.14 0.0
1.94 3.1999999999999997 0.0
1.94 3.2600000000000002 0.0
1.94 3.3200000000000003 0.0
1.94 3.38 0.0
1.94 3.4399999999999995 0.0
1.94 3.5 0.0
2.0 0.5 0.0
2.0 0.56 0.0
2.0 0.62 0.0
2.0 0.6799999999999999 0.0
2.0 0.74 0.0
2.0 0.8 0.0
2.0 0.86 0.0
2.0 0.92 0.0
2.0 0.98 0.0
2.0 1.04 0.0
2.0 1.1 2.413807686678805e-37
2.0 1.1600000000000001 8.56904701948682e-16
2.0 1.22 -4.461890514430292e-18
2.0 1.28 -1.0948054802710281e-15
2.0 1.34 4.825341167277623e-16
2.0 1.4 -1.0497635457855444e-15
2.0 1.46 1.9072509648325393e-16
2.0 1.52 1.3524192985475767e-9
2.0 1.58 0.2082261705680048
2.0 1.6400000000000001 0.0014900811137649082
2.0 1.7000000000000002 2.125420677506237
2.0 1.76 0.06150996126137581
2.0 1.82 3.8538927160823597
2.0 1.8800000000000001 1.536084117141991
2.0 1.94 2.58426652838316
2.0 2.0 13.438763162392693
2.0 2.06 4.731605049196008
2.0 2.12 2.50062282023668
2.0 2.18 0.05780221627720919
2.0 2.2399999999999998 0.017854216143936924
2.0 2.3000000000000003 0.006680270851948264
2.0 2.36 0.0010521632262715903
2.0 2.4200000000000004 1.8093679329402963e-5
2.0 2.48 8.255591938705982e-8
2.0 2.5400000000000005 -6.722221417228963e-20
2.0 2.5999999999999996 2.264042079970976e-44
2.0 2.66 0.0
2.0 2.7199999999999998 0.0
2.0 2.7800000000000002 0.0
2.0 2.84 0.0
2.0 2.9000000000000004 0.0
2.0 2.9599999999999995 0.0
2.0 3.02 0.0
2.0 3.0799999999999996 0.0
2.0 3.14 0.0
2.0 3.1999999999999997 0.0
2.0 3.2600000000000002 0.0
2.0 3.3200000000000003 0.0
2.0 3.38 0.0
2.0 3.4399999999999995 0.0
2.0 3.5 0.0
2.06 0.5 0.0
2.06 0.56 0.0
2.06 0.62 0.0
2.06 0.6799999999999999 0.0
2.06 0.74 0.0
2.06 0.8 0.0
2.06 0.86 0.0
2.06 0.92 0.0
2.06 0.98 0.0
2.06 1.04 0.0
2.06 1.1 3.983981374526389e-36
2.06 1.1600000000000001 -7.72922348930882e-16
2.06 1.22 -6.969121981015613e-18
2.06 1.28 -1.8711520155347795e-15
2.06 1.34 -5.694551757836707e-16
2.06 1.4 2.1299681235391346e-18
2.06 1.46 -1.3088269775542324e-15
2.06 1.52 2.7964577168757635e-12
2.06 1.58 6.029077507210295e-8
2.06 1.6400000000000001 0.00018867475024308646
2.06 1.7000000000000002 0.020934168010017202
2.06 1.76 0.7187560541035801
2.06 1.82 0.01399678149830671
2.06 1.8800000000000001 3.310755445097281
2.06 1.94 1.581041125527941
2.06 2.0 2.518661834197691
2.06 2.06 8.338534767420006
2.06 2.12 4.289451226951035
2.06 2.18 0.9470632235753645
2.06 2.2399999999999998 0.08394797626974199
2.06 2.3000000000000003 0.16659196297824413
2.06 2.36 0.01736690741192044
2.06 2.4200000000000004 0.005455894404675667
2.06 2.48 0.0016903315674004957
2.06 2.5400000000000005 -2.4067283486455455e-22
2.06 2.5999999999999996 4.3771588416483816e-44
2.06 2.66 0.0
2.06 2.7199999999999998 0.0
2.06 2.7800000000000002 0.0
2.06 2.84 0.0
2.06 2.9000000000000004 0.0
2.06 2.9599999999999995 0.0
2.06 3.02 0.0
2.06 3.0799999999999996 0.0
2.06 3.14 0.0
2.06 3.1999999999999997 0.0
2.06 3.2600000000000002 0.0
2.06 3.3200000000000003 0.0
2.06 3.38 0.0
2.06 3.4399999999999995 0.0
2.06 3.5 0.0
2.12 0.5 0.0
2.12 0.56 0.0
2.12 0.62 0.0
2.12 0.6799999999999999 0.0
2.12 0.74 0.0
2.12 0.8 0.0
2.12 0.86 0.0
2.12 0.92 0.0
2.12 0.98 0.0
2.12 1.04 0.0
2.12 1.1 1.1745966508630442e-35
2.12 1.1600000000000001 -3.242735792104032e-16
2.12 1.22 7.778623978399707e-18
2.12 1.28 -1.0333813079847334e-19
2.12 1.34 -9.501946475213289e-17
2.12 1.4 8.940367376756172e-21
2.12 1.46 -5.1748139944141085e-15
2.12 1.52 1.2452536363307988e-14
2.12 1.58 1.4353004543414706e-9
2.12 1.6400000000000001 9.584508052308901e-7
2.12 1.7000000000000002 6.791633819991834e-5
2.12 1.76 0.0011862675767570201
2.12 1.82 0.04889194975753613
2.12 1.8800000000000001 0.00045916116401056503
2.12 1.94 2.4665621632535566
2.12 2.0 1.534173769530513
2.12 2.06 1.8880082323020848
2.12 2.12 3.6159795321360537
2.12 2.18 3.049502811921061
2.12 2.2399999999999998 0.9010558975521951
2.12 2.3000000000000003 0.2975731670677878
2.12 2.36 0.08643962131967345
2.12 2.4200000000000004 0.010093445946835302
2.12 2.48 0.00413176638823457
2.12 2.5400000000000005 -8.599425561077023e-22
2.12 2.5999999999999996 3.6753813781676486e-44
2.12 2.66 0.0
2.12 2.7199999999999998 0.0
2.12 2.7800000000000002 0.0
2.12 2.84 0.0
2.12 2.9000000000000004 0.0
2.12 2.9599999999999995 0.0
2.12 3.02 0.0
2.12 3.0799999999999996 0.0
2.12 3.14 0.0
2.12 3.1999999999999997 0.0
2.12 3.2600000000000002 0.0
2.12 3.3200000000000003 0.0
2.12 3.38 0.0
2.12 3.4399999999999995 0.0
2.12 3.5 0.0
2.18 0.5 0.0
2.18 0.56 0.0
2.18 0.62 0.0
2.18 0.6799999999999999 0.0
2.18 0.74 0.0
2.18 0.8 0.0
2.18 0.86 0.0
2.18 0.92 0.0
2.18 0.98 0.0
2.18 1.04 0.0
2.18 1.1 1.434414824996703e-35
2.18 1.1600000000000001 5.3336923598660407e-17
2.18 1.22 -2.4007723461499464e-17
2.18 1.28 2.4774647856666034e-17
2.18 1.34 -2.1573138246529215e-16
2.18 1.4 -1.9818740769916702e-22
2.18 1.46 2.432706730728461e-19
2.18 1.52 1.5571254949652899e-13
2.18 1.58 1.5586798333436174e-9
2.18 1.6400000000000001 2.419209880698335e-8
2.18 1.7000000000000002 4.1601571533953245e-5
2.18 1.76 0.00021939929779263238
2.18 1.82 1.8274480688301024e-6
2.18 1.8800000000000001 0.04814472547623414
2.18 1.94 1.177310217880931e-6
2.18 2.0 1.3166465194854757
2.18 2.06 1.330316429601802
2.18 2.12 0.8282787764118276
2.18 2.18 1.177909584599647
2.18 2.2399999999999998 1.134432222169944
2.18 2.3000000000000003 0.4905200969692988
2.18 2.36 0.06301533037400489
2.18 2.4200000000000004 0.03461414459682081
2.18 2.48 0.0088688316395038
2.18 2.5400000000000005 -2.939000107387974e-26
2.18 2.5999999999999996 1.643932171925287e-44
2.18 2.66 0.0
2.18 2.7199999999999998 0.0
2.18 2.7800000000000002 0.0
2.18 2.84 0.0
2.18 2.9000000000000004 0.0
2.18 2.9599999999999995 0.0
2.18 3.02 0.0
2.18 3.0799999999999996 0.0
2.18 3.14 0.0
2.18 3.1999999999999997 0.0
2.18 3.2600000000000002 0.0
2.18 3.3200000000000003 0.0
2.18 3.38 0.0
2.18 3.4399999999999995 0.0
2.18 3.5 0.0
2.2399999999999998 0.5 0.0
2.2399999999999998 0.56 0.0
2.2399999999999998 0.62 0.0
2.2399999999999998 0.6799999999999999 0.0
2.2399999999999998 0.74 0.0
2.2399999999999998 0.8 0.0
2.2399999999999998 0.86 0.0
2.2399999999999998 0.92 0.0
2.2399999999999998 0.98 0.0
2.2399999999999998 1.04 0.0
2.2399999999999998 1.1 7.14427725774186e-37
2.2399999999999998 1.1600000000000001 -1.358554826594219e-17
2.2399999999999998 1.22 4.875352847466802e-19
2.2399999999999998 1.28 -2.548563911253686e-19
2.2399999999999998 1.34 1.0365454972070705e-16
2.2399999999999998 1.4 -8.191202739386917e-26
2.2399999999999998 1.46 5.1068122577853955e-17
2.2399999999999998 1.52 4.0427267988918824e-16
2.2399999999999998 1.58 3.6637222990096446e-13
2.2399999999999998 1.6400000000000001 -5.329677658186824e-9
2.2399999999999998 1.7000000000000002 1.0167932071761259e-6
2.2399999999999998 1.76 5.752403256079139e-5
2.2399999999999998 1.82 1.8174387131139557e-13
2.2399999999999998 1.8800000000000001 0.0004274114357447136
2.2399999999999998 1.94 0.0022080862076414324
2.2399999999999998 2.0 2.0427958945871414e-9
2.2399999999999998 2.06 0.0004068272399706349
2.2399999999999998 2.12 0.15016207164677325
2.2399999999999998 2.18 0.30349953391222256
2.2399999999999998 2.2399999999999998 0.39206504202697756
2.2399999999999998 2.3000000000000003 0.4636566467956049
2.2399999999999998 2.36 0.14455410031761803
2.2399999999999998 2.4200000000000004 0.0017175938458379172
2.2399999999999998 2.48 0.01231094408386278
2.2399999999999998 2.5400000000000005 1.3695803140002127e-29
2.2399999999999998 2.5999999999999996 9.089955762001096e-48
2.2399999999999998 2.66 0.0
2.2399999999999998 2.7199999999999998 0.0
2.2399999999999998 2.7800000000000002 0.0
2.2399999999999998 2.84 0.0
2.2399999999999998 2.9000000000000004 0.0
2.2399999999999998 2.9599999999999995 0.0
2.2399999999999998 3.02 0.0
2.2399999999999998 3.0799999999999996 0.0
2.2399999999999998 3.14 0.0
2.2399999999999998 3.1999999999999997 0.0
2.2399999999999998 3.2600000000000002 0.0
2.2399999999999998 3.3200000000000003 0.0
2.2399999999999998 3.38 0.0
2.2399999999999998 3.4399999999999995 0.0
2.2399999999999998 3.5 0.0
2.3000000000000003 0.5 0.0
2.3000000000000003 0.56 0.0
2.3000000000000003 0.62 0.0
2.3000000000000003 0.6799999999999999 0.0
2.3000000000000003 0.74 0.0
2.3000000000000003 0.8 0.0
2.3000000000000003 0.86 0.0
2.3000000000000003 0.92 0.0
2.3000000000000003 0.98 0.0
2.3000000000000003 1.04 0.0
2.3000000000000003 1.1 1.0584646918899438e-35
2.3000000000000003 1.1600000000000001 -4.061262080290181e-18
2.3000000000000003 1.22 3.369699952152901e-18
2.3000000000000003 1.28 -2.0756823897626082e-16
2.3000000000000003 1.34 -2.0458285016975256e-17
2.3000000000000003 1.4 1.9757874331939202e-24
2.3000000000000003 1.46 1.9761644430546543e-19
2.3000000000000003 1.52 -1.412644488415145e-15
2.3000000000000003 1.58 4.35804750892412e-13
2.3000000000000003 1.6400000000000001 1.6613660475679965e-10
2.3000000000000003 1.7000000000000002 -7.624911639186932e-8
2.3000000000000003 1.76 6.546181380681845e-6
2.3000000000000003 1.82 1.5009705675810444e-11
2.3000000000000003 1.8800000000000001 8.36984759192193e-5
2.3000000000000003 1.94 0.0006986571957558489
2.3000000000000003 2.0 0.006424557587666432
2.3000000000000003 2.06 3.3925106521115034e-11
2.3000000000000003 2.12 0.07547831594113995
2.3000000000000003 2.18 0.07064806929458667
2.3000000000000003 2.2399999999999998 0.02963824492477173
2.3000000000000003 2.3000000000000003 0.09401870449897425
2.3000000000000003 2.36 0.095853897340184
2.3000000000000003 2.4200000000000004 0.05079220171603518
2.3000000000000003 2.48 0.005989495523181098
2.3000000000000003 2.5400000000000005 -1.9531166261170717e-30
2.3000000000000003 2.5999999999999996 7.606270618293867e-55
2.3000000000000003 2.66 0.0
2.3000000000000003 2.7199999999999998 0.0
2.3000000000000003 2.7800000000000002 0.0
2.3000000000000003 2.84 0.0
2.3000000000000003 2.9000000000000004 0.0
2.3000000000000003 2.9599999999999995 0.0
2.3000000000000003 3.02 0.0
2.3000000000000003 3.0799999999999996 0.0
2.3000000000000003 3.14 0.0
2.3000000000000003 3.1999999999999997 0.0
2.3000000000000003 3.2600000000000002 0.0
2.3000000000000003 3.3200000000000003 0.0
2.3000000000000003 3.38 0.0
2.3000000000000003 3.4399999999999995 0.0
2.3000000000000003 3.5 0.0
2.36 0.5 0.0
2.36 0.56 0.0
2.36 0.62 0.0
2.36 0.6799999999999999 0.0
2.36 0.74 0.0
2.36 0.8 0.0
2.36 0.86 0.0
2.36 0.92 0.0
2.36 0.98 0.0
2.36 1.04 0.0
2.36 1.1 3.9026265626352726e-36
2.36 1.1600000000000001 3.248722741722731e-20
2.36 1.22 9.000453899711714e-17
2.36 1.28 -1.2458950383195155e-45
2.36 1.34 -1.9821454259151032e-16
2.36 1.4 2.1223556946287003e-34
2.36 1.46 -4.336553119689655e-28
2.36 1.52 -7.743475235527652e-20
2.36 1.58 8.845696190676084e-15
2.36 1.6400000000000001 7.54178354142246e-12
2.36 1.7000000000000002 -5.441353471215431e-9
2.36 1.76 5.207378647182992e-7
2.36 1.82 1.6950654840855058e-13
2.36 1.8800000000000001 5.980482265639551e-6
2.36 1.94 0.00028928550651337125
2.36 2.0 0.016398879251071655
2.36 2.06 -3.807744573463699e-17
2.36 2.12 0.007463969396976682
2.36 2.18 0.00022800685205565883
2.36 2.2399999999999998 2.480477015915167e-6
2.36 2.3000000000000003 0.0004428504833066954
2.36 2.36 0.0170112978629972
2.36 2.4200000000000004 0.008701668159140277
2.36 2.48 7.69618010125725e-6
2.36 2.5400000000000005 0.0
2.36 2.5999999999999996 0.0
2.36 2.66 0.0
2.36 2.7199999999999998 0.0
2.36 2.7800000000000002 0.0
2.36 2.84 0.0
2.36 2.9000000000000004 0.0
2.36 2.9599999999999995 0.0
2.36 3.02 0.0
2.36 3.0799999999999996 0.0
2.36 3.14 0.0
2.36 3.1999999999999997 0.0
2.36 3.2600000000000002 0.0
2.36 3.3200000000000003 0.0
2.36 3.38 0.0
2.36 3.4399999999999995 0.0
2.36 3.5 0.0
2.4200000000000004 0.5 0.0
2.4200000000000004 0.56 0.0
2.4200000000000004 0.62 0.0
2.4200000000000004 0.6799999999999999 0.0
2.4200000000000004 0.74 0.0
2.4200000000000004 0.8 0.0
2.4200000000000004 0.86 0.0
2.4200000000000004 0.92 0.0
2.4200000000000004 0.98 0.0
2.4200000000000004 1.04 0.0
2.4200000000000004 1.1 9.885739702071658e-36
2.4200000000000004 1.1600000000000001 1.66507652156585e-19
2.4200000000000004 1.22 4.6494816611855077e-17
2.4200000000000004 1.28 6.267009062329134e-48
2.4200000000000004 1.34 2.8042958480208543e-42
2.4200000000000004 1.4 -1.047547816680306e-35
2.4200000000000004 1.46 1.2225512207252533e-58
2.4200000000000004 1.52 1.9065234206593403e-66
2.4200000000000004 1.58 2.0383748881488727e-58
2.4200000000000004 1.6400000000000001 -5.9589756959265945e-43
2.4200000000000004 1.7000000000000002 1.0697539897011764e-35
2.4200000000000004 1.76 5.251257146853205e-37
2.4200000000000004 1.82 -5.149740984540433e-37
2.4200000000000004 1.8800000000000001 -4.5073224850531707e-35
2.4200000000000004 1.94 4.9110570089958225e-99
2.4200000000000004 2.0 -1.3568228240516758e-51
2.4200000000000004 2.06 4.184366843323596e-17
2.4200000000000004 2.12 -1.0786966136712015e-43
2.4200000000000004 2.18 -7.050202500099826e-37
2.4200000000000004 2.2399999999999998 4.50717320477817e-35
2.4200000000000004 2.3000000000000003 -1.6614515964361848e-29
2.4200000000000004 2.36 0.04309130273511317
2.4200000000000004 2.4200000000000004 0.0007102076420251085
2.4200000000000004 2.48 1.960703783576518e-5
2.4200000000000004 2.5400000000000005 0.0
2.4200000000000004 2.5999999999999996 0.0
2.4200000000000004 2.66 0.0
2.4200000000000004 2.7199999999999998 0.0
2.4200000000000004 2.7800000000000002 0.0
2.4200000000000004 2.84 0.0
2.4200000000000004 2.9000000000000004 0.0
2.4200000000000004 2.9599999999999995 0.0
2.4200000000000004 3.02 0.0
2.4200000000000004 3.0799999999999996 0.0
2.4200000000000004 3.14 0.0
2.4200000000000004 3.1999999999999997 0.0
2.4200000000000004 3.2600000000000002 0.0
2.4200000000000004 3.3200000000000003 0.0
2.4200000000000004 3.38 0.0
2.4200000000000004 3.4399999999999995 0.0
2.4200000000000004 3.5 0.0
2.48 0.5 0.0
2.48 0.56 0.0
2.48 0.62 0.0
2.48 0.6799999999999999 0.0
2.48 0.74 0.0
2.48 0.8 0.0
2.48 0.86 0.0
2.48 0.92 0.0
2.48 0.98 0.0
2.48 1.04 0.0
2.48 1.1 6.162834482013116e-56
2.48 1.1600000000000001 1.2052309253396078e-16
2.48 1.22 -5.308346074395008e-18
2.48 1.28 9.59144269810764e-48
2.48 1.34 -3.5344660400394536e-44
2.48 1.4 2.7647167479529787e-37
2.48 1.46 1.923823378818452e-59
2.48 1.52 7.056054827346854e-66
2.48 1.58 -5.399873558506833e-62
2.48 1.6400000000000001 -5.227450582674541e-44
2.48 1.7000000000000002 3.22190749892217e-37
2.48 1.76 8.937509373809576e-38
2.48 1.82 2.3447498378060334e-38
2.48 1.8800000000000001 7.206745930621263e-60
2.48 1.94 1.1628517674083882e-99
2.48 2.0 3.3175433032089694e-60
2.48 2.06 1.5486367250612e-16
2.48 2.12 1.2480921395948148e-44
2.48 2.18 -1.1148858436527845e-43
2.48 2.2399999999999998 -4.2982210496889515e-44
2.48 2.3000000000000003 -3.2171299304246566e-34
2.48 2.36 -8.440253794240139e-23
2.48 2.4200000000000004 4.8485949672535825e-12
2.48 2.48 5.8965012564758955e-5
2.48 2.5400000000000005 0.0
2.48 2.5999999999999996 0.0
2.48 2.66 0.0
2.48 2.7199999999999998 0.0
2.48 2.7800000000000002 0.0
2.48 2.84 0.0
2.48 2.9000000000000004 0.0
2.48 2.9599999999999995 0.0
2.48 3.02 0.0
2.48 3.0799999999999996 0.0
2.48 3.14 0.0
2.48 3.1999999999999997 0.0
2.48 3.2600000000000002 0.0
2.48 3.3200000000000003 0.0
2.48 3.38 0.0
2.48 3.4399999999999995 0.0
2.48 3.5 0.0
2.5400000000000005 0.5 0.0
2.5400000000000005 0.56 0.0
2.5400000000000005 0.62 0.0
2.5400000000000005 0.6799999999999999 0.0
2.5400000000000005 0.74 0.0
2.5400000000000005 0.8 0.0
2.5400000000000005 0.86 0.0
2.5400000000000005 0.92 0.0
2.5400000000000005 0.98 0.0
2.5400000000000005 1.04 0.0
2.5400000000000005 1.1 -3.972548816351984e-72
2.5400000000000005 1.1600000000000001 1.2111502209439957e-16
2.5400000000000005 1.22 -1.9202254363263913e-17
2.5400000000000005 1.28 2.251038848586323e-54
2.5400000000000005 1.34 -8.29481454968292e-51
2.5400000000000005 1.4 6.488339740558593e-44
2.5400000000000005 1.46 4.514899827852846e-66
2.5400000000000005 1.52 -2.23312615074612e-65
2.5400000000000005 1.58 -1.2672662408478902e-68
2.5400000000000005 1.6400000000000001 -1.2267974528739762e-50
2.5400000000000005 1.7000000000000002 7.561304074515498e-44
2.5400000000000005 1.76 2.0974846604485296e-44
2.5400000000000005 1.82 5.5027461219310035e-45
2.5400000000000005 1.8800000000000001 1.6930874354240702e-66
2.5400000000000005 1.94 -3.680235988497042e-99
2.5400000000000005 2.0 1.523456809346308e-86
2.5400000000000005 2.06 -4.901182393505225e-16
2.5400000000000005 2.12 2.9290689494445913e-51
2.5400000000000005 2.18 -2.6164554340234837e-50
2.5400000000000005 2.2399999999999998 -1.0087223319935228e-50
2.5400000000000005 2.3000000000000003 -7.550079712738591e-41
2.5400000000000005 2.36 -1.9807909407493832e-29
2.5400000000000005 2.4200000000000004 -5.403548578752726e-28
2.5400000000000005 2.48 1.383812770711174e-11
2.5400000000000005 2.5400000000000005 0.0
2.5400000000000005 2.5999999999999996 0.0
2.5400000000000005 2.66 0.0
2.5400000000000005 2.7199999999999998 0.0
2.5400000000000005 2.7800000000000002 0.0
2.5400000000000005 2.84 0.0
2.5400000000000005 2.9000000000000004 0.0
2.5400000000000005 2.9599999999999995 0.0
2.5400000000000005 3.02 0.0
2.5400000000000005 3.0799999999999996 0.0
2.5400000000000005 3.14 0.0
2.5400000000000005 3.1999999999999997 0.0
2.5400000000000005 3.2600000000000002 0.0
2.5400000000000005 3.3200000000000003 0.0
2.5400000000000005 3.38 0.0
2.5400000000000005 3.4399999999999995 0.0
2.5400000000000005 3.5 0.0
2.5999999999999996 0.5 0.0
2.5999999999999996 0.56 0.0
2.5999999999999996 0.62 0.0
2.5999999999999996 0.6799999999999999 0.0
2.5999999999999996 0.74 0.0
2.5999999999999996 0.8 0.0
2.5999999999999996 0.86 0.0
2.5999999999999996 0.92 0.0
2.5999999999999996 0.98 0.0
2.5999999999999996 1.04 0.0
2.5999999999999996 1.1 7.556076565347123e-96
2.5999999999999996 1.1600000000000001 2.4329821536964733e-17
2.5999999999999996 1.22 -3.7883072259188006e-17
2.5999999999999996 1.28 -1.5229512009521889e-59
2.5999999999999996 1.34 4.900666422716547e-68
2.5999999999999996 1.4 -1.4942847397657243e-55
2.5999999999999996 1.46 1.2315216969074193e-89
2.5999999999999996 1.52 4.0800169174793114e-66
2.5999999999999996 1.58 -2.9563176732662185e-115
2.5999999999999996 1.6400000000000001 -1.6338893613936004e-68
2.5999999999999996 1.7000000000000002 -2.5957007218985278e-50
2.5999999999999996 1.76 5.641174189438524e-51
2.5999999999999996 1.82 6.35949612159386e-68
2.5999999999999996 1.8800000000000001 -1.9672074428418122e-89
2.5999999999999996 1.94 6.723948438097533e-100
2.5999999999999996 2.0 7.620562065707251e-161
2.5999999999999996 2.06 8.954669701248989e-17
2.5999999999999996 2.12 1.0415738978802953e-67
2.5999999999999996 2.18 1.1057768561815341e-75
2.5999999999999996 2.2399999999999998 -3.357190606967227e-59
2.5999999999999996 2.3000000000000003 8.503367803523097e-61
2.5999999999999996 2.36 3.9710587677269165e-49
2.5999999999999996 2.4200000000000004 1.4244852040141569e-49
2.5999999999999996 2.48 4.390835896981396e-51
2.5999999999999996 2.5400000000000005 0.0
2.5999999999999996 2.5999999999999996 0.0
2.5999999999999996 2.66 0.0
2.5999999999999996 2.7199999999999998 0.0
2.5999999999999996 2.7800000000000002 0.0
2.5999999999999996 2.84 0.0
2.5999999999999996 2.9000000000000004 0.0
2.5999999999999996 2.9599999999999995 0.0
2.5999999999999996 3.02 0.0
2.5999999999999996 3.0799999999999996 0.0
2.5999999999999996 3.14 0.0
2.5999999999999996 3.1999999999999997 0.0
2.5999999999999996 3.2600000000000002 0.0
2.5999999999999996 3.3200000000000003 0.0
2.5999999999999996 3.38 0.0
2.5999999999999996 3.4399999999999995 0.0
2.5999999999999996 3.5 0.0
2.66 0.5 0.0
2.66 0.56 0.0
2.66 0.62 0.0
2.66 0.6799999999999999 0.0
2.66 0.74 0.0
2.66 0.8 0.0
2.66 0.86 0.0
2.66 0.92 0.0
2.66 0.98 0.0
2.66 1.04 0.0
2.66 1.1 -5.788330898444717e-95
2.66 1.1600000000000001 -1.8637854781637752e-16
2.66 1.22 4.813372881328402e-18
2.66 1.28 -1.666353309561856e-58
2.66 1.34 5.3621164666646126e-67
2.66 1.4 -1.6349875951242393e-54
2.66 1.46 1.3474826075555494e-88
2.66 1.52 4.4641940524812986e-65
2.66 1.58 1.095369283293488e-140
2.66 1.6400000000000001 -1.787737481748509e-67
2.66 1.7000000000000002 -2.8401136463620017e-49
2.66 1.76 6.172350942373309e-50
2.66 1.82 6.95831055042216e-67
2.66 1.8800000000000001 -2.1524410177585725e-88
2.66 1.94 7.357079941984856e-99
2.66 2.0 -2.588364928250089e-182
2.66 2.06 9.79784741847285e-16
2.66 2.12 1.1396491961140393e-66
2.66 2.18 1.2098975481177e-74
2.66 2.2399999999999998 -3.673305930782375e-58
2.66 2.3000000000000003 9.304050630751157e-60
2.66 2.36 4.344976330120844e-48
2.66 2.4200000000000004 1.558615688176213e-48
2.66 2.48 4.804279602767983e-50
2.66 2.5400000000000005 0.0
2.66 2.5999999999999996 0.0
2.66 2.66 0.0
2.66 2.7199999999999998 0.0
2.66 2.7800000000000002 0.0
2.66 2.84 0.0
2.66 2.9000000000000004 0.0
2.66 2.9599999999999995 0.0
2.66 3.02 0.0
2.66 3.0799999999999996 0.0
2.66 3.14 0.0
2.66 3.1999999999999997 0.0
2.66 3.2600000000000002 0.0
2.66 3.3200000000000003 0.0
2.66 3.38 0.0
2.66 3.4399999999999995 0.0
2.66 3.5 0.0
2.7199999999999998 0.5 0.0
2.7199999999999998 0.56 0.0
2.7199999999999998 0.62 0.0
2.7199999999999998 0.6799999999999999 0.0
2.7199999999999998 0.74 0.0
2.7199999999999998 0.8 0.0
2.7199999999999998 0.86 0.0
2.7199999999999998 0.92 0.0
2.7199999999999998 0.98 0.0
2.7199999999999998 1.04 0.0
2.7199999999999998 1.1 0.0
2.7199999999999998 1.1600000000000001 0.0
2.7199999999999998 1.22 0.0
2.7199999999999998 1.28 0.0
2.7199999999999998 1.34 0.0
2.7199999999999998 1.4 0.0
2.7199999999999998 1.46 0.0
2.7199999999999998 1.52 0.0
2.7199999999999998 1.58 0.0
2.7199999999999998 1.6400000000000001 0.0
2.7199999999999998 1.7000000000000002 0.0
2.7199999999999998 1.76 0.0
2.7199999999999998 1.82 0.0
2.7199999999999998 1.8800000000000001 0.0
2.7199999999999998 1.94 0.0
2.7199999999999998 2.0 0.0
2.7199999999999998 2.06 0.0
2.7199999999999998 2.12 0.0
2.7199999999999998 2.18 0.0
2.7199999999999998 2.2399999999999998 0.0
2.7199999999999998 2.3000000000000003 0.0
2.7199999999999998 2.36 0.0
2.7199999999999998 2.4200000000000004 0.0
2.7199999999999998 2.48 0.0
2.7199999999999998 2.5400000000000005 0.0
2.7199999999999998 2.5999999999999996 0.0
2.7199999999999998 2.66 0.0
2.7199999999999998 2.7199999999999998 0.0
2.7199999999999998 2.7800000000000002 0.0
2.7199999999999998 2.84 0.0
2.7199999999999998 2.9000000000000004 0.0
2.7199999999999998 2.9599999999999995 0.0
2.7199999999999998 3.02 0.0
2.7199999999999998 3.0799999999999996 0.0
2.7199999999999998 3.14 0.0
2.7199999999999998 3.1999999999999997 0.0
2.7199999999999998 3.2600000000000002 0.0
2.7199999999999998 3.3200000000000003 0.0
2.7199999999999998 3.38 0.0
2.7199999999999998 3.4399999999999995 0.0
2.7199999999999998 3.5 0.0
2.7800000000000002 0.5 0.0
2.7800000000000002 0.56 0.0
2.7800000000000002 0.62 0.0
2.7800000000000002 0.6799999999999999 0.0
2.7800000000000002 0.74 0.0
2.7800000000000002 0.8 0.0
2.7800000000000002 0.86 0.0
2.7800000000000002 0.92 0.0
2.7800000000000002 0.98 0.0
2.7800000000000002 1.04 0.0
2.7800000000000002 1.1 0.0
2.7800000000000002 1.1600000000000001 0.0
2.7800000000000002 1.22 0.0
2.7800000000000002 1.28 0.0
2.7800000000000002 1.34 0.0
2.7800000000000002 1.4 0.0
2.7800000000000002 1.46 0.0
2.7800000000000002 1.52 0.0
2.7800000000000002 1.58 0.0
2.7800000000000002 1.6400000000000001 0.0
2.7800000000000002 1.7000000000000002 0.0
2.7800000000000002 1.76 0.0
2.7800000000000002 1.82 0.0
2.7800000000000002 1.8800000000000001 0.0
2.7800000000000002 1.94 0.0
2.7800000000000002 2.0 0.0
2.7800000000000002 2.06 0.0
2.7800000000000002 2.12 0.0
2.7800000000000002 2.18 0.0
2.7800000000000002 2.2399999999999998 0.0
2.7800000000000002 2.3000000000000003 0.0
2.7800000000000002 2.36 0.0
2.7800000000000002 2.4200000000000004 0.0
2.7800000000000002 2.48 0.0
2.7800000000000002 2.5400000000000005 0.0
2.7800000000000002 2.5999999999999996 0.0
2.7800000000000002 2.66 0.0
2.7800000000000002 2.7199999999999998 0.0
2.7800000000000002 2.7800000000000002 0.0
2.7800000000000002 2.84 0.0
2.7800000000000002 2.9000000000000004 0.0
2.7800000000000002 2.9599999999999995 0.0
2.7800000000000002 3.02 0.0
2.7800000000000002 3.0799999999999996 0.0
2.7800000000000002 3.14 0.0
2.7800000000000002 3.1999999999999997 0.0
2.7800000000000002 3.2600000000000002 0.0
2.7800000000000002 3.3200000000000003 0.0
2.7800000000000002 3.38 0.0
2.7800000000000002 3.4399999999999995 0.0
2.7800000000000002 3.5 0.0
2.84 0.5 0.0
2.84 0.56 0.0
2.84 0.62 0.0
2.84 0.6799999999999999 0.0
2.84 0.74 0.0
2.84 0.8 0.0
2.84 0.86 0.0
2.84 0.92 0.0
2.84 0.98 0.0
2.84 1.04 0.0
2.84 1.1 0.0
2.84 1.1600000000000001 0.0
2.84 1.22 0.0
2.84 1.28 0.0
2.84 1.34 0.0
2.84 1.4 0.0
2.84 1.46 0.0
2.84 1.52 0.0
2.84 1.58 0.0
2.84 1.6400000000000001 0.0
2.84 1.7000000000000002 0.0
2.84 1.76 0.0
2.84 1.82 0.0
2.84 1.8800000000000001 0.0
2.84 1.94 0.0
2.84 2.0 0.0
2.84 2.06 0.0
2.84 2.12 0.0
2.84 2.18 0.0
2.84 2.2399999999999998 0.0
2.84 2.3000000000000003 0.0
2.84 2.36 0.0
2.84 2.4200000000000004 0.0
2.84 2.48 0.0
2.84 2.5400000000000005 0.0
2.84 2.5999999999999996 0.0
2.84 2.66 0.0
2.84 2.7199999999999998 0.0
2.84 2.7800000000000002 0.0
2.84 2.84 0.0
2.84 2.9000000000000004 0.0
2.84 2.9599999999999995 0.0
2.84 3.02 0.0
2.84 3.0799999999999996 0.0
2.84 3.14 0.0
2.84 3.1999999999999997 0.0
2.84 3.2600000000000002 0.0
2.84 3.3200000000000003 0.0
2.84 3.38 0.0
2.84 3.4399999999999995 0.0
2.84 3.5 0.0
2.9000000000000004 0.5 0.0
2.9000000000000004 0.56 0.0
2.9000000000000004 0.62 0.0
2.9000000000000004 0.6799999999999999 0.0
2.9000000000000004 0.74 0.0
2.9000000000000004 0.8 0.0
2.9000000000000004 0.86 0.0
2.9000000000000004 0.92 0.0
2.9000000000000004 0.98 0.0
2.9000000000000004 1.04 0.0
2.9000000000000004 1.1 0.0
2.9000000000000004 1.1600000000000001 0.0
2.9000000000000004 1.22 0.0
2.9000000000000004 1.28 0.0
2.9000000000000004 1.34 0.0
2.9000000000000004 1.4 0.0
2.9000000000000004 1.46 0.0
2.9000000000000004 1.52 0.0
2.9000000000000004 1.58 0.0
2.9000000000000004 1.6400000000000001 0.0
2.9000000000000004 1.7000000000000002 0.0
2.9000000000000004 1.76 0.0
2.9000000000000004 1.82 0.0
2.9000000000000004 1.8800000000000001 0.0
2.9000000000000004 1.94 0.0
2.9000000000000004 2.0 0.0
2.9000000000000004 2.06 0.0
2.9000000000000004 2.12 0.0
2.9000000000000004 2.18 0.0
2.9000000000000004 2.2399999999999998 0.0
2.9000000000000004 2.3000000000000003 0.0
2.9000000000000004 2.36 0.0
2.9000000000000004 2.4200000000000004 0.0
2.9000000000000004 2.48 0.0
2.9000000000000004 2.5400000000000005 0.0
2.9000000000000004 2.5999999999999996 0.0
2.9000000000000004 2.66 0.0
2.9000000000000004 2.7199999999999998 0.0
2.9000000000000004 2.7800000000000002 0.0
2.9000000000000004 2.84 0.0
2.9000000000000004 2.9000000000000004 0.0
2.9000000000000004 2.9599999999999995 0.0
2.9000000000000004 3.02 0.0
2.9000000000000004 3.0799999999999996 0.0
2.9000000000000004 3.14 0.0
2.9000000000000004 3.1999999999999997 0.0
2.9000000000000004 3.2600000000000002 0.0
2.9000000000000004 3.3200000000000003 0.0
2.9000000000000004 3.38 0.0
2.9000000000000004 3.4399999999999995 0.0
2.9000000000000004 3.5 0.0
2.9599999999999995 0.5 0.0
2.9599999999999995 0.56 0.0
2.9599999999999995 0.62 0.0
2.9599999999999995 0.6799999999999999 0.0
2.9599999999999995 0.74 0.0
2.9599999999999995 0.8 0.0
2.9599999999999995 0.86 0.0
2.9599999999999995 0.92 0.0
2.9599999999999995 0.98 0.0
2.9599999999999995 1.04 0.0
2.9599999999999995 1.1 0.0
2.9599999999999995 1.1600000000000001 0.0
2.9599999999999995 1.22 0.0
2.9599999999999995 1.28 0.0
2.9599999999999995 1.34 0.0
2.9599999999999995 1.4 0.0
2.9599999999999995 1.46 0.0
2.9599999999999995 1.52 0.0
2.9599999999999995 1.58 0.0
2.9599999999999995 1.6400000000000001 0.0
2.9599999999999995 1.7000000000000002 0.0
2.9599999999999995 1.76 0.0
2.9599999999999995 1.82 0.0
2.9599999999999995 1.8800000000000001 0.0
2.9599999999999995 1.94 0.0
2.9599999999999995 2.0 0.0
2.9599999999999995 2.06 0.0
2.9599999999999995 2.12 0.0
2.9599999999999995 2.18 0.0
2.9599999999999995 2.2399999999999998 0.0
2.9599999999999995 2.3000000000000003 0.0
2.9599999999999995 2.36 0.0
2.9599999999999995 2.4200000000000004 0.0
2.9599999999999995 2.48 0.0
2.9599999999999995 2.5400000000000005 0.0
2.9599999999999995 2.5999999999999996 0.0
2.9599999999999995 2.66 0.0
2.9599999999999995 2.7199999999999998 0.0
2.9599999999999995 2.7800000000000002 0.0
2.9599999999999995 2.84 0.0
2.9599999999999995 2.9000000000000004 0.0
2.9599999999999995 2.9599999999999995 0.0
2.9599999999999995 3.02 0.0
2.9599999999999995 3.0799999999999996 0.0
2.9599999999999995 3.14 0.0
2.9599999999999995 3.1999999999999997 0.0
2.9599999999999995 3.2600000000000002 0.0
2.9599999999999995 3.3200000000000003 0.0
2.9599999999999995 3.38 0.0
2.9599999999999995 3.4399999999999995 0.0
2.9599999999999995 3.5 0.0
3.02 0.5 0.0
3.02 0.56 0.0
3.02 0.62 0.0
3.02 0.6799999999999999 0.0
3.02 0.74 0.0
3.02 0.8 0.0
3.02 0.86 0.0
3.02 0.92 0.0
3.02 0.98 0.0
3.02 1.04 0.0
3.02 1.1 0.0
3.02 1.1600000000000001 0.0
3.02 1.22 0.0
3.02 1.28 0.0
3.02 1.34 0.0
3.02 1.4 0.0
3.02 1.46 0.0
3.02 1.52 0.0
3.02 1.58 0.0
3.02 1.6400000000000001 0.0
3.02 1.7000000000000002 0.0
3.02 1.76 0.0
3.02 1.82 0.0
3.02 1.8800000000000001 0.0
3.02 1.94 0.0
3.02 2.0 0.0
3.02 2.06 0.0
3.02 2.12 0.0
3.02 2.18 0.0
3.02 2.2399999999999998 0.0
3.02 2.3000000000000003 0.0
3.02 2.36 0.0
3.02 2.4200000000000004 0.0
3.02 2.48 0.0
3.02 2.5400000000000005 0.0
3.02 2.5999999999999996 0.0
3.02 2.66 0.0
3.02 2.7199999999999998 0.0
3.02 2.7800000000000002 0.0
3.02 2.84 0.0
3.02 2.9000000000000004 0.0
3.02 2.9599999999999995 0.0
3.02 3.02 0.0
3.02 3.0799999999999996 0.0
3.02 3.14 0.0
3.02 3.1999999999999997 0.0
3.02 3.2600000000000002 0.0
3.02 3.3200000000000003 0.0
3.02 3.38 0.0
3.02 3.4399999999999995 0.0
3.02 3.5 0.0
3.0799999999999996 0.5 0.0
3.0799999999999996 0.56 0.0
3.0799999999999996 0.62 0.0
3.0799999999999996 0.6799999999999999 0.0
3.0799999999999996 0.74 0.0
3.0799999999999996 0.8 0.0
3.0799999999999996 0.86 0.0
3.0799999999999996 0.92 0.0
3.0799999999999996 0.98 0.0
3.0799999999999996 1.04 0.0
3.0799999999999996 1.1 0.0
3.0799999999999996 1.1600000000000001 0.0
3.0799999999999996 1.22 0.0
3.0799999999999996 1.28 0.0
3.0799999999999996 1.34 0.0
3.0799999999999996 1.4 0.0
3.0799999999999996 1.46 0.0
3.0799999999999996 1.52 0.0
3.0799999999999996 1.58 0.0
3.0799999999999996 1.6400000000000001 0.0
3.0799999999999996 1.7000000000000002 0.0
3.0799999999999996 1.76 0.0
3.0799999999999996 1.82 0.0
3.0799999999999996 1.8800000000000001 0.0
3.0799999999999996 1.94 0.0
3.0799999999999996 2.0 0.0
3.0799999999999996 2.06 0.0
3.0799999999999996 2.12 0.0
3.0799999999999996 2.18 0.0
3.0799999999999996 2.2399999999999998 0.0
3.0799999999999996 2.3000000000000003 0.0
3.0799999999999996 2.36 0.0
3.0799999999999996 2.4200000000000004 0.0
3.0799999999999996 2.48 0.0
3.0799999999999996 2.5400000000000005 0.0
3.0799999999999996 2.5999999999999996 0.0
3.0799999999999996 2.66 0.0
3.0799999999999996 2.7199999999999998 0.0
3.0799999999999996 2.7800000000000002 0.0
3.0799999999999996 2.84 0.0
3.0799999999999996 2.9000000000000004 0.0
3.0799999999999996 2.9599999999999995 0.0
3.0799999999999996 3.02 0.0
3.0799999999999996 3.0799999999999996 0.0
3.0799999999999996 3.14 0.0
3.0799999999999996 3.1999999999999997 0.0
3.0799999999999996 3.2600000000000002 0.0
3.0799999999999996 3.3200000000000003 0.0
3.0799999999999996 3.38 0.0
3.0799999999999996 3.4399999999999995 0.0
3.0799999999999996 3.5 0.0
3.14 0.5 0.0
3.14 0.56 0.0
3.14 0.62 0.0
3.14 0.6799999999999999 0.0
3.14 0.74 0.0
3.14 0.8 0.0
3.14 0.86 0.0
3.14 0.92 0.0
3.14 0.98 0.0
3.14 1.04 0.0
3.14 1.1 0.0
3.14 1.1600000000000001 0.0
3.14 1.22 0.0
3.14 1.28 0.0
3.14 1.34 0.0
3.14 1.4 0.0
3.14 1.46 0.0
3.14 1.52 0.0
3.14 1.58 0.0
3.14 1.6400000000000001 0.0
3.14 1.7000000000000002 0.0
3.14 1.76 0.0
3.14 1.82 0.0
3.14 1.8800000000000001 0.0
3.14 1.94 0.0
3.14 2.0 0.0
3.14 2.06 0.0
3.14 2.12 0.0
3.14 2.18 0.0
3.14 2.2399999999999998 0.0
3.14 2.3000000000000003 0.0
3.14 2.36 0.0
3.14 2.4200000000000004 0.0
3.14 2.48 0.0
3.14 2.5400000000000005 0.0
3.14 2.5999999999999996 0.0
3.14 2.66 0.0
3.14 2.7199999999999998 0.0
3.14 2.7800000000000002 0.0
3.14 2.84 0.0
3.14 2.9000000000000004 0.0
3.14 2.9599999999999995 0.0
3.14 3.02 0.0
3.14 3.0799999999999996 0.0
3.14 3.14 0.0
3.14 3.1999999999999997 0.0
3.14 3.2600000000000002 0.0
3.14 3.3200000000000003 0.0
3.14 3.38 0.0
3.14 3.4399999999999995 0.0
3.14 3.5 0.0
3.1999999999999997 0.5 0.0
3.1999999999999997 0.56 0.0
3.1999999999999997 0.62 0.0
3.1999999999999997 0.6799999999999999 0.0
3.1999999999999997 0.74 0.0
3.1999999999999997 0.8 0.0
3.1999999999999997 0.86 0.0
3.1999999999999997 0.92 0.0
3.1999999999999997 0.98 0.0
3.1999999999999997 1.04 0.0
3.1999999999999997 1.1 0.0
3.1999999999999997 1.1600000000000001 0.0
3.1999999999999997 1.22 0.0
3.1999999999999997 1.28 0.0
3.1999999999999997 1.34 0.0
3.1999999999999997 1.4 0.0
3.1999999999999997 1.46 0.0
3.1999999999999997 1.52 0.0
3.1999999999999997 1.58 0.0
3.1999999999999997 1.6400000000000001 0.0
3.1999999999999997 1.7000000000000002 0.0
3.1999999999999997 1.76 0.0
3.1999999999999997 1.82 0.0
3.1999999999999997 1.8800000000000001 0.0
3.1999999999999997 1.94 0.0
3.1999999999999997 2.0 0.0
3.1999999999999997 2.06 0.0
3.1999999999999997 2.12 0.0
3.1999999999999997 2.18 0.0
3.1999999999999997 2.2399999999999998 0.0
3.1999999999999997 2.3000000000000003 0.0
3.1999999999999997 2.36 0.0
3.1999999999999997 2.4200000000000004 0.0
3.1999999999999997 2.48 0.0
3.1999999999999997 2.5400000000000005 0.0
3.1999999999999997 2.5999999999999996 0.0
3.1999999999999997 2.66 0.0
3.1999999999999997 2.7199999999999998 0.0
3.1999999999999997 2.7800000000000002 0.0
3.1999999999999997 2.84 0.0
3.1999999999999997 2.9000000000000004 0.0
3.1999999999999997 2.9599999999999995 0.0
3.1999999999999997 3.02 0.0
3.1999999999999997 3.0799999999999996 0.0
3.1999999999999997 3.14 0.0
3.1999999999999997 3.1999999999999997 0.0
3.1999999999999997 3.2600000000000002 0.0
3.1999999999999997 3.3200000000000003 0.0
3.1999999999999997 3.38 0.0
3.1999999999999997 3.4399999999999995 0.0
3.1999999999999997 3.5 0.0
3.2600000000000002 0.5 0.0
3.2600000000000002 0.56 0.0
3.2600000000000002 0.62 0.0
3.2600000000000002 0.6799999999999999 0.0
3.2600000000000002 0.74 0.0
3.2600000000000002 0.8 0.0
3.2600000000000002 0.86 0.0
3.2600000000000002 0.92 0.0
3.2600000000000002 0.98 0.0
3.2600000000000002 1.04 0.0
3.2600000000000002 1.1 0.0
3.2600000000000002 1.1600000000000001 0.0
3.2600000000000002 1.22 0.0
3.2600000000000002 1.28 0.0
3.2600000000000002 1.34 0.0
3.2600000000000002 1.4 0.0
3.2600000000000002 1.46 0.0
3.2600000000000002 1.52 0.0
3.2600000000000002 1.58 0.0
3.2600000000000002 1.6400000000000001 0.0
3.2600000000000002 1.7000000000000002 0.0
3.2600000000000002 1.76 0.0
3.2600000000000002 1.82 0.0
3.2600000000000002 1.8800000000000001 0.0
3.2600000000000002 1.94 0.0
3.2600000000000002 2.0 0.0
3.2600000000000002 2.06 0.0
3.2600000000000002 2.12 0.0
3.2600000000000002 2.18 0.0
3.2600000000000002 2.2399999999999998 0.0
3.2600000000000002 2.3000000000000003 0.0
3.2600000000000002 2.36 0.0
3.2600000000000002 2.4200000000000004 0.0
3.2600000000000002 2.48 0.0
3.2600000000000002 2.5400000000000005 0.0
3.2600000000000002 2.5999999999999996 0.0
3.2600000000000002 2.66 0.0
3.2600000000000002 2.7199999999999998 0.0
3.2600000000000002 2.7800000000000002 0.0
3.2600000000000002 2.84 0.0
3.2600000000000002 2.9000000000000004 0.0
3.2600000000000002 2.9599999999999995 0.0
3.2600000000000002 3.02 0.0
3.2600000000000002 3.0799999999999996 0.0
3.2600000000000002 3.14 0.0
3.2600000000000002 3.1999999999999997 0.0
3.2600000000000002 3.2600000000000002 0.0
3.2600000000000002 3.3200000000000003 0.0
3.2600000000000002 3.38 0.0
3.2600000000000002 3.4399999999999995 0.0
3.2600000000000002 3.5 0.0
3.3200000000000003 0.5 0.0
3.3200000000000003 0.56 0.0
3.3200000000000003 0.62 0.0
3.3200000000000003 0.6799999999999999 0.0
3.3200000000000003 0.74 0.0
3.3200000000000003 0.8 0.0
3.3200000000000003 0.86 0.0
3.3200000000000003 0.92 0.0
3.3200000000000003 0.98 0.0
3.3200000000000003 1.04 0.0
3.3200000000000003 1.1 0.0
3.3200000000000003 1.1600000000000001 0.0
3.3200000000000003 1.22 0.0
3.3200000000000003 1.28 0.0
3.3200000000000003 1.34 0.0
3.3200000000000003 1.4 0.0
3.3200000000000003 1.46 0.0
3.3200000000000003 1.52 0.0
3.3200000000000003 1.58 0.0
3.3200000000000003 1.6400000000000001 0.0
3.3200000000000003 1.7000000000000002 0.0
3.3200000000000003 1.76 0.0
3.3200000000000003 1.82 0.0
3.3200000000000003 1.8800000000000001 0.0
3.3200000000000003 1.94 0.0
3.3200000000000003 2.0 0.0
3.3200000000000003 2.06 0.0
3.3200000000000003 2.12 0.0
3.3200000000000003 2.18 0.0
3.3200000000000003 2.2399999999999998 0.0
3.3200000000000003 2.3000000000000003 0.0
3.3200000000000003 2.36 0.0
3.3200000000000003 2.4200000000000004 0.0
3.3200000000000003 2.48 0.0
3.3200000000000003 2.5400000000000005 0.0
3.3200000000000003 2.5999999999999996 0.0
3.3200000000000003 2.66 0.0
3.3200000000000003 2.7199999999999998 0.0
3.3200000000000003 2.7800000000000002 0.0
3.3200000000000003 2.84 0.0
3.3200000000000003 2.9000000000000004 0.0
3.3200000000000003 2.9599999999999995 0.0
3.3200000000000003 3.02 0.0
3.3200000000000003 3.0799999999999996 0.0
3.3200000000000003 3.14 0.0
3.3200000000000003 3.1999999999999997 0.0
3.3200000000000003 3.2600000000000002 0.0
3.3200000000000003 3.3200000000000003 0.0
3.3200000000000003 3.38 0.0
3.3200000000000003 3.4399999999999995 0.0
3.3200000000000003 3.5 0.0
3.38 0.5 0.0
3.38 0.56 0.0
3.38 0.62 0.0
3.38 0.6799999999999999 0.0
3.38 0.74 0.0
3.38 0.8 0.0
3.38 0.86 0.0
3.38 0.92 0.0
3.38 0.98 0.0
3.38 1.04 0.0
3.38 1.1 0.0
3.38 1.1600000000000001 0.0
3.38 1.22 0.0
3.38 1.28 0.0
3.38 1.34 0.0
3.38 1.4 0.0
3.38 1.46 0.0
3.38 1.52 0.0
3.38 1.58 0.0
3.38 1.6400000000000001 0.0
3.38 1.7000000000000002 0.0
3.38 1.76 0.0
3.38 1.82 0.0
3.38 1.8800000000000001 0.0
3.38 1.94 0.0
3.38 2.0 0.0
3.38 2.06 0.0
3.38 2.12 0.0
3.38 2.18 0.0
3.38 2.2399999999999998 0.0
3.38 2.3000000000000003 0.0
3.38 2.36 0.0
3.38 2.4200000000000004 0.0
3.38 2.48 0.0
3.38 2.5400000000000005 0.0
3.38 2.5999999999999996 0.0
3.38 2.66 0.0
3.38 2.7199999999999998 0.0
3.38 2.7800000000000002 0.0
3.38 2.84 0.0
3.38 2.9000000000000004 0.0
3.38 2.9599999999999995 0.0
3.38 3.02 0.0
3.38 3.0799999999999996 0.0
3.38 3.14 0.0
3.38 3.1999999999999997 0.0
3.38 3.2600000000000002 0.0
3.38 3.3200000000000003 0.0
3.38 3.38 0.0
3.38 3.4399999999999995 0.0
3.38 3.5 0.0
3.4399999999999995 0.5 0.0
3.4399999999999995 0.56 0.0
3.4399999999999995 0.62 0.0
3.4399999999999995 0.6799999999999999 0.0
3.4399999999999995 0.74 0.0
3.4399999999999995 0.8 0.0
3.4399999999999995 0.86 0.0
3.4399999999999995 0.92 0.0
3.4399999999999995 0.98 0.0
3.4399999999999995 1.04 0.0
3.4399999999999995 1.1 0.0
3.4399999999999995 1.1600000000000001 0.0
3.4399999999999995 1.22 0.0
3.4399999999999995 1.28 0.0
3.4399999999999995 1.34 0.0
3.4399999999999995 1.4 0.0
3.4399999999999995 1.46 0.0
3.4399999999999995 1.52 0.0
3.4399999999999995 1.58 0.0
3.4399999999999995 1.6400000000000001 0.0
3.4399999999999995 1.7000000000000002 0.0
3.4399999999999995 1.76 0.0
3.4399999999999995 1.82 0.0
3.4399999999999995 1.8800000000000001 0.0
3.4399999999999995 1.94 0.0
3.4399999999999995 2.0 0.0
3.4399999999999995 2.06 0.0
3.4399999999999995 2.12 0.0
3.4399999999999995 2.18 0.0
3.4399999999999995 2.2399999999999998 0.0
3.4399999999999995 2.3000000000000003 0.0
3.4399999999999995 2.36 0.0
3.4399999999999995 2.4200000000000004 0.0
3.4399999999999995 2.48 0.0
3.4399999999999995 2.5400000000000005 0.0
3.4399999999999995 2.5999999999999996 0.0
3.4399999999999995 2.66 0.0
3.4399999999999995 2.7199999999999998 0.0
3.4399999999999995 2.7800000000000002 0.0
3.4399999999999995 2.84 0.0
3.4399999999999995 2.9000000000000004 0.0
3.4399999999999995 2.9599999999999995 0.0
3.4399999999999995 3.02 0.0
3.4399999999999995 3.0799999999999996 0.0
3.4399999999999995 3.14 0.0
3.4399999999999995 3.1999999999999997 0.0
3.4399999999999995 3.2600000000000002 0.0
3.4399999999999995 3.3200000000000003 0.0
3.4399999999999995 3.38 0.0
3.4399999999999995 3.4399999999999995 0.0
3.4399999999999995 3.5 0.0
3.5 0.5 0.0
3.5 0.56 0.0
3.5 0.62 0.0
3.5 0.6799999999999999 0.0
3.5 0.74 0.0
3.5 0.8 0.0
3.5 0.86 0.0
3.5 0.92 0.0
3.5 0.98 0.0
3.5 1.04 0.0
3.5 1.1 0.0
3.5 1.1600000000000001 0.0
3.5 1.22 0.0
3.5 1.28 0.0
3.5 1.34 0.0
3.5 1.4 0.0
3.5 1.46 0.0
3.5 1.52 0.0
3.5 1.58 0.0
3.5 1.6400000000000001 0.0
3.5 1.7000000000000002 0.0
3.5 1.76 0.0
3.5 1.82 0.0
3.5 1.8800000000000001 0.0
3.5 1.94 0.0
3.5 2.0 0.0
3.5 2.06 0.0
3.5 2.12 0.0
3.5 2.18 0.0
3.5 2.2399999999999998 0.0
3.5 2.3000000000000003 0.0
3.5 2.36 0.0
3.5 2.4200000000000004 0.0
3.5 2.48 0.0
3.5 2.5400000000000005 0.0
3.5 2.5999999999999996 0.0
3.5 2.66 0.0
3.5 2.7199999999999998 0.0
3.5 2.7800000000000002 0.0
3.5 2.84 0.0
3.5 2.9000000000000004 0.0
3.5 2.9599999999999995 0.0
3.5 3.02 0.0
3.5 3.0799999999999996 0.0
3.5 3.14 0.0
3.5 3.1999999999999997 0.0
3.5 3.2600000000000002 0.0
3.5 3.3200000000000003 0.0
3.5 3.38 0.0
3.5 3.4399999999999995 0.0
3.5 3.5 0.0
