0.5 3.0 0.0
0.5 3.04 0.0
0.5 3.08 0.0
0.5 3.1199999999999997 0.0
0.5 3.16 0.0
0.5 3.2 0.0
0.5 3.24 0.0
0.5 3.2800000000000002 0.0
0.5 3.3200000000000003 0.0
0.5 3.36 0.0
0.5 3.4000000000000004 0.0
0.5 3.44 0.0
0.5 3.4800000000000004 0.0
0.5 3.5199999999999996 0.0
0.5 3.5600000000000005 0.0
0.5 3.5999999999999996 0.0
0.5 3.64 0.0
0.5 3.6799999999999997 0.0
0.5 3.7199999999999998 0.0
0.5 3.76 0.0
0.5 3.8 0.0
0.5 3.8400000000000003 0.0
0.5 3.8800000000000003 0.0
0.5 3.9200000000000004 0.0
0.5 3.96 0.0
0.5 4.0 0.0
0.5 4.04 0.0
0.5 4.08 0.0
0.5 4.12 0.0
0.5 4.16 0.0
0.5 4.2 0.0
0.5 4.24 0.0
0.5 4.28 0.0
0.5 4.32 0.0
0.5 4.36 0.0
0.5 4.4 0.0
0.5 4.4399999999999995 0.0
0.5 4.48 0.0
0.5 4.52 0.0
0.5 4.5600000000000005 0.0
0.5 4.6 0.0
0.5 4.64 0.0
0.5 4.680000000000001 0.0
0.5 4.72 0.0
0.5 4.760000000000001 0.0
0.5 4.8 0.0
0.5 4.840000000000001 0.0
0.5 4.879999999999999 0.0
0.5 4.92 0.0
0.5 4.960000000000001 0.0
0.5 5.0 0.0
0.99 3.0 0.0
0.99 3.04 0.0
0.99 3.08 0.0
0.99 3.1199999999999997 0.0
0.99 3.16 0.0
0.99 3.2 0.0
0.99 3.24 0.0
0.99 3.2800000000000002 0.0
0.99 3.3200000000000003 0.0
0.99 3.36 0.0
0.99 3.4000000000000004 0.0
0.99 3.44 0.0
0.99 3.4800000000000004 0.0
0.99 3.5199999999999996 0.0
0.99 3.5600000000000005 0.0
0.99 3.5999999999999996 0.0
0.99 3.64 0.0
0.99 3.6799999999999997 0.0
0.99 3.7199999999999998 0.0
0.99 3.76 0.0
0.99 3.8 0.0
0.99 3.8400000000000003 0.0
0.99 3.8800000000000003 0.0
0.99 3.9200000000000004 0.0
0.99 3.96 0.0
0.99 4.0 0.0
0.99 4.04 0.0
0.99 4.08 0.0
0.99 4.12 0.0
0.99 4.16 0.0
0.99 4.2 0.0
0.99 4.24 0.0
0.99 4.28 0.0
0.99 4.32 0.0
0.99 4.36 0.0
0.99 4.4 0.0
0.99 4.4399999999999995 0.0
0.99 4.48 0.0
0.99 4.52 0.0
0.99 4.5600000000000005 0.0
0.99 4.6 0.0
0.99 4.64 0.0
0.99 4.680000000000001 0.0
0.99 4.72 0.0
0.99 4.760000000000001 0.0
0.99 4.8 0.0
0.99 4.840000000000001 0.0
0.99 4.879999999999999 0.0
0.99 4.92 0.0
0.99 4.960000000000001 0.0
0.99 5.0 0.0
1.48 3.0 0.0
1.48 3.04 0.0
1.48 3.08 0.0
1.48 3.1199999999999997 0.0
1.48 3.16 0.0
1.48 3.2 0.0
1.48 3.24 0.0
1.48 3.2800000000000002 0.0
1.48 3.3200000000000003 0.0
1.48 3.36 0.0
1.48 3.4000000000000004 0.0
1.48 3.44 0.0
1.48 3.4800000000000004 0.0
1.48 3.5199999999999996 0.0
1.48 3.5600000000000005 0.0
1.48 3.5999999999999996 0.0
1.48 3.64 0.0
1.48 3.6799999999999997 0.0
1.48 3.7199999999999998 0.0
1.48 3.76 0.0
1.48 3.8 0.0
1.48 3.8400000000000003 0.0
1.48 3.8800000000000003 0.0
1.48 3.9200000000000004 0.0
1.48 3.96 0.0
1.48 4.0 0.0
1.48 4.04 0.0
1.48 4.08 0.0
1.48 4.12 0.0
1.48 4.16 0.0
1.48 4.2 0.0
1.48 4.24 0.0
1.48 4.28 0.0
1.48 4.32 0.0
1.48 4.36 0.0
1.48 4.4 0.0
1.48 4.4399999999999995 0.0
1.48 4.48 0.0
1.48 4.52 0.0
1.48 4.5600000000000005 0.0
1.48 4.6 0.0
1.48 4.64 0.0
1.48 4.680000000000001 0.0
1.48 4.72 0.0
1.48 4.760000000000001 0.0
1.48 4.8 0.0
1.48 4.840000000000001 0.0
1.48 4.879999999999999 0.0
1.48 4.92 0.0
1.48 4.960000000000001 0.0
1.48 5.0 0.0
1.97 3.0 0.0
1.97 3.04 0.0
1.97 3.08 0.0
1.97 3.1199999999999997 0.0
1.97 3.16 0.0
1.97 3.2 0.0
1.97 3.24 0.0
1.97 3.2800000000000002 0.0
1.97 3.3200000000000003 0.0
1.97 3.36 0.0
1.97 3.4000000000000004 0.0
1.97 3.44 0.0
1.97 3.4800000000000004 0.0
1.97 3.5199999999999996 0.0
1.97 3.5600000000000005 0.0
1.97 3.5999999999999996 0.0
1.97 3.64 0.0
1.97 3.6799999999999997 0.0
1.97 3.7199999999999998 0.0
1.97 3.76 0.0
1.97 3.8 0.0
1.97 3.8400000000000003 0.0
1.97 3.8800000000000003 0.0
1.97 3.9200000000000004 0.0
1.97 3.96 0.0
1.97 4.0 0.0
1.97 4.04 0.0
1.97 4.08 0.0
1.97 4.12 0.0
1.97 4.16 0.0
1.97 4.2 0.0
1.97 4.24 0.0
1.97 4.28 0.0
1.97 4.32 0.0
1.97 4.36 0.0
1.97 4.4 0.0
1.97 4.4399999999999995 0.0
1.97 4.48 0.0
1.97 4.52 0.0
1.97 4.5600000000000005 0.0
1.97 4.6 0.0
1.97 4.64 0.0
1.97 4.680000000000001 0.0
1.97 4.72 0.0
1.97 4.760000000000001 0.0
1.97 4.8 0.0
1.97 4.840000000000001 0.0
1.97 4.879999999999999 0.0
1.97 4.92 0.0
1.97 4.960000000000001 0.0
1.97 5.0 0.0
2.46 3.0 0.0
2.46 3.04 0.0
2.46 3.08 0.0
2.46 3.1199999999999997 0.0
2.46 3.16 0.0
2.46 3.2 0.0
2.46 3.24 0.0
2.46 3.2800000000000002 0.0
2.46 3.3200000000000003 0.0
2.46 3.36 0.0
2.46 3.4000000000000004 0.0
2.46 3.44 0.0
2.46 3.4800000000000004 0.0
2.46 3.5199999999999996 0.0
2.46 3.5600000000000005 0.0
2.46 3.5999999999999996 0.0
2.46 3.64 0.0
2.46 3.6799999999999997 0.0
2.46 3.7199999999999998 0.0
2.46 3.76 0.0
2.46 3.8 0.0
2.46 3.8400000000000003 0.0
2.46 3.8800000000000003 0.0
2.46 3.9200000000000004 0.0
2.46 3.96 0.0
2.46 4.0 0.0
2.46 4.04 0.0
2.46 4.08 0.0
2.46 4.12 0.0
2.46 4.16 0.0
2.46 4.2 0.0
2.46 4.24 0.0
2.46 4.28 0.0
2.46 4.32 0.0
2.46 4.36 0.0
2.46 4.4 0.0
2.46 4.4399999999999995 0.0
2.46 4.48 0.0
2.46 4.52 0.0
2.46 4.5600000000000005 0.0
2.46 4.6 0.0
2.46 4.64 0.0
2.46 4.680000000000001 0.0
2.46 4.72 0.0
2.46 4.760000000000001 0.0
2.46 4.8 0.0
2.46 4.840000000000001 0.0
2.46 4.879999999999999 0.0
2.46 4.92 0.0
2.46 4.960000000000001 0.0
2.46 5.0 0.0
2.95 3.0 0.0
2.95 3.04 0.0
2.95 3.08 0.0
2.95 3.1199999999999997 0.0
2.95 3.16 0.0
2.95 3.2 0.0
2.95 3.24 0.0
2.95 3.2800000000000002 0.0
2.95 3.3200000000000003 0.0
2.95 3.36 0.0
2.95 3.4000000000000004 0.0
2.95 3.44 0.0
2.95 3.4800000000000004 0.0
2.95 3.5199999999999996 0.0
2.95 3.5600000000000005 0.0
2.95 3.5999999999999996 0.0
2.95 3.64 0.0
2.95 3.6799999999999997 0.0
2.95 3.7199999999999998 0.0
2.95 3.76 0.0
2.95 3.8 0.0
2.95 3.8400000000000003 0.0
2.95 3.8800000000000003 0.0
2.95 3.9200000000000004 0.0
2.95 3.96 0.0
2.95 4.0 0.0
2.95 4.04 0.0
2.95 4.08 0.0
2.95 4.12 0.0
2.95 4.16 0.0
2.95 4.2 0.0
2.95 4.24 0.0
2.95 4.28 0.0
2.95 4.32 0.0
2.95 4.36 0.0
2.95 4.4 0.0
2.95 4.4399999999999995 0.0
2.95 4.48 0.0
2.95 4.52 0.0
2.95 4.5600000000000005 0.0
2.95 4.6 0.0
2.95 4.64 0.0
2.95 4.680000000000001 0.0
2.95 4.72 0.0
2.95 4.760000000000001 0.0
2.95 4.8 0.0
2.95 4.840000000000001 0.0
2.95 4.879999999999999 0.0
2.95 4.92 0.0
2.95 4.960000000000001 0.0
2.95 5.0 0.0
3.44 3.0 0.0
3.44 3.04 0.0
3.44 3.08 0.0
3.44 3.1199999999999997 0.0
3.44 3.16 0.0
3.44 3.2 0.0
3.44 3.24 0.0
3.44 3.2800000000000002 0.0
3.44 3.3200000000000003 0.0
3.44 3.36 0.0
3.44 3.4000000000000004 0.0
3.44 3.44 0.0
3.44 3.4800000000000004 0.0
3.44 3.5199999999999996 0.0
3.44 3.5600000000000005 0.0
3.44 3.5999999999999996 0.0
3.44 3.64 0.0
3.44 3.6799999999999997 0.0
3.44 3.7199999999999998 0.0
3.44 3.76 0.0
3.44 3.8 0.0
3.44 3.8400000000000003 0.0
3.44 3.8800000000000003 0.0
3.44 3.9200000000000004 0.0
3.44 3.96 0.0
3.44 4.0 0.0
3.44 4.04 0.0
3.44 4.08 0.0
3.44 4.12 0.0
3.44 4.16 0.0
3.44 4.2 0.0
3.44 4.24 0.0
3.44 4.28 0.0
3.44 4.32 0.0
3.44 4.36 0.0
3.44 4.4 0.0
3.44 4.4399999999999995 0.0
3.44 4.48 0.0
3.44 4.52 0.0
3.44 4.5600000000000005 0.0
3.44 4.6 0.0
3.44 4.64 0.0
3.44 4.680000000000001 0.0
3.44 4.72 0.0
3.44 4.760000000000001 0.0
3.44 4.8 0.0
3.44 4.840000000000001 0.0
3.44 4.879999999999999 0.0
3.44 4.92 0.0
3.44 4.960000000000001 0.0
3.44 5.0 0.0
3.9300000000000006 3.0 0.0
3.9300000000000006 3.04 0.0
3.9300000000000006 3.08 0.0
3.9300000000000006 3.1199999999999997 0.0
3.9300000000000006 3.16 0.0
3.9300000000000006 3.2 0.0
3.9300000000000006 3.24 0.0
3.9300000000000006 3.2800000000000002 0.0
3.9300000000000006 3.3200000000000003 0.0
3.9300000000000006 3.36 0.0
3.9300000000000006 3.4000000000000004 0.0
3.9300000000000006 3.44 0.0
3.9300000000000006 3.4800000000000004 0.0
3.9300000000000006 3.5199999999999996 0.0
3.9300000000000006 3.5600000000000005 0.0
3.9300000000000006 3.5999999999999996 0.0
3.9300000000000006 3.64 0.0
3.9300000000000006 3.6799999999999997 0.0
3.9300000000000006 3.7199999999999998 0.0
3.9300000000000006 3.76 0.0
3.9300000000000006 3.8 0.0
3.9300000000000006 3.8400000000000003 0.0
3.9300000000000006 3.8800000000000003 0.0
3.9300000000000006 3.9200000000000004 0.0
3.9300000000000006 3.96 0.0
3.9300000000000006 4.0 0.0
3.9300000000000006 4.04 0.0
3.9300000000000006 4.08 0.0
3.9300000000000006 4.12 0.0
3.9300000000000006 4.16 0.0
3.9300000000000006 4.2 0.0
3.9300000000000006 4.24 0.0
3.9300000000000006 4.28 0.0
3.9300000000000006 4.32 0.0
3.9300000000000006 4.36 0.0
3.9300000000000006 4.4 0.0
3.9300000000000006 4.4399999999999995 0.0
3.9300000000000006 4.48 0.0
3.9300000000000006 4.52 0.0
3.9300000000000006 4.5600000000000005 0.0
3.9300000000000006 4.6 0.0
3.9300000000000006 4.64 0.0
3.9300000000000006 4.680000000000001 0.0
3.9300000000000006 4.72 0.0
3.9300000000000006 4.760000000000001 0.0
3.9300000000000006 4.8 0.0
3.9300000000000006 4.840000000000001 0.0
3.9300000000000006 4.879999999999999 0.0
3.9300000000000006 4.92 0.0
3.9300000000000006 4.960000000000001 0.0
3.9300000000000006 5.0 0.0
4.42 3.0 0.0
4.42 3.04 0.0
4.42 3.08 0.0
4.42 3.1199999999999997 0.0
4.42 3.16 0.0
4.42 3.2 0.0
4.42 3.24 0.0
4.42 3.2800000000000002 0.0
4.42 3.3200000000000003 0.0
4.42 3.36 0.0
4.42 3.4000000000000004 0.0
4.42 3.44 0.0
4.42 3.4800000000000004 0.0
4.42 3.5199999999999996 0.0
4.42 3.5600000000000005 0.0
4.42 3.5999999999999996 0.0
4.42 3.64 0.0
4.42 3.6799999999999997 0.0
4.42 3.7199999999999998 0.0
4.42 3.76 0.0
4.42 3.8 0.0
4.42 3.8400000000000003 0.0
4.42 3.8800000000000003 0.0
4.42 3.9200000000000004 0.0
4.42 3.96 0.0
4.42 4.0 0.0
4.42 4.04 0.0
4.42 4.08 0.0
4.42 4.12 0.0
4.42 4.16 0.0
4.42 4.2 0.0
4.42 4.24 0.0
4.42 4.28 0.0
4.42 4.32 0.0
4.42 4.36 0.0
4.42 4.4 0.0
4.42 4.4399999999999995 0.0
4.42 4.48 0.0
4.42 4.52 0.0
4.42 4.5600000000000005 0.0
4.42 4.6 0.0
4.42 4.64 0.0
4.42 4.680000000000001 0.0
4.42 4.72 0.0
4.42 4.760000000000001 0.0
4.42 4.8 0.0
4.42 4.840000000000001 0.0
4.42 4.879999999999999 0.0
4.42 4.92 0.0
4.42 4.960000000000001 0.0
4.42 5.0 0.0
4.91 3.0 0.0
4.91 3.04 0.0
4.91 3.08 0.0
4.91 3.1199999999999997 0.0
4.91 3.16 0.0
4.91 3.2 0.0
4.91 3.24 0.0
4.91 3.2800000000000002 0.0
4.91 3.3200000000000003 0.0
4.91 3.36 0.0
4.91 3.4000000000000004 0.0
4.91 3.44 0.0
4.91 3.4800000000000004 0.0
4.91 3.5199999999999996 0.0
4.91 3.5600000000000005 0.0
4.91 3.5999999999999996 0.0
4.91 3.64 0.0
4.91 3.6799999999999997 0.0
4.91 3.7199999999999998 0.0
4.91 3.76 0.0
4.91 3.8 0.0
4.91 3.8400000000000003 0.0
4.91 3.8800000000000003 0.0
4.91 3.9200000000000004 0.0
4.91 3.96 0.0
4.91 4.0 0.0
4.91 4.04 0.0
4.91 4.08 0.0
4.91 4.12 0.0
4.91 4.16 0.0
4.91 4.2 0.0
4.91 4.24 0.0
4.91 4.28 0.0
4.91 4.32 0.0
4.91 4.36 0.0
4.91 4.4 0.0
4.91 4.4399999999999995 0.0
4.91 4.48 0.0
4.91 4.52 0.0
4.91 4.5600000000000005 0.0
4.91 4.6 0.0
4.91 4.64 0.0
4.91 4.680000000000001 0.0
4.91 4.72 0.0
4.91 4.760000000000001 0.0
4.91 4.8 0.0
4.91 4.840000000000001 0.0
4.91 4.879999999999999 0.0
4.91 4.92 0.0
4.91 4.960000000000001 0.0
4.91 5.0 0.0
5.4 3.0 0.0
5.4 3.04 0.0
5.4 3.08 0.0
5.4 3.1199999999999997 0.0
5.4 3.16 0.0
5.4 3.2 0.0
5.4 3.24 0.0
5.4 3.2800000000000002 0.0
5.4 3.3200000000000003 0.0
5.4 3.36 0.0
5.4 3.4000000000000004 0.0
5.4 3.44 0.0
5.4 3.4800000000000004 0.0
5.4 3.5199999999999996 0.0
5.4 3.5600000000000005 0.0
5.4 3.5999999999999996 0.0
5.4 3.64 0.0
5.4 3.6799999999999997 0.0
5.4 3.7199999999999998 0.0
5.4 3.76 0.0
5.4 3.8 0.0
5.4 3.8400000000000003 0.0
5.4 3.8800000000000003 0.0
5.4 3.9200000000000004 0.0
5.4 3.96 0.0
5.4 4.0 0.0
5.4 4.04 0.0
5.4 4.08 0.0
5.4 4.12 0.0
5.4 4.16 0.0
5.4 4.2 0.0
5.4 4.24 0.0
5.4 4.28 0.0
5.4 4.32 0.0
5.4 4.36 0.0
5.4 4.4 0.0
5.4 4.4399999999999995 0.0
5.4 4.48 0.0
5.4 4.52 0.0
5.4 4.5600000000000005 0.0
5.4 4.6 0.0
5.4 4.64 0.0
5.4 4.680000000000001 0.0
5.4 4.72 0.0
5.4 4.760000000000001 0.0
5.4 4.8 0.0
5.4 4.840000000000001 0.0
5.4 4.879999999999999 0.0
5.4 4.92 0.0
5.4 4.960000000000001 0.0
5.4 5.0 0.0
5.89 3.0 0.0
5.89 3.04 0.0
5.89 3.08 0.0
5.89 3.1199999999999997 0.0
5.89 3.16 0.0
5.89 3.2 0.0
5.89 3.24 0.0
5.89 3.2800000000000002 0.0
5.89 3.3200000000000003 0.0
5.89 3.36 0.0
5.89 3.4000000000000004 0.0
5.89 3.44 0.0
5.89 3.4800000000000004 0.0
5.89 3.5199999999999996 0.0
5.89 3.5600000000000005 0.0
5.89 3.5999999999999996 0.0
5.89 3.64 0.0
5.89 3.6799999999999997 0.0
5.89 3.7199999999999998 0.0
5.89 3.76 0.0
5.89 3.8 0.0
5.89 3.8400000000000003 0.0
5.89 3.8800000000000003 0.0
5.89 3.9200000000000004 0.0
5.89 3.96 0.0
5.89 4.0 0.0
5.89 4.04 0.0
5.89 4.08 0.0
5.89 4.12 0.0
5.89 4.16 0.0
5.89 4.2 0.0
5.89 4.24 0.0
5.89 4.28 0.0
5.89 4.32 0.0
5.89 4.36 0.0
5.89 4.4 0.0
5.89 4.4399999999999995 0.0
5.89 4.48 0.0
5.89 4.52 0.0
5.89 4.5600000000000005 0.0
5.89 4.6 0.0
5.89 4.64 0.0
5.89 4.680000000000001 0.0
5.89 4.72 0.0
5.89 4.760000000000001 0.0
5.89 4.8 0.0
5.89 4.840000000000001 0.0
5.89 4.879999999999999 0.0
5.89 4.92 0.0
5.89 4.960000000000001 0.0
5.89 5.0 0.0
6.38 3.0 0.0
6.38 3.04 0.0
6.38 3.08 0.0
6.38 3.1199999999999997 0.0
6.38 3.16 0.0
6.38 3.2 0.0
6.38 3.24 0.0
6.38 3.2800000000000002 0.0
6.38 3.3200000000000003 0.0
6.38 3.36 0.0
6.38 3.4000000000000004 0.0
6.38 3.44 0.0
6.38 3.4800000000000004 0.0
6.38 3.5199999999999996 0.0
6.38 3.5600000000000005 0.0
6.38 3.5999999999999996 0.0
6.38 3.64 0.0
6.38 3.6799999999999997 0.0
6.38 3.7199999999999998 0.0
6.38 3.76 0.0
6.38 3.8 0.0
6.38 3.8400000000000003 0.0
6.38 3.8800000000000003 0.0
6.38 3.9200000000000004 0.0
6.38 3.96 0.0
6.38 4.0 0.0
6.38 4.04 0.0
6.38 4.08 0.0
6.38 4.12 0.0
6.38 4.16 0.0
6.38 4.2 0.0
6.38 4.24 0.0
6.38 4.28 0.0
6.38 4.32 0.0
6.38 4.36 0.0
6.38 4.4 0.0
6.38 4.4399999999999995 0.0
6.38 4.48 0.0
6.38 4.52 0.0
6.38 4.5600000000000005 0.0
6.38 4.6 0.0
6.38 4.64 0.0
6.38 4.680000000000001 0.0
6.38 4.72 0.0
6.38 4.760000000000001 0.0
6.38 4.8 0.0
6.38 4.840000000000001 0.0
6.38 4.879999999999999 0.0
6.38 4.92 0.0
6.38 4.960000000000001 0.0
6.38 5.0 0.0
6.87 3.0 0.0
6.87 3.04 0.0
6.87 3.08 0.0
6.87 3.1199999999999997 0.0
6.87 3.16 0.0
6.87 3.2 0.0
6.87 3.24 0.0
6.87 3.2800000000000002 0.0
6.87 3.3200000000000003 0.0
6.87 3.36 0.0
6.87 3.4000000000000004 0.0
6.87 3.44 0.0
6.87 3.4800000000000004 0.0
6.87 3.5199999999999996 0.0
6.87 3.5600000000000005 0.0
6.87 3.5999999999999996 0.0
6.87 3.64 0.0
6.87 3.6799999999999997 0.0
6.87 3.7199999999999998 0.0
6.87 3.76 0.0
6.87 3.8 0.0
6.87 3.8400000000000003 0.0
6.87 3.8800000000000003 0.0
6.87 3.9200000000000004 0.0
6.87 3.96 0.0
6.87 4.0 0.0
6.87 4.04 0.0
6.87 4.08 0.0
6.87 4.12 0.0
6.87 4.16 0.0
6.87 4.2 0.0
6.87 4.24 0.0
6.87 4.28 0.0
6.87 4.32 0.0
6.87 4.36 0.0
6.87 4.4 0.0
6.87 4.4399999999999995 0.0
6.87 4.48 0.0
6.87 4.52 0.0
6.87 4.5600000000000005 0.0
6.87 4.6 0.0
6.87 4.64 0.0
6.87 4.680000000000001 0.0
6.87 4.72 0.0
6.87 4.760000000000001 0.0
6.87 4.8 0.0
6.87 4.840000000000001 0.0
6.87 4.879999999999999 0.0
6.87 4.92 0.0
6.87 4.960000000000001 0.0
6.87 5.0 0.0
7.360000000000001 3.0 0.0
7.360000000000001 3.04 0.0
7.360000000000001 3.08 0.0
7.360000000000001 3.1199999999999997 0.0
7.360000000000001 3.16 0.0
7.360000000000001 3.2 0.0
7.360000000000001 3.24 0.0
7.360000000000001 3.2800000000000002 0.0
7.360000000000001 3.3200000000000003 0.0
7.360000000000001 3.36 0.0
7.360000000000001 3.4000000000000004 0.0
7.360000000000001 3.44 0.0
7.360000000000001 3.4800000000000004 0.0
7.360000000000001 3.5199999999999996 0.0
7.360000000000001 3.5600000000000005 0.0
7.360000000000001 3.5999999999999996 0.0
7.360000000000001 3.64 0.0
7.360000000000001 3.6799999999999997 0.0
7.360000000000001 3.7199999999999998 0.0
7.360000000000001 3.76 0.0
7.360000000000001 3.8 0.0
7.360000000000001 3.8400000000000003 0.0
7.360000000000001 3.8800000000000003 0.0
7.360000000000001 3.9200000000000004 0.0
7.360000000000001 3.96 0.0
7.360000000000001 4.0 0.0
7.360000000000001 4.04 0.0
7.360000000000001 4.08 0.0
7.360000000000001 4.12 0.0
7.360000000000001 4.16 0.0
7.360000000000001 4.2 0.0
7.360000000000001 4.24 0.0
7.360000000000001 4.28 0.0
7.360000000000001 4.32 0.0
7.360000000000001 4.36 0.0
7.360000000000001 4.4 0.0
7.360000000000001 4.4399999999999995 0.0
7.360000000000001 4.48 0.0
7.360000000000001 4.52 0.0
7.360000000000001 4.5600000000000005 0.0
7.360000000000001 4.6 0.0
7.360000000000001 4.64 0.0
7.360000000000001 4.680000000000001 0.0
7.360000000000001 4.72 0.0
7.360000000000001 4.760000000000001 0.0
7.360000000000001 4.8 0.0
7.360000000000001 4.840000000000001 0.0
7.360000000000001 4.879999999999999 0.0
7.360000000000001 4.92 0.0
7.360000000000001 4.960000000000001 0.0
7.360000000000001 5.0 0.0
7.85 3.0 0.0
7.85 3.04 0.0
7.85 3.08 0.0
7.85 3.1199999999999997 0.0
7.85 3.16 0.0
7.85 3.2 0.0
7.85 3.24 0.0
7.85 3.2800000000000002 0.0
7.85 3.3200000000000003 0.0
7.85 3.36 0.0
7.85 3.4000000000000004 0.0
7.85 3.44 0.0
7.85 3.4800000000000004 0.0
7.85 3.5199999999999996 0.0
7.85 3.5600000000000005 0.0
7.85 3.5999999999999996 0.0
7.85 3.64 0.0
7.85 3.6799999999999997 0.0
7.85 3.7199999999999998 0.0
7.85 3.76 0.0
7.85 3.8 0.0
7.85 3.8400000000000003 0.0
7.85 3.8800000000000003 0.0
7.85 3.9200000000000004 0.0
7.85 3.96 0.0
7.85 4.0 0.0
7.85 4.04 0.0
7.85 4.08 0.0
7.85 4.12 0.0
7.85 4.16 0.0
7.85 4.2 0.0
7.85 4.24 0.0
7.85 4.28 0.0
7.85 4.32 0.0
7.85 4.36 0.0
7.85 4.4 0.0
7.85 4.4399999999999995 0.0
7.85 4.48 0.0
7.85 4.52 0.0
7.85 4.5600000000000005 0.0
7.85 4.6 0.0
7.85 4.64 0.0
7.85 4.680000000000001 0.0
7.85 4.72 0.0
7.85 4.760000000000001 0.0
7.85 4.8 0.0
7.85 4.840000000000001 0.0
7.85 4.879999999999999 0.0
7.85 4.92 0.0
7.85 4.960000000000001 0.0
7.85 5.0 0.0
8.34 3.0 0.0
8.34 3.04 0.0
8.34 3.08 0.0
8.34 3.1199999999999997 0.0
8.34 3.16 0.0
8.34 3.2 0.0
8.34 3.24 0.0
8.34 3.2800000000000002 0.0
8.34 3.3200000000000003 0.0
8.34 3.36 0.0
8.34 3.4000000000000004 0.0
8.34 3.44 0.0
8.34 3.4800000000000004 0.0
8.34 3.5199999999999996 0.0
8.34 3.5600000000000005 1.6188758063028115e-34
8.34 3.5999999999999996 9.821460954117294e-34
8.34 3.64 9.377813135552801e-35
8.34 3.6799999999999997 6.679839282955503e-34
8.34 3.7199999999999998 6.734591482461294e-31
8.34 3.76 -4.131383590364418e-28
8.34 3.8 1.6788569297367347e-22
8.34 3.8400000000000003 4.1176819965137055e-19
8.34 3.8800000000000003 2.3874162241077623e-17
8.34 3.9200000000000004 1.1659403300673386e-18
8.34 3.96 1.0729499256347081e-18
8.34 4.0 1.5894498063384427e-17
8.34 4.04 2.3211077805589125e-17
8.34 4.08 -5.66297972385887e-17
8.34 4.12 1.282496112086934e-16
8.34 4.16 2.6489951152436847e-17
8.34 4.2 2.9931712376709126e-17
8.34 4.24 6.037123612760534e-19
8.34 4.28 3.401154682678348e-19
8.34 4.32 7.725790197637868e-21
8.34 4.36 5.9721751497292095e-21
8.34 4.4 9.11375340544494e-22
8.34 4.4399999999999995 2.171683404558746e-21
8.34 4.48 5.668325771837159e-26
8.34 4.52 -4.959183163143974e-24
8.34 4.5600000000000005 -8.888626851707306e-27
8.34 4.6 -2.5830712371860548e-26
8.34 4.64 -1.2626228741263676e-27
8.34 4.680000000000001 0.0
8.34 4.72 0.0
8.34 4.760000000000001 0.0
8.34 4.8 0.0
8.34 4.840000000000001 0.0
8.34 4.879999999999999 0.0
8.34 4.92 0.0
8.34 4.960000000000001 0.0
8.34 5.0 0.0
8.83 3.0 0.0
8.83 3.04 0.0
8.83 3.08 0.0
8.83 3.1199999999999997 0.0
8.83 3.16 0.0
8.83 3.2 0.0
8.83 3.24 0.0
8.83 3.2800000000000002 0.0
8.83 3.3200000000000003 0.0
8.83 3.36 0.0
8.83 3.4000000000000004 0.0
8.83 3.44 0.0
8.83 3.4800000000000004 0.0
8.83 3.5199999999999996 0.0
8.83 3.5600000000000005 3.7798321742829435e-23
8.83 3.5999999999999996 -1.872017757820195e-22
8.83 3.64 9.732191502210551e-24
8.83 3.6799999999999997 8.930606970782551e-23
8.83 3.7199999999999998 1.7287340098815868e-24
8.83 3.76 -8.95849575879613e-21
8.83 3.8 3.738663339278954e-17
8.83 3.8400000000000003 -1.7315769991661844e-13
8.83 3.8800000000000003 1.2362396549910765e-12
8.83 3.9200000000000004 2.4753381485174034e-10
8.83 3.96 1.0711176988746338e-9
8.83 4.0 1.8122136812745297e-8
8.83 4.04 -1.144464311514695e-7
8.83 4.08 1.6582333735804431e-7
8.83 4.12 1.0334595388460967e-5
8.83 4.16 8.056560345286024e-6
8.83 4.2 3.87562406286565e-5
8.83 4.24 1.5498645139234738e-8
8.83 4.28 1.7328449581419174e-11
8.83 4.32 1.6485130515108213e-9
8.83 4.36 2.800630428358905e-10
8.83 4.4 2.069669969753587e-11
8.83 4.4399999999999995 3.577186064198278e-11
8.83 4.48 4.6340977480137336e-11
8.83 4.52 1.0575773158411937e-11
8.83 4.5600000000000005 6.781194914806213e-11
8.83 4.6 3.3108249173550064e-12
8.83 4.64 -3.813845511131183e-16
8.83 4.680000000000001 0.0
8.83 4.72 0.0
8.83 4.760000000000001 0.0
8.83 4.8 0.0
8.83 4.840000000000001 0.0
8.83 4.879999999999999 0.0
8.83 4.92 0.0
8.83 4.960000000000001 0.0
8.83 5.0 0.0
9.32 3.0 0.0
9.32 3.04 0.0
9.32 3.08 0.0
9.32 3.1199999999999997 0.0
9.32 3.16 0.0
9.32 3.2 0.0
9.32 3.24 0.0
9.32 3.2800000000000002 0.0
9.32 3.3200000000000003 0.0
9.32 3.36 0.0
9.32 3.4000000000000004 0.0
9.32 3.44 0.0
9.32 3.4800000000000004 0.0
9.32 3.5199999999999996 0.0
9.32 3.5600000000000005 1.6750534551142588e-19
9.32 3.5999999999999996 -8.291161129263294e-19
9.32 3.64 2.1324708371331413e-20
9.32 3.6799999999999997 1.4726130942832388e-19
9.32 3.7199999999999998 1.9004332965882807e-18
9.32 3.76 6.942910597263709e-16
9.32 3.8 4.869919919123372e-10
9.32 3.8400000000000003 1.26463787831894e-6
9.32 3.8800000000000003 7.19303659532163e-5
9.32 3.9200000000000004 0.00037831832745897925
9.32 3.96 0.005141045900520257
9.32 4.0 0.02119051091958809
9.32 4.04 0.09383811319619674
9.32 4.08 0.07433785781871596
9.32 4.12 0.10524349029706741
9.32 4.16 0.07402874305642447
9.32 4.2 0.08178419525662504
9.32 4.24 0.04543592319692685
9.32 4.28 0.02619551718140631
9.32 4.32 0.02244655374529824
9.32 4.36 0.006711737606739013
9.32 4.4 0.003109465908330782
9.32 4.4399999999999995 0.0012052698102865205
9.32 4.48 0.00020614279015213812
9.32 4.52 0.0002679504267008213
9.32 4.5600000000000005 4.210018148943999e-5
9.32 4.6 2.1723848797037807e-6
9.32 4.64 1.3602795892537956e-9
9.32 4.680000000000001 0.0
9.32 4.72 0.0
9.32 4.760000000000001 0.0
9.32 4.8 0.0
9.32 4.840000000000001 0.0
9.32 4.879999999999999 0.0
9.32 4.92 0.0
9.32 4.960000000000001 0.0
9.32 5.0 0.0
9.81 3.0 0.0
9.81 3.04 0.0
9.81 3.08 0.0
9.81 3.1199999999999997 0.0
9.81 3.16 0.0
9.81 3.2 0.0
9.81 3.24 0.0
9.81 3.2800000000000002 0.0
9.81 3.3200000000000003 0.0
9.81 3.36 0.0
9.81 3.4000000000000004 0.0
9.81 3.44 0.0
9.81 3.4800000000000004 0.0
9.81 3.5199999999999996 0.0
9.81 3.5600000000000005 2.8830656438707716e-17
9.81 3.5999999999999996 -6.022187421049328e-17
9.81 3.64 4.1767279590026105e-17
9.81 3.6799999999999997 9.068701478427117e-17
9.81 3.7199999999999998 5.717644460472879e-16
9.81 3.76 7.429184606708519e-11
9.81 3.8 1.849438833128747e-8
9.81 3.8400000000000003 0.00024133465162178114
9.81 3.8800000000000003 0.027342658133510323
9.81 3.9200000000000004 0.1813001059971402
9.81 3.96 0.7061578672805201
9.81 4.0 1.8117919815296528
9.81 4.04 2.172627415913407
9.81 4.08 2.241339823369476
9.81 4.12 2.2902714798420254
9.81 4.16 2.0264889704413545
9.81 4.2 1.9660654592498013
9.81 4.24 1.5423041021741573
9.81 4.28 1.1116000162069641
9.81 4.32 0.12242817482570603
9.81 4.36 0.1528083813662122
9.81 4.4 0.10727383983744572
9.81 4.4399999999999995 0.04036138762753071
9.81 4.48 0.0011338585890526458
9.81 4.52 0.00012520688995726667
9.81 4.5600000000000005 0.0007698748782480389
9.81 4.6 3.769813055282688e-5
9.81 4.64 9.554756037726701e-8
9.81 4.680000000000001 0.0
9.81 4.72 0.0
9.81 4.760000000000001 0.0
9.81 4.8 0.0
9.81 4.840000000000001 0.0
9.81 4.879999999999999 0.0
9.81 4.92 0.0
9.81 4.960000000000001 0.0
9.81 5.0 0.0
10.3 3.0 0.0
10.3 3.04 0.0
10.3 3.08 0.0
10.3 3.1199999999999997 0.0
10.3 3.16 0.0
10.3 3.2 0.0
10.3 3.24 0.0
10.3 3.2800000000000002 0.0
10.3 3.3200000000000003 0.0
10.3 3.36 0.0
10.3 3.4000000000000004 0.0
10.3 3.44 0.0
10.3 3.4800000000000004 0.0
10.3 3.5199999999999996 0.0
10.3 3.5600000000000005 8.100283210689336e-19
10.3 3.5999999999999996 1.0826379581048567e-18
10.3 3.64 9.259267944427361e-19
10.3 3.6799999999999997 -7.617619838542356e-18
10.3 3.7199999999999998 -1.3619513458640457e-18
10.3 3.76 6.220231928795458e-14
10.3 3.8 0.000628990827652243
10.3 3.8400000000000003 0.012462071229078962
10.3 3.8800000000000003 0.09351930620021726
10.3 3.9200000000000004 0.22664889602406532
10.3 3.96 0.35472204912845334
10.3 4.0 0.4302991558095041
10.3 4.04 0.4244124257071074
10.3 4.08 0.34054416113037045
10.3 4.12 0.336102355135453
10.3 4.16 0.12664693170094826
10.3 4.2 0.0765896201063677
10.3 4.24 0.05147973674625683
10.3 4.28 0.009154225746057988
10.3 4.32 0.00152167300273136
10.3 4.36 0.001059535620224224
10.3 4.4 0.0003910237859297604
10.3 4.4399999999999995 9.547335015823683e-6
10.3 4.48 3.615037863765738e-7
10.3 4.52 2.3892921689114097e-6
10.3 4.5600000000000005 5.600025984579766e-7
10.3 4.6 2.075308706609083e-8
10.3 4.64 -2.1886721207999818e-12
10.3 4.680000000000001 0.0
10.3 4.72 0.0
10.3 4.760000000000001 0.0
10.3 4.8 0.0
10.3 4.840000000000001 0.0
10.3 4.879999999999999 0.0
10.3 4.92 0.0
10.3 4.960000000000001 0.0
10.3 5.0 0.0
10.79 3.0 0.0
10.79 3.04 0.0
10.79 3.08 0.0
10.79 3.1199999999999997 0.0
10.79 3.16 0.0
10.79 3.2 0.0
10.79 3.24 0.0
10.79 3.2800000000000002 0.0
10.79 3.3200000000000003 0.0
10.79 3.36 0.0
10.79 3.4000000000000004 0.0
10.79 3.44 0.0
10.79 3.4800000000000004 0.0
10.79 3.5199999999999996 0.0
10.79 3.5600000000000005 1.1359807407679535e-22
10.79 3.5999999999999996 5.389746316074719e-22
10.79 3.64 3.4937077225543056e-22
10.79 3.6799999999999997 1.5770123571953533e-22
10.79 3.7199999999999998 -2.63461437040343e-22
10.79 3.76 3.0052105007590684e-17
10.79 3.8 2.8544330747547548e-9
10.79 3.8400000000000003 6.403286432454365e-8
10.79 3.8800000000000003 -4.126239173497917e-7
10.79 3.9200000000000004 2.1984772564113733e-6
10.79 3.96 6.908357236898613e-6
10.79 4.0 0.0004266598001275997
10.79 4.04 4.0109079003074785e-5
10.79 4.08 7.106122897494868e-5
10.79 4.12 6.838692279635375e-6
10.79 4.16 4.447790010898911e-6
10.79 4.2 2.1330393892835513e-6
10.79 4.24 1.5334667220046552e-7
10.79 4.28 1.2321873698162885e-7
10.79 4.32 -9.187494419270437e-9
10.79 4.36 -1.8209764498232315e-10
10.79 4.4 -3.3920366477082916e-10
10.79 4.4399999999999995 -5.450360828910752e-10
10.79 4.48 -4.320956687606505e-14
10.79 4.52 -4.579340404413065e-13
10.79 4.5600000000000005 1.329001420854649e-13
10.79 4.6 5.264719010548007e-15
10.79 4.64 -1.5826352244217158e-16
10.79 4.680000000000001 0.0
10.79 4.72 0.0
10.79 4.760000000000001 0.0
10.79 4.8 0.0
10.79 4.840000000000001 0.0
10.79 4.879999999999999 0.0
10.79 4.92 0.0
10.79 4.960000000000001 0.0
10.79 5.0 0.0
11.28 3.0 0.0
11.28 3.04 0.0
11.28 3.08 0.0
11.28 3.1199999999999997 0.0
11.28 3.16 0.0
11.28 3.2 0.0
11.28 3.24 0.0
11.28 3.2800000000000002 0.0
11.28 3.3200000000000003 0.0
11.28 3.36 0.0
11.28 3.4000000000000004 0.0
11.28 3.44 0.0
11.28 3.4800000000000004 0.0
11.28 3.5199999999999996 0.0
11.28 3.5600000000000005 9.625801031931435e-29
11.28 3.5999999999999996 -1.2641284765967626e-28
11.28 3.64 6.847879689439242e-29
11.28 3.6799999999999997 2.9246375091659065e-28
11.28 3.7199999999999998 9.067183819891354e-29
11.28 3.76 3.673659889615453e-23
11.28 3.8 9.726644613380953e-21
11.28 3.8400000000000003 7.582938850061443e-16
11.28 3.8800000000000003 2.454656088221736e-15
11.28 3.9200000000000004 7.15002027661544e-12
11.28 3.96 8.392815170200033e-12
11.28 4.0 1.1080583077710036e-11
11.28 4.04 3.768541742850639e-11
11.28 4.08 6.96912998216724e-12
11.28 4.12 3.8398793121037805e-12
11.28 4.16 2.757067829955327e-12
11.28 4.2 1.1371526406471354e-13
11.28 4.24 5.683482729633475e-15
11.28 4.28 4.162582940681959e-15
11.28 4.32 1.7163760809447998e-15
11.28 4.36 4.377109051707748e-17
11.28 4.4 -7.111740309147715e-18
11.28 4.4399999999999995 -7.14358104924055e-18
11.28 4.48 6.183590631648183e-21
11.28 4.52 -9.196286100468049e-21
11.28 4.5600000000000005 2.9419889914172773e-20
11.28 4.6 1.1129925515078828e-21
11.28 4.64 -2.5141429624636182e-22
11.28 4.680000000000001 0.0
11.28 4.72 0.0
11.28 4.760000000000001 0.0
11.28 4.8 0.0
11.28 4.840000000000001 0.0
11.28 4.879999999999999 0.0
11.28 4.92 0.0
11.28 4.960000000000001 0.0
11.28 5.0 0.0
11.77 3.0 0.0
11.77 3.04 0.0
11.77 3.08 0.0
11.77 3.1199999999999997 0.0
11.77 3.16 0.0
11.77 3.2 0.0
11.77 3.24 0.0
11.77 3.2800000000000002 0.0
11.77 3.3200000000000003 0.0
11.77 3.36 0.0
11.77 3.4000000000000004 0.0
11.77 3.44 0.0
11.77 3.4800000000000004 0.0
11.77 3.5199999999999996 0.0
11.77 3.5600000000000005 1.0842228062406267e-33
11.77 3.5999999999999996 -1.701206882347648e-33
11.77 3.64 1.6767618862414116e-34
11.77 3.6799999999999997 1.83162314169024e-33
11.77 3.7199999999999998 1.0340632591079801e-29
11.77 3.76 1.4260967185978512e-27
11.77 3.8 2.534824775457314e-21
11.77 3.8400000000000003 6.465981371645293e-18
11.77 3.8800000000000003 3.669395579362288e-16
11.77 3.9200000000000004 1.720071096238425e-17
11.77 3.96 1.701421371825591e-17
11.77 4.0 -2.2458462683390453e-17
11.77 4.04 3.270210634717903e-17
11.77 4.08 1.3558896741694306e-17
11.77 4.12 3.34452912306221e-16
11.77 4.16 3.759153185186286e-17
11.77 4.2 -1.5156573232207215e-18
11.77 4.24 -7.290997193852976e-19
11.77 4.28 1.6805264057190647e-19
11.77 4.32 -6.590520106910616e-18
11.77 4.36 -1.1230437342363485e-18
11.77 4.4 2.081906652289692e-20
11.77 4.4399999999999995 4.7523323591224584e-20
11.77 4.48 1.3239690331537008e-22
11.77 4.52 -2.284722971513714e-24
11.77 4.5600000000000005 -5.461260135520088e-24
11.77 4.6 -3.2603978781929422e-25
11.77 4.64 -1.0021104580960145e-25
11.77 4.680000000000001 0.0
11.77 4.72 0.0
11.77 4.760000000000001 0.0
11.77 4.8 0.0
11.77 4.840000000000001 0.0
11.77 4.879999999999999 0.0
11.77 4.92 0.0
11.77 4.960000000000001 0.0
11.77 5.0 0.0
12.26 3.0 0.0
12.26 3.04 0.0
12.26 3.08 0.0
12.26 3.1199999999999997 0.0
12.26 3.16 0.0
12.26 3.2 0.0
12.26 3.24 0.0
12.26 3.2800000000000002 0.0
12.26 3.3200000000000003 0.0
12.26 3.36 0.0
12.26 3.4000000000000004 0.0
12.26 3.44 0.0
12.26 3.4800000000000004 0.0
12.26 3.5199999999999996 0.0
12.26 3.5600000000000005 0.0
12.26 3.5999999999999996 0.0
12.26 3.64 0.0
12.26 3.6799999999999997 0.0
12.26 3.7199999999999998 0.0
12.26 3.76 0.0
12.26 3.8 0.0
12.26 3.8400000000000003 0.0
12.26 3.8800000000000003 0.0
12.26 3.9200000000000004 0.0
12.26 3.96 0.0
12.26 4.0 0.0
12.26 4.04 0.0
12.26 4.08 0.0
12.26 4.12 0.0
12.26 4.16 0.0
12.26 4.2 0.0
12.26 4.24 0.0
12.26 4.28 0.0
12.26 4.32 0.0
12.26 4.36 0.0
12.26 4.4 0.0
12.26 4.4399999999999995 0.0
12.26 4.48 0.0
12.26 4.52 0.0
12.26 4.5600000000000005 0.0
12.26 4.6 0.0
12.26 4.64 0.0
12.26 4.680000000000001 0.0
12.26 4.72 0.0
12.26 4.760000000000001 0.0
12.26 4.8 0.0
12.26 4.840000000000001 0.0
12.26 4.879999999999999 0.0
12.26 4.92 0.0
12.26 4.960000000000001 0.0
12.26 5.0 0.0
12.75 3.0 0.0
12.75 3.04 0.0
12.75 3.08 0.0
12.75 3.1199999999999997 0.0
12.75 3.16 0.0
12.75 3.2 0.0
12.75 3.24 0.0
12.75 3.2800000000000002 0.0
12.75 3.3200000000000003 0.0
12.75 3.36 0.0
12.75 3.4000000000000004 0.0
12.75 3.44 0.0
12.75 3.4800000000000004 0.0
12.75 3.5199999999999996 0.0
12.75 3.5600000000000005 0.0
12.75 3.5999999999999996 0.0
12.75 3.64 0.0
12.75 3.6799999999999997 0.0
12.75 3.7199999999999998 0.0
12.75 3.76 0.0
12.75 3.8 0.0
12.75 3.8400000000000003 0.0
12.75 3.8800000000000003 0.0
12.75 3.9200000000000004 0.0
12.75 3.96 0.0
12.75 4.0 0.0
12.75 4.04 0.0
12.75 4.08 0.0
12.75 4.12 0.0
12.75 4.16 0.0
12.75 4.2 0.0
12.75 4.24 0.0
12.75 4.28 0.0
12.75 4.32 0.0
12.75 4.36 0.0
12.75 4.4 0.0
12.75 4.4399999999999995 0.0
12.75 4.48 0.0
12.75 4.52 0.0
12.75 4.5600000000000005 0.0
12.75 4.6 0.0
12.75 4.64 0.0
12.75 4.680000000000001 0.0
12.75 4.72 0.0
12.75 4.760000000000001 0.0
12.75 4.8 0.0
12.75 4.840000000000001 0.0
12.75 4.879999999999999 0.0
12.75 4.92 0.0
12.75 4.960000000000001 0.0
12.75 5.0 0.0
13.24 3.0 0.0
13.24 3.04 0.0
13.24 3.08 0.0
13.24 3.1199999999999997 0.0
13.24 3.16 0.0
13.24 3.2 0.0
13.24 3.24 0.0
13.24 3.2800000000000002 0.0
13.24 3.3200000000000003 0.0
13.24 3.36 0.0
13.24 3.4000000000000004 0.0
13.24 3.44 0.0
13.24 3.4800000000000004 0.0
13.24 3.5199999999999996 0.0
13.24 3.5600000000000005 0.0
13.24 3.5999999999999996 0.0
13.24 3.64 0.0
13.24 3.6799999999999997 0.0
13.24 3.7199999999999998 0.0
13.24 3.76 0.0
13.24 3.8 0.0
13.24 3.8400000000000003 0.0
13.24 3.8800000000000003 0.0
13.24 3.9200000000000004 0.0
13.24 3.96 0.0
13.24 4.0 0.0
13.24 4.04 0.0
13.24 4.08 0.0
13.24 4.12 0.0
13.24 4.16 0.0
13.24 4.2 0.0
13.24 4.24 0.0
13.24 4.28 0.0
13.24 4.32 0.0
13.24 4.36 0.0
13.24 4.4 0.0
13.24 4.4399999999999995 0.0
13.24 4.48 0.0
13.24 4.52 0.0
13.24 4.5600000000000005 0.0
13.24 4.6 0.0
13.24 4.64 0.0
13.24 4.680000000000001 0.0
13.24 4.72 0.0
13.24 4.760000000000001 0.0
13.24 4.8 0.0
13.24 4.840000000000001 0.0
13.24 4.879999999999999 0.0
13.24 4.92 0.0
13.24 4.960000000000001 0.0
13.24 5.0 0.0
13.73 3.0 0.0
13.73 3.04 0.0
13.73 3.08 0.0
13.73 3.1199999999999997 0.0
13.73 3.16 0.0
13.73 3.2 0.0
13.73 3.24 0.0
13.73 3.2800000000000002 0.0
13.73 3.3200000000000003 0.0
13.73 3.36 0.0
13.73 3.4000000000000004 0.0
13.73 3.44 0.0
13.73 3.4800000000000004 0.0
13.73 3.5199999999999996 0.0
13.73 3.5600000000000005 0.0
13.73 3.5999999999999996 0.0
13.73 3.64 0.0
13.73 3.6799999999999997 0.0
13.73 3.7199999999999998 0.0
13.73 3.76 0.0
13.73 3.8 0.0
13.73 3.8400000000000003 0.0
13.73 3.8800000000000003 0.0
13.73 3.9200000000000004 0.0
13.73 3.96 0.0
13.73 4.0 0.0
13.73 4.04 0.0
13.73 4.08 0.0
13.73 4.12 0.0
13.73 4.16 0.0
13.73 4.2 0.0
13.73 4.24 0.0
13.73 4.28 0.0
13.73 4.32 0.0
13.73 4.36 0.0
13.73 4.4 0.0
13.73 4.4399999999999995 0.0
13.73 4.48 0.0
13.73 4.52 0.0
13.73 4.5600000000000005 0.0
13.73 4.6 0.0
13.73 4.64 0.0
13.73 4.680000000000001 0.0
13.73 4.72 0.0
13.73 4.760000000000001 0.0
13.73 4.8 0.0
13.73 4.840000000000001 0.0
13.73 4.879999999999999 0.0
13.73 4.92 0.0
13.73 4.960000000000001 0.0
13.73 5.0 0.0
14.220000000000002 3.0 0.0
14.220000000000002 3.04 0.0
14.220000000000002 3.08 0.0
14.220000000000002 3.1199999999999997 0.0
14.220000000000002 3.16 0.0
14.220000000000002 3.2 0.0
14.220000000000002 3.24 0.0
14.220000000000002 3.2800000000000002 0.0
14.220000000000002 3.3200000000000003 0.0
14.220000000000002 3.36 0.0
14.220000000000002 3.4000000000000004 0.0
14.220000000000002 3.44 0.0
14.220000000000002 3.4800000000000004 0.0
14.220000000000002 3.5199999999999996 0.0
14.220000000000002 3.5600000000000005 0.0
14.220000000000002 3.5999999999999996 -1.3054026791444085e-13
14.220000000000002 3.64 -2.4056556149060636e-12
14.220000000000002 3.6799999999999997 -1.9130099108973706e-11
14.220000000000002 3.7199999999999998 3.0444634729723736e-12
14.220000000000002 3.76 -2.0006422960571726e-10
14.220000000000002 3.8 3.948365489071458e-9
14.220000000000002 3.8400000000000003 2.054178582420014e-7
14.220000000000002 3.8800000000000003 2.2389674714223598e-6
14.220000000000002 3.9200000000000004 2.6433287255770053e-5
14.220000000000002 3.96 8.033835789976427e-5
14.220000000000002 4.0 0.00014064881567798148
14.220000000000002 4.04 0.0003094376003114309
14.220000000000002 4.08 0.00046265635086143673
14.220000000000002 4.12 0.0007160355045402987
14.220000000000002 4.16 0.0009219351104428902
14.220000000000002 4.2 0.0002146054053771008
14.220000000000002 4.24 0.0008304938440044722
14.220000000000002 4.28 0.011856893057310507
14.220000000000002 4.32 0.000318091793495732
14.220000000000002 4.36 2.4587434859746147e-5
14.220000000000002 4.4 1.1046120469170066e-5
14.220000000000002 4.4399999999999995 0.0
14.220000000000002 4.48 0.0
14.220000000000002 4.52 0.0
14.220000000000002 4.5600000000000005 0.0
14.220000000000002 4.6 0.0
14.220000000000002 4.64 0.0
14.220000000000002 4.680000000000001 0.0
14.220000000000002 4.72 0.0
14.220000000000002 4.760000000000001 0.0
14.220000000000002 4.8 0.0
14.220000000000002 4.840000000000001 0.0
14.220000000000002 4.879999999999999 0.0
14.220000000000002 4.92 0.0
14.220000000000002 4.960000000000001 0.0
14.220000000000002 5.0 0.0
14.709999999999999 3.0 0.0
14.709999999999999 3.04 0.0
14.709999999999999 3.08 0.0
14.709999999999999 3.1199999999999997 0.0
14.709999999999999 3.16 0.0
14.709999999999999 3.2 0.0
14.709999999999999 3.24 0.0
14.709999999999999 3.2800000000000002 0.0
14.709999999999999 3.3200000000000003 0.0
14.709999999999999 3.36 0.0
14.709999999999999 3.4000000000000004 0.0
14.709999999999999 3.44 0.0
14.709999999999999 3.4800000000000004 0.0
14.709999999999999 3.5199999999999996 0.0
14.709999999999999 3.5600000000000005 0.0
14.709999999999999 3.5999999999999996 8.437675766512204e-11
14.709999999999999 3.64 8.41730455128481e-10
14.709999999999999 3.6799999999999997 -2.022423267961425e-11
14.709999999999999 3.7199999999999998 1.7326694208544384e-8
14.709999999999999 3.76 3.8925420169464443e-7
14.709999999999999 3.8 1.5229743684797639e-5
14.709999999999999 3.8400000000000003 0.0001508709340872395
14.709999999999999 3.8800000000000003 0.001048899481918314
14.709999999999999 3.9200000000000004 0.0036822990546254712
14.709999999999999 3.96 0.0046720621614793545
14.709999999999999 4.0 0.004177338343168526
14.709999999999999 4.04 0.04935304778874456
14.709999999999999 4.08 0.038669303141887386
14.709999999999999 4.12 0.029149514614584256
14.709999999999999 4.16 0.18966046242340326
14.709999999999999 4.2 0.02242879233859233
14.709999999999999 4.24 0.0040808802207790325
14.709999999999999 4.28 0.0035025866531275176
14.709999999999999 4.32 0.0031786500097184507
14.709999999999999 4.36 0.04651045917333872
14.709999999999999 4.4 0.000910470290516098
14.709999999999999 4.4399999999999995 0.0
14.709999999999999 4.48 0.0
14.709999999999999 4.52 0.0
14.709999999999999 4.5600000000000005 0.0
14.709999999999999 4.6 0.0
14.709999999999999 4.64 0.0
14.709999999999999 4.680000000000001 0.0
14.709999999999999 4.72 0.0
14.709999999999999 4.760000000000001 0.0
14.709999999999999 4.8 0.0
14.709999999999999 4.840000000000001 0.0
14.709999999999999 4.879999999999999 0.0
14.709999999999999 4.92 0.0
14.709999999999999 4.960000000000001 0.0
14.709999999999999 5.0 0.0
15.2 3.0 0.0
15.2 3.04 0.0
15.2 3.08 0.0
15.2 3.1199999999999997 0.0
15.2 3.16 0.0
15.2 3.2 0.0
15.2 3.24 0.0
15.2 3.2800000000000002 0.0
15.2 3.3200000000000003 0.0
15.2 3.36 0.0
15.2 3.4000000000000004 0.0
15.2 3.44 0.0
15.2 3.4800000000000004 0.0
15.2 3.5199999999999996 0.0
15.2 3.5600000000000005 0.0
15.2 3.5999999999999996 1.318391481241541e-9
15.2 3.64 1.7779923260221117e-8
15.2 3.6799999999999997 2.227621623241905e-7
15.2 3.7199999999999998 4.40124245227929e-6
15.2 3.76 7.836601719165072e-5
15.2 3.8 0.001100831746084067
15.2 3.8400000000000003 0.009408902702375158
15.2 3.8800000000000003 0.037207396480108394
15.2 3.9200000000000004 0.08365039862804594
15.2 3.96 0.1887852466879203
15.2 4.0 0.07887535102853202
15.2 4.04 0.1081954246139069
15.2 4.08 0.26073812640440774
15.2 4.12 0.43610787970490644
15.2 4.16 0.1492557366029309
15.2 4.2 0.03181491464078853
15.2 4.24 0.6355491389245421
15.2 4.28 0.005355510152617039
15.2 4.32 0.17998409744305358
15.2 4.36 3.0572429904184284e-6
15.2 4.4 1.6036922467892096e-7
15.2 4.4399999999999995 0.0
15.2 4.48 0.0
15.2 4.52 0.0
15.2 4.5600000000000005 0.0
15.2 4.6 0.0
15.2 4.64 0.0
15.2 4.680000000000001 0.0
15.2 4.72 0.0
15.2 4.760000000000001 0.0
15.2 4.8 0.0
15.2 4.840000000000001 0.0
15.2 4.879999999999999 0.0
15.2 4.92 0.0
15.2 4.960000000000001 0.0
15.2 5.0 0.0
15.69 3.0 0.0
15.69 3.04 0.0
15.69 3.08 0.0
15.69 3.1199999999999997 0.0
15.69 3.16 0.0
15.69 3.2 0.0
15.69 3.24 0.0
15.69 3.2800000000000002 0.0
15.69 3.3200000000000003 0.0
15.69 3.36 0.0
15.69 3.4000000000000004 0.0
15.69 3.44 0.0
15.69 3.4800000000000004 0.0
15.69 3.5199999999999996 0.0
15.69 3.5600000000000005 0.0
15.69 3.5999999999999996 6.432468081952251e-8
15.69 3.64 9.83696609456126e-7
15.69 3.6799999999999997 1.291646193402913e-5
15.69 3.7199999999999998 0.00014747182631440737
15.69 3.76 0.001945930606235292
15.69 3.8 0.015073811688737329
15.69 3.8400000000000003 0.04972642261822132
15.69 3.8800000000000003 0.09883917428468116
15.69 3.9200000000000004 0.16788287052559578
15.69 3.96 0.12145079477492698
15.69 4.0 0.8043710003179555
15.69 4.04 0.8244875795711134
15.69 4.08 0.22666405797035502
15.69 4.12 0.42541424336227984
15.69 4.16 0.04628320966796976
15.69 4.2 0.050222981390653336
15.69 4.24 5.526716841421081e-6
15.69 4.28 0.00014431298185417163
15.69 4.32 0.002841206286603697
15.69 4.36 0.0007268865026321381
15.69 4.4 0.00020548737624535846
15.69 4.4399999999999995 0.0
15.69 4.48 0.0
15.69 4.52 0.0
15.69 4.5600000000000005 0.0
15.69 4.6 0.0
15.69 4.64 0.0
15.69 4.680000000000001 0.0
15.69 4.72 0.0
15.69 4.760000000000001 0.0
15.69 4.8 0.0
15.69 4.840000000000001 0.0
15.69 4.879999999999999 0.0
15.69 4.92 0.0
15.69 4.960000000000001 0.0
15.69 5.0 0.0
16.18 3.0 0.0
16.18 3.04 0.0
16.18 3.08 0.0
16.18 3.1199999999999997 0.0
16.18 3.16 0.0
16.18 3.2 0.0
16.18 3.24 0.0
16.18 3.2800000000000002 0.0
16.18 3.3200000000000003 0.0
16.18 3.36 0.0
16.18 3.4000000000000004 0.0
16.18 3.44 0.0
16.18 3.4800000000000004 0.0
16.18 3.5199999999999996 0.0
16.18 3.5600000000000005 0.0
16.18 3.5999999999999996 1.919679895576526e-6
16.18 3.64 1.822262357629363e-5
16.18 3.6799999999999997 0.00014522722573905795
16.18 3.7199999999999998 0.0010353619236321023
16.18 3.76 0.005441391981678051
16.18 3.8 0.011608231424222322
16.18 3.8400000000000003 0.024681299736955934
16.18 3.8800000000000003 0.06551201671508042
16.18 3.9200000000000004 0.07369229629447772
16.18 3.96 0.09952744658516444
16.18 4.0 0.28525539755828905
16.18 4.04 0.2290497675303443
16.18 4.08 0.006648627112152309
16.18 4.12 9.032035912495603e-5
16.18 4.16 1.4193645421918694e-5
16.18 4.2 0.0010082750740571407
16.18 4.24 0.0011285747674104635
16.18 4.28 0.00025396155765457457
16.18 4.32 6.934196647557901e-5
16.18 4.36 -8.082851525652709e-7
16.18 4.4 -3.3516921216868206e-7
16.18 4.4399999999999995 0.0
16.18 4.48 0.0
16.18 4.52 0.0
16.18 4.5600000000000005 0.0
16.18 4.6 0.0
16.18 4.64 0.0
16.18 4.680000000000001 0.0
16.18 4.72 0.0
16.18 4.760000000000001 0.0
16.18 4.8 0.0
16.18 4.840000000000001 0.0
16.18 4.879999999999999 0.0
16.18 4.92 0.0
16.18 4.960000000000001 0.0
16.18 5.0 0.0
16.67 3.0 0.0
16.67 3.04 0.0
16.67 3.08 0.0
16.67 3.1199999999999997 0.0
16.67 3.16 0.0
16.67 3.2 0.0
16.67 3.24 0.0
16.67 3.2800000000000002 0.0
16.67 3.3200000000000003 0.0
16.67 3.36 0.0
16.67 3.4000000000000004 0.0
16.67 3.44 0.0
16.67 3.4800000000000004 0.0
16.67 3.5199999999999996 0.0
16.67 3.5600000000000005 0.0
16.67 3.5999999999999996 6.375349260439075e-6
16.67 3.64 4.9656348854565204e-5
16.67 3.6799999999999997 0.0002888272340138256
16.67 3.7199999999999998 0.0008085683319820769
16.67 3.76 0.0015728248252359542
16.67 3.8 0.006098204573304659
16.67 3.8400000000000003 0.015292653613251517
16.67 3.8800000000000003 0.008806291156140409
16.67 3.9200000000000004 0.010906198281030986
16.67 3.96 0.006704961044710359
16.67 4.0 8.855181429256587e-5
16.67 4.04 -0.0003160253098905145
16.67 4.08 2.3923071093133406e-6
16.67 4.12 0.0004074491142998198
16.67 4.16 0.00011382114457734003
16.67 4.2 7.263961403149195e-5
16.67 4.24 4.990502149890476e-6
16.67 4.28 -4.3847053076189376e-6
16.67 4.32 2.11973193197621e-6
16.67 4.36 1.9560443226028436e-6
16.67 4.4 6.044298459976472e-7
16.67 4.4399999999999995 0.0
16.67 4.48 0.0
16.67 4.52 0.0
16.67 4.5600000000000005 0.0
16.67 4.6 0.0
16.67 4.64 0.0
16.67 4.680000000000001 0.0
16.67 4.72 0.0
16.67 4.760000000000001 0.0
16.67 4.8 0.0
16.67 4.840000000000001 0.0
16.67 4.879999999999999 0.0
16.67 4.92 0.0
16.67 4.960000000000001 0.0
16.67 5.0 0.0
17.16 3.0 0.0
17.16 3.04 0.0
17.16 3.08 0.0
17.16 3.1199999999999997 0.0
17.16 3.16 0.0
17.16 3.2 0.0
17.16 3.24 0.0
17.16 3.2800000000000002 0.0
17.16 3.3200000000000003 0.0
17.16 3.36 0.0
17.16 3.4000000000000004 0.0
17.16 3.44 0.0
17.16 3.4800000000000004 0.0
17.16 3.5199999999999996 0.0
17.16 3.5600000000000005 0.0
17.16 3.5999999999999996 3.098926389449226e-6
17.16 3.64 2.045913920529836e-5
17.16 3.6799999999999997 5.86835217265289e-5
17.16 3.7199999999999998 0.00011314224400212114
17.16 3.76 0.00022011686073017698
17.16 3.8 0.0007817484610886758
17.16 3.8400000000000003 0.001029607459747448
17.16 3.8800000000000003 0.0001432652035156279
17.16 3.9200000000000004 4.547873880228348e-6
17.16 3.96 -2.022565795668687e-6
17.16 4.0 2.1818894563721614e-6
17.16 4.04 6.645425015416353e-6
17.16 4.08 9.493102520123144e-7
17.16 4.12 3.3283691566213547e-6
17.16 4.16 9.911350421767658e-7
17.16 4.2 8.481821213809013e-7
17.16 4.24 7.46685320788108e-8
17.16 4.28 -5.4613605084324894e-8
17.16 4.32 2.8121440090521407e-8
17.16 4.36 4.770008108096901e-9
17.16 4.4 1.4727864327423453e-9
17.16 4.4399999999999995 0.0
17.16 4.48 0.0
17.16 4.52 0.0
17.16 4.5600000000000005 0.0
17.16 4.6 0.0
17.16 4.64 0.0
17.16 4.680000000000001 0.0
17.16 4.72 0.0
17.16 4.760000000000001 0.0
17.16 4.8 0.0
17.16 4.840000000000001 0.0
17.16 4.879999999999999 0.0
17.16 4.92 0.0
17.16 4.960000000000001 0.0
17.16 5.0 0.0
17.65 3.0 0.0
17.65 3.04 0.0
17.65 3.08 0.0
17.65 3.1199999999999997 0.0
17.65 3.16 0.0
17.65 3.2 0.0
17.65 3.24 0.0
17.65 3.2800000000000002 0.0
17.65 3.3200000000000003 0.0
17.65 3.36 0.0
17.65 3.4000000000000004 0.0
17.65 3.44 0.0
17.65 3.4800000000000004 0.0
17.65 3.5199999999999996 0.0
17.65 3.5600000000000005 0.0
17.65 3.5999999999999996 1.433026241901567e-7
17.65 3.64 6.842885378692791e-7
17.65 3.6799999999999997 2.4632308558194813e-6
17.65 3.7199999999999998 8.906736530671194e-6
17.65 3.76 8.635185164091999e-6
17.65 3.8 7.503499039283796e-5
17.65 3.8400000000000003 -1.2799534521610618e-6
17.65 3.8800000000000003 5.336268947873464e-8
17.65 3.9200000000000004 1.5570085917197545e-10
17.65 3.96 1.0105136489107755e-11
17.65 4.0 2.032502395403899e-9
17.65 4.04 1.4796052346028431e-8
17.65 4.08 4.9769150646766336e-8
17.65 4.12 2.008764943613731e-8
17.65 4.16 1.7401712560624216e-9
17.65 4.2 1.2497852239445822e-10
17.65 4.24 9.989365562260243e-12
17.65 4.28 -7.1884472007725796e-12
17.65 4.32 3.717098356163605e-12
17.65 4.36 7.579361030497585e-13
17.65 4.4 2.454190242878038e-13
17.65 4.4399999999999995 0.0
17.65 4.48 0.0
17.65 4.52 0.0
17.65 4.5600000000000005 0.0
17.65 4.6 0.0
17.65 4.64 0.0
17.65 4.680000000000001 0.0
17.65 4.72 0.0
17.65 4.760000000000001 0.0
17.65 4.8 0.0
17.65 4.840000000000001 0.0
17.65 4.879999999999999 0.0
17.65 4.92 0.0
17.65 4.960000000000001 0.0
17.65 5.0 0.0
18.14 3.0 0.0
18.14 3.04 0.0
18.14 3.08 0.0
18.14 3.1199999999999997 0.0
18.14 3.16 0.0
18.14 3.2 0.0
18.14 3.24 0.0
18.14 3.2800000000000002 0.0
18.14 3.3200000000000003 0.0
18.14 3.36 0.0
18.14 3.4000000000000004 0.0
18.14 3.44 0.0
18.14 3.4800000000000004 0.0
18.14 3.5199999999999996 0.0
18.14 3.5600000000000005 0.0
18.14 3.5999999999999996 0.0
18.14 3.64 0.0
18.14 3.6799999999999997 0.0
18.14 3.7199999999999998 0.0
18.14 3.76 3.952943048227615e-13
18.14 3.8 -1.9082767171444994e-13
18.14 3.8400000000000003 1.3282133639525081e-11
18.14 3.8800000000000003 -1.594408317740515e-10
18.14 3.9200000000000004 -2.2132462739792407e-11
18.14 3.96 1.1095519930147542e-9
18.14 4.0 3.6728644732918342e-9
18.14 4.04 1.5696967811550817e-8
18.14 4.08 2.8486305531243142e-8
18.14 4.12 7.068573790167205e-8
18.14 4.16 1.8896911792439096e-7
18.14 4.2 2.552016575216886e-7
18.14 4.24 1.8929059343052687e-7
18.14 4.28 5.3128339378743606e-8
18.14 4.32 5.0722838312175705e-8
18.14 4.36 3.8996328926100613e-8
18.14 4.4 -1.642369937786951e-9
18.14 4.4399999999999995 -1.7332555160272481e-9
18.14 4.48 0.0
18.14 4.52 0.0
18.14 4.5600000000000005 0.0
18.14 4.6 0.0
18.14 4.64 0.0
18.14 4.680000000000001 0.0
18.14 4.72 0.0
18.14 4.760000000000001 0.0
18.14 4.8 0.0
18.14 4.840000000000001 0.0
18.14 4.879999999999999 0.0
18.14 4.92 0.0
18.14 4.960000000000001 0.0
18.14 5.0 0.0
18.63 3.0 0.0
18.63 3.04 0.0
18.63 3.08 0.0
18.63 3.1199999999999997 0.0
18.63 3.16 0.0
18.63 3.2 0.0
18.63 3.24 0.0
18.63 3.2800000000000002 0.0
18.63 3.3200000000000003 0.0
18.63 3.36 0.0
18.63 3.4000000000000004 0.0
18.63 3.44 0.0
18.63 3.4800000000000004 0.0
18.63 3.5199999999999996 0.0
18.63 3.5600000000000005 0.0
18.63 3.5999999999999996 0.0
18.63 3.64 0.0
18.63 3.6799999999999997 0.0
18.63 3.7199999999999998 0.0
18.63 3.76 -1.4092847251913346e-10
18.63 3.8 7.99852836683222e-9
18.63 3.8400000000000003 4.308701282707243e-9
18.63 3.8800000000000003 4.2104981423508636e-7
18.63 3.9200000000000004 4.845542822135543e-6
18.63 3.96 1.2547986037137891e-5
18.63 4.0 5.132316856371482e-5
18.63 4.04 0.0003407415124626618
18.63 4.08 0.0005316022375858098
18.63 4.12 0.0013456934045926192
18.63 4.16 0.0013455387787660602
18.63 4.2 0.0008917421489868248
18.63 4.24 0.0006327839666757787
18.63 4.28 0.0002518127145886129
18.63 4.32 8.297189910510458e-5
18.63 4.36 2.0106102087121014e-5
18.63 4.4 1.5043320953502897e-5
18.63 4.4399999999999995 6.700229557880118e-7
18.63 4.48 0.0
18.63 4.52 0.0
18.63 4.5600000000000005 0.0
18.63 4.6 0.0
18.63 4.64 0.0
18.63 4.680000000000001 0.0
18.63 4.72 0.0
18.63 4.760000000000001 0.0
18.63 4.8 0.0
18.63 4.840000000000001 0.0
18.63 4.879999999999999 0.0
18.63 4.92 0.0
18.63 4.960000000000001 0.0
18.63 5.0 0.0
19.12 3.0 0.0
19.12 3.04 0.0
19.12 3.08 0.0
19.12 3.1199999999999997 0.0
19.12 3.16 0.0
19.12 3.2 0.0
19.12 3.24 0.0
19.12 3.2800000000000002 0.0
19.12 3.3200000000000003 0.0
19.12 3.36 0.0
19.12 3.4000000000000004 0.0
19.12 3.44 0.0
19.12 3.4800000000000004 0.0
19.12 3.5199999999999996 0.0
19.12 3.5600000000000005 0.0
19.12 3.5999999999999996 0.0
19.12 3.64 0.0
19.12 3.6799999999999997 0.0
19.12 3.7199999999999998 0.0
19.12 3.76 5.277081960388309e-7
19.12 3.8 5.068321901162851e-6
19.12 3.8400000000000003 0.00010328441212463463
19.12 3.8800000000000003 0.000877047453919429
19.12 3.9200000000000004 0.0030084200368717205
19.12 3.96 0.017801782477387017
19.12 4.0 0.1253221457211535
19.12 4.04 0.15621660518162725
19.12 4.08 0.17417851633920975
19.12 4.12 0.25052244430235776
19.12 4.16 0.18791829043566968
19.12 4.2 0.20915484300860035
19.12 4.24 0.2193968000152472
19.12 4.28 0.1447623083085292
19.12 4.32 0.06563171963546204
19.12 4.36 0.06269143894984176
19.12 4.4 0.09284670439064197
19.12 4.4399999999999995 0.036221625757577765
19.12 4.48 0.0
19.12 4.52 0.0
19.12 4.5600000000000005 0.0
19.12 4.6 0.0
19.12 4.64 0.0
19.12 4.680000000000001 0.0
19.12 4.72 0.0
19.12 4.760000000000001 0.0
19.12 4.8 0.0
19.12 4.840000000000001 0.0
19.12 4.879999999999999 0.0
19.12 4.92 0.0
19.12 4.960000000000001 0.0
19.12 5.0 0.0
19.61 3.0 0.0
19.61 3.04 0.0
19.61 3.08 0.0
19.61 3.1199999999999997 0.0
19.61 3.16 0.0
19.61 3.2 0.0
19.61 3.24 0.0
19.61 3.2800000000000002 0.0
19.61 3.3200000000000003 0.0
19.61 3.36 0.0
19.61 3.4000000000000004 0.0
19.61 3.44 0.0
19.61 3.4800000000000004 0.0
19.61 3.5199999999999996 0.0
19.61 3.5600000000000005 0.0
19.61 3.5999999999999996 0.0
19.61 3.64 0.0
19.61 3.6799999999999997 0.0
19.61 3.7199999999999998 0.0
19.61 3.76 0.00016286088271719098
19.61 3.8 0.0007514281321195518
19.61 3.8400000000000003 0.006296263352025335
19.61 3.8800000000000003 0.023403304544187202
19.61 3.9200000000000004 0.26445341857545757
19.61 3.96 1.08808909833275
19.61 4.0 1.6552181919435833
19.61 4.04 2.0586264943007317
19.61 4.08 2.1677128828711414
19.61 4.12 1.9968249514204555
19.61 4.16 1.9090465119135664
19.61 4.2 1.7143770328231427
19.61 4.24 1.4243526523049443
19.61 4.28 0.852619396737257
19.61 4.32 0.11270481465386926
19.61 4.36 0.12826088526228271
19.61 4.4 0.007804539457864237
19.61 4.4399999999999995 0.003862382565067694
19.61 4.48 0.0
19.61 4.52 0.0
19.61 4.5600000000000005 0.0
19.61 4.6 0.0
19.61 4.64 0.0
19.61 4.680000000000001 0.0
19.61 4.72 0.0
19.61 4.760000000000001 0.0
19.61 4.8 0.0
19.61 4.840000000000001 0.0
19.61 4.879999999999999 0.0
19.61 4.92 0.0
19.61 4.960000000000001 0.0
19.61 5.0 0.0
20.1 3.0 0.0
20.1 3.04 0.0
20.1 3.08 0.0
20.1 3.1199999999999997 0.0
20.1 3.16 0.0
20.1 3.2 0.0
20.1 3.24 0.0
20.1 3.2800000000000002 0.0
20.1 3.3200000000000003 0.0
20.1 3.36 0.0
20.1 3.4000000000000004 0.0
20.1 3.44 0.0
20.1 3.4800000000000004 0.0
20.1 3.5199999999999996 0.0
20.1 3.5600000000000005 0.0
20.1 3.5999999999999996 0.0
20.1 3.64 0.0
20.1 3.6799999999999997 0.0
20.1 3.7199999999999998 0.0
20.1 3.76 0.0004657343807135836
20.1 3.8 0.0009025774871091862
20.1 3.8400000000000003 0.017368366370663517
20.1 3.8800000000000003 0.3322353232046577
20.1 3.9200000000000004 0.9377996122737101
20.1 3.96 1.3027253905389744
20.1 4.0 1.382418688378419
20.1 4.04 1.2396559812385437
20.1 4.08 1.0587873634756173
20.1 4.12 0.709424032954361
20.1 4.16 0.37959108277793735
20.1 4.2 0.22768486884880842
20.1 4.24 0.11177943808787709
20.1 4.28 0.005764957888472426
20.1 4.32 0.003724417284304066
20.1 4.36 0.001249235003692698
20.1 4.4 0.0005123845847817954
20.1 4.4399999999999995 1.944801313120976e-6
20.1 4.48 0.0
20.1 4.52 0.0
20.1 4.5600000000000005 0.0
20.1 4.6 0.0
20.1 4.64 0.0
20.1 4.680000000000001 0.0
20.1 4.72 0.0
20.1 4.760000000000001 0.0
20.1 4.8 0.0
20.1 4.840000000000001 0.0
20.1 4.879999999999999 0.0
20.1 4.92 0.0
20.1 4.960000000000001 0.0
20.1 5.0 0.0
20.59 3.0 0.0
20.59 3.04 0.0
20.59 3.08 0.0
20.59 3.1199999999999997 0.0
20.59 3.16 0.0
20.59 3.2 0.0
20.59 3.24 0.0
20.59 3.2800000000000002 0.0
20.59 3.3200000000000003 0.0
20.59 3.36 0.0
20.59 3.4000000000000004 0.0
20.59 3.44 0.0
20.59 3.4800000000000004 0.0
20.59 3.5199999999999996 0.0
20.59 3.5600000000000005 0.0
20.59 3.5999999999999996 0.0
20.59 3.64 0.0
20.59 3.6799999999999997 0.0
20.59 3.7199999999999998 0.0
20.59 3.76 3.1531140218211546e-7
20.59 3.8 4.8718742057569495e-6
20.59 3.8400000000000003 0.019777843146601335
20.59 3.8800000000000003 0.06723388342324128
20.59 3.9200000000000004 0.0755643571095577
20.59 3.96 0.042351129470609816
20.59 4.0 0.03775649571886512
20.59 4.04 0.02692871263489563
20.59 4.08 0.01704460347274802
20.59 4.12 0.007024237899529276
20.59 4.16 0.0035708137559319238
20.59 4.2 0.0012802041019475286
20.59 4.24 0.001041226729555524
20.59 4.28 1.4745122774378451e-5
20.59 4.32 8.287922015266429e-7
20.59 4.36 6.282974704440319e-7
20.59 4.4 9.693896282875357e-8
20.59 4.4399999999999995 -2.503339988677014e-8
20.59 4.48 0.0
20.59 4.52 0.0
20.59 4.5600000000000005 0.0
20.59 4.6 0.0
20.59 4.64 0.0
20.59 4.680000000000001 0.0
20.59 4.72 0.0
20.59 4.760000000000001 0.0
20.59 4.8 0.0
20.59 4.840000000000001 0.0
20.59 4.879999999999999 0.0
20.59 4.92 0.0
20.59 4.960000000000001 0.0
20.59 5.0 0.0
21.08 3.0 0.0
21.08 3.04 0.0
21.08 3.08 0.0
21.08 3.1199999999999997 0.0
21.08 3.16 0.0
21.08 3.2 0.0
21.08 3.24 0.0
21.08 3.2800000000000002 0.0
21.08 3.3200000000000003 0.0
21.08 3.36 0.0
21.08 3.4000000000000004 0.0
21.08 3.44 0.0
21.08 3.4800000000000004 0.0
21.08 3.5199999999999996 0.0
21.08 3.5600000000000005 0.0
21.08 3.5999999999999996 0.0
21.08 3.64 0.0
21.08 3.6799999999999997 0.0
21.08 3.7199999999999998 0.0
21.08 3.76 -9.463794082952611e-8
21.08 3.8 1.7992006148248963e-5
21.08 3.8400000000000003 0.00036567735192522834
21.08 3.8800000000000003 0.0005283727543716999
21.08 3.9200000000000004 0.00028440698201791877
21.08 3.96 0.00026372277447794806
21.08 4.0 0.0001457691946503049
21.08 4.04 7.748387216543365e-5
21.08 4.08 3.907053174530063e-5
21.08 4.12 1.0411536276526898e-5
21.08 4.16 1.6627636246062058e-6
21.08 4.2 2.0747997332762317e-7
21.08 4.24 9.862707096362079e-8
21.08 4.28 -1.046115345851813e-8
21.08 4.32 2.0385001117917805e-9
21.08 4.36 -1.8174710003736539e-9
21.08 4.4 1.1900004839571926e-9
21.08 4.4399999999999995 -1.5255385588599095e-10
21.08 4.48 0.0
21.08 4.52 0.0
21.08 4.5600000000000005 0.0
21.08 4.6 0.0
21.08 4.64 0.0
21.08 4.680000000000001 0.0
21.08 4.72 0.0
21.08 4.760000000000001 0.0
21.08 4.8 0.0
21.08 4.840000000000001 0.0
21.08 4.879999999999999 0.0
21.08 4.92 0.0
21.08 4.960000000000001 0.0
21.08 5.0 0.0
21.57 3.0 0.0
21.57 3.04 0.0
21.57 3.08 0.0
21.57 3.1199999999999997 0.0
21.57 3.16 0.0
21.57 3.2 0.0
21.57 3.24 0.0
21.57 3.2800000000000002 0.0
21.57 3.3200000000000003 0.0
21.57 3.36 0.0
21.57 3.4000000000000004 0.0
21.57 3.44 0.0
21.57 3.4800000000000004 0.0
21.57 3.5199999999999996 0.0
21.57 3.5600000000000005 0.0
21.57 3.5999999999999996 0.0
21.57 3.64 0.0
21.57 3.6799999999999997 0.0
21.57 3.7199999999999998 0.0
21.57 3.76 -2.170572061281595e-10
21.57 3.8 2.9715340669287178e-9
21.57 3.8400000000000003 2.197800538726396e-7
21.57 3.8800000000000003 3.338271018334783e-7
21.57 3.9200000000000004 2.700815415154871e-7
21.57 3.96 1.2100809298333498e-7
21.57 4.0 7.880032755879689e-8
21.57 4.04 3.086534477944328e-8
21.57 4.08 1.643390262128801e-8
21.57 4.12 6.829841440564496e-9
21.57 4.16 1.5472351852216243e-9
21.57 4.2 9.34424938865761e-10
21.57 4.24 1.4919544620875506e-10
21.57 4.28 2.3959940058296225e-12
21.57 4.32 7.739471004708043e-13
21.57 4.36 -4.361434132903849e-13
21.57 4.4 -1.146381316049301e-14
21.57 4.4399999999999995 -1.5287448125158995e-14
21.57 4.48 0.0
21.57 4.52 0.0
21.57 4.5600000000000005 0.0
21.57 4.6 0.0
21.57 4.64 0.0
21.57 4.680000000000001 0.0
21.57 4.72 0.0
21.57 4.760000000000001 0.0
21.57 4.8 0.0
21.57 4.840000000000001 0.0
21.57 4.879999999999999 0.0
21.57 4.92 0.0
21.57 4.960000000000001 0.0
21.57 5.0 0.0
22.06 3.0 0.0
22.06 3.04 0.0
22.06 3.08 0.0
22.06 3.1199999999999997 0.0
22.06 3.16 0.0
22.06 3.2 0.0
22.06 3.24 0.0
22.06 3.2800000000000002 0.0
22.06 3.3200000000000003 0.0
22.06 3.36 0.0
22.06 3.4000000000000004 0.0
22.06 3.44 0.0
22.06 3.4800000000000004 0.0
22.06 3.5199999999999996 0.0
22.06 3.5600000000000005 0.0
22.06 3.5999999999999996 0.0
22.06 3.64 0.0
22.06 3.6799999999999997 0.0
22.06 3.7199999999999998 0.0
22.06 3.76 0.0
22.06 3.8 0.0
22.06 3.8400000000000003 0.0
22.06 3.8800000000000003 0.0
22.06 3.9200000000000004 0.0
22.06 3.96 0.0
22.06 4.0 0.0
22.06 4.04 0.0
22.06 4.08 0.0
22.06 4.12 0.0
22.06 4.16 0.0
22.06 4.2 0.0
22.06 4.24 0.0
22.06 4.28 0.0
22.06 4.32 0.0
22.06 4.36 0.0
22.06 4.4 0.0
22.06 4.4399999999999995 0.0
22.06 4.48 0.0
22.06 4.52 0.0
22.06 4.5600000000000005 0.0
22.06 4.6 0.0
22.06 4.64 0.0
22.06 4.680000000000001 0.0
22.06 4.72 0.0
22.06 4.760000000000001 0.0
22.06 4.8 0.0
22.06 4.840000000000001 0.0
22.06 4.879999999999999 0.0
22.06 4.92 0.0
22.06 4.960000000000001 0.0
22.06 5.0 0.0
22.55 3.0 0.0
22.55 3.04 0.0
22.55 3.08 0.0
22.55 3.1199999999999997 0.0
22.55 3.16 0.0
22.55 3.2 0.0
22.55 3.24 0.0
22.55 3.2800000000000002 0.0
22.55 3.3200000000000003 0.0
22.55 3.36 0.0
22.55 3.4000000000000004 0.0
22.55 3.44 0.0
22.55 3.4800000000000004 0.0
22.55 3.5199999999999996 0.0
22.55 3.5600000000000005 0.0
22.55 3.5999999999999996 0.0
22.55 3.64 0.0
22.55 3.6799999999999997 0.0
22.55 3.7199999999999998 0.0
22.55 3.76 0.0
22.55 3.8 0.0
22.55 3.8400000000000003 0.0
22.55 3.8800000000000003 0.0
22.55 3.9200000000000004 0.0
22.55 3.96 0.0
22.55 4.0 0.0
22.55 4.04 0.0
22.55 4.08 0.0
22.55 4.12 0.0
22.55 4.16 0.0
22.55 4.2 0.0
22.55 4.24 0.0
22.55 4.28 0.0
22.55 4.32 0.0
22.55 4.36 0.0
22.55 4.4 0.0
22.55 4.4399999999999995 0.0
22.55 4.48 0.0
22.55 4.52 0.0
22.55 4.5600000000000005 0.0
22.55 4.6 0.0
22.55 4.64 0.0
22.55 4.680000000000001 0.0
22.55 4.72 0.0
22.55 4.760000000000001 0.0
22.55 4.8 0.0
22.55 4.840000000000001 0.0
22.55 4.879999999999999 0.0
22.55 4.92 0.0
22.55 4.960000000000001 0.0
22.55 5.0 0.0
23.04 3.0 0.0
23.04 3.04 0.0
23.04 3.08 0.0
23.04 3.1199999999999997 0.0
23.04 3.16 0.0
23.04 3.2 0.0
23.04 3.24 0.0
23.04 3.2800000000000002 0.0
23.04 3.3200000000000003 0.0
23.04 3.36 0.0
23.04 3.4000000000000004 0.0
23.04 3.44 0.0
23.04 3.4800000000000004 0.0
23.04 3.5199999999999996 0.0
23.04 3.5600000000000005 0.0
23.04 3.5999999999999996 0.0
23.04 3.64 0.0
23.04 3.6799999999999997 0.0
23.04 3.7199999999999998 0.0
23.04 3.76 0.0
23.04 3.8 0.0
23.04 3.8400000000000003 0.0
23.04 3.8800000000000003 0.0
23.04 3.9200000000000004 0.0
23.04 3.96 0.0
23.04 4.0 0.0
23.04 4.04 0.0
23.04 4.08 0.0
23.04 4.12 0.0
23.04 4.16 0.0
23.04 4.2 0.0
23.04 4.24 0.0
23.04 4.28 0.0
23.04 4.32 0.0
23.04 4.36 0.0
23.04 4.4 0.0
23.04 4.4399999999999995 0.0
23.04 4.48 0.0
23.04 4.52 0.0
23.04 4.5600000000000005 0.0
23.04 4.6 0.0
23.04 4.64 0.0
23.04 4.680000000000001 0.0
23.04 4.72 0.0
23.04 4.760000000000001 0.0
23.04 4.8 0.0
23.04 4.840000000000001 0.0
23.04 4.879999999999999 0.0
23.04 4.92 0.0
23.04 4.960000000000001 0.0
23.04 5.0 0.0
23.53 3.0 0.0
23.53 3.04 0.0
23.53 3.08 0.0
23.53 3.1199999999999997 0.0
23.53 3.16 0.0
23.53 3.2 0.0
23.53 3.24 0.0
23.53 3.2800000000000002 0.0
23.53 3.3200000000000003 0.0
23.53 3.36 0.0
23.53 3.4000000000000004 0.0
23.53 3.44 0.0
23.53 3.4800000000000004 0.0
23.53 3.5199999999999996 0.0
23.53 3.5600000000000005 0.0
23.53 3.5999999999999996 0.0
23.53 3.64 0.0
23.53 3.6799999999999997 0.0
23.53 3.7199999999999998 0.0
23.53 3.76 0.0
23.53 3.8 0.0
23.53 3.8400000000000003 0.0
23.53 3.8800000000000003 0.0
23.53 3.9200000000000004 0.0
23.53 3.96 0.0
23.53 4.0 0.0
23.53 4.04 0.0
23.53 4.08 0.0
23.53 4.12 0.0
23.53 4.16 0.0
23.53 4.2 0.0
23.53 4.24 0.0
23.53 4.28 0.0
23.53 4.32 0.0
23.53 4.36 0.0
23.53 4.4 0.0
23.53 4.4399999999999995 0.0
23.53 4.48 0.0
23.53 4.52 0.0
23.53 4.5600000000000005 0.0
23.53 4.6 0.0
23.53 4.64 0.0
23.53 4.680000000000001 0.0
23.53 4.72 0.0
23.53 4.760000000000001 0.0
23.53 4.8 0.0
23.53 4.840000000000001 0.0
23.53 4.879999999999999 0.0
23.53 4.92 0.0
23.53 4.960000000000001 0.0
23.53 5.0 0.0
24.02 3.0 0.0
24.02 3.04 0.0
24.02 3.08 0.0
24.02 3.1199999999999997 0.0
24.02 3.16 0.0
24.02 3.2 0.0
24.02 3.24 0.0
24.02 3.2800000000000002 0.0
24.02 3.3200000000000003 0.0
24.02 3.36 0.0
24.02 3.4000000000000004 0.0
24.02 3.44 0.0
24.02 3.4800000000000004 0.0
24.02 3.5199999999999996 0.0
24.02 3.5600000000000005 0.0
24.02 3.5999999999999996 0.0
24.02 3.64 0.0
24.02 3.6799999999999997 0.0
24.02 3.7199999999999998 0.0
24.02 3.76 0.0
24.02 3.8 0.0
24.02 3.8400000000000003 0.0
24.02 3.8800000000000003 0.0
24.02 3.9200000000000004 0.0
24.02 3.96 0.0
24.02 4.0 0.0
24.02 4.04 0.0
24.02 4.08 0.0
24.02 4.12 0.0
24.02 4.16 0.0
24.02 4.2 0.0
24.02 4.24 0.0
24.02 4.28 0.0
24.02 4.32 0.0
24.02 4.36 0.0
24.02 4.4 0.0
24.02 4.4399999999999995 0.0
24.02 4.48 0.0
24.02 4.52 0.0
24.02 4.5600000000000005 0.0
24.02 4.6 0.0
24.02 4.64 0.0
24.02 4.680000000000001 0.0
24.02 4.72 0.0
24.02 4.760000000000001 0.0
24.02 4.8 0.0
24.02 4.840000000000001 0.0
24.02 4.879999999999999 0.0
24.02 4.92 0.0
24.02 4.960000000000001 0.0
24.02 5.0 0.0
24.51 3.0 0.0
24.51 3.04 0.0
24.51 3.08 0.0
24.51 3.1199999999999997 0.0
24.51 3.16 0.0
24.51 3.2 0.0
24.51 3.24 0.0
24.51 3.2800000000000002 0.0
24.51 3.3200000000000003 0.0
24.51 3.36 0.0
24.51 3.4000000000000004 0.0
24.51 3.44 0.0
24.51 3.4800000000000004 0.0
24.51 3.5199999999999996 0.0
24.51 3.5600000000000005 0.0
24.51 3.5999999999999996 0.0
24.51 3.64 0.0
24.51 3.6799999999999997 0.0
24.51 3.7199999999999998 0.0
24.51 3.76 0.0
24.51 3.8 0.0
24.51 3.8400000000000003 0.0
24.51 3.8800000000000003 0.0
24.51 3.9200000000000004 0.0
24.51 3.96 0.0
24.51 4.0 0.0
24.51 4.04 0.0
24.51 4.08 0.0
24.51 4.12 0.0
24.51 4.16 0.0
24.51 4.2 0.0
24.51 4.24 0.0
24.51 4.28 0.0
24.51 4.32 0.0
24.51 4.36 0.0
24.51 4.4 0.0
24.51 4.4399999999999995 0.0
24.51 4.48 0.0
24.51 4.52 0.0
24.51 4.5600000000000005 0.0
24.51 4.6 0.0
24.51 4.64 0.0
24.51 4.680000000000001 0.0
24.51 4.72 0.0
24.51 4.760000000000001 0.0
24.51 4.8 0.0
24.51 4.840000000000001 0.0
24.51 4.879999999999999 0.0
24.51 4.92 0.0
24.51 4.960000000000001 0.0
24.51 5.0 0.0
25.0 3.0 0.0
25.0 3.04 0.0
25.0 3.08 0.0
25.0 3.1199999999999997 0.0
25.0 3.16 0.0
25.0 3.2 0.0
25.0 3.24 0.0
25.0 3.2800000000000002 0.0
25.0 3.3200000000000003 0.0
25.0 3.36 0.0
25.0 3.4000000000000004 0.0
25.0 3.44 0.0
25.0 3.4800000000000004 0.0
25.0 3.5199999999999996 0.0
25.0 3.5600000000000005 0.0
25.0 3.5999999999999996 0.0
25.0 3.64 0.0
25.0 3.6799999999999997 0.0
25.0 3.7199999999999998 0.0
25.0 3.76 0.0
25.0 3.8 0.0
25.0 3.8400000000000003 0.0
25.0 3.8800000000000003 0.0
25.0 3.9200000000000004 0.0
25.0 3.96 0.0
25.0 4.0 0.0
25.0 4.04 0.0
25.0 4.08 0.0
25.0 4.12 0.0
25.0 4.16 0.0
25.0 4.2 0.0
25.0 4.24 0.0
25.0 4.28 0.0
25.0 4.32 0.0
25.0 4.36 0.0
25.0 4.4 0.0
25.0 4.4399999999999995 0.0
25.0 4.48 0.0
25.0 4.52 0.0
25.0 4.5600000000000005 0.0
25.0 4.6 0.0
25.0 4.64 0.0
25.0 4.680000000000001 0.0
25.0 4.72 0.0
25.0 4.760000000000001 0.0
25.0 4.8 0.0
25.0 4.840000000000001 0.0
25.0 4.879999999999999 0.0
25.0 4.92 0.0
25.0 4.960000000000001 0.0
25.0 5.0 0.0
