0.5 0.5 0.0
0.5 0.56 0.0
0.5 0.62 0.0
0.5 0.6799999999999999 0.0
0.5 0.74 0.0
0.5 0.8 0.0
0.5 0.86 0.0
0.5 0.92 0.0
0.5 0.98 0.0
0.5 1.04 0.0
0.5 1.1 0.0
0.5 1.1600000000000001 0.0
0.5 1.22 0.0
0.5 1.28 0.0
0.5 1.34 0.0
0.5 1.4 0.0
0.5 1.46 0.0
0.5 1.52 0.0
0.5 1.58 0.0
0.5 1.6400000000000001 0.0
0.5 1.7000000000000002 0.0
0.5 1.76 0.0
0.5 1.82 0.0
0.5 1.8800000000000001 0.0
0.5 1.94 0.0
0.5 2.0 0.0
0.5 2.06 0.0
0.5 2.12 0.0
0.5 2.18 0.0
0.5 2.2399999999999998 0.0
0.5 2.3000000000000003 0.0
0.5 2.36 0.0
0.5 2.4200000000000004 0.0
0.5 2.48 0.0
0.5 2.5400000000000005 0.0
0.5 2.5999999999999996 0.0
0.5 2.66 0.0
0.5 2.7199999999999998 0.0
0.5 2.7800000000000002 0.0
0.5 2.84 0.0
0.5 2.9000000000000004 0.0
0.5 2.9599999999999995 0.0
0.5 3.02 0.0
0.5 3.0799999999999996 0.0
0.5 3.14 0.0
0.5 3.1999999999999997 0.0
0.5 3.2600000000000002 0.0
0.5 3.3200000000000003 0.0
0.5 3.38 0.0
0.5 3.4399999999999995 0.0
0.5 3.5 0.0
0.56 0.5 0.0
0.56 0.56 0.0
0.56 0.62 0.0
0.56 0.6799999999999999 0.0
0.56 0.74 0.0
0.56 0.8 0.0
0.56 0.86 0.0
0.56 0.92 0.0
0.56 0.98 0.0
0.56 1.04 0.0
0.56 1.1 0.0
0.56 1.1600000000000001 0.0
0.56 1.22 0.0
0.56 1.28 0.0
0.56 1.34 0.0
0.56 1.4 0.0
0.56 1.46 0.0
0.56 1.52 0.0
0.56 1.58 0.0
0.56 1.6400000000000001 0.0
0.56 1.7000000000000002 0.0
0.56 1.76 0.0
0.56 1.82 0.0
0.56 1.8800000000000001 0.0
0.56 1.94 0.0
0.56 2.0 0.0
0.56 2.06 0.0
0.56 2.12 0.0
0.56 2.18 0.0
0.56 2.2399999999999998 0.0
0.56 2.3000000000000003 0.0
0.56 2.36 0.0
0.56 2.4200000000000004 0.0
0.56 2.48 0.0
0.56 2.5400000000000005 0.0
0.56 2.5999999999999996 0.0
0.56 2.66 0.0
0.56 2.7199999999999998 0.0
0.56 2.7800000000000002 0.0
0.56 2.84 0.0
0.56 2.9000000000000004 0.0
0.56 2.9599999999999995 0.0
0.56 3.02 0.0
0.56 3.0799999999999996 0.0
0.56 3.14 0.0
0.56 3.1999999999999997 0.0
0.56 3.2600000000000002 0.0
0.56 3.3200000000000003 0.0
0.56 3.38 0.0
0.56 3.4399999999999995 0.0
0.56 3.5 0.0
0.62 0.5 0.0
0.62 0.56 0.0
0.62 0.62 0.0
0.62 0.6799999999999999 0.0
0.62 0.74 0.0
0.62 0.8 0.0
0.62 0.86 0.0
0.62 0.92 0.0
0.62 0.98 0.0
0.62 1.04 0.0
0.62 1.1 0.0
0.62 1.1600000000000001 0.0
0.62 1.22 0.0
0.62 1.28 0.0
0.62 1.34 0.0
0.62 1.4 0.0
0.62 1.46 0.0
0.62 1.52 0.0
0.62 1.58 0.0
0.62 1.6400000000000001 0.0
0.62 1.7000000000000002 0.0
0.62 1.76 0.0
0.62 1.82 0.0
0.62 1.8800000000000001 0.0
0.62 1.94 0.0
0.62 2.0 0.0
0.62 2.06 0.0
0.62 2.12 0.0
0.62 2.18 0.0
0.62 2.2399999999999998 0.0
0.62 2.3000000000000003 0.0
0.62 2.36 0.0
0.62 2.4200000000000004 0.0
0.62 2.48 0.0
0.62 2.5400000000000005 0.0
0.62 2.5999999999999996 0.0
0.62 2.66 0.0
0.62 2.7199999999999998 0.0
0.62 2.7800000000000002 0.0
0.62 2.84 0.0
0.62 2.9000000000000004 0.0
0.62 2.9599999999999995 0.0
0.62 3.02 0.0
0.62 3.0799999999999996 0.0
0.62 3.14 0.0
0.62 3.1999999999999997 0.0
0.62 3.2600000000000002 0.0
0.62 3.3200000000000003 0.0
0.62 3.38 0.0
0.62 3.4399999999999995 0.0
0.62 3.5 0.0
0.6799999999999999 0.5 0.0
0.6799999999999999 0.56 0.0
0.6799999999999999 0.62 0.0
0.6799999999999999 0.6799999999999999 0.0
0.6799999999999999 0.74 0.0
0.6799999999999999 0.8 0.0
0.6799999999999999 0.86 0.0
0.6799999999999999 0.92 0.0
0.6799999999999999 0.98 0.0
0.6799999999999999 1.04 0.0
0.6799999999999999 1.1 0.0
0.6799999999999999 1.1600000000000001 0.0
0.6799999999999999 1.22 0.0
0.6799999999999999 1.28 0.0
0.6799999999999999 1.34 0.0
0.6799999999999999 1.4 0.0
0.6799999999999999 1.46 0.0
0.6799999999999999 1.52 0.0
0.6799999999999999 1.58 0.0
0.6799999999999999 1.6400000000000001 0.0
0.6799999999999999 1.7000000000000002 0.0
0.6799999999999999 1.76 0.0
0.6799999999999999 1.82 0.0
0.6799999999999999 1.8800000000000001 0.0
0.6799999999999999 1.94 0.0
0.6799999999999999 2.0 0.0
0.6799999999999999 2.06 0.0
0.6799999999999999 2.12 0.0
0.6799999999999999 2.18 0.0
0.6799999999999999 2.2399999999999998 0.0
0.6799999999999999 2.3000000000000003 0.0
0.6799999999999999 2.36 0.0
0.6799999999999999 2.4200000000000004 0.0
0.6799999999999999 2.48 0.0
0.6799999999999999 2.5400000000000005 0.0
0.6799999999999999 2.5999999999999996 0.0
0.6799999999999999 2.66 0.0
0.6799999999999999 2.7199999999999998 0.0
0.6799999999999999 2.7800000000000002 0.0
0.6799999999999999 2.84 0.0
0.6799999999999999 2.9000000000000004 0.0
0.6799999999999999 2.9599999999999995 0.0
0.6799999999999999 3.02 0.0
0.6799999999999999 3.0799999999999996 0.0
0.6799999999999999 3.14 0.0
0.6799999999999999 3.1999999999999997 0.0
0.6799999999999999 3.2600000000000002 0.0
0.6799999999999999 3.3200000000000003 0.0
0.6799999999999999 3.38 0.0
0.6799999999999999 3.4399999999999995 0.0
0.6799999999999999 3.5 0.0
0.74 0.5 0.0
0.74 0.56 0.0
0.74 0.62 0.0
0.74 0.6799999999999999 0.0
0.74 0.74 0.0
0.74 0.8 0.0
0.74 0.86 0.0
0.74 0.92 0.0
0.74 0.98 0.0
0.74 1.04 0.0
0.74 1.1 0.0
0.74 1.1600000000000001 0.0
0.74 1.22 0.0
0.74 1.28 0.0
0.74 1.34 0.0
0.74 1.4 0.0
0.74 1.46 0.0
0.74 1.52 0.0
0.74 1.58 0.0
0.74 1.6400000000000001 0.0
0.74 1.7000000000000002 0.0
0.74 1.76 0.0
0.74 1.82 0.0
0.74 1.8800000000000001 0.0
0.74 1.94 0.0
0.74 2.0 0.0
0.74 2.06 0.0
0.74 2.12 0.0
0.74 2.18 0.0
0.74 2.2399999999999998 0.0
0.74 2.3000000000000003 0.0
0.74 2.36 0.0
0.74 2.4200000000000004 0.0
0.74 2.48 0.0
0.74 2.5400000000000005 0.0
0.74 2.5999999999999996 0.0
0.74 2.66 0.0
0.74 2.7199999999999998 0.0
0.74 2.7800000000000002 0.0
0.74 2.84 0.0
0.74 2.9000000000000004 0.0
0.74 2.9599999999999995 0.0
0.74 3.02 0.0
0.74 3.0799999999999996 0.0
0.74 3.14 0.0
0.74 3.1999999999999997 0.0
0.74 3.2600000000000002 0.0
0.74 3.3200000000000003 0.0
0.74 3.38 0.0
0.74 3.4399999999999995 0.0
0.74 3.5 0.0
0.8 0.5 0.0
0.8 0.56 0.0
0.8 0.62 0.0
0.8 0.6799999999999999 0.0
0.8 0.74 0.0
0.8 0.8 0.0
0.8 0.86 0.0
0.8 0.92 0.0
0.8 0.98 0.0
0.8 1.04 0.0
0.8 1.1 0.0
0.8 1.1600000000000001 0.0
0.8 1.22 0.0
0.8 1.28 0.0
0.8 1.34 0.0
0.8 1.4 0.0
0.8 1.46 0.0
0.8 1.52 0.0
0.8 1.58 0.0
0.8 1.6400000000000001 0.0
0.8 1.7000000000000002 0.0
0.8 1.76 0.0
0.8 1.82 0.0
0.8 1.8800000000000001 0.0
0.8 1.94 0.0
0.8 2.0 0.0
0.8 2.06 0.0
0.8 2.12 0.0
0.8 2.18 0.0
0.8 2.2399999999999998 0.0
0.8 2.3000000000000003 0.0
0.8 2.36 0.0
0.8 2.4200000000000004 0.0
0.8 2.48 0.0
0.8 2.5400000000000005 0.0
0.8 2.5999999999999996 0.0
0.8 2.66 0.0
0.8 2.7199999999999998 0.0
0.8 2.7800000000000002 0.0
0.8 2.84 0.0
0.8 2.9000000000000004 0.0
0.8 2.9599999999999995 0.0
0.8 3.02 0.0
0.8 3.0799999999999996 0.0
0.8 3.14 0.0
0.8 3.1999999999999997 0.0
0.8 3.2600000000000002 0.0
0.8 3.3200000000000003 0.0
0.8 3.38 0.0
0.8 3.4399999999999995 0.0
0.8 3.5 0.0
0.86 0.5 0.0
0.86 0.56 0.0
0.86 0.62 0.0
0.86 0.6799999999999999 0.0
0.86 0.74 0.0
0.86 0.8 0.0
0.86 0.86 0.0
0.86 0.92 0.0
0.86 0.98 0.0
0.86 1.04 0.0
0.86 1.1 0.0
0.86 1.1600000000000001 0.0
0.86 1.22 0.0
0.86 1.28 0.0
0.86 1.34 0.0
0.86 1.4 0.0
0.86 1.46 0.0
0.86 1.52 0.0
0.86 1.58 0.0
0.86 1.6400000000000001 0.0
0.86 1.7000000000000002 0.0
0.86 1.76 0.0
0.86 1.82 0.0
0.86 1.8800000000000001 0.0
0.86 1.94 0.0
0.86 2.0 0.0
0.86 2.06 0.0
0.86 2.12 0.0
0.86 2.18 0.0
0.86 2.2399999999999998 0.0
0.86 2.3000000000000003 0.0
0.86 2.36 0.0
0.86 2.4200000000000004 0.0
0.86 2.48 0.0
0.86 2.5400000000000005 0.0
0.86 2.5999999999999996 0.0
0.86 2.66 0.0
0.86 2.7199999999999998 0.0
0.86 2.7800000000000002 0.0
0.86 2.84 0.0
0.86 2.9000000000000004 0.0
0.86 2.9599999999999995 0.0
0.86 3.02 0.0
0.86 3.0799999999999996 0.0
0.86 3.14 0.0
0.86 3.1999999999999997 0.0
0.86 3.2600000000000002 0.0
0.86 3.3200000000000003 0.0
0.86 3.38 0.0
0.86 3.4399999999999995 0.0
0.86 3.5 0.0
0.92 0.5 0.0
0.92 0.56 0.0
0.92 0.62 0.0
0.92 0.6799999999999999 0.0
0.92 0.74 0.0
0.92 0.8 0.0
0.92 0.86 0.0
0.92 0.92 0.0
0.92 0.98 0.0
0.92 1.04 0.0
0.92 1.1 1.2205536821600874e-16
0.92 1.1600000000000001 9.154237777671345e-45
0.92 1.22 4.948549170985434e-43
0.92 1.28 4.288746151182932e-33
0.92 1.34 1.0383315796218355e-35
0.92 1.4 -1.0353322275865518e-26
0.92 1.46 1.062134678762849e-29
0.92 1.52 -1.0608875693932333e-28
0.92 1.58 3.86696706731463e-116
0.92 1.6400000000000001 4.830376310914229e-50
0.92 1.7000000000000002 -1.126532785335379e-57
0.92 1.76 -3.3697458432682335e-47
0.92 1.82 -2.3240506819086693e-120
0.92 1.8800000000000001 1.9227442524363047e-90
0.92 1.94 -4.3860172690525104e-52
0.92 2.0 1.4691880532525571e-50
0.92 2.06 -1.028678048179274e-48
0.92 2.12 -2.2061820893286697e-51
0.92 2.18 5.1224987376255814e-61
0.92 2.2399999999999998 1.3379559137733107e-63
0.92 2.3000000000000003 2.4749415318567576e-61
0.92 2.36 2.680195421184348e-59
0.92 2.4200000000000004 -3.3548621442620495e-58
0.92 2.48 2.1635770986987307e-57
0.92 2.5400000000000005 0.0
0.92 2.5999999999999996 0.0
0.92 2.66 0.0
0.92 2.7199999999999998 0.0
0.92 2.7800000000000002 0.0
0.92 2.84 0.0
0.92 2.9000000000000004 0.0
0.92 2.9599999999999995 0.0
0.92 3.02 0.0
0.92 3.0799999999999996 0.0
0.92 3.14 0.0
0.92 3.1999999999999997 0.0
0.92 3.2600000000000002 0.0
0.92 3.3200000000000003 0.0
0.92 3.38 0.0
0.92 3.4399999999999995 0.0
0.92 3.5 0.0
0.98 0.5 0.0
0.98 0.56 0.0
0.98 0.62 0.0
0.98 0.6799999999999999 0.0
0.98 0.74 0.0
0.98 0.8 0.0
0.98 0.86 0.0
0.98 0.92 0.0
0.98 0.98 0.0
0.98 1.04 0.0
0.98 1.1 -3.6352711354108956e-16
0.98 1.1600000000000001 -2.726478715869531e-44
0.98 1.22 -1.473865363431462e-42
0.98 1.28 -1.2773510348932778e-32
0.98 1.34 -3.092544699635572e-35
0.98 1.4 3.0836114933062064e-26
0.98 1.46 -3.163439344013287e-29
0.98 1.52 3.159724979982988e-28
0.98 1.58 8.07374524560765e-106
0.98 1.6400000000000001 -1.4386690100481739e-49
0.98 1.7000000000000002 3.355241295389915e-57
0.98 1.76 1.0036379371716287e-46
0.98 1.82 -1.2059467575622015e-87
0.98 1.8800000000000001 -7.757847224644415e-86
0.98 1.94 1.3063220578207275e-51
0.98 2.0 -4.375798459783793e-50
0.98 2.06 3.063792826841431e-48
0.98 2.12 6.571729056466478e-51
0.98 2.18 2.1407535250038437e-52
0.98 2.2399999999999998 6.293902097915323e-54
0.98 2.3000000000000003 -7.371313159816185e-61
0.98 2.36 -7.982637055871734e-59
0.98 2.4200000000000004 9.992050079054968e-58
0.98 2.48 -6.443952028571202e-57
0.98 2.5400000000000005 0.0
0.98 2.5999999999999996 0.0
0.98 2.66 0.0
0.98 2.7199999999999998 0.0
0.98 2.7800000000000002 0.0
0.98 2.84 0.0
0.98 2.9000000000000004 0.0
0.98 2.9599999999999995 0.0
0.98 3.02 0.0
0.98 3.0799999999999996 0.0
0.98 3.14 0.0
0.98 3.1999999999999997 0.0
0.98 3.2600000000000002 0.0
0.98 3.3200000000000003 0.0
0.98 3.38 0.0
0.98 3.4399999999999995 0.0
0.98 3.5 0.0
1.04 0.5 0.0
1.04 0.56 0.0
1.04 0.62 0.0
1.04 0.6799999999999999 0.0
1.04 0.74 0.0
1.04 0.8 0.0
1.04 0.86 0.0
1.04 0.92 0.0
1.04 0.98 0.0
1.04 1.04 0.0
1.04 1.1 6.146491325050036e-16
1.04 1.1600000000000001 4.609911379589969e-44
1.04 1.22 2.492001375737617e-42
1.04 1.28 2.1597363064716196e-32
1.04 1.34 5.228853216334027e-35
1.04 1.4 -5.213749012778624e-26
1.04 1.46 5.348721391341799e-29
1.04 1.52 -5.342441170296408e-28
1.04 1.58 -1.8245999846914106e-107
1.04 1.6400000000000001 2.4324916245566163e-49
1.04 1.7000000000000002 -5.673018805853869e-57
1.04 1.76 -1.6969440915221477e-46
1.04 1.82 -6.03824647438601e-86
1.04 1.8800000000000001 -3.8843996127720974e-84
1.04 1.94 -2.208720311919474e-51
1.04 2.0 7.39856980989352e-50
1.04 2.06 -5.180239748417788e-48
1.04 2.12 -1.111143409431466e-50
1.04 2.18 8.556409220249708e-60
1.04 2.2399999999999998 3.1513938687114438e-52
1.04 2.3000000000000003 4.365182900370631e-48
1.04 2.36 8.080223425756899e-56
1.04 2.4200000000000004 -1.6894489251486375e-57
1.04 2.48 1.0895389578190344e-56
1.04 2.5400000000000005 0.0
1.04 2.5999999999999996 0.0
1.04 2.66 0.0
1.04 2.7199999999999998 0.0
1.04 2.7800000000000002 0.0
1.04 2.84 0.0
1.04 2.9000000000000004 0.0
1.04 2.9599999999999995 0.0
1.04 3.02 0.0
1.04 3.0799999999999996 0.0
1.04 3.14 0.0
1.04 3.1999999999999997 0.0
1.04 3.2600000000000002 0.0
1.04 3.3200000000000003 0.0
1.04 3.38 0.0
1.04 3.4399999999999995 0.0
1.04 3.5 0.0
1.1 0.5 0.0
1.1 0.56 0.0
1.1 0.62 0.0
1.1 0.6799999999999999 0.0
1.1 0.74 0.0
1.1 0.8 0.0
1.1 0.86 0.0
1.1 0.92 0.0
1.1 0.98 0.0
1.1 1.04 0.0
1.1 1.1 1.3621271239345513e-15
1.1 1.1600000000000001 1.02160484689579e-43
1.1 1.22 5.522537147234634e-42
1.1 1.28 4.7862028074484744e-32
1.1 1.34 1.1587688676975422e-34
1.1 1.4 -1.1554216173297765e-25
1.1 1.46 1.1853329160041249e-28
1.1 1.52 -1.1839411529676475e-27
1.1 1.58 -3.286617144348748e-95
1.1 1.6400000000000001 5.390657279623209e-49
1.1 1.7000000000000002 -1.2572006338887085e-56
1.1 1.76 -3.7606065845118175e-46
1.1 1.82 -1.0197670893224964e-93
1.1 1.8800000000000001 3.321098458605284e-79
1.1 1.94 -4.8947565154599913e-51
1.1 2.0 1.639600885029675e-49
1.1 2.06 -1.1479956119105598e-47
1.1 2.12 -2.4624106608584425e-50
1.1 2.18 5.602296821181169e-60
1.1 2.2399999999999998 5.330162360825571e-60
1.1 2.3000000000000003 3.5085803337369384e-54
1.1 2.36 1.3581279485091451e-43
1.1 2.4200000000000004 7.475999563777006e-47
1.1 2.48 2.4160155435585138e-56
1.1 2.5400000000000005 0.0
1.1 2.5999999999999996 0.0
1.1 2.66 0.0
1.1 2.7199999999999998 0.0
1.1 2.7800000000000002 0.0
1.1 2.84 0.0
1.1 2.9000000000000004 0.0
1.1 2.9599999999999995 0.0
1.1 3.02 0.0
1.1 3.0799999999999996 0.0
1.1 3.14 0.0
1.1 3.1999999999999997 0.0
1.1 3.2600000000000002 0.0
1.1 3.3200000000000003 0.0
1.1 3.38 0.0
1.1 3.4399999999999995 0.0
1.1 3.5 0.0
1.1600000000000001 0.5 0.0
1.1600000000000001 0.56 0.0
1.1600000000000001 0.62 0.0
1.1600000000000001 0.6799999999999999 0.0
1.1600000000000001 0.74 0.0
1.1600000000000001 0.8 0.0
1.1600000000000001 0.86 0.0
1.1600000000000001 0.92 0.0
1.1600000000000001 0.98 0.0
1.1600000000000001 1.04 0.0
1.1600000000000001 1.1 1.5647771934297507e-15
1.1600000000000001 1.1600000000000001 2.145865546856578e-34
1.1600000000000001 1.22 6.34415101696035e-42
1.1600000000000001 1.28 8.969839912683368e-25
1.1600000000000001 1.34 1.3311643713488326e-34
1.1600000000000001 1.4 -1.3273191347742534e-25
1.1600000000000001 1.46 9.268522146668622e-25
1.1600000000000001 1.52 -1.3600760002701772e-27
1.1600000000000001 1.58 -4.5905414922423763e-54
1.1600000000000001 1.6400000000000001 6.199875326119362e-49
1.1600000000000001 1.7000000000000002 7.665615326626505e-49
1.1600000000000001 1.76 -4.146763352984944e-46
1.1600000000000001 1.82 2.6245401245415314e-98
1.1600000000000001 1.8800000000000001 -3.68636274154386e-83
1.1600000000000001 1.94 -5.622972502492717e-51
1.1600000000000001 2.0 1.883532033200261e-49
1.1600000000000001 2.06 -1.3187883275397665e-47
1.1600000000000001 2.12 -2.828755095809038e-50
1.1600000000000001 2.18 6.437329936895871e-60
1.1600000000000001 2.2399999999999998 9.159643195772298e-63
1.1600000000000001 2.3000000000000003 4.0372423443640855e-60
1.1600000000000001 2.36 1.8428281946527183e-50
1.1600000000000001 2.4200000000000004 2.810948299440304e-41
1.1600000000000001 2.48 1.47778582902038e-41
1.1600000000000001 2.5400000000000005 2.7992138548933635e-151
1.1600000000000001 2.5999999999999996 -1.368848398549763e-237
1.1600000000000001 2.66 0.0
1.1600000000000001 2.7199999999999998 0.0
1.1600000000000001 2.7800000000000002 0.0
1.1600000000000001 2.84 0.0
1.1600000000000001 2.9000000000000004 0.0
1.1600000000000001 2.9599999999999995 0.0
1.1600000000000001 3.02 0.0
1.1600000000000001 3.0799999999999996 0.0
1.1600000000000001 3.14 0.0
1.1600000000000001 3.1999999999999997 0.0
1.1600000000000001 3.2600000000000002 0.0
1.1600000000000001 3.3200000000000003 0.0
1.1600000000000001 3.38 0.0
1.1600000000000001 3.4399999999999995 0.0
1.1600000000000001 3.5 0.0
1.22 0.5 0.0
1.22 0.56 0.0
1.22 0.62 0.0
1.22 0.6799999999999999 0.0
1.22 0.74 0.0
1.22 0.8 0.0
1.22 0.86 0.0
1.22 0.92 0.0
1.22 0.98 0.0
1.22 1.04 0.0
1.22 1.1 2.1933001626905996e-17
1.22 1.1600000000000001 1.230698778450679e-30
1.22 1.22 8.892686930591274e-44
1.22 1.28 7.96687385377282e-21
1.22 1.34 1.8272150593405097e-13
1.22 1.4 -1.860462490421268e-27
1.22 1.46 0.0001059792308961828
1.22 1.52 -5.7727549513366644e-30
1.22 1.58 -1.0824115593478516e-50
1.22 1.6400000000000001 1.706460711395708e-48
1.22 1.7000000000000002 -3.628036444572283e-42
1.22 1.76 4.0640944117821497e-44
1.22 1.82 1.854538310111077e-39
1.22 1.8800000000000001 1.9209908990534413e-16
1.22 1.94 -1.076693148583627e-42
1.22 2.0 -2.2087192321158336e-42
1.22 2.06 -1.9169599520198693e-41
1.22 2.12 -3.96497914640501e-52
1.22 2.18 1.6615209340761872e-54
1.22 2.2399999999999998 -1.5238532039088567e-37
1.22 2.3000000000000003 -2.480734596893023e-50
1.22 2.36 -2.9779754118882073e-46
1.22 2.4200000000000004 4.894411691398802e-48
1.22 2.48 5.643368215041389e-40
1.22 2.5400000000000005 6.578110189028278e-148
1.22 2.5999999999999996 -7.85063277417605e-234
1.22 2.66 0.0
1.22 2.7199999999999998 0.0
1.22 2.7800000000000002 0.0
1.22 2.84 0.0
1.22 2.9000000000000004 0.0
1.22 2.9599999999999995 0.0
1.22 3.02 0.0
1.22 3.0799999999999996 0.0
1.22 3.14 0.0
1.22 3.1999999999999997 0.0
1.22 3.2600000000000002 0.0
1.22 3.3200000000000003 0.0
1.22 3.38 0.0
1.22 3.4399999999999995 0.0
1.22 3.5 0.0
1.28 0.5 0.0
1.28 0.56 0.0
1.28 0.62 0.0
1.28 0.6799999999999999 0.0
1.28 0.74 0.0
1.28 0.8 0.0
1.28 0.86 0.0
1.28 0.92 0.0
1.28 0.98 0.0
1.28 1.04 0.0
1.28 1.1 -3.2048061995609197e-16
1.28 1.1600000000000001 1.9711560889375103e-40
1.28 1.22 -1.2993399056395082e-42
1.28 1.28 8.330936944054518e-25
1.28 1.34 1.2739060984192528e-18
1.28 1.4 7.974027806097019e-19
1.28 1.46 4.836184425005416e-10
1.28 1.52 2.612261284906893e-24
1.28 1.58 1.75466709773751e-50
1.28 1.6400000000000001 -2.887636118047427e-48
1.28 1.7000000000000002 -2.945925159092236e-45
1.28 1.76 -6.614699032103052e-44
1.28 1.82 1.2678079509867197e-39
1.28 1.8800000000000001 1.3132365733914087e-16
1.28 1.94 3.8206063199764325e-44
1.28 2.0 -1.509981006324154e-42
1.28 2.06 -1.3103974682576472e-41
1.28 2.12 5.79354805975961e-51
1.28 2.18 1.1358551509053806e-54
1.28 2.2399999999999998 -1.0417434881335763e-37
1.28 2.3000000000000003 -1.6958911170336092e-50
1.28 2.36 -2.035817342577436e-46
1.28 2.4200000000000004 1.4440407520018086e-48
1.28 2.48 6.712359536058467e-47
1.28 2.5400000000000005 -1.0442894282981465e-147
1.28 2.5999999999999996 5.6692143014766456e-241
1.28 2.66 0.0
1.28 2.7199999999999998 0.0
1.28 2.7800000000000002 0.0
1.28 2.84 0.0
1.28 2.9000000000000004 0.0
1.28 2.9599999999999995 0.0
1.28 3.02 0.0
1.28 3.0799999999999996 0.0
1.28 3.14 0.0
1.28 3.1999999999999997 0.0
1.28 3.2600000000000002 0.0
1.28 3.3200000000000003 0.0
1.28 3.38 0.0
1.28 3.4399999999999995 0.0
1.28 3.5 0.0
1.34 0.5 0.0
1.34 0.56 0.0
1.34 0.62 0.0
1.34 0.6799999999999999 0.0
1.34 0.74 0.0
1.34 0.8 0.0
1.34 0.86 0.0
1.34 0.92 0.0
1.34 0.98 0.0
1.34 1.04 0.0
1.34 1.1 -7.792737496212814e-17
1.34 1.1600000000000001 1.8467348331515662e-38
1.34 1.22 -3.4215175463257487e-43
1.34 1.28 -2.660078684915757e-33
1.34 1.34 5.697888488500394e-31
1.34 1.4 4.880773244990919e-9
1.34 1.46 4.288424128540651e-11
1.34 1.52 2.61725870057825e-19
1.34 1.58 6.151937505685678e-6
1.34 1.6400000000000001 -6.47486397483185e-38
1.34 1.7000000000000002 3.5473012975334253e-35
1.34 1.76 8.020764032169405e-34
1.34 1.82 8.891950161932773e-40
1.34 1.8800000000000001 9.210570222670971e-17
1.34 1.94 1.4056834472273823e-38
1.34 2.0 2.2703072979551477e-37
1.34 2.06 6.480399703800362e-36
1.34 2.12 5.066345457982983e-51
1.34 2.18 9.498672503011015e-45
1.34 2.2399999999999998 -7.306415116573754e-38
1.34 2.3000000000000003 -1.2163768813238774e-50
1.34 2.36 2.8014199568657082e-43
1.34 2.4200000000000004 1.0107734594441304e-38
1.34 2.48 -3.4970946303362475e-38
1.34 2.5400000000000005 1.0822008234482298e-137
1.34 2.5999999999999996 5.1504616538142965e-230
1.34 2.66 0.0
1.34 2.7199999999999998 0.0
1.34 2.7800000000000002 0.0
1.34 2.84 0.0
1.34 2.9000000000000004 0.0
1.34 2.9599999999999995 0.0
1.34 3.02 0.0
1.34 3.0799999999999996 0.0
1.34 3.14 0.0
1.34 3.1999999999999997 0.0
1.34 3.2600000000000002 0.0
1.34 3.3200000000000003 0.0
1.34 3.38 0.0
1.34 3.4399999999999995 0.0
1.34 3.5 0.0
1.4 0.5 0.0
1.4 0.56 0.0
1.4 0.62 0.0
1.4 0.6799999999999999 0.0
1.4 0.74 0.0
1.4 0.8 0.0
1.4 0.86 0.0
1.4 0.92 0.0
1.4 0.98 0.0
1.4 1.04 0.0
1.4 1.1 1.7955136102282037e-16
1.4 1.1600000000000001 2.1247293540507744e-33
1.4 1.22 2.6173074415976197e-39
1.4 1.28 -2.6507188766969685e-26
1.4 1.34 3.542854425276556e-24
1.4 1.4 1.7586526870115977e-21
1.4 1.46 3.212788045609197e-17
1.4 1.52 1.2081804514533398e-21
1.4 1.58 3.427414216277951e-9
1.4 1.6400000000000001 0.1453364988505031
1.4 1.7000000000000002 7.737439099091156e-9
1.4 1.76 3.108378814156799e-15
1.4 1.82 -1.39245048507421e-39
1.4 1.8800000000000001 -1.4423453742496826e-16
1.4 1.94 -4.1968414704633845e-44
1.4 2.0 1.6584325384625368e-42
1.4 2.06 1.4392272805370362e-41
1.4 2.12 9.550047148503554e-41
1.4 2.18 2.9953126244840915e-42
1.4 2.2399999999999998 1.1446620666852488e-37
1.4 2.3000000000000003 6.36768924715932e-42
1.4 2.36 9.50040341453197e-40
1.4 2.4200000000000004 3.7927737237469344e-35
1.4 2.48 -5.314413297507929e-34
1.4 2.5400000000000005 -2.1060840680589058e-109
1.4 2.5999999999999996 4.656363495655919e-201
1.4 2.66 0.0
1.4 2.7199999999999998 0.0
1.4 2.7800000000000002 0.0
1.4 2.84 0.0
1.4 2.9000000000000004 0.0
1.4 2.9599999999999995 0.0
1.4 3.02 0.0
1.4 3.0799999999999996 0.0
1.4 3.14 0.0
1.4 3.1999999999999997 0.0
1.4 3.2600000000000002 0.0
1.4 3.3200000000000003 0.0
1.4 3.38 0.0
1.4 3.4399999999999995 0.0
1.4 3.5 0.0
1.46 0.5 0.0
1.46 0.56 0.0
1.46 0.62 0.0
1.46 0.6799999999999999 0.0
1.46 0.74 0.0
1.46 0.8 0.0
1.46 0.86 0.0
1.46 0.92 0.0
1.46 0.98 0.0
1.46 1.04 0.0
1.46 1.1 5.611326694728738e-18
1.46 1.1600000000000001 5.681828133237999e-32
1.46 1.22 -1.1634881868631002e-25
1.46 1.28 -2.2138395689946446e-18
1.46 1.34 9.286637194859663e-28
1.46 1.4 -4.009192676435118e-22
1.46 1.46 6.338629702547934e-19
1.46 1.52 7.768912871336984e-16
1.46 1.58 1.3659855437709025
1.46 1.6400000000000001 0.04448936043827938
1.46 1.7000000000000002 1.9597472108023717e-10
1.46 1.76 7.2565242590211695e-9
1.46 1.82 8.981172017479375e-16
1.46 1.8800000000000001 -1.0441375736473584e-17
1.46 1.94 -1.1738159978901784e-42
1.46 2.0 3.935922593051701e-43
1.46 2.06 1.0634067010221209e-42
1.46 2.12 8.823153053937955e-33
1.46 2.18 6.42622024015446e-36
1.46 2.2399999999999998 -1.616981865339174e-34
1.46 2.3000000000000003 3.6637220532674655e-36
1.46 2.36 1.1451118413927244e-35
1.46 2.4200000000000004 2.2882333681802575e-35
1.46 2.48 -5.128122250075519e-33
1.46 2.5400000000000005 -1.354421060626056e-103
1.46 2.5999999999999996 2.994503818767004e-195
1.46 2.66 0.0
1.46 2.7199999999999998 0.0
1.46 2.7800000000000002 0.0
1.46 2.84 0.0
1.46 2.9000000000000004 0.0
1.46 2.9599999999999995 0.0
1.46 3.02 0.0
1.46 3.0799999999999996 0.0
1.46 3.14 0.0
1.46 3.1999999999999997 0.0
1.46 3.2600000000000002 0.0
1.46 3.3200000000000003 0.0
1.46 3.38 0.0
1.46 3.4399999999999995 0.0
1.46 3.5 0.0
1.52 0.5 0.0
1.52 0.56 0.0
1.52 0.62 0.0
1.52 0.6799999999999999 0.0
1.52 0.74 0.0
1.52 0.8 0.0
1.52 0.86 0.0
1.52 0.92 0.0
1.52 0.98 0.0
1.52 1.04 0.0
1.52 1.1 2.4369970650805964e-15
1.52 1.1600000000000001 8.241551236193977e-33
1.52 1.22 -1.0501050246549133e-27
1.52 1.28 -1.4403772392153994e-18
1.52 1.34 1.7657601035944266e-25
1.52 1.4 2.697934386073013e-22
1.52 1.46 -2.2142998340298267e-20
1.52 1.52 -9.134923438617258e-13
1.52 1.58 5.170926611028111e-7
1.52 1.6400000000000001 0.0004016057125605954
1.52 1.7000000000000002 0.3748173832984155
1.52 1.76 2.1648895908299204e-12
1.52 1.82 5.190615421669243e-6
1.52 1.8800000000000001 -1.525943444027937e-17
1.52 1.94 4.470937622682227e-16
1.52 2.0 -1.3486062727805239e-42
1.52 2.06 3.330886826830579e-31
1.52 2.12 4.705154088472055e-33
1.52 2.18 1.451342727108909e-34
1.52 2.2399999999999998 2.42599082227167e-33
1.52 2.3000000000000003 3.084484849957381e-34
1.52 2.36 -2.7031413394385735e-36
1.52 2.4200000000000004 5.776134071144004e-34
1.52 2.48 -8.235843707361122e-36
1.52 2.5400000000000005 -1.978160411392312e-106
1.52 2.5999999999999996 4.373535732905621e-198
1.52 2.66 0.0
1.52 2.7199999999999998 0.0
1.52 2.7800000000000002 0.0
1.52 2.84 0.0
1.52 2.9000000000000004 0.0
1.52 2.9599999999999995 0.0
1.52 3.02 0.0
1.52 3.0799999999999996 0.0
1.52 3.14 0.0
1.52 3.1999999999999997 0.0
1.52 3.2600000000000002 0.0
1.52 3.3200000000000003 0.0
1.52 3.38 0.0
1.52 3.4399999999999995 0.0
1.52 3.5 0.0
1.58 0.5 0.0
1.58 0.56 0.0
1.58 0.62 0.0
1.58 0.6799999999999999 0.0
1.58 0.74 0.0
1.58 0.8 0.0
1.58 0.86 0.0
1.58 0.92 0.0
1.58 0.98 0.0
1.58 1.04 0.0
1.58 1.1 1.8202679756293358e-16
1.58 1.1600000000000001 5.560486799768363e-19
1.58 1.22 -9.743592038327725e-24
1.58 1.28 -2.0322420362684443e-16
1.58 1.34 -5.876328209260711e-31
1.58 1.4 0.23996500669771928
1.58 1.46 -7.010976282109645e-17
1.58 1.52 -4.091548510418624e-14
1.58 1.58 8.254722422765962e-15
1.58 1.6400000000000001 3.7257270629952353
1.58 1.7000000000000002 4.7034835087378095
1.58 1.76 0.0003035647251935869
1.58 1.82 8.006540065495883e-7
1.58 1.8800000000000001 -1.9184696019166474e-17
1.58 1.94 -1.759318705115635e-38
1.58 2.0 1.491813589557845e-28
1.58 2.06 1.4916680488647654e-32
1.58 2.12 7.969179493774003e-31
1.58 2.18 2.3589702541375473e-33
1.58 2.2399999999999998 1.6923999018381306e-32
1.58 2.3000000000000003 4.177646239192137e-33
1.58 2.36 -6.206560690100244e-35
1.58 2.4200000000000004 9.163188685071879e-33
1.58 2.48 -1.2052071919983134e-35
1.58 2.5400000000000005 -8.579639081860441e-108
1.58 2.5999999999999996 1.8968814603634548e-199
1.58 2.66 0.0
1.58 2.7199999999999998 0.0
1.58 2.7800000000000002 0.0
1.58 2.84 0.0
1.58 2.9000000000000004 0.0
1.58 2.9599999999999995 0.0
1.58 3.02 0.0
1.58 3.0799999999999996 0.0
1.58 3.14 0.0
1.58 3.1999999999999997 0.0
1.58 3.2600000000000002 0.0
1.58 3.3200000000000003 0.0
1.58 3.38 0.0
1.58 3.4399999999999995 0.0
1.58 3.5 0.0
1.6400000000000001 0.5 0.0
1.6400000000000001 0.56 0.0
1.6400000000000001 0.62 0.0
1.6400000000000001 0.6799999999999999 0.0
1.6400000000000001 0.74 0.0
1.6400000000000001 0.8 0.0
1.6400000000000001 0.86 0.0
1.6400000000000001 0.92 0.0
1.6400000000000001 0.98 0.0
1.6400000000000001 1.04 0.0
1.6400000000000001 1.1 -3.6756841151304296e-19
1.6400000000000001 1.1600000000000001 7.464357309266485e-29
1.6400000000000001 1.22 -3.7139508474320736e-23
1.6400000000000001 1.28 4.402205135606452e-7
1.6400000000000001 1.34 9.22534827543626e-16
1.6400000000000001 1.4 -1.2802641472484836e-19
1.6400000000000001 1.46 3.82261237357453e-19
1.6400000000000001 1.52 -1.8058287609616436e-17
1.6400000000000001 1.58 7.433031655242299e-7
1.6400000000000001 1.6400000000000001 14.201439314287883
1.6400000000000001 1.7000000000000002 5.882981966402782
1.6400000000000001 1.76 0.4092047183484678
1.6400000000000001 1.82 0.00097809680888581
1.6400000000000001 1.8800000000000001 1.769024240705937e-5
1.6400000000000001 1.94 -1.1849804369101665e-36
1.6400000000000001 2.0 4.413872802667226e-37
1.6400000000000001 2.06 8.317348706256305e-37
1.6400000000000001 2.12 2.8890091044555947e-30
1.6400000000000001 2.18 4.328668938966337e-33
1.6400000000000001 2.2399999999999998 -1.3511890614286435e-32
1.6400000000000001 2.3000000000000003 6.011035330890926e-33
1.6400000000000001 2.36 4.649059787937519e-29
1.6400000000000001 2.4200000000000004 1.6418448183011605e-32
1.6400000000000001 2.48 9.714908524754679e-35
1.6400000000000001 2.5400000000000005 -1.9909651650225236e-137
1.6400000000000001 2.5999999999999996 -3.477589828908006e-230
1.6400000000000001 2.66 0.0
1.6400000000000001 2.7199999999999998 0.0
1.6400000000000001 2.7800000000000002 0.0
1.6400000000000001 2.84 0.0
1.6400000000000001 2.9000000000000004 0.0
1.6400000000000001 2.9599999999999995 0.0
1.6400000000000001 3.02 0.0
1.6400000000000001 3.0799999999999996 0.0
1.6400000000000001 3.14 0.0
1.6400000000000001 3.1999999999999997 0.0
1.6400000000000001 3.2600000000000002 0.0
1.6400000000000001 3.3200000000000003 0.0
1.6400000000000001 3.38 0.0
1.6400000000000001 3.4399999999999995 0.0
1.6400000000000001 3.5 0.0
1.7000000000000002 0.5 0.0
1.7000000000000002 0.56 0.0
1.7000000000000002 0.62 0.0
1.7000000000000002 0.6799999999999999 0.0
1.7000000000000002 0.74 0.0
1.7000000000000002 0.8 0.0
1.7000000000000002 0.86 0.0
1.7000000000000002 0.92 0.0
1.7000000000000002 0.98 0.0
1.7000000000000002 1.04 0.0
1.7000000000000002 1.1 1.1135675407236122e-16
1.7000000000000002 1.1600000000000001 1.0399216954879343e-30
1.7000000000000002 1.22 6.792961294618008e-30
1.7000000000000002 1.28 -7.613419630352435e-17
1.7000000000000002 1.34 -2.8198591538202967e-33
1.7000000000000002 1.4 1.5171706750408388e-23
1.7000000000000002 1.46 -1.2967822355838968e-18
1.7000000000000002 1.52 5.141663508019091e-12
1.7000000000000002 1.58 9.247217785532608e-21
1.7000000000000002 1.6400000000000001 0.004061674494229653
1.7000000000000002 1.7000000000000002 20.186407159065137
1.7000000000000002 1.76 4.219090054339821
1.7000000000000002 1.82 1.0051328482558441
1.7000000000000002 1.8800000000000001 6.99113604087968
1.7000000000000002 1.94 1.3057370194632705
1.7000000000000002 2.0 -3.847255969690752e-19
1.7000000000000002 2.06 -2.0535642655649319e-19
1.7000000000000002 2.12 2.585263865289576e-31
1.7000000000000002 2.18 7.737382746528253e-33
1.7000000000000002 2.2399999999999998 -5.543854621486533e-21
1.7000000000000002 2.3000000000000003 1.9068704941706154e-32
1.7000000000000002 2.36 -9.977423432225238e-27
1.7000000000000002 2.4200000000000004 5.796952588846548e-31
1.7000000000000002 2.48 -1.0020089812796794e-29
1.7000000000000002 2.5400000000000005 -4.4751180959978456e-129
1.7000000000000002 2.5999999999999996 -1.3073381023590687e-221
1.7000000000000002 2.66 0.0
1.7000000000000002 2.7199999999999998 0.0
1.7000000000000002 2.7800000000000002 0.0
1.7000000000000002 2.84 0.0
1.7000000000000002 2.9000000000000004 0.0
1.7000000000000002 2.9599999999999995 0.0
1.7000000000000002 3.02 0.0
1.7000000000000002 3.0799999999999996 0.0
1.7000000000000002 3.14 0.0
1.7000000000000002 3.1999999999999997 0.0
1.7000000000000002 3.2600000000000002 0.0
1.7000000000000002 3.3200000000000003 0.0
1.7000000000000002 3.38 0.0
1.7000000000000002 3.4399999999999995 0.0
1.7000000000000002 3.5 0.0
1.76 0.5 0.0
1.76 0.56 0.0
1.76 0.62 0.0
1.76 0.6799999999999999 0.0
1.76 0.74 0.0
1.76 0.8 0.0
1.76 0.86 0.0
1.76 0.92 0.0
1.76 0.98 0.0
1.76 1.04 0.0
1.76 1.1 -9.546535406665847e-16
1.76 1.1600000000000001 2.2629789020329356e-28
1.76 1.22 4.890187104307047e-40
1.76 1.28 9.697624274080018e-25
1.76 1.34 -1.640586539371707e-32
1.76 1.4 8.767392715652878e-23
1.76 1.46 -2.5265433629808403e-23
1.76 1.52 6.186813416153322e-8
1.76 1.58 3.887459393331432e-12
1.76 1.6400000000000001 0.00029455119132122275
1.76 1.7000000000000002 0.0027264165603752364
1.76 1.76 24.08218743211887
1.76 1.82 2.528340143446812
1.76 1.8800000000000001 2.449076689370974
1.76 1.94 7.237700319509581
1.76 2.0 1.0290257071047777
1.76 2.06 1.2852593770407145e-9
1.76 2.12 5.886232485018788e-32
1.76 2.18 -3.97618360041399e-35
1.76 2.2399999999999998 -1.9422599492948897e-21
1.76 2.3000000000000003 -1.0781743830020676e-32
1.76 2.36 -1.3967305770687796e-25
1.76 2.4200000000000004 2.745995270751276e-32
1.76 2.48 -3.699470354601821e-30
1.76 2.5400000000000005 -5.244027251570646e-131
1.76 2.5999999999999996 -1.523043182404191e-222
1.76 2.66 0.0
1.76 2.7199999999999998 0.0
1.76 2.7800000000000002 0.0
1.76 2.84 0.0
1.76 2.9000000000000004 0.0
1.76 2.9599999999999995 0.0
1.76 3.02 0.0
1.76 3.0799999999999996 0.0
1.76 3.14 0.0
1.76 3.1999999999999997 0.0
1.76 3.2600000000000002 0.0
1.76 3.3200000000000003 0.0
1.76 3.38 0.0
1.76 3.4399999999999995 0.0
1.76 3.5 0.0
1.82 0.5 0.0
1.82 0.56 0.0
1.82 0.62 0.0
1.82 0.6799999999999999 0.0
1.82 0.74 0.0
1.82 0.8 0.0
1.82 0.86 0.0
1.82 0.92 0.0
1.82 0.98 0.0
1.82 1.04 0.0
1.82 1.1 -8.818538758788232e-16
1.82 1.1600000000000001 1.3097968654518947e-32
1.82 1.22 -2.496858028525153e-32
1.82 1.28 8.960683336167071e-18
1.82 1.34 -3.151862201814349e-33
1.82 1.4 1.2024145430440902e-19
1.82 1.46 -2.6796459901929564e-19
1.82 1.52 -4.6502467821634234e-11
1.82 1.58 0.00011433818384710886
1.82 1.6400000000000001 3.4399604718061172e-12
1.82 1.7000000000000002 0.006292081373285446
1.82 1.76 4.568287982890472
1.82 1.82 22.503300742249937
1.82 1.8800000000000001 2.0318721130472235
1.82 1.94 4.342032866490225
1.82 2.0 5.549603905403123
1.82 2.06 0.22017478401007842
1.82 2.12 0.0027874904363688166
1.82 2.18 -3.3114950569680625e-33
1.82 2.2399999999999998 -7.969014632492401e-22
1.82 2.3000000000000003 -5.340279642278332e-32
1.82 2.36 -7.185999098285597e-25
1.82 2.4200000000000004 1.0223864968752406e-31
1.82 2.48 -1.8826963643065198e-29
1.82 2.5400000000000005 -2.518165574384144e-126
1.82 2.5999999999999996 -7.331697413848942e-218
1.82 2.66 0.0
1.82 2.7199999999999998 0.0
1.82 2.7800000000000002 0.0
1.82 2.84 0.0
1.82 2.9000000000000004 0.0
1.82 2.9599999999999995 0.0
1.82 3.02 0.0
1.82 3.0799999999999996 0.0
1.82 3.14 0.0
1.82 3.1999999999999997 0.0
1.82 3.2600000000000002 0.0
1.82 3.3200000000000003 0.0
1.82 3.38 0.0
1.82 3.4399999999999995 0.0
1.82 3.5 0.0
1.8800000000000001 0.5 0.0
1.8800000000000001 0.56 0.0
1.8800000000000001 0.62 0.0
1.8800000000000001 0.6799999999999999 0.0
1.8800000000000001 0.74 0.0
1.8800000000000001 0.8 0.0
1.8800000000000001 0.86 0.0
1.8800000000000001 0.92 0.0
1.8800000000000001 0.98 0.0
1.8800000000000001 1.04 0.0
1.8800000000000001 1.1 1.529649994373485e-16
1.8800000000000001 1.1600000000000001 -6.816299065382603e-35
1.8800000000000001 1.22 -4.525459421244074e-31
1.8800000000000001 1.28 1.6240894511824005e-16
1.8800000000000001 1.34 1.301281473808793e-35
1.8800000000000001 1.4 2.1790296462380292e-18
1.8800000000000001 1.46 -4.8535524637983636e-18
1.8800000000000001 1.52 -6.932929272314697e-15
1.8800000000000001 1.58 4.336835804110013e-6
1.8800000000000001 1.6400000000000001 0.0008129402264878632
1.8800000000000001 1.7000000000000002 7.969604925568206e-7
1.8800000000000001 1.76 0.014027161005776789
1.8800000000000001 1.82 5.223532776175881
1.8800000000000001 1.8800000000000001 22.34862339251694
1.8800000000000001 1.94 0.005083552288841128
1.8800000000000001 2.0 0.053473995270394994
1.8800000000000001 2.06 0.014959695334695653
1.8800000000000001 2.12 0.09178902569717987
1.8800000000000001 2.18 4.1439054467356306e-5
1.8800000000000001 2.2399999999999998 -3.153931651962762e-21
1.8800000000000001 2.3000000000000003 -1.6226098978199185e-33
1.8800000000000001 2.36 1.7054502526461254e-29
1.8800000000000001 2.4200000000000004 5.308347338556871e-23
1.8800000000000001 2.48 1.6602355497793036e-12
1.8800000000000001 2.5400000000000005 -3.6564707254131277e-126
1.8800000000000001 2.5999999999999996 -1.026024188174053e-217
1.8800000000000001 2.66 0.0
1.8800000000000001 2.7199999999999998 0.0
1.8800000000000001 2.7800000000000002 0.0
1.8800000000000001 2.84 0.0
1.8800000000000001 2.9000000000000004 0.0
1.8800000000000001 2.9599999999999995 0.0
1.8800000000000001 3.02 0.0
1.8800000000000001 3.0799999999999996 0.0
1.8800000000000001 3.14 0.0
1.8800000000000001 3.1999999999999997 0.0
1.8800000000000001 3.2600000000000002 0.0
1.8800000000000001 3.3200000000000003 0.0
1.8800000000000001 3.38 0.0
1.8800000000000001 3.4399999999999995 0.0
1.8800000000000001 3.5 0.0
1.94 0.5 0.0
1.94 0.56 0.0
1.94 0.62 0.0
1.94 0.6799999999999999 0.0
1.94 0.74 0.0
1.94 0.8 0.0
1.94 0.86 0.0
1.94 0.92 0.0
1.94 0.98 0.0
1.94 1.04 0.0
1.94 1.1 -3.727035617841374e-17
1.94 1.1600000000000001 -1.746687299161197e-25
1.94 1.22 -3.94863044187364e-26
1.94 1.28 4.373824316507327e-17
1.94 1.34 9.35243397446448e-35
1.94 1.4 5.868461713118679e-19
1.94 1.46 1.866484835848648e-6
1.94 1.52 7.890335671871036e-7
1.94 1.58 0.1323691030274769
1.94 1.6400000000000001 5.695983588123398e-5
1.94 1.7000000000000002 0.014033096872371989
1.94 1.76 8.962591433105473
1.94 1.82 0.0027040161869536588
1.94 1.8800000000000001 5.3870321528763645
1.94 1.94 22.67335444758829
1.94 2.0 3.6342919009347736
1.94 2.06 2.6017749184274783
1.94 2.12 0.016197077618236473
1.94 2.18 0.03194973579639294
1.94 2.2399999999999998 0.000564891083979909
1.94 2.3000000000000003 0.00024492669603238057
1.94 2.36 1.2159903756852475e-5
1.94 2.4200000000000004 8.832645938746444e-10
1.94 2.48 6.374287974437489e-13
1.94 2.5400000000000005 -1.3757890232944755e-94
1.94 2.5999999999999996 3.041746472968111e-186
1.94 2.66 0.0
1.94 2.7199999999999998 0.0
1.94 2.7800000000000002 0.0
1.94 2.84 0.0
1.94 2.9000000000000004 0.0
1.94 2.9599999999999995 0.0
1.94 3.02 0.0
1.94 3.0799999999999996 0.0
1.94 3.14 0.0
1.94 3.1999999999999997 0.0
1.94 3.2600000000000002 0.0
1.94 3.3200000000000003 0.0
1.94 3.38 0.0
1.94 3.4399999999999995 0.0
1.94 3.5 0.0
2.0 0.5 0.0
2.0 0.56 0.0
2.0 0.62 0.0
2.0 0.6799999999999999 0.0
2.0 0.74 0.0
2.0 0.8 0.0
2.0 0.86 0.0
2.0 0.92 0.0
2.0 0.98 0.0
2.0 1.04 0.0
2.0 1.1 5.258459157351964e-16
2.0 1.1600000000000001 3.223210403390003e-25
2.0 1.22 -3.532477667948087e-26
2.0 1.28 -8.566047401492534e-21
2.0 1.34 1.487570161427175e-32
2.0 1.4 -5.431559306947713e-21
2.0 1.46 1.6192786779583494e-21
2.0 1.52 7.269009044280179e-18
2.0 1.58 8.2653549415393e-5
2.0 1.6400000000000001 1.410979112016746e-5
2.0 1.7000000000000002 0.03243102341785953
2.0 1.76 5.017554424711608e-6
2.0 1.82 6.271505867365445
2.0 1.8800000000000001 3.121675452218023
2.0 1.94 4.438680955786372
2.0 2.0 19.154450862140973
2.0 2.06 0.5458517051351574
2.0 2.12 0.07933393830182421
2.0 2.18 0.03550392273705203
2.0 2.2399999999999998 0.00019275131219431194
2.0 2.3000000000000003 1.5985987290320797e-5
2.0 2.36 3.603695047262796e-5
2.0 2.4200000000000004 0.0001959435534044874
2.0 2.48 2.817273385968686e-5
2.0 2.5400000000000005 -8.582614730066645e-98
2.0 2.5999999999999996 1.8975393495661424e-189
2.0 2.66 0.0
2.0 2.7199999999999998 0.0
2.0 2.7800000000000002 0.0
2.0 2.84 0.0
2.0 2.9000000000000004 0.0
2.0 2.9599999999999995 0.0
2.0 3.02 0.0
2.0 3.0799999999999996 0.0
2.0 3.14 0.0
2.0 3.1999999999999997 0.0
2.0 3.2600000000000002 0.0
2.0 3.3200000000000003 0.0
2.0 3.38 0.0
2.0 3.4399999999999995 0.0
2.0 3.5 0.0
2.06 0.5 0.0
2.06 0.56 0.0
2.06 0.62 0.0
2.06 0.6799999999999999 0.0
2.06 0.74 0.0
2.06 0.8 0.0
2.06 0.86 0.0
2.06 0.92 0.0
2.06 0.98 0.0
2.06 1.04 0.0
2.06 1.1 -8.43509503870537e-31
2.06 1.1600000000000001 -1.4811853266954135e-24
2.06 1.22 -3.34841132760976e-25
2.06 1.28 9.024100721575638e-21
2.06 1.34 8.219108510575753e-34
2.06 1.4 -1.0894200927991898e-19
2.06 1.46 2.5796120804982395e-20
2.06 1.52 1.4515760196557387e-15
2.06 1.58 7.687093605799502e-8
2.06 1.6400000000000001 7.968363124343465e-7
2.06 1.7000000000000002 4.742298334429999e-5
2.06 1.76 1.2002447795139741
2.06 1.82 5.744284023418493e-12
2.06 1.8800000000000001 3.4901138402008587
2.06 1.94 1.3832126606903852
2.06 2.0 0.00023808998973481356
2.06 2.06 15.371925164146093
2.06 2.12 1.210223458595575
2.06 2.18 0.01780197466988368
2.06 2.2399999999999998 0.1396177112748457
2.06 2.3000000000000003 0.0504885485465933
2.06 2.36 0.008413905021454606
2.06 2.4200000000000004 0.0038844054466335744
2.06 2.48 0.0008838472167015996
2.06 2.5400000000000005 -2.724638495080556e-103
2.06 2.5999999999999996 6.0239320071610445e-195
2.06 2.66 0.0
2.06 2.7199999999999998 0.0
2.06 2.7800000000000002 0.0
2.06 2.84 0.0
2.06 2.9000000000000004 0.0
2.06 2.9599999999999995 0.0
2.06 3.02 0.0
2.06 3.0799999999999996 0.0
2.06 3.14 0.0
2.06 3.1999999999999997 0.0
2.06 3.2600000000000002 0.0
2.06 3.3200000000000003 0.0
2.06 3.38 0.0
2.06 3.4399999999999995 0.0
2.06 3.5 0.0
2.12 0.5 0.0
2.12 0.56 0.0
2.12 0.62 0.0
2.12 0.6799999999999999 0.0
2.12 0.74 0.0
2.12 0.8 0.0
2.12 0.86 0.0
2.12 0.92 0.0
2.12 0.98 0.0
2.12 1.04 0.0
2.12 1.1 -7.380791247672689e-31
2.12 1.1600000000000001 -3.8134523497743894e-24
2.12 1.22 -8.69323391022833e-25
2.12 1.28 -2.944829425550932e-19
2.12 1.34 6.342413027177308e-27
2.12 1.4 -3.5858471733044275e-21
2.12 1.46 6.673842501910612e-21
2.12 1.52 1.0277003764409359e-12
2.12 1.58 6.440628698159767e-9
2.12 1.6400000000000001 1.855654466987143e-5
2.12 1.7000000000000002 9.48920068047961e-6
2.12 1.76 0.0018562782035507898
2.12 1.82 0.4198414415784402
2.12 1.8800000000000001 -3.298740976367052e-20
2.12 1.94 0.00015575435417405193
2.12 2.0 4.121523632458986e-5
2.12 2.06 8.45303980158482e-27
2.12 2.12 0.42381144760503603
2.12 2.18 2.105025154334899
2.12 2.2399999999999998 0.0311666360933226
2.12 2.3000000000000003 0.25674496540676295
2.12 2.36 0.0040242414748661685
2.12 2.4200000000000004 0.0001560478988421204
2.12 2.48 0.00012972925227858943
2.12 2.5400000000000005 -7.71417344337483e-128
2.12 2.5999999999999996 -2.0298295492658807e-219
2.12 2.66 0.0
2.12 2.7199999999999998 0.0
2.12 2.7800000000000002 0.0
2.12 2.84 0.0
2.12 2.9000000000000004 0.0
2.12 2.9599999999999995 0.0
2.12 3.02 0.0
2.12 3.0799999999999996 0.0
2.12 3.14 0.0
2.12 3.1999999999999997 0.0
2.12 3.2600000000000002 0.0
2.12 3.3200000000000003 0.0
2.12 3.38 0.0
2.12 3.4399999999999995 0.0
2.12 3.5 0.0
2.18 0.5 0.0
2.18 0.56 0.0
2.18 0.62 0.0
2.18 0.6799999999999999 0.0
2.18 0.74 0.0
2.18 0.8 0.0
2.18 0.86 0.0
2.18 0.92 0.0
2.18 0.98 0.0
2.18 1.04 0.0
2.18 1.1 -2.5548294686403185e-29
2.18 1.1600000000000001 1.2459842060377447e-31
2.18 1.22 2.7645013016949624e-33
2.18 1.28 -1.5723195268996508e-20
2.18 1.34 1.1673408167636671e-35
2.18 1.4 -1.2308061569320155e-18
2.18 1.46 2.3839964717444475e-19
2.18 1.52 1.1523532387588718e-15
2.18 1.58 1.107534518842157e-14
2.18 1.6400000000000001 2.650499349622218e-7
2.18 1.7000000000000002 7.027207666306922e-6
2.18 1.76 0.00034672703038507013
2.18 1.82 0.001508076958044192
2.18 1.8800000000000001 0.004875873939229695
2.18 1.94 7.545652079033595e-38
2.18 2.0 0.30315079465428285
2.18 2.06 4.767367627503826e-28
2.18 2.12 1.5190502250728262
2.18 2.18 0.004778563343421799
2.18 2.2399999999999998 1.2800301931851308
2.18 2.3000000000000003 0.012856579057777
2.18 2.36 0.2566791479754216
2.18 2.4200000000000004 0.043996583142590646
2.18 2.48 0.00954509598030233
2.18 2.5400000000000005 -4.808671633234018e-125
2.18 2.5999999999999996 -1.3493432869241669e-216
2.18 2.66 0.0
2.18 2.7199999999999998 0.0
2.18 2.7800000000000002 0.0
2.18 2.84 0.0
2.18 2.9000000000000004 0.0
2.18 2.9599999999999995 0.0
2.18 3.02 0.0
2.18 3.0799999999999996 0.0
2.18 3.14 0.0
2.18 3.1999999999999997 0.0
2.18 3.2600000000000002 0.0
2.18 3.3200000000000003 0.0
2.18 3.38 0.0
2.18 3.4399999999999995 0.0
2.18 3.5 0.0
2.2399999999999998 0.5 0.0
2.2399999999999998 0.56 0.0
2.2399999999999998 0.62 0.0
2.2399999999999998 0.6799999999999999 0.0
2.2399999999999998 0.74 0.0
2.2399999999999998 0.8 0.0
2.2399999999999998 0.86 0.0
2.2399999999999998 0.92 0.0
2.2399999999999998 0.98 0.0
2.2399999999999998 1.04 0.0
2.2399999999999998 1.1 -6.528210368695526e-34
2.2399999999999998 1.1600000000000001 -2.437785922688687e-39
2.2399999999999998 1.22 -3.919725817075295e-39
2.2399999999999998 1.28 2.2861697753595916e-22
2.2399999999999998 1.34 -2.470814251547281e-39
2.2399999999999998 1.4 -6.300204666944844e-24
2.2399999999999998 1.46 -6.924744076829006e-24
2.2399999999999998 1.52 1.0863474733296017e-16
2.2399999999999998 1.58 3.492773153363257e-26
2.2399999999999998 1.6400000000000001 1.712389871515347e-11
2.2399999999999998 1.7000000000000002 7.11407770819968e-6
2.2399999999999998 1.76 0.00011705182012279373
2.2399999999999998 1.82 0.0006340655513308275
2.2399999999999998 1.8800000000000001 2.485997188976571e-19
2.2399999999999998 1.94 0.022006700736777428
2.2399999999999998 2.0 -3.8637981854155277e-25
2.2399999999999998 2.06 3.4859906390545734e-27
2.2399999999999998 2.12 0.9784952639207788
2.2399999999999998 2.18 0.7656184500063545
2.2399999999999998 2.2399999999999998 1.0060680260559633e-6
2.2399999999999998 2.3000000000000003 0.03427088047255837
2.2399999999999998 2.36 6.5291849072189035e-6
2.2399999999999998 2.4200000000000004 0.0010975660702842826
2.2399999999999998 2.48 0.07494261935417496
2.2399999999999998 2.5400000000000005 -8.961002103225206e-126
2.2399999999999998 2.5999999999999996 -2.6116918186724706e-217
2.2399999999999998 2.66 0.0
2.2399999999999998 2.7199999999999998 0.0
2.2399999999999998 2.7800000000000002 0.0
2.2399999999999998 2.84 0.0
2.2399999999999998 2.9000000000000004 0.0
2.2399999999999998 2.9599999999999995 0.0
2.2399999999999998 3.02 0.0
2.2399999999999998 3.0799999999999996 0.0
2.2399999999999998 3.14 0.0
2.2399999999999998 3.1999999999999997 0.0
2.2399999999999998 3.2600000000000002 0.0
2.2399999999999998 3.3200000000000003 0.0
2.2399999999999998 3.38 0.0
2.2399999999999998 3.4399999999999995 0.0
2.2399999999999998 3.5 0.0
2.3000000000000003 0.5 0.0
2.3000000000000003 0.56 0.0
2.3000000000000003 0.62 0.0
2.3000000000000003 0.6799999999999999 0.0
2.3000000000000003 0.74 0.0
2.3000000000000003 0.8 0.0
2.3000000000000003 0.86 0.0
2.3000000000000003 0.92 0.0
2.3000000000000003 0.98 0.0
2.3000000000000003 1.04 0.0
2.3000000000000003 1.1 8.205134966330266e-57
2.3000000000000003 1.1600000000000001 1.882278828137903e-47
2.3000000000000003 1.22 8.160914533744041e-51
2.3000000000000003 1.28 -5.820792701262661e-38
2.3000000000000003 1.34 2.6631961323848656e-49
2.3000000000000003 1.4 2.9329407819042218e-34
2.3000000000000003 1.46 5.6984798869752664e-30
2.3000000000000003 1.52 6.307356835372472e-23
2.3000000000000003 1.58 5.460975550511637e-23
2.3000000000000003 1.6400000000000001 1.2950161094934117e-11
2.3000000000000003 1.7000000000000002 3.532414939119186e-7
2.3000000000000003 1.76 2.562467735016522e-6
2.3000000000000003 1.82 3.170939876634641e-5
2.3000000000000003 1.8800000000000001 -1.0489956815919397e-22
2.3000000000000003 1.94 1.2304445237550615e-25
2.3000000000000003 2.0 4.191278130591553e-19
2.3000000000000003 2.06 1.2376094762020992e-36
2.3000000000000003 2.12 5.651871339999398e-7
2.3000000000000003 2.18 0.18888035936170003
2.3000000000000003 2.2399999999999998 0.08356479464380052
2.3000000000000003 2.3000000000000003 1.7870945412000635e-6
2.3000000000000003 2.36 0.00014096035062996344
2.3000000000000003 2.4200000000000004 -2.889684357602421e-13
2.3000000000000003 2.48 7.134877648840767e-16
2.3000000000000003 2.5400000000000005 -4.915266462761407e-121
2.3000000000000003 2.5999999999999996 -1.1640151337359075e-212
2.3000000000000003 2.66 0.0
2.3000000000000003 2.7199999999999998 0.0
2.3000000000000003 2.7800000000000002 0.0
2.3000000000000003 2.84 0.0
2.3000000000000003 2.9000000000000004 0.0
2.3000000000000003 2.9599999999999995 0.0
2.3000000000000003 3.02 0.0
2.3000000000000003 3.0799999999999996 0.0
2.3000000000000003 3.14 0.0
2.3000000000000003 3.1999999999999997 0.0
2.3000000000000003 3.2600000000000002 0.0
2.3000000000000003 3.3200000000000003 0.0
2.3000000000000003 3.38 0.0
2.3000000000000003 3.4399999999999995 0.0
2.3000000000000003 3.5 0.0
2.36 0.5 0.0
2.36 0.56 0.0
2.36 0.62 0.0
2.36 0.6799999999999999 0.0
2.36 0.74 0.0
2.36 0.8 0.0
2.36 0.86 0.0
2.36 0.92 0.0
2.36 0.98 0.0
2.36 1.04 0.0
2.36 1.1 1.2557854599482953e-134
2.36 1.1600000000000001 -1.6844035869096842e-131
2.36 1.22 -5.482797747652553e-146
2.36 1.28 -8.90680413096003e-116
2.36 1.34 2.1366525858991947e-52
2.36 1.4 5.781307205543989e-71
2.36 1.46 3.213675472172461e-33
2.36 1.52 3.0629450323388078e-33
2.36 1.58 3.1576183626533496e-15
2.36 1.6400000000000001 1.7003580469916746e-10
2.36 1.7000000000000002 9.603063808894513e-9
2.36 1.76 4.9769390189706186e-11
2.36 1.82 2.6278413455632047e-8
2.36 1.8800000000000001 -2.5369367708305095e-31
2.36 1.94 3.306968665208373e-42
2.36 2.0 9.194669182238408e-41
2.36 2.06 1.024942964748232e-39
2.36 2.12 -2.979260567740468e-48
2.36 2.18 4.694852781428006e-42
2.36 2.2399999999999998 1.0018310285755261e-35
2.36 2.3000000000000003 1.114502411647087e-40
2.36 2.36 7.765802932359214e-32
2.36 2.4200000000000004 4.4216563100582567e-38
2.36 2.48 -1.8105903391918377e-37
2.36 2.5400000000000005 0.0
2.36 2.5999999999999996 0.0
2.36 2.66 0.0
2.36 2.7199999999999998 0.0
2.36 2.7800000000000002 0.0
2.36 2.84 0.0
2.36 2.9000000000000004 0.0
2.36 2.9599999999999995 0.0
2.36 3.02 0.0
2.36 3.0799999999999996 0.0
2.36 3.14 0.0
2.36 3.1999999999999997 0.0
2.36 3.2600000000000002 0.0
2.36 3.3200000000000003 0.0
2.36 3.38 0.0
2.36 3.4399999999999995 0.0
2.36 3.5 0.0
2.4200000000000004 0.5 0.0
2.4200000000000004 0.56 0.0
2.4200000000000004 0.62 0.0
2.4200000000000004 0.6799999999999999 0.0
2.4200000000000004 0.74 0.0
2.4200000000000004 0.8 0.0
2.4200000000000004 0.86 0.0
2.4200000000000004 0.92 0.0
2.4200000000000004 0.98 0.0
2.4200000000000004 1.04 0.0
2.4200000000000004 1.1 3.891828965839085e-237
2.4200000000000004 1.1600000000000001 -5.220998039244682e-234
2.4200000000000004 1.22 -3.0654087317164206e-249
2.4200000000000004 1.28 -2.7607639442869555e-218
2.4200000000000004 1.34 5.7144433484535866e-235
2.4200000000000004 1.4 1.3910746016720536e-214
2.4200000000000004 1.46 -3.6750859136140314e-215
2.4200000000000004 1.52 6.097175394404196e-218
2.4200000000000004 1.58 -2.5614886827592392e-248
2.4200000000000004 1.6400000000000001 1.0117695267954582e-235
2.4200000000000004 1.7000000000000002 1.637620703227077e-250
2.4200000000000004 1.76 -3.528033638696751e-254
2.4200000000000004 1.82 6.010022619198774e-253
2.4200000000000004 1.8800000000000001 -2.1724422743483278e-243
2.4200000000000004 1.94 -3.852026966682199e-231
2.4200000000000004 2.0 -1.755459683560388e-219
2.4200000000000004 2.06 1.573799989651079e-221
2.4200000000000004 2.12 1.311626088749767e-228
2.4200000000000004 2.18 1.7844122884616107e-221
2.4200000000000004 2.2399999999999998 2.9360966971976086e-219
2.4200000000000004 2.3000000000000003 -1.8652462693928336e-217
2.4200000000000004 2.36 -1.0550911320212886e-215
2.4200000000000004 2.4200000000000004 -7.2631817584262186e-214
2.4200000000000004 2.48 3.3840258485404943e-196
2.4200000000000004 2.5400000000000005 0.0
2.4200000000000004 2.5999999999999996 0.0
2.4200000000000004 2.66 0.0
2.4200000000000004 2.7199999999999998 0.0
2.4200000000000004 2.7800000000000002 0.0
2.4200000000000004 2.84 0.0
2.4200000000000004 2.9000000000000004 0.0
2.4200000000000004 2.9599999999999995 0.0
2.4200000000000004 3.02 0.0
2.4200000000000004 3.0799999999999996 0.0
2.4200000000000004 3.14 0.0
2.4200000000000004 3.1999999999999997 0.0
2.4200000000000004 3.2600000000000002 0.0
2.4200000000000004 3.3200000000000003 0.0
2.4200000000000004 3.38 0.0
2.4200000000000004 3.4399999999999995 0.0
2.4200000000000004 3.5 0.0
2.48 0.5 0.0
2.48 0.56 0.0
2.48 0.62 0.0
2.48 0.6799999999999999 0.0
2.48 0.74 0.0
2.48 0.8 0.0
2.48 0.86 0.0
2.48 0.92 0.0
2.48 0.98 0.0
2.48 1.04 0.0
2.48 1.1 3.36e-322
2.48 1.1600000000000001 -5.64e-321
2.48 1.22 0.0
2.48 1.28 -2.9844200754646474e-305
2.48 1.34 6.2e-322
2.48 1.4 1.5037689027751743e-301
2.48 1.46 -3.9728134675718426e-302
2.48 1.52 6.59112224596027e-305
2.48 1.58 0.0
2.48 1.6400000000000001 4.4e-323
2.48 1.7000000000000002 0.0
2.48 1.76 0.0
2.48 1.82 0.0
2.48 1.8800000000000001 -4.0e-323
2.48 1.94 -4.164064e-318
2.48 2.0 -1.8976736972126976e-306
2.48 2.06 1.7012973143177935e-308
2.48 2.12 1.417884096e-315
2.48 2.18 1.928971825128385e-308
2.48 2.2399999999999998 3.173956956503455e-306
2.48 2.3000000000000003 -2.0163543584306688e-304
2.48 2.36 -1.1405665446390467e-302
2.48 2.4200000000000004 4.870406436059915e-295
2.48 2.48 3.6581739265230737e-283
2.48 2.5400000000000005 0.0
2.48 2.5999999999999996 0.0
2.48 2.66 0.0
2.48 2.7199999999999998 0.0
2.48 2.7800000000000002 0.0
2.48 2.84 0.0
2.48 2.9000000000000004 0.0
2.48 2.9599999999999995 0.0
2.48 3.02 0.0
2.48 3.0799999999999996 0.0
2.48 3.14 0.0
2.48 3.1999999999999997 0.0
2.48 3.2600000000000002 0.0
2.48 3.3200000000000003 0.0
2.48 3.38 0.0
2.48 3.4399999999999995 0.0
2.48 3.5 0.0
2.5400000000000005 0.5 0.0
2.5400000000000005 0.56 0.0
2.5400000000000005 0.62 0.0
2.5400000000000005 0.6799999999999999 0.0
2.5400000000000005 0.74 0.0
2.5400000000000005 0.8 0.0
2.5400000000000005 0.86 0.0
2.5400000000000005 0.92 0.0
2.5400000000000005 0.98 0.0
2.5400000000000005 1.04 0.0
2.5400000000000005 1.1 0.0
2.5400000000000005 1.1600000000000001 0.0
2.5400000000000005 1.22 0.0
2.5400000000000005 1.28 0.0
2.5400000000000005 1.34 0.0
2.5400000000000005 1.4 0.0
2.5400000000000005 1.46 0.0
2.5400000000000005 1.52 0.0
2.5400000000000005 1.58 0.0
2.5400000000000005 1.6400000000000001 0.0
2.5400000000000005 1.7000000000000002 0.0
2.5400000000000005 1.76 0.0
2.5400000000000005 1.82 0.0
2.5400000000000005 1.8800000000000001 0.0
2.5400000000000005 1.94 0.0
2.5400000000000005 2.0 0.0
2.5400000000000005 2.06 0.0
2.5400000000000005 2.12 0.0
2.5400000000000005 2.18 0.0
2.5400000000000005 2.2399999999999998 0.0
2.5400000000000005 2.3000000000000003 0.0
2.5400000000000005 2.36 0.0
2.5400000000000005 2.4200000000000004 0.0
2.5400000000000005 2.48 0.0
2.5400000000000005 2.5400000000000005 0.0
2.5400000000000005 2.5999999999999996 0.0
2.5400000000000005 2.66 0.0
2.5400000000000005 2.7199999999999998 0.0
2.5400000000000005 2.7800000000000002 0.0
2.5400000000000005 2.84 0.0
2.5400000000000005 2.9000000000000004 0.0
2.5400000000000005 2.9599999999999995 0.0
2.5400000000000005 3.02 0.0
2.5400000000000005 3.0799999999999996 0.0
2.5400000000000005 3.14 0.0
2.5400000000000005 3.1999999999999997 0.0
2.5400000000000005 3.2600000000000002 0.0
2.5400000000000005 3.3200000000000003 0.0
2.5400000000000005 3.38 0.0
2.5400000000000005 3.4399999999999995 0.0
2.5400000000000005 3.5 0.0
2.5999999999999996 0.5 0.0
2.5999999999999996 0.56 0.0
2.5999999999999996 0.62 0.0
2.5999999999999996 0.6799999999999999 0.0
2.5999999999999996 0.74 0.0
2.5999999999999996 0.8 0.0
2.5999999999999996 0.86 0.0
2.5999999999999996 0.92 0.0
2.5999999999999996 0.98 0.0
2.5999999999999996 1.04 0.0
2.5999999999999996 1.1 0.0
2.5999999999999996 1.1600000000000001 0.0
2.5999999999999996 1.22 0.0
2.5999999999999996 1.28 0.0
2.5999999999999996 1.34 0.0
2.5999999999999996 1.4 0.0
2.5999999999999996 1.46 0.0
2.5999999999999996 1.52 0.0
2.5999999999999996 1.58 0.0
2.5999999999999996 1.6400000000000001 0.0
2.5999999999999996 1.7000000000000002 0.0
2.5999999999999996 1.76 0.0
2.5999999999999996 1.82 0.0
2.5999999999999996 1.8800000000000001 0.0
2.5999999999999996 1.94 0.0
2.5999999999999996 2.0 0.0
2.5999999999999996 2.06 0.0
2.5999999999999996 2.12 0.0
2.5999999999999996 2.18 0.0
2.5999999999999996 2.2399999999999998 0.0
2.5999999999999996 2.3000000000000003 0.0
2.5999999999999996 2.36 0.0
2.5999999999999996 2.4200000000000004 0.0
2.5999999999999996 2.48 0.0
2.5999999999999996 2.5400000000000005 0.0
2.5999999999999996 2.5999999999999996 0.0
2.5999999999999996 2.66 0.0
2.5999999999999996 2.7199999999999998 0.0
2.5999999999999996 2.7800000000000002 0.0
2.5999999999999996 2.84 0.0
2.5999999999999996 2.9000000000000004 0.0
2.5999999999999996 2.9599999999999995 0.0
2.5999999999999996 3.02 0.0
2.5999999999999996 3.0799999999999996 0.0
2.5999999999999996 3.14 0.0
2.5999999999999996 3.1999999999999997 0.0
2.5999999999999996 3.2600000000000002 0.0
2.5999999999999996 3.3200000000000003 0.0
2.5999999999999996 3.38 0.0
2.5999999999999996 3.4399999999999995 0.0
2.5999999999999996 3.5 0.0
2.66 0.5 0.0
2.66 0.56 0.0
2.66 0.62 0.0
2.66 0.6799999999999999 0.0
2.66 0.74 0.0
2.66 0.8 0.0
2.66 0.86 0.0
2.66 0.92 0.0
2.66 0.98 0.0
2.66 1.04 0.0
2.66 1.1 0.0
2.66 1.1600000000000001 0.0
2.66 1.22 0.0
2.66 1.28 0.0
2.66 1.34 0.0
2.66 1.4 0.0
2.66 1.46 0.0
2.66 1.52 0.0
2.66 1.58 0.0
2.66 1.6400000000000001 0.0
2.66 1.7000000000000002 0.0
2.66 1.76 0.0
2.66 1.82 0.0
2.66 1.8800000000000001 0.0
2.66 1.94 0.0
2.66 2.0 0.0
2.66 2.06 0.0
2.66 2.12 0.0
2.66 2.18 0.0
2.66 2.2399999999999998 0.0
2.66 2.3000000000000003 0.0
2.66 2.36 0.0
2.66 2.4200000000000004 0.0
2.66 2.48 0.0
2.66 2.5400000000000005 0.0
2.66 2.5999999999999996 0.0
2.66 2.66 0.0
2.66 2.7199999999999998 0.0
2.66 2.7800000000000002 0.0
2.66 2.84 0.0
2.66 2.9000000000000004 0.0
2.66 2.9599999999999995 0.0
2.66 3.02 0.0
2.66 3.0799999999999996 0.0
2.66 3.14 0.0
2.66 3.1999999999999997 0.0
2.66 3.2600000000000002 0.0
2.66 3.3200000000000003 0.0
2.66 3.38 0.0
2.66 3.4399999999999995 0.0
2.66 3.5 0.0
2.7199999999999998 0.5 0.0
2.7199999999999998 0.56 0.0
2.7199999999999998 0.62 0.0
2.7199999999999998 0.6799999999999999 0.0
2.7199999999999998 0.74 0.0
2.7199999999999998 0.8 0.0
2.7199999999999998 0.86 0.0
2.7199999999999998 0.92 0.0
2.7199999999999998 0.98 0.0
2.7199999999999998 1.04 0.0
2.7199999999999998 1.1 0.0
2.7199999999999998 1.1600000000000001 0.0
2.7199999999999998 1.22 0.0
2.7199999999999998 1.28 0.0
2.7199999999999998 1.34 0.0
2.7199999999999998 1.4 0.0
2.7199999999999998 1.46 0.0
2.7199999999999998 1.52 0.0
2.7199999999999998 1.58 0.0
2.7199999999999998 1.6400000000000001 0.0
2.7199999999999998 1.7000000000000002 0.0
2.7199999999999998 1.76 0.0
2.7199999999999998 1.82 0.0
2.7199999999999998 1.8800000000000001 0.0
2.7199999999999998 1.94 0.0
2.7199999999999998 2.0 0.0
2.7199999999999998 2.06 0.0
2.7199999999999998 2.12 0.0
2.7199999999999998 2.18 0.0
2.7199999999999998 2.2399999999999998 0.0
2.7199999999999998 2.3000000000000003 0.0
2.7199999999999998 2.36 0.0
2.7199999999999998 2.4200000000000004 0.0
2.7199999999999998 2.48 0.0
2.7199999999999998 2.5400000000000005 0.0
2.7199999999999998 2.5999999999999996 0.0
2.7199999999999998 2.66 0.0
2.7199999999999998 2.7199999999999998 0.0
2.7199999999999998 2.7800000000000002 0.0
2.7199999999999998 2.84 0.0
2.7199999999999998 2.9000000000000004 0.0
2.7199999999999998 2.9599999999999995 0.0
2.7199999999999998 3.02 0.0
2.7199999999999998 3.0799999999999996 0.0
2.7199999999999998 3.14 0.0
2.7199999999999998 3.1999999999999997 0.0
2.7199999999999998 3.2600000000000002 0.0
2.7199999999999998 3.3200000000000003 0.0
2.7199999999999998 3.38 0.0
2.7199999999999998 3.4399999999999995 0.0
2.7199999999999998 3.5 0.0
2.7800000000000002 0.5 0.0
2.7800000000000002 0.56 0.0
2.7800000000000002 0.62 0.0
2.7800000000000002 0.6799999999999999 0.0
2.7800000000000002 0.74 0.0
2.7800000000000002 0.8 0.0
2.7800000000000002 0.86 0.0
2.7800000000000002 0.92 0.0
2.7800000000000002 0.98 0.0
2.7800000000000002 1.04 0.0
2.7800000000000002 1.1 0.0
2.7800000000000002 1.1600000000000001 0.0
2.7800000000000002 1.22 0.0
2.7800000000000002 1.28 0.0
2.7800000000000002 1.34 0.0
2.7800000000000002 1.4 0.0
2.7800000000000002 1.46 0.0
2.7800000000000002 1.52 0.0
2.7800000000000002 1.58 0.0
2.7800000000000002 1.6400000000000001 0.0
2.7800000000000002 1.7000000000000002 0.0
2.7800000000000002 1.76 0.0
2.7800000000000002 1.82 0.0
2.7800000000000002 1.8800000000000001 0.0
2.7800000000000002 1.94 0.0
2.7800000000000002 2.0 0.0
2.7800000000000002 2.06 0.0
2.7800000000000002 2.12 0.0
2.7800000000000002 2.18 0.0
2.7800000000000002 2.2399999999999998 0.0
2.7800000000000002 2.3000000000000003 0.0
2.7800000000000002 2.36 0.0
2.7800000000000002 2.4200000000000004 0.0
2.7800000000000002 2.48 0.0
2.7800000000000002 2.5400000000000005 0.0
2.7800000000000002 2.5999999999999996 0.0
2.7800000000000002 2.66 0.0
2.7800000000000002 2.7199999999999998 0.0
2.7800000000000002 2.7800000000000002 0.0
2.7800000000000002 2.84 0.0
2.7800000000000002 2.9000000000000004 0.0
2.7800000000000002 2.9599999999999995 0.0
2.7800000000000002 3.02 0.0
2.7800000000000002 3.0799999999999996 0.0
2.7800000000000002 3.14 0.0
2.7800000000000002 3.1999999999999997 0.0
2.7800000000000002 3.2600000000000002 0.0
2.7800000000000002 3.3200000000000003 0.0
2.7800000000000002 3.38 0.0
2.7800000000000002 3.4399999999999995 0.0
2.7800000000000002 3.5 0.0
2.84 0.5 0.0
2.84 0.56 0.0
2.84 0.62 0.0
2.84 0.6799999999999999 0.0
2.84 0.74 0.0
2.84 0.8 0.0
2.84 0.86 0.0
2.84 0.92 0.0
2.84 0.98 0.0
2.84 1.04 0.0
2.84 1.1 0.0
2.84 1.1600000000000001 0.0
2.84 1.22 0.0
2.84 1.28 0.0
2.84 1.34 0.0
2.84 1.4 0.0
2.84 1.46 0.0
2.84 1.52 0.0
2.84 1.58 0.0
2.84 1.6400000000000001 0.0
2.84 1.7000000000000002 0.0
2.84 1.76 0.0
2.84 1.82 0.0
2.84 1.8800000000000001 0.0
2.84 1.94 0.0
2.84 2.0 0.0
2.84 2.06 0.0
2.84 2.12 0.0
2.84 2.18 0.0
2.84 2.2399999999999998 0.0
2.84 2.3000000000000003 0.0
2.84 2.36 0.0
2.84 2.4200000000000004 0.0
2.84 2.48 0.0
2.84 2.5400000000000005 0.0
2.84 2.5999999999999996 0.0
2.84 2.66 0.0
2.84 2.7199999999999998 0.0
2.84 2.7800000000000002 0.0
2.84 2.84 0.0
2.84 2.9000000000000004 0.0
2.84 2.9599999999999995 0.0
2.84 3.02 0.0
2.84 3.0799999999999996 0.0
2.84 3.14 0.0
2.84 3.1999999999999997 0.0
2.84 3.2600000000000002 0.0
2.84 3.3200000000000003 0.0
2.84 3.38 0.0
2.84 3.4399999999999995 0.0
2.84 3.5 0.0
2.9000000000000004 0.5 0.0
2.9000000000000004 0.56 0.0
2.9000000000000004 0.62 0.0
2.9000000000000004 0.6799999999999999 0.0
2.9000000000000004 0.74 0.0
2.9000000000000004 0.8 0.0
2.9000000000000004 0.86 0.0
2.9000000000000004 0.92 0.0
2.9000000000000004 0.98 0.0
2.9000000000000004 1.04 0.0
2.9000000000000004 1.1 0.0
2.9000000000000004 1.1600000000000001 0.0
2.9000000000000004 1.22 0.0
2.9000000000000004 1.28 0.0
2.9000000000000004 1.34 0.0
2.9000000000000004 1.4 0.0
2.9000000000000004 1.46 0.0
2.9000000000000004 1.52 0.0
2.9000000000000004 1.58 0.0
2.9000000000000004 1.6400000000000001 0.0
2.9000000000000004 1.7000000000000002 0.0
2.9000000000000004 1.76 0.0
2.9000000000000004 1.82 0.0
2.9000000000000004 1.8800000000000001 0.0
2.9000000000000004 1.94 0.0
2.9000000000000004 2.0 0.0
2.9000000000000004 2.06 0.0
2.9000000000000004 2.12 0.0
2.9000000000000004 2.18 0.0
2.9000000000000004 2.2399999999999998 0.0
2.9000000000000004 2.3000000000000003 0.0
2.9000000000000004 2.36 0.0
2.9000000000000004 2.4200000000000004 0.0
2.9000000000000004 2.48 0.0
2.9000000000000004 2.5400000000000005 0.0
2.9000000000000004 2.5999999999999996 0.0
2.9000000000000004 2.66 0.0
2.9000000000000004 2.7199999999999998 0.0
2.9000000000000004 2.7800000000000002 0.0
2.9000000000000004 2.84 0.0
2.9000000000000004 2.9000000000000004 0.0
2.9000000000000004 2.9599999999999995 0.0
2.9000000000000004 3.02 0.0
2.9000000000000004 3.0799999999999996 0.0
2.9000000000000004 3.14 0.0
2.9000000000000004 3.1999999999999997 0.0
2.9000000000000004 3.2600000000000002 0.0
2.9000000000000004 3.3200000000000003 0.0
2.9000000000000004 3.38 0.0
2.9000000000000004 3.4399999999999995 0.0
2.9000000000000004 3.5 0.0
2.9599999999999995 0.5 0.0
2.9599999999999995 0.56 0.0
2.9599999999999995 0.62 0.0
2.9599999999999995 0.6799999999999999 0.0
2.9599999999999995 0.74 0.0
2.9599999999999995 0.8 0.0
2.9599999999999995 0.86 0.0
2.9599999999999995 0.92 0.0
2.9599999999999995 0.98 0.0
2.9599999999999995 1.04 0.0
2.9599999999999995 1.1 0.0
2.9599999999999995 1.1600000000000001 0.0
2.9599999999999995 1.22 0.0
2.9599999999999995 1.28 0.0
2.9599999999999995 1.34 0.0
2.9599999999999995 1.4 0.0
2.9599999999999995 1.46 0.0
2.9599999999999995 1.52 0.0
2.9599999999999995 1.58 0.0
2.9599999999999995 1.6400000000000001 0.0
2.9599999999999995 1.7000000000000002 0.0
2.9599999999999995 1.76 0.0
2.9599999999999995 1.82 0.0
2.9599999999999995 1.8800000000000001 0.0
2.9599999999999995 1.94 0.0
2.9599999999999995 2.0 0.0
2.9599999999999995 2.06 0.0
2.9599999999999995 2.12 0.0
2.9599999999999995 2.18 0.0
2.9599999999999995 2.2399999999999998 0.0
2.9599999999999995 2.3000000000000003 0.0
2.9599999999999995 2.36 0.0
2.9599999999999995 2.4200000000000004 0.0
2.9599999999999995 2.48 0.0
2.9599999999999995 2.5400000000000005 0.0
2.9599999999999995 2.5999999999999996 0.0
2.9599999999999995 2.66 0.0
2.9599999999999995 2.7199999999999998 0.0
2.9599999999999995 2.7800000000000002 0.0
2.9599999999999995 2.84 0.0
2.9599999999999995 2.9000000000000004 0.0
2.9599999999999995 2.9599999999999995 0.0
2.9599999999999995 3.02 0.0
2.9599999999999995 3.0799999999999996 0.0
2.9599999999999995 3.14 0.0
2.9599999999999995 3.1999999999999997 0.0
2.9599999999999995 3.2600000000000002 0.0
2.9599999999999995 3.3200000000000003 0.0
2.9599999999999995 3.38 0.0
2.9599999999999995 3.4399999999999995 0.0
2.9599999999999995 3.5 0.0
3.02 0.5 0.0
3.02 0.56 0.0
3.02 0.62 0.0
3.02 0.6799999999999999 0.0
3.02 0.74 0.0
3.02 0.8 0.0
3.02 0.86 0.0
3.02 0.92 0.0
3.02 0.98 0.0
3.02 1.04 0.0
3.02 1.1 0.0
3.02 1.1600000000000001 0.0
3.02 1.22 0.0
3.02 1.28 0.0
3.02 1.34 0.0
3.02 1.4 0.0
3.02 1.46 0.0
3.02 1.52 0.0
3.02 1.58 0.0
3.02 1.6400000000000001 0.0
3.02 1.7000000000000002 0.0
3.02 1.76 0.0
3.02 1.82 0.0
3.02 1.8800000000000001 0.0
3.02 1.94 0.0
3.02 2.0 0.0
3.02 2.06 0.0
3.02 2.12 0.0
3.02 2.18 0.0
3.02 2.2399999999999998 0.0
3.02 2.3000000000000003 0.0
3.02 2.36 0.0
3.02 2.4200000000000004 0.0
3.02 2.48 0.0
3.02 2.5400000000000005 0.0
3.02 2.5999999999999996 0.0
3.02 2.66 0.0
3.02 2.7199999999999998 0.0
3.02 2.7800000000000002 0.0
3.02 2.84 0.0
3.02 2.9000000000000004 0.0
3.02 2.9599999999999995 0.0
3.02 3.02 0.0
3.02 3.0799999999999996 0.0
3.02 3.14 0.0
3.02 3.1999999999999997 0.0
3.02 3.2600000000000002 0.0
3.02 3.3200000000000003 0.0
3.02 3.38 0.0
3.02 3.4399999999999995 0.0
3.02 3.5 0.0
3.0799999999999996 0.5 0.0
3.0799999999999996 0.56 0.0
3.0799999999999996 0.62 0.0
3.0799999999999996 0.6799999999999999 0.0
3.0799999999999996 0.74 0.0
3.0799999999999996 0.8 0.0
3.0799999999999996 0.86 0.0
3.0799999999999996 0.92 0.0
3.0799999999999996 0.98 0.0
3.0799999999999996 1.04 0.0
3.0799999999999996 1.1 0.0
3.0799999999999996 1.1600000000000001 0.0
3.0799999999999996 1.22 0.0
3.0799999999999996 1.28 0.0
3.0799999999999996 1.34 0.0
3.0799999999999996 1.4 0.0
3.0799999999999996 1.46 0.0
3.0799999999999996 1.52 0.0
3.0799999999999996 1.58 0.0
3.0799999999999996 1.6400000000000001 0.0
3.0799999999999996 1.7000000000000002 0.0
3.0799999999999996 1.76 0.0
3.0799999999999996 1.82 0.0
3.0799999999999996 1.8800000000000001 0.0
3.0799999999999996 1.94 0.0
3.0799999999999996 2.0 0.0
3.0799999999999996 2.06 0.0
3.0799999999999996 2.12 0.0
3.0799999999999996 2.18 0.0
3.0799999999999996 2.2399999999999998 0.0
3.0799999999999996 2.3000000000000003 0.0
3.0799999999999996 2.36 0.0
3.0799999999999996 2.4200000000000004 0.0
3.0799999999999996 2.48 0.0
3.0799999999999996 2.5400000000000005 0.0
3.0799999999999996 2.5999999999999996 0.0
3.0799999999999996 2.66 0.0
3.0799999999999996 2.7199999999999998 0.0
3.0799999999999996 2.7800000000000002 0.0
3.0799999999999996 2.84 0.0
3.0799999999999996 2.9000000000000004 0.0
3.0799999999999996 2.9599999999999995 0.0
3.0799999999999996 3.02 0.0
3.0799999999999996 3.0799999999999996 0.0
3.0799999999999996 3.14 0.0
3.0799999999999996 3.1999999999999997 0.0
3.0799999999999996 3.2600000000000002 0.0
3.0799999999999996 3.3200000000000003 0.0
3.0799999999999996 3.38 0.0
3.0799999999999996 3.4399999999999995 0.0
3.0799999999999996 3.5 0.0
3.14 0.5 0.0
3.14 0.56 0.0
3.14 0.62 0.0
3.14 0.6799999999999999 0.0
3.14 0.74 0.0
3.14 0.8 0.0
3.14 0.86 0.0
3.14 0.92 0.0
3.14 0.98 0.0
3.14 1.04 0.0
3.14 1.1 0.0
3.14 1.1600000000000001 0.0
3.14 1.22 0.0
3.14 1.28 0.0
3.14 1.34 0.0
3.14 1.4 0.0
3.14 1.46 0.0
3.14 1.52 0.0
3.14 1.58 0.0
3.14 1.6400000000000001 0.0
3.14 1.7000000000000002 0.0
3.14 1.76 0.0
3.14 1.82 0.0
3.14 1.8800000000000001 0.0
3.14 1.94 0.0
3.14 2.0 0.0
3.14 2.06 0.0
3.14 2.12 0.0
3.14 2.18 0.0
3.14 2.2399999999999998 0.0
3.14 2.3000000000000003 0.0
3.14 2.36 0.0
3.14 2.4200000000000004 0.0
3.14 2.48 0.0
3.14 2.5400000000000005 0.0
3.14 2.5999999999999996 0.0
3.14 2.66 0.0
3.14 2.7199999999999998 0.0
3.14 2.7800000000000002 0.0
3.14 2.84 0.0
3.14 2.9000000000000004 0.0
3.14 2.9599999999999995 0.0
3.14 3.02 0.0
3.14 3.0799999999999996 0.0
3.14 3.14 0.0
3.14 3.1999999999999997 0.0
3.14 3.2600000000000002 0.0
3.14 3.3200000000000003 0.0
3.14 3.38 0.0
3.14 3.4399999999999995 0.0
3.14 3.5 0.0
3.1999999999999997 0.5 0.0
3.1999999999999997 0.56 0.0
3.1999999999999997 0.62 0.0
3.1999999999999997 0.6799999999999999 0.0
3.1999999999999997 0.74 0.0
3.1999999999999997 0.8 0.0
3.1999999999999997 0.86 0.0
3.1999999999999997 0.92 0.0
3.1999999999999997 0.98 0.0
3.1999999999999997 1.04 0.0
3.1999999999999997 1.1 0.0
3.1999999999999997 1.1600000000000001 0.0
3.1999999999999997 1.22 0.0
3.1999999999999997 1.28 0.0
3.1999999999999997 1.34 0.0
3.1999999999999997 1.4 0.0
3.1999999999999997 1.46 0.0
3.1999999999999997 1.52 0.0
3.1999999999999997 1.58 0.0
3.1999999999999997 1.6400000000000001 0.0
3.1999999999999997 1.7000000000000002 0.0
3.1999999999999997 1.76 0.0
3.1999999999999997 1.82 0.0
3.1999999999999997 1.8800000000000001 0.0
3.1999999999999997 1.94 0.0
3.1999999999999997 2.0 0.0
3.1999999999999997 2.06 0.0
3.1999999999999997 2.12 0.0
3.1999999999999997 2.18 0.0
3.1999999999999997 2.2399999999999998 0.0
3.1999999999999997 2.3000000000000003 0.0
3.1999999999999997 2.36 0.0
3.1999999999999997 2.4200000000000004 0.0
3.1999999999999997 2.48 0.0
3.1999999999999997 2.5400000000000005 0.0
3.1999999999999997 2.5999999999999996 0.0
3.1999999999999997 2.66 0.0
3.1999999999999997 2.7199999999999998 0.0
3.1999999999999997 2.7800000000000002 0.0
3.1999999999999997 2.84 0.0
3.1999999999999997 2.9000000000000004 0.0
3.1999999999999997 2.9599999999999995 0.0
3.1999999999999997 3.02 0.0
3.1999999999999997 3.0799999999999996 0.0
3.1999999999999997 3.14 0.0
3.1999999999999997 3.1999999999999997 0.0
3.1999999999999997 3.2600000000000002 0.0
3.1999999999999997 3.3200000000000003 0.0
3.1999999999999997 3.38 0.0
3.1999999999999997 3.4399999999999995 0.0
3.1999999999999997 3.5 0.0
3.2600000000000002 0.5 0.0
3.2600000000000002 0.56 0.0
3.2600000000000002 0.62 0.0
3.2600000000000002 0.6799999999999999 0.0
3.2600000000000002 0.74 0.0
3.2600000000000002 0.8 0.0
3.2600000000000002 0.86 0.0
3.2600000000000002 0.92 0.0
3.2600000000000002 0.98 0.0
3.2600000000000002 1.04 0.0
3.2600000000000002 1.1 0.0
3.2600000000000002 1.1600000000000001 0.0
3.2600000000000002 1.22 0.0
3.2600000000000002 1.28 0.0
3.2600000000000002 1.34 0.0
3.2600000000000002 1.4 0.0
3.2600000000000002 1.46 0.0
3.2600000000000002 1.52 0.0
3.2600000000000002 1.58 0.0
3.2600000000000002 1.6400000000000001 0.0
3.2600000000000002 1.7000000000000002 0.0
3.2600000000000002 1.76 0.0
3.2600000000000002 1.82 0.0
3.2600000000000002 1.8800000000000001 0.0
3.2600000000000002 1.94 0.0
3.2600000000000002 2.0 0.0
3.2600000000000002 2.06 0.0
3.2600000000000002 2.12 0.0
3.2600000000000002 2.18 0.0
3.2600000000000002 2.2399999999999998 0.0
3.2600000000000002 2.3000000000000003 0.0
3.2600000000000002 2.36 0.0
3.2600000000000002 2.4200000000000004 0.0
3.2600000000000002 2.48 0.0
3.2600000000000002 2.5400000000000005 0.0
3.2600000000000002 2.5999999999999996 0.0
3.2600000000000002 2.66 0.0
3.2600000000000002 2.7199999999999998 0.0
3.2600000000000002 2.7800000000000002 0.0
3.2600000000000002 2.84 0.0
3.2600000000000002 2.9000000000000004 0.0
3.2600000000000002 2.9599999999999995 0.0
3.2600000000000002 3.02 0.0
3.2600000000000002 3.0799999999999996 0.0
3.2600000000000002 3.14 0.0
3.2600000000000002 3.1999999999999997 0.0
3.2600000000000002 3.2600000000000002 0.0
3.2600000000000002 3.3200000000000003 0.0
3.2600000000000002 3.38 0.0
3.2600000000000002 3.4399999999999995 0.0
3.2600000000000002 3.5 0.0
3.3200000000000003 0.5 0.0
3.3200000000000003 0.56 0.0
3.3200000000000003 0.62 0.0
3.3200000000000003 0.6799999999999999 0.0
3.3200000000000003 0.74 0.0
3.3200000000000003 0.8 0.0
3.3200000000000003 0.86 0.0
3.3200000000000003 0.92 0.0
3.3200000000000003 0.98 0.0
3.3200000000000003 1.04 0.0
3.3200000000000003 1.1 0.0
3.3200000000000003 1.1600000000000001 0.0
3.3200000000000003 1.22 0.0
3.3200000000000003 1.28 0.0
3.3200000000000003 1.34 0.0
3.3200000000000003 1.4 0.0
3.3200000000000003 1.46 0.0
3.3200000000000003 1.52 0.0
3.3200000000000003 1.58 0.0
3.3200000000000003 1.6400000000000001 0.0
3.3200000000000003 1.7000000000000002 0.0
3.3200000000000003 1.76 0.0
3.3200000000000003 1.82 0.0
3.3200000000000003 1.8800000000000001 0.0
3.3200000000000003 1.94 0.0
3.3200000000000003 2.0 0.0
3.3200000000000003 2.06 0.0
3.3200000000000003 2.12 0.0
3.3200000000000003 2.18 0.0
3.3200000000000003 2.2399999999999998 0.0
3.3200000000000003 2.3000000000000003 0.0
3.3200000000000003 2.36 0.0
3.3200000000000003 2.4200000000000004 0.0
3.3200000000000003 2.48 0.0
3.3200000000000003 2.5400000000000005 0.0
3.3200000000000003 2.5999999999999996 0.0
3.3200000000000003 2.66 0.0
3.3200000000000003 2.7199999999999998 0.0
3.3200000000000003 2.7800000000000002 0.0
3.3200000000000003 2.84 0.0
3.3200000000000003 2.9000000000000004 0.0
3.3200000000000003 2.9599999999999995 0.0
3.3200000000000003 3.02 0.0
3.3200000000000003 3.0799999999999996 0.0
3.3200000000000003 3.14 0.0
3.3200000000000003 3.1999999999999997 0.0
3.3200000000000003 3.2600000000000002 0.0
3.3200000000000003 3.3200000000000003 0.0
3.3200000000000003 3.38 0.0
3.3200000000000003 3.4399999999999995 0.0
3.3200000000000003 3.5 0.0
3.38 0.5 0.0
3.38 0.56 0.0
3.38 0.62 0.0
3.38 0.6799999999999999 0.0
3.38 0.74 0.0
3.38 0.8 0.0
3.38 0.86 0.0
3.38 0.92 0.0
3.38 0.98 0.0
3.38 1.04 0.0
3.38 1.1 0.0
3.38 1.1600000000000001 0.0
3.38 1.22 0.0
3.38 1.28 0.0
3.38 1.34 0.0
3.38 1.4 0.0
3.38 1.46 0.0
3.38 1.52 0.0
3.38 1.58 0.0
3.38 1.6400000000000001 0.0
3.38 1.7000000000000002 0.0
3.38 1.76 0.0
3.38 1.82 0.0
3.38 1.8800000000000001 0.0
3.38 1.94 0.0
3.38 2.0 0.0
3.38 2.06 0.0
3.38 2.12 0.0
3.38 2.18 0.0
3.38 2.2399999999999998 0.0
3.38 2.3000000000000003 0.0
3.38 2.36 0.0
3.38 2.4200000000000004 0.0
3.38 2.48 0.0
3.38 2.5400000000000005 0.0
3.38 2.5999999999999996 0.0
3.38 2.66 0.0
3.38 2.7199999999999998 0.0
3.38 2.7800000000000002 0.0
3.38 2.84 0.0
3.38 2.9000000000000004 0.0
3.38 2.9599999999999995 0.0
3.38 3.02 0.0
3.38 3.0799999999999996 0.0
3.38 3.14 0.0
3.38 3.1999999999999997 0.0
3.38 3.2600000000000002 0.0
3.38 3.3200000000000003 0.0
3.38 3.38 0.0
3.38 3.4399999999999995 0.0
3.38 3.5 0.0
3.4399999999999995 0.5 0.0
3.4399999999999995 0.56 0.0
3.4399999999999995 0.62 0.0
3.4399999999999995 0.6799999999999999 0.0
3.4399999999999995 0.74 0.0
3.4399999999999995 0.8 0.0
3.4399999999999995 0.86 0.0
3.4399999999999995 0.92 0.0
3.4399999999999995 0.98 0.0
3.4399999999999995 1.04 0.0
3.4399999999999995 1.1 0.0
3.4399999999999995 1.1600000000000001 0.0
3.4399999999999995 1.22 0.0
3.4399999999999995 1.28 0.0
3.4399999999999995 1.34 0.0
3.4399999999999995 1.4 0.0
3.4399999999999995 1.46 0.0
3.4399999999999995 1.52 0.0
3.4399999999999995 1.58 0.0
3.4399999999999995 1.6400000000000001 0.0
3.4399999999999995 1.7000000000000002 0.0
3.4399999999999995 1.76 0.0
3.4399999999999995 1.82 0.0
3.4399999999999995 1.8800000000000001 0.0
3.4399999999999995 1.94 0.0
3.4399999999999995 2.0 0.0
3.4399999999999995 2.06 0.0
3.4399999999999995 2.12 0.0
3.4399999999999995 2.18 0.0
3.4399999999999995 2.2399999999999998 0.0
3.4399999999999995 2.3000000000000003 0.0
3.4399999999999995 2.36 0.0
3.4399999999999995 2.4200000000000004 0.0
3.4399999999999995 2.48 0.0
3.4399999999999995 2.5400000000000005 0.0
3.4399999999999995 2.5999999999999996 0.0
3.4399999999999995 2.66 0.0
3.4399999999999995 2.7199999999999998 0.0
3.4399999999999995 2.7800000000000002 0.0
3.4399999999999995 2.84 0.0
3.4399999999999995 2.9000000000000004 0.0
3.4399999999999995 2.9599999999999995 0.0
3.4399999999999995 3.02 0.0
3.4399999999999995 3.0799999999999996 0.0
3.4399999999999995 3.14 0.0
3.4399999999999995 3.1999999999999997 0.0
3.4399999999999995 3.2600000000000002 0.0
3.4399999999999995 3.3200000000000003 0.0
3.4399999999999995 3.38 0.0
3.4399999999999995 3.4399999999999995 0.0
3.4399999999999995 3.5 0.0
3.5 0.5 0.0
3.5 0.56 0.0
3.5 0.62 0.0
3.5 0.6799999999999999 0.0
3.5 0.74 0.0
3.5 0.8 0.0
3.5 0.86 0.0
3.5 0.92 0.0
3.5 0.98 0.0
3.5 1.04 0.0
3.5 1.1 0.0
3.5 1.1600000000000001 0.0
3.5 1.22 0.0
3.5 1.28 0.0
3.5 1.34 0.0
3.5 1.4 0.0
3.5 1.46 0.0
3.5 1.52 0.0
3.5 1.58 0.0
3.5 1.6400000000000001 0.0
3.5 1.7000000000000002 0.0
3.5 1.76 0.0
3.5 1.82 0.0
3.5 1.8800000000000001 0.0
3.5 1.94 0.0
3.5 2.0 0.0
3.5 2.06 0.0
3.5 2.12 0.0
3.5 2.18 0.0
3.5 2.2399999999999998 0.0
3.5 2.3000000000000003 0.0
3.5 2.36 0.0
3.5 2.4200000000000004 0.0
3.5 2.48 0.0
3.5 2.5400000000000005 0.0
3.5 2.5999999999999996 0.0
3.5 2.66 0.0
3.5 2.7199999999999998 0.0
3.5 2.7800000000000002 0.0
3.5 2.84 0.0
3.5 2.9000000000000004 0.0
3.5 2.9599999999999995 0.0
3.5 3.02 0.0
3.5 3.0799999999999996 0.0
3.5 3.14 0.0
3.5 3.1999999999999997 0.0
3.5 3.2600000000000002 0.0
3.5 3.3200000000000003 0.0
3.5 3.38 0.0
3.5 3.4399999999999995 0.0
3.5 3.5 0.0
