6.96 -1.3 -6.764782585871248e-22
6.96 -1.1600000000000001 -1.8747125911277836e-19
6.96 -1.02 -1.0428366783222368e-17
6.96 -0.8799999999999999 -6.827099293309338e-17
6.96 -0.7400000000000002 7.851011259568309e-17
6.96 -0.6000000000000001 3.1467368724450045e-16
6.96 -0.45999999999999996 8.711516466792796e-16
6.96 -0.32000000000000006 4.3769672411437913e-16
6.96 -0.17999999999999994 6.828366133547364e-17
6.96 -0.039999999999999813 -1.905959989785349e-18
6.96 0.10000000000000009 -2.9271773564875626e-19
6.96 0.2400000000000002 -2.5464672242687158e-21
6.96 1.6400000000000001 -6.1563739092163946e-24
6.96 1.7800000000000002 -4.5468275653185455e-23
6.96 1.9200000000000004 -5.952859633335277e-23
6.96 2.0599999999999996 1.0392217287837573e-20
6.96 2.2 3.311025368319801e-19
6.96 2.34 6.383582177343209e-18
6.96 2.4800000000000004 8.32971591529185e-17
6.96 2.62 6.877608350877291e-16
6.96 2.7600000000000007 3.1806753734216064e-15
6.96 2.9 7.074453830232995e-15
6.96 3.0399999999999996 5.970823974928237e-15
6.96 3.18 6.39615233040666e-16
6.96 3.32 -5.665506042448232e-16
6.96 3.4600000000000004 1.942391666988624e-17
6.96 3.6 3.726897772602064e-17
6.96 3.7399999999999993 3.568301759599037e-18
6.96 3.88 1.0908258763013288e-19
6.96 4.02 1.2857605463416687e-21
6.96 4.16 6.1697782925765315e-24
7.08 -1.3 4.819592022774796e-12
7.08 -1.1600000000000001 2.349451101147505e-9
7.08 -1.02 3.5859407519810565e-7
7.08 -0.8799999999999999 1.5762731242968103e-5
7.08 -0.7400000000000002 0.0001873487206854735
7.08 -0.6000000000000001 0.0005902003545318159
7.08 -0.45999999999999996 0.0005141983789081078
7.08 -0.32000000000000006 0.00013231234080259073
7.08 -0.17999999999999994 9.810790017655049e-6
7.08 -0.039999999999999813 1.776703186679885e-7
7.08 0.10000000000000009 6.112318631349759e-10
7.08 0.2400000000000002 1.78761166484635e-13
7.08 1.6400000000000001 -7.884852972529147e-15
7.08 1.7800000000000002 9.414657287074946e-13
7.08 1.9200000000000004 6.973017512591354e-11
7.08 2.0599999999999996 2.830966246294422e-9
7.08 2.2 7.712580836236774e-8
7.08 2.34 1.415701111728247e-6
7.08 2.4800000000000004 1.6519783593072955e-5
7.08 2.62 0.00011245063108099278
7.08 2.7600000000000007 0.00040633469719006854
7.08 2.9 0.0007081075610784208
7.08 3.0399999999999996 0.0005276402256442627
7.08 3.18 0.00012737586477451317
7.08 3.32 -2.2560682876900353e-7
7.08 3.4600000000000004 1.884830761164185e-6
7.08 3.6 1.1188137754407837e-6
7.08 3.7399999999999993 1.0212330700449042e-7
7.08 3.88 3.0808644944007795e-9
7.08 4.02 3.610208489546411e-11
7.08 4.16 1.7328972949826714e-13
7.200000000000001 -1.3 7.578807772825442e-8
7.200000000000001 -1.1600000000000001 3.5269391926928666e-5
7.200000000000001 -1.02 0.004760136909151386
7.200000000000001 -0.8799999999999999 0.16956137141350877
7.200000000000001 -0.7400000000000002 1.5231566059861017
7.200000000000001 -0.6000000000000001 3.682863952835025
7.200000000000001 -0.45999999999999996 2.9296104673866292
7.200000000000001 -0.32000000000000006 0.8429662694128838
7.200000000000001 -0.17999999999999994 0.0725997551411893
7.200000000000001 -0.039999999999999813 0.001444906208603126
7.200000000000001 0.10000000000000009 5.377904239290985e-6
7.200000000000001 0.2400000000000002 3.330462459848068e-9
7.200000000000001 1.6400000000000001 1.460906863028115e-11
7.200000000000001 1.7800000000000002 5.508433343772436e-10
7.200000000000001 1.9200000000000004 1.909382921338913e-8
7.200000000000001 2.0599999999999996 5.937462168833086e-7
7.200000000000001 2.2 1.5898368350852064e-5
7.200000000000001 2.34 0.00034541854367770426
7.200000000000001 2.4800000000000004 0.005633464329056365
7.200000000000001 2.62 0.06283036608013694
7.200000000000001 2.7600000000000007 0.4330735665577028
7.200000000000001 2.9 1.6683385544288367
7.200000000000001 3.0399999999999996 3.2743193195812914
7.200000000000001 3.18 3.0259033246182767
7.200000000000001 3.32 1.2407418758295505
7.200000000000001 3.4600000000000004 0.2179060371316247
7.200000000000001 3.6 0.01623535510838951
7.200000000000001 3.7399999999999993 0.0005195529345128573
7.200000000000001 3.88 7.321823800740757e-6
7.200000000000001 4.02 4.6629735071900524e-8
7.200000000000001 4.16 1.3669296644419337e-10
7.32 -1.3 4.284970217136285e-13
7.32 -1.1600000000000001 1.7565850271576354e-10
7.32 -1.02 1.8532101212665967e-8
7.32 -0.8799999999999999 4.032066401667401e-7
7.32 -0.7400000000000002 1.8675412430090187e-6
7.32 -0.6000000000000001 1.3896138606460313e-5
7.32 -0.45999999999999996 4.1819337023195586e-5
7.32 -0.32000000000000006 2.2981664588750554e-5
7.32 -0.17999999999999994 2.5667097544295587e-6
7.32 -0.039999999999999813 5.6429339741505706e-8
7.32 0.10000000000000009 2.1863019001119007e-10
7.32 0.2400000000000002 1.4412047662887611e-13
7.32 1.6400000000000001 2.301789138849198e-13
7.32 1.7800000000000002 4.46026851670551e-12
7.32 1.9200000000000004 5.293024751006256e-11
7.32 2.0599999999999996 7.755772878183167e-11
7.32 2.2 -9.700930832643037e-9
7.32 2.34 -2.0079528643753325e-7
7.32 2.4800000000000004 -2.1681967324728276e-6
7.32 2.62 -1.146620397760537e-5
7.32 2.7600000000000007 -1.7979815861754706e-6
7.32 2.9 0.0002258254172801336
7.32 3.0399999999999996 0.0007270226269465141
7.32 3.18 0.0007355504668384184
7.32 3.32 0.00022324063456831688
7.32 3.4600000000000004 -5.542885052301993e-7
7.32 3.6 -5.994391333871337e-6
7.32 3.7399999999999993 -5.395567524743963e-7
7.32 3.88 -1.6074476551759328e-8
7.32 4.02 -1.8769123603579732e-10
7.32 4.16 -8.981416948712782e-13
7.799999999999999 -1.3 8.555953390876591e-14
7.799999999999999 -1.1600000000000001 2.371961013181295e-11
7.799999999999999 -1.02 1.5935312276036026e-9
7.799999999999999 -0.8799999999999999 3.102876240142502e-8
7.799999999999999 -0.7400000000000002 1.8781756344920023e-7
7.799999999999999 -0.6000000000000001 1.3328174788021795e-7
7.799999999999999 -0.45999999999999996 2.0219275404066753e-7
7.799999999999999 -0.32000000000000006 4.641444462524446e-8
7.799999999999999 -0.17999999999999994 -2.7219288447269272e-8
7.799999999999999 -0.039999999999999813 4.739163304512875e-9
7.799999999999999 0.10000000000000009 4.260043034394508e-10
7.799999999999999 0.2400000000000002 3.565006577093397e-12
7.799999999999999 1.6400000000000001 3.3265116191681734e-13
7.799999999999999 1.7800000000000002 6.812703330346438e-12
7.799999999999999 1.9200000000000004 1.0095812312671082e-10
7.799999999999999 2.0599999999999996 9.84870315136457e-10
7.799999999999999 2.2 6.006644745191911e-9
7.799999999999999 2.34 2.4618550249201665e-8
7.799999999999999 2.4800000000000004 8.478308889817637e-8
7.799999999999999 2.62 2.659062377867555e-7
7.799999999999999 2.7600000000000007 6.23126046543579e-7
7.799999999999999 2.9 9.253830030311465e-7
7.799999999999999 3.0399999999999996 8.00661760000134e-7
7.799999999999999 3.18 3.7840187931091677e-7
7.799999999999999 3.32 9.053556550048171e-8
7.799999999999999 3.4600000000000004 9.904539368903636e-9
7.799999999999999 3.6 4.335479101877769e-10
7.799999999999999 3.7399999999999993 6.482357585364854e-12
7.799999999999999 3.88 3.247688678813219e-14
7.799999999999999 4.02 1.368513454771194e-16
7.799999999999999 4.16 5.638140091109581e-19
7.92 -1.3 1.4191901584899265e-7
7.92 -1.1600000000000001 5.994410430620262e-5
7.92 -1.02 0.007099350926691849
7.92 -0.8799999999999999 0.21942753402774232
7.92 -0.7400000000000002 1.7554064894223056
7.92 -0.6000000000000001 3.977858034783508
7.92 -0.45999999999999996 3.0885488698999084
7.92 -0.32000000000000006 0.9674112364589481
7.92 -0.17999999999999994 0.12135610308427804
7.92 -0.039999999999999813 0.005653083890841062
7.92 0.10000000000000009 8.992273333257542e-5
7.92 0.2400000000000002 3.5647766572416476e-7
7.92 1.6400000000000001 6.531104916670048e-7
7.92 1.7800000000000002 1.527337933072885e-5
7.92 1.9200000000000004 0.00025835529251609114
7.92 2.0599999999999996 0.0030375008303565668
7.92 2.2 0.024683179211625116
7.92 2.34 0.14021508900072965
7.92 2.4800000000000004 0.5454126165349527
7.92 2.62 1.382603380617191
7.92 2.7600000000000007 2.2391790706001773
7.92 2.9 2.387739174148306
7.92 3.0399999999999996 1.704722202480817
7.92 3.18 0.7626627249329779
7.92 3.32 0.1878349525814795
7.92 3.4600000000000004 0.022099602247950968
7.92 3.6 0.00108436620979175
7.92 3.7399999999999993 1.948731019372177e-5
7.92 3.88 1.1381476227007583e-7
7.92 4.02 1.9578289946790735e-10
7.92 4.16 9.23497077905933e-14
8.04 -1.3 -6.225151389768118e-13
8.04 -1.1600000000000001 -1.3749974445223616e-10
8.04 -1.02 -4.165459322191899e-9
8.04 -0.8799999999999999 3.2395563164395904e-8
8.04 -0.7400000000000002 3.7248779587420493e-7
8.04 -0.6000000000000001 2.213299259450988e-6
8.04 -0.45999999999999996 1.361598376763595e-6
8.04 -0.32000000000000006 2.674635504894702e-6
8.04 -0.17999999999999994 1.3697306098900984e-6
8.04 -0.039999999999999813 7.06666056821857e-8
8.04 0.10000000000000009 -8.065685328352561e-10
8.04 0.2400000000000002 -1.5611165815435034e-11
8.04 1.6400000000000001 5.739519829099025e-12
8.04 1.7800000000000002 1.2662333204699048e-10
8.04 1.9200000000000004 1.999536596966689e-9
8.04 2.0599999999999996 2.0837915832558028e-8
8.04 2.2 1.3760152159470988e-7
8.04 2.34 5.819801852790808e-7
8.04 2.4800000000000004 1.592544434717998e-6
8.04 2.62 2.601231222049453e-6
8.04 2.7600000000000007 2.0758381705675496e-6
8.04 2.9 4.5099069862754626e-7
8.04 3.0399999999999996 -2.592948629151703e-7
8.04 3.18 -1.4310762468292923e-7
8.04 3.32 -2.015628396291474e-8
8.04 3.4600000000000004 -1.1603831562875199e-10
8.04 3.6 9.985306689460972e-11
8.04 3.7399999999999993 3.5343213610547675e-12
8.04 3.88 3.23344593673296e-14
8.04 4.02 1.0904058439411833e-16
8.04 4.16 1.680113668482782e-19
9.36 -1.3 -1.254623813298765e-22
9.36 -1.1600000000000001 -3.894107054681052e-20
9.36 -1.02 -2.9905059333669602e-18
9.36 -0.8799999999999999 -5.0681369810671865e-17
9.36 -0.7400000000000002 -1.6339362788649413e-16
9.36 -0.6000000000000001 1.0918923087343597e-16
9.36 -0.45999999999999996 1.418320723710236e-16
9.36 -0.32000000000000006 -7.110999983413503e-17
9.36 -0.17999999999999994 -1.228655788312161e-17
9.36 -0.039999999999999813 -8.028917985737273e-19
9.36 0.10000000000000009 -4.270316202791656e-20
9.36 0.2400000000000002 -2.705768245927086e-22
9.36 1.6400000000000001 3.8926003100593314e-10
9.36 1.7800000000000002 2.3027864842604985e-9
9.36 1.9200000000000004 9.546070349689035e-9
9.36 2.0599999999999996 2.937959959667923e-8
9.36 2.2 5.0686226046865956e-8
9.36 2.34 4.576857808698039e-8
9.36 2.4800000000000004 1.4874322489358362e-7
9.36 2.62 9.238737725095069e-7
9.36 2.7600000000000007 3.5409253682457035e-6
9.36 2.9 8.903915268186082e-6
9.36 3.0399999999999996 1.427927022751737e-5
9.36 3.18 1.3327755438710071e-5
9.36 3.32 6.607349289328632e-6
9.36 3.4600000000000004 1.6148516821507565e-6
9.36 3.6 1.8672278777488553e-7
9.36 3.7399999999999993 1.0342846616560577e-8
9.36 3.88 2.9302192132773196e-10
9.36 4.02 4.541753256912801e-12
9.36 4.16 3.807551082851532e-14
9.48 -1.3 -6.000019662632274e-22
9.48 -1.1600000000000001 -1.419244549674689e-19
9.48 -1.02 -8.477519713572173e-18
9.48 -0.8799999999999999 -7.701946605625302e-17
9.48 -0.7400000000000002 -7.364619222963974e-17
9.48 -0.6000000000000001 7.070223292711663e-17
9.48 -0.45999999999999996 1.0642707550660866e-16
9.48 -0.32000000000000006 -4.6619806771366416e-17
9.48 -0.17999999999999994 4.621071213014299e-18
9.48 -0.039999999999999813 -2.3387093829839168e-18
9.48 0.10000000000000009 -2.099372830653684e-19
9.48 0.2400000000000002 3.561782758494753e-21
9.48 1.6400000000000001 1.9303925238405296e-8
9.48 1.7800000000000002 1.1420800509606107e-7
9.48 1.9200000000000004 4.7370070083816775e-7
9.48 2.0599999999999996 1.4634264957368447e-6
9.48 2.2 2.610105546479821e-6
9.48 2.34 3.2313714463689956e-6
9.48 2.4800000000000004 1.387350625070423e-5
9.48 2.62 7.61428168815019e-5
9.48 2.7600000000000007 0.00027261602981901693
9.48 2.9 0.0006515169854321561
9.48 3.0399999999999996 0.0010119634406592721
9.48 3.18 0.0009311388713597676
9.48 3.32 0.000454896898681052
9.48 3.4600000000000004 0.00010857984977417974
9.48 3.6 1.2196902836503456e-5
9.48 3.7399999999999993 6.541336406778394e-7
9.48 3.88 1.767291836140768e-8
9.48 4.02 2.5256601303501293e-10
9.48 4.16 1.9027385364890346e-12
9.6 -1.3 -1.0472549957229967e-21
9.6 -1.1600000000000001 -8.977273294747494e-20
9.6 -1.02 -4.9482403368280205e-18
9.6 -0.8799999999999999 -4.6126787422649085e-17
9.6 -0.7400000000000002 -6.258797462636682e-17
9.6 -0.6000000000000001 5.2332370159678004e-17
9.6 -0.45999999999999996 7.554790766650648e-17
9.6 -0.32000000000000006 -3.4426753025144173e-17
9.6 -0.17999999999999994 2.9127099326888505e-19
9.6 -0.039999999999999813 -1.4291641861584025e-18
9.6 0.10000000000000009 -1.1040044914349917e-19
9.6 0.2400000000000002 9.111439323437413e-20
9.6 1.6400000000000001 1.8763188822493845e-7
9.6 1.7800000000000002 1.1113035347099728e-6
9.6 1.9200000000000004 4.633299779842422e-6
9.6 2.0599999999999996 1.4697428085044067e-5
9.6 2.2 3.118134834479688e-5
9.6 2.34 8.316304146865187e-5
9.6 2.4800000000000004 0.0004604883387067384
9.6 2.62 0.002184410339964207
9.6 2.7600000000000007 0.007208456683374121
9.6 2.9 0.016540551198358185
9.6 3.0399999999999996 0.02517083223361487
9.6 3.18 0.022779659290922846
9.6 3.32 0.010873244682358734
9.6 3.4600000000000004 0.002516500954082884
9.6 3.6 0.00027254187711922925
9.6 3.7399999999999993 1.3934024196179693e-5
9.6 3.88 3.482212455087589e-7
9.6 4.02 4.380975153917506e-9
9.6 4.16 2.7864214324994132e-11
9.719999999999999 -1.3 -2.595860897236255e-22
9.719999999999999 -1.1600000000000001 -3.4958127161320507e-19
9.719999999999999 -1.02 -1.2038368572556612e-17
9.719999999999999 -0.8799999999999999 -8.243875331645369e-17
9.719999999999999 -0.7400000000000002 -3.2137743246445164e-17
9.719999999999999 -0.6000000000000001 4.950000046011796e-17
9.719999999999999 -0.45999999999999996 8.703913661788608e-17
9.719999999999999 -0.32000000000000006 -3.345903246703236e-17
9.719999999999999 -0.17999999999999994 1.1147133220790933e-17
9.719999999999999 -0.039999999999999813 -3.189536403175301e-18
9.719999999999999 0.10000000000000009 -2.6368131957147484e-19
9.719999999999999 0.2400000000000002 2.0927366707556015e-19
9.719999999999999 1.6400000000000001 4.5655275542688695e-8
9.719999999999999 1.7800000000000002 3.0531408458993083e-7
9.719999999999999 1.9200000000000004 1.9257567194291853e-6
9.719999999999999 2.0599999999999996 1.5378833151630325e-5
9.719999999999999 2.2 0.0001370643362422833
9.719999999999999 2.34 0.0010724904527047209
9.719999999999999 2.4800000000000004 0.0062630533615498345
9.719999999999999 2.62 0.02601627615527214
9.719999999999999 2.7600000000000007 0.07775336316263173
9.719999999999999 2.9 0.1683540879388026
9.719999999999999 3.0399999999999996 0.24729494685656678
9.719999999999999 3.18 0.21611061553269184
9.719999999999999 3.32 0.09903786068112481
9.719999999999999 3.4600000000000004 0.021921716199004466
9.719999999999999 3.6 0.002257230581889568
9.719999999999999 3.7399999999999993 0.00010771420653415232
9.719999999999999 3.88 2.4130457805985347e-6
9.719999999999999 4.02 2.5668782739451418e-8
9.719999999999999 4.16 1.3014786441819035e-10
9.84 -1.3 -5.338112829004776e-21
9.84 -1.1600000000000001 -3.16114428960006e-19
9.84 -1.02 -3.884116839629934e-18
9.84 -0.8799999999999999 4.6226754940015414e-18
9.84 -0.7400000000000002 5.739911827361081e-17
9.84 -0.6000000000000001 -3.683968448422256e-17
9.84 -0.45999999999999996 -3.252932464580534e-17
9.84 -0.32000000000000006 2.228346323224633e-17
9.84 -0.17999999999999994 7.322947678870194e-18
9.84 -0.039999999999999813 3.746868288752231e-18
9.84 0.10000000000000009 -3.355027973633635e-20
9.84 0.2400000000000002 -2.5628932912070414e-18
9.84 1.6400000000000001 8.573602134637581e-7
9.84 1.7800000000000002 5.398405969247582e-6
9.84 1.9200000000000004 2.8852134051694042e-5
9.84 2.0599999999999996 0.00017730849212983432
9.84 2.2 0.0012446916097989425
9.84 2.34 0.008321879799728872
9.84 2.4800000000000004 0.04251812771200426
9.84 2.62 0.15246114656054824
9.84 2.7600000000000007 0.3922273087276808
9.84 2.9 0.7553405776202358
9.84 3.0399999999999996 1.0274642133716771
9.84 3.18 0.8441708616862983
9.84 3.32 0.36278686395913684
9.84 3.4600000000000004 0.07478611247501254
9.84 3.6 0.007094894416042258
9.84 3.7399999999999993 0.000305309498947105
9.84 3.88 5.945559691744004e-6
9.84 4.02 5.242494421742376e-8
9.84 4.16 2.0986144329684896e-10
9.96 -1.3 -2.1449444352745645e-20
9.96 -1.1600000000000001 1.7526952899382014e-18
9.96 -1.02 7.18900684125031e-18
9.96 -0.8799999999999999 1.1599837527425478e-17
9.96 -0.7400000000000002 5.133016833824282e-17
9.96 -0.6000000000000001 -4.6698620078148045e-17
9.96 -0.45999999999999996 -3.95598603180498e-17
9.96 -0.32000000000000006 2.5531949575063494e-17
9.96 -0.17999999999999994 7.061620562891824e-18
9.96 -0.039999999999999813 1.5642747837699497e-17
9.96 0.10000000000000009 -1.0686633777405356e-20
9.96 0.2400000000000002 -1.0966148824850683e-17
9.96 1.6400000000000001 4.546202938884589e-6
9.96 1.7800000000000002 2.8750339539666715e-5
9.96 1.9200000000000004 0.0001564129353890983
9.96 2.0599999999999996 0.0009544208295446001
9.96 2.2 0.00608515500159568
9.96 2.34 0.03503639750988039
9.96 2.4800000000000004 0.15231778455093065
9.96 2.62 0.4531976223056
9.96 2.7600000000000007 0.9444056899228385
9.96 2.9 1.524602359587694
9.96 3.0399999999999996 1.8686069784184265
9.96 3.18 1.4227568532599266
9.96 3.32 0.5589388680559506
9.96 3.4600000000000004 0.10289825662259301
9.96 3.6 0.00852850192564334
9.96 3.7399999999999993 0.0003132031265969431
9.96 3.88 5.06045562402692e-6
9.96 4.02 3.5874092052419055e-8
9.96 4.16 1.1186602339738667e-10
10.08 -1.3 -2.801168269991492e-21
10.08 -1.1600000000000001 3.2127816483888182e-18
10.08 -1.02 1.9913114093057994e-17
10.08 -0.8799999999999999 -4.4745501693213194e-18
10.08 -0.7400000000000002 -1.8166637293671627e-17
10.08 -0.6000000000000001 -8.050923550066981e-18
10.08 -0.45999999999999996 3.945196424662108e-18
10.08 -0.32000000000000006 -9.289395941765989e-19
10.08 -0.17999999999999994 1.2888238710890675e-18
10.08 -0.039999999999999813 1.3497272695964683e-17
10.08 0.10000000000000009 -1.1390720447415159e-20
10.08 0.2400000000000002 -1.2519779940033878e-17
10.08 1.6400000000000001 6.820642810847186e-6
10.08 1.7800000000000002 4.561904168913125e-5
10.08 1.9200000000000004 0.00028814159671895957
10.08 2.0599999999999996 0.00202790884937175
10.08 2.2 0.012863244086731005
10.08 2.34 0.06491999612877516
10.08 2.4800000000000004 0.23904039491052853
10.08 2.62 0.5935349003945207
10.08 2.7600000000000007 1.0102078704289597
10.08 2.9 1.3816615512371948
10.08 3.0399999999999996 1.5465657755064732
10.08 3.18 1.082103301496915
10.08 3.32 0.37626333015789953
10.08 3.4600000000000004 0.058988003822551205
10.08 3.6 0.004039559177095344
10.08 3.7399999999999993 0.00011956902408147825
10.08 3.88 1.5230689587758705e-6
10.08 4.02 8.35634829657957e-9
10.08 4.16 1.9881553324835305e-11
10.2 -1.3 -3.0372087585974054e-21
10.2 -1.1600000000000001 1.1466680004165473e-18
10.2 -1.02 1.1473187456232009e-17
10.2 -0.8799999999999999 -1.118144356025149e-17
10.2 -0.7400000000000002 -6.141776091199687e-17
10.2 -0.6000000000000001 2.9835783242345466e-17
10.2 -0.45999999999999996 4.070763503158769e-17
10.2 -0.32000000000000006 -2.155716404262005e-17
10.2 -0.17999999999999994 -5.0134481608335055e-18
10.2 -0.039999999999999813 2.3480417984160732e-18
10.2 0.10000000000000009 7.995430840754701e-21
10.2 0.2400000000000002 -4.347939047659692e-18
10.2 1.6400000000000001 2.9545651913517322e-6
10.2 1.7800000000000002 2.269704029341996e-5
10.2 1.9200000000000004 0.00018618103914190876
10.2 2.0599999999999996 0.001549088701365736
10.2 2.2 0.009767696292028085
10.2 2.34 0.0433061138714687
10.2 2.4800000000000004 0.13478650484902555
10.2 2.62 0.28402072806232403
10.2 2.7600000000000007 0.41333233369624717
10.2 2.9 0.5120437417688379
10.2 3.0399999999999996 0.5424708505000599
10.2 3.18 0.3441631274078728
10.2 3.32 0.10288428821376822
10.2 3.4600000000000004 0.013342086784591898
10.2 3.6 0.0007332292227063585
10.2 3.7399999999999993 1.6877066025286903e-5
10.2 3.88 1.6024001601959014e-7
10.2 4.02 6.075293339035226e-10
10.2 4.16 7.968080266028079e-13
10.32 -1.3 1.4785145234073766e-21
10.32 -1.1600000000000001 1.084149841432646e-19
10.32 -1.02 2.1224015419301997e-18
10.32 -0.8799999999999999 -4.830004987202822e-18
10.32 -0.7400000000000002 -4.920413315946145e-17
10.32 -0.6000000000000001 2.7801711723467465e-17
10.32 -0.45999999999999996 3.367565427374816e-17
10.32 -0.32000000000000006 -1.8209714424031714e-17
10.32 -0.17999999999999994 -5.5334205504742244e-18
10.32 -0.039999999999999813 7.927565976706541e-20
10.32 0.10000000000000009 2.3516705709125875e-20
10.32 0.2400000000000002 -4.435922558183656e-19
10.32 1.6400000000000001 3.7775235219794314e-7
10.32 1.7800000000000002 3.600850528279051e-6
10.32 1.9200000000000004 3.810128386848933e-5
10.32 2.0599999999999996 0.0003494468389478167
10.32 2.2 0.0021447976761627035
10.32 2.34 0.008479735032031581
10.32 2.4800000000000004 0.022602487109401274
10.32 2.62 0.041320697811565894
10.32 2.7600000000000007 0.05404484600701229
10.32 2.9 0.06413765191436178
10.32 3.0399999999999996 0.06503215304659364
10.32 3.18 0.03699626814054683
10.32 3.32 0.009442750546218999
10.32 3.4600000000000004 0.00101287496447301
10.32 3.6 4.4679600863776496e-5
10.32 3.7399999999999993 7.765603721570755e-7
10.32 3.88 4.417603030758265e-9
10.32 4.02 -4.080634108469197e-12
10.32 4.16 -9.702094841403225e-14
10.44 -1.3 3.161430277779421e-22
10.44 -1.1600000000000001 4.379617130022455e-21
10.44 -1.02 5.727360366684429e-19
10.44 -0.8799999999999999 1.7489076361177254e-17
10.44 -0.7400000000000002 7.931259134022848e-17
10.44 -0.6000000000000001 -5.0210729518492484e-17
10.44 -0.45999999999999996 -6.329857855331999e-17
10.44 -0.32000000000000006 3.261929039640116e-17
10.44 -0.17999999999999994 7.301724867782058e-18
10.44 -0.039999999999999813 1.2297697882729537e-19
10.44 0.10000000000000009 -4.3132072141840664e-21
10.44 0.2400000000000002 -1.3034846414117712e-20
10.44 1.6400000000000001 4.605341477603433e-8
10.44 1.7800000000000002 3.5301574866078756e-7
10.44 1.9200000000000004 2.7991763711160564e-6
10.44 2.0599999999999996 2.153752814329617e-5
10.44 2.2 0.00011787608793938984
10.44 2.34 0.00041434977304510384
10.44 2.4800000000000004 0.0009640332311759001
10.44 2.62 0.0015691585339846666
10.44 2.7600000000000007 0.001935577427206309
10.44 2.9 0.002276111827854594
10.44 3.0399999999999996 0.002189949060004744
10.44 3.18 0.0011118608412231763
10.44 3.32 0.00024400326292024107
10.44 3.4600000000000004 2.1816613401147153e-5
10.44 3.6 7.572762914908118e-7
10.44 3.7399999999999993 8.009639666298201e-9
10.44 3.88 -4.303798957718024e-11
10.44 4.02 -1.1488036859422255e-12
10.44 4.16 -6.281798932427878e-15
10.56 -1.3 2.6471233724836824e-22
10.56 -1.1600000000000001 7.077392635691606e-20
10.56 -1.02 3.8036839660550296e-18
10.56 -0.8799999999999999 1.9590066646209163e-17
10.56 -0.7400000000000002 -5.494904346004003e-17
10.56 -0.6000000000000001 2.218707538053459e-17
10.56 -0.45999999999999996 1.8966991112772813e-17
10.56 -0.32000000000000006 -1.406254952760997e-17
10.56 -0.17999999999999994 -1.100180708996373e-17
10.56 -0.039999999999999813 1.0610161168016781e-18
10.56 0.10000000000000009 1.145837521653603e-19
10.56 0.2400000000000002 8.796879995745912e-22
10.56 1.6400000000000001 1.3409641232919617e-9
10.56 1.7800000000000002 8.944506583779842e-9
10.56 1.9200000000000004 5.3614968996908066e-8
10.56 2.0599999999999996 3.213941241044714e-7
10.56 2.2 1.4907652589232847e-6
10.56 2.34 4.627725129447649e-6
10.56 2.4800000000000004 9.550453051939743e-6
10.56 2.62 1.4178766854609942e-5
10.56 2.7600000000000007 1.7213700791114754e-5
10.56 2.9 2.0529312048384588e-5
10.56 3.0399999999999996 1.867410179373753e-5
10.56 3.18 8.534732296358265e-6
10.56 3.32 1.6414339677576004e-6
10.56 3.4600000000000004 1.2091367604415777e-7
10.56 3.6 2.352514242949742e-9
10.56 3.7399999999999993 -6.780935190878452e-11
10.56 3.88 -3.035251598844102e-12
10.56 4.02 -4.064070467257764e-14
10.56 4.16 -2.811884458175709e-16
