0.33999999999999997 0.0148 -3.4967202083685584e-16
0.33999999999999997 0.015600000000000001 -2.768881881577791e-13
0.33999999999999997 0.016399999999999998 9.406728827337256e-12
0.33999999999999997 0.0172 3.5614772471604556e-9
0.33999999999999997 0.018000000000000002 9.641458769214408e-8
0.33999999999999997 0.0188 8.205521110018178e-7
0.33999999999999997 0.0196 2.978257091907457e-6
0.33999999999999997 0.0204 5.4859601416005114e-6
0.33999999999999997 0.021200000000000004 5.73523633025344e-6
0.33999999999999997 0.022 3.4893589669412772e-6
0.33999999999999997 0.0228 1.156610439918935e-6
0.33999999999999997 0.0236 5.256280105811938e-10
0.33999999999999997 0.024399999999999998 -2.479979824548945e-7
0.33999999999999997 0.025200000000000004 -1.0003992347078108e-7
0.33999999999999997 0.026000000000000002 4.964224639723402e-10
0.33999999999999997 0.0268 1.5707060486062375e-8
0.33999999999999997 0.027600000000000003 1.834163721952176e-8
0.33999999999999997 0.0284 5.948247766816515e-9
0.33999999999999997 0.0292 9.486535694082553e-10
0.33999999999999997 0.030000000000000002 -1.6875570602271616e-9
0.33999999999999997 0.0308 -2.0387775004153277e-9
0.33999999999999997 0.0316 -1.595897738967245e-9
0.33999999999999997 0.032400000000000005 -1.0486941641649013e-9
0.33999999999999997 0.0332 -5.344864849670079e-10
0.35 0.0148 -3.450839877882963e-14
0.35 0.015600000000000001 -2.6186069849085177e-11
0.35 0.016399999999999998 1.375346432219316e-9
0.35 0.0172 3.7158963400851496e-7
0.35 0.018000000000000002 9.584137473793029e-6
0.35 0.0188 7.915854719131814e-5
0.35 0.0196 0.00027863027140602903
0.35 0.0204 0.0004962748776862076
0.35 0.021200000000000004 0.0004974550966726853
0.35 0.022 0.0002880723753973843
0.35 0.0228 9.96090644386009e-5
0.35 0.0236 1.069237232738364e-5
0.35 0.024399999999999998 -1.4016082113436154e-5
0.35 0.025200000000000004 -9.407495659563276e-6
0.35 0.026000000000000002 -6.434831054512315e-6
0.35 0.0268 -4.949027275825835e-6
0.35 0.027600000000000003 -2.819594287779317e-6
0.35 0.0284 -1.9812472065547944e-6
0.35 0.0292 -1.178316174589942e-6
0.35 0.030000000000000002 -7.35416628376972e-7
0.35 0.0308 -4.363420551235089e-7
0.35 0.0316 -2.521075905772104e-7
0.35 0.032400000000000005 -1.4244815114247015e-7
0.35 0.0332 -6.827061660046998e-8
0.36 0.0148 -1.7471938398349703e-12
0.36 0.015600000000000001 -1.156763002057308e-9
0.36 0.016399999999999998 1.4779403472271974e-7
0.36 0.0172 2.3839647323137e-5
0.36 0.018000000000000002 0.0005653756381151694
0.36 0.0188 0.0044616222032036945
0.36 0.0196 0.015074897490915253
0.36 0.0204 0.02572572536841824
0.36 0.021200000000000004 0.024459653227384415
0.36 0.022 0.013339215007071746
0.36 0.0228 0.005100958104832236
0.36 0.0236 0.0014679922991227726
0.36 0.024399999999999998 -3.4602948220493306e-5
0.36 0.025200000000000004 -0.00043524634278549175
0.36 0.026000000000000002 -0.0007165671982380272
0.36 0.0268 -0.0006486477861850651
0.36 0.027600000000000003 -0.00042702320545878454
0.36 0.0284 -0.00025967273249427364
0.36 0.0292 -0.00013953907972922056
0.36 0.030000000000000002 -7.394369010087321e-5
0.36 0.0308 -3.786120769532065e-5
0.36 0.0316 -1.946427261931275e-5
0.36 0.032400000000000005 -1.0162728619156402e-5
0.36 0.0332 -4.686606462565031e-6
0.37 0.0148 -4.501735055107336e-11
0.37 0.015600000000000001 -2.3317917003729986e-8
0.37 0.016399999999999998 6.8762239617407425e-6
0.37 0.0172 0.0008191870988730186
0.37 0.018000000000000002 0.018059477298294345
0.37 0.0188 0.13675120573838534
0.37 0.0196 0.4455017958460262
0.37 0.0204 0.7317681347895773
0.37 0.021200000000000004 0.6635237015492954
0.37 0.022 0.344468512611696
0.37 0.0228 0.1525252439920085
0.37 0.0236 0.07353602574175158
0.37 0.024399999999999998 0.02220056815403923
0.37 0.025200000000000004 -0.008501472323289155
0.37 0.026000000000000002 -0.029310918299927432
0.37 0.0268 -0.02826213861279466
0.37 0.027600000000000003 -0.019323072746553864
0.37 0.0284 -0.011413332995685551
0.37 0.0292 -0.005984829099800941
0.37 0.030000000000000002 -0.0030209946091532968
0.37 0.0308 -0.00146526649406993
0.37 0.0316 -0.0007154483149889822
0.37 0.032400000000000005 -0.00035882751406817636
0.37 0.0332 -0.00016197064720303918
0.38 0.0148 -4.706534505127361e-10
0.38 0.015600000000000001 -6.064384146314066e-8
0.38 0.016399999999999998 0.00016066367066031105
0.38 0.0172 0.014725415253502116
0.38 0.018000000000000002 0.3002823372767498
0.38 0.0188 2.1792378626913425
0.38 0.0196 6.874552352778517
0.38 0.0204 10.969129328967641
0.38 0.021200000000000004 9.661327159249366
0.38 0.022 4.970915287729509
0.38 0.0228 2.6194875325168674
0.38 0.0236 1.6659734908199804
0.38 0.024399999999999998 0.728855857457983
0.38 0.025200000000000004 -0.011722288696899183
0.38 0.026000000000000002 -0.5017306218184281
0.38 0.0268 -0.5139730447709483
0.38 0.027600000000000003 -0.3601726558636993
0.38 0.0284 -0.21078518789537967
0.38 0.0292 -0.10942248225197539
0.38 0.030000000000000002 -0.05401150033026377
0.38 0.0308 -0.025500047827626264
0.38 0.0316 -0.012121073641441257
0.38 0.032400000000000005 -0.005949150018916622
0.38 0.0332 -0.0026525128073199406
0.38999999999999996 0.0148 -9.882330561478463e-10
0.38999999999999996 0.015600000000000001 2.8754782106840013e-6
0.38999999999999996 0.016399999999999998 0.0018035412796255322
0.38999999999999996 0.0172 0.1338416850958225
0.38999999999999996 0.018000000000000002 2.5238124924233127
0.38999999999999996 0.0188 17.55064632394173
0.38999999999999996 0.0196 53.92742489621834
0.38999999999999996 0.0204 84.76321921592913
0.38999999999999996 0.021200000000000004 74.82686943914536
0.38999999999999996 0.022 40.85540017315727
0.38999999999999996 0.0228 25.480930070899355
0.38999999999999996 0.0236 18.303159029321986
0.38999999999999996 0.024399999999999998 9.24884827557542
0.38999999999999996 0.025200000000000004 1.4084910547705
0.38999999999999996 0.026000000000000002 -3.621171564455322
0.38999999999999996 0.0268 -4.080462632783624
0.38999999999999996 0.027600000000000003 -2.94032503862391
0.38999999999999996 0.0284 -1.718108468823698
0.38999999999999996 0.0292 -0.8861928058286417
0.38999999999999996 0.030000000000000002 -0.43067981472679656
0.38999999999999996 0.0308 -0.19950318153238997
0.38999999999999996 0.0316 -0.09314465566599119
0.38999999999999996 0.032400000000000005 -0.045109214800169585
0.38999999999999996 0.0332 -0.0199496441605114
0.39999999999999997 0.0148 1.1579196937409677e-8
0.39999999999999997 0.015600000000000001 2.943577379979753e-5
0.39999999999999997 0.016399999999999998 0.009734645405728656
0.39999999999999997 0.0172 0.6035530072072854
0.39999999999999997 0.018000000000000002 10.506172139499773
0.39999999999999997 0.0188 70.00329647866118
0.39999999999999997 0.0196 211.8190284689417
0.39999999999999997 0.0204 336.9998762852633
0.39999999999999997 0.021200000000000004 316.1789230775831
0.39999999999999997 0.022 202.3248557525557
0.39999999999999997 0.0228 143.87582699358074
0.39999999999999997 0.0236 104.67110359155028
0.39999999999999997 0.024399999999999998 57.02707512179477
0.39999999999999997 0.025200000000000004 16.856617002790802
0.39999999999999997 0.026000000000000002 -7.830702093973359
0.39999999999999997 0.0268 -12.431168476172534
0.39999999999999997 0.027600000000000003 -9.600393434723998
0.39999999999999997 0.0284 -5.664708534902747
0.39999999999999997 0.0292 -2.896876410486157
0.39999999999999997 0.030000000000000002 -1.3769224965341846
0.39999999999999997 0.0308 -0.620844630587773
0.39999999999999997 0.0316 -0.28380635597409365
0.39999999999999997 0.032400000000000005 -0.13612776750324368
0.39999999999999997 0.0332 -0.059679672359972145
0.41000000000000003 0.0148 6.188484433078489e-8
0.41000000000000003 0.015600000000000001 0.0001015375822425803
0.41000000000000003 0.016399999999999998 0.0248339172536651
0.41000000000000003 0.0172 1.3239620165930865
0.41000000000000003 0.018000000000000002 21.334194414169264
0.41000000000000003 0.0188 137.03462174902648
0.41000000000000003 0.0196 418.428963768023
0.41000000000000003 0.0204 708.6461133464237
0.41000000000000003 0.021200000000000004 767.6209920302472
0.41000000000000003 0.022 619.3998373344176
0.41000000000000003 0.0228 482.92378445945315
0.41000000000000003 0.0236 342.9514915092706
0.41000000000000003 0.024399999999999998 198.58914803409493
0.41000000000000003 0.025200000000000004 85.59882362889171
0.41000000000000003 0.026000000000000002 18.284641604987844
0.41000000000000003 0.0268 -4.139059352135845
0.41000000000000003 0.027600000000000003 -7.497381612372155
0.41000000000000003 0.0284 -4.959681833384684
0.41000000000000003 0.0292 -2.4658509958423647
0.41000000000000003 0.030000000000000002 -1.0397704978725877
0.41000000000000003 0.0308 -0.39022833818522695
0.41000000000000003 0.0316 -0.15092492199703236
0.41000000000000003 0.032400000000000005 -0.06876195617814537
0.41000000000000003 0.0332 -0.027506096234961912
0.42000000000000004 0.0148 9.204403640690454e-8
0.42000000000000004 0.015600000000000001 0.000131260362669573
0.42000000000000004 0.016399999999999998 0.02745908650062699
0.42000000000000004 0.0172 1.3342657063577243
0.42000000000000004 0.018000000000000002 20.81807626689128
0.42000000000000004 0.0188 136.3375674457637
0.42000000000000004 0.0196 455.68154939410533
0.42000000000000004 0.0204 906.43567918429
0.42000000000000004 0.021200000000000004 1228.8829319196495
0.42000000000000004 0.022 1249.6991985462475
0.42000000000000004 0.0228 1053.0489448490853
0.42000000000000004 0.0236 756.5250053657195
0.42000000000000004 0.024399999999999998 472.62109894965715
0.42000000000000004 0.025200000000000004 257.19573867816007
0.42000000000000004 0.026000000000000002 121.99915871730563
0.42000000000000004 0.0268 53.6469578630756
0.42000000000000004 0.027600000000000003 22.010972205138795
0.42000000000000004 0.0284 9.466092004763325
0.42000000000000004 0.0292 4.300217100011703
0.42000000000000004 0.030000000000000002 2.113833988191862
0.42000000000000004 0.0308 1.0582542431169208
0.42000000000000004 0.0316 0.5216014996346039
0.42000000000000004 0.032400000000000005 0.2466541430149737
0.42000000000000004 0.0332 0.11189543897414306
0.43000000000000005 0.0148 4.046627341666683e-8
0.43000000000000005 0.015600000000000001 5.8685794677164464e-5
0.43000000000000005 0.016399999999999998 0.012702987509332067
0.43000000000000005 0.0172 0.6774626487750472
0.43000000000000005 0.018000000000000002 12.193201222165596
0.43000000000000005 0.0188 95.51360530851173
0.43000000000000005 0.0196 388.63907151562603
0.43000000000000005 0.0204 939.1895392558934
0.43000000000000005 0.021200000000000004 1522.9942097545998
0.43000000000000005 0.022 1811.302578673892
0.43000000000000005 0.0228 1702.6927810107718
0.43000000000000005 0.0236 1343.237362439935
0.43000000000000005 0.024399999999999998 924.0601134890014
0.43000000000000005 0.025200000000000004 566.9941882935219
0.43000000000000005 0.026000000000000002 309.0093251430424
0.43000000000000005 0.0268 153.71356096879126
0.43000000000000005 0.027600000000000003 69.44905415518285
0.43000000000000005 0.0284 29.154009184869626
0.43000000000000005 0.0292 11.374891864569792
0.43000000000000005 0.030000000000000002 4.213747509000397
0.43000000000000005 0.0308 1.4838367646256294
0.43000000000000005 0.0316 0.5148828199998186
0.43000000000000005 0.032400000000000005 0.17493145508877503
0.43000000000000005 0.0332 0.056830482924398525
0.43999999999999995 0.0148 1.9005088817627512e-8
0.43999999999999995 0.015600000000000001 3.124312785433401e-5
0.43999999999999995 0.016399999999999998 0.00759302050076602
0.43999999999999995 0.0172 0.44287348300970575
0.43999999999999995 0.018000000000000002 8.683920513560238
0.43999999999999995 0.0188 74.09686026419136
0.43999999999999995 0.0196 327.0770681179036
0.43999999999999995 0.0204 867.0051693694118
0.43999999999999995 0.021200000000000004 1563.7880383171662
0.43999999999999995 0.022 2108.0127812462974
0.43999999999999995 0.0228 2255.037228867474
0.43999999999999995 0.0236 1998.0083184679265
0.43999999999999995 0.024399999999999998 1516.8342268192305
0.43999999999999995 0.025200000000000004 1005.8640303408393
0.43999999999999995 0.026000000000000002 586.8007702887913
0.43999999999999995 0.0268 307.20922561183136
0.43999999999999995 0.027600000000000003 145.42929669110904
0.43999999999999995 0.0284 62.50704480751309
0.43999999999999995 0.0292 24.758896738698308
0.43999999999999995 0.030000000000000002 8.983060864939082
0.43999999999999995 0.0308 2.940257055313983
0.43999999999999995 0.0316 0.8595602280851861
0.43999999999999995 0.032400000000000005 0.216915873221013
0.43999999999999995 0.0332 0.035929166582441004
0.44999999999999996 0.0148 2.3531300105011595e-8
0.44999999999999996 0.015600000000000001 3.3320088680731716e-5
0.44999999999999996 0.016399999999999998 0.006716912649729723
0.44999999999999996 0.0172 0.32730939323435876
0.44999999999999996 0.018000000000000002 5.6709401190334106
0.44999999999999996 0.0188 46.12826778952153
0.44999999999999996 0.0196 213.99044953842736
0.44999999999999996 0.0204 640.235848098431
0.44999999999999996 0.021200000000000004 1343.572315592068
0.44999999999999996 0.022 2088.594449861475
0.44999999999999996 0.0228 2522.108134767692
0.44999999999999996 0.0236 2486.730915370444
0.44999999999999996 0.024399999999999998 2073.1626823627535
0.44999999999999996 0.025200000000000004 1489.2165248729725
0.44999999999999996 0.026000000000000002 941.1588906596778
0.44999999999999996 0.0268 529.5547211391342
0.44999999999999996 0.027600000000000003 267.22564040930496
0.44999999999999996 0.0284 121.30617800589079
0.44999999999999996 0.0292 49.645475111928846
0.44999999999999996 0.030000000000000002 18.183027781075452
0.44999999999999996 0.0308 5.855110521294724
0.44999999999999996 0.0316 1.583958493358841
0.44999999999999996 0.032400000000000005 0.2977223811373436
0.44999999999999996 0.0332 -0.009659433566738483
0.45999999999999996 0.0148 5.543934086217476e-9
0.45999999999999996 0.015600000000000001 7.572592787794535e-6
0.45999999999999996 0.016399999999999998 0.0014708421842988505
0.45999999999999996 0.0172 0.07280988720276088
0.45999999999999996 0.018000000000000002 1.4322529306618899
0.45999999999999996 0.0188 14.965372968484202
0.45999999999999996 0.0196 94.2725252190139
0.45999999999999996 0.0204 370.11936101182147
0.45999999999999996 0.021200000000000004 965.7749008924828
0.45999999999999996 0.022 1763.5584741989614
0.45999999999999996 0.0228 2419.4330960132784
0.45999999999999996 0.0236 2666.165779865846
0.45999999999999996 0.024399999999999998 2441.0814213445115
0.45999999999999996 0.025200000000000004 1920.9405489927399
0.45999999999999996 0.026000000000000002 1321.6233413458122
0.45999999999999996 0.0268 810.88175807229
0.45999999999999996 0.027600000000000003 449.17372362784596
0.45999999999999996 0.0284 225.74556360900954
0.45999999999999996 0.0292 104.07692444762449
0.45999999999999996 0.030000000000000002 44.5789996948555
0.45999999999999996 0.0308 18.018569118152534
0.45999999999999996 0.0316 6.880878932859683
0.45999999999999996 0.032400000000000005 2.469766965345103
0.45999999999999996 0.0332 0.8497060924306004
0.47 0.0148 2.457300704180305e-10
0.47 0.015600000000000001 1.8378730404973478e-7
0.47 0.016399999999999998 -3.418317748362134e-6
0.47 0.0172 -0.0015147545450673473
0.47 0.018000000000000002 0.03553346677519015
0.47 0.0188 2.4128601452288745
0.47 0.0196 30.925363085201642
0.47 0.0204 175.41120554278027
0.47 0.021200000000000004 572.3246297729229
0.47 0.022 1244.9329543032961
0.47 0.0228 1980.756150087999
0.47 0.0236 2453.990650520069
0.47 0.024399999999999998 2495.7580078947435
0.47 0.025200000000000004 2144.4285032879793
0.47 0.026000000000000002 1601.9366150770688
0.47 0.0268 1070.9924490277524
0.47 0.027600000000000003 653.7853721179023
0.47 0.0284 369.20653694542045
0.47 0.0292 195.94384782195394
0.47 0.030000000000000002 98.06611305209627
0.47 0.0308 46.68046115970955
0.47 0.0316 21.107831105681566
0.47 0.032400000000000005 9.142850347889244
0.47 0.0332 3.817198213380961
0.48 0.0148 1.518877959382266e-10
0.48 0.015600000000000001 5.284170451089186e-7
0.48 0.016399999999999998 0.00019682128404817446
0.48 0.0172 0.013487830968017317
0.48 0.018000000000000002 0.2511403503424947
0.48 0.0188 2.0783652790449323
0.48 0.0196 12.264423297760244
0.48 0.0204 65.50352965457584
0.48 0.021200000000000004 255.73265863133958
0.48 0.022 699.7770390773055
0.48 0.0228 1359.314034521225
0.48 0.0236 1947.6422689926876
0.48 0.024399999999999998 2217.253456130561
0.48 0.025200000000000004 2073.1489246967194
0.48 0.026000000000000002 1671.6774804145266
0.48 0.0268 1203.4135650841076
0.48 0.027600000000000003 782.6910421867914
0.48 0.0284 468.00062807200356
0.48 0.0292 260.103261798568
0.48 0.030000000000000002 134.16475623240459
0.48 0.0308 64.76202641928026
0.48 0.0316 29.470473076562804
0.48 0.032400000000000005 12.751149350945258
0.48 0.0332 5.295691470957621
0.49 0.0148 -1.0514792514971143e-9
0.49 0.015600000000000001 -9.36163563578593e-7
0.49 0.016399999999999998 -3.2948523493344556e-5
0.49 0.0172 0.006394020112105736
0.49 0.018000000000000002 0.198687066148444
0.49 0.0188 1.6597785368734561
0.49 0.0196 5.5350944133677205
0.49 0.0204 16.960012182792966
0.49 0.021200000000000004 86.9328943987469
0.49 0.022 330.616182354228
0.49 0.0228 801.8988120530923
0.49 0.0236 1339.454270588298
0.49 0.024399999999999998 1704.5951254620272
0.49 0.025200000000000004 1758.1670123026547
0.49 0.026000000000000002 1543.5812041640581
0.49 0.0268 1194.3646253656073
0.49 0.027600000000000003 821.0029542877406
0.49 0.0284 508.60879348916785
0.49 0.0292 287.3752834928205
0.49 0.030000000000000002 148.66153030597985
0.49 0.0308 71.4665413101586
0.49 0.0316 32.23187807182801
0.49 0.032400000000000005 13.660555931572075
0.49 0.0332 5.510402747328205
0.5 0.0148 -5.01200428715283e-11
0.5 0.015600000000000001 9.271268573297276e-8
0.5 0.016399999999999998 5.4975396473695645e-5
0.5 0.0172 0.003973927595976171
0.5 0.018000000000000002 0.07206787519157472
0.5 0.0188 0.38972676347077895
0.5 0.0196 0.6285425236444735
0.5 0.0204 3.505105596262382
0.5 0.021200000000000004 37.92738963683065
0.5 0.022 167.64155043079057
0.5 0.0228 436.65945765681874
0.5 0.0236 792.9962055519337
0.5 0.024399999999999998 1124.600580468412
0.5 0.025200000000000004 1296.007601151547
0.5 0.026000000000000002 1259.3095192569428
0.5 0.0268 1056.3275920745396
0.5 0.027600000000000003 780.2927118800243
0.5 0.0284 512.8882501759009
0.5 0.0292 304.7694685757274
0.5 0.030000000000000002 165.9844120801683
0.5 0.0308 84.52106099016197
0.5 0.0316 40.367131998890834
0.5 0.032400000000000005 18.243347273187307
0.5 0.0332 7.867629976028365
0.51 0.0148 3.5650233183065843e-10
0.51 0.015600000000000001 4.634203487750208e-7
0.51 0.016399999999999998 7.437656806348728e-5
0.51 0.0172 0.002095695945223329
0.51 0.018000000000000002 0.005142772762245851
0.51 0.0188 -0.16836424556622948
0.51 0.0196 -0.8914505964309828
0.51 0.0204 0.7925067189890723
0.51 0.021200000000000004 17.955621343776837
0.51 0.022 75.35126553027818
0.51 0.0228 198.4677546669861
0.51 0.0236 395.23548757869
0.51 0.024399999999999998 640.1959502597009
0.51 0.025200000000000004 839.7793514445559
0.51 0.026000000000000002 914.6014375203748
0.51 0.0268 838.5675801434702
0.51 0.027600000000000003 667.5128992673967
0.51 0.0284 466.1612279069422
0.51 0.0292 291.5452610097253
0.51 0.030000000000000002 166.93762567743224
0.51 0.0308 89.08159735342353
0.51 0.0316 44.31666044085759
0.51 0.032400000000000005 20.99143408731175
0.51 0.0332 9.507845800270138
0.5199999999999999 0.0148 2.5542907083544584e-11
0.5199999999999999 0.015600000000000001 1.1438660567314481e-8
0.5199999999999999 0.016399999999999998 -4.17294272449266e-6
0.5199999999999999 0.0172 -0.00046780850325132517
0.5199999999999999 0.018000000000000002 -0.009115119680187802
0.5199999999999999 0.0188 -0.051096030707963515
0.5199999999999999 0.0196 -0.07885923103419865
0.5199999999999999 0.0204 0.14574783482300746
0.5199999999999999 0.021200000000000004 2.1032556261512663
0.5199999999999999 0.022 14.255563299827656
0.5199999999999999 0.0228 58.961041194288896
0.5199999999999999 0.0236 162.29599107414316
0.5199999999999999 0.024399999999999998 319.34884608740407
0.5199999999999999 0.025200000000000004 480.9111452210891
0.5199999999999999 0.026000000000000002 579.0078432162419
0.5199999999999999 0.0268 578.648248073627
0.5199999999999999 0.027600000000000003 495.8575213310653
0.5199999999999999 0.0284 370.62913438563317
0.5199999999999999 0.0292 246.90914530513334
0.5199999999999999 0.030000000000000002 149.09962499438447
0.5199999999999999 0.0308 82.52038620882075
0.5199999999999999 0.0316 41.99068873388684
0.5199999999999999 0.032400000000000005 20.052457755060423
0.5199999999999999 0.0332 9.0596767459733
0.5299999999999999 0.0148 -3.454625837051298e-11
0.5299999999999999 0.015600000000000001 -4.438941173627203e-8
0.5299999999999999 0.016399999999999998 -6.661381663599515e-6
0.5299999999999999 0.0172 -0.00011768456651814348
0.5299999999999999 0.018000000000000002 0.0025796906314751226
0.5299999999999999 0.0188 0.04870676289132809
0.5299999999999999 0.0196 0.1821466853915692
0.5299999999999999 0.0204 -0.22254713282663477
0.5299999999999999 0.021200000000000004 -2.4961433434361573
0.5299999999999999 0.022 -4.1759003254219715
0.5299999999999999 0.0228 8.87594819973691
0.5299999999999999 0.0236 54.77453641944999
0.5299999999999999 0.024399999999999998 131.87855531284183
0.5299999999999999 0.025200000000000004 216.35950903524807
0.5299999999999999 0.026000000000000002 276.89912553287917
0.5299999999999999 0.0268 303.1012491347746
0.5299999999999999 0.027600000000000003 287.35641915195765
0.5299999999999999 0.0284 239.44733969829113
0.5299999999999999 0.0292 176.63760429198638
0.5299999999999999 0.030000000000000002 115.28361782363228
0.5299999999999999 0.0308 67.16093643224129
0.5299999999999999 0.0316 35.28481338062512
0.5299999999999999 0.032400000000000005 16.902543722621306
0.5299999999999999 0.0332 7.501714571597055
0.5399999999999999 0.0148 2.2044794416663758e-11
0.5399999999999999 0.015600000000000001 3.9264547084790326e-8
0.5399999999999999 0.016399999999999998 9.50305449480905e-6
0.5399999999999999 0.0172 0.00047771380418998224
0.5399999999999999 0.018000000000000002 0.00649545524619424
0.5399999999999999 0.0188 0.02477329108568496
0.5399999999999999 0.0196 -0.01033844413356113
0.5399999999999999 0.0204 -0.2961494752598092
0.5399999999999999 0.021200000000000004 -1.2516786625909255
0.5399999999999999 0.022 -2.4221883562556124
0.5399999999999999 0.0228 0.9810304336762359
0.5399999999999999 0.0236 15.142522563507983
0.5399999999999999 0.024399999999999998 39.59783801198241
0.5399999999999999 0.025200000000000004 64.75915179974278
0.5399999999999999 0.026000000000000002 86.09759291911718
0.5399999999999999 0.0268 107.97981713940592
0.5399999999999999 0.027600000000000003 119.13575586370162
0.5399999999999999 0.0284 114.1430233847165
0.5399999999999999 0.0292 93.83148555232057
0.5399999999999999 0.030000000000000002 65.78053426841763
0.5399999999999999 0.0308 40.08789813419963
0.5399999999999999 0.0316 21.681403464999217
0.5399999999999999 0.032400000000000005 10.470876740050112
0.5399999999999999 0.0332 4.61705897517218
0.5499999999999999 0.0148 2.207285853552145e-11
0.5499999999999999 0.015600000000000001 3.507908415091302e-8
0.5499999999999999 0.016399999999999998 7.461770646503933e-6
0.5499999999999999 0.0172 0.0003192634221514365
0.5499999999999999 0.018000000000000002 0.0032524374274794927
0.5499999999999999 0.0188 0.0021675573677734173
0.5499999999999999 0.0196 -0.0566073514286327
0.5499999999999999 0.0204 -0.15212512327770383
0.5499999999999999 0.021200000000000004 -0.2191904197443561
0.5499999999999999 0.022 -0.247738081873704
0.5499999999999999 0.0228 0.49761000323495275
0.5499999999999999 0.0236 2.953864613754955
0.5499999999999999 0.024399999999999998 7.091796531983833
0.5499999999999999 0.025200000000000004 10.45631259987267
0.5499999999999999 0.026000000000000002 15.075642815774174
0.5499999999999999 0.0268 24.96486219398896
0.5499999999999999 0.027600000000000003 34.205506027477135
0.5499999999999999 0.0284 37.80026637203269
0.5499999999999999 0.0292 33.8792207115877
0.5499999999999999 0.030000000000000002 24.962287384659263
0.5499999999999999 0.0308 15.671894025793362
0.5499999999999999 0.0316 8.643012080072179
0.5499999999999999 0.032400000000000005 4.210537096646684
0.5499999999999999 0.0332 1.8598735646791906
0.56 0.0148 7.044505389555159e-12
0.56 0.015600000000000001 1.0950458295351838e-8
0.56 0.016399999999999998 2.258082351474646e-6
0.56 0.0172 9.18799306117581e-5
0.56 0.018000000000000002 0.0008222774611130205
0.56 0.0188 -0.0009103062815954261
0.56 0.0196 -0.021825958167566103
0.56 0.0204 -0.04100320097610405
0.56 0.021200000000000004 -0.004835195827597217
0.56 0.022 0.07015655186218317
0.56 0.0228 0.1868038355512923
0.56 0.0236 0.34594830786303415
0.56 0.024399999999999998 0.5768932992120583
0.56 0.025200000000000004 0.5164841934209585
0.56 0.026000000000000002 1.1826014979564083
0.56 0.0268 3.786541312472663
0.56 0.027600000000000003 6.68194952049931
0.56 0.0284 8.266741908722677
0.56 0.0292 7.826497622003456
0.56 0.030000000000000002 5.932341132029319
0.56 0.0308 3.785224065257459
0.56 0.0316 2.10979765540827
0.56 0.032400000000000005 1.033589931413296
0.56 0.0332 0.45777405126773635
0.5700000000000001 0.0148 1.1590422513788295e-12
0.5700000000000001 0.015600000000000001 1.7871689711839245e-9
0.5700000000000001 0.016399999999999998 3.6382823325088146e-7
0.5700000000000001 0.0172 1.4454511933670556e-5
0.5700000000000001 0.018000000000000002 0.00012015321494422557
0.5700000000000001 0.0188 -0.0002696385633987887
0.5700000000000001 0.0196 -0.0039060215498799527
0.5700000000000001 0.0204 -0.006359730230123054
0.5700000000000001 0.021200000000000004 0.0035164870198683405
0.5700000000000001 0.022 0.02166411908918148
0.5700000000000001 0.0228 0.03304510145449932
0.5700000000000001 0.0236 0.019174645734200954
0.5700000000000001 0.024399999999999998 -0.010763229765615273
0.5700000000000001 0.025200000000000004 -0.08794390648731985
0.5700000000000001 0.026000000000000002 -0.021930410057688768
0.5700000000000001 0.0268 0.3786901281354093
0.5700000000000001 0.027600000000000003 0.8552174987037674
0.5700000000000001 0.0284 1.141890865750678
0.5700000000000001 0.0292 1.1157733981903357
0.5700000000000001 0.030000000000000002 0.858870378856598
0.5700000000000001 0.0308 0.5527721881899141
0.5700000000000001 0.0316 0.3098938307166801
0.5700000000000001 0.032400000000000005 0.15235227678763677
0.5700000000000001 0.0332 0.06763139402926568
0.58 0.0148 1.1179514398106944e-13
0.58 0.015600000000000001 1.7172623760921462e-10
0.58 0.016399999999999998 3.473177630301855e-8
0.58 0.0172 1.361776218000663e-6
0.58 0.018000000000000002 1.0819562036033115e-5
0.58 0.0188 -3.233560836471738e-5
0.58 0.0196 -0.0003942206958386934
0.58 0.0204 -0.0005958970460110417
0.58 0.021200000000000004 0.0005643388363211189
0.58 0.022 0.0026295043652481897
0.58 0.0228 0.003334335074586981
0.58 0.0236 -6.98939218041134e-5
0.58 0.024399999999999998 -0.006343993944801228
0.58 0.025200000000000004 -0.016838954812461438
0.58 0.026000000000000002 -0.011915942399554368
0.58 0.0268 0.02627061287792475
0.58 0.027600000000000003 0.07286379216306092
0.58 0.0284 0.10183867573371401
0.58 0.0292 0.10117663796641577
0.58 0.030000000000000002 0.07847902730304647
0.58 0.0308 0.05071778556415
0.58 0.0316 0.02851098072820859
0.58 0.032400000000000005 0.014041221734118649
0.58 0.0332 0.006240908252616581
