0.5 0.5 0.0
0.5 0.56 0.0
0.5 0.62 0.0
0.5 0.6799999999999999 0.0
0.5 0.74 0.0
0.5 0.8 0.0
0.5 0.86 0.0
0.5 0.92 0.0
0.5 0.98 0.0
0.5 1.04 0.0
0.5 1.1 0.0
0.5 1.1600000000000001 0.0
0.5 1.22 0.0
0.5 1.28 0.0
0.5 1.34 0.0
0.5 1.4 0.0
0.5 1.46 0.0
0.5 1.52 0.0
0.5 1.58 0.0
0.5 1.6400000000000001 0.0
0.5 1.7000000000000002 0.0
0.5 1.76 0.0
0.5 1.82 0.0
0.5 1.8800000000000001 0.0
0.5 1.94 0.0
0.5 2.0 0.0
0.5 2.06 0.0
0.5 2.12 0.0
0.5 2.18 0.0
0.5 2.2399999999999998 0.0
0.5 2.3000000000000003 0.0
0.5 2.36 0.0
0.5 2.4200000000000004 0.0
0.5 2.48 0.0
0.5 2.5400000000000005 0.0
0.5 2.5999999999999996 0.0
0.5 2.66 0.0
0.5 2.7199999999999998 0.0
0.5 2.7800000000000002 0.0
0.5 2.84 0.0
0.5 2.9000000000000004 0.0
0.5 2.9599999999999995 0.0
0.5 3.02 0.0
0.5 3.0799999999999996 0.0
0.5 3.14 0.0
0.5 3.1999999999999997 0.0
0.5 3.2600000000000002 0.0
0.5 3.3200000000000003 0.0
0.5 3.38 0.0
0.5 3.4399999999999995 0.0
0.5 3.5 0.0
0.56 0.5 0.0
0.56 0.56 0.0
0.56 0.62 0.0
0.56 0.6799999999999999 0.0
0.56 0.74 0.0
0.56 0.8 0.0
0.56 0.86 0.0
0.56 0.92 0.0
0.56 0.98 0.0
0.56 1.04 0.0
0.56 1.1 0.0
0.56 1.1600000000000001 0.0
0.56 1.22 0.0
0.56 1.28 0.0
0.56 1.34 0.0
0.56 1.4 0.0
0.56 1.46 0.0
0.56 1.52 0.0
0.56 1.58 0.0
0.56 1.6400000000000001 0.0
0.56 1.7000000000000002 0.0
0.56 1.76 0.0
0.56 1.82 0.0
0.56 1.8800000000000001 0.0
0.56 1.94 0.0
0.56 2.0 0.0
0.56 2.06 0.0
0.56 2.12 0.0
0.56 2.18 0.0
0.56 2.2399999999999998 0.0
0.56 2.3000000000000003 0.0
0.56 2.36 0.0
0.56 2.4200000000000004 0.0
0.56 2.48 0.0
0.56 2.5400000000000005 0.0
0.56 2.5999999999999996 0.0
0.56 2.66 0.0
0.56 2.7199999999999998 0.0
0.56 2.7800000000000002 0.0
0.56 2.84 0.0
0.56 2.9000000000000004 0.0
0.56 2.9599999999999995 0.0
0.56 3.02 0.0
0.56 3.0799999999999996 0.0
0.56 3.14 0.0
0.56 3.1999999999999997 0.0
0.56 3.2600000000000002 0.0
0.56 3.3200000000000003 0.0
0.56 3.38 0.0
0.56 3.4399999999999995 0.0
0.56 3.5 0.0
0.62 0.5 0.0
0.62 0.56 0.0
0.62 0.62 0.0
0.62 0.6799999999999999 0.0
0.62 0.74 0.0
0.62 0.8 0.0
0.62 0.86 0.0
0.62 0.92 0.0
0.62 0.98 0.0
0.62 1.04 0.0
0.62 1.1 0.0
0.62 1.1600000000000001 0.0
0.62 1.22 0.0
0.62 1.28 0.0
0.62 1.34 0.0
0.62 1.4 0.0
0.62 1.46 0.0
0.62 1.52 0.0
0.62 1.58 0.0
0.62 1.6400000000000001 0.0
0.62 1.7000000000000002 0.0
0.62 1.76 0.0
0.62 1.82 0.0
0.62 1.8800000000000001 0.0
0.62 1.94 0.0
0.62 2.0 0.0
0.62 2.06 0.0
0.62 2.12 0.0
0.62 2.18 0.0
0.62 2.2399999999999998 0.0
0.62 2.3000000000000003 0.0
0.62 2.36 0.0
0.62 2.4200000000000004 0.0
0.62 2.48 0.0
0.62 2.5400000000000005 0.0
0.62 2.5999999999999996 0.0
0.62 2.66 0.0
0.62 2.7199999999999998 0.0
0.62 2.7800000000000002 0.0
0.62 2.84 0.0
0.62 2.9000000000000004 0.0
0.62 2.9599999999999995 0.0
0.62 3.02 0.0
0.62 3.0799999999999996 0.0
0.62 3.14 0.0
0.62 3.1999999999999997 0.0
0.62 3.2600000000000002 0.0
0.62 3.3200000000000003 0.0
0.62 3.38 0.0
0.62 3.4399999999999995 0.0
0.62 3.5 0.0
0.6799999999999999 0.5 0.0
0.6799999999999999 0.56 0.0
0.6799999999999999 0.62 0.0
0.6799999999999999 0.6799999999999999 0.0
0.6799999999999999 0.74 0.0
0.6799999999999999 0.8 0.0
0.6799999999999999 0.86 0.0
0.6799999999999999 0.92 0.0
0.6799999999999999 0.98 0.0
0.6799999999999999 1.04 0.0
0.6799999999999999 1.1 0.0
0.6799999999999999 1.1600000000000001 0.0
0.6799999999999999 1.22 0.0
0.6799999999999999 1.28 0.0
0.6799999999999999 1.34 0.0
0.6799999999999999 1.4 0.0
0.6799999999999999 1.46 0.0
0.6799999999999999 1.52 0.0
0.6799999999999999 1.58 0.0
0.6799999999999999 1.6400000000000001 0.0
0.6799999999999999 1.7000000000000002 0.0
0.6799999999999999 1.76 0.0
0.6799999999999999 1.82 0.0
0.6799999999999999 1.8800000000000001 0.0
0.6799999999999999 1.94 0.0
0.6799999999999999 2.0 0.0
0.6799999999999999 2.06 0.0
0.6799999999999999 2.12 0.0
0.6799999999999999 2.18 0.0
0.6799999999999999 2.2399999999999998 0.0
0.6799999999999999 2.3000000000000003 0.0
0.6799999999999999 2.36 0.0
0.6799999999999999 2.4200000000000004 0.0
0.6799999999999999 2.48 0.0
0.6799999999999999 2.5400000000000005 0.0
0.6799999999999999 2.5999999999999996 0.0
0.6799999999999999 2.66 0.0
0.6799999999999999 2.7199999999999998 0.0
0.6799999999999999 2.7800000000000002 0.0
0.6799999999999999 2.84 0.0
0.6799999999999999 2.9000000000000004 0.0
0.6799999999999999 2.9599999999999995 0.0
0.6799999999999999 3.02 0.0
0.6799999999999999 3.0799999999999996 0.0
0.6799999999999999 3.14 0.0
0.6799999999999999 3.1999999999999997 0.0
0.6799999999999999 3.2600000000000002 0.0
0.6799999999999999 3.3200000000000003 0.0
0.6799999999999999 3.38 0.0
0.6799999999999999 3.4399999999999995 0.0
0.6799999999999999 3.5 0.0
0.74 0.5 0.0
0.74 0.56 0.0
0.74 0.62 0.0
0.74 0.6799999999999999 0.0
0.74 0.74 0.0
0.74 0.8 0.0
0.74 0.86 0.0
0.74 0.92 0.0
0.74 0.98 0.0
0.74 1.04 0.0
0.74 1.1 0.0
0.74 1.1600000000000001 0.0
0.74 1.22 0.0
0.74 1.28 0.0
0.74 1.34 0.0
0.74 1.4 0.0
0.74 1.46 0.0
0.74 1.52 0.0
0.74 1.58 0.0
0.74 1.6400000000000001 0.0
0.74 1.7000000000000002 0.0
0.74 1.76 0.0
0.74 1.82 0.0
0.74 1.8800000000000001 0.0
0.74 1.94 0.0
0.74 2.0 0.0
0.74 2.06 0.0
0.74 2.12 0.0
0.74 2.18 0.0
0.74 2.2399999999999998 0.0
0.74 2.3000000000000003 0.0
0.74 2.36 0.0
0.74 2.4200000000000004 0.0
0.74 2.48 0.0
0.74 2.5400000000000005 0.0
0.74 2.5999999999999996 0.0
0.74 2.66 0.0
0.74 2.7199999999999998 0.0
0.74 2.7800000000000002 0.0
0.74 2.84 0.0
0.74 2.9000000000000004 0.0
0.74 2.9599999999999995 0.0
0.74 3.02 0.0
0.74 3.0799999999999996 0.0
0.74 3.14 0.0
0.74 3.1999999999999997 0.0
0.74 3.2600000000000002 0.0
0.74 3.3200000000000003 0.0
0.74 3.38 0.0
0.74 3.4399999999999995 0.0
0.74 3.5 0.0
0.8 0.5 0.0
0.8 0.56 0.0
0.8 0.62 0.0
0.8 0.6799999999999999 0.0
0.8 0.74 0.0
0.8 0.8 0.0
0.8 0.86 0.0
0.8 0.92 0.0
0.8 0.98 0.0
0.8 1.04 0.0
0.8 1.1 0.0
0.8 1.1600000000000001 0.0
0.8 1.22 0.0
0.8 1.28 0.0
0.8 1.34 0.0
0.8 1.4 0.0
0.8 1.46 0.0
0.8 1.52 0.0
0.8 1.58 0.0
0.8 1.6400000000000001 0.0
0.8 1.7000000000000002 0.0
0.8 1.76 0.0
0.8 1.82 0.0
0.8 1.8800000000000001 0.0
0.8 1.94 0.0
0.8 2.0 0.0
0.8 2.06 0.0
0.8 2.12 0.0
0.8 2.18 0.0
0.8 2.2399999999999998 0.0
0.8 2.3000000000000003 0.0
0.8 2.36 0.0
0.8 2.4200000000000004 0.0
0.8 2.48 0.0
0.8 2.5400000000000005 0.0
0.8 2.5999999999999996 0.0
0.8 2.66 0.0
0.8 2.7199999999999998 0.0
0.8 2.7800000000000002 0.0
0.8 2.84 0.0
0.8 2.9000000000000004 0.0
0.8 2.9599999999999995 0.0
0.8 3.02 0.0
0.8 3.0799999999999996 0.0
0.8 3.14 0.0
0.8 3.1999999999999997 0.0
0.8 3.2600000000000002 0.0
0.8 3.3200000000000003 0.0
0.8 3.38 0.0
0.8 3.4399999999999995 0.0
0.8 3.5 0.0
0.86 0.5 0.0
0.86 0.56 0.0
0.86 0.62 0.0
0.86 0.6799999999999999 0.0
0.86 0.74 0.0
0.86 0.8 0.0
0.86 0.86 0.0
0.86 0.92 0.0
0.86 0.98 0.0
0.86 1.04 0.0
0.86 1.1 0.0
0.86 1.1600000000000001 0.0
0.86 1.22 0.0
0.86 1.28 0.0
0.86 1.34 0.0
0.86 1.4 0.0
0.86 1.46 0.0
0.86 1.52 0.0
0.86 1.58 0.0
0.86 1.6400000000000001 0.0
0.86 1.7000000000000002 0.0
0.86 1.76 0.0
0.86 1.82 0.0
0.86 1.8800000000000001 0.0
0.86 1.94 0.0
0.86 2.0 0.0
0.86 2.06 0.0
0.86 2.12 0.0
0.86 2.18 0.0
0.86 2.2399999999999998 0.0
0.86 2.3000000000000003 0.0
0.86 2.36 0.0
0.86 2.4200000000000004 0.0
0.86 2.48 0.0
0.86 2.5400000000000005 0.0
0.86 2.5999999999999996 0.0
0.86 2.66 0.0
0.86 2.7199999999999998 0.0
0.86 2.7800000000000002 0.0
0.86 2.84 0.0
0.86 2.9000000000000004 0.0
0.86 2.9599999999999995 0.0
0.86 3.02 0.0
0.86 3.0799999999999996 0.0
0.86 3.14 0.0
0.86 3.1999999999999997 0.0
0.86 3.2600000000000002 0.0
0.86 3.3200000000000003 0.0
0.86 3.38 0.0
0.86 3.4399999999999995 0.0
0.86 3.5 0.0
0.92 0.5 0.0
0.92 0.56 0.0
0.92 0.62 0.0
0.92 0.6799999999999999 0.0
0.92 0.74 0.0
0.92 0.8 0.0
0.92 0.86 0.0
0.92 0.92 0.0
0.92 0.98 0.0
0.92 1.04 0.0
0.92 1.1 0.0
0.92 1.1600000000000001 0.0
0.92 1.22 0.0
0.92 1.28 0.0
0.92 1.34 0.0
0.92 1.4 0.0
0.92 1.46 0.0
0.92 1.52 0.0
0.92 1.58 0.0
0.92 1.6400000000000001 0.0
0.92 1.7000000000000002 0.0
0.92 1.76 0.0
0.92 1.82 0.0
0.92 1.8800000000000001 0.0
0.92 1.94 0.0
0.92 2.0 0.0
0.92 2.06 0.0
0.92 2.12 0.0
0.92 2.18 0.0
0.92 2.2399999999999998 0.0
0.92 2.3000000000000003 0.0
0.92 2.36 0.0
0.92 2.4200000000000004 0.0
0.92 2.48 0.0
0.92 2.5400000000000005 0.0
0.92 2.5999999999999996 0.0
0.92 2.66 0.0
0.92 2.7199999999999998 0.0
0.92 2.7800000000000002 0.0
0.92 2.84 0.0
0.92 2.9000000000000004 0.0
0.92 2.9599999999999995 0.0
0.92 3.02 0.0
0.92 3.0799999999999996 0.0
0.92 3.14 0.0
0.92 3.1999999999999997 0.0
0.92 3.2600000000000002 0.0
0.92 3.3200000000000003 0.0
0.92 3.38 0.0
0.92 3.4399999999999995 0.0
0.92 3.5 0.0
0.98 0.5 0.0
0.98 0.56 0.0
0.98 0.62 0.0
0.98 0.6799999999999999 0.0
0.98 0.74 0.0
0.98 0.8 0.0
0.98 0.86 0.0
0.98 0.92 0.0
0.98 0.98 0.0
0.98 1.04 0.0
0.98 1.1 0.0
0.98 1.1600000000000001 0.0
0.98 1.22 0.0
0.98 1.28 0.0
0.98 1.34 0.0
0.98 1.4 0.0
0.98 1.46 0.0
0.98 1.52 0.0
0.98 1.58 0.0
0.98 1.6400000000000001 0.0
0.98 1.7000000000000002 0.0
0.98 1.76 0.0
0.98 1.82 0.0
0.98 1.8800000000000001 0.0
0.98 1.94 0.0
0.98 2.0 0.0
0.98 2.06 0.0
0.98 2.12 0.0
0.98 2.18 0.0
0.98 2.2399999999999998 0.0
0.98 2.3000000000000003 0.0
0.98 2.36 0.0
0.98 2.4200000000000004 0.0
0.98 2.48 0.0
0.98 2.5400000000000005 0.0
0.98 2.5999999999999996 0.0
0.98 2.66 0.0
0.98 2.7199999999999998 0.0
0.98 2.7800000000000002 0.0
0.98 2.84 0.0
0.98 2.9000000000000004 0.0
0.98 2.9599999999999995 0.0
0.98 3.02 0.0
0.98 3.0799999999999996 0.0
0.98 3.14 0.0
0.98 3.1999999999999997 0.0
0.98 3.2600000000000002 0.0
0.98 3.3200000000000003 0.0
0.98 3.38 0.0
0.98 3.4399999999999995 0.0
0.98 3.5 0.0
1.04 0.5 0.0
1.04 0.56 0.0
1.04 0.62 0.0
1.04 0.6799999999999999 0.0
1.04 0.74 0.0
1.04 0.8 0.0
1.04 0.86 0.0
1.04 0.92 0.0
1.04 0.98 0.0
1.04 1.04 0.0
1.04 1.1 0.0
1.04 1.1600000000000001 0.0
1.04 1.22 0.0
1.04 1.28 0.0
1.04 1.34 0.0
1.04 1.4 0.0
1.04 1.46 0.0
1.04 1.52 0.0
1.04 1.58 0.0
1.04 1.6400000000000001 0.0
1.04 1.7000000000000002 0.0
1.04 1.76 0.0
1.04 1.82 0.0
1.04 1.8800000000000001 0.0
1.04 1.94 0.0
1.04 2.0 0.0
1.04 2.06 0.0
1.04 2.12 0.0
1.04 2.18 0.0
1.04 2.2399999999999998 0.0
1.04 2.3000000000000003 0.0
1.04 2.36 0.0
1.04 2.4200000000000004 0.0
1.04 2.48 0.0
1.04 2.5400000000000005 0.0
1.04 2.5999999999999996 0.0
1.04 2.66 0.0
1.04 2.7199999999999998 0.0
1.04 2.7800000000000002 0.0
1.04 2.84 0.0
1.04 2.9000000000000004 0.0
1.04 2.9599999999999995 0.0
1.04 3.02 0.0
1.04 3.0799999999999996 0.0
1.04 3.14 0.0
1.04 3.1999999999999997 0.0
1.04 3.2600000000000002 0.0
1.04 3.3200000000000003 0.0
1.04 3.38 0.0
1.04 3.4399999999999995 0.0
1.04 3.5 0.0
1.1 0.5 0.0
1.1 0.56 0.0
1.1 0.62 0.0
1.1 0.6799999999999999 0.0
1.1 0.74 0.0
1.1 0.8 0.0
1.1 0.86 0.0
1.1 0.92 0.0
1.1 0.98 0.0
1.1 1.04 0.0
1.1 1.1 0.0
1.1 1.1600000000000001 0.0
1.1 1.22 0.002061509785461279
1.1 1.28 3.929530473555984e-5
1.1 1.34 0.0001391314331279787
1.1 1.4 1.0016188948003665e-5
1.1 1.46 1.0919321436075803e-10
1.1 1.52 1.2885665375133077e-13
1.1 1.58 -1.4666841597245328e-17
1.1 1.6400000000000001 -3.529456402330952e-23
1.1 1.7000000000000002 1.0543884999470164e-16
1.1 1.76 2.8876190301655202e-21
1.1 1.82 4.3221238913306994e-23
1.1 1.8800000000000001 -2.6202637382807702e-23
1.1 1.94 -3.344219731377598e-22
1.1 2.0 -1.9101825764900613e-21
1.1 2.06 2.5940181679007707e-20
1.1 2.12 4.326070879197742e-22
1.1 2.18 2.66727423360962e-19
1.1 2.2399999999999998 -2.8827739026150163e-20
1.1 2.3000000000000003 -1.372815733631261e-22
1.1 2.36 1.222104201857547e-19
1.1 2.4200000000000004 0.0
1.1 2.48 0.0
1.1 2.5400000000000005 0.0
1.1 2.5999999999999996 0.0
1.1 2.66 0.0
1.1 2.7199999999999998 0.0
1.1 2.7800000000000002 0.0
1.1 2.84 0.0
1.1 2.9000000000000004 0.0
1.1 2.9599999999999995 0.0
1.1 3.02 0.0
1.1 3.0799999999999996 0.0
1.1 3.14 0.0
1.1 3.1999999999999997 0.0
1.1 3.2600000000000002 0.0
1.1 3.3200000000000003 0.0
1.1 3.38 0.0
1.1 3.4399999999999995 0.0
1.1 3.5 0.0
1.1600000000000001 0.5 0.0
1.1600000000000001 0.56 0.0
1.1600000000000001 0.62 0.0
1.1600000000000001 0.6799999999999999 0.0
1.1600000000000001 0.74 0.0
1.1600000000000001 0.8 0.0
1.1600000000000001 0.86 0.0
1.1600000000000001 0.92 0.0
1.1600000000000001 0.98 0.0
1.1600000000000001 1.04 0.0
1.1600000000000001 1.1 0.0
1.1600000000000001 1.1600000000000001 0.0
1.1600000000000001 1.22 0.0016900270356352445
1.1600000000000001 1.28 0.01589692444400874
1.1600000000000001 1.34 0.0010827053512189717
1.1600000000000001 1.4 0.0004850185834474125
1.1600000000000001 1.46 5.246705023018048e-6
1.1600000000000001 1.52 -2.994690072035074e-10
1.1600000000000001 1.58 -7.027611799233702e-18
1.1600000000000001 1.6400000000000001 3.1127850009120273e-20
1.1600000000000001 1.7000000000000002 2.7718911017170947e-16
1.1600000000000001 1.76 3.78201945314673e-17
1.1600000000000001 1.82 3.524964404327806e-18
1.1600000000000001 1.8800000000000001 1.829960331512316e-17
1.1600000000000001 1.94 -3.3943989116396875e-19
1.1600000000000001 2.0 -5.235109816787359e-17
1.1600000000000001 2.06 -1.5747793130507525e-17
1.1600000000000001 2.12 -3.270250655646172e-21
1.1600000000000001 2.18 -2.7202417834572265e-18
1.1600000000000001 2.2399999999999998 -1.0571167992285515e-19
1.1600000000000001 2.3000000000000003 -9.10806598667131e-21
1.1600000000000001 2.36 -1.107090877129976e-19
1.1600000000000001 2.4200000000000004 0.0
1.1600000000000001 2.48 0.0
1.1600000000000001 2.5400000000000005 0.0
1.1600000000000001 2.5999999999999996 0.0
1.1600000000000001 2.66 0.0
1.1600000000000001 2.7199999999999998 0.0
1.1600000000000001 2.7800000000000002 0.0
1.1600000000000001 2.84 0.0
1.1600000000000001 2.9000000000000004 0.0
1.1600000000000001 2.9599999999999995 0.0
1.1600000000000001 3.02 0.0
1.1600000000000001 3.0799999999999996 0.0
1.1600000000000001 3.14 0.0
1.1600000000000001 3.1999999999999997 0.0
1.1600000000000001 3.2600000000000002 0.0
1.1600000000000001 3.3200000000000003 0.0
1.1600000000000001 3.38 0.0
1.1600000000000001 3.4399999999999995 0.0
1.1600000000000001 3.5 0.0
1.22 0.5 0.0
1.22 0.56 0.0
1.22 0.62 0.0
1.22 0.6799999999999999 0.0
1.22 0.74 0.0
1.22 0.8 0.0
1.22 0.86 0.0
1.22 0.92 0.0
1.22 0.98 0.0
1.22 1.04 0.0
1.22 1.1 0.0
1.22 1.1600000000000001 0.0
1.22 1.22 0.0007334855531240766
1.22 1.28 0.008181172793399819
1.22 1.34 0.01671869033231844
1.22 1.4 0.003184053013280174
1.22 1.46 0.005986727211120786
1.22 1.52 5.831956042657071e-6
1.22 1.58 2.057204177560593e-10
1.22 1.6400000000000001 -4.062327483260888e-20
1.22 1.7000000000000002 -2.3247061654314893e-17
1.22 1.76 1.4950980548639934e-15
1.22 1.82 4.751149416275267e-17
1.22 1.8800000000000001 -3.417631626903088e-16
1.22 1.94 -6.887082574399022e-17
1.22 2.0 2.1832896500943325e-15
1.22 2.06 -6.758666020751176e-15
1.22 2.12 -4.87952074592742e-17
1.22 2.18 1.1835606248123148e-18
1.22 2.2399999999999998 5.483759881229502e-17
1.22 2.3000000000000003 -8.956024907499125e-18
1.22 2.36 5.0932289144788906e-20
1.22 2.4200000000000004 -9.867361330242382e-18
1.22 2.48 1.0646986064924113e-25
1.22 2.5400000000000005 2.9811019550653115e-28
1.22 2.5999999999999996 0.0
1.22 2.66 0.0
1.22 2.7199999999999998 0.0
1.22 2.7800000000000002 0.0
1.22 2.84 0.0
1.22 2.9000000000000004 0.0
1.22 2.9599999999999995 0.0
1.22 3.02 0.0
1.22 3.0799999999999996 0.0
1.22 3.14 0.0
1.22 3.1999999999999997 0.0
1.22 3.2600000000000002 0.0
1.22 3.3200000000000003 0.0
1.22 3.38 0.0
1.22 3.4399999999999995 0.0
1.22 3.5 0.0
1.28 0.5 0.0
1.28 0.56 0.0
1.28 0.62 0.0
1.28 0.6799999999999999 0.0
1.28 0.74 0.0
1.28 0.8 0.0
1.28 0.86 0.0
1.28 0.92 0.0
1.28 0.98 0.0
1.28 1.04 0.0
1.28 1.1 0.0
1.28 1.1600000000000001 0.0
1.28 1.22 5.093614948049874e-6
1.28 1.28 0.004926326002394067
1.28 1.34 0.033470541760232266
1.28 1.4 0.06996537143155193
1.28 1.46 0.0065007175864247825
1.28 1.52 0.021447064518930806
1.28 1.58 0.0001790327914897128
1.28 1.6400000000000001 0.00021401030563018576
1.28 1.7000000000000002 3.9910636143326186e-17
1.28 1.76 -1.4253167731085867e-13
1.28 1.82 -7.431531688769913e-14
1.28 1.8800000000000001 -5.2247226428186296e-14
1.28 1.94 -5.344016367241351e-15
1.28 2.0 4.311586419545809e-15
1.28 2.06 1.444966346915253e-14
1.28 2.12 -6.089994479112523e-14
1.28 2.18 -1.7656641475026883e-15
1.28 2.2399999999999998 -1.0012327752876548e-17
1.28 2.3000000000000003 3.6277628688886486e-17
1.28 2.36 -2.3388189677969823e-15
1.28 2.4200000000000004 1.3786940503177856e-16
1.28 2.48 -3.0708082566649427e-23
1.28 2.5400000000000005 5.474967915118542e-23
1.28 2.5999999999999996 0.0
1.28 2.66 0.0
1.28 2.7199999999999998 0.0
1.28 2.7800000000000002 0.0
1.28 2.84 0.0
1.28 2.9000000000000004 0.0
1.28 2.9599999999999995 0.0
1.28 3.02 0.0
1.28 3.0799999999999996 0.0
1.28 3.14 0.0
1.28 3.1999999999999997 0.0
1.28 3.2600000000000002 0.0
1.28 3.3200000000000003 0.0
1.28 3.38 0.0
1.28 3.4399999999999995 0.0
1.28 3.5 0.0
1.34 0.5 0.0
1.34 0.56 0.0
1.34 0.62 0.0
1.34 0.6799999999999999 0.0
1.34 0.74 0.0
1.34 0.8 0.0
1.34 0.86 0.0
1.34 0.92 0.0
1.34 0.98 0.0
1.34 1.04 0.0
1.34 1.1 0.0
1.34 1.1600000000000001 0.0
1.34 1.22 -4.0997135890607644e-8
1.34 1.28 0.0002247954616503929
1.34 1.34 0.023845292113916058
1.34 1.4 0.1790590234704966
1.34 1.46 0.33141959899036333
1.34 1.52 0.004464905461894176
1.34 1.58 0.014631029654137248
1.34 1.6400000000000001 -0.0002903712349665677
1.34 1.7000000000000002 -2.4792893252316837e-6
1.34 1.76 -4.599912059876879e-12
1.34 1.82 -1.137804823126226e-18
1.34 1.8800000000000001 3.888013373915275e-14
1.34 1.94 -8.087480570062766e-15
1.34 2.0 6.648759337564954e-11
1.34 2.06 -5.203061535518139e-11
1.34 2.12 -1.1380761074684002e-11
1.34 2.18 -1.8332759866007933e-13
1.34 2.2399999999999998 2.2506434113994396e-12
1.34 2.3000000000000003 4.865026415559269e-13
1.34 2.36 -4.78638706782424e-13
1.34 2.4200000000000004 1.4461381054109942e-16
1.34 2.48 8.262416326786133e-21
1.34 2.5400000000000005 -1.5465684867077746e-20
1.34 2.5999999999999996 0.0
1.34 2.66 0.0
1.34 2.7199999999999998 0.0
1.34 2.7800000000000002 0.0
1.34 2.84 0.0
1.34 2.9000000000000004 0.0
1.34 2.9599999999999995 0.0
1.34 3.02 0.0
1.34 3.0799999999999996 0.0
1.34 3.14 0.0
1.34 3.1999999999999997 0.0
1.34 3.2600000000000002 0.0
1.34 3.3200000000000003 0.0
1.34 3.38 0.0
1.34 3.4399999999999995 0.0
1.34 3.5 0.0
1.4 0.5 0.0
1.4 0.56 0.0
1.4 0.62 0.0
1.4 0.6799999999999999 0.0
1.4 0.74 0.0
1.4 0.8 0.0
1.4 0.86 1.0905553724614286e-22
1.4 0.92 -5.964587961580983e-23
1.4 0.98 1.8375166691789997e-10
1.4 1.04 0.0005252032323700888
1.4 1.1 0.0011001423076373478
1.4 1.1600000000000001 0.00017861801183728597
1.4 1.22 0.0001545298939867165
1.4 1.28 3.66566874751621e-5
1.4 1.34 0.0015604555457151884
1.4 1.4 0.10987293324268807
1.4 1.46 0.5884874580029632
1.4 1.52 0.5946180979771832
1.4 1.58 0.12761383958107364
1.4 1.6400000000000001 0.1670390893086015
1.4 1.7000000000000002 -0.0012697218407136492
1.4 1.76 -8.804461487849932e-7
1.4 1.82 -8.175952016191886e-12
1.4 1.8800000000000001 -4.655162138767413e-13
1.4 1.94 2.4269444451631255e-12
1.4 2.0 -3.4987690044015826e-12
1.4 2.06 1.029853264222784e-11
1.4 2.12 -3.9899567398233215e-11
1.4 2.18 1.6278003641089107e-13
1.4 2.2399999999999998 -9.411142094486677e-13
1.4 2.3000000000000003 -4.599866564489953e-13
1.4 2.36 -8.305871138027308e-16
1.4 2.4200000000000004 -8.048856397249501e-16
1.4 2.48 2.6141130572492337e-19
1.4 2.5400000000000005 -4.726416869172848e-19
1.4 2.5999999999999996 1.2812977900917967e-21
1.4 2.66 -1.2090545177622393e-22
1.4 2.7199999999999998 -2.7686195652285586e-24
1.4 2.7800000000000002 0.0
1.4 2.84 0.0
1.4 2.9000000000000004 0.0
1.4 2.9599999999999995 0.0
1.4 3.02 0.0
1.4 3.0799999999999996 0.0
1.4 3.14 0.0
1.4 3.1999999999999997 0.0
1.4 3.2600000000000002 0.0
1.4 3.3200000000000003 0.0
1.4 3.38 0.0
1.4 3.4399999999999995 0.0
1.4 3.5 0.0
1.46 0.5 0.0
1.46 0.56 0.0
1.46 0.62 0.0
1.46 0.6799999999999999 0.0
1.46 0.74 0.0
1.46 0.8 0.0
1.46 0.86 4.371142618935073e-21
1.46 0.92 4.870831561687848e-22
1.46 0.98 6.050685046783615e-10
1.46 1.04 1.1671606043556973e-5
1.46 1.1 0.002559785143347065
1.46 1.1600000000000001 0.0031245546895630302
1.46 1.22 0.0011680274562956255
1.46 1.28 0.001122002390449724
1.46 1.34 0.00032030114554473137
1.46 1.4 0.008367290127383532
1.46 1.46 0.36511192440146
1.46 1.52 1.0510700342289943
1.46 1.58 0.9604861140637683
1.46 1.6400000000000001 0.46371006984490504
1.46 1.7000000000000002 0.1628124764901993
1.46 1.76 -0.004381642135263671
1.46 1.82 1.0590948570591608e-6
1.46 1.8800000000000001 -6.378077160907992e-10
1.46 1.94 -8.646074468101348e-12
1.46 2.0 2.8194006983352464e-12
1.46 2.06 -1.4518515188000565e-11
1.46 2.12 -3.5629985620859436e-11
1.46 2.18 3.025761459018304e-12
1.46 2.2399999999999998 -3.2850502678485755e-12
1.46 2.3000000000000003 -2.196337788549337e-12
1.46 2.36 7.989711718043815e-14
1.46 2.4200000000000004 2.2103579839316593e-17
1.46 2.48 5.07428435495642e-20
1.46 2.5400000000000005 -4.343066594721098e-19
1.46 2.5999999999999996 -4.843734096145978e-20
1.46 2.66 1.2347812506337864e-21
1.46 2.7199999999999998 -5.330515174475039e-23
1.46 2.7800000000000002 0.0
1.46 2.84 0.0
1.46 2.9000000000000004 0.0
1.46 2.9599999999999995 0.0
1.46 3.02 0.0
1.46 3.0799999999999996 0.0
1.46 3.14 0.0
1.46 3.1999999999999997 0.0
1.46 3.2600000000000002 0.0
1.46 3.3200000000000003 0.0
1.46 3.38 0.0
1.46 3.4399999999999995 0.0
1.46 3.5 0.0
1.52 0.5 0.0
1.52 0.56 0.0
1.52 0.62 0.0
1.52 0.6799999999999999 0.0
1.52 0.74 0.0
1.52 0.8 0.0
1.52 0.86 6.089100212313615e-21
1.52 0.92 -5.84159013181769e-21
1.52 0.98 -9.431304697921404e-20
1.52 1.04 -2.1428211430605095e-9
1.52 1.1 6.086359337853804e-5
1.52 1.1600000000000001 0.011894421345854209
1.52 1.22 0.01321249795506547
1.52 1.28 0.00562123831329597
1.52 1.34 0.009415132150046404
1.52 1.4 0.002713697878783803
1.52 1.46 0.03457632672951653
1.52 1.52 0.9622284649551611
1.52 1.58 1.9512077935105245
1.52 1.6400000000000001 1.2667900981145017
1.52 1.7000000000000002 1.272091890246404
1.52 1.76 0.8270184586108168
1.52 1.82 0.0004491132932635425
1.52 1.8800000000000001 9.344628434088792e-6
1.52 1.94 -7.371812955329747e-9
1.52 2.0 -1.064192137280095e-10
1.52 2.06 1.77581589113726e-11
1.52 2.12 1.716767003159427e-10
1.52 2.18 -1.264280060024595e-8
1.52 2.2399999999999998 -1.1908008482877543e-10
1.52 2.3000000000000003 -5.191073212441077e-11
1.52 2.36 1.692599731748963e-11
1.52 2.4200000000000004 -2.469432767785688e-18
1.52 2.48 6.0905502980580895e-18
1.52 2.5400000000000005 -1.760135184734996e-20
1.52 2.5999999999999996 -2.685592675025666e-19
1.52 2.66 1.2352258821577863e-20
1.52 2.7199999999999998 -2.452518526611588e-22
1.52 2.7800000000000002 0.0
1.52 2.84 0.0
1.52 2.9000000000000004 0.0
1.52 2.9599999999999995 0.0
1.52 3.02 0.0
1.52 3.0799999999999996 0.0
1.52 3.14 0.0
1.52 3.1999999999999997 0.0
1.52 3.2600000000000002 0.0
1.52 3.3200000000000003 0.0
1.52 3.38 0.0
1.52 3.4399999999999995 0.0
1.52 3.5 0.0
1.58 0.5 0.0
1.58 0.56 0.0
1.58 0.62 0.0
1.58 0.6799999999999999 0.0
1.58 0.74 0.0
1.58 0.8 0.0
1.58 0.86 2.3330145411309188e-20
1.58 0.92 -2.3003401852715538e-21
1.58 0.98 -1.8774067752078527e-19
1.58 1.04 2.4475886627904144e-16
1.58 1.1 3.3254797722767075e-9
1.58 1.1600000000000001 0.0006271436167504052
1.58 1.22 0.0377004719251583
1.58 1.28 0.07688095372639145
1.58 1.34 0.01908838105519033
1.58 1.4 0.0610903107348554
1.58 1.46 0.015495611368382487
1.58 1.52 0.1148083681586766
1.58 1.58 1.9934161319356083
1.58 1.6400000000000001 2.78117639372271
1.58 1.7000000000000002 1.3702747011146432
1.58 1.76 2.2054816429633686
1.58 1.82 0.20033843634030601
1.58 1.8800000000000001 0.002876693597345401
1.58 1.94 -0.00014208087627050122
1.58 2.0 7.284561828602802e-8
1.58 2.06 1.760944007032185e-10
1.58 2.12 5.648608524863741e-10
1.58 2.18 7.183527696471012e-10
1.58 2.2399999999999998 1.928074860208226e-9
1.58 2.3000000000000003 -3.9271957007845127e-10
1.58 2.36 3.897753655687251e-11
1.58 2.4200000000000004 -2.3619494301294354e-16
1.58 2.48 5.062188952035995e-19
1.58 2.5400000000000005 6.562075157054635e-21
1.58 2.5999999999999996 7.860081285497167e-19
1.58 2.66 7.566193529451428e-20
1.58 2.7199999999999998 2.738430749997174e-22
1.58 2.7800000000000002 0.0
1.58 2.84 0.0
1.58 2.9000000000000004 0.0
1.58 2.9599999999999995 0.0
1.58 3.02 0.0
1.58 3.0799999999999996 0.0
1.58 3.14 0.0
1.58 3.1999999999999997 0.0
1.58 3.2600000000000002 0.0
1.58 3.3200000000000003 0.0
1.58 3.38 0.0
1.58 3.4399999999999995 0.0
1.58 3.5 0.0
1.6400000000000001 0.5 0.0
1.6400000000000001 0.56 0.0
1.6400000000000001 0.62 0.0
1.6400000000000001 0.6799999999999999 0.0
1.6400000000000001 0.74 0.0
1.6400000000000001 0.8 0.0
1.6400000000000001 0.86 -1.1669400174984146e-19
1.6400000000000001 0.92 -7.401837083313903e-19
1.6400000000000001 0.98 9.9294652553422e-19
1.6400000000000001 1.04 -2.611204731884101e-16
1.6400000000000001 1.1 -1.7573724798948155e-11
1.6400000000000001 1.1600000000000001 1.4337441830415104e-13
1.6400000000000001 1.22 -0.0005196779260239764
1.6400000000000001 1.28 -0.001122566682292928
1.6400000000000001 1.34 0.233390651786069
1.6400000000000001 1.4 0.059002250382585705
1.6400000000000001 1.46 0.2529529863719669
1.6400000000000001 1.52 0.05470945286031963
1.6400000000000001 1.58 0.2930501530562763
1.6400000000000001 1.6400000000000001 3.591765903265061
1.6400000000000001 1.7000000000000002 3.346878254474001
1.6400000000000001 1.76 1.2181033442917462
1.6400000000000001 1.82 0.16016489693469085
1.6400000000000001 1.8800000000000001 2.5058531837948825
1.6400000000000001 1.94 0.03686167997426858
1.6400000000000001 2.0 7.023244430865292e-6
1.6400000000000001 2.06 9.178609066969176e-8
1.6400000000000001 2.12 6.0081826832674285e-9
1.6400000000000001 2.18 2.764341311350396e-9
1.6400000000000001 2.2399999999999998 8.435997146230825e-7
1.6400000000000001 2.3000000000000003 4.875555326706702e-7
1.6400000000000001 2.36 1.8246606719081033e-9
1.6400000000000001 2.4200000000000004 -3.8070608997418935e-17
1.6400000000000001 2.48 -2.2356206348021706e-19
1.6400000000000001 2.5400000000000005 -6.1164312016715366e-18
1.6400000000000001 2.5999999999999996 1.2566559950878917e-17
1.6400000000000001 2.66 5.705022062265525e-18
1.6400000000000001 2.7199999999999998 2.1693458996116625e-19
1.6400000000000001 2.7800000000000002 0.0
1.6400000000000001 2.84 0.0
1.6400000000000001 2.9000000000000004 0.0
1.6400000000000001 2.9599999999999995 0.0
1.6400000000000001 3.02 0.0
1.6400000000000001 3.0799999999999996 0.0
1.6400000000000001 3.14 0.0
1.6400000000000001 3.1999999999999997 0.0
1.6400000000000001 3.2600000000000002 0.0
1.6400000000000001 3.3200000000000003 0.0
1.6400000000000001 3.38 0.0
1.6400000000000001 3.4399999999999995 0.0
1.6400000000000001 3.5 0.0
1.7000000000000002 0.5 0.0
1.7000000000000002 0.56 0.0
1.7000000000000002 0.62 0.0
1.7000000000000002 0.6799999999999999 0.0
1.7000000000000002 0.74 0.0
1.7000000000000002 0.8 0.0
1.7000000000000002 0.86 -1.4476584966366507e-19
1.7000000000000002 0.92 -2.9429304060517207e-18
1.7000000000000002 0.98 4.2165556026007975e-18
1.7000000000000002 1.04 2.5793107079315974e-16
1.7000000000000002 1.1 -7.877547331895819e-16
1.7000000000000002 1.1600000000000001 -3.569400579894873e-15
1.7000000000000002 1.22 2.0438810471165444e-11
1.7000000000000002 1.28 7.468835568242426e-8
1.7000000000000002 1.34 0.33563641085713014
1.7000000000000002 1.4 0.6107272343635148
1.7000000000000002 1.46 0.16809796915021086
1.7000000000000002 1.52 0.7784058810638772
1.7000000000000002 1.58 0.16744648777077223
1.7000000000000002 1.6400000000000001 0.6199640537599888
1.7000000000000002 1.7000000000000002 5.404036149401535
1.7000000000000002 1.76 3.502737431412505
1.7000000000000002 1.82 0.7442502978651182
1.7000000000000002 1.8800000000000001 4.518072838821632
1.7000000000000002 1.94 1.91790916155902
1.7000000000000002 2.0 0.08662054516439308
1.7000000000000002 2.06 8.052433911668785e-5
1.7000000000000002 2.12 -8.4078943080747e-5
1.7000000000000002 2.18 -2.4162921828602004e-8
1.7000000000000002 2.2399999999999998 -1.398346126685042e-5
1.7000000000000002 2.3000000000000003 -3.046128239004826e-6
1.7000000000000002 2.36 2.3208652963004345e-7
1.7000000000000002 2.4200000000000004 -1.825612070878518e-16
1.7000000000000002 2.48 7.462970201894587e-17
1.7000000000000002 2.5400000000000005 3.238554636935322e-18
1.7000000000000002 2.5999999999999996 4.343165317569992e-19
1.7000000000000002 2.66 4.2316613691828493e-17
1.7000000000000002 2.7199999999999998 5.167873596614009e-18
1.7000000000000002 2.7800000000000002 0.0
1.7000000000000002 2.84 0.0
1.7000000000000002 2.9000000000000004 0.0
1.7000000000000002 2.9599999999999995 0.0
1.7000000000000002 3.02 0.0
1.7000000000000002 3.0799999999999996 0.0
1.7000000000000002 3.14 0.0
1.7000000000000002 3.1999999999999997 0.0
1.7000000000000002 3.2600000000000002 0.0
1.7000000000000002 3.3200000000000003 0.0
1.7000000000000002 3.38 0.0
1.7000000000000002 3.4399999999999995 0.0
1.7000000000000002 3.5 0.0
1.76 0.5 0.0
1.76 0.56 0.0
1.76 0.62 0.0
1.76 0.6799999999999999 0.0
1.76 0.74 0.0
1.76 0.8 0.0
1.76 0.86 2.9593831900547806e-18
1.76 0.92 4.366177025029418e-18
1.76 0.98 4.2628206331850566e-17
1.76 1.04 7.097888575597723e-17
1.76 1.1 2.583268356999139e-16
1.76 1.1600000000000001 -1.3223371511912735e-15
1.76 1.22 -1.1098075880058853e-13
1.76 1.28 5.307692787029877e-11
1.76 1.34 0.002653377597033223
1.76 1.4 0.597594550969376
1.76 1.46 1.050269173752814
1.76 1.52 0.3922736062827137
1.76 1.58 1.6804154592602882
1.76 1.6400000000000001 0.3847086595889499
1.76 1.7000000000000002 1.1314876042978346
1.76 1.76 7.55812919780744
1.76 1.82 3.2864644563083854
1.76 1.8800000000000001 1.1200808807781693
1.76 1.94 4.797993278553971
1.76 2.0 3.5950547299191684
1.76 2.06 0.17412209102901746
1.76 2.12 5.903366153547522e-5
1.76 2.18 9.859321097882386e-5
1.76 2.2399999999999998 -5.5175511463213464e-6
1.76 2.3000000000000003 -1.768802249185751e-6
1.76 2.36 5.760246298863886e-7
1.76 2.4200000000000004 -4.6833696843013066e-17
1.76 2.48 3.3469024151679716e-17
1.76 2.5400000000000005 1.7906175227687146e-18
1.76 2.5999999999999996 -5.479389310561065e-19
1.76 2.66 2.1759011841729286e-17
1.76 2.7199999999999998 1.5108796241421004e-17
1.76 2.7800000000000002 0.0
1.76 2.84 0.0
1.76 2.9000000000000004 0.0
1.76 2.9599999999999995 0.0
1.76 3.02 0.0
1.76 3.0799999999999996 0.0
1.76 3.14 0.0
1.76 3.1999999999999997 0.0
1.76 3.2600000000000002 0.0
1.76 3.3200000000000003 0.0
1.76 3.38 0.0
1.76 3.4399999999999995 0.0
1.76 3.5 0.0
1.82 0.5 0.0
1.82 0.56 0.0
1.82 0.62 0.0
1.82 0.6799999999999999 0.0
1.82 0.74 0.0
1.82 0.8 0.0
1.82 0.86 -2.238795844418937e-16
1.82 0.92 -1.8088746994255704e-18
1.82 0.98 -1.9622810888877604e-17
1.82 1.04 -7.273665129726504e-17
1.82 1.1 -2.7186633748476215e-16
1.82 1.1600000000000001 -8.614847903339345e-15
1.82 1.22 8.530454153518459e-16
1.82 1.28 1.013986775513335e-12
1.82 1.34 4.229645474919997e-5
1.82 1.4 -2.1299075977066064e-6
1.82 1.46 0.8389870149171552
1.82 1.52 1.912040473211247
1.82 1.58 0.7432862515799219
1.82 1.6400000000000001 3.0238756220563507
1.82 1.7000000000000002 0.7400462471382017
1.82 1.76 1.9296527763303652
1.82 1.82 10.629014214072333
1.82 1.8800000000000001 2.874669896304953
1.82 1.94 1.5892670540355334
1.82 2.0 4.37010704847273
1.82 2.06 1.6834305162619079
1.82 2.12 0.0032336294212842753
1.82 2.18 0.0008822429896865247
1.82 2.2399999999999998 0.0005074500451841006
1.82 2.3000000000000003 -4.359783580426267e-6
1.82 2.36 6.895092687704908e-8
1.82 2.4200000000000004 1.0863601912529631e-14
1.82 2.48 9.35381296750666e-13
1.82 2.5400000000000005 -1.4878061712236652e-15
1.82 2.5999999999999996 -1.1113645437666414e-17
1.82 2.66 1.7460878304142999e-16
1.82 2.7199999999999998 -3.619786915804892e-17
1.82 2.7800000000000002 0.0
1.82 2.84 0.0
1.82 2.9000000000000004 0.0
1.82 2.9599999999999995 0.0
1.82 3.02 0.0
1.82 3.0799999999999996 0.0
1.82 3.14 0.0
1.82 3.1999999999999997 0.0
1.82 3.2600000000000002 0.0
1.82 3.3200000000000003 0.0
1.82 3.38 0.0
1.82 3.4399999999999995 0.0
1.82 3.5 0.0
1.8800000000000001 0.5 0.0
1.8800000000000001 0.56 0.0
1.8800000000000001 0.62 0.0
1.8800000000000001 0.6799999999999999 0.0
1.8800000000000001 0.74 0.0
1.8800000000000001 0.8 0.0
1.8800000000000001 0.86 -7.92153812717445e-17
1.8800000000000001 0.92 -1.8861796201538151e-16
1.8800000000000001 0.98 2.792271670377574e-17
1.8800000000000001 1.04 -1.453466245236981e-15
1.8800000000000001 1.1 4.301768959999482e-16
1.8800000000000001 1.1600000000000001 -8.760805052580004e-14
1.8800000000000001 1.22 -1.4741860420883354e-17
1.8800000000000001 1.28 1.0315414886244217e-11
1.8800000000000001 1.34 5.452835471025972e-11
1.8800000000000001 1.4 5.785550206687768e-7
1.8800000000000001 1.46 0.04890230612291532
1.8800000000000001 1.52 0.8575764383213174
1.8800000000000001 1.58 2.588693077277321
1.8800000000000001 1.6400000000000001 1.0630990651177306
1.8800000000000001 1.7000000000000002 4.186081556640626
1.8800000000000001 1.76 1.2480588746256678
1.8800000000000001 1.82 2.629448082256185
1.8800000000000001 1.8800000000000001 14.369290707813533
1.8800000000000001 1.94 2.692643889751922
1.8800000000000001 2.0 1.9082441833157708
1.8800000000000001 2.06 3.3376122299025344
1.8800000000000001 2.12 0.9351632435049827
1.8800000000000001 2.18 0.024162372335618753
1.8800000000000001 2.2399999999999998 0.0022113831886731495
1.8800000000000001 2.3000000000000003 0.0020998913008569865
1.8800000000000001 2.36 3.6863032353945995e-5
1.8800000000000001 2.4200000000000004 -6.584978179462195e-14
1.8800000000000001 2.48 -5.839136562441482e-12
1.8800000000000001 2.5400000000000005 8.292738810898857e-15
1.8800000000000001 2.5999999999999996 -2.2130578495771003e-17
1.8800000000000001 2.66 1.4362047921931162e-15
1.8800000000000001 2.7199999999999998 -1.2238897682793425e-17
1.8800000000000001 2.7800000000000002 0.0
1.8800000000000001 2.84 0.0
1.8800000000000001 2.9000000000000004 0.0
1.8800000000000001 2.9599999999999995 0.0
1.8800000000000001 3.02 0.0
1.8800000000000001 3.0799999999999996 0.0
1.8800000000000001 3.14 0.0
1.8800000000000001 3.1999999999999997 0.0
1.8800000000000001 3.2600000000000002 0.0
1.8800000000000001 3.3200000000000003 0.0
1.8800000000000001 3.38 0.0
1.8800000000000001 3.4399999999999995 0.0
1.8800000000000001 3.5 0.0
1.94 0.5 0.0
1.94 0.56 0.0
1.94 0.62 0.0
1.94 0.6799999999999999 0.0
1.94 0.74 0.0
1.94 0.8 0.0
1.94 0.86 -1.9687050508180879e-16
1.94 0.92 -3.7850854486679576e-17
1.94 0.98 2.6145001625565994e-17
1.94 1.04 -4.853324429118875e-16
1.94 1.1 -5.580017032455771e-16
1.94 1.1600000000000001 -6.407888341398328e-14
1.94 1.22 -9.142198065958715e-16
1.94 1.28 7.541430765643059e-12
1.94 1.34 -1.9727137732293655e-12
1.94 1.4 9.482835677348246e-10
1.94 1.46 -5.008502797387484e-6
1.94 1.52 0.1053728395523788
1.94 1.58 0.7614961318463302
1.94 1.6400000000000001 2.909615854005895
1.94 1.7000000000000002 1.3256044680782764
1.94 1.76 4.978764358489981
1.94 1.82 1.9264121897704825
1.94 1.8800000000000001 3.1047528542831233
1.94 1.94 16.232057768934162
1.94 2.0 2.462135192039848
1.94 2.06 2.085884719208123
1.94 2.12 2.25824559348767
1.94 2.18 0.5181766240857273
1.94 2.2399999999999998 0.014380725797557581
1.94 2.3000000000000003 0.0042228036756344
1.94 2.36 0.004588123912570319
1.94 2.4200000000000004 -1.5686669689773774e-12
1.94 2.48 7.105572575024896e-11
1.94 2.5400000000000005 -1.8343945347868177e-13
1.94 2.5999999999999996 5.452732228871607e-18
1.94 2.66 4.779593278396e-16
1.94 2.7199999999999998 -2.906296925828564e-17
1.94 2.7800000000000002 0.0
1.94 2.84 0.0
1.94 2.9000000000000004 0.0
1.94 2.9599999999999995 0.0
1.94 3.02 0.0
1.94 3.0799999999999996 0.0
1.94 3.14 0.0
1.94 3.1999999999999997 0.0
1.94 3.2600000000000002 0.0
1.94 3.3200000000000003 0.0
1.94 3.38 0.0
1.94 3.4399999999999995 0.0
1.94 3.5 0.0
2.0 0.5 0.0
2.0 0.56 0.0
2.0 0.62 0.0
2.0 0.6799999999999999 0.0
2.0 0.74 0.0
2.0 0.8 0.0
2.0 0.86 -6.38224597240031e-16
2.0 0.92 -8.310455970055404e-18
2.0 0.98 -1.4893581480383406e-17
2.0 1.04 2.9701914449819834e-17
2.0 1.1 -4.979728643725776e-16
2.0 1.1600000000000001 -1.0897866074196537e-15
2.0 1.22 1.4196872592560965e-16
2.0 1.28 1.2620365908388266e-13
2.0 1.34 -3.3469269861284055e-14
2.0 1.4 9.291501157292075e-12
2.0 1.46 3.599946188768123e-8
2.0 1.52 9.771633208727832e-7
2.0 1.58 0.06754218482080242
2.0 1.6400000000000001 0.5941506556835878
2.0 1.7000000000000002 2.7360414535119637
2.0 1.76 1.4165362289898689
2.0 1.82 4.9829715553770795
2.0 1.8800000000000001 2.5139273708074663
2.0 1.94 3.4490790840548105
2.0 2.0 14.41635985961905
2.0 2.06 3.136856192500739
2.0 2.12 1.8001726685353583
2.0 2.18 1.231296396136168
2.0 2.2399999999999998 0.4887269443872249
2.0 2.3000000000000003 0.012078254925484849
2.0 2.36 0.00013004466914300368
2.0 2.4200000000000004 -2.3805699741404605e-8
2.0 2.48 1.3509748947402902e-9
2.0 2.5400000000000005 1.2268475374430442e-11
2.0 2.5999999999999996 5.875623804704196e-17
2.0 2.66 -8.310280409415176e-17
2.0 2.7199999999999998 -8.270787237503458e-17
2.0 2.7800000000000002 0.0
2.0 2.84 0.0
2.0 2.9000000000000004 0.0
2.0 2.9599999999999995 0.0
2.0 3.02 0.0
2.0 3.0799999999999996 0.0
2.0 3.14 0.0
2.0 3.1999999999999997 0.0
2.0 3.2600000000000002 0.0
2.0 3.3200000000000003 0.0
2.0 3.38 0.0
2.0 3.4399999999999995 0.0
2.0 3.5 0.0
2.06 0.5 0.0
2.06 0.56 0.0
2.06 0.62 0.0
2.06 0.6799999999999999 0.0
2.06 0.74 0.0
2.06 0.8 0.0
2.06 0.86 -1.615821448940916e-16
2.06 0.92 -3.032200081297374e-17
2.06 0.98 1.8167498328414993e-18
2.06 1.04 1.3536840770703103e-17
2.06 1.1 -3.8182663998863646e-16
2.06 1.1600000000000001 -3.1959887276128297e-16
2.06 1.22 -5.106706193775399e-16
2.06 1.28 3.774551118546454e-14
2.06 1.34 -9.763433131893428e-15
2.06 1.4 1.6498731272704843e-12
2.06 1.46 -1.934500024651664e-9
2.06 1.52 1.7113030047278663e-7
2.06 1.58 2.5728843780244763e-5
2.06 1.6400000000000001 0.05675000266392337
2.06 1.7000000000000002 0.2633636270059608
2.06 1.76 2.0476515862432088
2.06 1.82 1.162659611027359
2.06 1.8800000000000001 4.2637156193653425
2.06 1.94 2.839662529868913
2.06 2.0 3.2851847619008927
2.06 2.06 9.059365767568885
2.06 2.12 3.0019854773004484
2.06 2.18 1.1114351737608308
2.06 2.2399999999999998 0.6075578062006097
2.06 2.3000000000000003 0.19303635986816742
2.06 2.36 0.01268850768203781
2.06 2.4200000000000004 -1.6461962472092413e-7
2.06 2.48 -1.9339991042268026e-8
2.06 2.5400000000000005 1.370779593776859e-10
2.06 2.5999999999999996 4.845678215290091e-17
2.06 2.66 -9.778138291868911e-17
2.06 2.7199999999999998 -1.2785042382765978e-17
2.06 2.7800000000000002 0.0
2.06 2.84 0.0
2.06 2.9000000000000004 0.0
2.06 2.9599999999999995 0.0
2.06 3.02 0.0
2.06 3.0799999999999996 0.0
2.06 3.14 0.0
2.06 3.1999999999999997 0.0
2.06 3.2600000000000002 0.0
2.06 3.3200000000000003 0.0
2.06 3.38 0.0
2.06 3.4399999999999995 0.0
2.06 3.5 0.0
2.12 0.5 0.0
2.12 0.56 0.0
2.12 0.62 0.0
2.12 0.6799999999999999 0.0
2.12 0.74 0.0
2.12 0.8 0.0
2.12 0.86 -5.1410918278739975e-17
2.12 0.92 -1.8188958199936257e-17
2.12 0.98 2.0162348968633358e-17
2.12 1.04 7.752274053399157e-17
2.12 1.1 -2.4871047099117894e-16
2.12 1.1600000000000001 -7.675992024182079e-15
2.12 1.22 3.9543283108059545e-16
2.12 1.28 9.039992779492922e-13
2.12 1.34 -2.3639943005933405e-13
2.12 1.4 7.370214894602166e-13
2.12 1.46 4.83388980572008e-10
2.12 1.52 2.3520254021102846e-8
2.12 1.58 -9.468528686465754e-9
2.12 1.6400000000000001 7.776960747640335e-6
2.12 1.7000000000000002 0.025449233092132362
2.12 1.76 0.1034609258252005
2.12 1.82 1.2010477996927327
2.12 1.8800000000000001 0.8245908659478202
2.12 1.94 3.06051230072186
2.12 2.0 2.611765361430732
2.12 2.06 2.593204287793087
2.12 2.12 3.441806610540545
2.12 2.18 2.007601061630366
2.12 2.2399999999999998 0.6376594094247862
2.12 2.3000000000000003 0.23570217944414446
2.12 2.36 0.09536249793324726
2.12 2.4200000000000004 0.003422542963828967
2.12 2.48 2.339974285692204e-8
2.12 2.5400000000000005 3.396274814893473e-8
2.12 2.5999999999999996 1.8312907216298288e-17
2.12 2.66 -1.0081542287498696e-16
2.12 2.7199999999999998 1.5771824015409444e-17
2.12 2.7800000000000002 0.0
2.12 2.84 0.0
2.12 2.9000000000000004 0.0
2.12 2.9599999999999995 0.0
2.12 3.02 0.0
2.12 3.0799999999999996 0.0
2.12 3.14 0.0
2.12 3.1999999999999997 0.0
2.12 3.2600000000000002 0.0
2.12 3.3200000000000003 0.0
2.12 3.38 0.0
2.12 3.4399999999999995 0.0
2.12 3.5 0.0
2.18 0.5 0.0
2.18 0.56 0.0
2.18 0.62 0.0
2.18 0.6799999999999999 0.0
2.18 0.74 0.0
2.18 0.8 0.0
2.18 0.86 -1.1239150047812565e-16
2.18 0.92 -3.774616483682837e-17
2.18 0.98 3.162984676848147e-17
2.18 1.04 5.54476965717082e-17
2.18 1.1 -3.092229791706362e-16
2.18 1.1600000000000001 -2.651929450386445e-14
2.18 1.22 1.5410256053028193e-16
2.18 1.28 3.1212849659771186e-12
2.18 1.34 3.9608508504926297e-7
2.18 1.4 1.4231279814851577e-13
2.18 1.46 2.0970898682559756e-9
2.18 1.52 7.984498495734599e-9
2.18 1.58 4.29762048170565e-7
2.18 1.6400000000000001 1.7889491728139089e-6
2.18 1.7000000000000002 0.0012825565538847614
2.18 1.76 0.009410126302417977
2.18 1.82 0.04518204459732896
2.18 1.8800000000000001 0.4913534362794055
2.18 1.94 0.4805035369419766
2.18 2.0 1.7991716369720758
2.18 2.06 1.8979311880582372
2.18 2.12 1.4498412245891314
2.18 2.18 1.0889029279782079
2.18 2.2399999999999998 0.9230642916010696
2.18 2.3000000000000003 0.26297770365491124
2.18 2.36 0.14315237361705663
2.18 2.4200000000000004 0.014326563013338237
2.18 2.48 0.0013692640355074098
2.18 2.5400000000000005 3.344091969306131e-7
2.18 2.5999999999999996 6.844121035345465e-17
2.18 2.66 -2.787496721890971e-17
2.18 2.7199999999999998 4.4355546076263815e-17
2.18 2.7800000000000002 0.0
2.18 2.84 0.0
2.18 2.9000000000000004 0.0
2.18 2.9599999999999995 0.0
2.18 3.02 0.0
2.18 3.0799999999999996 0.0
2.18 3.14 0.0
2.18 3.1999999999999997 0.0
2.18 3.2600000000000002 0.0
2.18 3.3200000000000003 0.0
2.18 3.38 0.0
2.18 3.4399999999999995 0.0
2.18 3.5 0.0
2.2399999999999998 0.5 0.0
2.2399999999999998 0.56 0.0
2.2399999999999998 0.62 0.0
2.2399999999999998 0.6799999999999999 0.0
2.2399999999999998 0.74 0.0
2.2399999999999998 0.8 0.0
2.2399999999999998 0.86 -5.339118165893778e-17
2.2399999999999998 0.92 -1.9301644965579195e-17
2.2399999999999998 0.98 1.4642855034605115e-17
2.2399999999999998 1.04 3.3822454776773276e-16
2.2399999999999998 1.1 1.0979132055130513e-16
2.2399999999999998 1.1600000000000001 1.5155222593464406e-15
2.2399999999999998 1.22 6.1755941912543296e-12
2.2399999999999998 1.28 -1.786795454200136e-13
2.2399999999999998 1.34 3.06387222419023e-6
2.2399999999999998 1.4 6.92045126220528e-10
2.2399999999999998 1.46 3.56492936899498e-9
2.2399999999999998 1.52 1.5311133463255801e-9
2.2399999999999998 1.58 -1.9574736421281098e-8
2.2399999999999998 1.6400000000000001 1.7543164164521442e-6
2.2399999999999998 1.7000000000000002 6.18340495687454e-5
2.2399999999999998 1.76 0.0006489879854044392
2.2399999999999998 1.82 0.005538246899533676
2.2399999999999998 1.8800000000000001 0.02396186942055775
2.2399999999999998 1.94 0.19872627007684937
2.2399999999999998 2.0 0.22780299088731792
2.2399999999999998 2.06 0.8617839068668101
2.2399999999999998 2.12 1.0847520319342625
2.2399999999999998 2.18 0.7084945247103855
2.2399999999999998 2.2399999999999998 0.4042488526140278
2.2399999999999998 2.3000000000000003 0.42235290278085824
2.2399999999999998 2.36 0.072853600240662
2.2399999999999998 2.4200000000000004 0.012827037858648695
2.2399999999999998 2.48 0.0029031324631204336
2.2399999999999998 2.5400000000000005 0.00011256388240585238
2.2399999999999998 2.5999999999999996 4.915984130305962e-17
2.2399999999999998 2.66 6.618245989109992e-17
2.2399999999999998 2.7199999999999998 2.4366137822328394e-17
2.2399999999999998 2.7800000000000002 0.0
2.2399999999999998 2.84 0.0
2.2399999999999998 2.9000000000000004 0.0
2.2399999999999998 2.9599999999999995 0.0
2.2399999999999998 3.02 0.0
2.2399999999999998 3.0799999999999996 0.0
2.2399999999999998 3.14 0.0
2.2399999999999998 3.1999999999999997 0.0
2.2399999999999998 3.2600000000000002 0.0
2.2399999999999998 3.3200000000000003 0.0
2.2399999999999998 3.38 0.0
2.2399999999999998 3.4399999999999995 0.0
2.2399999999999998 3.5 0.0
2.3000000000000003 0.5 0.0
2.3000000000000003 0.56 0.0
2.3000000000000003 0.62 0.0
2.3000000000000003 0.6799999999999999 0.0
2.3000000000000003 0.74 0.0
2.3000000000000003 0.8 0.0
2.3000000000000003 0.86 1.3223739684054503e-17
2.3000000000000003 0.92 -4.007588884764072e-18
2.3000000000000003 0.98 6.897400989043928e-18
2.3000000000000003 1.04 2.460923075983818e-16
2.3000000000000003 1.1 3.2357215814050836e-17
2.3000000000000003 1.1600000000000001 -2.7581139091868836e-16
2.3000000000000003 1.22 6.226152787143711e-16
2.3000000000000003 1.28 3.22208649192646e-14
2.3000000000000003 1.34 -1.826054164758962e-7
2.3000000000000003 1.4 3.32506934754178e-9
2.3000000000000003 1.46 4.3580949643146795e-9
2.3000000000000003 1.52 1.3342413734792385e-9
2.3000000000000003 1.58 1.1333930098945576e-8
2.3000000000000003 1.6400000000000001 6.636222717342606e-7
2.3000000000000003 1.7000000000000002 2.234531494542408e-5
2.3000000000000003 1.76 6.105057385563324e-5
2.3000000000000003 1.82 0.0010048947862616462
2.3000000000000003 1.8800000000000001 0.006537442183231261
2.3000000000000003 1.94 0.02848990155335938
2.3000000000000003 2.0 0.07639938533433263
2.3000000000000003 2.06 0.08760168692808988
2.3000000000000003 2.12 0.3003453455893715
2.3000000000000003 2.18 0.43727382360146794
2.3000000000000003 2.2399999999999998 0.22163091622089015
2.3000000000000003 2.3000000000000003 0.09030867548146075
2.3000000000000003 2.36 0.07765132180333546
2.3000000000000003 2.4200000000000004 0.01353346954107122
2.3000000000000003 2.48 0.0016172084229293501
2.3000000000000003 2.5400000000000005 0.00046785073068418987
2.3000000000000003 2.5999999999999996 2.3441505779782967e-17
2.3000000000000003 2.66 6.9080557838203335e-18
2.3000000000000003 2.7199999999999998 9.611954657649653e-18
2.3000000000000003 2.7800000000000002 0.0
2.3000000000000003 2.84 0.0
2.3000000000000003 2.9000000000000004 0.0
2.3000000000000003 2.9599999999999995 0.0
2.3000000000000003 3.02 0.0
2.3000000000000003 3.0799999999999996 0.0
2.3000000000000003 3.14 0.0
2.3000000000000003 3.1999999999999997 0.0
2.3000000000000003 3.2600000000000002 0.0
2.3000000000000003 3.3200000000000003 0.0
2.3000000000000003 3.38 0.0
2.3000000000000003 3.4399999999999995 0.0
2.3000000000000003 3.5 0.0
2.36 0.5 0.0
2.36 0.56 0.0
2.36 0.62 0.0
2.36 0.6799999999999999 0.0
2.36 0.74 0.0
2.36 0.8 0.0
2.36 0.86 1.6932136811615198e-17
2.36 0.92 1.9363168766276297e-17
2.36 0.98 -2.8229244627359682e-18
2.36 1.04 -5.919221490094687e-16
2.36 1.1 -4.188777173927214e-16
2.36 1.1600000000000001 2.954983153890859e-16
2.36 1.22 1.4975517059798694e-16
2.36 1.28 -3.4691392932561875e-14
2.36 1.34 -2.0272195941792392e-11
2.36 1.4 6.346166043498946e-10
2.36 1.46 -8.886541751722586e-11
2.36 1.52 6.762072894754457e-10
2.36 1.58 -1.5456119565934747e-9
2.36 1.6400000000000001 4.663114571423619e-8
2.36 1.7000000000000002 8.130895100206407e-6
2.36 1.76 2.3976625048755378e-5
2.36 1.82 0.00019297027010571846
2.36 1.8800000000000001 0.0019782710264416485
2.36 1.94 0.009129682726111088
2.36 2.0 0.036948328040932385
2.36 2.06 0.04085751345840542
2.36 2.12 0.029815834712151004
2.36 2.18 0.08783206821914512
2.36 2.2399999999999998 0.11811087198041383
2.36 2.3000000000000003 0.06919064519543455
2.36 2.36 0.007046836043217843
2.36 2.4200000000000004 0.0173069875587347
2.36 2.48 0.0024111101017859696
2.36 2.5400000000000005 0.0001514543852917631
2.36 2.5999999999999996 -1.3390810367129963e-18
2.36 2.66 1.0389384055077698e-18
2.36 2.7199999999999998 -1.5109859881487747e-19
2.36 2.7800000000000002 0.0
2.36 2.84 0.0
2.36 2.9000000000000004 0.0
2.36 2.9599999999999995 0.0
2.36 3.02 0.0
2.36 3.0799999999999996 0.0
2.36 3.14 0.0
2.36 3.1999999999999997 0.0
2.36 3.2600000000000002 0.0
2.36 3.3200000000000003 0.0
2.36 3.38 0.0
2.36 3.4399999999999995 0.0
2.36 3.5 0.0
2.4200000000000004 0.5 0.0
2.4200000000000004 0.56 0.0
2.4200000000000004 0.62 0.0
2.4200000000000004 0.6799999999999999 0.0
2.4200000000000004 0.74 0.0
2.4200000000000004 0.8 0.0
2.4200000000000004 0.86 -5.1463163765717395e-19
2.4200000000000004 0.92 -8.145656040227846e-20
2.4200000000000004 0.98 1.7507777023256272e-19
2.4200000000000004 1.04 2.597141056297056e-17
2.4200000000000004 1.1 -2.691047582625989e-16
2.4200000000000004 1.1600000000000001 1.2031495692957293e-16
2.4200000000000004 1.22 -8.386864400316883e-17
2.4200000000000004 1.28 -1.4160369410158756e-14
2.4200000000000004 1.34 2.0482662537049403e-12
2.4200000000000004 1.4 2.212500468932933e-13
2.4200000000000004 1.46 -1.2276996843086455e-11
2.4200000000000004 1.52 -2.095735727789475e-12
2.4200000000000004 1.58 -2.1156003778931805e-9
2.4200000000000004 1.6400000000000001 -2.200045912320848e-11
2.4200000000000004 1.7000000000000002 -1.4169998709693721e-7
2.4200000000000004 1.76 1.4208884203414584e-7
2.4200000000000004 1.82 4.170065690391864e-12
2.4200000000000004 1.8800000000000001 -4.1950464145400734e-8
2.4200000000000004 1.94 -7.594575799897567e-9
2.4200000000000004 2.0 5.8443229733312746e-5
2.4200000000000004 2.06 0.00033632129670953915
2.4200000000000004 2.12 0.0035592666920907065
2.4200000000000004 2.18 0.002517004634341987
2.4200000000000004 2.2399999999999998 0.00784006774924716
2.4200000000000004 2.3000000000000003 0.02094727934341998
2.4200000000000004 2.36 0.005992349248080253
2.4200000000000004 2.4200000000000004 0.0030818164925295265
2.4200000000000004 2.48 0.0009257297669867186
2.4200000000000004 2.5400000000000005 4.996549324292125e-7
2.4200000000000004 2.5999999999999996 7.896695585197829e-19
2.4200000000000004 2.66 -1.758871792126299e-18
2.4200000000000004 2.7199999999999998 1.134545346046604e-19
2.4200000000000004 2.7800000000000002 0.0
2.4200000000000004 2.84 0.0
2.4200000000000004 2.9000000000000004 0.0
2.4200000000000004 2.9599999999999995 0.0
2.4200000000000004 3.02 0.0
2.4200000000000004 3.0799999999999996 0.0
2.4200000000000004 3.14 0.0
2.4200000000000004 3.1999999999999997 0.0
2.4200000000000004 3.2600000000000002 0.0
2.4200000000000004 3.3200000000000003 0.0
2.4200000000000004 3.38 0.0
2.4200000000000004 3.4399999999999995 0.0
2.4200000000000004 3.5 0.0
2.48 0.5 0.0
2.48 0.56 0.0
2.48 0.62 0.0
2.48 0.6799999999999999 0.0
2.48 0.74 0.0
2.48 0.8 0.0
2.48 0.86 4.1432504107831334e-19
2.48 0.92 -1.1606081145781484e-18
2.48 0.98 6.217234508718054e-20
2.48 1.04 1.546003079396463e-17
2.48 1.1 1.0506315055732181e-16
2.48 1.1600000000000001 9.999537187473457e-18
2.48 1.22 1.6514720554891884e-16
2.48 1.28 -1.979347100038594e-15
2.48 1.34 3.129313869384581e-11
2.48 1.4 4.660359348119281e-14
2.48 1.46 -3.9804442624793013e-11
2.48 1.52 2.8289163500423777e-13
2.48 1.58 -4.288418560441687e-8
2.48 1.6400000000000001 4.476635843734143e-11
2.48 1.7000000000000002 -3.7304158934330687e-6
2.48 1.76 1.1835341450124182e-8
2.48 1.82 2.6985869750405533e-10
2.48 1.8800000000000001 -7.010243470707815e-7
2.48 1.94 5.524010582612378e-10
2.48 2.0 8.33001250261802e-7
2.48 2.06 3.013444780631499e-5
2.48 2.12 3.102535639314664e-5
2.48 2.18 0.0008629898571671853
2.48 2.2399999999999998 0.0004201845842191224
2.48 2.3000000000000003 0.0011476775504041968
2.48 2.36 0.003558102286295995
2.48 2.4200000000000004 0.0004555896605001452
2.48 2.48 0.001059555348469677
2.48 2.5400000000000005 2.1711506593871852e-5
2.48 2.5999999999999996 -5.049626676253942e-10
2.48 2.66 -4.4298184716825344e-17
2.48 2.7199999999999998 -3.5684335524737997e-19
2.48 2.7800000000000002 0.0
2.48 2.84 0.0
2.48 2.9000000000000004 0.0
2.48 2.9599999999999995 0.0
2.48 3.02 0.0
2.48 3.0799999999999996 0.0
2.48 3.14 0.0
2.48 3.1999999999999997 0.0
2.48 3.2600000000000002 0.0
2.48 3.3200000000000003 0.0
2.48 3.38 0.0
2.48 3.4399999999999995 0.0
2.48 3.5 0.0
2.5400000000000005 0.5 0.0
2.5400000000000005 0.56 0.0
2.5400000000000005 0.62 0.0
2.5400000000000005 0.6799999999999999 0.0
2.5400000000000005 0.74 0.0
2.5400000000000005 0.8 0.0
2.5400000000000005 0.86 4.880550291169111e-18
2.5400000000000005 0.92 -5.0638600491538505e-18
2.5400000000000005 0.98 1.8459121223524726e-20
2.5400000000000005 1.04 1.6554129787617223e-15
2.5400000000000005 1.1 -2.972771788039464e-16
2.5400000000000005 1.1600000000000001 -1.6036574877259865e-16
2.5400000000000005 1.22 -8.051074209703595e-17
2.5400000000000005 1.28 1.8888159367711717e-14
2.5400000000000005 1.34 3.237307493178491e-10
2.5400000000000005 1.4 -4.255340757183517e-16
2.5400000000000005 1.46 -3.5646728978873397e-10
2.5400000000000005 1.52 1.7748570199835527e-12
2.5400000000000005 1.58 -4.441910163858448e-7
2.5400000000000005 1.6400000000000001 5.068173348035697e-10
2.5400000000000005 1.7000000000000002 -3.8918021385981266e-5
2.5400000000000005 1.76 -1.8914825394199186e-7
2.5400000000000005 1.82 2.810545839269522e-9
2.5400000000000005 1.8800000000000001 -7.261682862947276e-6
2.5400000000000005 1.94 1.7887326722960938e-11
2.5400000000000005 2.0 6.640512547526347e-10
2.5400000000000005 2.06 1.2646953796309537e-7
2.5400000000000005 2.12 5.05811810882671e-6
2.5400000000000005 2.18 4.3756253492722606e-6
2.5400000000000005 2.2399999999999998 0.00010666192114189265
2.5400000000000005 2.3000000000000003 6.465368096552537e-5
2.5400000000000005 2.36 0.00013749069555835778
2.5400000000000005 2.4200000000000004 0.0002933508191203635
2.5400000000000005 2.48 3.9200769638895235e-5
2.5400000000000005 2.5400000000000005 0.0001287219055789327
2.5400000000000005 2.5999999999999996 1.7581079053555439e-7
2.5400000000000005 2.66 -4.858468593636134e-16
2.5400000000000005 2.7199999999999998 -4.2015575474150286e-18
2.5400000000000005 2.7800000000000002 0.0
2.5400000000000005 2.84 0.0
2.5400000000000005 2.9000000000000004 0.0
2.5400000000000005 2.9599999999999995 0.0
2.5400000000000005 3.02 0.0
2.5400000000000005 3.0799999999999996 0.0
2.5400000000000005 3.14 0.0
2.5400000000000005 3.1999999999999997 0.0
2.5400000000000005 3.2600000000000002 0.0
2.5400000000000005 3.3200000000000003 0.0
2.5400000000000005 3.38 0.0
2.5400000000000005 3.4399999999999995 0.0
2.5400000000000005 3.5 0.0
2.5999999999999996 0.5 0.0
2.5999999999999996 0.56 0.0
2.5999999999999996 0.62 0.0
2.5999999999999996 0.6799999999999999 0.0
2.5999999999999996 0.74 0.0
2.5999999999999996 0.8 0.0
2.5999999999999996 0.86 0.0
2.5999999999999996 0.92 0.0
2.5999999999999996 0.98 0.0
2.5999999999999996 1.04 0.0
2.5999999999999996 1.1 0.0
2.5999999999999996 1.1600000000000001 0.0
2.5999999999999996 1.22 0.0
2.5999999999999996 1.28 0.0
2.5999999999999996 1.34 0.0
2.5999999999999996 1.4 0.0
2.5999999999999996 1.46 0.0
2.5999999999999996 1.52 0.0
2.5999999999999996 1.58 0.0
2.5999999999999996 1.6400000000000001 0.0
2.5999999999999996 1.7000000000000002 0.0
2.5999999999999996 1.76 0.0
2.5999999999999996 1.82 0.0
2.5999999999999996 1.8800000000000001 0.0
2.5999999999999996 1.94 0.0
2.5999999999999996 2.0 0.0
2.5999999999999996 2.06 0.0
2.5999999999999996 2.12 0.0
2.5999999999999996 2.18 0.0
2.5999999999999996 2.2399999999999998 0.0
2.5999999999999996 2.3000000000000003 0.0
2.5999999999999996 2.36 0.0
2.5999999999999996 2.4200000000000004 0.0
2.5999999999999996 2.48 0.0
2.5999999999999996 2.5400000000000005 0.0
2.5999999999999996 2.5999999999999996 0.0
2.5999999999999996 2.66 0.0
2.5999999999999996 2.7199999999999998 0.0
2.5999999999999996 2.7800000000000002 0.0
2.5999999999999996 2.84 0.0
2.5999999999999996 2.9000000000000004 0.0
2.5999999999999996 2.9599999999999995 0.0
2.5999999999999996 3.02 0.0
2.5999999999999996 3.0799999999999996 0.0
2.5999999999999996 3.14 0.0
2.5999999999999996 3.1999999999999997 0.0
2.5999999999999996 3.2600000000000002 0.0
2.5999999999999996 3.3200000000000003 0.0
2.5999999999999996 3.38 0.0
2.5999999999999996 3.4399999999999995 0.0
2.5999999999999996 3.5 0.0
2.66 0.5 0.0
2.66 0.56 0.0
2.66 0.62 0.0
2.66 0.6799999999999999 0.0
2.66 0.74 0.0
2.66 0.8 0.0
2.66 0.86 0.0
2.66 0.92 0.0
2.66 0.98 0.0
2.66 1.04 0.0
2.66 1.1 0.0
2.66 1.1600000000000001 0.0
2.66 1.22 0.0
2.66 1.28 0.0
2.66 1.34 0.0
2.66 1.4 0.0
2.66 1.46 0.0
2.66 1.52 0.0
2.66 1.58 0.0
2.66 1.6400000000000001 0.0
2.66 1.7000000000000002 0.0
2.66 1.76 0.0
2.66 1.82 0.0
2.66 1.8800000000000001 0.0
2.66 1.94 0.0
2.66 2.0 0.0
2.66 2.06 0.0
2.66 2.12 0.0
2.66 2.18 0.0
2.66 2.2399999999999998 0.0
2.66 2.3000000000000003 0.0
2.66 2.36 0.0
2.66 2.4200000000000004 0.0
2.66 2.48 0.0
2.66 2.5400000000000005 0.0
2.66 2.5999999999999996 0.0
2.66 2.66 0.0
2.66 2.7199999999999998 0.0
2.66 2.7800000000000002 0.0
2.66 2.84 0.0
2.66 2.9000000000000004 0.0
2.66 2.9599999999999995 0.0
2.66 3.02 0.0
2.66 3.0799999999999996 0.0
2.66 3.14 0.0
2.66 3.1999999999999997 0.0
2.66 3.2600000000000002 0.0
2.66 3.3200000000000003 0.0
2.66 3.38 0.0
2.66 3.4399999999999995 0.0
2.66 3.5 0.0
2.7199999999999998 0.5 0.0
2.7199999999999998 0.56 0.0
2.7199999999999998 0.62 0.0
2.7199999999999998 0.6799999999999999 0.0
2.7199999999999998 0.74 0.0
2.7199999999999998 0.8 0.0
2.7199999999999998 0.86 0.0
2.7199999999999998 0.92 0.0
2.7199999999999998 0.98 0.0
2.7199999999999998 1.04 0.0
2.7199999999999998 1.1 0.0
2.7199999999999998 1.1600000000000001 0.0
2.7199999999999998 1.22 0.0
2.7199999999999998 1.28 0.0
2.7199999999999998 1.34 0.0
2.7199999999999998 1.4 0.0
2.7199999999999998 1.46 0.0
2.7199999999999998 1.52 0.0
2.7199999999999998 1.58 0.0
2.7199999999999998 1.6400000000000001 0.0
2.7199999999999998 1.7000000000000002 0.0
2.7199999999999998 1.76 0.0
2.7199999999999998 1.82 0.0
2.7199999999999998 1.8800000000000001 0.0
2.7199999999999998 1.94 0.0
2.7199999999999998 2.0 0.0
2.7199999999999998 2.06 0.0
2.7199999999999998 2.12 0.0
2.7199999999999998 2.18 0.0
2.7199999999999998 2.2399999999999998 0.0
2.7199999999999998 2.3000000000000003 0.0
2.7199999999999998 2.36 0.0
2.7199999999999998 2.4200000000000004 0.0
2.7199999999999998 2.48 0.0
2.7199999999999998 2.5400000000000005 0.0
2.7199999999999998 2.5999999999999996 0.0
2.7199999999999998 2.66 0.0
2.7199999999999998 2.7199999999999998 0.0
2.7199999999999998 2.7800000000000002 0.0
2.7199999999999998 2.84 0.0
2.7199999999999998 2.9000000000000004 0.0
2.7199999999999998 2.9599999999999995 0.0
2.7199999999999998 3.02 0.0
2.7199999999999998 3.0799999999999996 0.0
2.7199999999999998 3.14 0.0
2.7199999999999998 3.1999999999999997 0.0
2.7199999999999998 3.2600000000000002 0.0
2.7199999999999998 3.3200000000000003 0.0
2.7199999999999998 3.38 0.0
2.7199999999999998 3.4399999999999995 0.0
2.7199999999999998 3.5 0.0
2.7800000000000002 0.5 0.0
2.7800000000000002 0.56 0.0
2.7800000000000002 0.62 0.0
2.7800000000000002 0.6799999999999999 0.0
2.7800000000000002 0.74 0.0
2.7800000000000002 0.8 0.0
2.7800000000000002 0.86 0.0
2.7800000000000002 0.92 0.0
2.7800000000000002 0.98 0.0
2.7800000000000002 1.04 0.0
2.7800000000000002 1.1 0.0
2.7800000000000002 1.1600000000000001 0.0
2.7800000000000002 1.22 0.0
2.7800000000000002 1.28 0.0
2.7800000000000002 1.34 0.0
2.7800000000000002 1.4 0.0
2.7800000000000002 1.46 0.0
2.7800000000000002 1.52 0.0
2.7800000000000002 1.58 0.0
2.7800000000000002 1.6400000000000001 0.0
2.7800000000000002 1.7000000000000002 0.0
2.7800000000000002 1.76 0.0
2.7800000000000002 1.82 0.0
2.7800000000000002 1.8800000000000001 0.0
2.7800000000000002 1.94 0.0
2.7800000000000002 2.0 0.0
2.7800000000000002 2.06 0.0
2.7800000000000002 2.12 0.0
2.7800000000000002 2.18 0.0
2.7800000000000002 2.2399999999999998 0.0
2.7800000000000002 2.3000000000000003 0.0
2.7800000000000002 2.36 0.0
2.7800000000000002 2.4200000000000004 0.0
2.7800000000000002 2.48 0.0
2.7800000000000002 2.5400000000000005 0.0
2.7800000000000002 2.5999999999999996 0.0
2.7800000000000002 2.66 0.0
2.7800000000000002 2.7199999999999998 0.0
2.7800000000000002 2.7800000000000002 0.0
2.7800000000000002 2.84 0.0
2.7800000000000002 2.9000000000000004 0.0
2.7800000000000002 2.9599999999999995 0.0
2.7800000000000002 3.02 0.0
2.7800000000000002 3.0799999999999996 0.0
2.7800000000000002 3.14 0.0
2.7800000000000002 3.1999999999999997 0.0
2.7800000000000002 3.2600000000000002 0.0
2.7800000000000002 3.3200000000000003 0.0
2.7800000000000002 3.38 0.0
2.7800000000000002 3.4399999999999995 0.0
2.7800000000000002 3.5 0.0
2.84 0.5 0.0
2.84 0.56 0.0
2.84 0.62 0.0
2.84 0.6799999999999999 0.0
2.84 0.74 0.0
2.84 0.8 0.0
2.84 0.86 0.0
2.84 0.92 0.0
2.84 0.98 0.0
2.84 1.04 0.0
2.84 1.1 0.0
2.84 1.1600000000000001 0.0
2.84 1.22 0.0
2.84 1.28 0.0
2.84 1.34 0.0
2.84 1.4 0.0
2.84 1.46 0.0
2.84 1.52 0.0
2.84 1.58 0.0
2.84 1.6400000000000001 0.0
2.84 1.7000000000000002 0.0
2.84 1.76 0.0
2.84 1.82 0.0
2.84 1.8800000000000001 0.0
2.84 1.94 0.0
2.84 2.0 0.0
2.84 2.06 0.0
2.84 2.12 0.0
2.84 2.18 0.0
2.84 2.2399999999999998 0.0
2.84 2.3000000000000003 0.0
2.84 2.36 0.0
2.84 2.4200000000000004 0.0
2.84 2.48 0.0
2.84 2.5400000000000005 0.0
2.84 2.5999999999999996 0.0
2.84 2.66 0.0
2.84 2.7199999999999998 0.0
2.84 2.7800000000000002 0.0
2.84 2.84 0.0
2.84 2.9000000000000004 0.0
2.84 2.9599999999999995 0.0
2.84 3.02 0.0
2.84 3.0799999999999996 0.0
2.84 3.14 0.0
2.84 3.1999999999999997 0.0
2.84 3.2600000000000002 0.0
2.84 3.3200000000000003 0.0
2.84 3.38 0.0
2.84 3.4399999999999995 0.0
2.84 3.5 0.0
2.9000000000000004 0.5 0.0
2.9000000000000004 0.56 0.0
2.9000000000000004 0.62 0.0
2.9000000000000004 0.6799999999999999 0.0
2.9000000000000004 0.74 0.0
2.9000000000000004 0.8 0.0
2.9000000000000004 0.86 0.0
2.9000000000000004 0.92 0.0
2.9000000000000004 0.98 0.0
2.9000000000000004 1.04 0.0
2.9000000000000004 1.1 0.0
2.9000000000000004 1.1600000000000001 0.0
2.9000000000000004 1.22 0.0
2.9000000000000004 1.28 0.0
2.9000000000000004 1.34 0.0
2.9000000000000004 1.4 0.0
2.9000000000000004 1.46 0.0
2.9000000000000004 1.52 0.0
2.9000000000000004 1.58 0.0
2.9000000000000004 1.6400000000000001 0.0
2.9000000000000004 1.7000000000000002 0.0
2.9000000000000004 1.76 0.0
2.9000000000000004 1.82 0.0
2.9000000000000004 1.8800000000000001 0.0
2.9000000000000004 1.94 0.0
2.9000000000000004 2.0 0.0
2.9000000000000004 2.06 0.0
2.9000000000000004 2.12 0.0
2.9000000000000004 2.18 0.0
2.9000000000000004 2.2399999999999998 0.0
2.9000000000000004 2.3000000000000003 0.0
2.9000000000000004 2.36 0.0
2.9000000000000004 2.4200000000000004 0.0
2.9000000000000004 2.48 0.0
2.9000000000000004 2.5400000000000005 0.0
2.9000000000000004 2.5999999999999996 0.0
2.9000000000000004 2.66 0.0
2.9000000000000004 2.7199999999999998 0.0
2.9000000000000004 2.7800000000000002 0.0
2.9000000000000004 2.84 0.0
2.9000000000000004 2.9000000000000004 0.0
2.9000000000000004 2.9599999999999995 0.0
2.9000000000000004 3.02 0.0
2.9000000000000004 3.0799999999999996 0.0
2.9000000000000004 3.14 0.0
2.9000000000000004 3.1999999999999997 0.0
2.9000000000000004 3.2600000000000002 0.0
2.9000000000000004 3.3200000000000003 0.0
2.9000000000000004 3.38 0.0
2.9000000000000004 3.4399999999999995 0.0
2.9000000000000004 3.5 0.0
2.9599999999999995 0.5 0.0
2.9599999999999995 0.56 0.0
2.9599999999999995 0.62 0.0
2.9599999999999995 0.6799999999999999 0.0
2.9599999999999995 0.74 0.0
2.9599999999999995 0.8 0.0
2.9599999999999995 0.86 0.0
2.9599999999999995 0.92 0.0
2.9599999999999995 0.98 0.0
2.9599999999999995 1.04 0.0
2.9599999999999995 1.1 0.0
2.9599999999999995 1.1600000000000001 0.0
2.9599999999999995 1.22 0.0
2.9599999999999995 1.28 0.0
2.9599999999999995 1.34 0.0
2.9599999999999995 1.4 0.0
2.9599999999999995 1.46 0.0
2.9599999999999995 1.52 0.0
2.9599999999999995 1.58 0.0
2.9599999999999995 1.6400000000000001 0.0
2.9599999999999995 1.7000000000000002 0.0
2.9599999999999995 1.76 0.0
2.9599999999999995 1.82 0.0
2.9599999999999995 1.8800000000000001 0.0
2.9599999999999995 1.94 0.0
2.9599999999999995 2.0 0.0
2.9599999999999995 2.06 0.0
2.9599999999999995 2.12 0.0
2.9599999999999995 2.18 0.0
2.9599999999999995 2.2399999999999998 0.0
2.9599999999999995 2.3000000000000003 0.0
2.9599999999999995 2.36 0.0
2.9599999999999995 2.4200000000000004 0.0
2.9599999999999995 2.48 0.0
2.9599999999999995 2.5400000000000005 0.0
2.9599999999999995 2.5999999999999996 0.0
2.9599999999999995 2.66 0.0
2.9599999999999995 2.7199999999999998 0.0
2.9599999999999995 2.7800000000000002 0.0
2.9599999999999995 2.84 0.0
2.9599999999999995 2.9000000000000004 0.0
2.9599999999999995 2.9599999999999995 0.0
2.9599999999999995 3.02 0.0
2.9599999999999995 3.0799999999999996 0.0
2.9599999999999995 3.14 0.0
2.9599999999999995 3.1999999999999997 0.0
2.9599999999999995 3.2600000000000002 0.0
2.9599999999999995 3.3200000000000003 0.0
2.9599999999999995 3.38 0.0
2.9599999999999995 3.4399999999999995 0.0
2.9599999999999995 3.5 0.0
3.02 0.5 0.0
3.02 0.56 0.0
3.02 0.62 0.0
3.02 0.6799999999999999 0.0
3.02 0.74 0.0
3.02 0.8 0.0
3.02 0.86 0.0
3.02 0.92 0.0
3.02 0.98 0.0
3.02 1.04 0.0
3.02 1.1 0.0
3.02 1.1600000000000001 0.0
3.02 1.22 0.0
3.02 1.28 0.0
3.02 1.34 0.0
3.02 1.4 0.0
3.02 1.46 0.0
3.02 1.52 0.0
3.02 1.58 0.0
3.02 1.6400000000000001 0.0
3.02 1.7000000000000002 0.0
3.02 1.76 0.0
3.02 1.82 0.0
3.02 1.8800000000000001 0.0
3.02 1.94 0.0
3.02 2.0 0.0
3.02 2.06 0.0
3.02 2.12 0.0
3.02 2.18 0.0
3.02 2.2399999999999998 0.0
3.02 2.3000000000000003 0.0
3.02 2.36 0.0
3.02 2.4200000000000004 0.0
3.02 2.48 0.0
3.02 2.5400000000000005 0.0
3.02 2.5999999999999996 0.0
3.02 2.66 0.0
3.02 2.7199999999999998 0.0
3.02 2.7800000000000002 0.0
3.02 2.84 0.0
3.02 2.9000000000000004 0.0
3.02 2.9599999999999995 0.0
3.02 3.02 0.0
3.02 3.0799999999999996 0.0
3.02 3.14 0.0
3.02 3.1999999999999997 0.0
3.02 3.2600000000000002 0.0
3.02 3.3200000000000003 0.0
3.02 3.38 0.0
3.02 3.4399999999999995 0.0
3.02 3.5 0.0
3.0799999999999996 0.5 0.0
3.0799999999999996 0.56 0.0
3.0799999999999996 0.62 0.0
3.0799999999999996 0.6799999999999999 0.0
3.0799999999999996 0.74 0.0
3.0799999999999996 0.8 0.0
3.0799999999999996 0.86 0.0
3.0799999999999996 0.92 0.0
3.0799999999999996 0.98 0.0
3.0799999999999996 1.04 0.0
3.0799999999999996 1.1 0.0
3.0799999999999996 1.1600000000000001 0.0
3.0799999999999996 1.22 0.0
3.0799999999999996 1.28 0.0
3.0799999999999996 1.34 0.0
3.0799999999999996 1.4 0.0
3.0799999999999996 1.46 0.0
3.0799999999999996 1.52 0.0
3.0799999999999996 1.58 0.0
3.0799999999999996 1.6400000000000001 0.0
3.0799999999999996 1.7000000000000002 0.0
3.0799999999999996 1.76 0.0
3.0799999999999996 1.82 0.0
3.0799999999999996 1.8800000000000001 0.0
3.0799999999999996 1.94 0.0
3.0799999999999996 2.0 0.0
3.0799999999999996 2.06 0.0
3.0799999999999996 2.12 0.0
3.0799999999999996 2.18 0.0
3.0799999999999996 2.2399999999999998 0.0
3.0799999999999996 2.3000000000000003 0.0
3.0799999999999996 2.36 0.0
3.0799999999999996 2.4200000000000004 0.0
3.0799999999999996 2.48 0.0
3.0799999999999996 2.5400000000000005 0.0
3.0799999999999996 2.5999999999999996 0.0
3.0799999999999996 2.66 0.0
3.0799999999999996 2.7199999999999998 0.0
3.0799999999999996 2.7800000000000002 0.0
3.0799999999999996 2.84 0.0
3.0799999999999996 2.9000000000000004 0.0
3.0799999999999996 2.9599999999999995 0.0
3.0799999999999996 3.02 0.0
3.0799999999999996 3.0799999999999996 0.0
3.0799999999999996 3.14 0.0
3.0799999999999996 3.1999999999999997 0.0
3.0799999999999996 3.2600000000000002 0.0
3.0799999999999996 3.3200000000000003 0.0
3.0799999999999996 3.38 0.0
3.0799999999999996 3.4399999999999995 0.0
3.0799999999999996 3.5 0.0
3.14 0.5 0.0
3.14 0.56 0.0
3.14 0.62 0.0
3.14 0.6799999999999999 0.0
3.14 0.74 0.0
3.14 0.8 0.0
3.14 0.86 0.0
3.14 0.92 0.0
3.14 0.98 0.0
3.14 1.04 0.0
3.14 1.1 0.0
3.14 1.1600000000000001 0.0
3.14 1.22 0.0
3.14 1.28 0.0
3.14 1.34 0.0
3.14 1.4 0.0
3.14 1.46 0.0
3.14 1.52 0.0
3.14 1.58 0.0
3.14 1.6400000000000001 0.0
3.14 1.7000000000000002 0.0
3.14 1.76 0.0
3.14 1.82 0.0
3.14 1.8800000000000001 0.0
3.14 1.94 0.0
3.14 2.0 0.0
3.14 2.06 0.0
3.14 2.12 0.0
3.14 2.18 0.0
3.14 2.2399999999999998 0.0
3.14 2.3000000000000003 0.0
3.14 2.36 0.0
3.14 2.4200000000000004 0.0
3.14 2.48 0.0
3.14 2.5400000000000005 0.0
3.14 2.5999999999999996 0.0
3.14 2.66 0.0
3.14 2.7199999999999998 0.0
3.14 2.7800000000000002 0.0
3.14 2.84 0.0
3.14 2.9000000000000004 0.0
3.14 2.9599999999999995 0.0
3.14 3.02 0.0
3.14 3.0799999999999996 0.0
3.14 3.14 0.0
3.14 3.1999999999999997 0.0
3.14 3.2600000000000002 0.0
3.14 3.3200000000000003 0.0
3.14 3.38 0.0
3.14 3.4399999999999995 0.0
3.14 3.5 0.0
3.1999999999999997 0.5 0.0
3.1999999999999997 0.56 0.0
3.1999999999999997 0.62 0.0
3.1999999999999997 0.6799999999999999 0.0
3.1999999999999997 0.74 0.0
3.1999999999999997 0.8 0.0
3.1999999999999997 0.86 0.0
3.1999999999999997 0.92 0.0
3.1999999999999997 0.98 0.0
3.1999999999999997 1.04 0.0
3.1999999999999997 1.1 0.0
3.1999999999999997 1.1600000000000001 0.0
3.1999999999999997 1.22 0.0
3.1999999999999997 1.28 0.0
3.1999999999999997 1.34 0.0
3.1999999999999997 1.4 0.0
3.1999999999999997 1.46 0.0
3.1999999999999997 1.52 0.0
3.1999999999999997 1.58 0.0
3.1999999999999997 1.6400000000000001 0.0
3.1999999999999997 1.7000000000000002 0.0
3.1999999999999997 1.76 0.0
3.1999999999999997 1.82 0.0
3.1999999999999997 1.8800000000000001 0.0
3.1999999999999997 1.94 0.0
3.1999999999999997 2.0 0.0
3.1999999999999997 2.06 0.0
3.1999999999999997 2.12 0.0
3.1999999999999997 2.18 0.0
3.1999999999999997 2.2399999999999998 0.0
3.1999999999999997 2.3000000000000003 0.0
3.1999999999999997 2.36 0.0
3.1999999999999997 2.4200000000000004 0.0
3.1999999999999997 2.48 0.0
3.1999999999999997 2.5400000000000005 0.0
3.1999999999999997 2.5999999999999996 0.0
3.1999999999999997 2.66 0.0
3.1999999999999997 2.7199999999999998 0.0
3.1999999999999997 2.7800000000000002 0.0
3.1999999999999997 2.84 0.0
3.1999999999999997 2.9000000000000004 0.0
3.1999999999999997 2.9599999999999995 0.0
3.1999999999999997 3.02 0.0
3.1999999999999997 3.0799999999999996 0.0
3.1999999999999997 3.14 0.0
3.1999999999999997 3.1999999999999997 0.0
3.1999999999999997 3.2600000000000002 0.0
3.1999999999999997 3.3200000000000003 0.0
3.1999999999999997 3.38 0.0
3.1999999999999997 3.4399999999999995 0.0
3.1999999999999997 3.5 0.0
3.2600000000000002 0.5 0.0
3.2600000000000002 0.56 0.0
3.2600000000000002 0.62 0.0
3.2600000000000002 0.6799999999999999 0.0
3.2600000000000002 0.74 0.0
3.2600000000000002 0.8 0.0
3.2600000000000002 0.86 0.0
3.2600000000000002 0.92 0.0
3.2600000000000002 0.98 0.0
3.2600000000000002 1.04 0.0
3.2600000000000002 1.1 0.0
3.2600000000000002 1.1600000000000001 0.0
3.2600000000000002 1.22 0.0
3.2600000000000002 1.28 0.0
3.2600000000000002 1.34 0.0
3.2600000000000002 1.4 0.0
3.2600000000000002 1.46 0.0
3.2600000000000002 1.52 0.0
3.2600000000000002 1.58 0.0
3.2600000000000002 1.6400000000000001 0.0
3.2600000000000002 1.7000000000000002 0.0
3.2600000000000002 1.76 0.0
3.2600000000000002 1.82 0.0
3.2600000000000002 1.8800000000000001 0.0
3.2600000000000002 1.94 0.0
3.2600000000000002 2.0 0.0
3.2600000000000002 2.06 0.0
3.2600000000000002 2.12 0.0
3.2600000000000002 2.18 0.0
3.2600000000000002 2.2399999999999998 0.0
3.2600000000000002 2.3000000000000003 0.0
3.2600000000000002 2.36 0.0
3.2600000000000002 2.4200000000000004 0.0
3.2600000000000002 2.48 0.0
3.2600000000000002 2.5400000000000005 0.0
3.2600000000000002 2.5999999999999996 0.0
3.2600000000000002 2.66 0.0
3.2600000000000002 2.7199999999999998 0.0
3.2600000000000002 2.7800000000000002 0.0
3.2600000000000002 2.84 0.0
3.2600000000000002 2.9000000000000004 0.0
3.2600000000000002 2.9599999999999995 0.0
3.2600000000000002 3.02 0.0
3.2600000000000002 3.0799999999999996 0.0
3.2600000000000002 3.14 0.0
3.2600000000000002 3.1999999999999997 0.0
3.2600000000000002 3.2600000000000002 0.0
3.2600000000000002 3.3200000000000003 0.0
3.2600000000000002 3.38 0.0
3.2600000000000002 3.4399999999999995 0.0
3.2600000000000002 3.5 0.0
3.3200000000000003 0.5 0.0
3.3200000000000003 0.56 0.0
3.3200000000000003 0.62 0.0
3.3200000000000003 0.6799999999999999 0.0
3.3200000000000003 0.74 0.0
3.3200000000000003 0.8 0.0
3.3200000000000003 0.86 0.0
3.3200000000000003 0.92 0.0
3.3200000000000003 0.98 0.0
3.3200000000000003 1.04 0.0
3.3200000000000003 1.1 0.0
3.3200000000000003 1.1600000000000001 0.0
3.3200000000000003 1.22 0.0
3.3200000000000003 1.28 0.0
3.3200000000000003 1.34 0.0
3.3200000000000003 1.4 0.0
3.3200000000000003 1.46 0.0
3.3200000000000003 1.52 0.0
3.3200000000000003 1.58 0.0
3.3200000000000003 1.6400000000000001 0.0
3.3200000000000003 1.7000000000000002 0.0
3.3200000000000003 1.76 0.0
3.3200000000000003 1.82 0.0
3.3200000000000003 1.8800000000000001 0.0
3.3200000000000003 1.94 0.0
3.3200000000000003 2.0 0.0
3.3200000000000003 2.06 0.0
3.3200000000000003 2.12 0.0
3.3200000000000003 2.18 0.0
3.3200000000000003 2.2399999999999998 0.0
3.3200000000000003 2.3000000000000003 0.0
3.3200000000000003 2.36 0.0
3.3200000000000003 2.4200000000000004 0.0
3.3200000000000003 2.48 0.0
3.3200000000000003 2.5400000000000005 0.0
3.3200000000000003 2.5999999999999996 0.0
3.3200000000000003 2.66 0.0
3.3200000000000003 2.7199999999999998 0.0
3.3200000000000003 2.7800000000000002 0.0
3.3200000000000003 2.84 0.0
3.3200000000000003 2.9000000000000004 0.0
3.3200000000000003 2.9599999999999995 0.0
3.3200000000000003 3.02 0.0
3.3200000000000003 3.0799999999999996 0.0
3.3200000000000003 3.14 0.0
3.3200000000000003 3.1999999999999997 0.0
3.3200000000000003 3.2600000000000002 0.0
3.3200000000000003 3.3200000000000003 0.0
3.3200000000000003 3.38 0.0
3.3200000000000003 3.4399999999999995 0.0
3.3200000000000003 3.5 0.0
3.38 0.5 0.0
3.38 0.56 0.0
3.38 0.62 0.0
3.38 0.6799999999999999 0.0
3.38 0.74 0.0
3.38 0.8 0.0
3.38 0.86 0.0
3.38 0.92 0.0
3.38 0.98 0.0
3.38 1.04 0.0
3.38 1.1 0.0
3.38 1.1600000000000001 0.0
3.38 1.22 0.0
3.38 1.28 0.0
3.38 1.34 0.0
3.38 1.4 0.0
3.38 1.46 0.0
3.38 1.52 0.0
3.38 1.58 0.0
3.38 1.6400000000000001 0.0
3.38 1.7000000000000002 0.0
3.38 1.76 0.0
3.38 1.82 0.0
3.38 1.8800000000000001 0.0
3.38 1.94 0.0
3.38 2.0 0.0
3.38 2.06 0.0
3.38 2.12 0.0
3.38 2.18 0.0
3.38 2.2399999999999998 0.0
3.38 2.3000000000000003 0.0
3.38 2.36 0.0
3.38 2.4200000000000004 0.0
3.38 2.48 0.0
3.38 2.5400000000000005 0.0
3.38 2.5999999999999996 0.0
3.38 2.66 0.0
3.38 2.7199999999999998 0.0
3.38 2.7800000000000002 0.0
3.38 2.84 0.0
3.38 2.9000000000000004 0.0
3.38 2.9599999999999995 0.0
3.38 3.02 0.0
3.38 3.0799999999999996 0.0
3.38 3.14 0.0
3.38 3.1999999999999997 0.0
3.38 3.2600000000000002 0.0
3.38 3.3200000000000003 0.0
3.38 3.38 0.0
3.38 3.4399999999999995 0.0
3.38 3.5 0.0
3.4399999999999995 0.5 0.0
3.4399999999999995 0.56 0.0
3.4399999999999995 0.62 0.0
3.4399999999999995 0.6799999999999999 0.0
3.4399999999999995 0.74 0.0
3.4399999999999995 0.8 0.0
3.4399999999999995 0.86 0.0
3.4399999999999995 0.92 0.0
3.4399999999999995 0.98 0.0
3.4399999999999995 1.04 0.0
3.4399999999999995 1.1 0.0
3.4399999999999995 1.1600000000000001 0.0
3.4399999999999995 1.22 0.0
3.4399999999999995 1.28 0.0
3.4399999999999995 1.34 0.0
3.4399999999999995 1.4 0.0
3.4399999999999995 1.46 0.0
3.4399999999999995 1.52 0.0
3.4399999999999995 1.58 0.0
3.4399999999999995 1.6400000000000001 0.0
3.4399999999999995 1.7000000000000002 0.0
3.4399999999999995 1.76 0.0
3.4399999999999995 1.82 0.0
3.4399999999999995 1.8800000000000001 0.0
3.4399999999999995 1.94 0.0
3.4399999999999995 2.0 0.0
3.4399999999999995 2.06 0.0
3.4399999999999995 2.12 0.0
3.4399999999999995 2.18 0.0
3.4399999999999995 2.2399999999999998 0.0
3.4399999999999995 2.3000000000000003 0.0
3.4399999999999995 2.36 0.0
3.4399999999999995 2.4200000000000004 0.0
3.4399999999999995 2.48 0.0
3.4399999999999995 2.5400000000000005 0.0
3.4399999999999995 2.5999999999999996 0.0
3.4399999999999995 2.66 0.0
3.4399999999999995 2.7199999999999998 0.0
3.4399999999999995 2.7800000000000002 0.0
3.4399999999999995 2.84 0.0
3.4399999999999995 2.9000000000000004 0.0
3.4399999999999995 2.9599999999999995 0.0
3.4399999999999995 3.02 0.0
3.4399999999999995 3.0799999999999996 0.0
3.4399999999999995 3.14 0.0
3.4399999999999995 3.1999999999999997 0.0
3.4399999999999995 3.2600000000000002 0.0
3.4399999999999995 3.3200000000000003 0.0
3.4399999999999995 3.38 0.0
3.4399999999999995 3.4399999999999995 0.0
3.4399999999999995 3.5 0.0
3.5 0.5 0.0
3.5 0.56 0.0
3.5 0.62 0.0
3.5 0.6799999999999999 0.0
3.5 0.74 0.0
3.5 0.8 0.0
3.5 0.86 0.0
3.5 0.92 0.0
3.5 0.98 0.0
3.5 1.04 0.0
3.5 1.1 0.0
3.5 1.1600000000000001 0.0
3.5 1.22 0.0
3.5 1.28 0.0
3.5 1.34 0.0
3.5 1.4 0.0
3.5 1.46 0.0
3.5 1.52 0.0
3.5 1.58 0.0
3.5 1.6400000000000001 0.0
3.5 1.7000000000000002 0.0
3.5 1.76 0.0
3.5 1.82 0.0
3.5 1.8800000000000001 0.0
3.5 1.94 0.0
3.5 2.0 0.0
3.5 2.06 0.0
3.5 2.12 0.0
3.5 2.18 0.0
3.5 2.2399999999999998 0.0
3.5 2.3000000000000003 0.0
3.5 2.36 0.0
3.5 2.4200000000000004 0.0
3.5 2.48 0.0
3.5 2.5400000000000005 0.0
3.5 2.5999999999999996 0.0
3.5 2.66 0.0
3.5 2.7199999999999998 0.0
3.5 2.7800000000000002 0.0
3.5 2.84 0.0
3.5 2.9000000000000004 0.0
3.5 2.9599999999999995 0.0
3.5 3.02 0.0
3.5 3.0799999999999996 0.0
3.5 3.14 0.0
3.5 3.1999999999999997 0.0
3.5 3.2600000000000002 0.0
3.5 3.3200000000000003 0.0
3.5 3.38 0.0
3.5 3.4399999999999995 0.0
3.5 3.5 0.0
