0.5 0.5 0.0
0.5 0.56 0.0
0.5 0.62 0.0
0.5 0.6799999999999999 0.0
0.5 0.74 0.0
0.5 0.8 0.0
0.5 0.86 0.0
0.5 0.92 0.0
0.5 0.98 0.0
0.5 1.04 0.0
0.5 1.1 0.0
0.5 1.1600000000000001 0.0
0.5 1.22 0.0
0.5 1.28 0.0
0.5 1.34 0.0
0.5 1.4 0.0
0.5 1.46 0.0
0.5 1.52 0.0
0.5 1.58 0.0
0.5 1.6400000000000001 0.0
0.5 1.7000000000000002 0.0
0.5 1.76 0.0
0.5 1.82 0.0
0.5 1.8800000000000001 0.0
0.5 1.94 0.0
0.5 2.0 0.0
0.5 2.06 0.0
0.5 2.12 0.0
0.5 2.18 0.0
0.5 2.2399999999999998 0.0
0.5 2.3000000000000003 0.0
0.5 2.36 0.0
0.5 2.4200000000000004 0.0
0.5 2.48 0.0
0.5 2.5400000000000005 0.0
0.5 2.5999999999999996 0.0
0.5 2.66 0.0
0.5 2.7199999999999998 0.0
0.5 2.7800000000000002 0.0
0.5 2.84 0.0
0.5 2.9000000000000004 0.0
0.5 2.9599999999999995 0.0
0.5 3.02 0.0
0.5 3.0799999999999996 0.0
0.5 3.14 0.0
0.5 3.1999999999999997 0.0
0.5 3.2600000000000002 0.0
0.5 3.3200000000000003 0.0
0.5 3.38 0.0
0.5 3.4399999999999995 0.0
0.5 3.5 0.0
0.56 0.5 0.0
0.56 0.56 0.0
0.56 0.62 0.0
0.56 0.6799999999999999 0.0
0.56 0.74 0.0
0.56 0.8 0.0
0.56 0.86 0.0
0.56 0.92 0.0
0.56 0.98 0.0
0.56 1.04 0.0
0.56 1.1 0.0
0.56 1.1600000000000001 0.0
0.56 1.22 0.0
0.56 1.28 0.0
0.56 1.34 0.0
0.56 1.4 0.0
0.56 1.46 0.0
0.56 1.52 0.0
0.56 1.58 0.0
0.56 1.6400000000000001 0.0
0.56 1.7000000000000002 0.0
0.56 1.76 0.0
0.56 1.82 0.0
0.56 1.8800000000000001 0.0
0.56 1.94 0.0
0.56 2.0 0.0
0.56 2.06 0.0
0.56 2.12 0.0
0.56 2.18 0.0
0.56 2.2399999999999998 0.0
0.56 2.3000000000000003 0.0
0.56 2.36 0.0
0.56 2.4200000000000004 0.0
0.56 2.48 0.0
0.56 2.5400000000000005 0.0
0.56 2.5999999999999996 0.0
0.56 2.66 0.0
0.56 2.7199999999999998 0.0
0.56 2.7800000000000002 0.0
0.56 2.84 0.0
0.56 2.9000000000000004 0.0
0.56 2.9599999999999995 0.0
0.56 3.02 0.0
0.56 3.0799999999999996 0.0
0.56 3.14 0.0
0.56 3.1999999999999997 0.0
0.56 3.2600000000000002 0.0
0.56 3.3200000000000003 0.0
0.56 3.38 0.0
0.56 3.4399999999999995 0.0
0.56 3.5 0.0
0.62 0.5 0.0
0.62 0.56 0.0
0.62 0.62 0.0
0.62 0.6799999999999999 0.0
0.62 0.74 0.0
0.62 0.8 0.0
0.62 0.86 0.0
0.62 0.92 0.0
0.62 0.98 0.0
0.62 1.04 0.0
0.62 1.1 0.0
0.62 1.1600000000000001 0.0
0.62 1.22 0.0
0.62 1.28 0.0
0.62 1.34 0.0
0.62 1.4 0.0
0.62 1.46 0.0
0.62 1.52 0.0
0.62 1.58 0.0
0.62 1.6400000000000001 0.0
0.62 1.7000000000000002 0.0
0.62 1.76 0.0
0.62 1.82 0.0
0.62 1.8800000000000001 0.0
0.62 1.94 0.0
0.62 2.0 0.0
0.62 2.06 0.0
0.62 2.12 0.0
0.62 2.18 0.0
0.62 2.2399999999999998 0.0
0.62 2.3000000000000003 0.0
0.62 2.36 0.0
0.62 2.4200000000000004 0.0
0.62 2.48 0.0
0.62 2.5400000000000005 0.0
0.62 2.5999999999999996 0.0
0.62 2.66 0.0
0.62 2.7199999999999998 0.0
0.62 2.7800000000000002 0.0
0.62 2.84 0.0
0.62 2.9000000000000004 0.0
0.62 2.9599999999999995 0.0
0.62 3.02 0.0
0.62 3.0799999999999996 0.0
0.62 3.14 0.0
0.62 3.1999999999999997 0.0
0.62 3.2600000000000002 0.0
0.62 3.3200000000000003 0.0
0.62 3.38 0.0
0.62 3.4399999999999995 0.0
0.62 3.5 0.0
0.6799999999999999 0.5 0.0
0.6799999999999999 0.56 0.0
0.6799999999999999 0.62 0.0
0.6799999999999999 0.6799999999999999 0.0
0.6799999999999999 0.74 0.0
0.6799999999999999 0.8 0.0
0.6799999999999999 0.86 0.0
0.6799999999999999 0.92 0.0
0.6799999999999999 0.98 0.0
0.6799999999999999 1.04 0.0
0.6799999999999999 1.1 0.0
0.6799999999999999 1.1600000000000001 0.0
0.6799999999999999 1.22 0.0
0.6799999999999999 1.28 0.0
0.6799999999999999 1.34 0.0
0.6799999999999999 1.4 0.0
0.6799999999999999 1.46 0.0
0.6799999999999999 1.52 0.0
0.6799999999999999 1.58 0.0
0.6799999999999999 1.6400000000000001 0.0
0.6799999999999999 1.7000000000000002 0.0
0.6799999999999999 1.76 0.0
0.6799999999999999 1.82 0.0
0.6799999999999999 1.8800000000000001 0.0
0.6799999999999999 1.94 0.0
0.6799999999999999 2.0 0.0
0.6799999999999999 2.06 0.0
0.6799999999999999 2.12 0.0
0.6799999999999999 2.18 0.0
0.6799999999999999 2.2399999999999998 0.0
0.6799999999999999 2.3000000000000003 0.0
0.6799999999999999 2.36 0.0
0.6799999999999999 2.4200000000000004 0.0
0.6799999999999999 2.48 0.0
0.6799999999999999 2.5400000000000005 0.0
0.6799999999999999 2.5999999999999996 0.0
0.6799999999999999 2.66 0.0
0.6799999999999999 2.7199999999999998 0.0
0.6799999999999999 2.7800000000000002 0.0
0.6799999999999999 2.84 0.0
0.6799999999999999 2.9000000000000004 0.0
0.6799999999999999 2.9599999999999995 0.0
0.6799999999999999 3.02 0.0
0.6799999999999999 3.0799999999999996 0.0
0.6799999999999999 3.14 0.0
0.6799999999999999 3.1999999999999997 0.0
0.6799999999999999 3.2600000000000002 0.0
0.6799999999999999 3.3200000000000003 0.0
0.6799999999999999 3.38 0.0
0.6799999999999999 3.4399999999999995 0.0
0.6799999999999999 3.5 0.0
0.74 0.5 0.0
0.74 0.56 0.0
0.74 0.62 0.0
0.74 0.6799999999999999 0.0
0.74 0.74 0.0
0.74 0.8 0.0
0.74 0.86 0.0
0.74 0.92 0.0
0.74 0.98 0.0
0.74 1.04 0.0
0.74 1.1 0.0
0.74 1.1600000000000001 0.0
0.74 1.22 0.0
0.74 1.28 0.0
0.74 1.34 0.0
0.74 1.4 0.0
0.74 1.46 0.0
0.74 1.52 0.0
0.74 1.58 0.0
0.74 1.6400000000000001 0.0
0.74 1.7000000000000002 0.0
0.74 1.76 0.0
0.74 1.82 0.0
0.74 1.8800000000000001 0.0
0.74 1.94 0.0
0.74 2.0 0.0
0.74 2.06 0.0
0.74 2.12 0.0
0.74 2.18 0.0
0.74 2.2399999999999998 0.0
0.74 2.3000000000000003 0.0
0.74 2.36 0.0
0.74 2.4200000000000004 0.0
0.74 2.48 0.0
0.74 2.5400000000000005 0.0
0.74 2.5999999999999996 0.0
0.74 2.66 0.0
0.74 2.7199999999999998 0.0
0.74 2.7800000000000002 0.0
0.74 2.84 0.0
0.74 2.9000000000000004 0.0
0.74 2.9599999999999995 0.0
0.74 3.02 0.0
0.74 3.0799999999999996 0.0
0.74 3.14 0.0
0.74 3.1999999999999997 0.0
0.74 3.2600000000000002 0.0
0.74 3.3200000000000003 0.0
0.74 3.38 0.0
0.74 3.4399999999999995 0.0
0.74 3.5 0.0
0.8 0.5 0.0
0.8 0.56 0.0
0.8 0.62 0.0
0.8 0.6799999999999999 0.0
0.8 0.74 0.0
0.8 0.8 0.0
0.8 0.86 0.0
0.8 0.92 0.0
0.8 0.98 0.0
0.8 1.04 0.0
0.8 1.1 0.0
0.8 1.1600000000000001 0.0
0.8 1.22 0.0
0.8 1.28 0.0
0.8 1.34 0.0
0.8 1.4 0.0
0.8 1.46 0.0
0.8 1.52 0.0
0.8 1.58 0.0
0.8 1.6400000000000001 0.0
0.8 1.7000000000000002 0.0
0.8 1.76 0.0
0.8 1.82 0.0
0.8 1.8800000000000001 0.0
0.8 1.94 0.0
0.8 2.0 0.0
0.8 2.06 0.0
0.8 2.12 0.0
0.8 2.18 0.0
0.8 2.2399999999999998 0.0
0.8 2.3000000000000003 0.0
0.8 2.36 0.0
0.8 2.4200000000000004 0.0
0.8 2.48 0.0
0.8 2.5400000000000005 0.0
0.8 2.5999999999999996 0.0
0.8 2.66 0.0
0.8 2.7199999999999998 0.0
0.8 2.7800000000000002 0.0
0.8 2.84 0.0
0.8 2.9000000000000004 0.0
0.8 2.9599999999999995 0.0
0.8 3.02 0.0
0.8 3.0799999999999996 0.0
0.8 3.14 0.0
0.8 3.1999999999999997 0.0
0.8 3.2600000000000002 0.0
0.8 3.3200000000000003 0.0
0.8 3.38 0.0
0.8 3.4399999999999995 0.0
0.8 3.5 0.0
0.86 0.5 0.0
0.86 0.56 0.0
0.86 0.62 0.0
0.86 0.6799999999999999 0.0
0.86 0.74 0.0
0.86 0.8 0.0
0.86 0.86 0.0
0.86 0.92 0.0
0.86 0.98 0.0
0.86 1.04 0.0
0.86 1.1 0.0
0.86 1.1600000000000001 0.0
0.86 1.22 0.0
0.86 1.28 0.0
0.86 1.34 0.0
0.86 1.4 0.0
0.86 1.46 0.0
0.86 1.52 0.0
0.86 1.58 0.0
0.86 1.6400000000000001 0.0
0.86 1.7000000000000002 0.0
0.86 1.76 0.0
0.86 1.82 0.0
0.86 1.8800000000000001 0.0
0.86 1.94 0.0
0.86 2.0 0.0
0.86 2.06 0.0
0.86 2.12 0.0
0.86 2.18 0.0
0.86 2.2399999999999998 0.0
0.86 2.3000000000000003 0.0
0.86 2.36 0.0
0.86 2.4200000000000004 0.0
0.86 2.48 0.0
0.86 2.5400000000000005 0.0
0.86 2.5999999999999996 0.0
0.86 2.66 0.0
0.86 2.7199999999999998 0.0
0.86 2.7800000000000002 0.0
0.86 2.84 0.0
0.86 2.9000000000000004 0.0
0.86 2.9599999999999995 0.0
0.86 3.02 0.0
0.86 3.0799999999999996 0.0
0.86 3.14 0.0
0.86 3.1999999999999997 0.0
0.86 3.2600000000000002 0.0
0.86 3.3200000000000003 0.0
0.86 3.38 0.0
0.86 3.4399999999999995 0.0
0.86 3.5 0.0
0.92 0.5 0.0
0.92 0.56 0.0
0.92 0.62 0.0
0.92 0.6799999999999999 0.0
0.92 0.74 0.0
0.92 0.8 0.0
0.92 0.86 0.0
0.92 0.92 0.0
0.92 0.98 0.0
0.92 1.04 0.0
0.92 1.1 0.0
0.92 1.1600000000000001 0.0
0.92 1.22 0.0
0.92 1.28 0.0
0.92 1.34 0.0
0.92 1.4 0.0
0.92 1.46 0.0
0.92 1.52 0.0
0.92 1.58 0.0
0.92 1.6400000000000001 0.0
0.92 1.7000000000000002 0.0
0.92 1.76 0.0
0.92 1.82 0.0
0.92 1.8800000000000001 0.0
0.92 1.94 0.0
0.92 2.0 0.0
0.92 2.06 0.0
0.92 2.12 0.0
0.92 2.18 0.0
0.92 2.2399999999999998 0.0
0.92 2.3000000000000003 0.0
0.92 2.36 0.0
0.92 2.4200000000000004 0.0
0.92 2.48 0.0
0.92 2.5400000000000005 0.0
0.92 2.5999999999999996 0.0
0.92 2.66 0.0
0.92 2.7199999999999998 0.0
0.92 2.7800000000000002 0.0
0.92 2.84 0.0
0.92 2.9000000000000004 0.0
0.92 2.9599999999999995 0.0
0.92 3.02 0.0
0.92 3.0799999999999996 0.0
0.92 3.14 0.0
0.92 3.1999999999999997 0.0
0.92 3.2600000000000002 0.0
0.92 3.3200000000000003 0.0
0.92 3.38 0.0
0.92 3.4399999999999995 0.0
0.92 3.5 0.0
0.98 0.5 0.0
0.98 0.56 0.0
0.98 0.62 0.0
0.98 0.6799999999999999 0.0
0.98 0.74 0.0
0.98 0.8 0.0
0.98 0.86 0.0
0.98 0.92 0.0
0.98 0.98 0.0
0.98 1.04 0.0
0.98 1.1 0.0
0.98 1.1600000000000001 0.0
0.98 1.22 0.0
0.98 1.28 0.0
0.98 1.34 0.0
0.98 1.4 0.0
0.98 1.46 0.0
0.98 1.52 0.0
0.98 1.58 0.0
0.98 1.6400000000000001 0.0
0.98 1.7000000000000002 0.0
0.98 1.76 0.0
0.98 1.82 0.0
0.98 1.8800000000000001 0.0
0.98 1.94 0.0
0.98 2.0 0.0
0.98 2.06 0.0
0.98 2.12 0.0
0.98 2.18 0.0
0.98 2.2399999999999998 0.0
0.98 2.3000000000000003 0.0
0.98 2.36 0.0
0.98 2.4200000000000004 0.0
0.98 2.48 0.0
0.98 2.5400000000000005 0.0
0.98 2.5999999999999996 0.0
0.98 2.66 0.0
0.98 2.7199999999999998 0.0
0.98 2.7800000000000002 0.0
0.98 2.84 0.0
0.98 2.9000000000000004 0.0
0.98 2.9599999999999995 0.0
0.98 3.02 0.0
0.98 3.0799999999999996 0.0
0.98 3.14 0.0
0.98 3.1999999999999997 0.0
0.98 3.2600000000000002 0.0
0.98 3.3200000000000003 0.0
0.98 3.38 0.0
0.98 3.4399999999999995 0.0
0.98 3.5 0.0
1.04 0.5 0.0
1.04 0.56 0.0
1.04 0.62 0.0
1.04 0.6799999999999999 0.0
1.04 0.74 0.0
1.04 0.8 0.0
1.04 0.86 0.0
1.04 0.92 0.0
1.04 0.98 0.0
1.04 1.04 0.0
1.04 1.1 0.0
1.04 1.1600000000000001 0.0
1.04 1.22 0.0
1.04 1.28 0.0
1.04 1.34 0.0
1.04 1.4 0.0
1.04 1.46 0.0
1.04 1.52 0.0
1.04 1.58 0.0
1.04 1.6400000000000001 0.0
1.04 1.7000000000000002 0.0
1.04 1.76 0.0
1.04 1.82 0.0
1.04 1.8800000000000001 0.0
1.04 1.94 0.0
1.04 2.0 0.0
1.04 2.06 0.0
1.04 2.12 0.0
1.04 2.18 0.0
1.04 2.2399999999999998 0.0
1.04 2.3000000000000003 0.0
1.04 2.36 0.0
1.04 2.4200000000000004 0.0
1.04 2.48 0.0
1.04 2.5400000000000005 0.0
1.04 2.5999999999999996 0.0
1.04 2.66 0.0
1.04 2.7199999999999998 0.0
1.04 2.7800000000000002 0.0
1.04 2.84 0.0
1.04 2.9000000000000004 0.0
1.04 2.9599999999999995 0.0
1.04 3.02 0.0
1.04 3.0799999999999996 0.0
1.04 3.14 0.0
1.04 3.1999999999999997 0.0
1.04 3.2600000000000002 0.0
1.04 3.3200000000000003 0.0
1.04 3.38 0.0
1.04 3.4399999999999995 0.0
1.04 3.5 0.0
1.1 0.5 0.0
1.1 0.56 0.0
1.1 0.62 0.0
1.1 0.6799999999999999 0.0
1.1 0.74 0.0
1.1 0.8 0.0
1.1 0.86 0.0
1.1 0.92 0.0
1.1 0.98 0.0
1.1 1.04 0.0
1.1 1.1 0.0
1.1 1.1600000000000001 0.0
1.1 1.22 0.00018907054178298727
1.1 1.28 6.956255064024306e-5
1.1 1.34 0.0004042849623396411
1.1 1.4 1.2370498467278186e-5
1.1 1.46 3.1252116489139138e-12
1.1 1.52 -4.837324999864399e-18
1.1 1.58 -5.2667759019517845e-17
1.1 1.6400000000000001 -1.3305898922549022e-21
1.1 1.7000000000000002 -3.486757300981949e-22
1.1 1.76 -3.303970780085123e-18
1.1 1.82 -4.9397987252604466e-17
1.1 1.8800000000000001 1.445805362081468e-22
1.1 1.94 -7.944355376723202e-22
1.1 2.0 -1.2772888637668834e-23
1.1 2.06 -3.936945867555583e-21
1.1 2.12 1.6525232985506264e-21
1.1 2.18 -1.979717981213376e-21
1.1 2.2399999999999998 3.162723008491139e-20
1.1 2.3000000000000003 -1.773516757308043e-20
1.1 2.36 6.079559772536888e-22
1.1 2.4200000000000004 0.0
1.1 2.48 0.0
1.1 2.5400000000000005 0.0
1.1 2.5999999999999996 0.0
1.1 2.66 0.0
1.1 2.7199999999999998 0.0
1.1 2.7800000000000002 0.0
1.1 2.84 0.0
1.1 2.9000000000000004 0.0
1.1 2.9599999999999995 0.0
1.1 3.02 0.0
1.1 3.0799999999999996 0.0
1.1 3.14 0.0
1.1 3.1999999999999997 0.0
1.1 3.2600000000000002 0.0
1.1 3.3200000000000003 0.0
1.1 3.38 0.0
1.1 3.4399999999999995 0.0
1.1 3.5 0.0
1.1600000000000001 0.5 0.0
1.1600000000000001 0.56 0.0
1.1600000000000001 0.62 0.0
1.1600000000000001 0.6799999999999999 0.0
1.1600000000000001 0.74 0.0
1.1600000000000001 0.8 0.0
1.1600000000000001 0.86 0.0
1.1600000000000001 0.92 0.0
1.1600000000000001 0.98 0.0
1.1600000000000001 1.04 0.0
1.1600000000000001 1.1 0.0
1.1600000000000001 1.1600000000000001 0.0
1.1600000000000001 1.22 0.0032522280906650417
1.1600000000000001 1.28 0.004913466831463505
1.1600000000000001 1.34 0.0017196120362042747
1.1600000000000001 1.4 0.001332189404972066
1.1600000000000001 1.46 -8.231412051736959e-6
1.1600000000000001 1.52 9.124625955259039e-13
1.1600000000000001 1.58 -5.306309113231005e-18
1.1600000000000001 1.6400000000000001 -3.783391202611201e-20
1.1600000000000001 1.7000000000000002 -1.2763253118863753e-21
1.1600000000000001 1.76 -1.8500756531282673e-16
1.1600000000000001 1.82 -6.976323289843502e-18
1.1600000000000001 1.8800000000000001 1.3352743301229435e-17
1.1600000000000001 1.94 -7.89227180987221e-18
1.1600000000000001 2.0 -2.1963877131463575e-22
1.1600000000000001 2.06 1.1181920719521072e-19
1.1600000000000001 2.12 1.769733083303607e-17
1.1600000000000001 2.18 -3.889501663824191e-18
1.1600000000000001 2.2399999999999998 -1.3218726832398342e-17
1.1600000000000001 2.3000000000000003 5.965266287948005e-18
1.1600000000000001 2.36 1.6067533770611787e-19
1.1600000000000001 2.4200000000000004 0.0
1.1600000000000001 2.48 0.0
1.1600000000000001 2.5400000000000005 0.0
1.1600000000000001 2.5999999999999996 0.0
1.1600000000000001 2.66 0.0
1.1600000000000001 2.7199999999999998 0.0
1.1600000000000001 2.7800000000000002 0.0
1.1600000000000001 2.84 0.0
1.1600000000000001 2.9000000000000004 0.0
1.1600000000000001 2.9599999999999995 0.0
1.1600000000000001 3.02 0.0
1.1600000000000001 3.0799999999999996 0.0
1.1600000000000001 3.14 0.0
1.1600000000000001 3.1999999999999997 0.0
1.1600000000000001 3.2600000000000002 0.0
1.1600000000000001 3.3200000000000003 0.0
1.1600000000000001 3.38 0.0
1.1600000000000001 3.4399999999999995 0.0
1.1600000000000001 3.5 0.0
1.22 0.5 0.0
1.22 0.56 0.0
1.22 0.62 0.0
1.22 0.6799999999999999 0.0
1.22 0.74 0.0
1.22 0.8 0.0
1.22 0.86 0.0
1.22 0.92 0.0
1.22 0.98 0.0
1.22 1.04 0.0
1.22 1.1 0.0
1.22 1.1600000000000001 0.0
1.22 1.22 0.00034375353697340457
1.22 1.28 0.014978585593716757
1.22 1.34 -0.03282414892784567
1.22 1.4 0.003413304160538351
1.22 1.46 0.004963618432394614
1.22 1.52 -3.7579348270807746e-6
1.22 1.58 6.629433070588677e-13
1.22 1.6400000000000001 -5.981203401426226e-16
1.22 1.7000000000000002 -2.4150257665631214e-16
1.22 1.76 -3.2693434818266896e-16
1.22 1.82 3.589283012267512e-17
1.22 1.8800000000000001 6.409911804447364e-14
1.22 1.94 -1.067386673397799e-14
1.22 2.0 -1.3525829146799187e-16
1.22 2.06 1.2407024917520393e-17
1.22 2.12 8.326400110841249e-16
1.22 2.18 5.046281176532582e-15
1.22 2.2399999999999998 -6.580080887502462e-16
1.22 2.3000000000000003 -3.0233441990295204e-17
1.22 2.36 3.2316635509018307e-16
1.22 2.4200000000000004 -1.907134049229617e-20
1.22 2.48 -5.843444835685639e-23
1.22 2.5400000000000005 1.1541055902054954e-22
1.22 2.5999999999999996 0.0
1.22 2.66 0.0
1.22 2.7199999999999998 0.0
1.22 2.7800000000000002 0.0
1.22 2.84 0.0
1.22 2.9000000000000004 0.0
1.22 2.9599999999999995 0.0
1.22 3.02 0.0
1.22 3.0799999999999996 0.0
1.22 3.14 0.0
1.22 3.1999999999999997 0.0
1.22 3.2600000000000002 0.0
1.22 3.3200000000000003 0.0
1.22 3.38 0.0
1.22 3.4399999999999995 0.0
1.22 3.5 0.0
1.28 0.5 0.0
1.28 0.56 0.0
1.28 0.62 0.0
1.28 0.6799999999999999 0.0
1.28 0.74 0.0
1.28 0.8 0.0
1.28 0.86 0.0
1.28 0.92 0.0
1.28 0.98 0.0
1.28 1.04 0.0
1.28 1.1 0.0
1.28 1.1600000000000001 0.0
1.28 1.22 -0.00040890464659435296
1.28 1.28 0.0044162383891725165
1.28 1.34 0.053718336130163954
1.28 1.4 0.17545667383399582
1.28 1.46 0.0004341483835682892
1.28 1.52 0.0303319107782376
1.28 1.58 0.010466664867380234
1.28 1.6400000000000001 1.374446724837418e-11
1.28 1.7000000000000002 -1.6312791380902305e-16
1.28 1.76 -1.58992106911208e-17
1.28 1.82 7.328519522268203e-17
1.28 1.8800000000000001 -1.4252107663572555e-15
1.28 1.94 -1.7340248790167358e-15
1.28 2.0 -6.115997809882982e-17
1.28 2.06 1.2711110226886386e-16
1.28 2.12 9.459409867262211e-17
1.28 2.18 1.325233337455857e-16
1.28 2.2399999999999998 5.261028846210656e-16
1.28 2.3000000000000003 -2.0890041020385229e-16
1.28 2.36 8.580306132901922e-17
1.28 2.4200000000000004 2.416717484926822e-20
1.28 2.48 -2.9719535305759386e-21
1.28 2.5400000000000005 1.9899444043599026e-21
1.28 2.5999999999999996 0.0
1.28 2.66 0.0
1.28 2.7199999999999998 0.0
1.28 2.7800000000000002 0.0
1.28 2.84 0.0
1.28 2.9000000000000004 0.0
1.28 2.9599999999999995 0.0
1.28 3.02 0.0
1.28 3.0799999999999996 0.0
1.28 3.14 0.0
1.28 3.1999999999999997 0.0
1.28 3.2600000000000002 0.0
1.28 3.3200000000000003 0.0
1.28 3.38 0.0
1.28 3.4399999999999995 0.0
1.28 3.5 0.0
1.34 0.5 0.0
1.34 0.56 0.0
1.34 0.62 0.0
1.34 0.6799999999999999 0.0
1.34 0.74 0.0
1.34 0.8 0.0
1.34 0.86 0.0
1.34 0.92 0.0
1.34 0.98 0.0
1.34 1.04 0.0
1.34 1.1 0.0
1.34 1.1600000000000001 0.0
1.34 1.22 -0.00018319451901442787
1.34 1.28 -0.0014496953485253579
1.34 1.34 0.02568147812645917
1.34 1.4 0.12163989687229727
1.34 1.46 0.29615943150532237
1.34 1.52 -0.0019080815476116666
1.34 1.58 0.08485396858061091
1.34 1.6400000000000001 -0.01296026533237985
1.34 1.7000000000000002 1.1425386687199175e-8
1.34 1.76 1.7233094896754803e-7
1.34 1.82 -1.2327112153480798e-9
1.34 1.8800000000000001 1.953531310661007e-11
1.34 1.94 9.373549255296359e-10
1.34 2.0 1.1689871031345148e-8
1.34 2.06 8.763960406323657e-10
1.34 2.12 -5.47004503263003e-9
1.34 2.18 -3.627189992985995e-11
1.34 2.2399999999999998 -2.162578052117351e-9
1.34 2.3000000000000003 -5.798525217290367e-7
1.34 2.36 3.662171056907128e-10
1.34 2.4200000000000004 3.173919773552231e-9
1.34 2.48 -4.385002713475366e-9
1.34 2.5400000000000005 2.355692439166983e-9
1.34 2.5999999999999996 0.0
1.34 2.66 0.0
1.34 2.7199999999999998 0.0
1.34 2.7800000000000002 0.0
1.34 2.84 0.0
1.34 2.9000000000000004 0.0
1.34 2.9599999999999995 0.0
1.34 3.02 0.0
1.34 3.0799999999999996 0.0
1.34 3.14 0.0
1.34 3.1999999999999997 0.0
1.34 3.2600000000000002 0.0
1.34 3.3200000000000003 0.0
1.34 3.38 0.0
1.34 3.4399999999999995 0.0
1.34 3.5 0.0
1.4 0.5 0.0
1.4 0.56 0.0
1.4 0.62 0.0
1.4 0.6799999999999999 0.0
1.4 0.74 0.0
1.4 0.8 0.0
1.4 0.86 -5.083228269623045e-21
1.4 0.92 -1.1896398642848915e-18
1.4 0.98 3.0957013328065385e-5
1.4 1.04 9.340458875747143e-5
1.4 1.1 0.0008526646976439853
1.4 1.1600000000000001 -0.00011163589141557502
1.4 1.22 0.001273519805673469
1.4 1.28 -0.0008342554777127388
1.4 1.34 0.0015779130489689908
1.4 1.4 0.10057368439231265
1.4 1.46 0.5065488326274076
1.4 1.52 0.6270516626706787
1.4 1.58 0.026601212060979873
1.4 1.6400000000000001 0.10005385059679081
1.4 1.7000000000000002 0.00044648995437112
1.4 1.76 -1.1678938039936468e-5
1.4 1.82 2.257177837171188e-6
1.4 1.8800000000000001 4.987899333997201e-10
1.4 1.94 -1.81983432786411e-7
1.4 2.0 2.039260466678802e-6
1.4 2.06 1.6925471869839117e-6
1.4 2.12 1.4353921398584387e-6
1.4 2.18 -1.0777616395896793e-6
1.4 2.2399999999999998 3.5877564770884585e-8
1.4 2.3000000000000003 -8.362251962346822e-6
1.4 2.36 -1.6778164649104548e-6
1.4 2.4200000000000004 2.145070018201024e-6
1.4 2.48 5.293774320428673e-7
1.4 2.5400000000000005 -6.330473042616382e-10
1.4 2.5999999999999996 -1.5628827323196745e-19
1.4 2.66 7.722674150563233e-22
1.4 2.7199999999999998 9.62267414967207e-21
1.4 2.7800000000000002 0.0
1.4 2.84 0.0
1.4 2.9000000000000004 0.0
1.4 2.9599999999999995 0.0
1.4 3.02 0.0
1.4 3.0799999999999996 0.0
1.4 3.14 0.0
1.4 3.1999999999999997 0.0
1.4 3.2600000000000002 0.0
1.4 3.3200000000000003 0.0
1.4 3.38 0.0
1.4 3.4399999999999995 0.0
1.4 3.5 0.0
1.46 0.5 0.0
1.46 0.56 0.0
1.46 0.62 0.0
1.46 0.6799999999999999 0.0
1.46 0.74 0.0
1.46 0.8 0.0
1.46 0.86 2.6589714478501144e-21
1.46 0.92 1.1611496083560526e-19
1.46 0.98 2.4734151830516792e-20
1.46 1.04 -0.00015719689090917227
1.46 1.1 0.0021847551472284465
1.46 1.1600000000000001 0.0037743506081283633
1.46 1.22 -0.00028081552991089735
1.46 1.28 0.006515058632837623
1.46 1.34 -0.0015404839590633086
1.46 1.4 0.01052391846330685
1.46 1.46 0.37243784685510284
1.46 1.52 0.9335576064138206
1.46 1.58 0.8855275319567115
1.46 1.6400000000000001 0.18641325039836276
1.46 1.7000000000000002 0.31503440661593685
1.46 1.76 0.002868057269062719
1.46 1.82 1.2283044853022894e-5
1.46 1.8800000000000001 -3.75026015954627e-10
1.46 1.94 2.0336226620081606e-8
1.46 2.0 -3.450908875842153e-7
1.46 2.06 -2.3986613222290417e-7
1.46 2.12 -1.7061163476111378e-7
1.46 2.18 1.4998635245700634e-7
1.46 2.2399999999999998 6.431513423434797e-9
1.46 2.3000000000000003 4.223930886203731e-6
1.46 2.36 2.312556453877557e-7
1.46 2.4200000000000004 -3.148887791486106e-7
1.46 2.48 -5.0421376085083486e-8
1.46 2.5400000000000005 -1.2350446606943064e-8
1.46 2.5999999999999996 -2.0792970655421012e-19
1.46 2.66 3.5785089686584e-21
1.46 2.7199999999999998 2.0947147356943847e-20
1.46 2.7800000000000002 0.0
1.46 2.84 0.0
1.46 2.9000000000000004 0.0
1.46 2.9599999999999995 0.0
1.46 3.02 0.0
1.46 3.0799999999999996 0.0
1.46 3.14 0.0
1.46 3.1999999999999997 0.0
1.46 3.2600000000000002 0.0
1.46 3.3200000000000003 0.0
1.46 3.38 0.0
1.46 3.4399999999999995 0.0
1.46 3.5 0.0
1.52 0.5 0.0
1.52 0.56 0.0
1.52 0.62 0.0
1.52 0.6799999999999999 0.0
1.52 0.74 0.0
1.52 0.8 0.0
1.52 0.86 -4.673149960858404e-20
1.52 0.92 8.353561274336212e-20
1.52 0.98 1.9247868894651198e-20
1.52 1.04 -2.640204366715208e-19
1.52 1.1 0.000582975185443561
1.52 1.1600000000000001 0.008094745462941814
1.52 1.22 0.021043056073161523
1.52 1.28 0.0010560802517174226
1.52 1.34 0.0326962847632084
1.52 1.4 2.4825566824713357e-5
1.52 1.46 0.03297080124487106
1.52 1.52 1.052037019219359
1.52 1.58 1.7338112038827187
1.52 1.6400000000000001 1.0196035979788742
1.52 1.7000000000000002 0.7383584115908564
1.52 1.76 1.1609604295585834
1.52 1.82 -0.004127911668431321
1.52 1.8800000000000001 -2.2116196942644972e-5
1.52 1.94 -5.3266541670121116e-8
1.52 2.0 5.982969116939388e-7
1.52 2.06 4.903272914647074e-7
1.52 2.12 4.121074411668361e-7
1.52 2.18 -3.119462221674299e-7
1.52 2.2399999999999998 9.078532877734655e-9
1.52 2.3000000000000003 -2.7667086580379432e-6
1.52 2.36 -4.853567225209327e-7
1.52 2.4200000000000004 6.227022976428352e-7
1.52 2.48 1.5058640330449953e-7
1.52 2.5400000000000005 1.2247597695050664e-9
1.52 2.5999999999999996 -1.2591889645437164e-19
1.52 2.66 -1.2789846182518514e-19
1.52 2.7199999999999998 -2.0799855108888954e-19
1.52 2.7800000000000002 0.0
1.52 2.84 0.0
1.52 2.9000000000000004 0.0
1.52 2.9599999999999995 0.0
1.52 3.02 0.0
1.52 3.0799999999999996 0.0
1.52 3.14 0.0
1.52 3.1999999999999997 0.0
1.52 3.2600000000000002 0.0
1.52 3.3200000000000003 0.0
1.52 3.38 0.0
1.52 3.4399999999999995 0.0
1.52 3.5 0.0
1.58 0.5 0.0
1.58 0.56 0.0
1.58 0.62 0.0
1.58 0.6799999999999999 0.0
1.58 0.74 0.0
1.58 0.8 0.0
1.58 0.86 4.9687346769949875e-19
1.58 0.92 -2.891784342915807e-19
1.58 0.98 -5.065199074745786e-21
1.58 1.04 -1.4741227097954205e-18
1.58 1.1 9.671998696659163e-15
1.58 1.1600000000000001 8.250598531783273e-6
1.58 1.22 0.04633228550669194
1.58 1.28 0.07340352453312154
1.58 1.34 0.013956299772516412
1.58 1.4 0.1168436747666009
1.58 1.46 0.012835897522930451
1.58 1.52 0.09522890581875593
1.58 1.58 2.2169774087695684
1.58 1.6400000000000001 2.4386093784956833
1.58 1.7000000000000002 1.161049837153848
1.58 1.76 1.7821237433406976
1.58 1.82 2.2250174291925218
1.58 1.8800000000000001 0.007062801885228963
1.58 1.94 -0.0005301243917809599
1.58 2.0 8.029257183385356e-9
1.58 2.06 1.9356879945240863e-8
1.58 2.12 2.592829364682627e-8
1.58 2.18 -4.0314281822889974e-8
1.58 2.2399999999999998 -1.9852103827536305e-8
1.58 2.3000000000000003 -2.8539516824164784e-9
1.58 2.36 -2.5091128812343585e-9
1.58 2.4200000000000004 6.437298159057153e-9
1.58 2.48 8.664111534326728e-10
1.58 2.5400000000000005 -1.1589516755831523e-10
1.58 2.5999999999999996 1.9785635978721322e-18
1.58 2.66 2.924129153137218e-19
1.58 2.7199999999999998 -4.948519385068502e-19
1.58 2.7800000000000002 0.0
1.58 2.84 0.0
1.58 2.9000000000000004 0.0
1.58 2.9599999999999995 0.0
1.58 3.02 0.0
1.58 3.0799999999999996 0.0
1.58 3.14 0.0
1.58 3.1999999999999997 0.0
1.58 3.2600000000000002 0.0
1.58 3.3200000000000003 0.0
1.58 3.38 0.0
1.58 3.4399999999999995 0.0
1.58 3.5 0.0
1.6400000000000001 0.5 0.0
1.6400000000000001 0.56 0.0
1.6400000000000001 0.62 0.0
1.6400000000000001 0.6799999999999999 0.0
1.6400000000000001 0.74 0.0
1.6400000000000001 0.8 0.0
1.6400000000000001 0.86 1.6158282874738743e-18
1.6400000000000001 0.92 2.379810579712591e-18
1.6400000000000001 0.98 2.4687387665410805e-19
1.6400000000000001 1.04 -4.412091223845099e-18
1.6400000000000001 1.1 1.5530476844977102e-18
1.6400000000000001 1.1600000000000001 2.049407544779365e-11
1.6400000000000001 1.22 -0.0001323669045588209
1.6400000000000001 1.28 0.13669707933337752
1.6400000000000001 1.34 0.22744769049648342
1.6400000000000001 1.4 0.057606498856307725
1.6400000000000001 1.46 0.3103056835870959
1.6400000000000001 1.52 0.047776999458224195
1.6400000000000001 1.58 0.21962456355446186
1.6400000000000001 1.6400000000000001 3.6671202363225657
1.6400000000000001 1.7000000000000002 2.8975284643884565
1.6400000000000001 1.76 1.1395188220842243
1.6400000000000001 1.82 2.9385698062924432
1.6400000000000001 1.8800000000000001 3.388116267018837
1.6400000000000001 1.94 0.01975245319422142
1.6400000000000001 2.0 1.1584721923371251e-5
1.6400000000000001 2.06 -1.3100329671186643e-8
1.6400000000000001 2.12 -2.6846818767234268e-8
1.6400000000000001 2.18 -4.058814764987884e-8
1.6400000000000001 2.2399999999999998 1.3287604544826465e-8
1.6400000000000001 2.3000000000000003 -2.390477729678781e-8
1.6400000000000001 2.36 3.3884349206200996e-8
1.6400000000000001 2.4200000000000004 -4.0780771168114316e-10
1.6400000000000001 2.48 -1.3647949827676798e-9
1.6400000000000001 2.5400000000000005 -2.0471163159525065e-10
1.6400000000000001 2.5999999999999996 7.485555206717048e-19
1.6400000000000001 2.66 -7.759149206275794e-19
1.6400000000000001 2.7199999999999998 3.03250941523364e-18
1.6400000000000001 2.7800000000000002 0.0
1.6400000000000001 2.84 0.0
1.6400000000000001 2.9000000000000004 0.0
1.6400000000000001 2.9599999999999995 0.0
1.6400000000000001 3.02 0.0
1.6400000000000001 3.0799999999999996 0.0
1.6400000000000001 3.14 0.0
1.6400000000000001 3.1999999999999997 0.0
1.6400000000000001 3.2600000000000002 0.0
1.6400000000000001 3.3200000000000003 0.0
1.6400000000000001 3.38 0.0
1.6400000000000001 3.4399999999999995 0.0
1.6400000000000001 3.5 0.0
1.7000000000000002 0.5 0.0
1.7000000000000002 0.56 0.0
1.7000000000000002 0.62 0.0
1.7000000000000002 0.6799999999999999 0.0
1.7000000000000002 0.74 0.0
1.7000000000000002 0.8 0.0
1.7000000000000002 0.86 6.393437707537481e-18
1.7000000000000002 0.92 2.0838880846826138e-17
1.7000000000000002 0.98 1.3095718865771878e-19
1.7000000000000002 1.04 2.7105193236343505e-18
1.7000000000000002 1.1 5.1656219888916056e-18
1.7000000000000002 1.1600000000000001 1.5834288577158702e-16
1.7000000000000002 1.22 -8.277045323056069e-17
1.7000000000000002 1.28 4.658573183940438e-6
1.7000000000000002 1.34 0.3149663121552866
1.7000000000000002 1.4 0.5429845366144094
1.7000000000000002 1.46 0.17259532333189614
1.7000000000000002 1.52 0.7709127663046139
1.7000000000000002 1.58 0.134704376993363
1.7000000000000002 1.6400000000000001 0.507132010753011
1.7000000000000002 1.7000000000000002 5.202032349170937
1.7000000000000002 1.76 3.058199720119545
1.7000000000000002 1.82 1.0479952921074105
1.7000000000000002 1.8800000000000001 3.7172083595286205
1.7000000000000002 1.94 4.37106435735507
1.7000000000000002 2.0 0.03164075346622074
1.7000000000000002 2.06 -0.00020677668154519304
1.7000000000000002 2.12 -2.142925515351488e-5
1.7000000000000002 2.18 3.3118052047964846e-6
1.7000000000000002 2.2399999999999998 2.1969589132980855e-6
1.7000000000000002 2.3000000000000003 4.5006211967011436e-8
1.7000000000000002 2.36 1.7993185981587724e-7
1.7000000000000002 2.4200000000000004 1.89518297956694e-11
1.7000000000000002 2.48 6.343169823859068e-11
1.7000000000000002 2.5400000000000005 9.513127672425663e-12
1.7000000000000002 2.5999999999999996 7.71557810285767e-21
1.7000000000000002 2.66 5.709110376717994e-18
1.7000000000000002 2.7199999999999998 -2.0061094980036827e-17
1.7000000000000002 2.7800000000000002 0.0
1.7000000000000002 2.84 0.0
1.7000000000000002 2.9000000000000004 0.0
1.7000000000000002 2.9599999999999995 0.0
1.7000000000000002 3.02 0.0
1.7000000000000002 3.0799999999999996 0.0
1.7000000000000002 3.14 0.0
1.7000000000000002 3.1999999999999997 0.0
1.7000000000000002 3.2600000000000002 0.0
1.7000000000000002 3.3200000000000003 0.0
1.7000000000000002 3.38 0.0
1.7000000000000002 3.4399999999999995 0.0
1.7000000000000002 3.5 0.0
1.76 0.5 0.0
1.76 0.56 0.0
1.76 0.62 0.0
1.76 0.6799999999999999 0.0
1.76 0.74 0.0
1.76 0.8 0.0
1.76 0.86 7.40191014570498e-16
1.76 0.92 -1.1082385263874031e-14
1.76 0.98 1.6926682132398828e-15
1.76 1.04 -4.163313080678093e-16
1.76 1.1 1.2984608456024605e-14
1.76 1.1600000000000001 4.3574669683064836e-15
1.76 1.22 -3.928078258548029e-15
1.76 1.28 -6.585675834370584e-10
1.76 1.34 4.072208610721867e-5
1.76 1.4 0.5861776460594931
1.76 1.46 0.9372912058039669
1.76 1.52 0.38839362791038284
1.76 1.58 1.549560970885567
1.76 1.6400000000000001 0.32197218962659413
1.76 1.7000000000000002 1.0094374631239158
1.76 1.76 7.276274120061231
1.76 1.82 2.9093750259998354
1.76 1.8800000000000001 1.162871805142259
1.76 1.94 4.282306594759092
1.76 2.0 4.463933269026045
1.76 2.06 0.08443386759301172
1.76 2.12 -0.00011689220394763079
1.76 2.18 -1.1217553769437494e-6
1.76 2.2399999999999998 -7.462015888742841e-6
1.76 2.3000000000000003 1.2494577794014447e-5
1.76 2.36 -9.960573405471481e-8
1.76 2.4200000000000004 2.029221013090399e-15
1.76 2.48 1.6244261036295937e-14
1.76 2.5400000000000005 -1.1378327068697773e-14
1.76 2.5999999999999996 -5.0630404252366344e-17
1.76 2.66 3.4463218941440776e-15
1.76 2.7199999999999998 -2.10064375530197e-14
1.76 2.7800000000000002 0.0
1.76 2.84 0.0
1.76 2.9000000000000004 0.0
1.76 2.9599999999999995 0.0
1.76 3.02 0.0
1.76 3.0799999999999996 0.0
1.76 3.14 0.0
1.76 3.1999999999999997 0.0
1.76 3.2600000000000002 0.0
1.76 3.3200000000000003 0.0
1.76 3.38 0.0
1.76 3.4399999999999995 0.0
1.76 3.5 0.0
1.82 0.5 0.0
1.82 0.56 0.0
1.82 0.62 0.0
1.82 0.6799999999999999 0.0
1.82 0.74 0.0
1.82 0.8 0.0
1.82 0.86 -2.905638662716979e-16
1.82 0.92 4.024373796444325e-15
1.82 0.98 -5.775079885776086e-16
1.82 1.04 -7.084132187230114e-18
1.82 1.1 -4.5087522950386015e-15
1.82 1.1600000000000001 -1.2377485736129815e-15
1.82 1.22 1.4977410180433782e-15
1.82 1.28 -7.407388509653464e-12
1.82 1.34 -2.131116263365396e-7
1.82 1.4 -0.0391703291424236
1.82 1.46 0.7753504878082221
1.82 1.52 1.6727178213127492
1.82 1.58 0.6918725688943888
1.82 1.6400000000000001 2.6375487228847234
1.82 1.7000000000000002 0.6845216785242493
1.82 1.76 1.7790889622096875
1.82 1.82 10.574916693584372
1.82 1.8800000000000001 2.4859102715693044
1.82 1.94 1.5606213288277997
1.82 2.0 4.099156146971107
1.82 2.06 3.810313446537442
1.82 2.12 0.01666364666312876
1.82 2.18 0.0008363332243516367
1.82 2.2399999999999998 7.467028678095412e-5
1.82 2.3000000000000003 -0.00017535417444371234
1.82 2.36 5.7281714811365924e-5
1.82 2.4200000000000004 -8.525203335211392e-15
1.82 2.48 -3.243415277955852e-14
1.82 2.5400000000000005 3.7503331466589877e-16
1.82 2.5999999999999996 9.414969001080702e-17
1.82 2.66 -1.214031971886098e-15
1.82 2.7199999999999998 7.696129556444116e-15
1.82 2.7800000000000002 0.0
1.82 2.84 0.0
1.82 2.9000000000000004 0.0
1.82 2.9599999999999995 0.0
1.82 3.02 0.0
1.82 3.0799999999999996 0.0
1.82 3.14 0.0
1.82 3.1999999999999997 0.0
1.82 3.2600000000000002 0.0
1.82 3.3200000000000003 0.0
1.82 3.38 0.0
1.82 3.4399999999999995 0.0
1.82 3.5 0.0
1.8800000000000001 0.5 0.0
1.8800000000000001 0.56 0.0
1.8800000000000001 0.62 0.0
1.8800000000000001 0.6799999999999999 0.0
1.8800000000000001 0.74 0.0
1.8800000000000001 0.8 0.0
1.8800000000000001 0.86 -2.041672920255701e-17
1.8800000000000001 0.92 -5.521611763052183e-16
1.8800000000000001 0.98 1.9654835403036538e-17
1.8800000000000001 1.04 5.797750131721175e-17
1.8800000000000001 1.1 8.624114985428363e-16
1.8800000000000001 1.1600000000000001 2.230231295116619e-16
1.8800000000000001 1.22 -1.0839106251142219e-16
1.8800000000000001 1.28 9.058676674936884e-15
1.8800000000000001 1.34 -7.16525702955648e-10
1.8800000000000001 1.4 6.607709343156062e-8
1.8800000000000001 1.46 0.08355325437784343
1.8800000000000001 1.52 0.9512639061531065
1.8800000000000001 1.58 2.2617180203729053
1.8800000000000001 1.6400000000000001 0.9809079002115555
1.8800000000000001 1.7000000000000002 3.5819527965888573
1.8800000000000001 1.76 1.1517756140201605
1.8800000000000001 1.82 2.2640226432068093
1.8800000000000001 1.8800000000000001 13.864128000184964
1.8800000000000001 1.94 2.394608620006293
1.8800000000000001 2.0 2.00019517818577
1.8800000000000001 2.06 3.214454167437797
1.8800000000000001 2.12 2.532561445892266
1.8800000000000001 2.18 0.061700017272224995
1.8800000000000001 2.2399999999999998 -0.003240099711984756
1.8800000000000001 2.3000000000000003 5.2782542277275774e-5
1.8800000000000001 2.36 -0.001967950132813526
1.8800000000000001 2.4200000000000004 1.6215817820750702e-13
1.8800000000000001 2.48 -2.0772974123158836e-13
1.8800000000000001 2.5400000000000005 -1.0905500560302415e-14
1.8800000000000001 2.5999999999999996 -8.989295885813314e-18
1.8800000000000001 2.66 6.179715358580984e-16
1.8800000000000001 2.7199999999999998 -7.152213954460747e-16
1.8800000000000001 2.7800000000000002 0.0
1.8800000000000001 2.84 0.0
1.8800000000000001 2.9000000000000004 0.0
1.8800000000000001 2.9599999999999995 0.0
1.8800000000000001 3.02 0.0
1.8800000000000001 3.0799999999999996 0.0
1.8800000000000001 3.14 0.0
1.8800000000000001 3.1999999999999997 0.0
1.8800000000000001 3.2600000000000002 0.0
1.8800000000000001 3.3200000000000003 0.0
1.8800000000000001 3.38 0.0
1.8800000000000001 3.4399999999999995 0.0
1.8800000000000001 3.5 0.0
1.94 0.5 0.0
1.94 0.56 0.0
1.94 0.62 0.0
1.94 0.6799999999999999 0.0
1.94 0.74 0.0
1.94 0.8 0.0
1.94 0.86 8.886978858803259e-20
1.94 0.92 3.1904695960028127e-17
1.94 0.98 9.766598447783719e-18
1.94 1.04 -1.0113787835525693e-16
1.94 1.1 4.711523386569078e-14
1.94 1.1600000000000001 -5.508399536495244e-14
1.94 1.22 -6.605161350944631e-16
1.94 1.28 -2.8522325452673994e-17
1.94 1.34 -8.195862697328365e-14
1.94 1.4 1.2154521754679498e-9
1.94 1.46 1.8734231954869674e-6
1.94 1.52 0.18620894913347302
1.94 1.58 0.9453023873400144
1.94 1.6400000000000001 2.594013888287396
1.94 1.7000000000000002 1.2455690233225152
1.94 1.76 4.244139145147692
1.94 1.82 1.7957166620669451
1.94 1.8800000000000001 2.7915585586747476
1.94 1.94 15.439677409973054
1.94 2.0 2.9448265361785015
1.94 2.06 2.1473182289199553
1.94 2.12 2.206596134943386
1.94 2.18 1.3842246807651575
1.94 2.2399999999999998 0.019580467195061728
1.94 2.3000000000000003 -0.00016029094943428385
1.94 2.36 -1.4618957852404953e-5
1.94 2.4200000000000004 5.555426475732162e-16
1.94 2.48 -6.083258862723468e-16
1.94 2.5400000000000005 -3.4635632719503317e-16
1.94 2.5999999999999996 2.984661299775908e-18
1.94 2.66 5.975498573165397e-17
1.94 2.7199999999999998 6.630067073230323e-17
1.94 2.7800000000000002 0.0
1.94 2.84 0.0
1.94 2.9000000000000004 0.0
1.94 2.9599999999999995 0.0
1.94 3.02 0.0
1.94 3.0799999999999996 0.0
1.94 3.14 0.0
1.94 3.1999999999999997 0.0
1.94 3.2600000000000002 0.0
1.94 3.3200000000000003 0.0
1.94 3.38 0.0
1.94 3.4399999999999995 0.0
1.94 3.5 0.0
2.0 0.5 0.0
2.0 0.56 0.0
2.0 0.62 0.0
2.0 0.6799999999999999 0.0
2.0 0.74 0.0
2.0 0.8 0.0
2.0 0.86 2.6713338001766057e-17
2.0 0.92 -6.284083814118452e-15
2.0 0.98 1.1006289941707346e-16
2.0 1.04 -1.7269723648817287e-16
2.0 1.1 5.953898705204058e-9
2.0 1.1600000000000001 -6.948807280935759e-9
2.0 1.22 2.9564333966645353e-16
2.0 1.28 -1.1021113362934184e-13
2.0 1.34 3.673544626427704e-9
2.0 1.4 -1.0323085733025425e-10
2.0 1.46 1.285521679982431e-9
2.0 1.52 -1.0168133355094177e-5
2.0 1.58 0.18051814811838654
2.0 1.6400000000000001 0.9068695663628148
2.0 1.7000000000000002 2.579821791304006
2.0 1.76 1.3494451617796084
2.0 1.82 4.305062106766353
2.0 1.8800000000000001 2.4381882068238574
2.0 1.94 3.1099801082086374
2.0 2.0 13.24809222320419
2.0 2.06 3.666583349467369
2.0 2.12 1.8502938538943168
2.0 2.18 1.3295637928009778
2.0 2.2399999999999998 0.6933594311340264
2.0 2.3000000000000003 0.010734334773090982
2.0 2.36 0.0025363171399006134
2.0 2.4200000000000004 4.421932154561764e-6
2.0 2.48 1.6042851382454426e-15
2.0 2.5400000000000005 -6.622193674654144e-17
2.0 2.5999999999999996 -8.008009400562207e-16
2.0 2.66 1.173226486001609e-16
2.0 2.7199999999999998 8.199332786463895e-17
2.0 2.7800000000000002 0.0
2.0 2.84 0.0
2.0 2.9000000000000004 0.0
2.0 2.9599999999999995 0.0
2.0 3.02 0.0
2.0 3.0799999999999996 0.0
2.0 3.14 0.0
2.0 3.1999999999999997 0.0
2.0 3.2600000000000002 0.0
2.0 3.3200000000000003 0.0
2.0 3.38 0.0
2.0 3.4399999999999995 0.0
2.0 3.5 0.0
2.06 0.5 0.0
2.06 0.56 0.0
2.06 0.62 0.0
2.06 0.6799999999999999 0.0
2.06 0.74 0.0
2.06 0.8 0.0
2.06 0.86 1.1057884908465891e-17
2.06 0.92 2.8318813107000735e-17
2.06 0.98 5.770736485008191e-18
2.06 1.04 -3.7467411542678413e-16
2.06 1.1 -2.6127343151449785e-17
2.06 1.1600000000000001 -1.4033597753557116e-16
2.06 1.22 2.5744294151324916e-16
2.06 1.28 -2.1346055369800322e-18
2.06 1.34 -3.1709737900881377e-14
2.06 1.4 4.724337975339063e-14
2.06 1.46 2.2270759308790156e-10
2.06 1.52 -6.482080868672158e-10
2.06 1.58 -4.561976489861932e-5
2.06 1.6400000000000001 0.1457497000812701
2.06 1.7000000000000002 0.47106512039902965
2.06 1.76 2.1543530451479502
2.06 1.82 1.1504056710366841
2.06 1.8800000000000001 3.765141837983426
2.06 1.94 2.6215710565447266
2.06 2.0 2.8887311501875437
2.06 2.06 8.418591247700705
2.06 2.12 2.9331075199145493
2.06 2.18 1.302564058776194
2.06 2.2399999999999998 0.6736728048285789
2.06 2.3000000000000003 0.28442460097559796
2.06 2.36 0.010239397067716354
2.06 2.4200000000000004 -1.4572711399981583e-6
2.06 2.48 -1.2748568092684493e-6
2.06 2.5400000000000005 9.901352545657392e-17
2.06 2.5999999999999996 -1.535419605291959e-17
2.06 2.66 1.5652213488976725e-16
2.06 2.7199999999999998 4.588445006288231e-16
2.06 2.7800000000000002 0.0
2.06 2.84 0.0
2.06 2.9000000000000004 0.0
2.06 2.9599999999999995 0.0
2.06 3.02 0.0
2.06 3.0799999999999996 0.0
2.06 3.14 0.0
2.06 3.1999999999999997 0.0
2.06 3.2600000000000002 0.0
2.06 3.3200000000000003 0.0
2.06 3.38 0.0
2.06 3.4399999999999995 0.0
2.06 3.5 0.0
2.12 0.5 0.0
2.12 0.56 0.0
2.12 0.62 0.0
2.12 0.6799999999999999 0.0
2.12 0.74 0.0
2.12 0.8 0.0
2.12 0.86 -3.801188262849743e-17
2.12 0.92 4.845236379630554e-17
2.12 0.98 9.889227972798e-18
2.12 1.04 -1.0389554239386957e-16
2.12 1.1 8.955132344115955e-17
2.12 1.1600000000000001 -1.545804581327651e-17
2.12 1.22 1.7542618888507152e-16
2.12 1.28 8.905040112299423e-17
2.12 1.34 1.3932730188933403e-14
2.12 1.4 2.566657875034684e-14
2.12 1.46 1.8131953162735464e-12
2.12 1.52 3.1566185732996235e-8
2.12 1.58 -6.177388432369026e-8
2.12 1.6400000000000001 9.294144926052413e-5
2.12 1.7000000000000002 0.0957784724569651
2.12 1.76 0.19168600197356872
2.12 1.82 1.402058711907448
2.12 1.8800000000000001 0.8537859335950702
2.12 1.94 2.743380333610125
2.12 2.0 2.392421778051715
2.12 2.06 2.2180456334418435
2.12 2.12 3.385391861313722
2.12 2.18 2.1225714068904034
2.12 2.2399999999999998 0.5786459558746003
2.12 2.3000000000000003 0.26571273718275074
2.12 2.36 0.11916786714048026
2.12 2.4200000000000004 0.0007556370222948029
2.12 2.48 -2.55036243830675e-5
2.12 2.5400000000000005 8.161846174718169e-8
2.12 2.5999999999999996 6.38892624987743e-17
2.12 2.66 1.5848752768511618e-16
2.12 2.7199999999999998 2.1541456405060716e-16
2.12 2.7800000000000002 0.0
2.12 2.84 0.0
2.12 2.9000000000000004 0.0
2.12 2.9599999999999995 0.0
2.12 3.02 0.0
2.12 3.0799999999999996 0.0
2.12 3.14 0.0
2.12 3.1999999999999997 0.0
2.12 3.2600000000000002 0.0
2.12 3.3200000000000003 0.0
2.12 3.38 0.0
2.12 3.4399999999999995 0.0
2.12 3.5 0.0
2.18 0.5 0.0
2.18 0.56 0.0
2.18 0.62 0.0
2.18 0.6799999999999999 0.0
2.18 0.74 0.0
2.18 0.8 0.0
2.18 0.86 5.81297030360882e-17
2.18 0.92 1.8312010713919185e-16
2.18 0.98 3.048471092986037e-17
2.18 1.04 -3.554991184439511e-17
2.18 1.1 2.814526671885054e-17
2.18 1.1600000000000001 -4.9651563824893535e-17
2.18 1.22 -1.0244583818792083e-16
2.18 1.28 2.8242810017248323e-11
2.18 1.34 4.909828982657989e-11
2.18 1.4 3.694041013652728e-15
2.18 1.46 7.735115185287998e-13
2.18 1.52 -9.42723472630468e-10
2.18 1.58 4.133616507065544e-7
2.18 1.6400000000000001 1.0904547054895322e-7
2.18 1.7000000000000002 0.000517394470919314
2.18 1.76 0.03533881019422299
2.18 1.82 0.12207983567052914
2.18 1.8800000000000001 0.8005354357665303
2.18 1.94 0.49901156629470617
2.18 2.0 1.6566085584184367
2.18 2.06 1.7708381288322088
2.18 2.12 1.2802339334283606
2.18 2.18 0.9471157172561291
2.18 2.2399999999999998 1.225657978017555
2.18 2.3000000000000003 0.25912207917461727
2.18 2.36 0.1651170713890834
2.18 2.4200000000000004 0.029799004298245297
2.18 2.48 0.00021185812550441726
2.18 2.5400000000000005 -1.399644968983024e-5
2.18 2.5999999999999996 4.8607257787750235e-18
2.18 2.66 6.62030534179151e-17
2.18 2.7199999999999998 6.208030227533325e-17
2.18 2.7800000000000002 0.0
2.18 2.84 0.0
2.18 2.9000000000000004 0.0
2.18 2.9599999999999995 0.0
2.18 3.02 0.0
2.18 3.0799999999999996 0.0
2.18 3.14 0.0
2.18 3.1999999999999997 0.0
2.18 3.2600000000000002 0.0
2.18 3.3200000000000003 0.0
2.18 3.38 0.0
2.18 3.4399999999999995 0.0
2.18 3.5 0.0
2.2399999999999998 0.5 0.0
2.2399999999999998 0.56 0.0
2.2399999999999998 0.62 0.0
2.2399999999999998 0.6799999999999999 0.0
2.2399999999999998 0.74 0.0
2.2399999999999998 0.8 0.0
2.2399999999999998 0.86 -1.952421645769593e-17
2.2399999999999998 0.92 2.4889837714222094e-17
2.2399999999999998 0.98 -1.2016009652302417e-17
2.2399999999999998 1.04 6.890593163758859e-17
2.2399999999999998 1.1 -2.9554924317836003e-17
2.2399999999999998 1.1600000000000001 -2.455376055504624e-18
2.2399999999999998 1.22 -1.3010288853084163e-16
2.2399999999999998 1.28 7.014725002270462e-8
2.2399999999999998 1.34 9.144967407192362e-10
2.2399999999999998 1.4 2.554017681500948e-13
2.2399999999999998 1.46 -5.186432261955584e-14
2.2399999999999998 1.52 6.483676625727813e-12
2.2399999999999998 1.58 -5.822695877826547e-8
2.2399999999999998 1.6400000000000001 1.7333399778711036e-6
2.2399999999999998 1.7000000000000002 1.303598460946455e-5
2.2399999999999998 1.76 0.0013923361445788002
2.2399999999999998 1.82 0.007609241456267787
2.2399999999999998 1.8800000000000001 0.0439061585047897
2.2399999999999998 1.94 0.3226760575250487
2.2399999999999998 2.0 0.24727043626508516
2.2399999999999998 2.06 0.8085528942329255
2.2399999999999998 2.12 0.9080374064478816
2.2399999999999998 2.18 0.6659120962793436
2.2399999999999998 2.2399999999999998 0.3080502193395504
2.2399999999999998 2.3000000000000003 0.22518060011544216
2.2399999999999998 2.36 0.09674299023645935
2.2399999999999998 2.4200000000000004 0.004501022771684794
2.2399999999999998 2.48 0.00739115132453622
2.2399999999999998 2.5400000000000005 7.18107562317443e-5
2.2399999999999998 2.5999999999999996 -6.553573942229683e-19
2.2399999999999998 2.66 1.81687993630654e-17
2.2399999999999998 2.7199999999999998 2.4155605154498202e-17
2.2399999999999998 2.7800000000000002 0.0
2.2399999999999998 2.84 0.0
2.2399999999999998 2.9000000000000004 0.0
2.2399999999999998 2.9599999999999995 0.0
2.2399999999999998 3.02 0.0
2.2399999999999998 3.0799999999999996 0.0
2.2399999999999998 3.14 0.0
2.2399999999999998 3.1999999999999997 0.0
2.2399999999999998 3.2600000000000002 0.0
2.2399999999999998 3.3200000000000003 0.0
2.2399999999999998 3.38 0.0
2.2399999999999998 3.4399999999999995 0.0
2.2399999999999998 3.5 0.0
2.3000000000000003 0.5 0.0
2.3000000000000003 0.56 0.0
2.3000000000000003 0.62 0.0
2.3000000000000003 0.6799999999999999 0.0
2.3000000000000003 0.74 0.0
2.3000000000000003 0.8 0.0
2.3000000000000003 0.86 1.0883874112908073e-17
2.3000000000000003 0.92 5.712259852490218e-18
2.3000000000000003 0.98 -2.0262587179695628e-17
2.3000000000000003 1.04 -7.401250823579423e-18
2.3000000000000003 1.1 4.203448965192348e-17
2.3000000000000003 1.1600000000000001 4.016926870133991e-17
2.3000000000000003 1.22 -1.6492809277997622e-16
2.3000000000000003 1.28 3.5095011389611135e-10
2.3000000000000003 1.34 -1.446033323015394e-7
2.3000000000000003 1.4 -2.2682313227546633e-11
2.3000000000000003 1.46 -3.3777898889828073e-15
2.3000000000000003 1.52 -1.7909356585020386e-12
2.3000000000000003 1.58 5.162949708367175e-10
2.3000000000000003 1.6400000000000001 -1.8706428444187839e-7
2.3000000000000003 1.7000000000000002 3.0179254254660576e-6
2.3000000000000003 1.76 0.00011874503079520897
2.3000000000000003 1.82 0.003380889467315586
2.3000000000000003 1.8800000000000001 0.009331092737522364
2.3000000000000003 1.94 0.05555206647096625
2.3000000000000003 2.0 0.15353573670673412
2.3000000000000003 2.06 0.11413060390136492
2.3000000000000003 2.12 0.2608979322692713
2.3000000000000003 2.18 0.30688089796943413
2.3000000000000003 2.2399999999999998 0.23359279230884658
2.3000000000000003 2.3000000000000003 0.09361142183689236
2.3000000000000003 2.36 0.06991456134557984
2.3000000000000003 2.4200000000000004 0.020154819932302153
2.3000000000000003 2.48 -0.0005592134229726079
2.3000000000000003 2.5400000000000005 0.0015402872109252586
2.3000000000000003 2.5999999999999996 -1.0722484233301031e-16
2.3000000000000003 2.66 4.555674356381355e-17
2.3000000000000003 2.7199999999999998 1.8990334236469603e-17
2.3000000000000003 2.7800000000000002 0.0
2.3000000000000003 2.84 0.0
2.3000000000000003 2.9000000000000004 0.0
2.3000000000000003 2.9599999999999995 0.0
2.3000000000000003 3.02 0.0
2.3000000000000003 3.0799999999999996 0.0
2.3000000000000003 3.14 0.0
2.3000000000000003 3.1999999999999997 0.0
2.3000000000000003 3.2600000000000002 0.0
2.3000000000000003 3.3200000000000003 0.0
2.3000000000000003 3.38 0.0
2.3000000000000003 3.4399999999999995 0.0
2.3000000000000003 3.5 0.0
2.36 0.5 0.0
2.36 0.56 0.0
2.36 0.62 0.0
2.36 0.6799999999999999 0.0
2.36 0.74 0.0
2.36 0.8 0.0
2.36 0.86 -6.0091367046094774e-18
2.36 0.92 -9.650323304596244e-17
2.36 0.98 1.7348443595667937e-17
2.36 1.04 -6.156117567411292e-17
2.36 1.1 1.345615109638358e-16
2.36 1.1600000000000001 5.4327109547299624e-18
2.36 1.22 9.983375928170601e-17
2.36 1.28 -6.4222006483236445e-15
2.36 1.34 4.2884547850555187e-7
2.36 1.4 1.5523053456078051e-9
2.36 1.46 -1.7595393067399017e-15
2.36 1.52 8.710400067479219e-14
2.36 1.58 4.788627849103566e-10
2.36 1.6400000000000001 2.1925316827396074e-8
2.36 1.7000000000000002 6.149561201656327e-6
2.36 1.76 -6.814364525249707e-7
2.36 1.82 0.0006510208278247469
2.36 1.8800000000000001 0.004013161577223106
2.36 1.94 0.013218270512578022
2.36 2.0 0.038328031215708845
2.36 2.06 0.09159496928327264
2.36 2.12 0.05494563478352264
2.36 2.18 0.075300795836609
2.36 2.2399999999999998 0.076463691798481
2.36 2.3000000000000003 0.06223890972681151
2.36 2.36 0.01193735371271908
2.36 2.4200000000000004 0.011369869321228927
2.36 2.48 0.003951436305122971
2.36 2.5400000000000005 -8.454833422987399e-5
2.36 2.5999999999999996 4.584531081283451e-13
2.36 2.66 4.665405941850914e-17
2.36 2.7199999999999998 -1.796597167367715e-16
2.36 2.7800000000000002 0.0
2.36 2.84 0.0
2.36 2.9000000000000004 0.0
2.36 2.9599999999999995 0.0
2.36 3.02 0.0
2.36 3.0799999999999996 0.0
2.36 3.14 0.0
2.36 3.1999999999999997 0.0
2.36 3.2600000000000002 0.0
2.36 3.3200000000000003 0.0
2.36 3.38 0.0
2.36 3.4399999999999995 0.0
2.36 3.5 0.0
2.4200000000000004 0.5 0.0
2.4200000000000004 0.56 0.0
2.4200000000000004 0.62 0.0
2.4200000000000004 0.6799999999999999 0.0
2.4200000000000004 0.74 0.0
2.4200000000000004 0.8 0.0
2.4200000000000004 0.86 3.7282147996712425e-18
2.4200000000000004 0.92 -2.3199824343313646e-17
2.4200000000000004 0.98 4.75873084164454e-19
2.4200000000000004 1.04 -4.116659838868455e-20
2.4200000000000004 1.1 2.3512175717467226e-17
2.4200000000000004 1.1600000000000001 6.046076942941873e-17
2.4200000000000004 1.22 1.6723789610345236e-16
2.4200000000000004 1.28 3.5941259066964675e-17
2.4200000000000004 1.34 2.2315315103570144e-9
2.4200000000000004 1.4 3.578098277113946e-10
2.4200000000000004 1.46 -1.00087306870095e-16
2.4200000000000004 1.52 7.31885682203079e-17
2.4200000000000004 1.58 4.618198430522189e-13
2.4200000000000004 1.6400000000000001 2.732144419114063e-9
2.4200000000000004 1.7000000000000002 -4.4032717182541403e-13
2.4200000000000004 1.76 -1.5335644225805388e-14
2.4200000000000004 1.82 5.928852922302267e-11
2.4200000000000004 1.8800000000000001 5.829168918290778e-8
2.4200000000000004 1.94 6.040013176596477e-5
2.4200000000000004 2.0 0.00017453970520039022
2.4200000000000004 2.06 0.0008390404484108134
2.4200000000000004 2.12 0.005808074604476849
2.4200000000000004 2.18 0.005298064297407921
2.4200000000000004 2.2399999999999998 0.024206287762155925
2.4200000000000004 2.3000000000000003 0.026650932211733067
2.4200000000000004 2.36 0.009478085069978583
2.4200000000000004 2.4200000000000004 0.0016645390422998143
2.4200000000000004 2.48 0.0007163253185155816
2.4200000000000004 2.5400000000000005 1.4512829193241722e-6
2.4200000000000004 2.5999999999999996 4.970669262147105e-13
2.4200000000000004 2.66 1.0920757830430808e-16
2.4200000000000004 2.7199999999999998 -4.6637864617882015e-17
2.4200000000000004 2.7800000000000002 0.0
2.4200000000000004 2.84 0.0
2.4200000000000004 2.9000000000000004 0.0
2.4200000000000004 2.9599999999999995 0.0
2.4200000000000004 3.02 0.0
2.4200000000000004 3.0799999999999996 0.0
2.4200000000000004 3.14 0.0
2.4200000000000004 3.1999999999999997 0.0
2.4200000000000004 3.2600000000000002 0.0
2.4200000000000004 3.3200000000000003 0.0
2.4200000000000004 3.38 0.0
2.4200000000000004 3.4399999999999995 0.0
2.4200000000000004 3.5 0.0
2.48 0.5 0.0
2.48 0.56 0.0
2.48 0.62 0.0
2.48 0.6799999999999999 0.0
2.48 0.74 0.0
2.48 0.8 0.0
2.48 0.86 -1.347188148916678e-18
2.48 0.92 -3.718794261766664e-19
2.48 0.98 6.474880004192623e-19
2.48 1.04 -8.200861070844271e-18
2.48 1.1 2.7040724303432894e-18
2.48 1.1600000000000001 4.569960221668065e-16
2.48 1.22 -4.1843116057768556e-17
2.48 1.28 -2.6658480285153607e-15
2.48 1.34 -3.760727382333349e-11
2.48 1.4 1.2024163846829492e-12
2.48 1.46 -6.106911652324517e-16
2.48 1.52 1.7271161356708575e-17
2.48 1.58 8.060028583609955e-16
2.48 1.6400000000000001 -1.9711577692159977e-11
2.48 1.7000000000000002 1.7496341935853183e-14
2.48 1.76 -1.6561182887104268e-16
2.48 1.82 1.1597610667100374e-12
2.48 1.8800000000000001 1.3134862894727387e-9
2.48 1.94 9.072187585645227e-9
2.48 2.0 3.2135213122047508e-6
2.48 2.06 0.0001056861768765772
2.48 2.12 4.9289829173017385e-5
2.48 2.18 0.0016751404996469517
2.48 2.2399999999999998 0.0011716689285328622
2.48 2.3000000000000003 0.006969779443010018
2.48 2.36 0.007967412674537459
2.48 2.4200000000000004 0.0008539175921982036
2.48 2.48 0.000934905907622811
2.48 2.5400000000000005 1.1419069265698444e-5
2.48 2.5999999999999996 -6.157849434075984e-8
2.48 2.66 3.639102898620215e-16
2.48 2.7199999999999998 8.72035714425512e-19
2.48 2.7800000000000002 0.0
2.48 2.84 0.0
2.48 2.9000000000000004 0.0
2.48 2.9599999999999995 0.0
2.48 3.02 0.0
2.48 3.0799999999999996 0.0
2.48 3.14 0.0
2.48 3.1999999999999997 0.0
2.48 3.2600000000000002 0.0
2.48 3.3200000000000003 0.0
2.48 3.38 0.0
2.48 3.4399999999999995 0.0
2.48 3.5 0.0
2.5400000000000005 0.5 0.0
2.5400000000000005 0.56 0.0
2.5400000000000005 0.62 0.0
2.5400000000000005 0.6799999999999999 0.0
2.5400000000000005 0.74 0.0
2.5400000000000005 0.8 0.0
2.5400000000000005 0.86 3.867469478866409e-19
2.5400000000000005 0.92 -1.6064848440276067e-19
2.5400000000000005 0.98 -1.551646007325917e-19
2.5400000000000005 1.04 2.524377672081509e-18
2.5400000000000005 1.1 -8.813576894868382e-19
2.5400000000000005 1.1600000000000001 -6.671545290690958e-18
2.5400000000000005 1.22 1.9144655335292934e-16
2.5400000000000005 1.28 3.942047358266846e-16
2.5400000000000005 1.34 -1.8018172761951564e-12
2.5400000000000005 1.4 1.2335495731441094e-13
2.5400000000000005 1.46 -9.476246617091229e-17
2.5400000000000005 1.52 -1.6811824735436783e-18
2.5400000000000005 1.58 2.259709471402559e-16
2.5400000000000005 1.6400000000000001 -1.6203849251747693e-13
2.5400000000000005 1.7000000000000002 -5.130678999275648e-15
2.5400000000000005 1.76 9.126296226094899e-17
2.5400000000000005 1.82 8.905065717654822e-14
2.5400000000000005 1.8800000000000001 6.371614694146239e-11
2.5400000000000005 1.94 1.1271761488793169e-13
2.5400000000000005 2.0 2.352878732395243e-8
2.5400000000000005 2.06 1.1356408485471181e-5
2.5400000000000005 2.12 0.00017887230524197244
2.5400000000000005 2.18 8.748195412115639e-6
2.5400000000000005 2.2399999999999998 0.00041466205677004943
2.5400000000000005 2.3000000000000003 0.00023687914909838339
2.5400000000000005 2.36 0.0011560412059758137
2.5400000000000005 2.4200000000000004 0.0011196548742903067
2.5400000000000005 2.48 2.45421679469218e-5
2.5400000000000005 2.5400000000000005 0.00014581510338078726
2.5400000000000005 2.5999999999999996 9.398686029279192e-8
2.5400000000000005 2.66 8.585966644785942e-17
2.5400000000000005 2.7199999999999998 -3.6524616076022256e-19
2.5400000000000005 2.7800000000000002 0.0
2.5400000000000005 2.84 0.0
2.5400000000000005 2.9000000000000004 0.0
2.5400000000000005 2.9599999999999995 0.0
2.5400000000000005 3.02 0.0
2.5400000000000005 3.0799999999999996 0.0
2.5400000000000005 3.14 0.0
2.5400000000000005 3.1999999999999997 0.0
2.5400000000000005 3.2600000000000002 0.0
2.5400000000000005 3.3200000000000003 0.0
2.5400000000000005 3.38 0.0
2.5400000000000005 3.4399999999999995 0.0
2.5400000000000005 3.5 0.0
2.5999999999999996 0.5 0.0
2.5999999999999996 0.56 0.0
2.5999999999999996 0.62 0.0
2.5999999999999996 0.6799999999999999 0.0
2.5999999999999996 0.74 0.0
2.5999999999999996 0.8 0.0
2.5999999999999996 0.86 0.0
2.5999999999999996 0.92 0.0
2.5999999999999996 0.98 0.0
2.5999999999999996 1.04 0.0
2.5999999999999996 1.1 0.0
2.5999999999999996 1.1600000000000001 0.0
2.5999999999999996 1.22 0.0
2.5999999999999996 1.28 0.0
2.5999999999999996 1.34 0.0
2.5999999999999996 1.4 0.0
2.5999999999999996 1.46 0.0
2.5999999999999996 1.52 0.0
2.5999999999999996 1.58 0.0
2.5999999999999996 1.6400000000000001 0.0
2.5999999999999996 1.7000000000000002 0.0
2.5999999999999996 1.76 0.0
2.5999999999999996 1.82 0.0
2.5999999999999996 1.8800000000000001 0.0
2.5999999999999996 1.94 0.0
2.5999999999999996 2.0 0.0
2.5999999999999996 2.06 0.0
2.5999999999999996 2.12 0.0
2.5999999999999996 2.18 0.0
2.5999999999999996 2.2399999999999998 0.0
2.5999999999999996 2.3000000000000003 0.0
2.5999999999999996 2.36 0.0
2.5999999999999996 2.4200000000000004 0.0
2.5999999999999996 2.48 0.0
2.5999999999999996 2.5400000000000005 0.0
2.5999999999999996 2.5999999999999996 0.0
2.5999999999999996 2.66 0.0
2.5999999999999996 2.7199999999999998 0.0
2.5999999999999996 2.7800000000000002 0.0
2.5999999999999996 2.84 0.0
2.5999999999999996 2.9000000000000004 0.0
2.5999999999999996 2.9599999999999995 0.0
2.5999999999999996 3.02 0.0
2.5999999999999996 3.0799999999999996 0.0
2.5999999999999996 3.14 0.0
2.5999999999999996 3.1999999999999997 0.0
2.5999999999999996 3.2600000000000002 0.0
2.5999999999999996 3.3200000000000003 0.0
2.5999999999999996 3.38 0.0
2.5999999999999996 3.4399999999999995 0.0
2.5999999999999996 3.5 0.0
2.66 0.5 0.0
2.66 0.56 0.0
2.66 0.62 0.0
2.66 0.6799999999999999 0.0
2.66 0.74 0.0
2.66 0.8 0.0
2.66 0.86 0.0
2.66 0.92 0.0
2.66 0.98 0.0
2.66 1.04 0.0
2.66 1.1 0.0
2.66 1.1600000000000001 0.0
2.66 1.22 0.0
2.66 1.28 0.0
2.66 1.34 0.0
2.66 1.4 0.0
2.66 1.46 0.0
2.66 1.52 0.0
2.66 1.58 0.0
2.66 1.6400000000000001 0.0
2.66 1.7000000000000002 0.0
2.66 1.76 0.0
2.66 1.82 0.0
2.66 1.8800000000000001 0.0
2.66 1.94 0.0
2.66 2.0 0.0
2.66 2.06 0.0
2.66 2.12 0.0
2.66 2.18 0.0
2.66 2.2399999999999998 0.0
2.66 2.3000000000000003 0.0
2.66 2.36 0.0
2.66 2.4200000000000004 0.0
2.66 2.48 0.0
2.66 2.5400000000000005 0.0
2.66 2.5999999999999996 0.0
2.66 2.66 0.0
2.66 2.7199999999999998 0.0
2.66 2.7800000000000002 0.0
2.66 2.84 0.0
2.66 2.9000000000000004 0.0
2.66 2.9599999999999995 0.0
2.66 3.02 0.0
2.66 3.0799999999999996 0.0
2.66 3.14 0.0
2.66 3.1999999999999997 0.0
2.66 3.2600000000000002 0.0
2.66 3.3200000000000003 0.0
2.66 3.38 0.0
2.66 3.4399999999999995 0.0
2.66 3.5 0.0
2.7199999999999998 0.5 0.0
2.7199999999999998 0.56 0.0
2.7199999999999998 0.62 0.0
2.7199999999999998 0.6799999999999999 0.0
2.7199999999999998 0.74 0.0
2.7199999999999998 0.8 0.0
2.7199999999999998 0.86 0.0
2.7199999999999998 0.92 0.0
2.7199999999999998 0.98 0.0
2.7199999999999998 1.04 0.0
2.7199999999999998 1.1 0.0
2.7199999999999998 1.1600000000000001 0.0
2.7199999999999998 1.22 0.0
2.7199999999999998 1.28 0.0
2.7199999999999998 1.34 0.0
2.7199999999999998 1.4 0.0
2.7199999999999998 1.46 0.0
2.7199999999999998 1.52 0.0
2.7199999999999998 1.58 0.0
2.7199999999999998 1.6400000000000001 0.0
2.7199999999999998 1.7000000000000002 0.0
2.7199999999999998 1.76 0.0
2.7199999999999998 1.82 0.0
2.7199999999999998 1.8800000000000001 0.0
2.7199999999999998 1.94 0.0
2.7199999999999998 2.0 0.0
2.7199999999999998 2.06 0.0
2.7199999999999998 2.12 0.0
2.7199999999999998 2.18 0.0
2.7199999999999998 2.2399999999999998 0.0
2.7199999999999998 2.3000000000000003 0.0
2.7199999999999998 2.36 0.0
2.7199999999999998 2.4200000000000004 0.0
2.7199999999999998 2.48 0.0
2.7199999999999998 2.5400000000000005 0.0
2.7199999999999998 2.5999999999999996 0.0
2.7199999999999998 2.66 0.0
2.7199999999999998 2.7199999999999998 0.0
2.7199999999999998 2.7800000000000002 0.0
2.7199999999999998 2.84 0.0
2.7199999999999998 2.9000000000000004 0.0
2.7199999999999998 2.9599999999999995 0.0
2.7199999999999998 3.02 0.0
2.7199999999999998 3.0799999999999996 0.0
2.7199999999999998 3.14 0.0
2.7199999999999998 3.1999999999999997 0.0
2.7199999999999998 3.2600000000000002 0.0
2.7199999999999998 3.3200000000000003 0.0
2.7199999999999998 3.38 0.0
2.7199999999999998 3.4399999999999995 0.0
2.7199999999999998 3.5 0.0
2.7800000000000002 0.5 0.0
2.7800000000000002 0.56 0.0
2.7800000000000002 0.62 0.0
2.7800000000000002 0.6799999999999999 0.0
2.7800000000000002 0.74 0.0
2.7800000000000002 0.8 0.0
2.7800000000000002 0.86 0.0
2.7800000000000002 0.92 0.0
2.7800000000000002 0.98 0.0
2.7800000000000002 1.04 0.0
2.7800000000000002 1.1 0.0
2.7800000000000002 1.1600000000000001 0.0
2.7800000000000002 1.22 0.0
2.7800000000000002 1.28 0.0
2.7800000000000002 1.34 0.0
2.7800000000000002 1.4 0.0
2.7800000000000002 1.46 0.0
2.7800000000000002 1.52 0.0
2.7800000000000002 1.58 0.0
2.7800000000000002 1.6400000000000001 0.0
2.7800000000000002 1.7000000000000002 0.0
2.7800000000000002 1.76 0.0
2.7800000000000002 1.82 0.0
2.7800000000000002 1.8800000000000001 0.0
2.7800000000000002 1.94 0.0
2.7800000000000002 2.0 0.0
2.7800000000000002 2.06 0.0
2.7800000000000002 2.12 0.0
2.7800000000000002 2.18 0.0
2.7800000000000002 2.2399999999999998 0.0
2.7800000000000002 2.3000000000000003 0.0
2.7800000000000002 2.36 0.0
2.7800000000000002 2.4200000000000004 0.0
2.7800000000000002 2.48 0.0
2.7800000000000002 2.5400000000000005 0.0
2.7800000000000002 2.5999999999999996 0.0
2.7800000000000002 2.66 0.0
2.7800000000000002 2.7199999999999998 0.0
2.7800000000000002 2.7800000000000002 0.0
2.7800000000000002 2.84 0.0
2.7800000000000002 2.9000000000000004 0.0
2.7800000000000002 2.9599999999999995 0.0
2.7800000000000002 3.02 0.0
2.7800000000000002 3.0799999999999996 0.0
2.7800000000000002 3.14 0.0
2.7800000000000002 3.1999999999999997 0.0
2.7800000000000002 3.2600000000000002 0.0
2.7800000000000002 3.3200000000000003 0.0
2.7800000000000002 3.38 0.0
2.7800000000000002 3.4399999999999995 0.0
2.7800000000000002 3.5 0.0
2.84 0.5 0.0
2.84 0.56 0.0
2.84 0.62 0.0
2.84 0.6799999999999999 0.0
2.84 0.74 0.0
2.84 0.8 0.0
2.84 0.86 0.0
2.84 0.92 0.0
2.84 0.98 0.0
2.84 1.04 0.0
2.84 1.1 0.0
2.84 1.1600000000000001 0.0
2.84 1.22 0.0
2.84 1.28 0.0
2.84 1.34 0.0
2.84 1.4 0.0
2.84 1.46 0.0
2.84 1.52 0.0
2.84 1.58 0.0
2.84 1.6400000000000001 0.0
2.84 1.7000000000000002 0.0
2.84 1.76 0.0
2.84 1.82 0.0
2.84 1.8800000000000001 0.0
2.84 1.94 0.0
2.84 2.0 0.0
2.84 2.06 0.0
2.84 2.12 0.0
2.84 2.18 0.0
2.84 2.2399999999999998 0.0
2.84 2.3000000000000003 0.0
2.84 2.36 0.0
2.84 2.4200000000000004 0.0
2.84 2.48 0.0
2.84 2.5400000000000005 0.0
2.84 2.5999999999999996 0.0
2.84 2.66 0.0
2.84 2.7199999999999998 0.0
2.84 2.7800000000000002 0.0
2.84 2.84 0.0
2.84 2.9000000000000004 0.0
2.84 2.9599999999999995 0.0
2.84 3.02 0.0
2.84 3.0799999999999996 0.0
2.84 3.14 0.0
2.84 3.1999999999999997 0.0
2.84 3.2600000000000002 0.0
2.84 3.3200000000000003 0.0
2.84 3.38 0.0
2.84 3.4399999999999995 0.0
2.84 3.5 0.0
2.9000000000000004 0.5 0.0
2.9000000000000004 0.56 0.0
2.9000000000000004 0.62 0.0
2.9000000000000004 0.6799999999999999 0.0
2.9000000000000004 0.74 0.0
2.9000000000000004 0.8 0.0
2.9000000000000004 0.86 0.0
2.9000000000000004 0.92 0.0
2.9000000000000004 0.98 0.0
2.9000000000000004 1.04 0.0
2.9000000000000004 1.1 0.0
2.9000000000000004 1.1600000000000001 0.0
2.9000000000000004 1.22 0.0
2.9000000000000004 1.28 0.0
2.9000000000000004 1.34 0.0
2.9000000000000004 1.4 0.0
2.9000000000000004 1.46 0.0
2.9000000000000004 1.52 0.0
2.9000000000000004 1.58 0.0
2.9000000000000004 1.6400000000000001 0.0
2.9000000000000004 1.7000000000000002 0.0
2.9000000000000004 1.76 0.0
2.9000000000000004 1.82 0.0
2.9000000000000004 1.8800000000000001 0.0
2.9000000000000004 1.94 0.0
2.9000000000000004 2.0 0.0
2.9000000000000004 2.06 0.0
2.9000000000000004 2.12 0.0
2.9000000000000004 2.18 0.0
2.9000000000000004 2.2399999999999998 0.0
2.9000000000000004 2.3000000000000003 0.0
2.9000000000000004 2.36 0.0
2.9000000000000004 2.4200000000000004 0.0
2.9000000000000004 2.48 0.0
2.9000000000000004 2.5400000000000005 0.0
2.9000000000000004 2.5999999999999996 0.0
2.9000000000000004 2.66 0.0
2.9000000000000004 2.7199999999999998 0.0
2.9000000000000004 2.7800000000000002 0.0
2.9000000000000004 2.84 0.0
2.9000000000000004 2.9000000000000004 0.0
2.9000000000000004 2.9599999999999995 0.0
2.9000000000000004 3.02 0.0
2.9000000000000004 3.0799999999999996 0.0
2.9000000000000004 3.14 0.0
2.9000000000000004 3.1999999999999997 0.0
2.9000000000000004 3.2600000000000002 0.0
2.9000000000000004 3.3200000000000003 0.0
2.9000000000000004 3.38 0.0
2.9000000000000004 3.4399999999999995 0.0
2.9000000000000004 3.5 0.0
2.9599999999999995 0.5 0.0
2.9599999999999995 0.56 0.0
2.9599999999999995 0.62 0.0
2.9599999999999995 0.6799999999999999 0.0
2.9599999999999995 0.74 0.0
2.9599999999999995 0.8 0.0
2.9599999999999995 0.86 0.0
2.9599999999999995 0.92 0.0
2.9599999999999995 0.98 0.0
2.9599999999999995 1.04 0.0
2.9599999999999995 1.1 0.0
2.9599999999999995 1.1600000000000001 0.0
2.9599999999999995 1.22 0.0
2.9599999999999995 1.28 0.0
2.9599999999999995 1.34 0.0
2.9599999999999995 1.4 0.0
2.9599999999999995 1.46 0.0
2.9599999999999995 1.52 0.0
2.9599999999999995 1.58 0.0
2.9599999999999995 1.6400000000000001 0.0
2.9599999999999995 1.7000000000000002 0.0
2.9599999999999995 1.76 0.0
2.9599999999999995 1.82 0.0
2.9599999999999995 1.8800000000000001 0.0
2.9599999999999995 1.94 0.0
2.9599999999999995 2.0 0.0
2.9599999999999995 2.06 0.0
2.9599999999999995 2.12 0.0
2.9599999999999995 2.18 0.0
2.9599999999999995 2.2399999999999998 0.0
2.9599999999999995 2.3000000000000003 0.0
2.9599999999999995 2.36 0.0
2.9599999999999995 2.4200000000000004 0.0
2.9599999999999995 2.48 0.0
2.9599999999999995 2.5400000000000005 0.0
2.9599999999999995 2.5999999999999996 0.0
2.9599999999999995 2.66 0.0
2.9599999999999995 2.7199999999999998 0.0
2.9599999999999995 2.7800000000000002 0.0
2.9599999999999995 2.84 0.0
2.9599999999999995 2.9000000000000004 0.0
2.9599999999999995 2.9599999999999995 0.0
2.9599999999999995 3.02 0.0
2.9599999999999995 3.0799999999999996 0.0
2.9599999999999995 3.14 0.0
2.9599999999999995 3.1999999999999997 0.0
2.9599999999999995 3.2600000000000002 0.0
2.9599999999999995 3.3200000000000003 0.0
2.9599999999999995 3.38 0.0
2.9599999999999995 3.4399999999999995 0.0
2.9599999999999995 3.5 0.0
3.02 0.5 0.0
3.02 0.56 0.0
3.02 0.62 0.0
3.02 0.6799999999999999 0.0
3.02 0.74 0.0
3.02 0.8 0.0
3.02 0.86 0.0
3.02 0.92 0.0
3.02 0.98 0.0
3.02 1.04 0.0
3.02 1.1 0.0
3.02 1.1600000000000001 0.0
3.02 1.22 0.0
3.02 1.28 0.0
3.02 1.34 0.0
3.02 1.4 0.0
3.02 1.46 0.0
3.02 1.52 0.0
3.02 1.58 0.0
3.02 1.6400000000000001 0.0
3.02 1.7000000000000002 0.0
3.02 1.76 0.0
3.02 1.82 0.0
3.02 1.8800000000000001 0.0
3.02 1.94 0.0
3.02 2.0 0.0
3.02 2.06 0.0
3.02 2.12 0.0
3.02 2.18 0.0
3.02 2.2399999999999998 0.0
3.02 2.3000000000000003 0.0
3.02 2.36 0.0
3.02 2.4200000000000004 0.0
3.02 2.48 0.0
3.02 2.5400000000000005 0.0
3.02 2.5999999999999996 0.0
3.02 2.66 0.0
3.02 2.7199999999999998 0.0
3.02 2.7800000000000002 0.0
3.02 2.84 0.0
3.02 2.9000000000000004 0.0
3.02 2.9599999999999995 0.0
3.02 3.02 0.0
3.02 3.0799999999999996 0.0
3.02 3.14 0.0
3.02 3.1999999999999997 0.0
3.02 3.2600000000000002 0.0
3.02 3.3200000000000003 0.0
3.02 3.38 0.0
3.02 3.4399999999999995 0.0
3.02 3.5 0.0
3.0799999999999996 0.5 0.0
3.0799999999999996 0.56 0.0
3.0799999999999996 0.62 0.0
3.0799999999999996 0.6799999999999999 0.0
3.0799999999999996 0.74 0.0
3.0799999999999996 0.8 0.0
3.0799999999999996 0.86 0.0
3.0799999999999996 0.92 0.0
3.0799999999999996 0.98 0.0
3.0799999999999996 1.04 0.0
3.0799999999999996 1.1 0.0
3.0799999999999996 1.1600000000000001 0.0
3.0799999999999996 1.22 0.0
3.0799999999999996 1.28 0.0
3.0799999999999996 1.34 0.0
3.0799999999999996 1.4 0.0
3.0799999999999996 1.46 0.0
3.0799999999999996 1.52 0.0
3.0799999999999996 1.58 0.0
3.0799999999999996 1.6400000000000001 0.0
3.0799999999999996 1.7000000000000002 0.0
3.0799999999999996 1.76 0.0
3.0799999999999996 1.82 0.0
3.0799999999999996 1.8800000000000001 0.0
3.0799999999999996 1.94 0.0
3.0799999999999996 2.0 0.0
3.0799999999999996 2.06 0.0
3.0799999999999996 2.12 0.0
3.0799999999999996 2.18 0.0
3.0799999999999996 2.2399999999999998 0.0
3.0799999999999996 2.3000000000000003 0.0
3.0799999999999996 2.36 0.0
3.0799999999999996 2.4200000000000004 0.0
3.0799999999999996 2.48 0.0
3.0799999999999996 2.5400000000000005 0.0
3.0799999999999996 2.5999999999999996 0.0
3.0799999999999996 2.66 0.0
3.0799999999999996 2.7199999999999998 0.0
3.0799999999999996 2.7800000000000002 0.0
3.0799999999999996 2.84 0.0
3.0799999999999996 2.9000000000000004 0.0
3.0799999999999996 2.9599999999999995 0.0
3.0799999999999996 3.02 0.0
3.0799999999999996 3.0799999999999996 0.0
3.0799999999999996 3.14 0.0
3.0799999999999996 3.1999999999999997 0.0
3.0799999999999996 3.2600000000000002 0.0
3.0799999999999996 3.3200000000000003 0.0
3.0799999999999996 3.38 0.0
3.0799999999999996 3.4399999999999995 0.0
3.0799999999999996 3.5 0.0
3.14 0.5 0.0
3.14 0.56 0.0
3.14 0.62 0.0
3.14 0.6799999999999999 0.0
3.14 0.74 0.0
3.14 0.8 0.0
3.14 0.86 0.0
3.14 0.92 0.0
3.14 0.98 0.0
3.14 1.04 0.0
3.14 1.1 0.0
3.14 1.1600000000000001 0.0
3.14 1.22 0.0
3.14 1.28 0.0
3.14 1.34 0.0
3.14 1.4 0.0
3.14 1.46 0.0
3.14 1.52 0.0
3.14 1.58 0.0
3.14 1.6400000000000001 0.0
3.14 1.7000000000000002 0.0
3.14 1.76 0.0
3.14 1.82 0.0
3.14 1.8800000000000001 0.0
3.14 1.94 0.0
3.14 2.0 0.0
3.14 2.06 0.0
3.14 2.12 0.0
3.14 2.18 0.0
3.14 2.2399999999999998 0.0
3.14 2.3000000000000003 0.0
3.14 2.36 0.0
3.14 2.4200000000000004 0.0
3.14 2.48 0.0
3.14 2.5400000000000005 0.0
3.14 2.5999999999999996 0.0
3.14 2.66 0.0
3.14 2.7199999999999998 0.0
3.14 2.7800000000000002 0.0
3.14 2.84 0.0
3.14 2.9000000000000004 0.0
3.14 2.9599999999999995 0.0
3.14 3.02 0.0
3.14 3.0799999999999996 0.0
3.14 3.14 0.0
3.14 3.1999999999999997 0.0
3.14 3.2600000000000002 0.0
3.14 3.3200000000000003 0.0
3.14 3.38 0.0
3.14 3.4399999999999995 0.0
3.14 3.5 0.0
3.1999999999999997 0.5 0.0
3.1999999999999997 0.56 0.0
3.1999999999999997 0.62 0.0
3.1999999999999997 0.6799999999999999 0.0
3.1999999999999997 0.74 0.0
3.1999999999999997 0.8 0.0
3.1999999999999997 0.86 0.0
3.1999999999999997 0.92 0.0
3.1999999999999997 0.98 0.0
3.1999999999999997 1.04 0.0
3.1999999999999997 1.1 0.0
3.1999999999999997 1.1600000000000001 0.0
3.1999999999999997 1.22 0.0
3.1999999999999997 1.28 0.0
3.1999999999999997 1.34 0.0
3.1999999999999997 1.4 0.0
3.1999999999999997 1.46 0.0
3.1999999999999997 1.52 0.0
3.1999999999999997 1.58 0.0
3.1999999999999997 1.6400000000000001 0.0
3.1999999999999997 1.7000000000000002 0.0
3.1999999999999997 1.76 0.0
3.1999999999999997 1.82 0.0
3.1999999999999997 1.8800000000000001 0.0
3.1999999999999997 1.94 0.0
3.1999999999999997 2.0 0.0
3.1999999999999997 2.06 0.0
3.1999999999999997 2.12 0.0
3.1999999999999997 2.18 0.0
3.1999999999999997 2.2399999999999998 0.0
3.1999999999999997 2.3000000000000003 0.0
3.1999999999999997 2.36 0.0
3.1999999999999997 2.4200000000000004 0.0
3.1999999999999997 2.48 0.0
3.1999999999999997 2.5400000000000005 0.0
3.1999999999999997 2.5999999999999996 0.0
3.1999999999999997 2.66 0.0
3.1999999999999997 2.7199999999999998 0.0
3.1999999999999997 2.7800000000000002 0.0
3.1999999999999997 2.84 0.0
3.1999999999999997 2.9000000000000004 0.0
3.1999999999999997 2.9599999999999995 0.0
3.1999999999999997 3.02 0.0
3.1999999999999997 3.0799999999999996 0.0
3.1999999999999997 3.14 0.0
3.1999999999999997 3.1999999999999997 0.0
3.1999999999999997 3.2600000000000002 0.0
3.1999999999999997 3.3200000000000003 0.0
3.1999999999999997 3.38 0.0
3.1999999999999997 3.4399999999999995 0.0
3.1999999999999997 3.5 0.0
3.2600000000000002 0.5 0.0
3.2600000000000002 0.56 0.0
3.2600000000000002 0.62 0.0
3.2600000000000002 0.6799999999999999 0.0
3.2600000000000002 0.74 0.0
3.2600000000000002 0.8 0.0
3.2600000000000002 0.86 0.0
3.2600000000000002 0.92 0.0
3.2600000000000002 0.98 0.0
3.2600000000000002 1.04 0.0
3.2600000000000002 1.1 0.0
3.2600000000000002 1.1600000000000001 0.0
3.2600000000000002 1.22 0.0
3.2600000000000002 1.28 0.0
3.2600000000000002 1.34 0.0
3.2600000000000002 1.4 0.0
3.2600000000000002 1.46 0.0
3.2600000000000002 1.52 0.0
3.2600000000000002 1.58 0.0
3.2600000000000002 1.6400000000000001 0.0
3.2600000000000002 1.7000000000000002 0.0
3.2600000000000002 1.76 0.0
3.2600000000000002 1.82 0.0
3.2600000000000002 1.8800000000000001 0.0
3.2600000000000002 1.94 0.0
3.2600000000000002 2.0 0.0
3.2600000000000002 2.06 0.0
3.2600000000000002 2.12 0.0
3.2600000000000002 2.18 0.0
3.2600000000000002 2.2399999999999998 0.0
3.2600000000000002 2.3000000000000003 0.0
3.2600000000000002 2.36 0.0
3.2600000000000002 2.4200000000000004 0.0
3.2600000000000002 2.48 0.0
3.2600000000000002 2.5400000000000005 0.0
3.2600000000000002 2.5999999999999996 0.0
3.2600000000000002 2.66 0.0
3.2600000000000002 2.7199999999999998 0.0
3.2600000000000002 2.7800000000000002 0.0
3.2600000000000002 2.84 0.0
3.2600000000000002 2.9000000000000004 0.0
3.2600000000000002 2.9599999999999995 0.0
3.2600000000000002 3.02 0.0
3.2600000000000002 3.0799999999999996 0.0
3.2600000000000002 3.14 0.0
3.2600000000000002 3.1999999999999997 0.0
3.2600000000000002 3.2600000000000002 0.0
3.2600000000000002 3.3200000000000003 0.0
3.2600000000000002 3.38 0.0
3.2600000000000002 3.4399999999999995 0.0
3.2600000000000002 3.5 0.0
3.3200000000000003 0.5 0.0
3.3200000000000003 0.56 0.0
3.3200000000000003 0.62 0.0
3.3200000000000003 0.6799999999999999 0.0
3.3200000000000003 0.74 0.0
3.3200000000000003 0.8 0.0
3.3200000000000003 0.86 0.0
3.3200000000000003 0.92 0.0
3.3200000000000003 0.98 0.0
3.3200000000000003 1.04 0.0
3.3200000000000003 1.1 0.0
3.3200000000000003 1.1600000000000001 0.0
3.3200000000000003 1.22 0.0
3.3200000000000003 1.28 0.0
3.3200000000000003 1.34 0.0
3.3200000000000003 1.4 0.0
3.3200000000000003 1.46 0.0
3.3200000000000003 1.52 0.0
3.3200000000000003 1.58 0.0
3.3200000000000003 1.6400000000000001 0.0
3.3200000000000003 1.7000000000000002 0.0
3.3200000000000003 1.76 0.0
3.3200000000000003 1.82 0.0
3.3200000000000003 1.8800000000000001 0.0
3.3200000000000003 1.94 0.0
3.3200000000000003 2.0 0.0
3.3200000000000003 2.06 0.0
3.3200000000000003 2.12 0.0
3.3200000000000003 2.18 0.0
3.3200000000000003 2.2399999999999998 0.0
3.3200000000000003 2.3000000000000003 0.0
3.3200000000000003 2.36 0.0
3.3200000000000003 2.4200000000000004 0.0
3.3200000000000003 2.48 0.0
3.3200000000000003 2.5400000000000005 0.0
3.3200000000000003 2.5999999999999996 0.0
3.3200000000000003 2.66 0.0
3.3200000000000003 2.7199999999999998 0.0
3.3200000000000003 2.7800000000000002 0.0
3.3200000000000003 2.84 0.0
3.3200000000000003 2.9000000000000004 0.0
3.3200000000000003 2.9599999999999995 0.0
3.3200000000000003 3.02 0.0
3.3200000000000003 3.0799999999999996 0.0
3.3200000000000003 3.14 0.0
3.3200000000000003 3.1999999999999997 0.0
3.3200000000000003 3.2600000000000002 0.0
3.3200000000000003 3.3200000000000003 0.0
3.3200000000000003 3.38 0.0
3.3200000000000003 3.4399999999999995 0.0
3.3200000000000003 3.5 0.0
3.38 0.5 0.0
3.38 0.56 0.0
3.38 0.62 0.0
3.38 0.6799999999999999 0.0
3.38 0.74 0.0
3.38 0.8 0.0
3.38 0.86 0.0
3.38 0.92 0.0
3.38 0.98 0.0
3.38 1.04 0.0
3.38 1.1 0.0
3.38 1.1600000000000001 0.0
3.38 1.22 0.0
3.38 1.28 0.0
3.38 1.34 0.0
3.38 1.4 0.0
3.38 1.46 0.0
3.38 1.52 0.0
3.38 1.58 0.0
3.38 1.6400000000000001 0.0
3.38 1.7000000000000002 0.0
3.38 1.76 0.0
3.38 1.82 0.0
3.38 1.8800000000000001 0.0
3.38 1.94 0.0
3.38 2.0 0.0
3.38 2.06 0.0
3.38 2.12 0.0
3.38 2.18 0.0
3.38 2.2399999999999998 0.0
3.38 2.3000000000000003 0.0
3.38 2.36 0.0
3.38 2.4200000000000004 0.0
3.38 2.48 0.0
3.38 2.5400000000000005 0.0
3.38 2.5999999999999996 0.0
3.38 2.66 0.0
3.38 2.7199999999999998 0.0
3.38 2.7800000000000002 0.0
3.38 2.84 0.0
3.38 2.9000000000000004 0.0
3.38 2.9599999999999995 0.0
3.38 3.02 0.0
3.38 3.0799999999999996 0.0
3.38 3.14 0.0
3.38 3.1999999999999997 0.0
3.38 3.2600000000000002 0.0
3.38 3.3200000000000003 0.0
3.38 3.38 0.0
3.38 3.4399999999999995 0.0
3.38 3.5 0.0
3.4399999999999995 0.5 0.0
3.4399999999999995 0.56 0.0
3.4399999999999995 0.62 0.0
3.4399999999999995 0.6799999999999999 0.0
3.4399999999999995 0.74 0.0
3.4399999999999995 0.8 0.0
3.4399999999999995 0.86 0.0
3.4399999999999995 0.92 0.0
3.4399999999999995 0.98 0.0
3.4399999999999995 1.04 0.0
3.4399999999999995 1.1 0.0
3.4399999999999995 1.1600000000000001 0.0
3.4399999999999995 1.22 0.0
3.4399999999999995 1.28 0.0
3.4399999999999995 1.34 0.0
3.4399999999999995 1.4 0.0
3.4399999999999995 1.46 0.0
3.4399999999999995 1.52 0.0
3.4399999999999995 1.58 0.0
3.4399999999999995 1.6400000000000001 0.0
3.4399999999999995 1.7000000000000002 0.0
3.4399999999999995 1.76 0.0
3.4399999999999995 1.82 0.0
3.4399999999999995 1.8800000000000001 0.0
3.4399999999999995 1.94 0.0
3.4399999999999995 2.0 0.0
3.4399999999999995 2.06 0.0
3.4399999999999995 2.12 0.0
3.4399999999999995 2.18 0.0
3.4399999999999995 2.2399999999999998 0.0
3.4399999999999995 2.3000000000000003 0.0
3.4399999999999995 2.36 0.0
3.4399999999999995 2.4200000000000004 0.0
3.4399999999999995 2.48 0.0
3.4399999999999995 2.5400000000000005 0.0
3.4399999999999995 2.5999999999999996 0.0
3.4399999999999995 2.66 0.0
3.4399999999999995 2.7199999999999998 0.0
3.4399999999999995 2.7800000000000002 0.0
3.4399999999999995 2.84 0.0
3.4399999999999995 2.9000000000000004 0.0
3.4399999999999995 2.9599999999999995 0.0
3.4399999999999995 3.02 0.0
3.4399999999999995 3.0799999999999996 0.0
3.4399999999999995 3.14 0.0
3.4399999999999995 3.1999999999999997 0.0
3.4399999999999995 3.2600000000000002 0.0
3.4399999999999995 3.3200000000000003 0.0
3.4399999999999995 3.38 0.0
3.4399999999999995 3.4399999999999995 0.0
3.4399999999999995 3.5 0.0
3.5 0.5 0.0
3.5 0.56 0.0
3.5 0.62 0.0
3.5 0.6799999999999999 0.0
3.5 0.74 0.0
3.5 0.8 0.0
3.5 0.86 0.0
3.5 0.92 0.0
3.5 0.98 0.0
3.5 1.04 0.0
3.5 1.1 0.0
3.5 1.1600000000000001 0.0
3.5 1.22 0.0
3.5 1.28 0.0
3.5 1.34 0.0
3.5 1.4 0.0
3.5 1.46 0.0
3.5 1.52 0.0
3.5 1.58 0.0
3.5 1.6400000000000001 0.0
3.5 1.7000000000000002 0.0
3.5 1.76 0.0
3.5 1.82 0.0
3.5 1.8800000000000001 0.0
3.5 1.94 0.0
3.5 2.0 0.0
3.5 2.06 0.0
3.5 2.12 0.0
3.5 2.18 0.0
3.5 2.2399999999999998 0.0
3.5 2.3000000000000003 0.0
3.5 2.36 0.0
3.5 2.4200000000000004 0.0
3.5 2.48 0.0
3.5 2.5400000000000005 0.0
3.5 2.5999999999999996 0.0
3.5 2.66 0.0
3.5 2.7199999999999998 0.0
3.5 2.7800000000000002 0.0
3.5 2.84 0.0
3.5 2.9000000000000004 0.0
3.5 2.9599999999999995 0.0
3.5 3.02 0.0
3.5 3.0799999999999996 0.0
3.5 3.14 0.0
3.5 3.1999999999999997 0.0
3.5 3.2600000000000002 0.0
3.5 3.3200000000000003 0.0
3.5 3.38 0.0
3.5 3.4399999999999995 0.0
3.5 3.5 0.0
