1.28 9.32 8.13774916665483e-23
1.28 9.81 -1.069761440787795e-19
1.28 10.3 -2.420940454784895e-23
1.28 14.220000000000002 -5.117799210725482e-26
1.28 14.709999999999999 -1.5932189516397626e-20
1.28 15.2 -3.7482009136113806e-19
1.28 15.69 6.16749677593742e-21
1.28 16.18 -2.5361023484720436e-20
1.28 16.67 1.6730491613602207e-23
1.28 19.12 1.1489934938732605e-17
1.28 19.61 3.362184142240619e-16
1.28 20.1 1.3647596129589793e-17
1.28 20.59 9.012906662655057e-19
1.34 9.32 6.25289282103811e-21
1.34 9.81 -2.078091561198444e-17
1.34 10.3 1.376539680158748e-20
1.34 14.220000000000002 5.6223837812220125e-24
1.34 14.709999999999999 -7.330018563305277e-19
1.34 15.2 -7.26054693646795e-18
1.34 15.69 -2.112954904705397e-20
1.34 16.18 6.838259694783843e-18
1.34 16.67 -1.1131395719801915e-22
1.34 19.12 1.0052364897324035e-16
1.34 19.61 5.554817408511345e-16
1.34 20.1 1.5769500602194943e-15
1.34 20.59 -1.1565419856942533e-18
1.4 9.32 1.2532769790305332e-16
1.4 9.81 -4.165357080547557e-13
1.4 10.3 2.7592760587679584e-16
1.4 14.220000000000002 1.129565445624079e-19
1.4 14.709999999999999 -1.469084433977118e-14
1.4 15.2 -1.8932731407522893e-13
1.4 15.69 -4.2428108331562115e-16
1.4 16.18 1.3707496524324585e-13
1.4 16.67 -2.1986639524135682e-18
1.4 19.12 2.0134085828958004e-12
1.4 19.61 1.1128288571153784e-11
1.4 20.1 3.160721754925867e-11
1.4 20.59 -2.2885724984701e-14
1.46 9.32 8.106002731844418e-16
1.46 9.81 -3.650211035509903e-13
1.46 10.3 -1.1126343392995261e-15
1.46 14.220000000000002 1.0849145000091436e-16
1.46 14.709999999999999 4.061100010353099e-12
1.46 15.2 4.470163128645953e-11
1.46 15.69 1.2345710963813935e-10
1.46 16.18 -7.555932429235579e-13
1.46 16.67 5.524820679899806e-17
1.46 19.12 1.5887645728172848e-10
1.46 19.61 4.565836574702438e-9
1.46 20.1 1.106917143535066e-10
1.46 20.59 1.0682114858952909e-11
1.52 9.32 -6.910008898569637e-15
1.52 9.81 3.016250663556891e-12
1.52 10.3 9.603381964028069e-15
1.52 14.220000000000002 2.038482163641855e-17
1.52 14.709999999999999 1.5917661948035347e-12
1.52 15.2 1.9489124139761535e-11
1.52 15.69 -7.58706191613788e-13
1.52 16.18 6.406861976231577e-12
1.52 16.67 -4.561200781350208e-16
1.52 19.12 2.9744294260568327e-10
1.52 19.61 8.084853000347335e-9
1.52 20.1 3.5049799185556654e-9
1.52 20.59 1.0026753200366979e-10
1.58 9.32 5.892045926544832e-17
1.58 9.81 -1.9581674714810537e-13
1.58 10.3 1.297110351872914e-16
1.58 14.220000000000002 2.704461237319173e-15
1.58 14.709999999999999 1.0149621359583985e-10
1.58 15.2 1.1623361553724537e-9
1.58 15.69 3.0147892104154383e-9
1.58 16.18 1.4306864430156643e-11
1.58 16.67 3.254025175701304e-19
1.58 19.12 9.472255697298666e-13
1.58 19.61 5.234256731833082e-12
1.58 20.1 1.485946227331688e-11
1.58 20.59 -1.089799179098737e-14
1.6400000000000001 9.32 7.137300888885488e-21
1.6400000000000001 9.81 -3.820781295770602e-18
1.6400000000000001 10.3 6.09986645898734e-21
1.6400000000000001 14.220000000000002 4.5153224085076126e-14
1.6400000000000001 14.709999999999999 1.7002147938379043e-9
1.6400000000000001 15.2 1.9392891630371106e-8
1.6400000000000001 15.69 4.943033789719615e-8
1.6400000000000001 16.18 1.9909865740619635e-10
1.6400000000000001 16.67 1.9212360444000912e-17
1.6400000000000001 19.12 2.3146097625915757e-15
1.6400000000000001 19.61 6.885010410232624e-14
1.6400000000000001 20.1 1.1682027224463583e-15
1.6400000000000001 20.59 1.1328685177300695e-16
1.7000000000000002 9.32 1.0438873266707758e-6
1.7000000000000002 9.81 0.04374711986822597
1.7000000000000002 10.3 0.00010493466854038089
1.7000000000000002 14.220000000000002 1.241809084871427e-10
1.7000000000000002 14.709999999999999 4.828925777435233e-6
1.7000000000000002 15.2 5.3488499342794354e-5
1.7000000000000002 15.69 1.6243721103088825e-5
1.7000000000000002 16.18 -2.9601933242922075e-7
1.7000000000000002 16.67 -2.976416291366582e-14
1.7000000000000002 19.12 0.0014605128146544064
1.7000000000000002 19.61 0.04155457562014802
1.7000000000000002 20.1 0.004268585938711023
1.7000000000000002 20.59 0.0001771550744266602
1.76 9.32 6.2695819161952954e-6
1.76 9.81 0.0734995452651383
1.76 10.3 4.280094157924986e-5
1.76 14.220000000000002 4.462792353203058e-9
1.76 14.709999999999999 1.5814579542680706e-5
1.76 15.2 0.00018078084787932332
1.76 15.69 8.907617122175636e-5
1.76 16.18 -1.800514587891048e-5
1.76 16.67 -8.320577735278097e-10
1.76 19.12 0.0018690984017006196
1.76 19.61 0.05247049878999813
1.76 20.1 0.013830062294172888
1.76 20.59 0.000428160601867168
1.82 9.32 1.4087939546179726e-6
1.82 9.81 0.011888385119976622
1.82 10.3 4.760326408177813e-6
1.82 14.220000000000002 -1.8111675780713952e-10
1.82 14.709999999999999 1.0914484632606773e-5
1.82 15.2 0.0001465593084860788
1.82 15.69 0.001592542331131011
1.82 16.18 -4.108244884396195e-5
1.82 16.67 5.870540067220901e-10
1.82 19.12 0.0018713078698217008
1.82 19.61 0.053234569753556504
1.82 20.1 0.0217345725544456
1.82 20.59 0.0006034715509717222
1.8800000000000001 9.32 4.7562794992670116e-9
1.8800000000000001 9.81 -4.305244730975777e-8
1.8800000000000001 10.3 -9.09080107020179e-9
1.8800000000000001 14.220000000000002 7.442720222693028e-11
1.8800000000000001 14.709999999999999 -9.803636913325224e-8
1.8800000000000001 15.2 -2.4726564142658897e-6
1.8800000000000001 15.69 1.7680909688508396e-6
1.8800000000000001 16.18 -5.812111237835561e-6
1.8800000000000001 16.67 -1.4627575970114358e-12
1.8800000000000001 19.12 -3.4241656320940978e-6
1.8800000000000001 19.61 9.62665950017341e-6
1.8800000000000001 20.1 4.348440411373751e-5
1.8800000000000001 20.59 -9.771693100093544e-8
1.94 9.32 7.190889353697666e-8
1.94 9.81 0.03510116181818981
1.94 10.3 1.46289352278652e-10
1.94 14.220000000000002 3.42531897523583e-13
1.94 14.709999999999999 9.556002685507062e-7
1.94 15.2 0.05017609872805483
1.94 15.69 0.06805484887759115
1.94 16.18 2.2717248189175998e-5
1.94 16.67 -2.3766821810115867e-14
1.94 19.12 2.6092489631221154e-7
1.94 19.61 0.01242534240944137
1.94 20.1 0.015877328015326778
1.94 20.59 2.5845844730799265e-7
2.0 9.32 5.784721706066212e-10
2.0 9.81 0.03734076911591346
2.0 10.3 1.6207660660495556e-8
2.0 14.220000000000002 4.064141017094197e-9
2.0 14.709999999999999 4.8216547917683617e-5
2.0 15.2 0.07147896356069129
2.0 15.69 0.06458706896202009
2.0 16.18 0.0009370458428086285
2.0 16.67 9.039445420358783e-11
2.0 19.12 1.4785536569581506e-5
2.0 19.61 0.02409275400790935
2.0 20.1 0.012633201425372746
2.0 20.59 1.101970859834554e-9
2.06 9.32 1.1896986562011244e-12
2.06 9.81 0.028283256325970077
2.06 10.3 4.864653690068974e-7
2.06 14.220000000000002 -8.386826216389501e-12
2.06 14.709999999999999 0.0001872185409485805
2.06 15.2 0.06026406413035635
2.06 15.69 0.047859666601903016
2.06 16.18 -2.4074679649962955e-6
2.06 16.67 8.53079320408908e-9
2.06 19.12 0.00023223025114646104
2.06 19.61 0.017878123700152886
2.06 20.1 0.007406363374181755
2.06 20.59 0.00010938089266228468
2.12 9.32 1.2273153475175116e-16
2.12 9.81 1.2675781502391417e-12
2.12 10.3 -6.291035506286497e-17
2.12 14.220000000000002 -6.860667712804957e-11
2.12 14.709999999999999 -1.9119534293068424e-7
2.12 15.2 0.02622470497919963
2.12 15.69 0.03908735862748095
2.12 16.18 -1.6828420698465487e-5
2.12 16.67 -1.6479354794930588e-12
2.12 19.12 0.00014801699428721924
2.12 19.61 0.0009795637016982055
2.12 20.1 0.002461914718524199
2.12 20.59 1.3998972580454894e-6
2.18 9.32 4.96350165450503e-8
2.18 9.81 0.010771587208834123
2.18 10.3 1.656332005889392e-6
2.18 14.220000000000002 -4.210209542845114e-14
2.18 14.709999999999999 1.8116804809741113e-10
2.18 15.2 0.019897449352977777
2.18 15.69 0.008704225990019255
2.18 16.18 3.7647563586180274e-8
2.18 16.67 6.328682009245885e-13
2.18 19.12 1.4100824399380443e-18
2.18 19.61 3.101196817142402e-18
2.18 20.1 5.757199104723023e-19
2.18 20.59 -9.910312203326271e-20
2.2399999999999998 9.32 1.1926681525011768e-13
2.2399999999999998 9.81 6.151069046223778e-10
2.2399999999999998 10.3 -1.358534156471122e-13
2.2399999999999998 14.220000000000002 3.7112668170444276e-10
2.2399999999999998 14.709999999999999 1.0344088813090416e-6
2.2399999999999998 15.2 0.011691672422788683
2.2399999999999998 15.69 2.4027506044392952e-5
2.2399999999999998 16.18 9.238257133624768e-5
2.2399999999999998 16.67 8.91438574765837e-12
2.2399999999999998 19.12 -2.235595186805351e-13
2.2399999999999998 19.61 -6.744681785618044e-12
2.2399999999999998 20.1 6.720014834474753e-13
2.2399999999999998 20.59 4.308903325175328e-15
2.3000000000000003 9.32 -1.2649636494309528e-17
2.3000000000000003 9.81 6.738849984349353e-14
2.3000000000000003 10.3 9.800080729380049e-19
2.3000000000000003 14.220000000000002 6.158116054682681e-16
2.3000000000000003 14.709999999999999 2.357850388327856e-11
2.3000000000000003 15.2 2.6081430498325073e-10
2.3000000000000003 15.69 5.987582765418042e-16
2.3000000000000003 16.18 -1.1788965252515478e-14
2.3000000000000003 16.67 -1.1789055153241016e-21
2.3000000000000003 19.12 1.501179080896897e-15
2.3000000000000003 19.61 4.5289730381510615e-14
2.3000000000000003 20.1 -4.512412376099712e-15
2.3000000000000003 20.59 -2.8933902265304096e-17
2.36 9.32 -9.317905907843279e-17
2.36 9.81 4.829859177001603e-13
2.36 10.3 -3.150574726353542e-19
2.36 14.220000000000002 9.373962951347135e-15
2.36 14.709999999999999 2.612950663495518e-11
2.36 15.2 2.1666567220829123e-5
2.36 15.69 5.276345747839744e-6
2.36 16.18 2.3366641182468265e-9
2.36 16.67 2.251658572822997e-16
2.36 19.12 1.1384471078261268e-14
2.36 19.61 3.4346309010307064e-13
2.36 20.1 -3.4220716714706316e-14
2.36 20.59 -2.1942541510437452e-16
2.4200000000000004 9.32 -4.772657294636091e-15
2.4200000000000004 9.81 2.2903640306739558e-11
2.4200000000000004 10.3 -1.160277272101526e-16
2.4200000000000004 14.220000000000002 -2.072180290495454e-17
2.4200000000000004 14.709999999999999 4.719350939245904e-13
2.4200000000000004 15.2 6.078027190446432e-12
2.4200000000000004 15.69 2.9837965642469403e-13
2.4200000000000004 16.18 -5.037401598471972e-12
2.4200000000000004 16.67 -5.020361774592942e-19
2.4200000000000004 19.12 5.720514086388386e-13
2.4200000000000004 19.61 1.7258469952927768e-11
2.4200000000000004 20.1 -1.7195362558508468e-12
2.4200000000000004 20.59 -1.102578616965262e-14
