7.08 7.02 -4.180718875721558e-19
7.08 7.08 -3.676411023877432e-18
7.08 7.140000000000001 -3.95312835924796e-16
7.08 7.200000000000001 -3.9780954468819767e-17
7.08 7.26 3.666973395441601e-17
7.08 7.32 1.2010141656767109e-18
7.08 7.380000000000001 3.577557118347257e-18
7.08 7.799999999999999 0.0007063267496833984
7.08 7.859999999999999 0.06813674645273068
7.08 7.92 0.009577829779138505
7.08 7.9799999999999995 0.0017684364310319772
7.08 8.04 6.224970603800269e-7
7.08 9.42 3.8023047841298614e-8
7.08 9.48 3.305422760784439e-7
7.08 9.54 2.114660032714426e-6
7.08 9.6 1.0086078328756341e-5
7.08 9.66 3.656947596033044e-5
7.08 9.719999999999999 0.00010377586774133747
7.08 9.780000000000001 0.00023954113959795645
7.08 9.84 0.0004664904557836395
7.08 9.9 0.000776990610846092
7.08 9.96 0.0010865751904479879
7.08 10.020000000000001 0.0012309027666778777
7.08 10.08 0.0010926054233573802
7.08 10.14 0.0007428743745051039
7.08 10.2 0.0003817910821815078
7.08 10.26 0.00014725810151530034
7.08 10.32 4.245698044782063e-5
7.08 10.379999999999999 9.124771254226331e-6
7.08 10.44 1.4575349172323224e-6
7.08 10.5 1.7237261771909687e-7
7.08 10.56 1.5017920668069302e-8
7.08 10.620000000000001 9.58279553792675e-10
7.140000000000001 7.02 -4.163637803449323e-16
7.140000000000001 7.08 1.1012906931491276e-16
7.140000000000001 7.140000000000001 2.5900939546774975e-16
7.140000000000001 7.200000000000001 1.0266423798112388e-17
7.140000000000001 7.26 -1.2622522241957502e-16
7.140000000000001 7.32 6.776989630293965e-17
7.140000000000001 7.380000000000001 -3.219197913312853e-17
7.140000000000001 7.799999999999999 0.009236814627817114
7.140000000000001 7.859999999999999 3.412353001908977
7.140000000000001 7.92 5.520628299031427
7.140000000000001 7.9799999999999995 0.019195244508456968
7.140000000000001 8.04 -3.816742018473923e-8
7.140000000000001 9.42 2.6129704367610486e-5
7.140000000000001 9.48 0.00023794086042411075
7.140000000000001 9.54 0.001600215655024307
7.140000000000001 9.6 0.008025335031428745
7.140000000000001 9.66 0.03039827453045962
7.140000000000001 9.719999999999999 0.08852774248252325
7.140000000000001 9.780000000000001 0.2031887073988054
7.140000000000001 9.84 0.3788531344284669
7.140000000000001 9.9 0.58968331183143
7.140000000000001 9.96 0.773879746498651
7.140000000000001 10.020000000000001 0.8442183055495593
7.140000000000001 10.08 0.7429925724391261
7.140000000000001 10.14 0.5112007312980821
7.140000000000001 10.2 0.26810313817001413
7.140000000000001 10.26 0.10526288704568942
7.140000000000001 10.32 0.03055450660865831
7.140000000000001 10.379999999999999 0.006499436168857591
7.140000000000001 10.44 0.0010066911817781766
7.140000000000001 10.5 0.00011299321072525042
7.140000000000001 10.56 9.156911270629409e-6
7.140000000000001 10.620000000000001 5.342769447839958e-7
7.200000000000001 7.02 -1.9750113813913004e-15
7.200000000000001 7.08 1.1140224161573661e-15
7.200000000000001 7.140000000000001 9.98924017262334e-16
7.200000000000001 7.200000000000001 2.826665622288426e-17
7.200000000000001 7.26 -4.0747633512009938e-16
7.200000000000001 7.32 3.3123185525145037e-16
7.200000000000001 7.380000000000001 7.088129618209875e-17
7.200000000000001 7.799999999999999 -0.00018912073081345013
7.200000000000001 7.859999999999999 0.7209866496852843
7.200000000000001 7.92 28.34883963397892
7.200000000000001 7.9799999999999995 1.17204828855794
7.200000000000001 8.04 4.5708930918759996e-5
7.200000000000001 9.42 0.00017739465628098755
7.200000000000001 9.48 0.001625931980693098
7.200000000000001 9.54 0.010996957362020379
7.200000000000001 9.6 0.0553624821752493
7.200000000000001 9.66 0.20983126754940742
7.200000000000001 9.719999999999999 0.6085116874849159
7.200000000000001 9.780000000000001 1.3822830926664407
7.200000000000001 9.84 2.536726546067174
7.200000000000001 9.9 3.8796629893394465
7.200000000000001 9.96 5.021389533379062
7.200000000000001 10.020000000000001 5.435598399756556
7.200000000000001 10.08 4.767193237800537
7.200000000000001 10.14 3.2713003108955454
7.200000000000001 10.2 1.7085222591877292
7.200000000000001 10.26 0.6664156605437684
7.200000000000001 10.32 0.19173187767015532
7.200000000000001 10.379999999999999 0.040350276055582654
7.200000000000001 10.44 0.00617508764849512
7.200000000000001 10.5 0.0006841714880025146
7.200000000000001 10.56 5.468874185384724e-5
7.200000000000001 10.620000000000001 3.144930501685372e-6
7.26 7.02 -7.374884153836825e-17
7.26 7.08 3.379186772144379e-17
7.26 7.140000000000001 2.2961960331818232e-17
7.26 7.200000000000001 -3.3185666229370396e-19
7.26 7.26 5.1498304720399475e-18
7.26 7.32 -6.0746797982907574e-18
7.26 7.380000000000001 1.6043228560727632e-18
7.26 7.799999999999999 2.8441139299273082e-5
7.26 7.859999999999999 0.0026750513407367733
7.26 7.92 2.4282633327355976
7.26 7.9799999999999995 2.621937719323956
7.26 8.04 0.0009542443519151937
7.26 9.42 5.310012063721988e-6
7.26 9.48 4.633345330908878e-5
7.26 9.54 0.0003018871267906354
7.26 9.6 0.0015038821235402475
7.26 9.66 0.005987926705514509
7.26 9.719999999999999 0.020408285801389526
7.26 9.780000000000001 0.06321895797125268
7.26 9.84 0.1767835766897091
7.26 9.9 0.41697915098699045
7.26 9.96 0.7744977829261644
7.26 10.020000000000001 1.0863735962875698
7.26 10.08 1.1272343526250386
7.26 10.14 0.8568717139847248
7.26 10.2 0.47489358700950235
7.26 10.26 0.1913586152973838
7.26 10.32 0.055950064229347514
7.26 10.379999999999999 0.011849197221326846
7.26 10.44 0.0018145012765421805
7.26 10.5 0.0002005507963715541
7.26 10.56 1.5968973279168604e-5
7.26 10.620000000000001 9.142739356305517e-7
7.32 7.02 -4.011528975412075e-19
7.32 7.08 -4.2255334857479166e-17
7.32 7.140000000000001 -1.5014548335862971e-18
7.32 7.200000000000001 -1.4808927625472257e-19
7.32 7.26 2.348488120608556e-18
7.32 7.32 1.0171168689690441e-19
7.32 7.380000000000001 -6.609985889547135e-19
7.32 7.799999999999999 0.00018405557360304812
7.32 7.859999999999999 0.0011120300774876486
7.32 7.92 0.034635013443190824
7.32 7.9799999999999995 0.21485201863801484
7.32 8.04 9.989721066162182e-5
7.32 9.42 3.016245768740664e-9
7.32 9.48 3.227647704249393e-8
7.32 9.54 4.112270954030031e-7
7.32 9.6 5.128483252505917e-6
7.32 9.66 5.0626692690399505e-5
7.32 9.719999999999999 0.0003664597042051921
7.32 9.780000000000001 0.0019145781371348858
7.32 9.84 0.0072191466949783414
7.32 9.9 0.01969998455742178
7.32 9.96 0.03900676928651635
7.32 10.020000000000001 0.056144022584192335
7.32 10.08 0.05880328026257378
7.32 10.14 0.04482905257978082
7.32 10.2 0.024867078312978075
7.32 10.26 0.01002790897484179
7.32 10.32 0.0029358949046969637
7.32 10.379999999999999 0.000623007364524899
7.32 10.44 9.564004275026643e-5
7.32 10.5 1.0599348349638262e-5
7.32 10.56 8.461876463591458e-7
7.32 10.620000000000001 4.855539731755126e-8
7.799999999999999 7.02 4.726329806123223e-9
7.799999999999999 7.08 0.00011749313943757658
7.799999999999999 7.140000000000001 0.008905619135006183
7.799999999999999 7.200000000000001 0.0011052379376646675
7.799999999999999 7.26 0.00044380784159791674
7.799999999999999 7.32 -3.055284480343737e-5
7.799999999999999 7.380000000000001 -1.0923245958696125e-7
7.799999999999999 7.799999999999999 -2.1387618280065552e-18
7.799999999999999 7.859999999999999 -1.5918267118083411e-18
7.799999999999999 7.92 -1.845315151861763e-16
7.799999999999999 7.9799999999999995 -1.8666993258665658e-18
7.799999999999999 8.04 1.0850091604205815e-19
7.799999999999999 9.42 4.1925335523156954e-7
7.799999999999999 9.48 3.2426883318912028e-6
7.799999999999999 9.54 1.851649334574884e-5
7.799999999999999 9.6 7.889477537504882e-5
7.799999999999999 9.66 0.00025375374229734464
7.799999999999999 9.719999999999999 0.0006234786676636422
7.799999999999999 9.780000000000001 0.001183122150847267
7.799999999999999 9.84 0.001748470256873597
7.799999999999999 9.9 0.00202109625172056
7.799999999999999 9.96 0.0018271058962638716
7.799999999999999 10.020000000000001 0.0012867934882337918
7.799999999999999 10.08 0.000701469994141328
7.799999999999999 10.14 0.00029341854211325006
7.799999999999999 10.2 9.301919279374845e-5
7.799999999999999 10.26 2.1901250157584533e-5
7.799999999999999 10.32 3.6905183949444503e-6
7.799999999999999 10.379999999999999 4.117992829986515e-7
7.799999999999999 10.44 2.4008444879119477e-8
7.799999999999999 10.5 -4.0243568528174973e-10
7.799999999999999 10.56 -1.9245847338583852e-10
7.799999999999999 10.620000000000001 -1.5319349783435648e-11
7.859999999999999 7.02 3.264296546703468e-6
7.859999999999999 7.08 0.05493724304240785
7.859999999999999 7.140000000000001 3.887584861861536
7.859999999999999 7.200000000000001 0.9101949978181602
7.859999999999999 7.26 0.005303747380159018
7.859999999999999 7.32 -0.00017240893255259326
7.859999999999999 7.380000000000001 -6.53767954334626e-7
7.859999999999999 7.799999999999999 -3.6632509293420445e-16
7.859999999999999 7.859999999999999 -6.84016631962522e-17
7.859999999999999 7.92 -3.2768806435900543e-15
7.859999999999999 7.9799999999999995 -2.0491106206235395e-17
7.859999999999999 8.04 1.6529217846645816e-17
7.859999999999999 9.42 8.891048077449042e-5
7.859999999999999 9.48 0.0006855332858838166
7.859999999999999 9.54 0.004071837598222729
7.859999999999999 9.6 0.018733990510741785
7.859999999999999 9.66 0.06704995977211885
7.859999999999999 9.719999999999999 0.1872074911544073
7.859999999999999 9.780000000000001 0.40835179090338664
7.859999999999999 9.84 0.696188324447398
7.859999999999999 9.9 0.9276888270989081
7.859999999999999 9.96 0.9662226733461977
7.859999999999999 10.020000000000001 0.7867247344300201
7.859999999999999 10.08 0.5006718013511242
7.859999999999999 10.14 0.2486341649227958
7.859999999999999 10.2 0.09593317804204154
7.859999999999999 10.26 0.02853753893509705
7.859999999999999 10.32 0.0064751318292011655
7.859999999999999 10.379999999999999 0.0011071072222781377
7.859999999999999 10.44 0.00014099691856924216
7.859999999999999 10.5 1.325150691142714e-5
7.859999999999999 10.56 9.136476568509335e-7
7.859999999999999 10.620000000000001 4.611844595409934e-8
7.92 7.02 1.8103352055596726e-7
7.92 7.08 0.011959348707955545
7.92 7.140000000000001 5.517033470576073
7.92 7.200000000000001 28.25139148134624
7.92 7.26 3.3266522927116844
7.92 7.32 0.021573045217120435
7.92 7.380000000000001 -7.182143134071953e-7
7.92 7.799999999999999 -4.921065232822002e-17
7.92 7.859999999999999 -5.319751638302607e-16
7.92 7.92 1.0863488226849759e-16
7.92 7.9799999999999995 8.048508958715297e-17
7.92 8.04 2.491331388926357e-16
7.92 9.42 0.0005095069747769104
7.92 9.48 0.003613530703891292
7.92 9.54 0.019824707051573326
7.92 9.6 0.08538133329959545
7.92 9.66 0.29295026081233144
7.92 9.719999999999999 0.811649966558675
7.92 9.780000000000001 1.8358597339144385
7.92 9.84 3.415389715009213
7.92 9.9 5.247089470736199
7.92 9.96 6.665323073965893
7.92 10.020000000000001 6.987231162515151
7.92 10.08 5.997661023802274
7.92 10.14 4.1463972275849805
7.92 10.2 2.252580133117961
7.92 10.26 0.9350435589390843
7.92 10.32 0.28889508128408503
7.92 10.379999999999999 0.06502663274627718
7.92 10.44 0.010492288975452761
7.92 10.5 0.0011996646133981012
7.92 10.56 9.643716180996535e-5
7.92 10.620000000000001 5.424046658481276e-6
7.9799999999999995 7.02 -6.255121961469501e-9
7.9799999999999995 7.08 -4.097922391163576e-5
7.9799999999999995 7.140000000000001 0.02632572761024225
7.9799999999999995 7.200000000000001 1.5454019135003316
7.9799999999999995 7.26 2.3863505539027705
7.9799999999999995 7.32 0.15604243462517017
7.9799999999999995 7.380000000000001 0.00021010005130775986
7.9799999999999995 7.799999999999999 3.680465379937126e-17
7.9799999999999995 7.859999999999999 -5.043737033384806e-17
7.9799999999999995 7.92 3.4592281571097035e-16
7.9799999999999995 7.9799999999999995 -1.9186729317120994e-16
7.9799999999999995 8.04 1.0114559969970672e-17
7.9799999999999995 9.42 1.286884803957497e-5
7.9799999999999995 9.48 9.451381318343522e-5
7.9799999999999995 9.54 0.0005526312919286929
7.9799999999999995 9.6 0.002660385268856407
7.9799999999999995 9.66 0.01083326046113618
7.9799999999999995 9.719999999999999 0.037514904556562284
7.9799999999999995 9.780000000000001 0.10857359249036466
7.9799999999999995 9.84 0.2562852384164953
7.9799999999999995 9.9 0.4856922558913395
7.9799999999999995 9.96 0.737335038786891
7.9799999999999995 10.020000000000001 0.9023069438384771
7.9799999999999995 10.08 0.8933485224711133
7.9799999999999995 10.14 0.7090645112522768
7.9799999999999995 10.2 0.4409229886324555
7.9799999999999995 10.26 0.20868211996389435
7.9799999999999995 10.32 0.07320222984085333
7.9799999999999995 10.379999999999999 0.018645131970791966
7.9799999999999995 10.44 0.003398347282147019
7.9799999999999995 10.5 0.000438805247486388
7.9799999999999995 10.56 3.986965256209999e-5
7.9799999999999995 10.620000000000001 2.5380755379374863e-6
8.04 7.02 1.0149878654916096e-10
8.04 7.08 8.490301614881264e-7
8.04 7.140000000000001 -1.958790938193346e-5
8.04 7.200000000000001 8.529952154675786e-5
8.04 7.26 0.0006354089871417654
8.04 7.32 4.3389208107324966e-5
8.04 7.380000000000001 3.7821348167806395e-8
8.04 7.799999999999999 3.1031169334768658e-18
8.04 7.859999999999999 6.592253104091753e-18
8.04 7.92 8.491616627686321e-16
8.04 7.9799999999999995 4.904764451296424e-18
8.04 8.04 -8.738487163870363e-21
8.04 9.42 4.3159838953775245e-10
8.04 9.48 3.915007844407981e-9
8.04 9.54 3.3343516712191504e-8
8.04 9.6 2.5549521147830984e-7
8.04 9.66 1.6371811570308391e-6
8.04 9.719999999999999 8.337707713822053e-6
8.04 9.780000000000001 3.298014970109616e-5
8.04 9.84 0.00010079109774763983
8.04 9.9 0.00023907041988368728
8.04 9.96 0.0004440005603826479
8.04 10.020000000000001 0.00065022307810497
8.04 10.08 0.0007503390387261009
8.04 10.14 0.0006748162194819896
8.04 10.2 0.0004643366824507251
8.04 10.26 0.00023953095710976937
8.04 10.32 9.09764542117168e-5
8.04 10.379999999999999 2.5081389729180632e-5
8.04 10.44 4.9659257340754365e-6
8.04 10.5 7.005404208230728e-7
8.04 10.56 6.999111988240011e-8
8.04 10.620000000000001 4.9295001136701436e-9
9.42 7.02 1.3264640159306888e-11
9.42 7.08 8.730424661621425e-7
9.42 7.140000000000001 0.00013550410655800504
9.42 7.200000000000001 0.0005729288944544823
9.42 7.26 2.301375214093962e-5
9.42 7.32 3.8082021890074695e-7
9.42 7.380000000000001 6.343515357284842e-10
9.42 7.799999999999999 2.0422013406336346e-8
9.42 7.859999999999999 6.333803756208862e-6
9.42 7.92 0.0002758804796944496
9.42 7.9799999999999995 -6.651785509337432e-8
9.42 8.04 4.44542186253786e-8
9.42 9.42 1.336124072670521e-19
9.42 9.48 -7.208754663763977e-21
9.42 9.54 3.6938904745322054e-20
9.42 9.6 1.226814622028524e-19
9.42 9.66 -6.99662470371456e-24
9.42 9.719999999999999 1.9901892299945567e-20
9.42 9.780000000000001 -3.809302386185524e-21
9.42 9.84 2.9682787294125944e-21
9.42 9.9 3.19952324946531e-20
9.42 9.96 -1.2986597664809255e-23
9.42 10.020000000000001 1.0652470989310016e-20
9.42 10.08 -1.4801255276413136e-20
9.42 10.14 -1.0223213751682572e-20
9.42 10.2 1.5072928021675611e-21
9.42 10.26 -7.566524881805906e-20
9.42 10.32 9.057779914410926e-20
9.42 10.379999999999999 6.327857506403641e-21
9.42 10.44 -4.662630986893966e-19
9.42 10.5 -6.302129956599867e-20
9.42 10.56 -4.671349510571534e-19
9.42 10.620000000000001 -7.156554739263648e-21
9.48 7.02 1.0425804145662823e-10
9.48 7.08 6.644557029205151e-6
9.48 7.140000000000001 0.0010011638603028851
9.48 7.200000000000001 0.0038418925416382494
9.48 7.26 0.00017116068719863093
9.48 7.32 2.7345910941859294e-6
9.48 7.380000000000001 4.153797865358922e-9
9.48 7.799999999999999 5.123021103819773e-7
9.48 7.859999999999999 0.00015871817654359587
9.48 7.92 0.002309399142034946
9.48 7.9799999999999995 4.727596650131721e-5
9.48 8.04 1.9858047398723076e-7
9.48 9.42 7.838518629173153e-19
9.48 9.48 -5.318657878065061e-20
9.48 9.54 2.428990726051432e-19
9.48 9.6 6.386915467900894e-19
9.48 9.66 -3.3641375813683854e-23
9.48 9.719999999999999 1.4453600028889113e-19
9.48 9.780000000000001 -2.4062226964293824e-20
9.48 9.84 2.801421100119115e-20
9.48 9.9 2.417446647571787e-19
9.48 9.96 -5.345118882071602e-23
9.48 10.020000000000001 8.352708948389964e-20
9.48 10.08 -1.0139576341452923e-19
9.48 10.14 -5.600518655785462e-20
9.48 10.2 6.589624868201393e-21
9.48 10.26 -4.727566789560553e-19
9.48 10.32 5.977323719403618e-19
9.48 10.379999999999999 2.779755538753101e-20
9.48 10.44 -2.570512980110885e-18
9.48 10.5 -2.591475142627622e-19
9.48 10.56 -2.6568048572129266e-18
9.48 10.620000000000001 -3.633662912714416e-20
9.54 7.02 6.316964415825733e-10
9.54 7.08 3.880685040911876e-5
9.54 7.140000000000001 0.005677476981091965
9.54 7.200000000000001 0.01977464596841568
9.54 7.26 0.001036903964323467
9.54 7.32 1.5943268688865587e-5
9.54 7.380000000000001 2.1132159739905353e-8
9.54 7.799999999999999 5.100151371604437e-6
9.54 7.859999999999999 0.0015732669002037234
9.54 7.92 0.01457860991379685
9.54 7.9799999999999995 0.0005313286904903394
9.54 8.04 5.001310827404244e-7
9.54 9.42 3.280949746801086e-18
9.54 9.48 -2.8097953355127054e-19
9.54 9.54 1.2024807968805473e-18
9.54 9.6 2.1450270336367556e-18
9.54 9.66 -1.191207016766818e-22
9.54 9.719999999999999 7.929794500869275e-19
9.54 9.780000000000001 -9.780682127274243e-20
9.54 9.84 1.824437472375115e-19
9.54 9.9 1.390370365638995e-18
9.54 9.96 -9.868846368273664e-23
9.54 10.020000000000001 5.254245000526604e-19
9.54 10.08 -5.224328405898524e-19
9.54 10.14 -2.0777359075150547e-19
9.54 10.2 1.15926587549195e-20
9.54 10.26 -1.8800675486293734e-18
9.54 10.32 2.9428586700792383e-18
9.54 10.379999999999999 5.884061305649206e-20
9.54 10.44 -9.580071016578164e-18
9.54 10.5 -3.37644142682557e-19
9.54 10.56 -1.0483475578199202e-17
9.54 10.620000000000001 -1.1697092017626992e-19
9.6 7.02 2.9955204434321997e-9
9.6 7.08 0.00017536077127659096
9.6 7.140000000000001 0.024966206603745492
9.6 7.200000000000001 0.07978360419544814
9.6 7.26 0.005152742992594143
9.6 7.32 7.610347944768134e-5
9.6 7.380000000000001 8.352047122202944e-8
9.6 7.799999999999999 3.1630449834283646e-5
9.6 7.859999999999999 0.009778134261116796
9.6 7.92 0.07005922612898481
9.6 7.9799999999999995 0.0033537584336690695
9.6 8.04 3.595766843221205e-7
9.6 9.42 9.750278377662758e-18
9.6 9.48 -1.0434605584066073e-18
9.6 9.54 4.604567178180314e-18
9.6 9.6 4.0932155891891594e-18
9.6 9.66 -4.440539074104871e-22
9.6 9.719999999999999 3.320222773393999e-18
9.6 9.780000000000001 -1.4904623185075808e-19
9.6 9.84 8.226844799406769e-19
9.6 9.9 6.084433326788319e-18
9.6 9.96 1.6160656543352367e-22
9.6 10.020000000000001 2.6597043991536072e-18
9.6 10.08 -2.0462867740389187e-18
9.6 10.14 -4.856405554074898e-19
9.6 10.2 -4.443526784645204e-20
9.6 10.26 -2.9804882515100874e-18
9.6 10.32 1.0541773992959352e-17
9.6 10.379999999999999 -5.425056140982937e-20
9.6 10.44 -2.281540293679995e-17
9.6 10.5 2.264103320313323e-18
9.6 10.56 -2.814359892231899e-17
9.6 10.620000000000001 -1.9732885322406393e-19
9.66 7.02 1.1339818706388762e-8
9.66 7.08 0.0006208359210270537
9.66 7.140000000000001 0.08622638108073764
9.66 7.200000000000001 0.2582929073415966
9.66 7.26 0.020933438056918267
9.66 7.32 0.0003035162068146939
9.66 7.380000000000001 2.7447893320339056e-7
9.66 7.799999999999999 0.00013475003851709993
9.66 7.859999999999999 0.04226134515724295
9.66 7.92 0.2596304785747359
9.66 7.9799999999999995 0.014386108340235564
9.66 8.04 -1.3049301892560387e-6
9.66 9.42 2.077728493804901e-17
9.66 9.48 -2.6138113157122222e-18
9.66 9.54 1.4121036877740247e-17
9.66 9.6 2.459033210124575e-18
9.66 9.66 -2.3197501881205092e-21
9.66 9.719999999999999 1.0726945834018293e-17
9.66 9.780000000000001 9.881631523384505e-19
9.66 9.84 2.5427439448736273e-18
9.66 9.9 2.0245452743949748e-17
9.66 9.96 1.3349231862435412e-21
9.66 10.020000000000001 1.0818258624239186e-17
9.66 10.08 -6.170067201892413e-18
9.66 10.14 -5.744466715158244e-19
9.66 10.2 -3.6010336667247874e-19
9.66 10.26 1.2795647290565943e-17
9.66 10.32 2.6237305130621383e-17
9.66 10.379999999999999 -5.622247096342231e-19
9.66 10.44 -2.971716811639057e-17
9.66 10.5 1.3419065744350632e-17
9.66 10.56 -5.0121443384854456e-17
9.66 10.620000000000001 1.4857835770735446e-20
9.719999999999999 7.02 3.489524114602115e-8
9.719999999999999 7.08 0.0017495615054737108
9.719999999999999 7.140000000000001 0.23743644303659844
9.719999999999999 7.200000000000001 0.6852822938713686
9.719999999999999 7.26 0.06913168214128333
9.719999999999999 7.32 0.001049262601771964
9.719999999999999 7.380000000000001 8.930691019962049e-7
9.719999999999999 7.799999999999999 0.00041109866105429815
9.719999999999999 7.859999999999999 0.13332314358790856
9.719999999999999 7.92 0.7544852720200422
9.719999999999999 7.9799999999999995 0.045539217638789084
9.719999999999999 8.04 -1.9197589254171762e-6
9.719999999999999 9.42 3.385539718433183e-17
9.719999999999999 9.48 -3.900649038711798e-18
9.719999999999999 9.54 3.57793989916368e-17
9.719999999999999 9.6 -4.152125935447408e-18
9.719999999999999 9.66 -1.1587643534826983e-20
9.719999999999999 9.719999999999999 2.7055866507222893e-17
9.719999999999999 9.780000000000001 8.496054238076719e-18
9.719999999999999 9.84 5.231928589992472e-18
9.719999999999999 9.9 5.126459275611444e-17
9.719999999999999 9.96 2.8492298251101157e-21
9.719999999999999 10.020000000000001 3.533997762075108e-17
9.719999999999999 10.08 -1.451146033701804e-17
9.719999999999999 10.14 5.931043453091172e-20
9.719999999999999 10.2 -1.1214143108041285e-18
9.719999999999999 10.26 9.569512952959115e-17
9.719999999999999 10.32 4.1856614805144666e-17
9.719999999999999 10.379999999999999 -8.306027090110127e-20
9.719999999999999 10.44 -5.7266895558000325e-18
9.719999999999999 10.5 3.0904512161317153e-17
9.719999999999999 10.56 -5.830249767857266e-17
9.719999999999999 10.620000000000001 7.724696077409481e-19
9.780000000000001 7.02 8.799975957678131e-8
9.780000000000001 7.08 0.003981392531041292
9.780000000000001 7.140000000000001 0.5290303731411483
9.780000000000001 7.200000000000001 1.509808436779257
9.780000000000001 7.26 0.1851678024435669
9.780000000000001 7.32 0.0032265234914302266
9.780000000000001 7.380000000000001 3.104850736682772e-6
9.780000000000001 7.799999999999999 0.0009210952116658101
9.780000000000001 7.859999999999999 0.316987095320681
9.780000000000001 7.92 1.7525840969789592
9.780000000000001 7.9799999999999995 0.1133160406832888
9.780000000000001 8.04 7.732719903716685e-6
9.780000000000001 9.42 4.9737020732639635e-17
9.780000000000001 9.48 -1.3137879136805874e-18
9.780000000000001 9.54 7.568912679953545e-17
9.780000000000001 9.6 2.907815576867055e-18
9.780000000000001 9.66 -4.27183699696274e-20
9.780000000000001 9.719999999999999 5.3884185941461423e-17
9.780000000000001 9.780000000000001 3.4625605665944757e-17
9.780000000000001 9.84 6.659404479466363e-18
9.780000000000001 9.9 9.923014274687835e-17
9.780000000000001 9.96 1.7911683457751577e-21
9.780000000000001 10.020000000000001 9.286738561029059e-17
9.780000000000001 10.08 -2.6927379463752585e-17
9.780000000000001 10.14 7.174206503415753e-19
9.780000000000001 10.2 -1.895481933710272e-18
9.780000000000001 10.26 2.811077302039324e-16
9.780000000000001 10.32 3.628558505630096e-17
9.780000000000001 10.379999999999999 8.637155607462013e-18
9.780000000000001 10.44 4.657403289704421e-17
9.780000000000001 10.5 2.9178228883734084e-17
9.780000000000001 10.56 -4.6635600284734655e-17
9.780000000000001 10.620000000000001 1.4107088982267163e-18
9.84 7.02 1.8126914190651222e-7
9.84 7.08 0.007365035026425116
9.84 7.140000000000001 0.9636630463458773
9.84 7.200000000000001 2.771965250551789
9.84 7.26 0.40309894302289573
9.84 7.32 0.008676734945684848
9.84 7.380000000000001 9.773856639117949e-6
9.84 7.799999999999999 0.001544582541621093
9.84 7.859999999999999 0.5812058080075372
9.84 7.92 3.3128602262910682
9.84 7.9799999999999995 0.23365148115949294
9.84 8.04 3.121363070200647e-5
9.84 9.42 7.465161107084495e-17
9.84 9.48 8.936534313047444e-18
9.84 9.54 1.318219277181721e-16
9.84 9.6 5.168740077920673e-17
9.84 9.66 -1.1336186008726084e-19
9.84 9.719999999999999 8.544082261878827e-17
9.84 9.780000000000001 9.273533969033899e-17
9.84 9.84 4.051625706708017e-18
9.84 9.9 1.4842806269494156e-16
9.84 9.96 -2.001540641711705e-21
9.84 10.020000000000001 1.9629335529932732e-16
9.84 10.08 -3.9748708405135943e-17
9.84 10.14 -1.296824242731708e-18
9.84 10.2 -1.5163911065181707e-18
9.84 10.26 4.3574354929951174e-16
9.84 10.32 1.1658340257625385e-17
9.84 10.379999999999999 3.8939056783219264e-17
9.84 10.44 1.0189080504449013e-16
9.84 10.5 -3.872667349884096e-18
9.84 10.56 -2.625722469929903e-17
9.84 10.620000000000001 8.644278336954337e-19
9.9 7.02 3.027593244138652e-7
9.9 7.08 0.011041435122596279
9.9 7.140000000000001 1.4401075798240093
9.9 7.200000000000001 4.2318601668533535
9.9 7.26 0.715766988376228
9.9 7.32 0.019428598328285373
9.9 7.380000000000001 2.3916798328432176e-5
9.9 7.799999999999999 0.0019665287022547625
9.9 7.859999999999999 0.8327101808016804
9.9 7.92 5.156462089611805
9.9 7.9799999999999995 0.411813989308475
9.9 8.04 6.0072505260824855e-5
9.9 9.42 1.007687147440716e-16
9.9 9.48 2.6098912317737768e-17
9.9 9.54 1.8463295925124105e-16
9.9 9.6 1.275939504447546e-16
9.9 9.66 -2.2219403213362416e-19
9.9 9.719999999999999 1.0780689673892322e-16
9.9 9.780000000000001 1.7639948394384145e-16
9.9 9.84 -1.0440650094054424e-18
9.9 9.9 1.750982034297471e-16
9.9 9.96 -1.82562393282504e-21
9.9 10.020000000000001 3.31611285333311e-16
9.9 10.08 -4.697664847936025e-17
9.9 10.14 -7.272004519583059e-18
9.9 10.2 2.9124549295765075e-19
9.9 10.26 3.0723786967357737e-16
9.9 10.32 1.4027113927878448e-17
9.9 10.379999999999999 9.599774256906155e-17
9.9 10.44 2.1150190246209453e-16
9.9 10.5 -1.7550083564985925e-17
9.9 10.56 1.3225734149802573e-17
9.9 10.620000000000001 -2.5335192892761123e-20
9.96 7.02 4.080594132338721e-7
9.96 7.08 0.013307018050077559
9.96 7.140000000000001 1.7629052129874285
9.96 7.200000000000001 5.359539671783388
9.96 7.26 1.036337416815556
9.96 7.32 0.03450925527821961
9.96 7.380000000000001 4.327560050275945e-5
9.96 7.799999999999999 0.0019151291965725215
9.96 7.859999999999999 0.9344498574189414
9.96 7.92 6.631040815036351
9.96 7.9799999999999995 0.6234936721285425
9.96 8.04 0.0001006195159384999
9.96 9.42 1.0378121702153853e-16
9.96 9.48 4.4359059109525735e-17
9.96 9.54 2.0406993560113394e-16
9.96 9.6 1.804756241681736e-16
9.96 9.66 -3.2903928931610596e-19
9.96 9.719999999999999 1.0628265670068489e-16
9.96 9.780000000000001 2.455367833828453e-16
9.96 9.84 -2.967942694322801e-18
9.96 9.9 1.6823893675158635e-16
9.96 9.96 3.4599843784886756e-21
9.96 10.020000000000001 4.4186327948235243e-16
9.96 10.08 -4.477441793449192e-17
9.96 10.14 -1.3988900738773098e-17
9.96 10.2 1.56342463551492e-18
9.96 10.26 -7.4108176430128e-18
9.96 10.32 5.355583830110935e-17
9.96 10.379999999999999 1.5821340062905264e-16
9.96 10.44 4.546379714360819e-16
9.96 10.5 9.673338118964045e-18
9.96 10.56 7.07284664117463e-17
9.96 10.620000000000001 2.8195874806071e-19
10.020000000000001 7.02 4.4193914280297967e-7
10.020000000000001 7.08 0.012801714197848995
10.020000000000001 7.140000000000001 1.7624193934622545
10.020000000000001 7.200000000000001 5.61833235742444
10.020000000000001 7.26 1.2120748540424406
10.020000000000001 7.32 0.046999632825322574
10.020000000000001 7.380000000000001 5.7541046831748146e-5
10.020000000000001 7.799999999999999 0.0014224617391915678
10.020000000000001 7.859999999999999 0.8170859592474233
10.020000000000001 7.92 7.018375687316363
10.020000000000001 7.9799999999999995 0.8012908558549469
10.020000000000001 8.04 0.00016533956525206198
10.020000000000001 9.42 8.088974317612695e-17
10.020000000000001 9.48 5.603287541018521e-17
10.020000000000001 9.54 1.7490875179667836e-16
10.020000000000001 9.6 1.9847369275479206e-16
10.020000000000001 9.66 -3.707835048479342e-19
10.020000000000001 9.719999999999999 7.78385327850648e-17
10.020000000000001 9.780000000000001 2.533975836478237e-16
10.020000000000001 9.84 7.188480193984645e-19
10.020000000000001 9.9 1.3714904926733825e-16
10.020000000000001 9.96 3.934772684176364e-21
10.020000000000001 10.020000000000001 4.56777905614502e-16
10.020000000000001 10.08 -3.463174786079402e-17
10.020000000000001 10.14 -1.741205463395343e-17
10.020000000000001 10.2 2.021208687228378e-19
10.020000000000001 10.26 -3.271808790568206e-17
10.020000000000001 10.32 6.928740811127657e-17
10.020000000000001 10.379999999999999 1.8602240749709524e-16
10.020000000000001 10.44 7.089882732938895e-16
10.020000000000001 10.5 2.192502971949974e-18
10.020000000000001 10.56 9.878393394600026e-17
10.020000000000001 10.620000000000001 1.694476021447957e-19
10.08 7.02 3.8049773263802114e-7
10.08 7.08 0.009784476944070513
10.08 7.140000000000001 1.4322536664631078
10.08 7.200000000000001 4.836371006851743
10.08 7.26 1.1236931784848794
10.08 7.32 0.04802877102774813
10.08 7.380000000000001 5.6269670461191495e-5
10.08 7.799999999999999 0.0007952615177450594
10.08 7.859999999999999 0.5536687069095056
10.08 7.92 6.057619966651877
10.08 7.9799999999999995 0.8540588893108185
10.08 8.04 0.00021974099459970856
10.08 9.42 5.400638914751782e-17
10.08 9.48 5.3868783290216937e-17
10.08 9.54 1.1204420414929519e-16
10.08 9.6 1.9475298965702008e-16
10.08 9.66 -3.1460987893027513e-19
10.08 9.719999999999999 3.731375912803158e-17
10.08 9.780000000000001 1.9494243869201675e-16
10.08 9.84 6.287602086719533e-18
10.08 9.9 9.804652807703948e-17
10.08 9.96 5.442939931642474e-22
10.08 10.020000000000001 3.606768276348438e-16
10.08 10.08 -2.1621175137164144e-17
10.08 10.14 -1.6653538856040625e-17
10.08 10.2 -2.917135528836361e-18
10.08 10.26 2.708233685190618e-16
10.08 10.32 5.1673491960060847e-17
10.08 10.379999999999999 1.5988551256853785e-16
10.08 10.44 7.36860418152444e-16
10.08 10.5 -3.950994987879602e-17
10.08 10.56 1.1458323977808368e-16
10.08 10.620000000000001 -2.2619823378245623e-18
10.14 7.02 2.553684941171894e-7
10.14 7.08 0.005906250867011902
10.14 7.140000000000001 0.936165748606222
10.14 7.200000000000001 3.3539641276331675
10.14 7.26 0.8065211379369512
10.14 7.32 0.03630595969207923
10.14 7.380000000000001 4.0352325781121687e-5
10.14 7.799999999999999 0.0003294705698451182
10.14 7.859999999999999 0.291076762359135
10.14 7.92 4.198373244188921
10.14 7.9799999999999995 0.7288350980760936
10.14 8.04 0.00021388181014446694
10.14 9.42 3.2815673162993703e-17
10.14 9.48 3.721489504828327e-17
10.14 9.54 4.854816407624823e-17
10.14 9.6 1.5770850294792767e-16
10.14 9.66 -1.9592518200858503e-19
10.14 9.719999999999999 6.4393885095906135e-18
10.14 9.780000000000001 1.1196268652932801e-16
10.14 9.84 8.853131094606093e-18
10.14 9.9 6.138856315057844e-17
10.14 9.96 5.0481732509645245e-21
10.14 10.020000000000001 2.1486833089045257e-16
10.14 10.08 -1.0585499079586712e-17
10.14 10.14 -1.2698072489353095e-17
10.14 10.2 -4.845624468106738e-18
10.14 10.26 4.134977944447499e-16
10.14 10.32 5.418518927232829e-17
10.14 10.379999999999999 1.0082656174466647e-16
10.14 10.44 5.270432134423256e-16
10.14 10.5 -1.87365517592556e-17
10.14 10.56 1.7280485258713854e-16
10.14 10.620000000000001 -4.583187386348987e-18
10.2 7.02 1.3053266496943675e-7
10.2 7.08 0.002784860958181666
10.2 7.140000000000001 0.482598039119938
10.2 7.200000000000001 1.8213137509498158
10.2 7.26 0.43826092523581617
10.2 7.32 0.020102794392717335
10.2 7.380000000000001 2.1063433727518736e-5
10.2 7.799999999999999 0.00010128673671860183
10.2 7.859999999999999 0.11985260240444728
10.2 7.92 2.2840399987751083
10.2 7.9799999999999995 0.4776807482192577
10.2 8.04 0.0001536959670810066
10.2 9.42 1.5314307002824177e-17
10.2 9.48 1.6673898283103736e-17
10.2 9.54 9.729800762922059e-18
10.2 9.6 9.221075156731982e-17
10.2 9.66 -8.619464703733918e-20
10.2 9.719999999999999 -5.421656219327994e-18
10.2 9.780000000000001 4.798860916569573e-17
10.2 9.84 7.22319340876934e-18
10.2 9.9 3.222520182861773e-17
10.2 9.96 1.3456303533998478e-20
10.2 10.020000000000001 9.573161900088186e-17
10.2 10.08 -3.848122309380571e-18
10.2 10.14 -7.396121024178162e-18
10.2 10.2 -4.233903255647809e-18
10.2 10.26 2.4741801224499617e-16
10.2 10.32 6.946682711193646e-17
10.2 10.379999999999999 4.6193125250924583e-17
10.2 10.44 2.738016154726923e-16
10.2 10.5 4.5794528848627783e-17
10.2 10.56 2.1115521143315623e-16
10.2 10.620000000000001 -4.133505109524455e-18
10.26 7.02 4.982029719046107e-8
10.26 7.08 0.0010092183008875673
10.26 7.140000000000001 0.19119797070574665
10.26 7.200000000000001 0.7514182740305356
10.26 7.26 0.17711283933923375
10.26 7.32 0.008095883574494454
10.26 7.380000000000001 7.922091939461305e-6
10.26 7.799999999999999 2.434701863959454e-5
10.26 7.859999999999999 0.0390484284124732
10.26 7.92 0.9485377387510849
10.26 7.9799999999999995 0.23152974847298674
10.26 8.04 8.31459827378604e-5
10.26 9.42 4.050244830448331e-18
10.26 9.48 3.7889895110095964e-18
10.26 9.54 -2.8796908737300817e-18
10.26 9.6 3.616988897104593e-17
10.26 9.66 -2.5299998224959514e-20
10.26 9.719999999999999 -5.0140603560880136e-18
10.26 9.780000000000001 1.5334762550489286e-17
10.26 9.84 3.86128074626768e-18
10.26 9.9 1.3333494531092995e-17
10.26 9.96 1.3815080358510352e-20
10.26 10.020000000000001 3.171432228132903e-17
10.26 10.08 -9.560177575856202e-19
10.26 10.14 -3.11616957222555e-18
10.26 10.2 -2.3646926439139253e-18
10.26 10.26 5.579873263300601e-17
10.26 10.32 5.793691223256516e-17
10.26 10.379999999999999 1.5078810606129496e-17
10.26 10.44 1.0832521650860886e-16
10.26 10.5 6.488013151622678e-17
10.26 10.56 1.610543159822392e-16
10.26 10.620000000000001 -2.1287610327257332e-18
10.32 7.02 1.4015207500065526e-8
10.32 7.08 0.0002760779522129989
10.32 7.140000000000001 0.056720441486687534
10.32 7.200000000000001 0.22955057697867529
10.32 7.26 0.05254602273055447
10.32 7.32 0.0023588201168783392
10.32 7.380000000000001 2.121939308647043e-6
10.32 7.799999999999999 5.119773263167405e-6
10.32 7.859999999999999 0.010036139096078749
10.32 7.92 0.29234671970346615
10.32 7.9799999999999995 0.08067942794736158
10.32 8.04 3.353454272418562e-5
10.32 9.42 6.614888800919582e-20
10.32 9.48 -2.4678476806031045e-19
10.32 9.54 -2.8777365054475025e-18
10.32 9.6 9.222498848215288e-18
10.32 9.66 -4.408195899465217e-21
10.32 9.719999999999999 -2.0998400930759995e-18
10.32 9.780000000000001 3.650319912596237e-18
10.32 9.84 1.3841166395529616e-18
10.32 9.9 4.125093572837173e-18
10.32 9.96 7.659891753566815e-21
10.32 10.020000000000001 7.786048153590916e-18
10.32 10.08 -1.3717436398409272e-19
10.32 10.14 -9.154822100595404e-19
10.32 10.2 -8.89415935822862e-19
10.32 10.26 -1.0616950454861385e-17
10.32 10.32 2.91945193793669e-17
10.32 10.379999999999999 3.4125449858059176e-18
10.32 10.44 3.3155947387631006e-17
10.32 10.5 3.8749718966573493e-17
10.32 10.56 7.581009834896777e-17
10.32 10.620000000000001 -6.743224125504446e-19
10.379999999999999 7.02 2.8871419440319384e-9
10.379999999999999 7.08 5.6080995034663956e-5
10.379999999999999 7.140000000000001 0.012328322805752055
10.379999999999999 7.200000000000001 0.05093897033774424
10.379999999999999 7.26 0.011341337763968576
10.379999999999999 7.32 0.0004951247397977002
10.379999999999999 7.380000000000001 3.9929298137772295e-7
10.379999999999999 7.799999999999999 9.895449698813e-7
10.379999999999999 7.859999999999999 0.0019880422003877374
10.379999999999999 7.92 0.06527040710716814
10.379999999999999 7.9799999999999995 0.019831870721250706
10.379999999999999 8.04 9.775357181803811e-6
10.379999999999999 9.42 -3.295837327545734e-19
10.379999999999999 9.48 -4.456540596452679e-19
10.379999999999999 9.54 -1.029962142107612e-18
10.379999999999999 9.6 1.5040645388919592e-18
10.379999999999999 9.66 -2.6871210937053394e-22
10.379999999999999 9.719999999999999 -5.368580168919376e-19
10.379999999999999 9.780000000000001 6.470599130176365e-19
10.379999999999999 9.84 3.3320295398258884e-19
10.379999999999999 9.9 9.21389055050374e-19
10.379999999999999 9.96 2.5667094273588118e-21
10.379999999999999 10.020000000000001 1.41491151204513e-18
10.379999999999999 10.08 -3.358434455003435e-21
10.379999999999999 10.14 -1.8329278726528907e-19
10.379999999999999 10.2 -2.291282661113858e-19
10.379999999999999 10.26 -1.0118759026520923e-17
10.379999999999999 10.32 9.238037815165985e-18
10.379999999999999 10.379999999999999 5.155395495578901e-19
10.379999999999999 10.44 7.668462806953871e-18
10.379999999999999 10.5 1.3263456038601801e-17
10.379999999999999 10.56 2.255388735008727e-17
10.379999999999999 10.620000000000001 -1.3457031862273365e-19
10.44 7.02 4.344729623302632e-10
10.44 7.08 8.347860106741512e-6
10.44 7.140000000000001 0.0019315720860841447
10.44 7.200000000000001 0.008102197579828222
10.44 7.26 0.0017694930966900531
10.44 7.32 7.460160437926776e-5
10.44 7.380000000000001 5.181934013523823e-8
10.44 7.799999999999999 1.5644996407910767e-7
10.44 7.859999999999999 0.0002929537173555645
10.44 7.92 0.010362679599686588
10.44 7.9799999999999995 0.00339691056327244
10.44 8.04 1.9974614093692217e-6
10.44 9.42 -1.150908497933899e-19
10.44 9.48 -1.4070006040556632e-19
10.44 9.54 -2.1369929191913127e-19
10.44 9.6 1.5699515232218333e-19
10.44 9.66 5.75664922462407e-23
10.44 9.719999999999999 -8.941753160079087e-20
10.44 9.780000000000001 8.541881796688755e-20
10.44 9.84 5.3640441311878134e-20
10.44 9.9 1.455787756906224e-19
10.44 9.96 5.4577914678839965e-22
10.44 10.020000000000001 1.9049888316142487e-19
10.44 10.08 2.765450930905089e-21
10.44 10.14 -2.4503493410309074e-20
10.44 10.2 -4.061483120974555e-20
10.44 10.26 -2.908248832167852e-18
10.44 10.32 1.8982563034310698e-18
10.44 10.379999999999999 4.8828205696514954e-20
10.44 10.44 1.2861210706884928e-18
10.44 10.5 2.8449404913454417e-18
10.44 10.56 4.319525869185675e-18
10.44 10.620000000000001 -1.6872166911961276e-20
10.5 7.02 4.770839258565762e-11
10.5 7.08 9.012578220238582e-7
10.5 7.140000000000001 0.0002156552440090116
10.5 7.200000000000001 0.0009153980412486281
10.5 7.26 0.00019863711959411504
10.5 7.32 8.041034188771195e-6
10.5 7.380000000000001 4.494277602490696e-9
10.5 7.799999999999999 1.7402309624155734e-8
10.5 7.859999999999999 3.103111339246075e-5
10.5 7.92 0.0011549218345666753
10.5 7.9799999999999995 0.0004022183190957818
10.5 8.04 2.803758991564295e-7
10.5 9.42 -2.0458975559048497e-20
10.5 9.48 -2.398639539951576e-20
10.5 9.54 -2.8017899565790606e-20
10.5 9.6 1.1295059331616082e-20
10.5 9.66 1.5687422336942371e-23
10.5 9.719999999999999 -9.910346969970321e-21
10.5 9.780000000000001 8.399915544598492e-21
10.5 9.84 5.731053156858571e-21
10.5 9.9 1.6096478917057935e-20
10.5 9.96 7.543514662546955e-23
10.5 10.020000000000001 1.9054622763764168e-20
10.5 10.08 5.870653515956714e-22
10.5 10.14 -2.1199680764854846e-21
10.5 10.2 -4.951137971332487e-21
10.5 10.26 -4.67616805513814e-19
10.5 10.32 2.589632957226239e-19
10.5 10.379999999999999 2.488611149372652e-21
10.5 10.44 1.5101887651908233e-19
10.5 10.5 3.978746451134192e-19
10.5 10.56 5.381551625844863e-19
10.5 10.620000000000001 -1.2861007789738816e-21
10.56 7.02 3.814368165660464e-12
10.56 7.08 7.000340635105205e-8
10.56 7.140000000000001 1.702087070161316e-5
10.56 7.200000000000001 7.301991164450336e-5
10.56 7.26 1.5985027507739996e-5
10.56 7.32 6.178327463040844e-7
10.56 7.380000000000001 2.424744640109402e-10
10.56 7.799999999999999 1.2321661932946044e-9
10.56 7.859999999999999 2.301355716180641e-6
10.56 7.92 8.962217865280802e-5
10.56 7.9799999999999995 3.274908731872792e-5
10.56 8.04 2.6744167254403558e-8
10.56 9.42 -2.232890566397985e-21
10.56 9.48 -2.5166946958411788e-21
10.56 9.54 -2.3858183284059984e-21
10.56 9.6 7.34931097652661e-22
10.56 9.66 1.7642143601579196e-24
10.56 9.719999999999999 -7.361143148341005e-22
10.56 9.780000000000001 6.154315972329369e-22
10.56 9.84 4.012218377714092e-22
10.56 9.9 1.2400479576396303e-21
10.56 9.96 6.86145175970413e-24
10.56 10.020000000000001 1.421208029479724e-21
10.56 10.08 6.19572360068229e-23
10.56 10.14 -1.10374028478691e-22
10.56 10.2 -4.1389469953351888e-22
10.56 10.26 -4.711147341410489e-20
10.56 10.32 2.3800083111497113e-20
10.56 10.379999999999999 2.2750966670891834e-23
10.56 10.44 1.2152189715437794e-20
10.56 10.5 3.70579893865305e-20
10.56 10.56 4.379941538074208e-20
10.56 10.620000000000001 -5.322604452047092e-23
10.620000000000001 7.02 2.2107512481824833e-13
10.620000000000001 7.08 3.885730300632178e-9
10.620000000000001 7.140000000000001 9.444946285929614e-7
10.620000000000001 7.200000000000001 4.096271801637438e-6
10.620000000000001 7.26 9.193230110159333e-7
10.620000000000001 7.32 3.3704294531480825e-8
10.620000000000001 7.380000000000001 6.2264991909085525e-12
10.620000000000001 7.799999999999999 5.0264345294992714e-11
10.620000000000001 7.859999999999999 1.1732526581267193e-7
10.620000000000001 7.92 4.822536710544164e-6
10.620000000000001 7.9799999999999995 1.8272160300558946e-6
10.620000000000001 8.04 1.7250043295936045e-9
10.620000000000001 9.42 -1.5902775026894093e-22
10.620000000000001 9.48 -1.6933308504842586e-22
10.620000000000001 9.54 -1.3318199372553758e-22
10.620000000000001 9.6 5.403097831943545e-23
10.620000000000001 9.66 1.1321636687882039e-25
10.620000000000001 9.719999999999999 -3.6678487110976636e-23
10.620000000000001 9.780000000000001 3.3591132058181476e-23
10.620000000000001 9.84 1.7962077171253233e-23
10.620000000000001 9.9 6.659378326753851e-23
10.620000000000001 9.96 4.1326800326002785e-25
10.620000000000001 10.020000000000001 7.928528569934919e-23
10.620000000000001 10.08 3.978700180145912e-24
10.620000000000001 10.14 -2.595435552990897e-24
10.620000000000001 10.2 -2.3626578397699292e-23
10.620000000000001 10.26 -3.1064837082342508e-21
10.620000000000001 10.32 1.4888170711298955e-21
10.620000000000001 10.379999999999999 -4.4811590813920085e-24
10.620000000000001 10.44 6.638098656881909e-22
10.620000000000001 10.5 2.328335546755417e-21
10.620000000000001 10.56 2.3263240543330065e-21
10.620000000000001 10.620000000000001 -5.4498938849672605e-25
