8.585 3.46 -7.784030510579607e-26
8.585 3.4800000000000004 1.3356641791658713e-26
8.585 3.5 -2.9875673151066453e-26
8.585 3.5199999999999996 -1.96912583671418e-26
8.585 3.54 -1.9720406181344807e-26
8.585 3.5600000000000005 1.3493784665428187e-26
8.585 3.58 1.8995285674286819e-25
8.585 3.5999999999999996 8.058504324305217e-26
8.585 3.62 2.3877873938223998e-26
8.585 3.64 -1.2749354912142639e-26
8.585 3.66 8.651501075912977e-27
8.585 3.6799999999999997 1.943464006471289e-26
8.585 3.7 -5.460836135649667e-26
8.585 3.7199999999999998 9.860323712624822e-24
8.585 3.74 -4.21322350275503e-20
8.585 3.76 1.0247036914603641e-18
8.585 3.7800000000000002 6.076330545785651e-16
8.585 3.8 -4.832106705569944e-13
8.585 3.8200000000000003 -4.2106088484841084e-12
8.585 3.8400000000000003 -3.121488615176237e-12
8.585 3.8600000000000003 -1.5116275718583557e-11
8.585 3.8800000000000003 9.295332788174132e-11
8.585 3.9000000000000004 -3.915712578261355e-11
8.585 3.9200000000000004 -2.2202958405080653e-11
8.585 3.9399999999999995 -5.091093130864768e-11
8.585 3.96 -6.573061463880034e-11
8.585 3.9800000000000004 2.726436043829018e-10
8.585 4.0 -1.8346537535813468e-11
8.585 4.02 5.0986299201095975e-11
8.585 4.04 2.719009683152925e-10
8.585 4.0600000000000005 9.099261362858157e-11
8.585 4.08 6.800101831502072e-10
8.585 4.1 1.9370430071128652e-10
8.585 4.12 2.1544064987551183e-10
8.585 4.14 5.062605489382525e-11
8.585 4.16 1.6126688659571408e-10
8.585 4.18 4.297891925124266e-11
8.585 4.2 -6.366180366340479e-11
8.585 4.22 -9.757634509881084e-11
8.585 4.24 -3.757318624782986e-11
8.585 4.26 -5.577695801993351e-12
8.585 4.28 -8.741429994322635e-12
8.585 4.3 -4.604264633909303e-12
8.585 4.32 -8.997558193090093e-13
8.585 4.34 5.273368507398997e-14
8.585 4.36 -5.789106255276233e-14
8.585 4.38 -2.735984180766994e-14
8.585 4.4 5.399621772013293e-16
8.585 4.42 -4.1745001342730884e-17
8.585 4.4399999999999995 -4.757104221583552e-17
8.585 4.46 -1.2378163195990397e-17
8.585 4.48 -1.7412398963372758e-19
8.585 4.5 -3.5967713623191334e-22
8.585 4.52 -1.3476382901708776e-23
8.585 4.54 -1.2250827251576401e-24
8.585 4.5600000000000005 -1.630966693425853e-26
8.585 4.58 1.3329034366036886e-27
8.585 4.6 -2.0448325257760807e-26
8.585 4.620000000000001 -2.4190300895963233e-26
8.585 4.64 5.127618640497264e-27
8.585 4.659999999999999 -2.777950759270404e-27
8.585 4.680000000000001 -1.922994434527014e-26
8.83 3.46 1.299611078566162e-23
8.83 3.4800000000000004 -1.0470143293157976e-22
8.83 3.5 2.991506756321794e-23
8.83 3.5199999999999996 3.1193237185940643e-23
8.83 3.54 2.4311224617119916e-23
8.83 3.5600000000000005 4.9041833393406384e-23
8.83 3.58 2.512834765509616e-22
8.83 3.5999999999999996 1.3006582691228593e-22
8.83 3.62 -1.150614994501831e-22
8.83 3.64 5.053243097444339e-23
8.83 3.66 1.7123759322565371e-22
8.83 3.6799999999999997 -3.806324120669335e-23
8.83 3.7 9.107366497950004e-21
8.83 3.7199999999999998 -1.5286514166826847e-19
8.83 3.74 1.7593983205735948e-16
8.83 3.76 -2.599103539213292e-14
8.83 3.7800000000000002 -3.003046719439203e-11
8.83 3.8 2.170961353671472e-9
8.83 3.8200000000000003 4.110651671800476e-8
8.83 3.8400000000000003 -2.439043000170806e-9
8.83 3.8600000000000003 6.312672300833709e-8
8.83 3.8800000000000003 -4.2520859608337967e-7
8.83 3.9000000000000004 4.2333113311904826e-7
8.83 3.9200000000000004 -2.3029057201392722e-7
8.83 3.9399999999999995 9.765941755736264e-8
8.83 3.96 3.697139839501438e-8
8.83 3.9800000000000004 1.6751609468463924e-6
8.83 4.0 1.1856485562438886e-6
8.83 4.02 8.55778736413737e-7
8.83 4.04 8.247527606196865e-7
8.83 4.0600000000000005 -4.1811346870349433e-7
8.83 4.08 1.668983599456485e-7
8.83 4.1 2.1219776879268632e-7
8.83 4.12 -1.5091330770078646e-7
8.83 4.14 2.0414212447044695e-7
8.83 4.16 2.7162699988683726e-8
8.83 4.18 1.7181593287840824e-7
8.83 4.2 -3.340492642330068e-8
8.83 4.22 7.769926987473372e-10
8.83 4.24 -1.530188774217049e-8
8.83 4.26 -3.988322267916894e-9
8.83 4.28 6.77525277359108e-10
8.83 4.3 6.519730085661622e-10
8.83 4.32 1.7133265918115592e-10
8.83 4.34 -2.2240352786511792e-11
8.83 4.36 -3.803313885449498e-11
8.83 4.38 -2.6949415397315944e-11
8.83 4.4 -8.876758558258011e-13
8.83 4.42 -9.269284558595074e-15
8.83 4.4399999999999995 -4.264131986650846e-14
8.83 4.46 -1.1071450522128935e-14
8.83 4.48 -1.6452584545177992e-16
8.83 4.5 -4.161489774224753e-19
8.83 4.52 -1.9034790831121707e-22
8.83 4.54 7.698324536656249e-23
8.83 4.5600000000000005 6.476599804084672e-23
8.83 4.58 -7.572762674695685e-24
8.83 4.6 1.1873343767899398e-23
8.83 4.620000000000001 5.493980803858937e-23
8.83 4.64 9.122904808188317e-24
8.83 4.659999999999999 -1.1270662746002135e-22
8.83 4.680000000000001 -1.3451348174626587e-23
9.075 3.46 5.928244699180063e-22
9.075 3.4800000000000004 -8.027454791884075e-22
9.075 3.5 1.5532112386024654e-22
9.075 3.5199999999999996 3.97274942886179e-22
9.075 3.54 5.860784027093402e-23
9.075 3.5600000000000005 1.9490498354234166e-22
9.075 3.58 4.483683788245463e-22
9.075 3.5999999999999996 7.305572480674179e-22
9.075 3.62 -3.399690074222019e-22
9.075 3.64 9.065478326100912e-23
9.075 3.66 9.386737191233821e-22
9.075 3.6799999999999997 1.5890442546919482e-21
9.075 3.7 3.166483080909328e-20
9.075 3.7199999999999998 4.584681552637047e-20
9.075 3.74 1.1442673172430243e-15
9.075 3.76 -1.3113294953819714e-14
9.075 3.7800000000000002 -8.286338387891901e-11
9.075 3.8 -3.850156608142557e-10
9.075 3.8200000000000003 1.2490507097857161e-7
9.075 3.8400000000000003 -4.7691149429506735e-8
9.075 3.8600000000000003 2.1068244570015426e-7
9.075 3.8800000000000003 -2.6751840434252402e-6
9.075 3.9000000000000004 2.165502085932603e-6
9.075 3.9200000000000004 -8.162093934198654e-7
9.075 3.9399999999999995 3.0627811956791465e-7
9.075 3.96 3.3866832428499947e-6
9.075 3.9800000000000004 8.439911200530939e-6
9.075 4.0 1.9166409017909114e-5
9.075 4.02 9.873073993912067e-6
9.075 4.04 1.382061758485284e-5
9.075 4.0600000000000005 9.964260327412333e-7
9.075 4.08 1.0385606149523191e-5
9.075 4.1 1.2124410333272909e-5
9.075 4.12 2.866826417473389e-6
9.075 4.14 1.0623795733692296e-5
9.075 4.16 1.3411880872381008e-6
9.075 4.18 4.42889726699212e-6
9.075 4.2 2.2487695535710344e-6
9.075 4.22 3.1262102700285474e-7
9.075 4.24 1.8792422669292346e-7
9.075 4.26 -3.517886418300607e-8
9.075 4.28 -2.706151974393874e-8
9.075 4.3 -1.2187797225372954e-8
9.075 4.32 -3.279694873945464e-9
9.075 4.34 1.042813849235356e-10
9.075 4.36 -2.539608684823733e-10
9.075 4.38 -1.302528853713985e-10
9.075 4.4 1.4091782347207281e-12
9.075 4.42 -1.455347693869398e-13
9.075 4.4399999999999995 -2.3691612834365074e-13
9.075 4.46 -6.156564686193527e-14
9.075 4.48 -8.984935924495325e-16
9.075 4.5 -2.1088464670695326e-18
9.075 4.52 -5.052482983993688e-20
9.075 4.54 -4.469836419654907e-21
9.075 4.5600000000000005 1.3035489726488092e-22
9.075 4.58 -7.694922542891972e-23
9.075 4.6 1.3096500908972722e-22
9.075 4.620000000000001 2.283154594527005e-22
9.075 4.64 5.1579041426766454e-23
9.075 4.659999999999999 -6.071172844382278e-22
9.075 4.680000000000001 4.9480040069924634e-23
9.32 3.46 9.871307558342496e-19
9.32 3.4800000000000004 -4.792809476040307e-19
9.32 3.5 1.0388996987574106e-18
9.32 3.5199999999999996 9.6431909826656e-19
9.32 3.54 -3.134110237300549e-19
9.32 3.5600000000000005 2.442951373660884e-19
9.32 3.58 -7.566194569391964e-19
9.32 3.5999999999999996 4.663742720180828e-19
9.32 3.62 1.2101734646502091e-18
9.32 3.64 -8.728821493052752e-19
9.32 3.66 -8.652221542002351e-20
9.32 3.6799999999999997 6.932626629771854e-18
9.32 3.7 -2.5141691300279977e-17
9.32 3.7199999999999998 4.5011806368634884e-15
9.32 3.74 1.3442304177816238e-12
9.32 3.76 5.091706351873136e-10
9.32 3.7800000000000002 2.772501760224461e-7
9.32 3.8 -5.2668013495332745e-5
9.32 3.8200000000000003 -0.0001127647560376566
9.32 3.8400000000000003 0.0002766775763564579
9.32 3.8600000000000003 -0.0005888754897149273
9.32 3.8800000000000003 -0.0005858804265074849
9.32 3.9000000000000004 0.006144556484524171
9.32 3.9200000000000004 0.0029627892458754614
9.32 3.9399999999999995 0.010513119821751805
9.32 3.96 0.014783772272856457
9.32 3.9800000000000004 0.02918619093864388
9.32 4.0 0.035652723589800234
9.32 4.02 0.024046356319180916
9.32 4.04 0.018555620041465788
9.32 4.0600000000000005 0.011306930679250624
9.32 4.08 0.010710762953463694
9.32 4.1 0.016184861051209472
9.32 4.12 0.00828428145986008
9.32 4.14 0.006613993005254118
9.32 4.16 0.0018664652154093747
9.32 4.18 0.0016898564255568402
9.32 4.2 0.0024969000156501316
9.32 4.22 0.0002338080365328965
9.32 4.24 0.0011860191909579066
9.32 4.26 9.065612158829319e-5
9.32 4.28 -4.41191943873767e-5
9.32 4.3 -2.8270901118528133e-5
9.32 4.32 -7.113009780401033e-6
9.32 4.34 6.863045269670574e-7
9.32 4.36 9.711662960657817e-7
9.32 4.38 7.516686165011678e-7
9.32 4.4 2.5489268293829178e-8
9.32 4.42 4.897135410559821e-11
9.32 4.4399999999999995 1.2231569028742514e-9
9.32 4.46 3.185540362589138e-10
9.32 4.48 4.716865052652999e-12
9.32 4.5 1.1892185833835822e-14
9.32 4.52 -3.7741802125837184e-17
9.32 4.54 -7.147903773822177e-18
9.32 4.5600000000000005 -3.431180456868157e-20
9.32 4.58 -1.0821136028771714e-19
9.32 4.6 6.101807367009057e-19
9.32 4.620000000000001 -6.578559217239871e-19
9.32 4.64 -1.0588475134534584e-19
9.32 4.659999999999999 -8.145695566018461e-20
9.32 4.680000000000001 4.5698951367793333e-20
9.565 3.46 1.3413012416797378e-17
9.565 3.4800000000000004 -5.9038412318496714e-18
9.565 3.5 8.714704809272098e-17
9.565 3.5199999999999996 -1.0360313762740502e-17
9.565 3.54 6.458298427740619e-18
9.565 3.5600000000000005 -7.588617126832974e-19
9.565 3.58 1.484454109391215e-17
9.565 3.5999999999999996 6.926954636147794e-19
9.565 3.62 -9.909944742407278e-18
9.565 3.64 -7.070762005186332e-18
9.565 3.66 -7.302581746840026e-18
9.565 3.6799999999999997 6.573762359975998e-17
9.565 3.7 -2.1359633073057006e-18
9.565 3.7199999999999998 1.5553923712712135e-14
9.565 3.74 -3.7139643333634345e-13
9.565 3.76 3.209533618021546e-9
9.565 3.7800000000000002 6.4956586675815885e-6
9.565 3.8 0.0004243247557229426
9.565 3.8200000000000003 0.0010914633690303143
9.565 3.8400000000000003 0.0064362238308120845
9.565 3.8600000000000003 0.014824572621337004
9.565 3.8800000000000003 0.050439586731742314
9.565 3.9000000000000004 0.08625958956867756
9.565 3.9200000000000004 0.15542438860394525
9.565 3.9399999999999995 0.4049542618890008
9.565 3.96 0.5282206933954491
9.565 3.9800000000000004 0.643396193220258
9.565 4.0 0.9180729496446598
9.565 4.02 0.6967873442625658
9.565 4.04 0.9885745529236839
9.565 4.0600000000000005 0.754318280305404
9.565 4.08 0.8933430956039845
9.565 4.1 0.9032282175630187
9.565 4.12 0.6445799667982872
9.565 4.14 0.5612741399161593
9.565 4.16 0.17780219357633556
9.565 4.18 0.19823240038146026
9.565 4.2 0.07212689175073056
9.565 4.22 0.003764313909464927
9.565 4.24 0.03814868735308105
9.565 4.26 0.0037413555534558367
9.565 4.28 0.0018972602325591716
9.565 4.3 0.001257997000152209
9.565 4.32 0.0005188460126879504
9.565 4.34 -8.499861080766223e-6
9.565 4.36 -2.99301715131339e-6
9.565 4.38 -4.880078120821145e-6
9.565 4.4 -3.420909664926444e-7
9.565 4.42 6.6733309108976406e-9
9.565 4.4399999999999995 -8.200793337420695e-9
9.565 4.46 -2.140811697486294e-9
9.565 4.48 -3.31783027082898e-11
9.565 4.5 -9.601975746766623e-14
9.565 4.52 2.406826739952406e-15
9.565 4.54 2.598845347321923e-16
9.565 4.5600000000000005 -3.7548405541768305e-18
9.565 4.58 -2.2970859190796897e-18
9.565 4.6 1.537453666179765e-17
9.565 4.620000000000001 -3.790832511524107e-18
9.565 4.64 -3.143277804359361e-18
9.565 4.659999999999999 -1.0053290639000896e-17
9.565 4.680000000000001 6.885646724763255e-18
9.81 3.46 -3.658424293425303e-17
9.81 3.4800000000000004 -1.5952671907979827e-17
9.81 3.5 6.453501538556652e-18
9.81 3.5199999999999996 -1.3108616510539722e-19
9.81 3.54 2.281511791674824e-17
9.81 3.5600000000000005 6.552334819236058e-17
9.81 3.58 -1.4751425917908277e-17
9.81 3.5999999999999996 -3.216490808944845e-17
9.81 3.62 1.5253311670938594e-16
9.81 3.64 9.125010546901838e-17
9.81 3.66 1.0236107054929008e-16
9.81 3.6799999999999997 -1.052848397073633e-17
9.81 3.7 -6.621681480409388e-17
9.81 3.7199999999999998 -7.159846279622499e-15
9.81 3.74 -3.319430705015336e-11
9.81 3.76 1.7868333046775254e-9
9.81 3.7800000000000002 3.331274276732085e-5
9.81 3.8 0.001143370212811744
9.81 3.8200000000000003 0.021634121320576502
9.81 3.8400000000000003 0.12035462617142184
9.81 3.8600000000000003 0.3447651579956213
9.81 3.8800000000000003 0.6504963971109963
9.81 3.9000000000000004 1.0417766345268678
9.81 3.9200000000000004 1.4379676027425359
9.81 3.9399999999999995 1.6359515225148962
9.81 3.96 1.9738082734665652
9.81 3.9800000000000004 2.3290305146887476
9.81 4.0 2.535099883053058
9.81 4.02 2.4034245836997807
9.81 4.04 2.4171519521261695
9.81 4.0600000000000005 2.0199189025071123
9.81 4.08 1.7544489408262627
9.81 4.1 1.600026279890898
9.81 4.12 0.7225953046722403
9.81 4.14 0.6508437465407328
9.81 4.16 0.40340931835277816
9.81 4.18 0.04849189334427533
9.81 4.2 0.03426925589291652
9.81 4.22 0.0029287437688404827
9.81 4.24 0.0038467577669906734
9.81 4.26 0.0033000175099613107
9.81 4.28 -1.0659325297488793e-5
9.81 4.3 8.333184075979195e-5
9.81 4.32 0.00027035889683240473
9.81 4.34 1.044658436939079e-5
9.81 4.36 1.4097758603112358e-6
9.81 4.38 1.1069069993547825e-6
9.81 4.4 2.8149521267784818e-8
9.81 4.42 -1.8731617931913947e-10
9.81 4.4399999999999995 2.1125914276237446e-9
9.81 4.46 5.514409446907017e-10
9.81 4.48 8.280537387371585e-12
9.81 4.5 2.167551019217364e-14
9.81 4.52 -6.93456121581508e-17
9.81 4.54 4.505742075894619e-17
9.81 4.5600000000000005 -5.259807217334072e-17
9.81 4.58 -1.263026555707476e-17
9.81 4.6 -3.2743246227240356e-17
9.81 4.620000000000001 -1.210865171761976e-17
9.81 4.64 4.150896318027287e-18
9.81 4.659999999999999 -2.6524467144184486e-17
9.81 4.680000000000001 1.9483873746534953e-18
10.055 3.46 -7.489484761943412e-17
10.055 3.4800000000000004 3.1963403433733796e-17
10.055 3.5 1.9615458027603045e-17
10.055 3.5199999999999996 -4.247906025407798e-17
10.055 3.54 -2.6799019538951085e-17
10.055 3.5600000000000005 6.26052442501009e-17
10.055 3.58 5.729864527311673e-17
10.055 3.5999999999999996 -8.485440556328945e-17
10.055 3.62 7.871729478650424e-18
10.055 3.64 -5.1830670503242325e-17
10.055 3.66 1.4342307519855715e-17
10.055 3.6799999999999997 -3.157268226400316e-17
10.055 3.7 2.0307134716038238e-16
10.055 3.7199999999999998 -5.316487116176717e-14
10.055 3.74 -2.000202626601986e-10
10.055 3.76 -1.0284138443944221e-9
10.055 3.7800000000000002 5.634435956295029e-6
10.055 3.8 0.001228669569898151
10.055 3.8200000000000003 -7.465894286397323e-5
10.055 3.8400000000000003 0.0013248716087075256
10.055 3.8600000000000003 0.04618723086000052
10.055 3.8800000000000003 0.15541589318066
10.055 3.9000000000000004 0.20776208038483535
10.055 3.9200000000000004 0.37025165293269946
10.055 3.9399999999999995 0.5532812717847205
10.055 3.96 0.7273630898685208
10.055 3.9800000000000004 0.970535875897586
10.055 4.0 1.0190301182612151
10.055 4.02 1.168013165500399
10.055 4.04 0.8442664529398671
10.055 4.0600000000000005 0.8630760318387379
10.055 4.08 0.5701939499317837
10.055 4.1 0.48566581623810945
10.055 4.12 0.41740855029013824
10.055 4.14 0.10211968356442888
10.055 4.16 0.0841965434725955
10.055 4.18 0.06134358716476851
10.055 4.2 -0.022800664328033633
10.055 4.22 -0.0068043334555969
10.055 4.24 -0.0024120711635045593
10.055 4.26 0.0025875437315713108
10.055 4.28 0.0016044252379323457
10.055 4.3 0.0008116549964911219
10.055 4.32 0.00023067844065588868
10.055 4.34 -6.287382259804744e-6
10.055 4.36 7.306575605916612e-6
10.055 4.38 2.5240915059344634e-6
10.055 4.4 -4.6515666227830557e-7
10.055 4.42 1.8988921377133494e-10
10.055 4.4399999999999995 1.0027040662454938e-8
10.055 4.46 2.6316138095501262e-9
10.055 4.48 3.927121994426923e-11
10.055 4.5 9.717535213444748e-14
10.055 4.52 3.087511019471016e-15
10.055 4.54 3.2093557310808525e-16
10.055 4.5600000000000005 -6.673844848398778e-17
10.055 4.58 5.1747567993171405e-18
10.055 4.6 7.010997922413339e-18
10.055 4.620000000000001 -9.06668907908496e-18
10.055 4.64 2.064972812142509e-18
10.055 4.659999999999999 3.056411882571389e-17
10.055 4.680000000000001 -1.437367713219662e-18
10.3 3.46 -1.8677653785257356e-18
10.3 3.4800000000000004 3.879331514374322e-18
10.3 3.5 -1.0115416790307816e-18
10.3 3.5199999999999996 -7.286091449554171e-18
10.3 3.54 -6.6692512052711945e-18
10.3 3.5600000000000005 -5.090565782368776e-18
10.3 3.58 -1.4108301776617437e-17
10.3 3.5999999999999996 9.260938424091063e-18
10.3 3.62 5.8245576987168536e-18
10.3 3.64 -1.3647892626225801e-17
10.3 3.66 -1.0947978414035486e-18
10.3 3.6799999999999997 7.802744476048985e-17
10.3 3.7 -2.103224354319551e-15
10.3 3.7199999999999998 3.3060348502967723e-14
10.3 3.74 1.0230038431707861e-11
10.3 3.76 5.9900161453954085e-9
10.3 3.7800000000000002 5.286561019738333e-6
10.3 3.8 -0.0004794034381200488
10.3 3.8200000000000003 -0.010229220270516292
10.3 3.8400000000000003 -0.0010256827522002296
10.3 3.8600000000000003 0.0013027488208959613
10.3 3.8800000000000003 0.00795465812042525
10.3 3.9000000000000004 0.013092357076785476
10.3 3.9200000000000004 0.012019970914992103
10.3 3.9399999999999995 0.0520461690057276
10.3 3.96 0.04765332878152119
10.3 3.9800000000000004 -0.009840180261812197
10.3 4.0 0.078231580337901
10.3 4.02 0.020722905407792962
10.3 4.04 0.04260342386039884
10.3 4.0600000000000005 0.0406764789214648
10.3 4.08 0.008179939259840115
10.3 4.1 -0.010759325877802869
10.3 4.12 -0.011904799303010135
10.3 4.14 0.0005690875190727838
10.3 4.16 -0.00019859641663280586
10.3 4.18 -0.004943753110650094
10.3 4.2 -0.0010724498447254585
10.3 4.22 0.0028636041561211625
10.3 4.24 0.0013880806555202736
10.3 4.26 -0.0004039895969022044
10.3 4.28 -0.0011570347438975151
10.3 4.3 -0.0005912849860959854
10.3 4.32 -0.0001418853409979773
10.3 4.34 5.355308838771181e-6
10.3 4.36 -1.2577993402627358e-5
10.3 4.38 -6.832233946884043e-6
10.3 4.4 1.3564508902838648e-7
10.3 4.42 -4.0538047822216926e-9
10.3 4.4399999999999995 -1.3806115172201433e-8
10.3 4.46 -3.605281074871292e-9
10.3 4.48 -5.232091911902199e-11
10.3 4.5 -1.2145128980092772e-13
10.3 4.52 -2.3399194123311618e-15
10.3 4.54 -1.860847043659033e-16
10.3 4.5600000000000005 -3.4616292819781087e-19
10.3 4.58 -4.078661447142353e-19
10.3 4.6 -2.75363744278674e-18
10.3 4.620000000000001 3.3782931980769416e-18
10.3 4.64 -1.5575846986196982e-18
10.3 4.659999999999999 8.582371575801393e-19
10.3 4.680000000000001 -6.958974122290335e-19
10.545 3.46 1.2243468973497713e-20
10.545 3.4800000000000004 -1.3929685902124939e-21
10.545 3.5 -2.8637070005417685e-21
10.545 3.5199999999999996 -1.6988454132086317e-20
10.545 3.54 -1.120911852951211e-20
10.545 3.5600000000000005 -2.1963201762430797e-20
10.545 3.58 -5.702094990927195e-20
10.545 3.5999999999999996 1.6293976436340343e-20
10.545 3.62 1.6268325214715633e-20
10.545 3.64 -1.3673646603932944e-20
10.545 3.66 8.997940901751846e-22
10.545 3.6799999999999997 1.9329743342316295e-19
10.545 3.7 -5.189248964745385e-18
10.545 3.7199999999999998 8.338283144658089e-17
10.545 3.74 4.0690637921473554e-14
10.545 3.76 1.5099655400180054e-11
10.545 3.7800000000000002 1.2717815640606251e-8
10.545 3.8 -1.2777040098547218e-6
10.545 3.8200000000000003 -2.4958975536528403e-5
10.545 3.8400000000000003 -7.5355400516396045e-6
10.545 3.8600000000000003 1.3332996289881714e-6
10.545 3.8800000000000003 -1.1884556738454202e-5
10.545 3.9000000000000004 2.2848252861663464e-5
10.545 3.9200000000000004 -1.2803605007622515e-5
10.545 3.9399999999999995 0.00011586271263310805
10.545 3.96 0.00010204413380376474
10.545 3.9800000000000004 -8.52940744675012e-5
10.545 4.0 0.00017884525388130927
10.545 4.02 -1.410351260787441e-6
10.545 4.04 6.458053483103602e-5
10.545 4.0600000000000005 0.00011264069610088695
10.545 4.08 -1.1713729927214848e-5
10.545 4.1 -5.7747778665821533e-5
10.545 4.12 -4.252595992281869e-5
10.545 4.14 -1.8310164618274424e-7
10.545 4.16 -2.806517234002219e-6
10.545 4.18 -2.0299142723893136e-5
10.545 4.2 -3.58422091685733e-6
10.545 4.22 8.401132309139903e-6
10.545 4.24 5.351689430162666e-6
10.545 4.26 -9.694864502307718e-7
10.545 4.28 -3.980350095269392e-6
10.545 4.3 -2.0467070969188018e-6
10.545 4.32 -4.81416722462798e-7
10.545 4.34 2.044294633003341e-8
10.545 4.36 -3.8446091276404465e-8
10.545 4.38 -2.016281717626313e-8
10.545 4.4 4.4133980583999277e-10
10.545 4.42 -1.5317694400268913e-11
10.545 4.4399999999999995 -4.01684456447075e-11
10.545 4.46 -1.048467769279814e-11
10.545 4.48 -1.514468557866342e-13
10.545 4.5 -3.455472103125463e-16
10.545 4.52 -7.684735540365024e-18
10.545 4.54 -6.472643513109413e-19
10.545 4.5600000000000005 -7.409169324944944e-21
10.545 4.58 -2.3257321640605124e-21
10.545 4.6 -6.9530793327751e-21
10.545 4.620000000000001 9.766858425034737e-21
10.545 4.64 -9.752555633456378e-22
10.545 4.659999999999999 -1.7915286540286354e-21
10.545 4.680000000000001 -1.3583562101307383e-21
10.79 3.46 3.7678224208141014e-25
10.79 3.4800000000000004 4.874736048765371e-24
10.79 3.5 8.669562423551686e-24
10.79 3.5199999999999996 2.8483030553536443e-24
10.79 3.54 -3.1963147453740394e-24
10.79 3.5600000000000005 -1.6000170756874394e-25
10.79 3.58 -5.10053369763424e-24
10.79 3.5999999999999996 1.547666529541033e-25
10.79 3.62 -2.6213893393811967e-24
10.79 3.64 3.3907800658690256e-26
10.79 3.66 -3.1335052046327465e-24
10.79 3.6799999999999997 2.490224178030606e-24
10.79 3.7 -4.6553869428776215e-23
10.79 3.7199999999999998 2.673769625705806e-21
10.79 3.74 3.0783132040423165e-17
10.79 3.76 8.534971593191783e-13
10.79 3.7800000000000002 2.7606817556807683e-10
10.79 3.8 1.5023786965862793e-8
10.79 3.8200000000000003 2.0997860801013264e-7
10.79 3.8400000000000003 2.530142167191411e-7
10.79 3.8600000000000003 3.374221376717272e-7
10.79 3.8800000000000003 3.9978730685662975e-7
10.79 3.9000000000000004 1.45973732533762e-6
10.79 3.9200000000000004 2.2681304589761467e-8
10.79 3.9399999999999995 8.309162007658399e-6
10.79 3.96 6.99694079609718e-5
10.79 3.9800000000000004 3.611911798542394e-6
10.79 4.0 1.013566822358312e-8
10.79 4.02 3.3481358048959515e-10
10.79 4.04 8.02941422521624e-10
10.79 4.0600000000000005 7.357520962616135e-10
10.79 4.08 6.548579032755294e-13
10.79 4.1 -5.817476957360724e-10
10.79 4.12 -3.272030293268287e-10
10.79 4.14 1.0312963519344928e-10
10.79 4.16 -6.544762484569103e-11
10.79 4.18 -1.8665980801282742e-10
10.79 4.2 2.7068754121850116e-11
10.79 4.22 6.898278582763161e-11
10.79 4.24 4.9646729993678987e-11
10.79 4.26 -1.593779595563868e-11
10.79 4.28 -3.511463777955219e-11
10.79 4.3 -1.9098106775278156e-11
10.79 4.32 -4.794526732672579e-12
10.79 4.34 1.957354619957499e-13
10.79 4.36 -2.3769415594746126e-13
10.79 4.38 -1.0830087195649693e-13
10.79 4.4 6.843577521917462e-15
10.79 4.42 -8.184584312768447e-17
10.79 4.4399999999999995 -2.616876503729941e-16
10.79 4.46 -6.850078749764971e-17
10.79 4.48 -9.881456329311544e-19
10.79 4.5 -2.2790400976776747e-21
10.79 4.52 -6.178685527670096e-23
10.79 4.54 -2.0853457900475696e-23
10.79 4.5600000000000005 1.5294236848270653e-24
10.79 4.58 -1.1195696018685435e-25
10.79 4.6 -4.669618292503293e-25
10.79 4.620000000000001 3.412030237647485e-24
10.79 4.64 -1.2654591802146999e-24
10.79 4.659999999999999 -3.0872323967730767e-24
10.79 4.680000000000001 -5.062191315546086e-25
11.035 3.46 1.9907536850872213e-28
11.035 3.4800000000000004 6.147947970728809e-27
11.035 3.5 1.2245844665211208e-26
11.035 3.5199999999999996 3.396678890055204e-27
11.035 3.54 -2.0203162240356096e-27
11.035 3.5600000000000005 2.9178937566604243e-28
11.035 3.58 -6.301823051807181e-27
11.035 3.5999999999999996 -5.470522825807285e-28
11.035 3.62 -4.089345987444925e-27
11.035 3.64 5.585642752239596e-28
11.035 3.66 -4.2494127085517256e-27
11.035 3.6799999999999997 -5.2337779586400135e-27
11.035 3.7 5.6883017207543155e-25
11.035 3.7199999999999998 -7.535276797715791e-24
11.035 3.74 4.4282177769659935e-20
11.035 3.76 1.1825324731360353e-15
11.035 3.7800000000000002 3.8205784867359434e-13
11.035 3.8 2.0899684788095364e-11
11.035 3.8200000000000003 2.925209497797777e-10
11.035 3.8400000000000003 3.520410196016988e-10
11.035 3.8600000000000003 4.67819161098471e-10
11.035 3.8800000000000003 5.531887040960537e-10
11.035 3.9000000000000004 2.0271411932393268e-9
11.035 3.9200000000000004 3.1344232934418703e-11
11.035 3.9399999999999995 1.1524523381201038e-8
11.035 3.96 9.700038542437285e-8
11.035 3.9800000000000004 5.016946447908539e-9
11.035 4.0 1.3020242552111959e-11
11.035 4.02 7.433840946439077e-13
11.035 4.04 4.382832294523402e-12
11.035 4.0600000000000005 -6.4792024787400324e-12
11.035 4.08 -1.9372463314551664e-12
11.035 4.1 -2.115586789147219e-12
11.035 4.12 2.618635446830514e-12
11.035 4.14 2.186261009474416e-12
11.035 4.16 -5.692055916654217e-13
11.035 4.18 -1.6619315235108742e-12
11.035 4.2 -6.841654125912607e-13
11.035 4.22 -1.010234317354304e-12
11.035 4.24 2.8088824722148606e-13
11.035 4.26 4.9547222722372233e-14
11.035 4.28 6.762826858954058e-14
11.035 4.3 2.5647445024549505e-14
11.035 4.32 -1.697879406979463e-15
11.035 4.34 5.736117406476365e-16
11.035 4.36 3.2509904987524456e-15
11.035 4.38 2.028564400207893e-15
11.035 4.4 3.885047347417695e-17
11.035 4.42 9.571500513943112e-19
11.035 4.4399999999999995 3.3430682904371194e-18
11.035 4.46 8.690947548612763e-19
11.035 4.48 1.2629740854702045e-20
11.035 4.5 2.956519490460059e-23
11.035 4.52 2.0196923196787664e-25
11.035 4.54 -9.477467941133989e-27
11.035 4.5600000000000005 2.4299813797000114e-27
11.035 4.58 -1.5882365409309779e-28
11.035 4.6 -5.180163394349431e-28
11.035 4.620000000000001 4.618835278920166e-27
11.035 4.64 -1.6984320873029063e-27
11.035 4.659999999999999 -4.8332043230116815e-27
11.035 4.680000000000001 -7.519178685949917e-28
14.220000000000002 3.46 -1.1296710699576997e-20
14.220000000000002 3.4800000000000004 -1.2919923383375613e-21
14.220000000000002 3.5 5.699022612617874e-21
14.220000000000002 3.5199999999999996 -1.1018978164086306e-20
14.220000000000002 3.54 1.7999682400596897e-20
14.220000000000002 3.5600000000000005 -9.967355865792357e-21
14.220000000000002 3.58 -6.044883448808477e-21
14.220000000000002 3.5999999999999996 4.764143451707176e-21
14.220000000000002 3.62 -1.5725358423227435e-20
14.220000000000002 3.64 -1.8668046704875332e-19
14.220000000000002 3.66 7.052293116255993e-22
14.220000000000002 3.6799999999999997 -2.1281259083214727e-20
14.220000000000002 3.7 6.565088905114165e-19
14.220000000000002 3.7199999999999998 -1.8450109733111705e-17
14.220000000000002 3.74 -2.635513196717045e-15
14.220000000000002 3.76 -1.8331838989053944e-12
14.220000000000002 3.7800000000000002 -1.7809342057108761e-9
14.220000000000002 3.8 9.242323042647727e-8
14.220000000000002 3.8200000000000003 4.123241672231109e-6
14.220000000000002 3.8400000000000003 5.290097414980065e-6
14.220000000000002 3.8600000000000003 -2.990997100122854e-6
14.220000000000002 3.8800000000000003 8.53434866372378e-6
14.220000000000002 3.9000000000000004 8.06750481635471e-6
14.220000000000002 3.9200000000000004 -1.2491842945531367e-5
14.220000000000002 3.9399999999999995 1.1650233656496485e-5
14.220000000000002 3.96 -2.0036067103393046e-6
14.220000000000002 3.9800000000000004 8.380394207313918e-5
14.220000000000002 4.0 8.189844132238287e-5
14.220000000000002 4.02 0.00010142244820086313
14.220000000000002 4.04 0.00022024461784422346
14.220000000000002 4.0600000000000005 0.00020588076164398063
14.220000000000002 4.08 0.00047435788398526006
14.220000000000002 4.1 0.0010584509380211246
14.220000000000002 4.12 0.0006477736622523014
14.220000000000002 4.14 0.001741736878882549
14.220000000000002 4.16 0.0007000831847455154
14.220000000000002 4.18 0.0007600349157647572
14.220000000000002 4.2 0.0003183344813477084
14.220000000000002 4.22 0.00012113450799931903
14.220000000000002 4.24 2.4859787384842525e-5
14.220000000000002 4.26 1.4837772262629427e-5
14.220000000000002 4.28 2.4703674360944677e-5
14.220000000000002 4.3 1.4105390917435022e-5
14.220000000000002 4.32 2.6706294289719664e-6
14.220000000000002 4.34 6.820952867533539e-7
14.220000000000002 4.36 4.056225881272637e-7
14.220000000000002 4.38 6.934662576976059e-9
14.220000000000002 4.4 7.103520416622814e-8
14.220000000000002 4.42 7.910869696655685e-8
14.220000000000002 4.4399999999999995 3.1843789095234435e-8
14.220000000000002 4.46 1.882845128379089e-9
14.220000000000002 4.48 1.3987140963401966e-11
14.220000000000002 4.5 1.774842832908007e-14
14.220000000000002 4.52 3.004258986112487e-16
14.220000000000002 4.54 2.2771378985921023e-16
14.220000000000002 4.5600000000000005 1.6161839108935643e-16
14.220000000000002 4.58 3.3416193692583083e-17
14.220000000000002 4.6 1.0556799502747308e-18
14.220000000000002 4.620000000000001 5.9035609497843485e-21
14.220000000000002 4.64 4.3551276011319525e-22
14.220000000000002 4.659999999999999 3.2525174359941364e-22
14.220000000000002 4.680000000000001 1.0374995621916697e-21
14.464999999999998 3.46 -1.2487460857544212e-19
14.464999999999998 3.4800000000000004 -2.0657941967382758e-21
14.464999999999998 3.5 5.777583375899364e-20
14.464999999999998 3.5199999999999996 -8.999252659151531e-21
14.464999999999998 3.54 2.4181364835404758e-20
14.464999999999998 3.5600000000000005 -1.1512365283493419e-19
14.464999999999998 3.58 -7.707640978280526e-20
14.464999999999998 3.5999999999999996 8.920413093890729e-20
14.464999999999998 3.62 -1.4412287869688167e-19
14.464999999999998 3.64 -1.0774942458864642e-19
14.464999999999998 3.66 8.013643243346407e-20
14.464999999999998 3.6799999999999997 9.848636045528325e-20
14.464999999999998 3.7 3.1092791179701713e-18
14.464999999999998 3.7199999999999998 -4.369276958750549e-17
14.464999999999998 3.74 2.345335478526687e-14
14.464999999999998 3.76 1.1710801138585916e-12
14.464999999999998 3.7800000000000002 -1.992265417719774e-9
14.464999999999998 3.8 -1.4594771130249602e-6
14.464999999999998 3.8200000000000003 1.2811788691666116e-5
14.464999999999998 3.8400000000000003 4.356788525080781e-5
14.464999999999998 3.8600000000000003 -2.8980153819295473e-5
14.464999999999998 3.8800000000000003 7.57750531985548e-5
14.464999999999998 3.9000000000000004 9.270664322193695e-5
14.464999999999998 3.9200000000000004 0.00013238501139234475
14.464999999999998 3.9399999999999995 0.00012824485210154263
14.464999999999998 3.96 0.0009216183126708278
14.464999999999998 3.9800000000000004 0.001910501192950176
14.464999999999998 4.0 0.0024368957453166657
14.464999999999998 4.02 0.0026255724301736515
14.464999999999998 4.04 0.003916506545606453
14.464999999999998 4.0600000000000005 0.007302798855590346
14.464999999999998 4.08 0.015188302058364479
14.464999999999998 4.1 0.014952352790959762
14.464999999999998 4.12 0.01106213514241621
14.464999999999998 4.14 0.009544037609884613
14.464999999999998 4.16 0.004945081864227616
14.464999999999998 4.18 0.003845924092274824
14.464999999999998 4.2 0.0009809680499540665
14.464999999999998 4.22 0.0009199359482894857
14.464999999999998 4.24 0.0004280611750545031
14.464999999999998 4.26 0.00034708904459586576
14.464999999999998 4.28 0.0002264365231341558
14.464999999999998 4.3 7.657696827003249e-5
14.464999999999998 4.32 7.132686663082225e-6
14.464999999999998 4.34 3.964110299244037e-6
14.464999999999998 4.36 2.217083558562565e-6
14.464999999999998 4.38 -1.6330998278536324e-7
14.464999999999998 4.4 -2.688982784729115e-8
14.464999999999998 4.42 -2.531997344761796e-8
14.464999999999998 4.4399999999999995 -1.2139580865315452e-8
14.464999999999998 4.46 -8.454844008440892e-10
14.464999999999998 4.48 -7.36827849626233e-12
14.464999999999998 4.5 -1.1238140040450911e-14
14.464999999999998 4.52 -1.081181160364925e-16
14.464999999999998 4.54 -9.22891710817637e-17
14.464999999999998 4.5600000000000005 -6.717856478381761e-17
14.464999999999998 4.58 -1.405490045233579e-17
14.464999999999998 4.6 -4.365785278981011e-19
14.464999999999998 4.620000000000001 -9.775082196202134e-21
14.464999999999998 4.64 1.4884467703115622e-20
14.464999999999998 4.659999999999999 1.2695236804891851e-20
14.464999999999998 4.680000000000001 -1.958792286543607e-21
14.709999999999999 3.46 -1.1770256165397247e-18
14.709999999999999 3.4800000000000004 5.52318783568097e-19
14.709999999999999 3.5 3.2278273276282548e-19
14.709999999999999 3.5199999999999996 1.183949252658128e-18
14.709999999999999 3.54 -4.90765502620741e-19
14.709999999999999 3.5600000000000005 -3.1006775165561503e-19
14.709999999999999 3.58 1.3944015712659406e-18
14.709999999999999 3.5999999999999996 2.6274806000388013e-18
14.709999999999999 3.62 7.660496993293564e-19
14.709999999999999 3.64 -3.981095686335486e-19
14.709999999999999 3.66 6.472113144973011e-19
14.709999999999999 3.6799999999999997 1.564797892836399e-18
14.709999999999999 3.7 8.507370035355278e-18
14.709999999999999 3.7199999999999998 6.025151134560358e-16
14.709999999999999 3.74 -4.8660048678276473e-14
14.709999999999999 3.76 1.0712148123219538e-10
14.709999999999999 3.7800000000000002 4.048121633894057e-8
14.709999999999999 3.8 -3.18187937156217e-5
14.709999999999999 3.8200000000000003 -5.768386638058993e-5
14.709999999999999 3.8400000000000003 0.0001040496123505314
14.709999999999999 3.8600000000000003 -0.00042745478011036586
14.709999999999999 3.8800000000000003 0.0018396978965883042
14.709999999999999 3.9000000000000004 0.0014544662048183077
14.709999999999999 3.9200000000000004 0.0017148308304809768
14.709999999999999 3.9399999999999995 0.00476240008453475
14.709999999999999 3.96 0.012340762450927537
14.709999999999999 3.9800000000000004 0.01665269801503884
14.709999999999999 4.0 0.03913181226746645
14.709999999999999 4.02 0.03262432809906307
14.709999999999999 4.04 0.058558923146023005
14.709999999999999 4.0600000000000005 0.055338896347599864
14.709999999999999 4.08 0.08584007163401758
14.709999999999999 4.1 0.1089574702073006
14.709999999999999 4.12 0.12622494498506617
14.709999999999999 4.14 0.12789751332548235
14.709999999999999 4.16 0.043692168532725714
14.709999999999999 4.18 0.023896391558402078
14.709999999999999 4.2 0.016118070394246915
14.709999999999999 4.22 0.029318434481052955
14.709999999999999 4.24 0.02485005361897028
14.709999999999999 4.26 0.01646379201718646
14.709999999999999 4.28 0.0010837897648409845
14.709999999999999 4.3 0.00014163164776796782
14.709999999999999 4.32 -6.780045363244067e-6
14.709999999999999 4.34 7.967340651334717e-7
14.709999999999999 4.36 -1.9033831045714349e-6
14.709999999999999 4.38 -1.5574490477551892e-6
14.709999999999999 4.4 -4.305076576733188e-9
14.709999999999999 4.42 -1.1614476276395317e-9
14.709999999999999 4.4399999999999995 -3.272952156807317e-9
14.709999999999999 4.46 -7.984684429841399e-10
14.709999999999999 4.48 -1.1594144809708007e-11
14.709999999999999 4.5 -2.7891062900632022e-14
14.709999999999999 4.52 -2.8097698427145933e-16
14.709999999999999 4.54 -2.1774156069223348e-17
14.709999999999999 4.5600000000000005 -1.9549353447060805e-18
14.709999999999999 4.58 -8.390821906651947e-19
14.709999999999999 4.6 8.541510958619384e-20
14.709999999999999 4.620000000000001 -4.756242591163951e-19
14.709999999999999 4.64 6.670808237708071e-19
14.709999999999999 4.659999999999999 2.1413750581807388e-19
14.709999999999999 4.680000000000001 -3.330395366104194e-18
14.955 3.46 1.1758416265800093e-17
14.955 3.4800000000000004 3.8427653444929645e-18
14.955 3.5 -1.6223943131033984e-18
14.955 3.5199999999999996 7.482263923033021e-18
14.955 3.54 -3.7031233130869405e-18
14.955 3.5600000000000005 2.477686336476609e-18
14.955 3.58 9.552912271786398e-18
14.955 3.5999999999999996 7.317344792025702e-18
14.955 3.62 5.1820401806533215e-18
14.955 3.64 -2.135769336601337e-18
14.955 3.66 3.516564386228675e-18
14.955 3.6799999999999997 2.190205332823992e-18
14.955 3.7 -2.4870927545921846e-17
14.955 3.7199999999999998 4.576190215426761e-15
14.955 3.74 2.573775865658444e-12
14.955 3.76 6.04220019745267e-10
14.955 3.7800000000000002 6.021769132847216e-7
14.955 3.8 -7.478122377683293e-5
14.955 3.8200000000000003 -0.00032145708954488977
14.955 3.8400000000000003 9.25522246005874e-5
14.955 3.8600000000000003 0.0004997364574543474
14.955 3.8800000000000003 0.0055522943632511125
14.955 3.9000000000000004 0.014786941973007338
14.955 3.9200000000000004 0.022066323204746684
14.955 3.9399999999999995 0.04311098086443137
14.955 3.96 0.08412493464115332
14.955 3.9800000000000004 0.11014358753389662
14.955 4.0 0.20574814260177154
14.955 4.02 0.1603426203551552
14.955 4.04 0.2302457255757756
14.955 4.0600000000000005 0.33915162604149335
14.955 4.08 0.499329752998424
14.955 4.1 0.42236300248304975
14.955 4.12 0.40780087238480384
14.955 4.14 0.31026253884791166
14.955 4.16 0.33988745543061083
14.955 4.18 0.3422100904693361
14.955 4.2 0.2778685755902819
14.955 4.22 0.09628038347942536
14.955 4.24 0.03828646714712229
14.955 4.26 0.008075527414557677
14.955 4.28 0.001822500629411659
14.955 4.3 0.0012253909417436477
14.955 4.32 -1.5414416579625137e-5
14.955 4.34 2.4048188199465047e-6
14.955 4.36 -4.345092935625563e-6
14.955 4.38 -2.3704192858732492e-6
14.955 4.4 3.64486790411397e-8
14.955 4.42 -1.9738933185440765e-9
14.955 4.4399999999999995 -4.543480251648533e-9
14.955 4.46 -1.184821520127627e-9
14.955 4.48 -1.7130139098331382e-11
14.955 4.5 -3.9254462515099376e-14
14.955 4.52 -8.478319249154193e-16
14.955 4.54 -7.148998819906818e-17
14.955 4.5600000000000005 -7.08199292146811e-19
14.955 4.58 -1.1443941648478172e-18
14.955 4.6 2.916519434394817e-20
14.955 4.620000000000001 -6.250255224996353e-18
14.955 4.64 9.746171210937012e-18
14.955 4.659999999999999 -5.807771582746119e-20
14.955 4.680000000000001 -9.919271967788698e-18
15.2 3.46 2.560445046679643e-17
15.2 3.4800000000000004 1.8921472684749977e-17
15.2 3.5 -1.3736484266780544e-17
15.2 3.5199999999999996 2.27428692441208e-17
15.2 3.54 -1.7513248480288137e-17
15.2 3.5600000000000005 4.8014273729572224e-18
15.2 3.58 3.623042772464143e-17
15.2 3.5999999999999996 1.7315680293823322e-17
15.2 3.62 6.637440153075348e-17
15.2 3.64 -4.9785062557183275e-17
15.2 3.66 6.302192346022579e-18
15.2 3.6799999999999997 3.0495593077862197e-17
15.2 3.7 -9.210116877223217e-17
15.2 3.7199999999999998 1.8880146439359258e-14
15.2 3.74 6.7664765670310766e-12
15.2 3.76 1.6393141887462244e-9
15.2 3.7800000000000002 2.519901781299429e-6
15.2 3.8 4.839104213462173e-5
15.2 3.8200000000000003 -0.0005424035870001565
15.2 3.8400000000000003 0.0002479581762577257
15.2 3.8600000000000003 0.006437296174160856
15.2 3.8800000000000003 0.023562245990456043
15.2 3.9000000000000004 0.061915210795636035
15.2 3.9200000000000004 0.11758483542471455
15.2 3.9399999999999995 0.21388521932833
15.2 3.96 0.29556283025064856
15.2 3.9800000000000004 0.4174223723653517
15.2 4.0 0.5493630298762414
15.2 4.02 0.747194757974461
15.2 4.04 0.9639441728457315
15.2 4.0600000000000005 1.1156884345177034
15.2 4.08 1.1866002878858937
15.2 4.1 1.0906369248995007
15.2 4.12 0.9164241983497213
15.2 4.14 0.8303136604175597
15.2 4.16 0.6569351001098118
15.2 4.18 0.562677079404611
15.2 4.2 0.3605854729082573
15.2 4.22 0.23532156070096596
15.2 4.24 0.06977752854573413
15.2 4.26 0.0031015263776450184
15.2 4.28 -0.00039785593219092625
15.2 4.3 -0.00020262596981582035
15.2 4.32 -3.130581538131952e-5
15.2 4.34 1.6327768518152273e-6
15.2 4.36 -4.751796263422348e-6
15.2 4.38 -2.780123229963775e-6
15.2 4.4 -3.05648606455614e-8
15.2 4.42 -2.5940020430952473e-9
15.2 4.4399999999999995 -4.476219497709027e-9
15.2 4.46 -1.1636959635369457e-9
15.2 4.48 -1.6792564679905956e-11
15.2 4.5 -3.855127349864478e-14
15.2 4.52 -6.156807399265191e-16
15.2 4.54 -4.878590214178681e-17
15.2 4.5600000000000005 9.294859450343491e-18
15.2 4.58 -4.349791483600796e-18
15.2 4.6 2.4286440498613897e-17
15.2 4.620000000000001 -8.678550340103438e-18
15.2 4.64 9.904756716884993e-18
15.2 4.659999999999999 -9.745160132468858e-18
15.2 4.680000000000001 -2.338727016700872e-18
15.445 3.46 -8.777689083261239e-17
15.445 3.4800000000000004 7.13944507656261e-17
15.445 3.5 -3.086072126624771e-17
15.445 3.5199999999999996 -2.009442257922629e-17
15.445 3.54 1.3472664169701178e-17
15.445 3.5600000000000005 1.7047132360994373e-17
15.445 3.58 1.719296536782514e-16
15.445 3.5999999999999996 2.0686857322078458e-17
15.445 3.62 -2.3356568682759755e-16
15.445 3.64 -3.8226829414958207e-17
15.445 3.66 -7.988472369263504e-17
15.445 3.6799999999999997 1.2575017540136283e-16
15.445 3.7 1.2927790802162377e-15
15.445 3.7199999999999998 1.0602636630744984e-13
15.445 3.74 3.931573393317095e-11
15.445 3.76 1.1822236128919593e-8
15.445 3.7800000000000002 1.1569685725700828e-5
15.445 3.8 -0.00036365653988236805
15.445 3.8200000000000003 -0.0009398052429009413
15.445 3.8400000000000003 0.007076039550846126
15.445 3.8600000000000003 0.015756652603975824
15.445 3.8800000000000003 0.05879939552708459
15.445 3.9000000000000004 0.21636344508309086
15.445 3.9200000000000004 0.37664079184453697
15.445 3.9399999999999995 0.5187325769337221
15.445 3.96 0.6299278573402312
15.445 3.9800000000000004 0.9752242442431633
15.445 4.0 1.4178837901204526
15.445 4.02 1.7339483009592176
15.445 4.04 1.558889166008035
15.445 4.0600000000000005 1.467008826691985
15.445 4.08 1.400002166487463
15.445 4.1 1.3285698494964469
15.445 4.12 1.2156171673367
15.445 4.14 0.8693684802475298
15.445 4.16 0.6400793068557662
15.445 4.18 0.36206060681759644
15.445 4.2 0.051542797644342636
15.445 4.22 0.007065871484353999
15.445 4.24 0.0007131098259532235
15.445 4.26 -0.0004781838966994843
15.445 4.28 -0.0004169714369085081
15.445 4.3 -0.00019669953536740803
15.445 4.32 -5.356516342952541e-5
15.445 4.34 1.5071265690502884e-6
15.445 4.36 -3.58120606380471e-6
15.445 4.38 -1.8519972463382103e-6
15.445 4.4 5.8983844912973923e-8
15.445 4.42 -1.1890574969623492e-9
15.445 4.4399999999999995 -4.008177562070124e-9
15.445 4.46 -1.0463328823220534e-9
15.445 4.48 -1.5385171308434934e-11
15.445 4.5 -3.70699740578756e-14
15.445 4.52 -7.821468634286212e-16
15.445 4.54 -6.787407110428304e-17
15.445 4.5600000000000005 8.296276630604361e-18
15.445 4.58 -2.1682019745779104e-17
15.445 4.6 4.461161208691493e-17
15.445 4.620000000000001 4.361205694545857e-17
15.445 4.64 2.3758835335476844e-17
15.445 4.659999999999999 -2.164105158477076e-17
15.445 4.680000000000001 -3.4414920629769665e-17
15.69 3.46 -3.196779210215374e-17
15.69 3.4800000000000004 6.90903598563976e-17
15.69 3.5 4.279822100952595e-17
15.69 3.5199999999999996 -4.136307660691763e-17
15.69 3.54 -8.186448795407715e-18
15.69 3.5600000000000005 1.0586308697835439e-17
15.69 3.58 -2.284116281682207e-17
15.69 3.5999999999999996 2.986195397795593e-17
15.69 3.62 -1.5513409779318858e-16
15.69 3.64 -1.4136051629735998e-16
15.69 3.66 -3.2735565332358156e-17
15.69 3.6799999999999997 7.26848492764753e-16
15.69 3.7 1.2918441872345124e-14
15.69 3.7199999999999998 3.881958411144009e-13
15.69 3.74 1.6278048412188005e-10
15.69 3.76 5.822180815858325e-8
15.69 3.7800000000000002 6.395641512927396e-5
15.69 3.8 -0.00028234518148971023
15.69 3.8200000000000003 0.0027543192684853723
15.69 3.8400000000000003 0.025352791926092043
15.69 3.8600000000000003 0.09909164232954246
15.69 3.8800000000000003 0.30862140576962
15.69 3.9000000000000004 0.48972827064803376
15.69 3.9200000000000004 0.685742794137872
15.69 3.9399999999999995 0.9191089337174155
15.69 3.96 1.201018858988772
15.69 3.9800000000000004 1.4842362933685194
15.69 4.0 1.6293842203916995
15.69 4.02 1.639498446992102
15.69 4.04 1.5045813179438943
15.69 4.0600000000000005 1.3488182298450173
15.69 4.08 1.2065298098674446
15.69 4.1 0.980543891146797
15.69 4.12 0.7401052692940584
15.69 4.14 0.18734812253434238
15.69 4.16 0.018946608535377694
15.69 4.18 -0.006699062488336874
15.69 4.2 0.008084539667861783
15.69 4.22 2.1351814188573362e-5
15.69 4.24 -0.0008767777296221846
15.69 4.26 -0.0009285873969348172
15.69 4.28 8.198032494497521e-5
15.69 4.3 -5.056651372886372e-5
15.69 4.32 -3.192883143823523e-5
15.69 4.34 1.620287934124545e-7
15.69 4.36 9.58003784260148e-6
15.69 4.38 6.547502624610401e-6
15.69 4.4 2.655383971902745e-7
15.69 4.42 5.521219892067965e-9
15.69 4.4399999999999995 8.70916949431299e-9
15.69 4.46 2.256172891396731e-9
15.69 4.48 3.262444484886323e-11
15.69 4.5 7.654843172969511e-14
15.69 4.52 2.4089392128262984e-16
15.69 4.54 6.090951600149645e-17
15.69 4.5600000000000005 -1.1876610008041916e-17
15.69 4.58 -3.3286989054697126e-18
15.69 4.6 4.575993591003202e-18
15.69 4.620000000000001 -2.7223094694812308e-17
15.69 4.64 6.810145650703832e-17
15.69 4.659999999999999 -4.2146784466151384e-17
15.69 4.680000000000001 -8.428217243070232e-18
15.935 3.46 -2.3049993253656315e-17
15.935 3.4800000000000004 1.1567425190126615e-17
15.935 3.5 2.5724645073222316e-17
15.935 3.5199999999999996 6.547609104589272e-18
15.935 3.54 -2.6771204300028694e-17
15.935 3.5600000000000005 3.9234264868718016e-17
15.935 3.58 2.352519755707478e-17
15.935 3.5999999999999996 2.7641923212064843e-17
15.935 3.62 1.732154313068505e-17
15.935 3.64 -1.2464313092338557e-16
15.935 3.66 2.82949872737742e-17
15.935 3.6799999999999997 1.5665210963981554e-15
15.935 3.7 8.920834470639797e-15
15.935 3.7199999999999998 7.163969730061903e-13
15.935 3.74 4.514638459305517e-10
15.935 3.76 1.1865185670936874e-7
15.935 3.7800000000000002 0.00013576359344980466
15.935 3.8 0.0002752554985613162
15.935 3.8200000000000003 -0.0006691370064991173
15.935 3.8400000000000003 0.05595890438331409
15.935 3.8600000000000003 0.22520998793904456
15.935 3.8800000000000003 0.3690209726228502
15.935 3.9000000000000004 0.5240334822032204
15.935 3.9200000000000004 0.7162067406345834
15.935 3.9399999999999995 1.016838986176032
15.935 3.96 1.1655798390136614
15.935 3.9800000000000004 1.1451245080804309
15.935 4.0 1.0216592496344918
15.935 4.02 0.9111618754364149
15.935 4.04 0.918970856313426
15.935 4.0600000000000005 0.7027045349557263
15.935 4.08 0.39661057311391945
15.935 4.1 0.11265475771346083
15.935 4.12 0.012775084587686395
15.935 4.14 0.0008331734059134308
15.935 4.16 -0.0014327471722552845
15.935 4.18 0.0022740795399934692
15.935 4.2 -0.00028890582216046633
15.935 4.22 -0.001025271460552763
15.935 4.24 0.0015314512183618504
15.935 4.26 0.0008385030259690629
15.935 4.28 -0.0002947129303599546
15.935 4.3 -0.00026904141797917626
15.935 4.32 -4.250277984628083e-5
15.935 4.34 7.729589940022807e-6
15.935 4.36 1.3345182083920487e-5
15.935 4.38 9.694969244036904e-6
15.935 4.4 1.7562402916490936e-7
15.935 4.42 -2.7756166894437735e-10
15.935 4.4399999999999995 1.7771588649393704e-8
15.935 4.46 4.634712957659848e-9
15.935 4.48 6.914076993426898e-11
15.935 4.5 1.7693230166507628e-13
15.935 4.52 2.755860632636745e-16
15.935 4.54 -5.480293273621663e-17
15.935 4.5600000000000005 4.891409046454104e-19
15.935 4.58 5.570245236863255e-19
15.935 4.6 -1.9030332209071226e-17
15.935 4.620000000000001 3.9573872743092186e-19
15.935 4.64 2.0585825994716453e-17
15.935 4.659999999999999 -5.43538012353006e-17
15.935 4.680000000000001 -3.787842162756986e-18
16.18 3.46 -1.1181619659936633e-17
16.18 3.4800000000000004 -1.6964596612119428e-17
16.18 3.5 1.7222078231522977e-17
16.18 3.5199999999999996 4.0016355595655827e-17
16.18 3.54 1.6074557494087488e-17
16.18 3.5600000000000005 -1.8514605928486098e-18
16.18 3.58 8.744279258478013e-18
16.18 3.5999999999999996 -4.260171380057258e-18
16.18 3.62 2.879486684686354e-17
16.18 3.64 -2.405278764821948e-17
16.18 3.66 3.3061871175213697e-17
16.18 3.6799999999999997 8.802265019494071e-16
16.18 3.7 3.774904315079384e-15
16.18 3.7199999999999998 4.561824652817806e-13
16.18 3.74 4.2528495056051964e-10
16.18 3.76 6.938231110936853e-8
16.18 3.7800000000000002 7.925624680901358e-5
16.18 3.8 0.000314590442366326
16.18 3.8200000000000003 0.009041360241729053
16.18 3.8400000000000003 0.0651887165194546
16.18 3.8600000000000003 0.14517459111513067
16.18 3.8800000000000003 0.21769824592747197
16.18 3.9000000000000004 0.29303921262046134
16.18 3.9200000000000004 0.4605186839135612
16.18 3.9399999999999995 0.5011104907249441
16.18 3.96 0.45759898027814655
16.18 3.9800000000000004 0.4276471035341066
16.18 4.0 0.42253095299907256
16.18 4.02 0.34131753537168824
16.18 4.04 0.25886008169863944
16.18 4.0600000000000005 0.05251436973921396
16.18 4.08 -0.0001144895691389601
16.18 4.1 0.006006812393647094
16.18 4.12 0.006650046746912438
16.18 4.14 0.0014427592030252327
16.18 4.16 0.0009616214761294681
16.18 4.18 -0.0030170345691564386
16.18 4.2 0.0035472044934149885
16.18 4.22 -0.002322966229845004
16.18 4.24 0.00029098648275728393
16.18 4.26 0.0004895673494869405
16.18 4.28 0.00024298203405652077
16.18 4.3 1.529399472552313e-5
16.18 4.32 1.7238878374390943e-5
16.18 4.34 5.034419826947791e-6
16.18 4.36 2.1384012262255976e-5
16.18 4.38 1.4333043213468096e-5
16.18 4.4 1.4876305199078865e-7
16.18 4.42 2.327070723331359e-9
16.18 4.4399999999999995 2.6457006853783623e-8
16.18 4.46 6.901506301366392e-9
16.18 4.48 1.018657256202023e-10
16.18 4.5 2.519477304907527e-13
16.18 4.52 1.4461481264420843e-15
16.18 4.54 7.506794876673082e-17
16.18 4.5600000000000005 1.5574103418899236e-18
16.18 4.58 -6.1017089105093115e-18
16.18 4.6 -7.042952419734544e-18
16.18 4.620000000000001 -1.0748003964639297e-19
16.18 4.64 -2.5987844534947093e-18
16.18 4.659999999999999 -5.475680942815443e-17
16.18 4.680000000000001 2.6560367781721817e-18
16.425 3.46 -9.41163072135731e-19
16.425 3.4800000000000004 -9.834735582598784e-18
16.425 3.5 8.250270215143678e-18
16.425 3.5199999999999996 6.763846488915609e-18
16.425 3.54 -1.0801475089631813e-17
16.425 3.5600000000000005 -5.6464119711579185e-18
16.425 3.58 -1.6026001756901462e-17
16.425 3.5999999999999996 -8.671151028328006e-18
16.425 3.62 9.545534988306361e-18
16.425 3.64 -5.193854367744844e-18
16.425 3.66 1.7870224719611986e-17
16.425 3.6799999999999997 1.0209269911437568e-16
16.425 3.7 6.016082472398907e-17
16.425 3.7199999999999998 1.1641612553414644e-13
16.425 3.74 2.6139128046344627e-10
16.425 3.76 9.284413846545516e-9
16.425 3.7800000000000002 6.756710253296777e-6
16.425 3.8 -0.0005559385383320928
16.425 3.8200000000000003 0.00348376824785543
16.425 3.8400000000000003 0.027281494695480375
16.425 3.8600000000000003 0.06452655623167501
16.425 3.8800000000000003 0.03970614637173036
16.425 3.9000000000000004 0.09511219711707763
16.425 3.9200000000000004 0.10493834303966641
16.425 3.9399999999999995 0.10208634342493929
16.425 3.96 0.09706327919934041
16.425 3.9800000000000004 0.0978267759314116
16.425 4.0 0.11221410110751907
16.425 4.02 0.0013288615067513756
16.425 4.04 0.03370702594949048
16.425 4.0600000000000005 0.025893100592467647
16.425 4.08 0.007001556531317547
16.425 4.1 -0.010981777409500218
16.425 4.12 -0.005339253950166124
16.425 4.14 0.011816193412068828
16.425 4.16 0.004742587425231199
16.425 4.18 -0.00762869203529721
16.425 4.2 0.0036842088926496734
16.425 4.22 0.000753467237515475
16.425 4.24 0.0012391955201470394
16.425 4.26 -0.0003612100258414923
16.425 4.28 -0.0007739880413938168
16.425 4.3 -0.0003760646982421213
16.425 4.32 -8.387518731602061e-5
16.425 4.34 7.0245138914350394e-6
16.425 4.36 2.994319495955248e-6
16.425 4.38 3.1891547407951408e-6
16.425 4.4 5.8579834100818175e-8
16.425 4.42 -4.890319040133562e-9
16.425 4.4399999999999995 7.090031023322891e-9
16.425 4.46 1.8610656257092632e-9
16.425 4.48 2.800290124751271e-11
16.425 4.5 7.402487289966815e-14
16.425 4.52 -7.440325872464131e-16
16.425 4.54 -8.881467742877815e-17
16.425 4.5600000000000005 -3.0588474383534444e-18
16.425 4.58 -2.1029108050358886e-18
16.425 4.6 -3.365681746760292e-18
16.425 4.620000000000001 -3.2343178212994214e-18
16.425 4.64 4.261134934904975e-19
16.425 4.659999999999999 -4.141630039916837e-17
16.425 4.680000000000001 2.431151217775501e-18
16.67 3.46 -1.1285734558402486e-18
16.67 3.4800000000000004 -8.911584320184443e-19
16.67 3.5 1.2908457779238274e-18
16.67 3.5199999999999996 5.701603737092977e-19
16.67 3.54 -1.461358357966133e-18
16.67 3.5600000000000005 -7.028560306673897e-19
16.67 3.58 -3.980193019800384e-18
16.67 3.5999999999999996 -2.3620958340163647e-18
16.67 3.62 1.3961191680911007e-18
16.67 3.64 -1.442230361055379e-18
16.67 3.66 2.0640266819131826e-18
16.67 3.6799999999999997 6.545083653329002e-18
16.67 3.7 -2.919399823941628e-16
16.67 3.7199999999999998 1.5796188649362357e-14
16.67 3.74 4.1659273050014973e-11
16.67 3.76 8.203560835949881e-10
16.67 3.7800000000000002 4.0951673263589763e-7
16.67 3.8 -0.00010503884405252024
16.67 3.8200000000000003 -0.0002449344780302174
16.67 3.8400000000000003 0.004089564457658154
16.67 3.8600000000000003 0.009003886858520637
16.67 3.8800000000000003 0.0066882610213003
16.67 3.9000000000000004 0.008097905598599504
16.67 3.9200000000000004 0.008874408888656723
16.67 3.9399999999999995 0.010956515190804195
16.67 3.96 0.014946751757454947
16.67 3.9800000000000004 0.0077879617606638404
16.67 4.0 0.009476369499591901
16.67 4.02 -0.008286410702618473
16.67 4.04 0.0039446303356907774
16.67 4.0600000000000005 0.00943221183826007
16.67 4.08 0.005031674375685555
16.67 4.1 0.002604429601721821
16.67 4.12 0.0017012401698000158
16.67 4.14 0.006610977315787538
16.67 4.16 0.0017565082391445628
16.67 4.18 -0.0025474725135487142
16.67 4.2 0.002982490348042521
16.67 4.22 -0.00017274103559964288
16.67 4.24 -0.00017229049930842308
16.67 4.26 -0.0003121344549360713
16.67 4.28 5.639953019544912e-5
16.67 4.3 5.0903542651870715e-5
16.67 4.32 8.961496397551622e-6
16.67 4.34 -3.6376182447707783e-7
16.67 4.36 1.7777099227293662e-6
16.67 4.38 1.1194366001070216e-6
16.67 4.4 -2.4419045236236466e-8
16.67 4.42 -3.1340696782040323e-10
16.67 4.4399999999999995 2.498844928399779e-9
16.67 4.46 6.558777084040263e-10
16.67 4.48 9.467528701347835e-12
16.67 4.5 2.1820211349967253e-14
16.67 4.52 2.17198294884383e-16
16.67 4.54 1.6485380229791414e-17
16.67 4.5600000000000005 6.52053226628072e-20
16.67 4.58 -2.376340944563409e-19
16.67 4.6 -3.296396952708534e-19
16.67 4.620000000000001 -1.0305603892723604e-18
16.67 4.64 -1.4941304426195074e-19
16.67 4.659999999999999 -6.286176004868494e-18
16.67 4.680000000000001 4.964944010719761e-19
16.915 3.46 -2.633235210386305e-19
16.915 3.4800000000000004 7.706248110999015e-20
16.915 3.5 8.869843600024911e-21
16.915 3.5199999999999996 -3.202201529913612e-20
16.915 3.54 -4.753779037495832e-20
16.915 3.5600000000000005 1.7937843213298933e-20
16.915 3.58 -2.894531083755077e-19
16.915 3.5999999999999996 -1.2543125581128677e-19
16.915 3.62 1.8553117877817774e-19
16.915 3.64 -1.013796175265634e-19
16.915 3.66 -8.134760083225183e-20
16.915 3.6799999999999997 6.890676566646609e-19
16.915 3.7 -3.8184866978985997e-17
16.915 3.7199999999999998 -1.728294718420006e-16
16.915 3.74 -3.922972129091848e-12
16.915 3.76 5.8204343590810324e-11
16.915 3.7800000000000002 2.821699699720753e-7
16.915 3.8 5.179845893737808e-6
16.915 3.8200000000000003 -9.038628013721793e-5
16.915 3.8400000000000003 -8.494234368551208e-6
16.915 3.8600000000000003 9.348723044009979e-5
16.915 3.8800000000000003 0.00047066179843611414
16.915 3.9000000000000004 0.0008537033161597042
16.915 3.9200000000000004 0.0007036734329636577
16.915 3.9399999999999995 -0.0001829927060893022
16.915 3.96 0.001270403818771933
16.915 3.9800000000000004 -8.255371594986594e-5
16.915 4.0 3.502016512081568e-5
16.915 4.02 -0.0010917081978288601
16.915 4.04 0.0004443840771236797
16.915 4.0600000000000005 0.001480958554884469
16.915 4.08 0.0011314234718155076
16.915 4.1 0.0008215100518402593
16.915 4.12 0.0003211348804969204
16.915 4.14 0.0009403221084701435
16.915 4.16 0.00036844431292614387
16.915 4.18 -0.00038185513292388176
16.915 4.2 0.00020194300167332492
16.915 4.22 -5.180650271387275e-5
16.915 4.24 -5.442738943739863e-5
16.915 4.26 -4.150318683557911e-5
16.915 4.28 2.0824580365362145e-5
16.915 4.3 2.2112123592693823e-5
16.915 4.32 4.949574301705504e-6
16.915 4.34 -3.688734400069353e-7
16.915 4.36 -5.371909509924998e-7
16.915 4.38 -4.0618619375268165e-7
16.915 4.4 -2.243362290708124e-8
16.915 4.42 -2.7625448229615004e-10
16.915 4.4399999999999995 -5.180987403806581e-10
16.915 4.46 -1.3365775132773473e-10
16.915 4.48 -2.0078555182040135e-12
16.915 4.5 -5.2818905755970985e-15
16.915 4.52 2.4477159637927675e-17
16.915 4.54 3.915375808232685e-18
16.915 4.5600000000000005 7.887302117682152e-20
16.915 4.58 -9.640702761573323e-21
16.915 4.6 -4.138971004943741e-21
16.915 4.620000000000001 2.8343840869147537e-20
16.915 4.64 -7.567145747470428e-21
16.915 4.659999999999999 5.855287453051754e-19
16.915 4.680000000000001 2.5282235507296158e-20
17.895 3.46 -1.4802245331812163e-23
17.895 3.4800000000000004 3.862203090842982e-23
17.895 3.5 -3.852522272877006e-23
17.895 3.5199999999999996 -4.580460640760582e-23
17.895 3.54 3.0113090335785525e-23
17.895 3.5600000000000005 1.0295243742972839e-23
17.895 3.58 2.6033037069924934e-23
17.895 3.5999999999999996 2.89768615754315e-23
17.895 3.62 6.234032748389611e-23
17.895 3.64 1.848202813074156e-23
17.895 3.66 -8.474082580078409e-23
17.895 3.6799999999999997 1.1057690120950608e-22
17.895 3.7 6.237678199576482e-22
17.895 3.7199999999999998 -7.871368425249308e-19
17.895 3.74 -3.16881113383994e-15
17.895 3.76 -1.1066269983761164e-15
17.895 3.7800000000000002 1.3258914674384792e-10
17.895 3.8 6.296183810178255e-9
17.895 3.8200000000000003 7.116237208934594e-9
17.895 3.8400000000000003 -9.78488870268397e-9
17.895 3.8600000000000003 -1.3199480932465474e-7
17.895 3.8800000000000003 1.501887354100328e-7
17.895 3.9000000000000004 4.75838627188078e-7
17.895 3.9200000000000004 2.721483678661794e-8
17.895 3.9399999999999995 -1.800284602664315e-7
17.895 3.96 -1.3915839451770668e-7
17.895 3.9800000000000004 -2.8947560663445713e-7
17.895 4.0 -3.913426701925802e-8
17.895 4.02 1.029686733605362e-8
17.895 4.04 1.7072236620328852e-8
17.895 4.0600000000000005 -3.451276455531313e-8
17.895 4.08 -6.90730317599944e-8
17.895 4.1 1.88930055990618e-8
17.895 4.12 2.2802046484875402e-9
17.895 4.14 -3.723658662001625e-8
17.895 4.16 -8.44356187701699e-9
17.895 4.18 -3.5494055658963416e-9
17.895 4.2 -1.1996831602687671e-8
17.895 4.22 -5.6970276527794255e-9
17.895 4.24 -1.2648186599034471e-9
17.895 4.26 1.873571216913339e-9
17.895 4.28 1.2338678067784328e-9
17.895 4.3 5.772442529146077e-10
17.895 4.32 1.6489046169235967e-10
17.895 4.34 -3.866207600328185e-12
17.895 4.36 7.104426837327098e-12
17.895 4.38 2.9456296605427263e-12
17.895 4.4 -1.6207337106842816e-13
17.895 4.42 4.379182294834063e-15
17.895 4.4399999999999995 5.672586208607761e-15
17.895 4.46 1.4741754474932547e-15
17.895 4.48 2.1863017228838744e-17
17.895 4.5 5.328214284600764e-20
17.895 4.52 2.1209895019442983e-21
17.895 4.54 1.5539680858825317e-22
17.895 4.5600000000000005 1.5680566138100043e-23
17.895 4.58 -2.3143959693389316e-24
17.895 4.6 -1.1758406623764556e-25
17.895 4.620000000000001 6.927795696456636e-23
17.895 4.64 -2.0974779833966135e-24
17.895 4.659999999999999 4.680991528670567e-22
17.895 4.680000000000001 -2.9983683849362815e-23
18.14 3.46 -1.5167091898333291e-25
18.14 3.4800000000000004 -4.03252840666621e-25
18.14 3.5 4.8985206176211075e-25
18.14 3.5199999999999996 -5.591048350074279e-25
18.14 3.54 -1.322118715718223e-25
18.14 3.5600000000000005 -1.4889314928147392e-24
18.14 3.58 3.4682147839791105e-24
18.14 3.5999999999999996 3.5206318811760376e-24
18.14 3.62 4.502239869050986e-27
18.14 3.64 -3.577773044586181e-25
18.14 3.66 -3.5032112966337258e-25
18.14 3.6799999999999997 4.821834427444947e-24
18.14 3.7 -1.9001032708064438e-22
18.14 3.7199999999999998 3.570890198380295e-21
18.14 3.74 -2.247844433626151e-18
18.14 3.76 4.309773777500747e-16
18.14 3.7800000000000002 5.717952762936357e-13
18.14 3.8 -6.731639418169064e-12
18.14 3.8200000000000003 -9.410914031940615e-10
18.14 3.8400000000000003 -1.0108988514662322e-9
18.14 3.8600000000000003 8.644052242986075e-10
18.14 3.8800000000000003 -2.38744105559074e-9
18.14 3.9000000000000004 4.290034351508138e-10
18.14 3.9200000000000004 4.600643879238454e-9
18.14 3.9399999999999995 -2.6385007803127455e-9
18.14 3.96 3.408466995937245e-9
18.14 3.9800000000000004 4.080548324758946e-11
18.14 4.0 4.8047898915448144e-9
18.14 4.02 3.4337468409497237e-9
18.14 4.04 1.308384533636338e-8
18.14 4.0600000000000005 1.790709699964393e-8
18.14 4.08 2.6467876175354223e-8
18.14 4.1 4.372164300741158e-8
18.14 4.12 3.722157200712635e-8
18.14 4.14 3.178881329894764e-8
18.14 4.16 2.7640068483850802e-8
18.14 4.18 3.062851265527144e-8
18.14 4.2 2.1706860621825523e-8
18.14 4.22 1.4371919602521402e-8
18.14 4.24 6.855289143927397e-9
18.14 4.26 1.0592155539082494e-8
18.14 4.28 1.0610681878126373e-8
18.14 4.3 5.4586543661207585e-9
18.14 4.32 2.42273324114724e-9
18.14 4.34 1.1643737694190026e-9
18.14 4.36 1.4963492074205027e-9
18.14 4.38 9.592175990076308e-10
18.14 4.4 3.386784781455419e-11
18.14 4.42 5.786816222018092e-13
18.14 4.4399999999999995 1.9897705022698294e-13
18.14 4.46 4.9217650300647264e-14
18.14 4.48 7.885011846929808e-16
18.14 4.5 2.9205611184684913e-18
18.14 4.52 4.654789894312382e-20
18.14 4.54 3.0829289192528797e-21
18.14 4.5600000000000005 5.845625929236671e-23
18.14 4.58 1.0382637178138442e-24
18.14 4.6 3.642098308772804e-25
18.14 4.620000000000001 -8.922008860436104e-25
18.14 4.64 5.417678142657455e-25
18.14 4.659999999999999 -7.829058703909574e-25
18.14 4.680000000000001 -1.0359473196744453e-25
18.385 3.46 1.4884225904554927e-24
18.385 3.4800000000000004 -8.431712164406113e-23
18.385 3.5 8.505423506746923e-23
18.385 3.5199999999999996 -5.787495033126105e-23
18.385 3.54 -6.084710774417505e-23
18.385 3.5600000000000005 -7.234003007451779e-22
18.385 3.58 6.578586803200747e-22
18.385 3.5999999999999996 7.786444428990143e-22
18.385 3.62 6.649923539401691e-23
18.385 3.64 -8.24803875314873e-23
18.385 3.66 -7.974351760057338e-23
18.385 3.6799999999999997 6.863229146354803e-22
18.385 3.7 -2.4347263191647683e-20
18.385 3.7199999999999998 6.00638036148526e-19
18.385 3.74 1.1257069522496986e-16
18.385 3.76 6.130878129800817e-14
18.385 3.7800000000000002 6.690566778195139e-11
18.385 3.8 -1.8838622077547533e-9
18.385 3.8200000000000003 -1.215232845512173e-7
18.385 3.8400000000000003 -1.2180150689718913e-7
18.385 3.8600000000000003 1.513728529405081e-7
18.385 3.8800000000000003 -3.291125968715499e-7
18.385 3.9000000000000004 9.493899850254358e-8
18.385 3.9200000000000004 6.634288677709568e-7
18.385 3.9399999999999995 -1.84600441184749e-8
18.385 3.96 8.535376698223402e-7
18.385 3.9800000000000004 4.016297004945182e-7
18.385 4.0 1.4113452158037531e-6
18.385 4.02 1.1194293508203033e-6
18.385 4.04 2.953097917801352e-6
18.385 4.0600000000000005 4.128472364177145e-6
18.385 4.08 5.357335343192668e-6
18.385 4.1 9.487844890370268e-6
18.385 4.12 8.31709725318516e-6
18.385 4.14 7.669172763314211e-6
18.385 4.16 7.167220035390983e-6
18.385 4.18 7.375253676746995e-6
18.385 4.2 6.162502349030393e-6
18.385 4.22 4.628459784745389e-6
18.385 4.24 2.484692040623093e-6
18.385 4.26 3.1136611650494443e-6
18.385 4.28 2.3416008370980383e-6
18.385 4.3 1.496171622304213e-6
18.385 4.32 8.754190903049386e-7
18.385 4.34 4.513238241415177e-7
18.385 4.36 3.6629304086214936e-7
18.385 4.38 1.7173238004926687e-7
18.385 4.4 6.330904826373006e-9
18.385 4.42 1.4983133390499802e-10
18.385 4.4399999999999995 3.780338927317012e-11
18.385 4.46 9.467843045441008e-12
18.385 4.48 1.6678133761703415e-13
18.385 4.5 7.867687330260879e-16
18.385 4.52 1.6419974214714233e-17
18.385 4.54 1.1257328627316073e-18
18.385 4.5600000000000005 2.1599860875856996e-20
18.385 4.58 2.0568673533148883e-22
18.385 4.6 7.923800262961951e-23
18.385 4.620000000000001 -2.8503151135658587e-22
18.385 4.64 4.9262933988485096e-23
18.385 4.659999999999999 -1.8122148487958207e-22
18.385 4.680000000000001 -6.188464438725704e-23
18.63 3.46 -3.345770637771608e-21
18.63 3.4800000000000004 -5.61617635669057e-21
18.63 3.5 5.0385492863330964e-21
18.63 3.5199999999999996 -1.3313517131164469e-20
18.63 3.54 -1.77723893098517e-20
18.63 3.5600000000000005 -5.457180065511022e-20
18.63 3.58 4.36625442732321e-20
18.63 3.5999999999999996 6.379751394911262e-20
18.63 3.62 1.1680620982784726e-20
18.63 3.64 -1.378595662440213e-20
18.63 3.66 -4.723707205939418e-21
18.63 3.6799999999999997 8.878700304810269e-20
18.63 3.7 -2.346943381404986e-18
18.63 3.7199999999999998 6.272557028501682e-17
18.63 3.74 7.457597967754593e-15
18.63 3.76 6.286607326746896e-12
18.63 3.7800000000000002 5.741910240900291e-9
18.63 3.8 -4.146335722233689e-7
18.63 3.8200000000000003 -1.3777654323812518e-5
18.63 3.8400000000000003 -1.5334950056770985e-5
18.63 3.8600000000000003 9.619638757038879e-6
18.63 3.8800000000000003 -2.2312429622242125e-5
18.63 3.9000000000000004 -2.656359452774665e-6
18.63 3.9200000000000004 5.072894199504498e-5
18.63 3.9399999999999995 3.4412546986347485e-6
18.63 3.96 6.293354847847886e-5
18.63 3.9800000000000004 5.341962467583368e-5
18.63 4.0 0.00018323565692475596
18.63 4.02 0.00018877806466787125
18.63 4.04 0.0002236920630186773
18.63 4.0600000000000005 0.0004285340548004972
18.63 4.08 0.00048034469251960314
18.63 4.1 0.0007446190548275748
18.63 4.12 0.0007085697552659872
18.63 4.14 0.0006517516658625136
18.63 4.16 0.0006600899526346577
18.63 4.18 0.0006274758421727607
18.63 4.2 0.0005320010900307968
18.63 4.22 0.0004378831174186712
18.63 4.24 0.00025670541819611064
18.63 4.26 0.000256664608923973
18.63 4.28 0.00015236172240344983
18.63 4.3 0.00010628939865970305
18.63 4.32 6.419110385108222e-5
18.63 4.34 3.7054421422862245e-5
18.63 4.36 2.5341632557512565e-5
18.63 4.38 9.035535534743112e-6
18.63 4.4 3.4880795647825556e-7
18.63 4.42 1.0738625509644612e-8
18.63 4.4399999999999995 3.979757021500596e-9
18.63 4.46 1.0117355427902943e-9
18.63 4.48 1.6865750347614634e-11
18.63 4.5 6.69594647721234e-14
18.63 4.52 1.292049257749534e-15
18.63 4.54 8.937647745286671e-17
18.63 4.5600000000000005 1.707303589643416e-18
18.63 4.58 1.363570432808618e-20
18.63 4.6 9.760501712717409e-21
18.63 4.620000000000001 -1.7128327810041133e-20
18.63 4.64 4.052777937969912e-21
18.63 4.659999999999999 -8.784287751725386e-21
18.63 4.680000000000001 -1.4029471343179304e-21
18.875 3.46 -2.0109062647023935e-19
18.875 3.4800000000000004 -4.082480529501787e-19
18.875 3.5 2.8473193382184467e-19
18.875 3.5199999999999996 -4.1196091911288688e-19
18.875 3.54 -6.738546000325674e-19
18.875 3.5600000000000005 -1.6877138032720815e-19
18.875 3.58 1.0843035939786472e-18
18.875 3.5999999999999996 1.4768470884455735e-18
18.875 3.62 4.52520786865643e-19
18.875 3.64 -3.9877938069372853e-19
18.875 3.66 -1.470562890794723e-19
18.875 3.6799999999999997 2.101925520216698e-18
18.875 3.7 -4.725330842059331e-17
18.875 3.7199999999999998 1.2795343681238039e-15
18.875 3.74 2.3488535939133047e-13
18.875 3.76 1.0798528344699144e-10
18.875 3.7800000000000002 8.545379159511372e-8
18.875 3.8 -4.09093683909996e-6
18.875 3.8200000000000003 -0.0003215672435054376
18.875 3.8400000000000003 -0.0004435881350123644
18.875 3.8600000000000003 0.00027666900911000296
18.875 3.8800000000000003 -0.0009291756533122645
18.875 3.9000000000000004 0.00037172045222292775
18.875 3.9200000000000004 0.0019786920949347404
18.875 3.9399999999999995 0.0010359993558141435
18.875 3.96 0.0032069277165566773
18.875 3.9800000000000004 0.0040118005121718625
18.875 4.0 0.007635458796836391
18.875 4.02 0.009337995669705565
18.875 4.04 0.009346366453102783
18.875 4.0600000000000005 0.016522426379479756
18.875 4.08 0.018380814591824935
18.875 4.1 0.023292617421447087
18.875 4.12 0.023006261839547845
18.875 4.14 0.021445539684746894
18.875 4.16 0.021152914593905735
18.875 4.18 0.018902109560439227
18.875 4.2 0.015029331313849892
18.875 4.22 0.012073479973580672
18.875 4.24 0.008487567195621942
18.875 4.26 0.005845049223361378
18.875 4.28 0.0030063522816741925
18.875 4.3 0.002286595778759312
18.875 4.32 0.0011598671120108088
18.875 4.34 0.0007041715573055243
18.875 4.36 0.00046689790228505524
18.875 4.38 0.00013457734802930073
18.875 4.4 5.3000869765620916e-6
18.875 4.42 2.0393320201038936e-7
18.875 4.4399999999999995 1.758449454289683e-7
18.875 4.46 4.461898573366585e-8
18.875 4.48 6.854806106354849e-10
18.875 4.5 1.9950213358212007e-12
18.875 4.52 2.459472066535668e-14
18.875 4.54 1.6172823291784064e-15
18.875 4.5600000000000005 3.0049482983088524e-17
18.875 4.58 3.2201377526965714e-19
18.875 4.6 3.3874179201757194e-19
18.875 4.620000000000001 2.6656346795455425e-20
18.875 4.64 1.6677695989310593e-19
18.875 4.659999999999999 -2.489825221059212e-19
18.875 4.680000000000001 9.335190596038666e-20
19.12 3.46 -3.9203763240603855e-19
19.12 3.4800000000000004 -7.632589864260349e-18
19.12 3.5 3.477013402521952e-18
19.12 3.5199999999999996 -4.892897107505637e-18
19.12 3.54 -1.0096812954330543e-17
19.12 3.5600000000000005 3.494143267248003e-18
19.12 3.58 3.672046170799233e-18
19.12 3.5999999999999996 1.708604827805199e-17
19.12 3.62 8.292421337745474e-18
19.12 3.64 -2.6948752142525154e-18
19.12 3.66 -4.0541549055145194e-18
19.12 3.6799999999999997 3.48271308037962e-18
19.12 3.7 4.951689194108048e-16
19.12 3.7199999999999998 -6.771518929274013e-15
19.12 3.74 2.294460422116701e-12
19.12 3.76 -7.900116723865358e-10
19.12 3.7800000000000002 -7.966847261517761e-7
19.12 3.8 0.00010923731557256372
19.12 3.8200000000000003 0.0013356947052532695
19.12 3.8400000000000003 0.0013375468731739403
19.12 3.8600000000000003 0.0015233782738525538
19.12 3.8800000000000003 -0.00045348616106657584
19.12 3.9000000000000004 0.016487479693021417
19.12 3.9200000000000004 0.018176721649982217
19.12 3.9399999999999995 0.04759201183093944
19.12 3.96 0.05966163259126034
19.12 3.9800000000000004 0.07825955998681727
19.12 4.0 0.11780056732115317
19.12 4.02 0.13951626170548534
19.12 4.04 0.17422801918918823
19.12 4.0600000000000005 0.19870778565891115
19.12 4.08 0.20818165752381598
19.12 4.1 0.25300441783996513
19.12 4.12 0.24270863572890777
19.12 4.14 0.2443860173198518
19.12 4.16 0.23433021512206337
19.12 4.18 0.19431717591540715
19.12 4.2 0.1643830229706689
19.12 4.22 0.12917043997925676
19.12 4.24 0.08843111500026238
19.12 4.26 0.05423107342711726
19.12 4.28 0.03176204044043785
19.12 4.3 0.03294225547911817
19.12 4.32 0.017668687941780347
19.12 4.34 0.00466586349759571
19.12 4.36 0.002362867365449938
19.12 4.38 0.000853099712618784
19.12 4.4 3.221352939921327e-5
19.12 4.42 1.4288564177830442e-6
19.12 4.4399999999999995 3.271785260778714e-6
19.12 4.46 8.320856240741697e-7
19.12 4.48 1.2689700609039728e-8
19.12 4.5 3.485740687007552e-11
19.12 4.52 1.9651956180006167e-13
19.12 4.54 7.404190632882392e-15
19.12 4.5600000000000005 1.0992384416890328e-16
19.12 4.58 2.7911851543798225e-18
19.12 4.6 -2.562523111294519e-19
19.12 4.620000000000001 -1.3243290436718711e-18
19.12 4.64 1.9428001100909132e-18
19.12 4.659999999999999 3.140949215488586e-19
19.12 4.680000000000001 -2.1261893281108837e-19
19.365 3.46 -9.480097070097494e-18
19.365 3.4800000000000004 -3.685077905781932e-17
19.365 3.5 1.0574278185986042e-17
19.365 3.5199999999999996 -3.110856987655243e-17
19.365 3.54 -6.105328921391809e-17
19.365 3.5600000000000005 7.019632586063458e-18
19.365 3.58 2.5823037635538566e-17
19.365 3.5999999999999996 1.2852890255615868e-16
19.365 3.62 4.759277290732703e-17
19.365 3.64 -1.9861178108662504e-17
19.365 3.66 -2.1920591936179625e-17
19.365 3.6799999999999997 1.7813389759763543e-16
19.365 3.7 7.76684237763165e-15
19.365 3.7199999999999998 3.848624260209803e-14
19.365 3.74 5.439063096435782e-11
19.365 3.76 6.703768014711715e-9
19.365 3.7800000000000002 6.487437443426811e-6
19.365 3.8 -0.00046427481530219206
19.365 3.8200000000000003 -0.0012505244375046508
19.365 3.8400000000000003 0.010218237518962362
19.365 3.8600000000000003 0.02391133807585458
19.365 3.8800000000000003 0.05536076507860968
19.365 3.9000000000000004 0.10519285314813796
19.365 3.9200000000000004 0.19595549323525618
19.365 3.9399999999999995 0.29020250399462594
19.365 3.96 0.42443856940577124
19.365 3.9800000000000004 0.5458738385711976
19.365 4.0 0.6937514549030275
19.365 4.02 0.8736924331032447
19.365 4.04 1.0391301285177996
19.365 4.0600000000000005 1.178840493885212
19.365 4.08 1.1627664905034794
19.365 4.1 1.2964541366732094
19.365 4.12 1.2386662265111688
19.365 4.14 1.1909155604353472
19.365 4.16 1.125625322094788
19.365 4.18 0.8949321027711234
19.365 4.2 0.8051195052769645
19.365 4.22 0.6385671996218591
19.365 4.24 0.436572513047454
19.365 4.26 0.33086844864711495
19.365 4.28 0.16614903330897368
19.365 4.3 0.1432241621686475
19.365 4.32 0.08019373367863863
19.365 4.34 0.01990515480134027
19.365 4.36 0.016054431710383937
19.365 4.38 0.00871304685453569
19.365 4.4 0.0003196487151273689
19.365 4.42 9.625576554591033e-6
19.365 4.4399999999999995 1.6923849060628615e-5
19.365 4.46 4.303326849316515e-6
19.365 4.48 6.558033203700811e-8
19.365 4.5 1.8433921796775067e-10
19.365 4.52 1.161546568506518e-12
19.365 4.54 4.9365010317471705e-14
19.365 4.5600000000000005 7.889460626235064e-16
19.365 4.58 2.2275436428872306e-17
19.365 4.6 -6.3794794246319254e-18
19.365 4.620000000000001 -8.87907832626034e-18
19.365 4.64 3.649291859872281e-18
19.365 4.659999999999999 -5.153195469248942e-18
19.365 4.680000000000001 -3.891136301052792e-19
19.61 3.46 -4.9718518243601686e-17
19.61 3.4800000000000004 -6.654900767982274e-17
19.61 3.5 6.880366469149162e-18
19.61 3.5199999999999996 -1.4340986562779984e-19
19.61 3.54 -6.022190064828875e-17
19.61 3.5600000000000005 4.544032243647103e-17
19.61 3.58 7.423272117193621e-17
19.61 3.5999999999999996 3.0874176542805357e-16
19.61 3.62 1.0014934469416012e-16
19.61 3.64 -2.4281246458186544e-17
19.61 3.66 -5.131207508668491e-17
19.61 3.6799999999999997 3.573682103650952e-16
19.61 3.7 1.341616925329629e-14
19.61 3.7199999999999998 1.356717202990262e-13
19.61 3.74 7.809920187849823e-11
19.61 3.76 2.018826313408156e-8
19.61 3.7800000000000002 2.4884469417373876e-5
19.61 3.8 0.00044295647190422386
19.61 3.8200000000000003 0.007017258004955269
19.61 3.8400000000000003 0.058095735188870616
19.61 3.8600000000000003 0.1405837998535762
19.61 3.8800000000000003 0.27579484014326966
19.61 3.9000000000000004 0.44720514921384424
19.61 3.9200000000000004 0.7171523669073651
19.61 3.9399999999999995 1.0593994086967053
19.61 3.96 1.2806201361962184
19.61 3.9800000000000004 1.653216651467359
19.61 4.0 2.0624567856773006
19.61 4.02 2.222109599556967
19.61 4.04 2.680511574315096
19.61 4.0600000000000005 2.5656718652961654
19.61 4.08 2.745371044078356
19.61 4.1 2.6227581637177866
19.61 4.12 2.3090217058573623
19.61 4.14 2.277773066027933
19.61 4.16 1.8863524948004338
19.61 4.18 1.516697485895726
19.61 4.2 1.173822634330958
19.61 4.22 0.7523710084510715
19.61 4.24 0.6412017625430068
19.61 4.26 0.39935370507939466
19.61 4.28 0.1832029259019639
19.61 4.3 0.13615252039418027
19.61 4.32 0.0857070339337331
19.61 4.34 0.029452875101999784
19.61 4.36 0.01593199459281427
19.61 4.38 0.0023028387630532714
19.61 4.4 9.583289142739452e-5
19.61 4.42 1.1583682576085074e-5
19.61 4.4399999999999995 2.6693439257338585e-5
19.61 4.46 6.7997006941878275e-6
19.61 4.48 1.0266316469680094e-7
19.61 4.5 2.714454335197859e-10
19.61 4.52 1.7853193626835696e-12
19.61 4.54 8.757283011456199e-14
19.61 4.5600000000000005 1.4653498936446357e-15
19.61 4.58 3.4756657083552034e-17
19.61 4.6 -3.996379843327677e-17
19.61 4.620000000000001 6.011026770795219e-18
19.61 4.64 -6.522326668178779e-17
19.61 4.659999999999999 -1.9301430814349632e-17
19.61 4.680000000000001 -1.929489669613612e-18
19.855 3.46 -5.4715933851116404e-17
19.855 3.4800000000000004 -5.3737153783352885e-17
19.855 3.5 -6.636121057498005e-19
19.855 3.5199999999999996 -7.259584370519738e-17
19.855 3.54 -1.4033139185441416e-16
19.855 3.5600000000000005 1.1103375060153402e-17
19.855 3.58 7.074486750718983e-17
19.855 3.5999999999999996 4.129984831397404e-16
19.855 3.62 1.3963519922772234e-16
19.855 3.64 -7.605490443901366e-17
19.855 3.66 -7.290548789317491e-21
19.855 3.6799999999999997 2.0835070329661718e-16
19.855 3.7 3.655904863898216e-15
19.855 3.7199999999999998 3.6376456555028845e-13
19.855 3.74 -1.5003759581610962e-10
19.855 3.76 8.337785059532046e-9
19.855 3.7800000000000002 2.2870819855599588e-5
19.855 3.8 0.007223713067269706
19.855 3.8200000000000003 0.05890111415370719
19.855 3.8400000000000003 0.14033773508931527
19.855 3.8600000000000003 0.2914070897619409
19.855 3.8800000000000003 0.4969676463860058
19.855 3.9000000000000004 0.8241385819130613
19.855 3.9200000000000004 1.1639810512719109
19.855 3.9399999999999995 1.50258029110009
19.855 3.96 1.909355463038566
19.855 3.9800000000000004 2.306860810573726
19.855 4.0 2.6128548407757317
19.855 4.02 2.696217003028471
19.855 4.04 2.899983844793551
19.855 4.0600000000000005 2.63650414938078
19.855 4.08 2.8131828532036285
19.855 4.1 2.331347611560774
19.855 4.12 2.097903977836833
19.855 4.14 1.6268740134892068
19.855 4.16 1.3172229149871986
19.855 4.18 1.0318877268285644
19.855 4.2 0.6985600256567901
19.855 4.22 0.3827092802843722
19.855 4.24 0.3672279148586736
19.855 4.26 0.16644762739336982
19.855 4.28 0.07413041404882478
19.855 4.3 0.05169582262096304
19.855 4.32 0.02753375154252141
19.855 4.34 0.011031134711304779
19.855 4.36 0.0031516071592950943
19.855 4.38 0.0001325332423446124
19.855 4.4 4.633868273099054e-6
19.855 4.42 1.0527534247764687e-6
19.855 4.4399999999999995 2.557872837730732e-6
19.855 4.46 6.189961448307615e-7
19.855 4.48 1.0136921912635991e-8
19.855 4.5 4.2820426854941195e-11
19.855 4.52 2.3210729929161186e-13
19.855 4.54 2.4541413125391427e-15
19.855 4.5600000000000005 1.3791611361608592e-16
19.855 4.58 3.8218778521074685e-17
19.855 4.6 -7.661981427735917e-17
19.855 4.620000000000001 9.71356794348025e-19
19.855 4.64 -7.903859921603945e-17
19.855 4.659999999999999 3.037548252803534e-17
19.855 4.680000000000001 -9.171969731035145e-19
20.1 3.46 -9.91919571195378e-18
20.1 3.4800000000000004 -3.549987302579865e-17
20.1 3.5 4.165345419143964e-18
20.1 3.5199999999999996 -2.3862560633148035e-17
20.1 3.54 -8.102511604360352e-17
20.1 3.5600000000000005 -1.4639374621544279e-18
20.1 3.58 4.8170952351252076e-17
20.1 3.5999999999999996 1.86163240940238e-16
20.1 3.62 8.129707325759368e-17
20.1 3.64 -2.0168471394822673e-17
20.1 3.66 1.8018237757069824e-17
20.1 3.6799999999999997 9.992495837548455e-16
20.1 3.7 6.014434365473431e-14
20.1 3.7199999999999998 4.649608105360781e-13
20.1 3.74 2.8836781624805403e-10
20.1 3.76 6.613052126398493e-8
20.1 3.7800000000000002 8.152463964703656e-5
20.1 3.8 0.002647074275392808
20.1 3.8200000000000003 0.05176607109288947
20.1 3.8400000000000003 0.16791381163068253
20.1 3.8600000000000003 0.3003464498389617
20.1 3.8800000000000003 0.4516301434755762
20.1 3.9000000000000004 0.6652542725600231
20.1 3.9200000000000004 0.9036150733212075
20.1 3.9399999999999995 1.1296754198571035
20.1 3.96 1.2898204120635361
20.1 3.9800000000000004 1.517747951731426
20.1 4.0 1.4824669703121798
20.1 4.02 1.5188035467420948
20.1 4.04 1.3747482285099486
20.1 4.0600000000000005 1.2871468566189839
20.1 4.08 1.0662848376976062
20.1 4.1 0.9602751189700985
20.1 4.12 0.768055265052694
20.1 4.14 0.5351357341347801
20.1 4.16 0.35842416442697134
20.1 4.18 0.3274625109593982
20.1 4.2 0.1443869839662313
20.1 4.22 0.09100225622769609
20.1 4.24 0.07072527583773333
20.1 4.26 0.026376120905723117
20.1 4.28 0.01685978258731664
20.1 4.3 0.015359763750469203
20.1 4.32 0.0071360771524189275
20.1 4.34 0.0018781158675413136
20.1 4.36 -3.11867934745515e-5
20.1 4.38 -7.673298622214953e-5
20.1 4.4 -3.4908205098988627e-6
20.1 4.42 4.567522015608362e-8
20.1 4.4399999999999995 6.84309659988183e-7
20.1 4.46 1.7359464895264134e-7
20.1 4.48 2.818243536850065e-9
20.1 4.5 1.3626653474017969e-11
20.1 4.52 5.716615092098928e-14
20.1 4.54 -1.1428236552008227e-15
20.1 4.5600000000000005 -5.819656882677798e-18
20.1 4.58 2.2617300929457976e-17
20.1 4.6 -2.4748003932988925e-17
20.1 4.620000000000001 -1.4608063422554365e-18
20.1 4.64 -2.734437793568352e-17
20.1 4.659999999999999 -2.347097850585444e-17
20.1 4.680000000000001 -5.847226778299347e-18
20.345 3.46 6.85615432348662e-19
20.345 3.4800000000000004 -1.2805261352785793e-17
20.345 3.5 2.5015326698357625e-18
20.345 3.5199999999999996 -3.635240607973672e-18
20.345 3.54 -2.1439545609429906e-17
20.345 3.5600000000000005 -1.5774564804222792e-19
20.345 3.58 6.256459111461106e-18
20.345 3.5999999999999996 2.6420195754005316e-17
20.345 3.62 1.9581201112063682e-17
20.345 3.64 2.2499448340793883e-18
20.345 3.66 9.626685142191285e-18
20.345 3.6799999999999997 5.276593956886805e-16
20.345 3.7 1.7028917735016977e-14
20.345 3.7199999999999998 3.1705095081706556e-13
20.345 3.74 1.5829316401451146e-10
20.345 3.76 3.953888247467512e-8
20.345 3.7800000000000002 4.810420566726112e-5
20.345 3.8 0.0010580838294455895
20.345 3.8200000000000003 0.01667329244929545
20.345 3.8400000000000003 0.05854096453199751
20.345 3.8600000000000003 0.11542247439949826
20.345 3.8800000000000003 0.17205472733721988
20.345 3.9000000000000004 0.2257004667333831
20.345 3.9200000000000004 0.31301150990336557
20.345 3.9399999999999995 0.30234899571644785
20.345 3.96 0.39563889137071834
20.345 3.9800000000000004 0.37510972119743335
20.345 4.0 0.3627938300599854
20.345 4.02 0.3348826318267013
20.345 4.04 0.30990028107191175
20.345 4.0600000000000005 0.2833957529261708
20.345 4.08 0.2159868339822612
20.345 4.1 0.17134115444564355
20.345 4.12 0.13298317784670524
20.345 4.14 0.07792623594497322
20.345 4.16 0.05509326388627733
20.345 4.18 0.03129548984118211
20.345 4.2 0.011763341990871338
20.345 4.22 0.0053034985536017905
20.345 4.24 0.00688194219897765
20.345 4.26 -0.0010631648171132702
20.345 4.28 -0.0003614757857286057
20.345 4.3 0.0018991115170322573
20.345 4.32 0.0006216422811332318
20.345 4.34 8.439348725539805e-5
20.345 4.36 -7.590991252204044e-5
20.345 4.38 -7.975046028405925e-5
20.345 4.4 -3.014224353633047e-6
20.345 4.42 -3.924983554817222e-8
20.345 4.4399999999999995 -8.483183052052634e-8
20.345 4.46 -2.2219235686285146e-8
20.345 4.48 -3.196997420923542e-10
20.345 4.5 -6.291956048098432e-13
20.345 4.52 6.097813840877701e-16
20.345 4.54 1.4749864505849037e-16
20.345 4.5600000000000005 6.1396453325901475e-18
20.345 4.58 9.299031815708832e-18
20.345 4.6 -3.789606588816362e-18
20.345 4.620000000000001 2.8459441174261565e-19
20.345 4.64 -3.873529700448026e-18
20.345 4.659999999999999 -8.77936202831966e-18
20.345 4.680000000000001 -2.1164995241983353e-18
20.59 3.46 2.932857594320411e-19
20.59 3.4800000000000004 -2.9884102260401918e-18
20.59 3.5 6.176342622068169e-19
20.59 3.5199999999999996 -1.3005447606774783e-18
20.59 3.54 -2.1671360054308755e-18
20.59 3.5600000000000005 -9.84637869380875e-19
20.59 3.58 -1.2880907173559385e-18
20.59 3.5999999999999996 2.4652909752875798e-18
20.59 3.62 2.589513082634786e-18
20.59 3.64 3.500072053364223e-19
20.59 3.66 2.3458212982882867e-18
20.59 3.6799999999999997 1.5073576795172296e-16
20.59 3.7 3.7338938883221786e-15
20.59 3.7199999999999998 8.030035289935799e-14
20.59 3.74 4.2326812573587676e-11
20.59 3.76 1.144138865570571e-8
20.59 3.7800000000000002 1.3711643422817912e-5
20.59 3.8 2.3748331335337344e-5
20.59 3.8200000000000003 0.0018475813060190333
20.59 3.8400000000000003 0.01160313490928514
20.59 3.8600000000000003 0.020596250106800138
20.59 3.8800000000000003 0.02869990514631917
20.59 3.9000000000000004 0.042166713871015095
20.59 3.9200000000000004 0.047769110820950526
20.59 3.9399999999999995 0.05065276909705854
20.59 3.96 0.0513975938992587
20.59 3.9800000000000004 0.0528113718686458
20.59 4.0 0.04699547578398987
20.59 4.02 0.030398571023411793
20.59 4.04 0.03204770422909275
20.59 4.0600000000000005 0.023608245681030086
20.59 4.08 0.018120659834066424
20.59 4.1 0.009660297898223848
20.59 4.12 0.011640391829049402
20.59 4.14 0.0049923107612053295
20.59 4.16 0.005487160772779348
20.59 4.18 9.378286413069988e-5
20.59 4.2 0.0010652390390790871
20.59 4.22 0.0004146087165110515
20.59 4.24 0.0002354765410563988
20.59 4.26 0.0005567717874909781
20.59 4.28 6.908334146376537e-5
20.59 4.3 7.036750447278554e-5
20.59 4.32 1.3714348451273421e-5
20.59 4.34 5.141689936974918e-6
20.59 4.36 -6.300376564069564e-6
20.59 4.38 -8.064027582092212e-6
20.59 4.4 -2.329031292561369e-7
20.59 4.42 -3.6500626845606575e-9
20.59 4.4399999999999995 -1.667493963902757e-8
20.59 4.46 -4.329218031978512e-9
20.59 4.48 -6.385285984354385e-11
20.59 4.5 -1.584421744980878e-13
20.59 4.52 -4.2167611949432393e-16
20.59 4.54 1.9876058143035957e-18
20.59 4.5600000000000005 4.669916312417924e-19
20.59 4.58 1.2514193529123343e-18
20.59 4.6 -8.971021870477612e-19
20.59 4.620000000000001 2.1979103913208783e-19
20.59 4.64 -4.982733557846499e-19
20.59 4.659999999999999 -2.4311010435519937e-18
20.59 4.680000000000001 -6.17364127997932e-19
20.835 3.46 7.851205309348913e-20
20.835 3.4800000000000004 -3.4688325319165727e-19
20.835 3.5 7.397875519860983e-20
20.835 3.5199999999999996 1.0927942302911115e-20
20.835 3.54 -3.251629991997677e-19
20.835 3.5600000000000005 -1.1009915047484229e-19
20.835 3.58 -1.4940941690253991e-19
20.835 3.5999999999999996 1.205880738264334e-19
20.835 3.62 1.9434186505326678e-19
20.835 3.64 8.340936790569851e-20
20.835 3.66 1.936225622575936e-19
20.835 3.6799999999999997 1.843468202616553e-17
20.835 3.7 4.66921743798649e-16
20.835 3.7199999999999998 9.363718797841408e-15
20.835 3.74 3.595263104072005e-12
20.835 3.76 1.3900276042487887e-9
20.835 3.7800000000000002 1.6839764371138781e-6
20.835 3.8 1.7070859913705656e-5
20.835 3.8200000000000003 0.00016262237776658108
20.835 3.8400000000000003 0.0009862932519353424
20.835 3.8600000000000003 0.002042045437348718
20.835 3.8800000000000003 0.0024050844547714974
20.835 3.9000000000000004 0.00416644843876445
20.835 3.9200000000000004 0.004140871419519192
20.835 3.9399999999999995 0.004284080727401681
20.835 3.96 0.004280313207634505
20.835 3.9800000000000004 0.00394676276331407
20.835 4.0 0.003531293437345279
20.835 4.02 0.002370558009358952
20.835 4.04 0.0026841756180953774
20.835 4.0600000000000005 0.002037143278281277
20.835 4.08 0.0012423105531642875
20.835 4.1 0.0006876165581036627
20.835 4.12 0.0003015625427719284
20.835 4.14 0.0003059234996773945
20.835 4.16 0.0001519538375596094
20.835 4.18 -1.1823771820630887e-5
20.835 4.2 5.459124061138724e-5
20.835 4.22 2.94527232485571e-5
20.835 4.24 3.282253622895139e-5
20.835 4.26 -1.4695796757778317e-5
20.835 4.28 -2.2393202950225135e-5
20.835 4.3 -6.5083005224266005e-6
20.835 4.32 -1.7636182805913001e-6
20.835 4.34 1.3904143969116834e-7
20.835 4.36 -6.880039272309883e-7
20.835 4.38 -5.862559985622893e-7
20.835 4.4 -1.919023842370228e-8
20.835 4.42 -5.039242732997081e-10
20.835 4.4399999999999995 -9.518267105348035e-10
20.835 4.46 -2.4588852900789486e-10
20.835 4.48 -3.6213712959224866e-12
20.835 4.5 -8.830362022825244e-15
20.835 4.52 -5.63370681826029e-17
20.835 4.54 -3.0284560822056334e-18
20.835 4.5600000000000005 -4.114420074269981e-20
20.835 4.58 8.496776907924063e-20
20.835 4.6 -6.385293560043636e-20
20.835 4.620000000000001 5.035324675213295e-20
20.835 4.64 -1.3074334161410947e-19
20.835 4.659999999999999 -3.924217363338914e-20
20.835 4.680000000000001 -5.219017530815699e-20
21.08 3.46 1.2848199752767887e-21
21.08 3.4800000000000004 -1.7570134097970107e-20
21.08 3.5 6.222325859688636e-22
21.08 3.5199999999999996 -1.464883144039364e-21
21.08 3.54 -9.771236219479456e-21
21.08 3.5600000000000005 -5.726603766222306e-21
21.08 3.58 -5.06057215904769e-21
21.08 3.5999999999999996 3.795316593882363e-21
21.08 3.62 9.684864841031149e-21
21.08 3.64 4.933183057965845e-21
21.08 3.66 2.9457973561307354e-21
21.08 3.6799999999999997 1.242159071707796e-18
21.08 3.7 7.88099812392804e-18
21.08 3.7199999999999998 6.464364797141623e-16
21.08 3.74 4.421692212031001e-14
21.08 3.76 9.721394620687067e-11
21.08 3.7800000000000002 1.2520143505217305e-7
21.08 3.8 5.225431034227331e-7
21.08 3.8200000000000003 5.221724787626777e-6
21.08 3.8400000000000003 4.8717609083929493e-5
21.08 3.8600000000000003 8.962801317574545e-5
21.08 3.8800000000000003 0.0001260299771484958
21.08 3.9000000000000004 0.0002132080697034325
21.08 3.9200000000000004 0.000202733400916801
21.08 3.9399999999999995 0.0001593330854769571
21.08 3.96 0.00015275339593675232
21.08 3.9800000000000004 0.0001250835696429662
21.08 4.0 0.00012844526953280212
21.08 4.02 5.660976553868967e-5
21.08 4.04 9.48249149892919e-5
21.08 4.0600000000000005 5.353436099733968e-5
21.08 4.08 3.957501116335169e-5
21.08 4.1 1.0351445764104826e-5
21.08 4.12 8.573607319435162e-6
21.08 4.14 5.9622672590665e-6
21.08 4.16 3.0514940683723697e-6
21.08 4.18 -2.4739291425380584e-6
21.08 4.2 1.3118060253202005e-6
21.08 4.22 1.1073897024701718e-6
21.08 4.24 1.000642085564139e-6
21.08 4.26 -2.702296112599372e-7
21.08 4.28 -5.165712574916687e-7
21.08 4.3 -2.7950138470602703e-7
21.08 4.32 -7.539294504622397e-8
21.08 4.34 4.534682331354534e-9
21.08 4.36 -9.799979633110278e-11
21.08 4.38 -7.238741259540284e-10
21.08 4.4 4.263151281943135e-11
21.08 4.42 -2.1144743197140934e-12
21.08 4.4399999999999995 -1.3884753616513146e-12
21.08 4.46 -3.5042925333261766e-13
21.08 4.48 -5.113192060567706e-15
21.08 4.5 -9.87961265903659e-18
21.08 4.52 -7.0802829366264085e-19
21.08 4.54 -6.38889485490259e-20
21.08 4.5600000000000005 -1.092931851606465e-22
21.08 4.58 2.761005063071042e-21
21.08 4.6 -2.274643753031471e-21
21.08 4.620000000000001 7.226212460933704e-21
21.08 4.64 -4.3075430805588405e-21
21.08 4.659999999999999 2.743345352736368e-20
21.08 4.680000000000001 -3.617467486834032e-21
21.325 3.46 3.6903688269988037e-23
21.325 3.4800000000000004 -3.5220637522996036e-22
21.325 3.5 1.1222030925413881e-23
21.325 3.5199999999999996 -3.484168628041794e-23
21.325 3.54 -1.8602335658908844e-22
21.325 3.5600000000000005 -1.21229400557903e-22
21.325 3.58 -2.858867925292681e-23
21.325 3.5999999999999996 6.922881693204959e-23
21.325 3.62 2.6604363283242913e-22
21.325 3.64 1.8041409225638506e-22
21.325 3.66 7.810497243453768e-23
21.325 3.6799999999999997 3.399648410905466e-20
21.325 3.7 6.697763006591722e-19
21.325 3.7199999999999998 1.423811282379865e-17
21.325 3.74 2.0357047996843032e-15
21.325 3.76 2.5804846659915376e-12
21.325 3.7800000000000002 3.304829817364979e-9
21.325 3.8 1.804346048866854e-8
21.325 3.8200000000000003 1.8095852305438962e-7
21.325 3.8400000000000003 1.4194502956324076e-6
21.325 3.8600000000000003 2.674433306090649e-6
21.325 3.8800000000000003 3.1286047887913494e-6
21.325 3.9000000000000004 5.619822951737106e-6
21.325 3.9200000000000004 5.053177414467674e-6
21.325 3.9399999999999995 3.346926052260618e-6
21.325 3.96 3.2874191841293904e-6
21.325 3.9800000000000004 2.4694896772461363e-6
21.325 4.0 2.152626408798054e-6
21.325 4.02 9.387467474399009e-7
21.325 4.04 1.337412641108709e-6
21.325 4.0600000000000005 7.616240169337752e-7
21.325 4.08 4.123122454883841e-7
21.325 4.1 6.167176903311804e-8
21.325 4.12 1.0603767519626283e-7
21.325 4.14 9.517729379030102e-8
21.325 4.16 3.47153323054389e-8
21.325 4.18 -1.504792665288739e-8
21.325 4.2 2.3731922961767585e-8
21.325 4.22 2.2590036613841836e-8
21.325 4.24 1.6522534502369648e-8
21.325 4.26 -4.852126802176749e-9
21.325 4.28 -9.786728081197251e-9
21.325 4.3 -6.423697703660894e-9
21.325 4.32 -1.607061665646101e-9
21.325 4.34 1.0039706528341986e-10
21.325 4.36 7.459994855238792e-11
21.325 4.38 4.834234846757696e-11
21.325 4.4 3.4641514841804535e-12
21.325 4.42 6.685187775084247e-15
21.325 4.4399999999999995 4.7711246010954276e-14
21.325 4.46 1.2410128464640829e-14
21.325 4.48 1.8826968102981084e-16
21.325 4.5 5.376396551136996e-19
21.325 4.52 -1.2078704741927586e-20
21.325 4.54 -1.3049829193685491e-21
21.325 4.5600000000000005 -7.418385167794116e-24
21.325 4.58 7.514417523430927e-23
21.325 4.6 -4.497559638107576e-23
21.325 4.620000000000001 1.4858108005148588e-22
21.325 4.64 -8.464334710886735e-23
21.325 4.659999999999999 5.899684741051659e-22
21.325 4.680000000000001 -8.961298795710889e-23
21.57 3.46 3.284789606174348e-25
21.57 3.4800000000000004 -5.1588131610066404e-24
21.57 3.5 3.6901405223255875e-27
21.57 3.5199999999999996 -3.0940491937602528e-25
21.57 3.54 -2.400982278014252e-24
21.57 3.5600000000000005 -1.6033888087343208e-24
21.57 3.58 -3.895553448089103e-26
21.57 3.5999999999999996 -5.78611849900966e-26
21.57 3.62 4.233714682796425e-24
21.57 3.64 2.3107195049624024e-24
21.57 3.66 7.6052123347053615e-25
21.57 3.6799999999999997 4.235693634955433e-22
21.57 3.7 2.850393179382438e-21
21.57 3.7199999999999998 2.0200337736626179e-19
21.57 3.74 -1.1960670631548361e-17
21.57 3.76 3.3126546844464085e-14
21.57 3.7800000000000002 4.5231554518272585e-11
21.57 3.8 3.0102421034654365e-10
21.57 3.8200000000000003 2.8461665985921287e-9
21.57 3.8400000000000003 1.999085102866716e-8
21.57 3.8600000000000003 3.5706325614842684e-8
21.57 3.8800000000000003 4.682950963930551e-8
21.57 3.9000000000000004 8.063945598724986e-8
21.57 3.9200000000000004 6.8742528957842e-8
21.57 3.9399999999999995 4.1178267842488426e-8
21.57 3.96 3.928581950528274e-8
21.57 3.9800000000000004 2.4555988098751536e-8
21.57 4.0 2.7535362197653164e-8
21.57 4.02 9.22423438938118e-9
21.57 4.04 1.6900842439336534e-8
21.57 4.0600000000000005 9.197457656537568e-9
21.57 4.08 6.050478310795369e-9
21.57 4.1 1.7326745906974582e-9
21.57 4.12 -1.9185233602613544e-10
21.57 4.14 1.6126998726073859e-9
21.57 4.16 7.045307566604926e-10
21.57 4.18 -4.6154377294874217e-10
21.57 4.2 8.048811770698796e-11
21.57 4.22 2.8850396202511014e-10
21.57 4.24 1.1402839284354968e-10
21.57 4.26 -5.710921822125637e-11
21.57 4.28 -9.413327564185693e-11
21.57 4.3 -3.6044045930131674e-11
21.57 4.32 -8.897150869322328e-12
21.57 4.34 1.3796784432970834e-13
21.57 4.36 -1.7976454063965878e-12
21.57 4.38 -1.0922310379967806e-12
21.57 4.4 -9.441356502273389e-15
21.57 4.42 -6.823010813479076e-16
21.57 4.4399999999999995 -1.946674549474771e-15
21.57 4.46 -5.069178226970173e-16
21.57 4.48 -7.425346591237772e-18
21.57 4.5 -1.7921529429581067e-20
21.57 4.52 -2.0715329957132763e-22
21.57 4.54 -1.5365472886135972e-23
21.57 4.5600000000000005 3.4245283257070526e-26
21.57 4.58 4.749805064349096e-25
21.57 4.6 -3.4028544477631817e-25
21.57 4.620000000000001 2.6023717759218747e-24
21.57 4.64 -1.0008148048952676e-24
21.57 4.659999999999999 1.3196026055510598e-23
21.57 4.680000000000001 -1.044215988232432e-24
21.815 3.46 -2.305069932402858e-27
21.815 3.4800000000000004 -3.239748916769007e-26
21.815 3.5 -4.919059285400405e-27
21.815 3.5199999999999996 -1.0169397738272028e-26
21.815 3.54 -1.3769447998363526e-26
21.815 3.5600000000000005 -1.1040500740969331e-26
21.815 3.58 9.676306354499707e-27
21.815 3.5999999999999996 5.312336071511296e-27
21.815 3.62 4.364388180029349e-26
21.815 3.64 2.3426153718232623e-26
21.815 3.66 -6.765816444456995e-27
21.815 3.6799999999999997 3.607954356839208e-24
21.815 3.7 4.8228836983828974e-23
21.815 3.7199999999999998 1.4573910623002665e-21
21.815 3.74 -3.2241290622276824e-19
21.815 3.76 2.7737136062649135e-16
21.815 3.7800000000000002 3.9363592225992994e-13
21.815 3.8 3.0128053113112793e-12
21.815 3.8200000000000003 2.7717645726687907e-11
21.815 3.8400000000000003 1.8570817475671459e-10
21.815 3.8600000000000003 3.1068073712930664e-10
21.815 3.8800000000000003 4.0091786364022405e-10
21.815 3.9000000000000004 7.187083859011621e-10
21.815 3.9200000000000004 5.5787905001926e-10
21.815 3.9399999999999995 2.7134931197299303e-10
21.815 3.96 2.7110403189652376e-10
21.815 3.9800000000000004 1.1992283551363935e-10
21.815 4.0 1.6286165883871087e-10
21.815 4.02 4.615643075801478e-11
21.815 4.04 8.696697953479488e-11
21.815 4.0600000000000005 3.114042517809409e-11
21.815 4.08 9.026572508078899e-12
21.815 4.1 4.179582962762732e-12
21.815 4.12 -1.7467850801217875e-12
21.815 4.14 -6.235636158189448e-13
21.815 4.16 8.72068874203372e-13
21.815 4.18 -1.6214925562591281e-12
21.815 4.2 -1.148413051339521e-12
21.815 4.22 8.425661225329404e-13
21.815 4.24 6.850012058213222e-13
21.815 4.26 -7.542326821708633e-14
21.815 4.28 -4.3657866110774803e-13
21.815 4.3 -2.36476122609952e-13
21.815 4.32 -5.4887390890049005e-14
21.815 4.34 2.6862099526818063e-15
21.815 4.36 -3.0530125601460436e-15
21.815 4.38 -1.8032928764363035e-15
21.815 4.4 5.414545175061426e-17
21.815 4.42 -1.4260059955297935e-18
21.815 4.4399999999999995 -4.074099648718596e-18
21.815 4.46 -1.0623635266754418e-18
21.815 4.48 -1.5306794640731687e-20
21.815 4.5 -3.4279394609341276e-23
21.815 4.52 -7.765208535756895e-25
21.815 4.54 -7.485987679588911e-26
21.815 4.5600000000000005 2.30940355641358e-27
21.815 4.58 4.581978752682842e-27
21.815 4.6 -2.097813434194845e-27
21.815 4.620000000000001 2.5736171852864058e-26
21.815 4.64 -6.898176352566938e-27
21.815 4.659999999999999 1.4308885136521797e-25
21.815 4.680000000000001 -1.1972847750489663e-26
