-1.1600000000000001 -1.1600000000000001 -9.049676197860912e-21
-1.1600000000000001 -1.02 1.2746668545018455e-19
-1.1600000000000001 -0.8799999999999999 4.4320016623147935e-18
-1.1600000000000001 -0.7400000000000002 4.401058371071728e-17
-1.1600000000000001 -0.6000000000000001 1.7214359614580682e-16
-1.1600000000000001 -0.45999999999999996 2.739072457298036e-16
-1.1600000000000001 -0.32000000000000006 1.0768607814881099e-16
-1.1600000000000001 -0.17999999999999994 3.8449949767650204e-18
-1.1600000000000001 -0.039999999999999813 -4.2143067835471624e-19
-1.1600000000000001 0.10000000000000009 -9.081999123658608e-21
-1.1600000000000001 1.9200000000000004 -1.2498740867785492e-9
-1.1600000000000001 2.0599999999999996 -1.018803882620032e-8
-1.1600000000000001 2.2 -4.618039305296558e-8
-1.1600000000000001 2.34 -7.958681651034553e-8
-1.1600000000000001 2.4800000000000004 1.980045126405164e-7
-1.1600000000000001 2.62 1.5866606285924505e-6
-1.1600000000000001 2.7600000000000007 5.8670481786016415e-6
-1.1600000000000001 2.9 1.5571920569267852e-5
-1.1600000000000001 3.0399999999999996 2.6121225868806324e-5
-1.1600000000000001 3.18 2.3688797698562774e-5
-1.1600000000000001 3.32 1.0610737866753048e-5
-1.1600000000000001 3.4600000000000004 2.213249778806489e-6
-1.1600000000000001 3.6 2.0421207118168316e-7
-1.1600000000000001 3.7399999999999993 8.017244420937558e-9
-1.1600000000000001 3.88 1.321541508202368e-10
-1.1600000000000001 4.02 9.273949031812918e-13
-1.1600000000000001 4.16 2.7814355626455725e-15
-1.02 -1.1600000000000001 -1.029614208550962e-18
-1.02 -1.02 -9.517090110936854e-20
-1.02 -0.8799999999999999 2.9250582454109735e-19
-1.02 -0.7400000000000002 1.924790269505142e-18
-1.02 -0.6000000000000001 -4.273390017096419e-18
-1.02 -0.45999999999999996 -7.067889165180871e-18
-1.02 -0.32000000000000006 -1.2800868777074749e-18
-1.02 -0.17999999999999994 -1.097546196526932e-19
-1.02 -0.039999999999999813 -1.2070489542563522e-19
-1.02 0.10000000000000009 -1.215207848505362e-19
-1.02 1.9200000000000004 -8.310388296992657e-8
-1.02 2.0599999999999996 -6.62544912030759e-7
-1.02 2.2 -2.719946052775354e-6
-1.02 2.34 -1.3951898975154908e-6
-1.02 2.4800000000000004 3.9366109230294645e-5
-1.02 2.62 0.00022629932961664993
-1.02 2.7600000000000007 0.0007995838866227687
-1.02 2.9 0.002036989783557846
-1.02 3.0399999999999996 0.003307386152542574
-1.02 3.18 0.0029409757163813732
-1.02 3.32 0.0012979996330549908
-1.02 3.4600000000000004 0.00026714318663459007
-1.02 3.6 2.444344122866812e-5
-1.02 3.7399999999999993 9.631157673415962e-7
-1.02 3.88 1.6286908385816466e-8
-1.02 4.02 1.22479233433542e-10
-1.02 4.16 4.4128975153831046e-13
-0.8799999999999999 -1.1600000000000001 -2.5492632113613035e-17
-0.8799999999999999 -1.02 -2.715595117948765e-18
-0.8799999999999999 -0.8799999999999999 -2.2361629173645222e-18
-0.8799999999999999 -0.7400000000000002 6.630154435713599e-18
-0.8799999999999999 -0.6000000000000001 -3.9555685204742805e-17
-0.8799999999999999 -0.45999999999999996 -8.004005107086556e-17
-0.8799999999999999 -0.32000000000000006 -2.2969434656128087e-17
-0.8799999999999999 -0.17999999999999994 8.361382531935032e-18
-0.8799999999999999 -0.039999999999999813 -3.9287095442692638e-19
-0.8799999999999999 0.10000000000000009 -3.0433361000757626e-18
-0.8799999999999999 1.9200000000000004 -1.1266297246005381e-7
-0.8799999999999999 2.0599999999999996 4.681367606830199e-7
-0.8799999999999999 2.2 2.6552977815772748e-5
-0.8799999999999999 2.34 0.00031912445498611
-0.8799999999999999 2.4800000000000004 0.0021081158300118173
-0.8799999999999999 2.62 0.009253272411225876
-0.8799999999999999 2.7600000000000007 0.029796195124571243
-0.8799999999999999 2.9 0.07040689624681068
-0.8799999999999999 3.0399999999999996 0.10839559706931072
-0.8799999999999999 3.18 0.09315172936993893
-0.8799999999999999 3.32 0.03995654338902498
-0.8799999999999999 3.4600000000000004 0.007998008679568548
-0.8799999999999999 3.6 0.0007157508665225291
-0.8799999999999999 3.7399999999999993 2.7984994624005632e-5
-0.8799999999999999 3.88 4.816605818042645e-7
-0.8799999999999999 4.02 3.8494723978760445e-9
-0.8799999999999999 4.16 1.5947654076436132e-11
-0.7400000000000002 -1.1600000000000001 -1.4684735299676183e-16
-0.7400000000000002 -1.02 -9.780754932639195e-19
-0.7400000000000002 -0.8799999999999999 -1.1415275024899556e-17
-0.7400000000000002 -0.7400000000000002 6.26346763926271e-17
-0.7400000000000002 -0.6000000000000001 -1.2189554569755858e-17
-0.7400000000000002 -0.45999999999999996 -1.4520328833008002e-16
-0.7400000000000002 -0.32000000000000006 -1.9867604129295016e-17
-0.7400000000000002 -0.17999999999999994 4.60989159766008e-17
-0.7400000000000002 -0.039999999999999813 7.95946869171638e-18
-0.7400000000000002 0.10000000000000009 -1.3058420469995906e-17
-0.7400000000000002 1.9200000000000004 1.5237678490660933e-5
-0.7400000000000002 2.0599999999999996 0.00015115093363904117
-0.7400000000000002 2.2 0.0011235664109392675
-0.7400000000000002 2.34 0.00657161893753532
-0.7400000000000002 2.4800000000000004 0.03060355248851755
-0.7400000000000002 2.62 0.10969488863501906
-0.7400000000000002 2.7600000000000007 0.29943751290214543
-0.7400000000000002 2.9 0.6200260675261888
-0.7400000000000002 3.0399999999999996 0.8788439886601148
-0.7400000000000002 3.18 0.7167534097580244
-0.7400000000000002 3.32 0.2933921631707734
-0.7400000000000002 3.4600000000000004 0.05589572414763084
-0.7400000000000002 3.6 0.004778283829951858
-0.7400000000000002 3.7399999999999993 0.000181314008512427
-0.7400000000000002 3.88 3.1196852863790156e-6
-0.7400000000000002 4.02 2.6098524836252638e-8
-0.7400000000000002 4.16 1.200982450857456e-10
-0.6000000000000001 -1.1600000000000001 -2.1290655911140925e-16
-0.6000000000000001 -1.02 9.333427388311951e-17
-0.6000000000000001 -0.8799999999999999 -1.3697265827373184e-17
-0.6000000000000001 -0.7400000000000002 6.01668329235461e-17
-0.6000000000000001 -0.6000000000000001 1.1693879221615597e-16
-0.6000000000000001 -0.45999999999999996 -1.0756235469858808e-17
-0.6000000000000001 -0.32000000000000006 2.6842934011341475e-18
-0.6000000000000001 -0.17999999999999994 7.570359724259069e-17
-0.6000000000000001 -0.039999999999999813 1.7468492895573833e-17
-0.6000000000000001 0.10000000000000009 7.130973242583191e-18
-0.6000000000000001 1.9200000000000004 6.458263895561968e-5
-0.6000000000000001 2.0599999999999996 0.0006717148544748925
-0.6000000000000001 2.2 0.005309711999628052
-0.6000000000000001 2.34 0.03173717523016925
-0.6000000000000001 2.4800000000000004 0.13671061614939373
-0.6000000000000001 2.62 0.4084413574243247
-0.6000000000000001 2.7600000000000007 0.8783771442682167
-0.6000000000000001 2.9 1.4841632675546237
-0.6000000000000001 3.0399999999999996 1.8730552283088386
-0.6000000000000001 3.18 1.4246563705136037
-0.6000000000000001 3.32 0.5446062736831732
-0.6000000000000001 3.4600000000000004 0.09575818846972606
-0.6000000000000001 3.6 0.007526638374238368
-0.6000000000000001 3.7399999999999993 0.0002664099448283772
-0.6000000000000001 3.88 4.433073476465176e-6
-0.6000000000000001 4.02 3.799540512995566e-8
-0.6000000000000001 4.16 1.8943292532208517e-10
-0.45999999999999996 -1.1600000000000001 -5.780875617706347e-17
-0.45999999999999996 -1.02 1.4130768735802416e-16
-0.45999999999999996 -0.8799999999999999 1.7285462368020468e-17
-0.45999999999999996 -0.7400000000000002 7.638865823344246e-17
-0.45999999999999996 -0.6000000000000001 1.9568617672937675e-16
-0.45999999999999996 -0.45999999999999996 3.110254627199922e-16
-0.45999999999999996 -0.32000000000000006 5.759548441312681e-17
-0.45999999999999996 -0.17999999999999994 4.2647527714062746e-17
-0.45999999999999996 -0.039999999999999813 -7.520599456376757e-18
-0.45999999999999996 0.10000000000000009 2.910026796314436e-17
-0.45999999999999996 1.9200000000000004 0.00017029653611183758
-0.45999999999999996 2.0599999999999996 0.0016418680595109139
-0.45999999999999996 2.2 0.011451943057631067
-0.45999999999999996 2.34 0.058765049514199995
-0.45999999999999996 2.4800000000000004 0.2146115920020732
-0.45999999999999996 2.62 0.524533988581724
-0.45999999999999996 2.7600000000000007 0.8732800357876974
-0.45999999999999996 2.9 1.1681090494066957
-0.45999999999999996 3.0399999999999996 1.3074155986046085
-0.45999999999999996 3.18 0.9296734600774491
-0.45999999999999996 3.32 0.32838030335353247
-0.45999999999999996 3.4600000000000004 0.05208238379490381
-0.45999999999999996 3.6 0.0036610096063022274
-0.45999999999999996 3.7399999999999993 0.0001188442490184662
-0.45999999999999996 3.88 1.9320654209396382e-6
-0.45999999999999996 4.02 1.7541974445534292e-8
-0.45999999999999996 4.16 9.661916908962489e-11
-0.32000000000000006 -1.1600000000000001 1.8148653270393245e-17
-0.32000000000000006 -1.02 3.458603666058223e-17
-0.32000000000000006 -0.8799999999999999 1.3762815281727742e-17
-0.32000000000000006 -0.7400000000000002 1.0502036818886342e-17
-0.32000000000000006 -0.6000000000000001 -7.2006207729419e-17
-0.32000000000000006 -0.45999999999999996 -5.62247752395122e-17
-0.32000000000000006 -0.32000000000000006 -6.02094513590657e-17
-0.32000000000000006 -0.17999999999999994 -9.324120667816762e-18
-0.32000000000000006 -0.039999999999999813 -3.4896628150729064e-19
-0.32000000000000006 0.10000000000000009 1.114607942294996e-17
-0.32000000000000006 1.9200000000000004 0.0001584022688990873
-0.32000000000000006 2.0599999999999996 0.0014321387698403517
-0.32000000000000006 2.2 0.008788356372799658
-0.32000000000000006 2.34 0.03758314108041172
-0.32000000000000006 2.4800000000000004 0.11353518947598563
-0.32000000000000006 2.62 0.23135015236526021
-0.32000000000000006 2.7600000000000007 0.315166415753084
-0.32000000000000006 2.9 0.356464474970724
-0.32000000000000006 3.0399999999999996 0.3738377939600013
-0.32000000000000006 3.18 0.2530706228057657
-0.32000000000000006 3.32 0.08262355744303433
-0.32000000000000006 3.4600000000000004 0.011891924225484456
-0.32000000000000006 3.6 0.0007806932590228371
-0.32000000000000006 3.7399999999999993 2.639216281316513e-5
-0.32000000000000006 3.88 5.071113394603694e-7
-0.32000000000000006 4.02 5.559460755760684e-9
-0.32000000000000006 4.16 3.476415593294986e-11
-0.17999999999999994 -1.1600000000000001 3.464375163181747e-18
-0.17999999999999994 -1.02 -9.682975821079105e-19
-0.17999999999999994 -0.8799999999999999 4.345550035668813e-18
-0.17999999999999994 -0.7400000000000002 -1.4151415814643234e-18
-0.17999999999999994 -0.6000000000000001 -1.0629642992706548e-16
-0.17999999999999994 -0.45999999999999996 -1.5505356492836864e-16
-0.17999999999999994 -0.32000000000000006 -5.550287554807512e-17
-0.17999999999999994 -0.17999999999999994 -1.221533184120887e-17
-0.17999999999999994 -0.039999999999999813 1.298820332913108e-18
-0.17999999999999994 0.10000000000000009 9.476055823072201e-19
-0.17999999999999994 1.9200000000000004 3.473531593028036e-5
-0.17999999999999994 2.0599999999999996 0.00030590031405740894
-0.17999999999999994 2.2 0.0017649468985508386
-0.17999999999999994 2.34 0.006778181688821057
-0.17999999999999994 2.4800000000000004 0.017891348241964596
-0.17999999999999994 2.62 0.032000758672525866
-0.17999999999999994 2.7600000000000007 0.03921567505808828
-0.17999999999999994 2.9 0.043514426018817054
-0.17999999999999994 3.0399999999999996 0.04620077668493267
-0.17999999999999994 3.18 0.029542642084806416
-0.17999999999999994 3.32 0.008675778558392083
-0.17999999999999994 3.4600000000000004 0.0011055376871362877
-0.17999999999999994 3.6 6.875853627954987e-5
-0.17999999999999994 3.7399999999999993 2.6504427458048956e-6
-0.17999999999999994 3.88 6.30364802570786e-8
-0.17999999999999994 4.02 7.819875333329888e-10
-0.17999999999999994 4.16 5.1302060407724226e-12
-0.039999999999999813 -1.1600000000000001 -1.2015210794208527e-21
-0.039999999999999813 -1.02 -2.8019293862399707e-19
-0.039999999999999813 -0.8799999999999999 -1.3016195351583703e-19
-0.039999999999999813 -0.7400000000000002 -4.0148828849683275e-19
-0.039999999999999813 -0.6000000000000001 9.40716647381789e-18
-0.039999999999999813 -0.45999999999999996 1.5112436534829363e-17
-0.039999999999999813 -0.32000000000000006 4.4024221501979945e-18
-0.039999999999999813 -0.17999999999999994 1.7910884175275688e-19
-0.039999999999999813 -0.039999999999999813 2.075209855116478e-19
-0.039999999999999813 0.10000000000000009 2.122449399173049e-20
-0.039999999999999813 1.9200000000000004 1.8981811876567706e-6
-0.039999999999999813 2.0599999999999996 1.650679257988873e-5
-0.039999999999999813 2.2 9.203886709790354e-5
-0.039999999999999813 2.34 0.00033071463644468576
-0.039999999999999813 2.4800000000000004 0.0007957800244286722
-0.039999999999999813 2.62 0.0013172857551455991
-0.039999999999999813 2.7600000000000007 0.0016471080433071892
-0.039999999999999813 2.9 0.002125972256512912
-0.039999999999999813 3.0399999999999996 0.0023615173706227712
-0.039999999999999813 3.18 0.0013910929019972556
-0.039999999999999813 3.32 0.00035228036848398617
-0.039999999999999813 3.4600000000000004 3.5818421882794766e-5
-0.039999999999999813 3.6 1.6928867490096026e-6
-0.039999999999999813 3.7399999999999993 6.219019744198397e-8
-0.039999999999999813 3.88 1.6570825342533604e-9
-0.039999999999999813 4.02 2.059168449740099e-11
-0.039999999999999813 4.16 1.2844592845551555e-13
0.10000000000000009 -1.1600000000000001 -6.6498463314253196e-21
0.10000000000000009 -1.02 -1.6612395856833508e-20
0.10000000000000009 -0.8799999999999999 -3.6308574703710343e-19
0.10000000000000009 -0.7400000000000002 -2.3172144678148207e-18
0.10000000000000009 -0.6000000000000001 -3.2833738182693804e-18
0.10000000000000009 -0.45999999999999996 -5.409904439429648e-18
0.10000000000000009 -0.32000000000000006 -2.8521117232421444e-18
0.10000000000000009 -0.17999999999999994 1.9648107231080984e-19
0.10000000000000009 -0.039999999999999813 5.219839922075899e-20
0.10000000000000009 0.10000000000000009 1.1402625861690664e-21
0.10000000000000009 1.9200000000000004 2.7381895354648678e-8
0.10000000000000009 2.0599999999999996 2.3661531437836645e-7
0.10000000000000009 2.2 1.2915207403362663e-6
0.10000000000000009 2.34 4.4410608116379225e-6
0.10000000000000009 2.4800000000000004 1.0051795887063467e-5
0.10000000000000009 2.62 1.626068564456757e-5
0.10000000000000009 2.7600000000000007 2.3117525901065964e-5
0.10000000000000009 2.9 3.562709353794387e-5
0.10000000000000009 3.0399999999999996 3.9509585764683284e-5
0.10000000000000009 3.18 2.0940167261474368e-5
0.10000000000000009 3.32 4.344243338114155e-6
0.10000000000000009 3.4600000000000004 2.5005571229186983e-7
0.10000000000000009 3.6 -8.182997273715946e-9
0.10000000000000009 3.7399999999999993 -9.899644830237513e-10
0.10000000000000009 3.88 -3.013960777456899e-11
0.10000000000000009 4.02 -4.652325385571045e-13
0.10000000000000009 4.16 -3.625963368537338e-15
2.0599999999999996 -1.1600000000000001 8.194326337686283e-10
2.0599999999999996 -1.02 1.1410153233099421e-7
2.0599999999999996 -0.8799999999999999 5.185338902203555e-6
2.0599999999999996 -0.7400000000000002 9.509542159136084e-5
2.0599999999999996 -0.6000000000000001 0.0006500084655863457
2.0599999999999996 -0.45999999999999996 0.0012243111538431813
2.0599999999999996 -0.32000000000000006 0.0005081477346497724
2.0599999999999996 -0.17999999999999994 2.8801265583910056e-5
2.0599999999999996 -0.039999999999999813 -1.0822603691224906e-6
2.0599999999999996 0.10000000000000009 -2.6516789815411504e-8
2.0599999999999996 1.9200000000000004 -1.0707762880139998e-7
2.0599999999999996 2.0599999999999996 -9.809814256796053e-7
2.0599999999999996 2.2 -5.6519962597640495e-6
2.0599999999999996 2.34 -2.0906115865832837e-5
2.0599999999999996 2.4800000000000004 -4.977241048516826e-5
2.0599999999999996 2.62 -5.1545553838071875e-5
2.0599999999999996 2.7600000000000007 0.00013824328492245333
2.0599999999999996 2.9 0.0006650101724761648
2.0599999999999996 3.0399999999999996 0.0011430051389248008
2.0599999999999996 3.18 0.0009239579314990442
2.0599999999999996 3.32 0.0003388618364920774
2.0599999999999996 3.4600000000000004 5.395402433982098e-5
2.0599999999999996 3.6 3.803201726012596e-6
2.0599999999999996 3.7399999999999993 1.2737422979468676e-7
2.0599999999999996 3.88 1.979700162175829e-9
2.0599999999999996 4.02 1.0222035833412273e-11
2.0599999999999996 4.16 -2.0069549374737252e-14
2.2 -1.1600000000000001 2.6865452191759736e-9
2.2 -1.02 4.870875840164264e-7
2.2 -0.8799999999999999 3.310541774310288e-5
2.2 -0.7400000000000002 0.0007864505031166178
2.2 -0.6000000000000001 0.005416972002463451
2.2 -0.45999999999999996 0.009485844871450223
2.2 -0.32000000000000006 0.0037925683804043795
2.2 -0.17999999999999994 0.0002574276198226193
2.2 -0.039999999999999813 -2.918290754913037e-6
2.2 0.10000000000000009 -1.1848675673380364e-7
2.2 1.9200000000000004 -4.4597409828818444e-7
2.2 2.0599999999999996 -4.1172296142660685e-6
2.2 2.2 -2.3886685797333325e-5
2.2 2.34 -8.907829426505196e-5
2.2 2.4800000000000004 -0.00021123020385837012
2.2 2.62 -0.00016261580907123575
2.2 2.7600000000000007 0.00109685062357992
2.2 2.9 0.004822348682179227
2.2 3.0399999999999996 0.008642638051972943
2.2 3.18 0.007302543624173116
2.2 3.32 0.0027869422735817963
2.2 3.4600000000000004 0.0004627966262218214
2.2 3.6 3.40110674936399e-5
2.2 3.7399999999999993 1.1810979834641048e-6
2.2 3.88 1.9940607838028094e-8
2.2 4.02 1.4797438166799844e-10
2.2 4.16 3.584655185365026e-13
2.34 -1.1600000000000001 1.7389642423224936e-8
2.34 -1.02 3.544543310351086e-6
2.34 -0.8799999999999999 0.000247886561146806
2.34 -0.7400000000000002 0.005410145705851329
2.34 -0.6000000000000001 0.03320581393304895
2.34 -0.45999999999999996 0.05320639551109878
2.34 -0.32000000000000006 0.020655131329435666
2.34 -0.17999999999999994 0.0016245162875696405
2.34 -0.039999999999999813 8.877678714375686e-6
2.34 0.10000000000000009 -2.7777962286544585e-7
2.34 1.9200000000000004 -1.1769225604418022e-6
2.34 2.0599999999999996 -1.0945252922353521e-5
2.34 2.2 -6.344589139630295e-5
2.34 2.34 -0.00023358961390988983
2.34 2.4800000000000004 -0.0005167639746496106
2.34 2.62 4.446039266214054e-5
2.34 2.7600000000000007 0.006149282728451313
2.34 2.9 0.024854669271633423
2.34 3.0399999999999996 0.04578040290246748
2.34 3.18 0.03996529613327251
2.34 3.32 0.015737578353405217
2.34 3.4600000000000004 0.0027063171970428276
2.34 3.6 0.00020632256923515337
2.34 3.7399999999999993 7.422959709839823e-6
2.34 3.88 1.3376407992901676e-7
2.34 4.02 1.1917794762182727e-9
2.34 4.16 4.8771459762630206e-12
2.4800000000000004 -1.1600000000000001 1.6739458976857008e-7
2.4800000000000004 -1.02 2.9222782961101883e-5
2.4800000000000004 -0.8799999999999999 0.001632777057957707
2.4800000000000004 -0.7400000000000002 0.02820002409565005
2.4800000000000004 -0.6000000000000001 0.14408002723215
2.4800000000000004 -0.45999999999999996 0.20635667938853758
2.4800000000000004 -0.32000000000000006 0.07729616632583108
2.4800000000000004 -0.17999999999999994 0.006695708084114365
2.4800000000000004 -0.039999999999999813 0.00010054590807216987
2.4800000000000004 0.10000000000000009 -6.14439178123291e-8
2.4800000000000004 1.9200000000000004 -1.312992612888792e-6
2.4800000000000004 2.0599999999999996 -1.256960699351073e-5
2.4800000000000004 2.2 -7.078044113693889e-5
2.4800000000000004 2.34 -0.00022915896280189846
2.4800000000000004 2.4800000000000004 -0.00023466034293382604
2.4800000000000004 2.62 0.002897108369835907
2.4800000000000004 2.7600000000000007 0.024341399141892314
2.4800000000000004 2.9 0.09102659890613893
2.4800000000000004 3.0399999999999996 0.1703087966796395
2.4800000000000004 3.18 0.15205091234445975
2.4800000000000004 3.32 0.061248475735602485
2.4800000000000004 3.4600000000000004 0.010813561120494078
2.4800000000000004 3.6 0.000847541359175285
2.4800000000000004 3.7399999999999993 3.1242199453845e-5
2.4800000000000004 3.88 5.833741579994279e-7
2.4800000000000004 4.02 5.6589628384195344e-9
2.4800000000000004 4.16 2.728969289772389e-11
2.62 -1.1600000000000001 1.0456243133969825e-6
2.62 -1.02 0.0001635837731582784
2.62 -0.8799999999999999 0.007638117172849149
2.62 -0.7400000000000002 0.10436333343325255
2.62 -0.6000000000000001 0.42305945635307235
2.62 -0.45999999999999996 0.5165661273280585
2.62 -0.32000000000000006 0.18404384693177736
2.62 -0.17999999999999994 0.017454886125873842
2.62 -0.039999999999999813 0.00039177305175302726
2.62 0.10000000000000009 1.945107944976264e-6
2.62 1.9200000000000004 5.056805908453043e-6
2.62 2.0599999999999996 4.450075920353314e-5
2.62 2.2 0.00028213393589342884
2.62 2.34 0.0013367934078089005
2.62 2.4800000000000004 0.004988052912343959
2.62 2.62 0.01780728506578203
2.62 2.7600000000000007 0.07137005978217349
2.62 2.9 0.23148195326769558
2.62 3.0399999999999996 0.4281303964625822
2.62 3.18 0.3857150615348477
2.62 3.32 0.1574944967547321
2.62 3.4600000000000004 0.028310487566475286
2.62 3.6 0.002261244837895179
2.62 3.7399999999999993 8.443752231577729e-5
2.62 3.88 1.595766056229216e-6
2.62 4.02 1.603182756557229e-8
2.62 4.16 8.313631543094835e-11
2.7600000000000007 -1.1600000000000001 3.978119126782938e-6
2.7600000000000007 -1.02 0.0005828496340554137
2.7600000000000007 -0.8799999999999999 0.024242401940936374
2.7600000000000007 -0.7400000000000002 0.27489526506673867
2.7600000000000007 -0.6000000000000001 0.8669779084083692
2.7600000000000007 -0.45999999999999996 0.8436278355753777
2.7600000000000007 -0.32000000000000006 0.2828062811879445
2.7600000000000007 -0.17999999999999994 0.031295746543209754
2.7600000000000007 -0.039999999999999813 0.0009839215983055193
2.7600000000000007 0.10000000000000009 7.76956306575635e-6
2.7600000000000007 1.9200000000000004 3.712141154186595e-5
2.7600000000000007 2.0599999999999996 0.0003361197336270067
2.7600000000000007 2.2 0.002117201997790977
2.7600000000000007 2.34 0.009633303001557705
2.7600000000000007 2.4800000000000004 0.03220741231763134
2.7600000000000007 2.62 0.08142732814412548
2.7600000000000007 2.7600000000000007 0.18735391529038686
2.7600000000000007 2.9 0.43717393422131157
2.7600000000000007 3.0399999999999996 0.7338010502490253
2.7600000000000007 3.18 0.6472071521290588
2.7600000000000007 3.32 0.2643673481205803
2.7600000000000007 3.4600000000000004 0.04796275029793792
2.7600000000000007 3.6 0.00387032988549756
2.7600000000000007 3.7399999999999993 0.00014483256099727786
2.7600000000000007 3.88 2.7229992494265503e-6
2.7600000000000007 4.02 2.7563237180659504e-8
2.7600000000000007 4.16 1.4825002380237344e-10
2.9 -1.1600000000000001 9.066848192975128e-6
2.9 -1.02 0.0012860940417113668
2.9 -0.8799999999999999 0.05060370978763489
2.9 -0.7400000000000002 0.5202321223941978
2.9 -0.6000000000000001 1.3866482257610133
2.9 -0.45999999999999996 1.0888236977183003
2.9 -0.32000000000000006 0.3396915292599118
2.9 -0.17999999999999994 0.043588454722771675
2.9 -0.039999999999999813 0.001662487559775244
2.9 0.10000000000000009 1.501669693256759e-5
2.9 1.9200000000000004 0.00011170265564038153
2.9 2.0599999999999996 0.001030429799867982
2.9 2.2 0.00661883182161977
2.9 2.34 0.030866493131172217
2.9 2.4800000000000004 0.10529964424437982
2.9 2.62 0.2545798596656749
2.9 2.7600000000000007 0.4578624360448762
2.9 2.9 0.7321414072705585
2.9 3.0399999999999996 0.9765688140031252
2.9 3.18 0.7848953785444064
2.9 3.32 0.308504076105503
2.9 3.4600000000000004 0.05485414823843813
2.9 3.6 0.004346254264950321
2.9 3.7399999999999993 0.00015834872564379434
2.9 3.88 2.8766469372747153e-6
2.9 4.02 2.848508772007791e-8
2.9 4.16 1.5457220235206645e-10
3.0399999999999996 -1.1600000000000001 1.1019989672888507e-5
3.0399999999999996 -1.02 0.0015661032583190535
3.0399999999999996 -0.8799999999999999 0.0618656676983573
3.0399999999999996 -0.7400000000000002 0.6386343989402088
3.0399999999999996 -0.6000000000000001 1.6877442696609315
3.0399999999999996 -0.45999999999999996 1.2419963134035457
3.0399999999999996 -0.32000000000000006 0.3358300571554539
3.0399999999999996 -0.17999999999999994 0.03915702556448508
3.0399999999999996 -0.039999999999999813 0.0014602439949799439
3.0399999999999996 0.10000000000000009 1.3100411995287202e-5
3.0399999999999996 1.9200000000000004 0.00015880942677116172
3.0399999999999996 2.0599999999999996 0.0015075375031473176
3.0399999999999996 2.2 0.010005797676469272
3.0399999999999996 2.34 0.048679965070858984
3.0399999999999996 2.4800000000000004 0.17434328694490617
3.0399999999999996 2.62 0.4358151550721787
3.0399999999999996 2.7600000000000007 0.752071070153361
3.0399999999999996 2.9 0.9995083311687767
3.0399999999999996 3.0399999999999996 1.0629137074856367
3.0399999999999996 3.18 0.7321195000851227
3.0399999999999996 3.32 0.26026417676055963
3.0399999999999996 3.4600000000000004 0.04262230861995984
3.0399999999999996 3.6 0.003105320982566118
3.0399999999999996 3.7399999999999993 0.00010302178466534607
3.0399999999999996 3.88 1.6966615910955539e-6
3.0399999999999996 4.02 1.5563673734356106e-8
3.0399999999999996 4.16 8.218460947242062e-11
3.18 -1.1600000000000001 6.104297864790531e-6
3.18 -1.02 0.0009057490139424927
3.18 -0.8799999999999999 0.038065872997700895
3.18 -0.7400000000000002 0.42678363269978686
3.18 -0.6000000000000001 1.233009808628372
3.18 -0.45999999999999996 0.9236255877496389
3.18 -0.32000000000000006 0.20009467233236852
3.18 -0.17999999999999994 0.016763110035117407
3.18 -0.039999999999999813 0.0005796836915237301
3.18 0.10000000000000009 5.588702663696422e-6
3.18 1.9200000000000004 9.956721353641441e-5
3.18 2.0599999999999996 0.0009917824756954226
3.18 2.2 0.0069612963743724355
3.18 2.34 0.03616791319443296
3.18 2.4800000000000004 0.13846487915591238
3.18 2.62 0.3656843628407901
3.18 2.7600000000000007 0.6457841838466498
3.18 2.9 0.8145650840908786
3.18 3.0399999999999996 0.7613047129046632
3.18 3.18 0.4547517588625903
3.18 3.32 0.14104869077582638
3.18 3.4600000000000004 0.019877478776062316
3.18 3.6 0.0012002336534393124
3.18 3.7399999999999993 3.111691645076113e-5
3.18 3.88 3.71971478222378e-7
3.18 4.02 2.3846445878131803e-9
3.18 4.16 9.989448970986194e-12
3.32 -1.1600000000000001 1.361516604163414e-6
3.32 -1.02 0.0002252865904122108
3.32 -0.8799999999999999 0.010725260412301282
3.32 -0.7400000000000002 0.13671220360893885
3.32 -0.6000000000000001 0.4381106477027405
3.32 -0.45999999999999996 0.3308710953060346
3.32 -0.32000000000000006 0.056065893354721855
3.32 -0.17999999999999994 0.00327729107588017
3.32 -0.039999999999999813 0.00016141965017221058
3.32 0.10000000000000009 2.2771490623649828e-6
3.32 1.9200000000000004 2.7055075987917934e-5
3.32 2.0599999999999996 0.00028978308086404284
3.32 2.2 0.002209462963197269
3.32 2.34 0.012497181085290403
3.32 2.4800000000000004 0.05140409074644427
3.32 2.62 0.1433194252481676
3.32 2.7600000000000007 0.2617670756084673
3.32 2.9 0.3268019989224227
3.32 3.0399999999999996 0.28459981409880797
3.32 3.18 0.15236027658990853
3.32 3.32 0.040985327300061075
3.32 3.4600000000000004 0.004655955333734932
3.32 3.6 0.00018472549364309122
3.32 3.7399999999999993 8.942793887689298e-7
3.32 3.88 -6.692786361644073e-8
3.32 4.02 -1.1974881042084594e-9
3.32 4.16 -7.856651713662366e-12
3.4600000000000004 -1.1600000000000001 1.1655457053742393e-7
3.4600000000000004 -1.02 2.4014352040698063e-5
3.4600000000000004 -0.8799999999999999 0.0013626154219531818
3.4600000000000004 -0.7400000000000002 0.019758798459940198
3.4600000000000004 -0.6000000000000001 0.06806454513897302
3.4600000000000004 -0.45999999999999996 0.05038328500645889
3.4600000000000004 -0.32000000000000006 0.006806528298464478
3.4600000000000004 -0.17999999999999994 0.0004098360927289366
3.4600000000000004 -0.039999999999999813 3.913592036521547e-5
3.4600000000000004 0.10000000000000009 6.449246841397436e-7
3.4600000000000004 1.9200000000000004 3.444377182331732e-6
3.4600000000000004 2.0599999999999996 3.980322669900807e-5
3.4600000000000004 2.2 0.0003310142954160788
3.4600000000000004 2.34 0.0020228833539972955
3.4600000000000004 2.4800000000000004 0.008785820882844773
3.4600000000000004 2.62 0.02545259723399689
3.4600000000000004 2.7600000000000007 0.047732801457740885
3.4600000000000004 2.9 0.059461632024662314
3.4600000000000004 3.0399999999999996 0.049466722223788354
3.4600000000000004 3.18 0.02440705396385014
3.4600000000000004 3.32 0.005787503604982253
3.4600000000000004 3.4600000000000004 0.0005043543355909185
3.4600000000000004 3.6 3.749708439197965e-6
3.4600000000000004 3.7399999999999993 -1.0109341218613386e-6
3.4600000000000004 3.88 -3.493947009407684e-8
3.4600000000000004 4.02 -4.5234192720492567e-10
3.4600000000000004 4.16 -2.7469736154640022e-12
3.6 -1.1600000000000001 4.4220316376564966e-9
3.6 -1.02 1.2180254892127373e-6
3.6 -0.8799999999999999 7.997141507792837e-5
3.6 -0.7400000000000002 0.0012507737562722201
3.6 -0.6000000000000001 0.004423190246505659
3.6 -0.45999999999999996 0.003159779641946512
3.6 -0.32000000000000006 0.000366564663234796
3.6 -0.17999999999999994 3.5043877382958383e-5
3.6 -0.039999999999999813 4.117363611873387e-6
3.6 0.10000000000000009 6.666026942453674e-8
3.6 1.9200000000000004 2.1130189344885703e-7
3.6 2.0599999999999996 2.581548897512187e-6
3.6 2.2 2.316382242148488e-5
3.6 2.34 0.00015037040167877492
3.6 2.4800000000000004 0.0006751889465428093
3.6 2.62 0.0019958679754461858
3.6 2.7600000000000007 0.0037983266451911044
3.6 2.9 0.004713514850806273
3.6 3.0399999999999996 0.0037933027440905523
3.6 3.18 0.0017741385847902236
3.6 3.32 0.0003908546544225904
3.6 3.4600000000000004 2.8712931281374898e-5
3.6 3.6 -5.279557486512038e-7
3.6 3.7399999999999993 -1.1365655299200073e-7
3.6 3.88 -3.5666906168692005e-9
3.6 4.02 -4.540044696027516e-11
3.6 4.16 -2.752680937888087e-13
3.7399999999999993 -1.1600000000000001 1.0902162574918654e-10
3.7399999999999993 -1.02 3.226574700736925e-8
3.7399999999999993 -0.8799999999999999 2.1607026243026395e-6
3.7399999999999993 -0.7400000000000002 3.3888269592619596e-5
3.7399999999999993 -0.6000000000000001 0.00011881701372946793
3.7399999999999993 -0.45999999999999996 8.276340762451396e-5
3.7399999999999993 -0.32000000000000006 9.596169644139979e-6
3.7399999999999993 -0.17999999999999994 1.3460678269806523e-6
3.7399999999999993 -0.039999999999999813 1.4897650666983824e-7
3.7399999999999993 0.10000000000000009 2.322022365582406e-9
3.7399999999999993 1.9200000000000004 4.620194542803408e-9
3.7399999999999993 2.0599999999999996 6.461490004967124e-8
3.7399999999999993 2.2 6.760400621332224e-7
3.7399999999999993 2.34 4.846487264593885e-6
3.7399999999999993 2.4800000000000004 2.2679699474559075e-5
3.7399999999999993 2.62 6.794109126713075e-5
3.7399999999999993 2.7600000000000007 0.00012993223286314893
3.7399999999999993 2.9 0.00015985856590366787
3.7399999999999993 3.0399999999999996 0.00012518248742334487
3.7399999999999993 3.18 5.695431821191325e-5
3.7399999999999993 3.32 1.2630738862847726e-5
3.7399999999999993 3.4600000000000004 1.0559028102651278e-6
3.7399999999999993 3.6 3.097043225253905e-9
3.7399999999999993 3.7399999999999993 -2.938539523538271e-9
3.7399999999999993 3.88 -1.1015450103361884e-10
3.7399999999999993 4.02 -1.5024840134606971e-12
3.7399999999999993 4.16 -9.347652428246565e-15
3.88 -1.1600000000000001 1.6596688957026799e-12
3.88 -1.02 4.1459538414601466e-10
3.88 -0.8799999999999999 2.5692812420879243e-8
3.88 -0.7400000000000002 3.8629586023185084e-7
3.88 -0.6000000000000001 1.3269944431197332e-6
3.88 -0.45999999999999996 9.328395077662919e-7
3.88 -0.32000000000000006 1.2653387726946703e-7
3.88 -0.17999999999999994 1.9468685670234595e-8
3.88 -0.039999999999999813 1.8788912679567175e-9
3.88 0.10000000000000009 2.8259439769678804e-11
3.88 1.9200000000000004 -9.657559615819255e-12
3.88 2.0599999999999996 2.823979706875816e-10
3.88 2.2 6.793222836580434e-9
3.88 2.34 6.406726696132563e-8
3.88 2.4800000000000004 3.27916312141287e-7
3.88 2.62 1.0031129165722333e-6
3.88 2.7600000000000007 1.9207413658937838e-6
3.88 2.9 2.3421522777599103e-6
3.88 3.0399999999999996 1.801327441291509e-6
3.88 3.18 8.177832917977726e-7
3.88 3.32 1.9478785728984014e-7
3.88 3.4600000000000004 2.1468054625043348e-8
3.88 3.6 8.491919069188172e-10
3.88 3.7399999999999993 -8.24374265229144e-12
3.88 3.88 -1.0412174543563708e-12
3.88 4.02 -1.739175602142312e-14
3.88 4.16 -1.149035260064941e-16
4.02 -1.1600000000000001 1.08667700108448e-14
4.02 -1.02 2.2848372831375797e-12
4.02 -0.8799999999999999 1.2882741803153084e-10
4.02 -0.7400000000000002 1.838947406144582e-9
4.02 -0.6000000000000001 6.222777289288814e-9
4.02 -0.45999999999999996 4.5795351045538635e-9
4.02 -0.32000000000000006 7.615426204053495e-10
4.02 -0.17999999999999994 1.0512074331152996e-10
4.02 -0.039999999999999813 8.572851648701515e-12
4.02 0.10000000000000009 1.2469867519791763e-13
4.02 1.9200000000000004 -8.791876727867475e-13
4.02 2.0599999999999996 -5.085905872687941e-12
4.02 2.2 1.1152630950297544e-11
4.02 2.34 3.3666574244667337e-10
4.02 2.4800000000000004 2.0533097425456135e-9
4.02 2.62 6.5220919861532e-9
4.02 2.7600000000000007 1.2591024297654411e-8
4.02 2.9 1.5516420718965288e-8
4.02 3.0399999999999996 1.2190376024517785e-8
4.02 3.18 5.754228554882041e-9
4.02 3.32 1.4745994141836462e-9
4.02 3.4600000000000004 1.858621482741848e-10
4.02 3.6 9.723962867926422e-12
4.02 3.7399999999999993 8.576047024790746e-14
4.02 3.88 -5.213549837323144e-15
4.02 4.02 -1.0777864427436842e-16
4.02 4.16 -7.482842956343836e-19
