6.96 6.96 -2.1950941301454002e-29
6.96 7.08 2.6940860847833148e-30
6.96 7.200000000000001 -4.260928147417726e-31
6.96 7.32 2.3092686488720186e-29
6.96 7.44 1.373641850709884e-28
6.96 7.799999999999999 -8.481496794458141e-18
6.96 7.92 5.630527068697413e-15
6.96 8.04 1.3364481041727414e-18
6.96 9.36 5.28907928120828e-19
6.96 9.48 9.39843088975687e-17
6.96 9.6 4.993810066590212e-15
6.96 9.719999999999999 7.877597749055708e-14
6.96 9.84 3.799047254144224e-13
6.96 9.96 5.79839303453473e-13
6.96 10.08 2.907664415923076e-13
6.96 10.2 5.028782599478564e-14
6.96 10.32 3.188059753289939e-15
6.96 10.44 7.54030568109781e-17
6.96 10.56 6.057030305282784e-19
7.08 6.96 -6.136566832938296e-20
7.08 7.08 -2.8879762890584934e-21
7.08 7.200000000000001 -7.65668904259421e-21
7.08 7.32 1.015012795695916e-19
7.08 7.44 2.124857379658068e-20
7.08 7.799999999999999 1.6052375056229526e-6
7.08 7.92 0.0020414503881400355
7.08 8.04 -2.0700723315730534e-9
7.08 9.36 2.4433493025112434e-9
7.08 9.48 1.794126630309048e-7
7.08 9.6 5.017771326812894e-6
7.08 9.719999999999999 6.159080246194829e-5
7.08 9.84 0.0003459387141941584
7.08 9.96 0.0008875765608119042
7.08 10.08 0.000989503744614399
7.08 10.2 0.0004146600455598204
7.08 10.32 5.5892793565621974e-5
7.08 10.44 2.1596914563488685e-6
7.08 10.56 2.217419216538676e-8
7.200000000000001 6.96 -2.4654562981260168e-17
7.200000000000001 7.08 1.2455084123549326e-18
7.200000000000001 7.200000000000001 -1.122059309482905e-16
7.200000000000001 7.32 3.876336058732982e-17
7.200000000000001 7.44 -3.613645493832249e-17
7.200000000000001 7.799999999999999 4.278691561909302e-6
7.200000000000001 7.92 11.57256179392247
7.200000000000001 8.04 3.0254703162267703e-5
7.200000000000001 9.36 1.602867340932479e-5
7.200000000000001 9.48 0.0013854258296550634
7.200000000000001 9.6 0.04113040560134677
7.200000000000001 9.719999999999999 0.45385983286700826
7.200000000000001 9.84 2.003712731710029
7.200000000000001 9.96 3.8817823802484512
7.200000000000001 10.08 3.4690267347797787
7.200000000000001 10.2 1.2949261515063493
7.200000000000001 10.32 0.16392940437506084
7.200000000000001 10.44 0.005799894045024937
7.200000000000001 10.56 5.1118573085223795e-5
7.32 6.96 -1.720012791705892e-18
7.32 7.08 -2.256541488677022e-20
7.32 7.200000000000001 4.824838846792196e-21
7.32 7.32 3.910307197192814e-20
7.32 7.44 -2.5303155284257523e-21
7.32 7.799999999999999 4.047430672396565e-9
7.32 7.92 0.13231405349361902
7.32 8.04 0.001354166308354511
7.32 9.36 2.352998174919271e-10
7.32 9.48 2.593232805339622e-8
7.32 9.6 9.318778814131946e-7
7.32 9.719999999999999 1.1190887671523268e-5
7.32 9.84 5.2625023954061985e-5
7.32 9.96 0.00012136261393258448
7.32 10.08 0.00014549018439797418
7.32 10.2 7.014180322650337e-5
7.32 10.32 9.791490497133493e-6
7.32 10.44 3.301990320719333e-7
7.32 10.56 2.490050273743039e-9
7.44 6.96 2.996406859509653e-22
7.44 7.08 -1.2716642598974098e-24
7.44 7.200000000000001 -9.247893550125289e-25
7.44 7.32 -2.3255720194196376e-25
7.44 7.44 -2.039688387831172e-25
7.44 7.799999999999999 2.7577273491921215e-12
7.44 7.92 5.700927154509949e-7
7.44 8.04 -9.918161296922478e-9
7.44 9.36 1.5370047101917904e-21
7.44 9.48 1.2448662505686597e-19
7.44 9.6 3.837184727665273e-18
7.44 9.719999999999999 4.002841721146196e-17
7.44 9.84 1.5879755331838512e-16
7.44 9.96 2.9420793189695773e-16
7.44 10.08 2.7428959846598393e-16
7.44 10.2 7.791048243622726e-17
7.44 10.32 -4.609353490897087e-18
7.44 10.44 -1.0827992236256637e-18
7.44 10.56 -1.9004559881243112e-20
7.799999999999999 6.96 -1.4675877103483185e-14
7.799999999999999 7.08 -7.13454393673917e-5
7.799999999999999 7.200000000000001 -3.974473498001709e-5
7.799999999999999 7.32 6.189305936642566e-9
7.799999999999999 7.44 6.612742947370352e-17
7.799999999999999 7.799999999999999 1.4914626617909763e-21
7.799999999999999 7.92 8.252748785797215e-17
7.799999999999999 8.04 -4.714660337030516e-20
7.799999999999999 9.36 5.146189503912693e-11
7.799999999999999 9.48 2.391101150230195e-9
7.799999999999999 9.6 3.8511208514165066e-8
7.799999999999999 9.719999999999999 2.6208778404672397e-7
7.799999999999999 9.84 8.428393390698749e-7
7.799999999999999 9.96 1.2071107247923968e-6
7.799999999999999 10.08 6.539018973767663e-7
7.799999999999999 10.2 1.148558955201026e-7
7.799999999999999 10.32 5.970071039907681e-9
7.799999999999999 10.44 8.770616257079733e-11
7.799999999999999 10.56 3.551412405356395e-13
7.92 6.96 2.9105582166896173e-14
7.92 7.08 0.004718144771711279
7.92 7.200000000000001 11.570438765348532
7.92 7.32 0.0028399240197224673
7.92 7.44 1.6720207102884583e-13
7.92 7.799999999999999 1.1174966828713813e-16
7.92 7.92 1.3995788750616358e-15
7.92 8.04 -1.8882155345844868e-17
7.92 9.36 3.165824864021155e-5
7.92 9.48 0.0022081276282999306
7.92 9.6 0.05221778908516953
7.92 9.719999999999999 0.4805654200100896
7.92 9.84 1.9749246308972748
7.92 9.96 3.856298647587656
7.92 10.08 3.492847402779261
7.92 10.2 1.3111255927640402
7.92 10.32 0.16875916152386405
7.92 10.44 0.00615510814732196
7.92 10.56 5.591854367545066e-5
8.04 6.96 -9.525942609513208e-18
8.04 7.08 -3.458764646435155e-9
8.04 7.200000000000001 1.2914047419303834e-5
8.04 7.32 3.316043535889885e-6
8.04 7.44 1.0053682029879702e-14
8.04 7.799999999999999 1.2698702929916316e-20
8.04 7.92 -1.402310779300326e-15
8.04 8.04 7.949916906221667e-19
8.04 9.36 2.134912610527539e-11
8.04 9.48 4.482185515566437e-9
8.04 9.6 3.426358055761554e-7
8.04 9.719999999999999 8.887913523177861e-6
8.04 9.84 8.37727891124753e-5
8.04 9.96 0.0003116416472713571
8.04 10.08 0.0004486010413497606
8.04 10.2 0.00022508094845997685
8.04 10.32 3.584632893736727e-5
8.04 10.44 1.694867978489799e-6
8.04 10.56 2.2398520883684672e-8
9.36 6.96 6.065131199392695e-18
9.36 7.08 3.413992385589458e-9
9.36 7.200000000000001 2.1759579236124305e-5
9.36 7.32 5.905300411613409e-9
9.36 7.44 3.242424077539867e-14
9.36 7.799999999999999 5.018458322872639e-10
9.36 7.92 2.601844453180902e-5
9.36 8.04 6.61425732822185e-11
9.36 9.36 -7.94904903323484e-22
9.36 9.48 8.595571914550035e-22
9.36 9.6 7.160070461214662e-22
9.36 9.719999999999999 -1.2762404651285227e-24
9.36 9.84 -2.9891768113652486e-23
9.36 9.96 -1.0975809198554733e-20
9.36 10.08 6.1262749879570145e-21
9.36 10.2 -1.6958782142987936e-22
9.36 10.32 -1.0342998199248684e-21
9.36 10.44 2.6898241551533677e-21
9.36 10.56 2.170928029632054e-22
9.48 6.96 5.571565594559027e-16
9.48 7.08 3.318877280221645e-7
9.48 7.200000000000001 0.0018251884825254139
9.48 7.32 8.468290551564329e-7
9.48 7.44 5.378339628876144e-12
9.48 7.799999999999999 1.7384742804317804e-8
9.48 7.92 0.0019366014343102091
9.48 8.04 9.54425329429916e-9
9.48 9.36 -5.693312851119559e-20
9.48 9.48 -1.343897303210253e-20
9.48 9.6 5.0862944922002275e-20
9.48 9.719999999999999 -4.721258878982855e-22
9.48 9.84 -7.87851605023094e-23
9.48 9.96 -7.048068815799069e-21
9.48 10.08 1.9792410921657835e-19
9.48 10.2 -7.619002012430063e-20
9.48 10.32 -9.383224350543625e-20
9.48 10.44 1.993770030280625e-19
9.48 10.56 4.404501844077022e-21
9.6 6.96 1.7338077127046845e-14
9.6 7.08 1.1259966084861826e-5
9.6 7.200000000000001 0.04975501783773149
9.6 7.32 5.220597522077116e-5
9.6 7.44 2.6008062536417835e-10
9.6 7.799999999999999 2.8011641762084606e-7
9.6 7.92 0.04954160500508971
9.6 8.04 4.3408280032105463e-7
9.6 9.36 -1.2464053166436883e-18
9.6 9.48 -4.461432135548405e-19
9.6 9.6 1.1290647576197125e-18
9.6 9.719999999999999 -3.3123152339317434e-20
9.6 9.84 1.6360998839497747e-19
9.6 9.96 1.8286044910741895e-19
9.6 10.08 2.2572258898284693e-18
9.6 10.2 -1.573476224864401e-18
9.6 10.32 -1.66806956708712e-18
9.6 10.44 2.831219456423747e-18
9.6 10.56 9.806012119175e-19
9.719999999999999 6.96 1.9152245104325343e-13
9.719999999999999 7.08 0.00014254364337679227
9.719999999999999 7.200000000000001 0.488837670321592
9.719999999999999 7.32 0.0011237453324313418
9.719999999999999 7.44 3.873578741164923e-9
9.719999999999999 7.799999999999999 1.593069012264161e-6
9.719999999999999 7.92 0.4882928962377975
9.719999999999999 8.04 7.969566278869617e-6
9.719999999999999 9.36 -8.027059603926636e-18
9.719999999999999 9.48 3.063609029667123e-19
9.719999999999999 9.6 7.888784556348168e-18
9.719999999999999 9.719999999999999 -6.14840822049624e-19
9.719999999999999 9.84 4.471453290627964e-18
9.719999999999999 9.96 -1.5803633773316653e-17
9.719999999999999 10.08 2.2399429198288947e-17
9.719999999999999 10.2 -5.587630519403164e-18
9.719999999999999 10.32 -1.70109475994773e-17
9.719999999999999 10.44 9.154148979223851e-18
9.719999999999999 10.56 1.3760467240537252e-17
9.84 6.96 7.720428325699607e-13
9.84 7.08 0.0007034569079664902
9.84 7.200000000000001 2.023765625535832
9.84 7.32 0.008119971465879235
9.84 7.44 1.8717693780070904e-8
9.84 7.799999999999999 3.524528005397348e-6
9.84 7.92 2.061520337443268
9.84 8.04 6.351495316843954e-5
9.84 9.36 -1.0239027142330173e-17
9.84 9.48 -4.829779978962358e-19
9.84 9.6 1.2162685480157488e-17
9.84 9.719999999999999 -3.049640424128243e-18
9.84 9.84 2.969765120850545e-17
9.84 9.96 -2.3900708531699932e-17
9.84 10.08 1.8556578935206384e-16
9.84 10.2 -9.47488323072295e-17
9.84 10.32 -4.4927027758092494e-17
9.84 10.44 -6.935669158291235e-18
9.84 10.56 7.567365169763801e-17
9.96 6.96 1.181035994497599e-12
9.96 7.08 0.0013906346930248855
9.96 7.200000000000001 3.9575227619183497
9.96 7.32 0.019702898493416558
9.96 7.44 3.121042507314646e-8
9.96 7.799999999999999 3.1037935267378655e-6
9.96 7.92 4.007144264033646
9.96 8.04 0.0002508006420736639
9.96 9.36 2.3455504991878688e-17
9.96 9.48 2.0970830197319138e-18
9.96 9.6 -2.3552103303513527e-17
9.96 9.719999999999999 -1.8849792782332306e-18
9.96 9.84 5.684762152758997e-17
9.96 9.96 -2.4580090412423355e-16
9.96 10.08 8.436951508959017e-17
9.96 10.2 -5.7776422608294014e-18
9.96 10.32 3.3378566621228154e-18
9.96 10.44 -3.6624825569391855e-17
9.96 10.56 1.3035568722468922e-16
10.08 6.96 7.168504032861954e-13
10.08 7.08 0.0010600508575747017
10.08 7.200000000000001 3.559673476975441
10.08 7.32 0.015761541979093366
10.08 7.44 1.831706616509204e-8
10.08 7.799999999999999 1.0275692891116142e-6
10.08 7.92 3.6172281093035137
10.08 8.04 0.0004377083641563798
10.08 9.36 4.552530070014778e-17
10.08 9.48 6.844931868584629e-18
10.08 9.6 -3.411058949275216e-17
10.08 9.719999999999999 7.125504897299147e-18
10.08 9.84 3.130172939051217e-17
10.08 9.96 -2.510057003669033e-17
10.08 10.08 3.8044913049630586e-18
10.08 10.2 -1.1842982606942728e-17
10.08 10.32 3.53533495410731e-18
10.08 10.44 -5.655637824614862e-17
10.08 10.56 5.674155578679675e-17
10.2 6.96 1.7173839873282998e-13
10.2 7.08 0.00028924557101052276
10.2 7.200000000000001 1.3521484743238212
10.2 7.32 0.004028331452977696
10.2 7.44 3.7505980834745684e-9
10.2 7.799999999999999 1.1912590943768555e-7
10.2 7.92 1.3802225124931249
10.2 8.04 0.0002723124165232975
10.2 9.36 1.641431509683436e-17
10.2 9.48 3.0024576358790934e-18
10.2 9.6 3.541024944990826e-18
10.2 9.719999999999999 6.521440194814588e-18
10.2 9.84 3.3690607717790906e-18
10.2 9.96 -1.0382376075395799e-16
10.2 10.08 7.253525364293052e-17
10.2 10.2 7.839033659615351e-18
10.2 10.32 3.176993039835077e-18
10.2 10.44 -2.4182030674716594e-17
10.2 10.56 4.248916351510361e-18
10.32 6.96 1.5309761690106443e-14
10.32 7.08 3.190999461045789e-5
10.32 7.200000000000001 0.18383721046000623
10.32 7.32 0.0003191429192347125
10.32 7.44 2.606680104857739e-10
10.32 7.799999999999999 5.893994151419962e-9
10.32 7.92 0.1835424852183389
10.32 8.04 5.1994036424345206e-5
10.32 9.36 1.0597029989680387e-18
10.32 9.48 3.380623898875115e-19
10.32 9.6 3.844210672550704e-18
10.32 9.719999999999999 1.1899545245731047e-18
10.32 9.84 -5.62285070626657e-19
10.32 9.96 -1.3725351739459342e-17
10.32 10.08 9.896690359803657e-18
10.32 10.2 -5.682199779492502e-18
10.32 10.32 -1.1805658753876634e-17
10.32 10.44 -2.805699078048616e-18
10.32 10.56 4.297397536506547e-19
10.44 6.96 4.751768692017903e-16
10.44 7.08 1.5475440476559542e-6
10.44 7.200000000000001 0.007125632175465448
10.44 7.32 7.617248728203202e-6
10.44 7.44 -4.339525395883326e-12
10.44 7.799999999999999 1.844547468757886e-10
10.44 7.92 0.006839874960544317
10.44 8.04 2.5091028053406273e-6
10.44 9.36 -1.7330963139350618e-21
10.44 9.48 8.946671950449065e-20
10.44 9.6 2.3693195918332555e-19
10.44 9.719999999999999 4.91778731153829e-20
10.44 9.84 -5.44353296367035e-20
10.44 9.96 -5.297276937005254e-19
10.44 10.08 6.775930511248345e-19
10.44 10.2 1.701024447028743e-19
10.44 10.32 -6.23424438943201e-19
10.44 10.44 -1.409798389836861e-19
10.44 10.56 2.670487854168271e-19
10.56 6.96 4.836404276435925e-18
10.56 7.08 2.3098133825058073e-8
10.56 7.200000000000001 6.716871810531259e-5
10.56 7.32 5.3525958097380253e-8
10.56 7.44 -5.41728603899396e-13
10.56 7.799999999999999 -5.6478573765859916e-11
10.56 7.92 6.103890204266918e-5
10.56 8.04 2.356707108352974e-8
10.56 9.36 -1.760839527573953e-22
10.56 9.48 3.924556611206296e-21
10.56 9.6 2.4866479086042426e-21
10.56 9.719999999999999 4.521970532587606e-22
10.56 9.84 -5.8148708800210065e-22
10.56 9.96 -4.8736902386706016e-20
10.56 10.08 1.4376732150687975e-20
10.56 10.2 -2.028217019192915e-21
10.56 10.32 -3.630492419665386e-21
10.56 10.44 -6.73200177434634e-22
10.56 10.56 2.1663450158172597e-21
10.68 6.96 1.443871584371813e-20
10.68 7.08 8.304794784439646e-11
10.68 7.200000000000001 1.439635118396621e-7
10.68 7.32 1.1121559720460849e-10
10.68 7.44 -5.082941133186804e-15
10.68 7.799999999999999 -3.4933405673465333e-13
10.68 7.92 1.219761273445187e-7
10.68 8.04 3.201193906296833e-11
10.68 9.36 -1.1383727642505956e-25
10.68 9.48 1.9221153975129584e-23
10.68 9.6 4.7253399949218244e-24
10.68 9.719999999999999 7.970319448177649e-25
10.68 9.84 -7.294198287405143e-25
10.68 9.96 -2.848697849080412e-22
10.68 10.08 6.338686404228677e-23
10.68 10.2 1.9257705854472633e-24
10.68 10.32 -1.1305052298224061e-23
10.68 10.44 -2.382987354188158e-24
10.68 10.56 5.342904753370004e-24
