8.34 9.075 1.0958833024386324e-45
8.34 9.32 -1.3537992910356133e-35
8.34 9.565 -5.941471458754447e-46
8.34 9.81 -3.268748143128433e-45
8.34 10.055 -1.7114622610779408e-46
8.34 10.3 5.2014750469772116e-45
8.34 10.545 -6.1385355855771766e-46
8.34 10.79 -3.481387664543857e-46
8.34 12.995 -4.932416888695529e-47
8.34 13.24 3.7351088148944916e-48
8.34 13.485 7.585510586741317e-40
8.34 13.73 -1.913097850341971e-43
8.34 13.975000000000001 1.1016556269632161e-41
8.34 14.220000000000002 1.6075263144112771e-40
8.34 14.464999999999998 4.919941993922116e-41
8.34 14.709999999999999 2.524938081478331e-35
8.34 14.955 1.5810522265886068e-30
8.34 15.2 7.384226430803086e-30
8.34 15.445 -1.342633910241913e-25
8.34 15.69 2.77694932670309e-23
8.34 15.935 1.6443051008130523e-20
8.34 16.18 2.2905972077349017e-20
8.34 16.425 4.340051879379069e-23
8.34 16.67 4.0147675781693315e-29
8.34 16.915 3.275238265141022e-38
8.34 17.16 -3.713854224621773e-42
8.34 17.405 1.737722510945736e-40
8.34 17.65 -5.4751258560993e-49
8.34 17.895 3.2190877326207328e-49
8.34 18.14 -8.540490163313127e-55
8.34 18.385 8.051189532289591e-47
8.34 18.63 -9.943923014521251e-48
8.34 18.875 -5.676847063080028e-48
8.34 19.12 -2.527474756112995e-38
8.34 19.365 -2.5201210685759576e-37
8.34 19.61 2.7267630375127453e-33
8.34 19.855 4.113469845857537e-29
8.34 20.1 1.2471021383330015e-26
8.34 20.345 1.7440462239786413e-26
8.34 20.59 3.020579547044931e-29
8.34 20.835 4.205554721608404e-35
8.34 21.08 6.303621142140376e-44
8.34 21.325 2.400253828696197e-55
8.34 21.57 -2.8688911222433667e-66
8.34 21.815 -1.8146208171074162e-68
8.34 22.06 -5.2048360242485076e-70
8.34 22.305 -3.977262579697248e-73
8.585 9.075 -4.1436397076753704e-50
8.585 9.32 -4.863288881156227e-28
8.585 9.565 -1.8681154524581426e-39
8.585 9.81 -1.1577016899838276e-47
8.585 10.055 8.965832202744168e-47
8.585 10.3 -1.618830144855044e-46
8.585 10.545 -1.5204734725811045e-42
8.585 10.79 -8.837496180516114e-49
8.585 12.995 3.244735972640819e-52
8.585 13.24 -5.278609403294769e-47
8.585 13.485 -4.030889391233509e-42
8.585 13.73 -7.016885227335815e-33
8.585 13.975000000000001 2.9651527734445213e-28
8.585 14.220000000000002 2.0017945105906452e-26
8.585 14.464999999999998 7.674467914775722e-27
8.585 14.709999999999999 2.807003449568951e-26
8.585 14.955 1.908929388896513e-21
8.585 15.2 6.977861293223126e-18
8.585 15.445 -1.7244729928565298e-18
8.585 15.69 -4.587904715182637e-15
8.585 15.935 3.07349209088977e-13
8.585 16.18 1.3539699696468881e-11
8.585 16.425 9.723784593195902e-13
8.585 16.67 7.304670268018485e-17
8.585 16.915 7.223950576428326e-25
8.585 17.16 -4.171595440899736e-33
8.585 17.405 2.770985903113373e-37
8.585 17.65 2.5361164727227097e-44
8.585 17.895 7.147966206759643e-53
8.585 18.14 9.189718010040436e-54
8.585 18.385 9.252373868390859e-52
8.585 18.63 3.04351175110548e-51
8.585 18.875 -4.8674014076367306e-51
8.585 19.12 2.922407955191372e-45
8.585 19.365 2.1431994572652106e-45
8.585 19.61 -4.164910117728014e-41
8.585 19.855 5.165191921907719e-36
8.585 20.1 2.9437850839619734e-32
8.585 20.345 1.6882074014662007e-30
8.585 20.59 3.0556053111798588e-31
8.585 20.835 7.75219770647857e-35
8.585 21.08 2.2778718679469965e-41
8.585 21.325 2.9650246336843e-50
8.585 21.57 1.0872390872053148e-57
8.585 21.815 -3.794214597355219e-61
8.585 22.06 5.712499591717949e-61
8.585 22.305 1.1637888868737694e-64
8.83 9.075 -7.961381830163935e-32
8.83 9.32 -2.676300855470895e-23
8.83 9.565 -2.434794707431396e-30
8.83 9.81 1.5684293353093161e-31
8.83 10.055 4.674352686466056e-33
8.83 10.3 -4.9643946049101715e-31
8.83 10.545 -1.1646838253809789e-29
8.83 10.79 3.7686070602121597e-32
8.83 12.995 3.56738947161954e-33
8.83 13.24 -3.891784359691879e-34
8.83 13.485 -2.7459258165426406e-24
8.83 13.73 -4.185479626817904e-27
8.83 13.975000000000001 1.5328635438301841e-18
8.83 14.220000000000002 7.09567882919619e-18
8.83 14.464999999999998 1.7408940287970552e-15
8.83 14.709999999999999 4.910311772549926e-16
8.83 14.955 1.0817107287549403e-15
8.83 15.2 2.0489572214210705e-11
8.83 15.445 5.877892593233781e-10
8.83 15.69 -1.1942962787996337e-11
8.83 15.935 -2.843332012157385e-9
8.83 16.18 6.131989759886544e-8
8.83 16.425 1.7263119308737898e-7
8.83 16.67 4.67870693344109e-10
8.83 16.915 2.1781800060226274e-15
8.83 17.16 1.35801131110137e-23
8.83 17.405 -2.610439385013025e-26
8.83 17.65 5.408271489753403e-35
8.83 17.895 -3.517075023578841e-35
8.83 18.14 1.8297995877536153e-40
8.83 18.385 1.0679513983631936e-32
8.83 18.63 1.0740765544097652e-33
8.83 18.875 4.1524930117452756e-34
8.83 19.12 1.7993734752869493e-24
8.83 19.365 -2.5861947653050995e-36
8.83 19.61 -6.553231322471649e-37
8.83 19.855 -4.32446532759922e-34
8.83 20.1 -1.5582240886561171e-30
8.83 20.345 -1.3764087706396674e-30
8.83 20.59 -3.264478022232831e-33
8.83 20.835 -4.0870351644376517e-39
8.83 21.08 5.661822254523321e-44
8.83 21.325 -2.2048672256209063e-45
8.83 21.57 2.5802539812038734e-47
8.83 21.815 -4.357999082408968e-50
8.83 22.06 -3.581930657199247e-51
8.83 22.305 -1.977029919805456e-54
9.075 9.075 -3.571600534850751e-29
9.075 9.32 -6.986921587619974e-24
9.075 9.565 1.3382608769008494e-22
9.075 9.81 -1.9372968369125195e-26
9.075 10.055 2.1649599694073616e-25
9.075 10.3 4.302998514540419e-26
9.075 10.545 -1.566579820028052e-21
9.075 10.79 -1.729204348908664e-27
9.075 12.995 2.6719552095257916e-31
9.075 13.24 5.143919302101794e-29
9.075 13.485 -3.384065671973398e-27
9.075 13.73 2.399417275548777e-25
9.075 13.975000000000001 8.411797720751045e-16
9.075 14.220000000000002 4.000211772676837e-10
9.075 14.464999999999998 6.711369481729449e-9
9.075 14.709999999999999 3.8996938273621085e-8
9.075 14.955 1.3036117887130245e-7
9.075 15.2 3.178631699188508e-7
9.075 15.445 1.609508150294341e-5
9.075 15.69 3.6347928691066095e-5
9.075 15.935 4.436438776569557e-7
9.075 16.18 -5.4700185075783306e-8
9.075 16.425 2.1016556669331403e-8
9.075 16.67 -3.4570352420213016e-8
9.075 16.915 -4.409474519198438e-9
9.075 17.16 -6.729975931352562e-13
9.075 17.405 -1.8996825184529386e-21
9.075 17.65 -4.3804444022782084e-34
9.075 17.895 6.193291409930852e-35
9.075 18.14 5.753368308905246e-33
9.075 18.385 1.0187119403611656e-30
9.075 18.63 1.8458599476252494e-29
9.075 18.875 3.323949355028202e-32
9.075 19.12 -2.2809420805519294e-28
9.075 19.365 -3.2999298928265496e-28
9.075 19.61 -1.202401391394098e-30
9.075 19.855 -2.2875667670304193e-30
9.075 20.1 -1.5723562988687353e-28
9.075 20.345 1.4732142361888872e-28
9.075 20.59 8.925252944143408e-31
9.075 20.835 6.430231905930495e-35
9.075 21.08 8.930806741412944e-36
9.075 21.325 -1.4156325730967022e-37
9.075 21.57 4.9600185381819664e-39
9.075 21.815 -1.632315945744652e-42
9.075 22.06 -3.365101561499572e-43
9.075 22.305 -3.176433701726371e-46
9.32 9.075 8.226319551442144e-26
9.32 9.32 9.372492802480354e-22
9.32 9.565 3.045106563560937e-19
9.32 9.81 -8.689488747885813e-24
9.32 10.055 1.6377332874670985e-22
9.32 10.3 5.442860491306571e-23
9.32 10.545 -8.553426626508607e-19
9.32 10.79 1.1459708178831102e-24
9.32 12.995 -1.077627497653745e-25
9.32 13.24 6.609716240722611e-23
9.32 13.485 2.3223492571029103e-18
9.32 13.73 3.5923568102953234e-17
9.32 13.975000000000001 3.502732783195985e-14
9.32 14.220000000000002 2.1532268522336756e-6
9.32 14.464999999999998 2.7289258233773783e-5
9.32 14.709999999999999 0.0005427571957818582
9.32 14.955 0.0019824439067675018
9.32 15.2 0.0049436910721828336
9.32 15.445 0.007260326234328263
9.32 15.69 0.02236053079152161
9.32 15.935 0.0038192106395714457
9.32 16.18 0.0012917143534040272
9.32 16.425 -0.0008709313375417909
9.32 16.67 -0.0012196580264365036
9.32 16.915 -0.0002153817246980695
9.32 17.16 -2.921680888948202e-6
9.32 17.405 -3.913022714558944e-12
9.32 17.65 -1.97143960753864e-22
9.32 17.895 4.570019778862339e-26
9.32 18.14 9.61511533923338e-25
9.32 18.385 2.9321581795222285e-22
9.32 18.63 1.4353190996083039e-24
9.32 18.875 2.2386153641706647e-23
9.32 19.12 4.046937754916206e-24
9.32 19.365 -2.4975401168984553e-23
9.32 19.61 -5.584921867824035e-24
9.32 19.855 -2.8191335623885425e-23
9.32 20.1 -3.218047338770842e-23
9.32 20.345 -2.0019285388554494e-24
9.32 20.59 5.163781450437912e-25
9.32 20.835 7.896907496777153e-26
9.32 21.08 1.3130634856399837e-26
9.32 21.325 1.0459309285157072e-26
9.32 21.57 3.355474865562344e-30
9.32 21.815 3.305832145583379e-33
9.32 22.06 1.012532370924211e-35
9.32 22.305 -1.2800845836542846e-37
9.565 9.075 3.868278918865649e-24
9.565 9.32 -5.643361889115247e-19
9.565 9.565 7.05876220946381e-19
9.565 9.81 1.5497618316920442e-20
9.565 10.055 5.3044266500908885e-21
9.565 10.3 -2.307363643845513e-22
9.565 10.545 3.993643209355788e-19
9.565 10.79 7.67640826844734e-21
9.565 12.995 -2.7429953907182506e-22
9.565 13.24 1.952912837147035e-17
9.565 13.485 7.462100436275809e-14
9.565 13.73 2.0747265477428103e-11
9.565 13.975000000000001 1.7212104866892423e-9
9.565 14.220000000000002 4.3994159743624873e-7
9.565 14.464999999999998 0.007219367177560654
9.565 14.709999999999999 0.00795929699521862
9.565 14.955 0.11726464094075997
9.565 15.2 0.27023423390522394
9.565 15.445 0.43051211945587126
9.565 15.69 0.472401490087675
9.565 15.935 0.3179503979752138
9.565 16.18 0.10196916927959446
9.565 16.425 0.014200437908327389
9.565 16.67 0.0005888801275898736
9.565 16.915 -0.001034490003730783
9.565 17.16 -0.00014719480744777402
9.565 17.405 -1.6712043396092355e-7
9.565 17.65 -5.7513761975610865e-15
9.565 17.895 1.2558318731026563e-22
9.565 18.14 2.848263833750063e-21
9.565 18.385 8.904579167632032e-19
9.565 18.63 4.322000225089935e-21
9.565 18.875 6.683893346789147e-20
9.565 19.12 1.2018598742249285e-20
9.565 19.365 -7.895871501069456e-20
9.565 19.61 -2.226312196883684e-20
9.565 19.855 -8.690397302657614e-20
9.565 20.1 -9.851283660671756e-20
9.565 20.345 -5.843492415526653e-21
9.565 20.59 1.6848568676131572e-21
9.565 20.835 2.0728492675858644e-22
9.565 21.08 4.717381780305548e-20
9.565 21.325 8.367697194418992e-20
9.565 21.57 1.0485952519320276e-26
9.565 21.815 1.0909031668992878e-29
9.565 22.06 2.2692967616176807e-32
9.565 22.305 -3.93980250023978e-34
9.81 9.075 -1.1239761889513572e-19
9.81 9.32 -7.02411457080779e-19
9.81 9.565 -1.4117140536870479e-21
9.81 9.81 4.3462403314689464e-20
9.81 10.055 -1.4893969491513858e-20
9.81 10.3 -2.1424346276164403e-21
9.81 10.545 3.0753190914969276e-19
9.81 10.79 -3.2258200476912684e-20
9.81 12.995 3.203609237494051e-21
9.81 13.24 3.813808737125605e-15
9.81 13.485 1.2583309235995656e-10
9.81 13.73 2.5487248876184332e-8
9.81 13.975000000000001 1.317775864484876e-6
9.81 14.220000000000002 3.2777762014325136e-5
9.81 14.464999999999998 0.0033243067694806333
9.81 14.709999999999999 0.1701788989451327
9.81 14.955 0.46008697442014423
9.81 15.2 0.8012084819921566
9.81 15.445 0.9725701020749166
9.81 15.69 0.861743688084472
9.81 15.935 0.5570493443319374
9.81 16.18 0.29209178587471635
9.81 16.425 0.09453608962398287
9.81 16.67 0.011358873974750175
9.81 16.915 0.0005351499500278638
9.81 17.16 4.4672153324256285e-6
9.81 17.405 -5.006728787306263e-8
9.81 17.65 -2.800312407699718e-12
9.81 17.895 -1.645750567820595e-20
9.81 18.14 -1.972318795524123e-21
9.81 18.385 1.6226888837018042e-18
9.81 18.63 8.504047222630091e-21
9.81 18.875 7.708664051883609e-21
9.81 19.12 -5.0491443105802057e-20
9.81 19.365 -4.998031019697726e-19
9.81 19.61 -5.488876907599515e-19
9.81 19.855 -2.8236536271894115e-19
9.81 20.1 -2.6924604602148737e-19
9.81 20.345 -2.9533521443502275e-21
9.81 20.59 1.4348143288176273e-20
9.81 20.835 -2.843398478577891e-21
9.81 21.08 4.702893587278417e-18
9.81 21.325 8.363347731529882e-18
9.81 21.57 4.764885003798159e-26
9.81 21.815 1.0449717618055771e-28
9.81 22.06 -7.488968652586647e-31
9.81 22.305 -1.2163324667858633e-33
10.055 9.075 -1.5380180044919788e-22
10.055 9.32 4.470394488587683e-19
10.055 9.565 -2.5065036180892833e-19
10.055 9.81 1.840023114400502e-20
10.055 10.055 -1.704746611568912e-19
10.055 10.3 -5.0204613005088767e-20
10.055 10.545 4.1021652739858894e-20
10.055 10.79 2.8342998669321895e-21
10.055 12.995 1.3856258218764725e-18
10.055 13.24 7.006031184619642e-14
10.055 13.485 1.8798753116184103e-10
10.055 13.73 1.670175975732178e-7
10.055 13.975000000000001 6.1181842550226745e-6
10.055 14.220000000000002 9.126733047992928e-5
10.055 14.464999999999998 0.0006403794452532715
10.055 14.709999999999999 0.0747738350257626
10.055 14.955 0.25065220442260683
10.055 15.2 0.4669743525036621
10.055 15.445 0.5495771557637494
10.055 15.69 0.45498786333968955
10.055 15.935 0.2556660550734419
10.055 16.18 0.010924110715947198
10.055 16.425 0.002637592715277158
10.055 16.67 0.000600168382674663
10.055 16.915 5.395881682820636e-5
10.055 17.16 1.7154012908757274e-6
10.055 17.405 1.1563668838293392e-8
10.055 17.65 1.3618306307610227e-13
10.055 17.895 -5.512426294633775e-20
10.055 18.14 8.553493698126012e-22
10.055 18.385 4.910143026995772e-18
10.055 18.63 -1.4648310050379026e-21
10.055 18.875 -7.670652465259847e-21
10.055 19.12 -1.2090194170800225e-20
10.055 19.365 -1.2791472519640255e-20
10.055 19.61 -9.858066135700588e-20
10.055 19.855 -1.141402372002892e-19
10.055 20.1 -4.78886401555565e-20
10.055 20.345 9.505078376370316e-21
10.055 20.59 -5.99338685480298e-21
10.055 20.835 -2.1778860034661794e-21
10.055 21.08 -1.2647166443614788e-18
10.055 21.325 1.1723522216659527e-20
10.055 21.57 -5.8938472544158395e-27
10.055 21.815 -3.9060074042829955e-29
10.055 22.06 2.5377612673366784e-31
10.055 22.305 -2.1655294287246918e-34
10.3 9.075 -6.412329126641374e-24
10.3 9.32 -9.778827273594999e-21
10.3 9.565 1.2668189559727897e-19
10.3 9.81 -5.9237636687474415e-21
10.3 10.055 -3.0023614208339976e-21
10.3 10.3 5.1911466436792225e-23
10.3 10.545 2.71884112904402e-20
10.3 10.79 -6.908701167151873e-23
10.3 12.995 2.2801480072957827e-18
10.3 13.24 2.6191935703494244e-13
10.3 13.485 6.121741928237808e-10
10.3 13.73 3.9258569101537994e-8
10.3 13.975000000000001 1.0344436217777242e-6
10.3 14.220000000000002 1.7352423842839754e-5
10.3 14.464999999999998 0.00016911644612558686
10.3 14.709999999999999 0.000996296894473231
10.3 14.955 0.02044831146869334
10.3 15.2 0.04349813649576266
10.3 15.445 0.05300174112986158
10.3 15.69 0.030692091853048435
10.3 15.935 0.014753651599007923
10.3 16.18 0.004005992947113865
10.3 16.425 6.8831572841107615e-6
10.3 16.67 2.0565101563772692e-7
10.3 16.915 5.591210211645459e-9
10.3 17.16 3.723795018534067e-10
10.3 17.405 8.490271560639688e-12
10.3 17.65 2.0985450992412972e-14
10.3 17.895 2.732249320821655e-20
10.3 18.14 -4.232196814625375e-23
10.3 18.385 1.7891110559498416e-20
10.3 18.63 -9.215343447359725e-23
10.3 18.875 -3.374355790729487e-22
10.3 19.12 -3.526575928229717e-22
10.3 19.365 -1.021742601879553e-21
10.3 19.61 -3.987631425138038e-22
10.3 19.855 -2.624781412838938e-22
10.3 20.1 -3.7391329335390584e-22
10.3 20.345 1.1873344805837444e-22
10.3 20.59 -2.0111414840386206e-23
10.3 20.835 -7.586509133561393e-24
10.3 21.08 -4.332362845107098e-21
10.3 21.325 -5.157103430396002e-27
10.3 21.57 -6.717008977442855e-29
10.3 21.815 -3.2566584178553254e-31
10.3 22.06 -1.3888286822583992e-33
10.3 22.305 8.894251475361173e-38
10.545 9.075 1.634328401718007e-20
10.545 9.32 -7.661796777456178e-24
10.545 9.565 1.6207028867664351e-21
10.545 9.81 -1.4387255738952664e-23
10.545 10.055 4.921646555484318e-23
10.545 10.3 5.672628428405607e-24
10.545 10.545 4.9758149388799706e-21
10.545 10.79 2.5296260144487855e-23
10.545 12.995 1.5670290453804618e-20
10.545 13.24 5.214027823915442e-15
10.545 13.485 5.6065409366256065e-11
10.545 13.73 6.140581127552215e-9
10.545 13.975000000000001 1.0421008181222924e-7
10.545 14.220000000000002 1.1742248834053746e-6
10.545 14.464999999999998 4.812620855064837e-5
10.545 14.709999999999999 0.00034235342953611706
10.545 14.955 0.00018068639951250722
10.545 15.2 0.0004237372101628021
10.545 15.445 0.0004335225683975871
10.545 15.69 4.684849063558043e-5
10.545 15.935 1.9184627414663715e-5
10.545 16.18 2.266206204344267e-6
10.545 16.425 4.85649051473124e-7
10.545 16.67 2.4624360428909437e-11
10.545 16.915 2.9097239911386004e-13
10.545 17.16 1.2800947629338538e-16
10.545 17.405 5.627296824337879e-18
10.545 17.65 1.0163785429458199e-19
10.545 17.895 1.0535358909123647e-22
10.545 18.14 -6.750025925168908e-26
10.545 18.385 1.5694789880597423e-24
10.545 18.63 -1.865057066622728e-23
10.545 18.875 -4.6455445032835705e-25
10.545 19.12 -5.84655565247637e-24
10.545 19.365 -1.8907667488625158e-23
10.545 19.61 1.059709061048074e-24
10.545 19.855 1.5909927473731722e-24
10.545 20.1 3.1146741007831666e-25
10.545 20.345 3.3313481526252026e-25
10.545 20.59 3.1617564087336094e-26
10.545 20.835 3.024133932321321e-27
10.545 21.08 -4.288688615729268e-28
10.545 21.325 5.388153492304805e-31
10.545 21.57 7.197968247106201e-33
10.545 21.815 6.249103902859963e-35
10.545 22.06 2.595838223085777e-36
10.545 22.305 3.705139679517708e-39
10.79 9.075 3.1451419322672523e-25
10.79 9.32 -2.7927771670940173e-26
10.79 9.565 -7.1082434219922205e-22
10.79 9.81 -4.087768047011686e-27
10.79 10.055 3.8759851940748286e-26
10.79 10.3 3.258704419369661e-27
10.79 10.545 3.835345175109281e-24
10.79 10.79 1.9942009817466974e-26
10.79 12.995 2.4714162530400862e-23
10.79 13.24 2.0895042991648155e-17
10.79 13.485 8.898340799607561e-13
10.79 13.73 5.564056824329001e-10
10.79 13.975000000000001 4.61634472039823e-9
10.79 14.220000000000002 2.029564038849605e-8
10.79 14.464999999999998 1.2228408992568077e-7
10.79 14.709999999999999 2.680297456555913e-6
10.79 14.955 9.47492168092798e-6
10.79 15.2 1.6258202833491414e-6
10.79 15.445 1.9048867409587628e-7
10.79 15.69 4.0993097951093215e-7
10.79 15.935 6.452655248010846e-9
10.79 16.18 5.186845093186933e-9
10.79 16.425 2.58679261780378e-11
10.79 16.67 4.228681402293365e-15
10.79 16.915 1.2512278411467879e-18
10.79 17.16 8.468396435924261e-22
10.79 17.405 7.403689293677737e-27
10.79 17.65 3.2249080423373146e-28
10.79 17.895 8.399943703510976e-30
10.79 18.14 -4.1587537879255054e-32
10.79 18.385 -1.3556693455060042e-28
10.79 18.63 -1.456381640110361e-26
10.79 18.875 -3.4511388294059377e-31
10.79 19.12 -4.207761803565734e-27
10.79 19.365 -1.424426446968351e-26
10.79 19.61 8.841801654857938e-28
10.79 19.855 1.081784983079065e-27
10.79 20.1 4.835780629195216e-28
10.79 20.345 1.557220165401137e-28
10.79 20.59 2.394619997870922e-29
10.79 20.835 2.5379136271257798e-30
10.79 21.08 2.7758651903362286e-31
10.79 21.325 4.644216741354867e-33
10.79 21.57 5.954465666537492e-35
10.79 21.815 2.692671321083444e-37
10.79 22.06 4.590325549490575e-39
10.79 22.305 1.9073779110778496e-42
11.035 9.075 8.024696517370583e-32
11.035 9.32 -1.0956520372187651e-27
11.035 9.565 -4.089535290332465e-29
11.035 9.81 3.845556106432218e-30
11.035 10.055 -6.458154686286441e-29
11.035 10.3 -2.8348292440990647e-29
11.035 10.545 1.219975942755749e-28
11.035 10.79 9.579877375680844e-30
11.035 12.995 1.4594409649851633e-28
11.035 13.24 2.475944203458441e-22
11.035 13.485 3.439712595665988e-17
11.035 13.73 1.4942237645692584e-13
11.035 13.975000000000001 6.2544976019774935e-12
11.035 14.220000000000002 1.5978437122977848e-11
11.035 14.464999999999998 3.0627190813175825e-10
11.035 14.709999999999999 9.00745304293172e-10
11.035 14.955 1.2393223002344738e-9
11.035 15.2 3.013065605317705e-9
11.035 15.445 2.2720352519874197e-11
11.035 15.69 2.7365204047818754e-11
11.035 15.935 1.436714195809497e-13
11.035 16.18 2.190639611980946e-15
11.035 16.425 1.7350401152098883e-16
11.035 16.67 7.698772924718281e-19
11.035 16.915 2.0705784377078144e-26
11.035 17.16 1.8716639388592817e-28
11.035 17.405 1.4512740217086906e-32
11.035 17.65 3.2858048176643223e-39
11.035 17.895 1.144073197791608e-41
11.035 18.14 -9.910913524678002e-36
11.035 18.385 -7.475093412918094e-32
11.035 18.63 -8.039534743194953e-30
11.035 18.875 -8.188967220151037e-34
11.035 19.12 -1.2321762959445188e-30
11.035 19.365 -2.3176515791176906e-29
11.035 19.61 -3.082757687966804e-31
11.035 19.855 -1.2174243795721144e-31
11.035 20.1 -7.760410190529957e-32
11.035 20.345 -4.940746537800542e-32
11.035 20.59 -1.3787185529717183e-33
11.035 20.835 -1.834131194112891e-34
11.035 21.08 -3.2050074295917064e-35
11.035 21.325 -4.739712976306272e-37
11.035 21.57 5.708103625976021e-39
11.035 21.815 1.8312019306204865e-42
11.035 22.06 -4.960376522569105e-43
11.035 22.305 -2.1641672442386715e-46
11.28 9.075 -1.2665589084067235e-34
11.28 9.32 -6.541928606610375e-32
11.28 9.565 5.603098239465627e-31
11.28 9.81 2.2604061814267656e-34
11.28 10.055 -3.855658473587386e-33
11.28 10.3 -1.695197195961318e-33
11.28 10.545 7.24207231450379e-33
11.28 10.79 5.724856415688937e-34
11.28 12.995 -2.6724810248925758e-36
11.28 13.24 1.059312694308339e-29
11.28 13.485 5.8646783711603134e-24
11.28 13.73 9.432039632700188e-20
11.28 13.975000000000001 2.7375146835207473e-17
11.28 14.220000000000002 1.158337433009728e-16
11.28 14.464999999999998 4.084991167563375e-15
11.28 14.709999999999999 1.6082117673545638e-14
11.28 14.955 3.086614938344095e-14
11.28 15.2 4.937025222022156e-15
11.28 15.445 8.453934753772031e-15
11.28 15.69 4.006289537757329e-18
11.28 15.935 7.008428033803886e-18
11.28 16.18 3.971655451615427e-21
11.28 16.425 1.2779711066677378e-21
11.28 16.67 2.626186197546955e-26
11.28 16.915 5.506778852744176e-30
11.28 17.16 1.0403622029827121e-35
11.28 17.405 -2.1876418846221505e-39
11.28 17.65 -1.057361687798065e-44
11.28 17.895 -1.087804246513687e-44
11.28 18.14 -5.922855035459725e-40
11.28 18.385 2.753915301353476e-32
11.28 18.63 -4.802676099162464e-34
11.28 18.875 -4.968057513719735e-38
11.28 19.12 -7.362091535119663e-35
11.28 19.365 -1.3850411408652479e-33
11.28 19.61 -1.8426395477815743e-35
11.28 19.855 -7.275744282202807e-36
11.28 20.1 -1.0125403741425262e-35
11.28 20.345 -3.020153752155231e-36
11.28 20.59 -8.263485329489459e-38
11.28 20.835 -1.09650196012269e-38
11.28 21.08 -1.9116305867956802e-39
11.28 21.325 -2.828547808265706e-41
11.28 21.57 3.4221568677917282e-43
11.28 21.815 1.1277761233643063e-46
11.28 22.06 -2.962440327420014e-47
11.28 22.305 -1.2955421149832941e-50
14.464999999999998 9.075 2.0125257854501744e-24
14.464999999999998 9.32 -1.3562766060701065e-42
14.464999999999998 9.565 1.6240750300346147e-46
14.464999999999998 9.81 -2.883272656871598e-23
14.464999999999998 10.055 2.953124725075527e-41
14.464999999999998 10.3 2.9660276752748403e-47
14.464999999999998 10.545 -3.3006096510349996e-43
14.464999999999998 10.79 -1.2887518150052457e-43
14.464999999999998 12.995 -2.702267444867542e-40
14.464999999999998 13.24 8.852014805565018e-48
14.464999999999998 13.485 -4.7500838390207125e-49
14.464999999999998 13.73 7.800442628828777e-42
14.464999999999998 13.975000000000001 1.195830703388505e-46
14.464999999999998 14.220000000000002 9.694485278679384e-45
14.464999999999998 14.464999999999998 7.078400691158715e-43
14.464999999999998 14.709999999999999 -5.132298787951237e-43
14.464999999999998 14.955 -5.954269459013756e-43
14.464999999999998 15.2 -8.279561556418694e-45
14.464999999999998 15.445 1.3407348175827811e-44
14.464999999999998 15.69 1.0443760231845587e-44
14.464999999999998 15.935 8.16966187158856e-45
14.464999999999998 16.18 -7.114196898824421e-43
14.464999999999998 16.425 1.6859169829666377e-43
14.464999999999998 16.67 -1.0606404566400745e-46
14.464999999999998 16.915 -1.267781587166263e-46
14.464999999999998 17.16 1.4891485044525978e-47
14.464999999999998 17.405 1.5114897001047365e-43
14.464999999999998 17.65 2.8605162629426e-34
14.464999999999998 17.895 1.143377200705222e-25
14.464999999999998 18.14 4.410347664349135e-19
14.464999999999998 18.385 2.7971760821231672e-15
14.464999999999998 18.63 1.0080512444131623e-13
14.464999999999998 18.875 -6.29032744457857e-13
14.464999999999998 19.12 -5.716031212763105e-12
14.464999999999998 19.365 -7.537434505553748e-15
14.464999999999998 19.61 -7.303121154351991e-21
14.464999999999998 19.855 1.6036462206097747e-22
14.464999999999998 20.1 7.019383929176148e-16
14.464999999999998 20.345 1.2491436507643497e-10
14.464999999999998 20.59 2.6556076677016167e-7
14.464999999999998 20.835 2.0537907420304705e-6
14.464999999999998 21.08 1.9310768974843035e-8
14.464999999999998 21.325 1.247010482691036e-8
14.464999999999998 21.57 1.0832678963548016e-10
14.464999999999998 21.815 6.708421433009724e-13
14.464999999999998 22.06 1.923311323027337e-14
14.464999999999998 22.305 9.373977115387974e-18
14.709999999999999 9.075 7.816035564150859e-22
14.709999999999999 9.32 -7.245594294095232e-27
14.709999999999999 9.565 7.085973792085295e-31
14.709999999999999 9.81 -1.3902314830238087e-23
14.709999999999999 10.055 1.5920459820446292e-25
14.709999999999999 10.3 1.6994992755211098e-31
14.709999999999999 10.545 -1.7632701367613798e-27
14.709999999999999 10.79 -6.884848290586671e-28
14.709999999999999 12.995 -1.443621846960167e-24
14.709999999999999 13.24 4.7289775063533794e-32
14.709999999999999 13.485 -2.537618849654438e-33
14.709999999999999 13.73 4.1607937220326716e-26
14.709999999999999 13.975000000000001 -7.791800508066951e-31
14.709999999999999 14.220000000000002 5.179047236762835e-29
14.709999999999999 14.464999999999998 3.781466523081099e-27
14.709999999999999 14.709999999999999 -2.7418080580761216e-27
14.709999999999999 14.955 -3.1809262588142913e-27
14.709999999999999 15.2 -4.4231579699930554e-29
14.709999999999999 15.445 7.162557090585661e-29
14.709999999999999 15.69 5.579336035218195e-29
14.709999999999999 15.935 4.3647180044802826e-29
14.709999999999999 16.18 -3.800591182838894e-27
14.709999999999999 16.425 9.006608851029867e-28
14.709999999999999 16.67 -5.666090787095336e-31
14.709999999999999 16.915 -6.772892329583506e-31
14.709999999999999 17.16 -8.929227064903128e-33
14.709999999999999 17.405 1.7170173255493887e-30
14.709999999999999 17.65 3.712176426498135e-26
14.709999999999999 17.895 1.4404811024527998e-20
14.709999999999999 18.14 1.906106395156429e-16
14.709999999999999 18.385 1.0568888826180006e-14
14.709999999999999 18.63 1.570548889642295e-13
14.709999999999999 18.875 1.23346470431294e-11
14.709999999999999 19.12 6.283811734673185e-10
14.709999999999999 19.365 1.0640436498760217e-8
14.709999999999999 19.61 7.8512237363551e-8
14.709999999999999 19.855 2.538259399482039e-7
14.709999999999999 20.1 3.58043371354905e-7
14.709999999999999 20.345 6.621547279761833e-6
14.709999999999999 20.59 0.00010395566898600279
14.709999999999999 20.835 3.3563444950174676e-6
14.709999999999999 21.08 2.0193810404253405e-6
14.709999999999999 21.325 2.9469422580245663e-8
14.709999999999999 21.57 1.2059935647606976e-9
14.709999999999999 21.815 3.1805833854456058e-12
14.709999999999999 22.06 6.428413236668501e-15
14.709999999999999 22.305 1.1583297590331695e-19
14.955 9.075 2.396523579188001e-20
14.955 9.32 -5.0531524223907505e-21
14.955 9.565 4.984228768149596e-25
14.955 9.81 -1.6089556040946407e-19
14.955 10.055 -9.265027447989416e-20
14.955 10.3 1.6188529280946442e-24
14.955 10.545 -1.229723722216174e-21
14.955 10.79 -4.802587511922065e-22
14.955 12.995 -1.0067979175318837e-18
14.955 13.24 3.29839266415947e-26
14.955 13.485 -1.769982034736663e-27
14.955 13.73 4.7946637112339437e-20
14.955 13.975000000000001 5.7914613730230325e-22
14.955 14.220000000000002 3.6119256802330806e-23
14.955 14.464999999999998 2.63723712711414e-21
14.955 14.709999999999999 -1.911966436315303e-21
14.955 14.955 -2.2184137056953193e-21
14.955 15.2 -3.0847776088765124e-23
14.955 15.445 4.9954365575775406e-23
14.955 15.69 3.8911096778805894e-23
14.955 15.935 3.145016386895909e-23
14.955 16.18 -2.65057503570958e-21
14.955 16.425 6.281305911416969e-22
14.955 16.67 -3.9499568233443154e-25
14.955 16.915 -4.723319376176286e-25
14.955 17.16 -6.252249723117713e-27
14.955 17.405 2.649386725236075e-26
14.955 17.65 2.013650470539843e-20
14.955 17.895 1.4665170952054884e-15
14.955 18.14 1.1093398092444318e-11
14.955 18.385 1.2127190304634767e-8
14.955 18.63 2.489608793211717e-6
14.955 18.875 0.00014174066448262304
14.955 19.12 0.0032473095573216392
14.955 19.365 0.026410091828581176
14.955 19.61 0.06118597566514172
14.955 19.855 0.05605574419290333
14.955 20.1 0.025466364279306947
14.955 20.345 0.004310336678800606
14.955 20.59 0.00042471742966086095
14.955 20.835 0.00011485889447359791
14.955 21.08 1.1491236517518828e-5
14.955 21.325 1.2180962792873637e-7
14.955 21.57 7.947411064126711e-11
14.955 21.815 3.366769867416459e-12
14.955 22.06 2.2056859105305366e-16
14.955 22.305 8.567714843216974e-23
15.2 9.075 2.742867096158844e-21
15.2 9.32 -2.666342475715248e-22
15.2 9.565 6.18429276187232e-21
15.2 9.81 -1.6734477994441848e-19
15.2 10.055 8.815010288671838e-19
15.2 10.3 1.268524662519073e-21
15.2 10.545 6.283181301426267e-22
15.2 10.79 -7.951611819660716e-20
15.2 12.995 6.41052374238364e-20
15.2 13.24 2.7428832499679577e-24
15.2 13.485 -1.7062747685481707e-25
15.2 13.73 -5.374533687551443e-21
15.2 13.975000000000001 1.8485516744551823e-26
15.2 14.220000000000002 2.2957420177795045e-24
15.2 14.464999999999998 1.0620449857449373e-22
15.2 14.709999999999999 1.5719902791755173e-19
15.2 14.955 -1.608236779222265e-22
15.2 15.2 -1.3943147385492022e-22
15.2 15.445 1.4791332748257482e-21
15.2 15.69 1.4391182226217222e-22
15.2 15.935 7.895142426034245e-19
15.2 16.18 -2.3203012091309183e-22
15.2 16.425 -2.8872381447430457e-22
15.2 16.67 1.2805694901501574e-22
15.2 16.915 1.3394934746214502e-23
15.2 17.16 -2.2384691816768732e-24
15.2 17.405 1.6563952806723663e-24
15.2 17.65 1.5383839581163988e-20
15.2 17.895 8.52574270910658e-17
15.2 18.14 7.34436771555567e-13
15.2 18.385 1.7603655405253759e-9
15.2 18.63 1.013294211496394e-6
15.2 18.875 0.0001491982299573466
15.2 19.12 0.005315043732526223
15.2 19.365 0.0486824932508728
15.2 19.61 0.16351843359732424
15.2 19.855 0.2230743165942212
15.2 20.1 0.11305222814574939
15.2 20.345 0.011968678176167256
15.2 20.59 0.007686674257046715
15.2 20.835 0.0003590286986224061
15.2 21.08 3.826125409491896e-7
15.2 21.325 4.777547765707917e-9
15.2 21.57 7.504621368837081e-10
15.2 21.815 1.8503684002535283e-13
15.2 22.06 6.721692230861026e-19
15.2 22.305 3.766924035673128e-23
15.445 9.075 3.666825029921723e-21
15.445 9.32 6.208311425664194e-24
15.445 9.565 1.0471725735953894e-21
15.445 9.81 7.760473859405847e-20
15.445 10.055 -2.954526097624166e-19
15.445 10.3 9.877405127616124e-19
15.445 10.545 2.154097997265708e-22
15.445 10.79 -1.2530975668589418e-20
15.445 12.995 -1.910427606454147e-19
15.445 13.24 5.57669343703591e-25
15.445 13.485 -5.241960027516064e-26
15.445 13.73 3.032219775719645e-19
15.445 13.975000000000001 1.0006227574636988e-25
15.445 14.220000000000002 -3.4531189152011272e-25
15.445 14.464999999999998 -9.342614885543515e-24
15.445 14.709999999999999 3.889341451836156e-20
15.445 14.955 -1.167365431235665e-24
15.445 15.2 -1.7732982329742807e-23
15.445 15.445 2.5517002246628235e-22
15.445 15.69 3.0601299097839806e-23
15.445 15.935 1.337122004467154e-19
15.445 16.18 -1.1625027784328967e-23
15.445 16.425 -4.405745380266399e-23
15.445 16.67 1.1558941911654665e-20
15.445 16.915 2.29042599078971e-24
15.445 17.16 -1.3032575763507244e-24
15.445 17.405 1.0033520144425155e-23
15.445 17.65 5.306078119494973e-20
15.445 17.895 2.7788215080971683e-15
15.445 18.14 2.71425363906293e-11
15.445 18.385 4.780401894924452e-8
15.445 18.63 1.7422781650018342e-5
15.445 18.875 0.001329552839860226
15.445 19.12 0.0250638651269274
15.445 19.365 0.13416432765448313
15.445 19.61 0.3169727880643562
15.445 19.855 0.32734634999436535
15.445 20.1 0.1776038709232304
15.445 20.345 0.04275584590488075
15.445 20.59 0.0012458490843753715
15.445 20.835 1.7581490381018205e-5
15.445 21.08 4.2803881835910207e-7
15.445 21.325 6.959268744616167e-8
15.445 21.57 3.254383660544943e-11
15.445 21.815 1.4637018849512773e-16
15.445 22.06 1.1069178327431137e-17
15.445 22.305 3.1967052932768676e-20
15.69 9.075 1.546189022450601e-21
15.69 9.32 1.9254228179227727e-22
15.69 9.565 -1.3587703124586372e-21
15.69 9.81 4.3533250068209565e-20
15.69 10.055 2.567148974070778e-20
15.69 10.3 2.890059164329405e-24
15.69 10.545 -1.0289278780867161e-22
15.69 10.79 -5.561962599712252e-20
15.69 12.995 -4.611549445818817e-19
15.69 13.24 4.651815788384116e-24
15.69 13.485 -1.3991433978506637e-25
15.69 13.73 -6.347243162095546e-19
15.69 13.975000000000001 2.2862205976726265e-25
15.69 14.220000000000002 -9.368942160188888e-25
15.69 14.464999999999998 -9.495418494593286e-23
15.69 14.709999999999999 1.988289066073344e-20
15.69 14.955 2.4009525305041862e-23
15.69 15.2 -3.692571240597873e-23
15.69 15.445 -4.126295973858511e-22
15.69 15.69 -5.651847942696132e-23
15.69 15.935 -1.7306735551992344e-19
15.69 16.18 1.6990912699145779e-22
15.69 16.425 1.0409735446516386e-22
15.69 16.67 1.8074656288989414e-20
15.69 16.915 -2.9774961321278133e-24
15.69 17.16 -1.430360861638146e-25
15.69 17.405 2.2490606697614946e-24
15.69 17.65 4.3514143181860495e-22
15.69 17.895 2.7798633107882417e-19
15.69 18.14 1.684975165895601e-14
15.69 18.385 1.5951457450165562e-10
15.69 18.63 2.2175297335129307e-7
15.69 18.875 9.293410676597716e-5
15.69 19.12 0.015569819257424086
15.69 19.365 0.1266496346380078
15.69 19.61 0.29995346267816003
15.69 19.855 0.32635099208467316
15.69 20.1 0.18448305705008733
15.69 20.345 0.011194172289417277
15.69 20.59 0.00027015463763969223
15.69 20.835 4.1493874529857476e-6
15.69 21.08 2.715638742350823e-6
15.69 21.325 3.3518789642470006e-9
15.69 21.57 1.552343514377148e-11
15.69 21.815 3.197107529351067e-14
15.69 22.06 2.7229302232065037e-18
15.69 22.305 7.556461207564942e-24
15.935 9.075 -5.383520659957562e-22
15.935 9.32 4.3087173394206495e-23
15.935 9.565 -3.754010412964713e-21
15.935 9.81 -5.439947221942052e-21
15.935 10.055 -1.0254705713178532e-20
15.935 10.3 9.21037053329785e-19
15.935 10.545 -9.375664854720815e-21
15.935 10.79 -1.0266198931614994e-19
15.935 12.995 1.2266984822124619e-18
15.935 13.24 2.924350409840453e-25
15.935 13.485 -9.304268548388984e-26
15.935 13.73 -1.2804920906722595e-20
15.935 13.975000000000001 2.1583661932965425e-21
15.935 14.220000000000002 -1.2307323861103837e-24
15.935 14.464999999999998 7.556343982862282e-21
15.935 14.709999999999999 6.271543331271104e-20
15.935 14.955 8.959837301947322e-23
15.935 15.2 2.29189991795957e-22
15.935 15.445 -7.291239141101939e-22
15.935 15.69 -2.4613700542465746e-25
15.935 15.935 -4.786274431550461e-19
15.935 16.18 1.0701053136930437e-22
15.935 16.425 1.560924162720111e-22
15.935 16.67 2.6475184211825382e-20
15.935 16.915 -8.330280676957195e-24
15.935 17.16 -2.2986623104958926e-24
15.935 17.405 3.8842333151020296e-25
15.935 17.65 1.1323880921193304e-20
15.935 17.895 2.2198860803049068e-15
15.935 18.14 9.463694757539624e-11
15.935 18.385 4.629860278342845e-7
15.935 18.63 0.0001208466542175133
15.935 18.875 0.0012969596274520158
15.935 19.12 0.004816585281070012
15.935 19.365 0.07970774536261026
15.935 19.61 0.19486693729913715
15.935 19.855 0.22220700132692725
15.935 20.1 0.008165433666364018
15.935 20.345 6.773368569070242e-5
15.935 20.59 0.0001446298141796323
15.935 20.835 7.672750029153197e-5
15.935 21.08 7.146162972477356e-7
15.935 21.325 8.137594550839655e-10
15.935 21.57 5.4783450334531813e-14
15.935 21.815 1.5801883575243054e-19
15.935 22.06 1.8692171225654575e-26
15.935 22.305 1.3196549896305298e-33
16.18 9.075 -2.6633328974987303e-22
16.18 9.32 -2.351633771457173e-24
16.18 9.565 3.129060449228632e-23
16.18 9.81 -4.259811011347327e-21
16.18 10.055 -2.670489416499149e-20
16.18 10.3 3.3616882107810993e-21
16.18 10.545 2.5244951166924915e-24
16.18 10.79 4.860341566051855e-21
16.18 12.995 1.6872562725032167e-19
16.18 13.24 -1.4113008192910512e-24
16.18 13.485 1.4855279305512673e-26
16.18 13.73 -1.5373497558882164e-19
16.18 13.975000000000001 -2.867356611112654e-26
16.18 14.220000000000002 -2.1685784652092115e-26
16.18 14.464999999999998 1.2345808074014348e-24
16.18 14.709999999999999 5.6528259584753105e-21
16.18 14.955 -7.512905285161263e-25
16.18 15.2 5.663795652006178e-24
16.18 15.445 1.8719203701599125e-23
16.18 15.69 6.963217392111234e-24
16.18 15.935 3.938706214139479e-21
16.18 16.18 1.4346375787718633e-24
16.18 16.425 -1.675056343733233e-24
16.18 16.67 -1.5215807565525536e-20
16.18 16.915 1.1539607484194234e-25
16.18 17.16 -1.1298984695730314e-25
16.18 17.405 1.229131866801619e-20
16.18 17.65 6.794640851732387e-16
16.18 17.895 3.3306413037551653e-12
16.18 18.14 1.1227546373153554e-9
16.18 18.385 3.2882926795743495e-8
16.18 18.63 3.600879707600398e-6
16.18 18.875 0.00013082232884967677
16.18 19.12 0.0009195165529808831
16.18 19.365 0.004987301459772212
16.18 19.61 0.0768058533082119
16.18 19.855 0.03881210856534394
16.18 20.1 0.040189176140916494
16.18 20.345 0.00508987410003153
16.18 20.59 0.00043028145991166325
16.18 20.835 1.436971127234565e-6
16.18 21.08 6.460604731684723e-12
16.18 21.325 8.312627296045217e-18
16.18 21.57 1.7428212928486154e-24
16.18 21.815 -2.2860377201344936e-29
16.18 22.06 7.312889123398646e-31
16.18 22.305 4.826574720827819e-34
16.425 9.075 1.0297892631194799e-23
16.425 9.32 -1.0113314804760077e-25
16.425 9.565 -3.897454089184133e-26
16.425 9.81 -1.5025408730905753e-21
16.425 10.055 1.1919669885968359e-20
16.425 10.3 1.3126307034321554e-24
16.425 10.545 -5.060618224233151e-20
16.425 10.79 -1.16724643572948e-21
16.425 12.995 -5.898810096576044e-22
16.425 13.24 -2.357246719609816e-25
16.425 13.485 1.4460375487616375e-27
16.425 13.73 -2.0759288663164983e-22
16.425 13.975000000000001 -3.8719013497658895e-29
16.425 14.220000000000002 -2.927928489858193e-29
16.425 14.464999999999998 1.6670569522337536e-27
16.425 14.709999999999999 7.632986056749845e-24
16.425 14.955 -1.0147534686371436e-27
16.425 15.2 7.647304699356774e-27
16.425 15.445 2.5279224199446405e-26
16.425 15.69 9.402629179995565e-27
16.425 15.935 5.3199616684768354e-24
16.425 16.18 1.9369149655299383e-27
16.425 16.425 -2.2623374672133257e-27
16.425 16.67 -2.054641157984622e-23
16.425 16.915 1.566184530292984e-28
16.425 17.16 6.444786685455569e-26
16.425 17.405 6.878871214106592e-22
16.425 17.65 2.815911081168726e-18
16.425 17.895 1.26511913702048e-14
16.425 18.14 4.907402380425659e-12
16.425 18.385 1.902320193459835e-9
16.425 18.63 2.9252304871546226e-6
16.425 18.875 1.2794255754099832e-5
16.425 19.12 0.0014129557821320978
16.425 19.365 0.009228324532387908
16.425 19.61 0.0003683657082854781
16.425 19.855 2.6421081859058784e-5
16.425 20.1 0.00021349658001261197
16.425 20.345 0.0013546513670308772
16.425 20.59 6.337642086399532e-6
16.425 20.835 2.5962214612874458e-11
16.425 21.08 2.9652683474018653e-19
16.425 21.325 -1.29091855422075e-25
16.425 21.57 -1.0238938199064236e-26
16.425 21.815 -1.5825142630294148e-29
16.425 22.06 -5.146805687350492e-32
16.425 22.305 1.8156401502286638e-35
16.67 9.075 -6.236078806860668e-26
16.67 9.32 -4.983604124053607e-28
16.67 9.565 -9.051637199182598e-29
16.67 9.81 3.5609015846084286e-24
16.67 10.055 -1.0202361505733681e-21
16.67 10.3 -7.964786488453904e-26
16.67 10.545 -1.4029956296219786e-21
16.67 10.79 3.6210269818655675e-20
16.67 12.995 -8.839772076411017e-26
16.67 13.24 -2.5290333682505586e-29
16.67 13.485 1.5400925311852157e-31
16.67 13.73 -3.499100937661301e-29
16.67 13.975000000000001 -2.698174480080316e-28
16.67 14.220000000000002 2.059406043939061e-33
16.67 14.464999999999998 8.187223466491477e-33
16.67 14.709999999999999 1.2682619496537353e-30
16.67 14.955 -6.33154898141604e-33
16.67 15.2 2.7874773808154904e-33
16.67 15.445 3.809032924723813e-33
16.67 15.69 1.1585291762654781e-33
16.67 15.935 8.099852292018763e-31
16.67 16.18 2.8904160660639135e-34
16.67 16.425 -3.442075755990251e-34
16.67 16.67 -3.12829421230468e-30
16.67 16.915 1.5454718647111669e-34
16.67 17.16 1.4478502560648666e-29
16.67 17.405 1.4876394097375684e-25
16.67 17.65 2.2500141840574804e-22
16.67 17.895 6.595639398206072e-16
16.67 18.14 3.8531544719965864e-11
16.67 18.385 1.537158320909928e-8
16.67 18.63 1.412577949234292e-7
16.67 18.875 9.166178915413725e-5
16.67 19.12 0.00018932752164799323
16.67 19.365 9.630963844474063e-7
16.67 19.61 2.3528161408754777e-7
16.67 19.855 0.0004403452076965019
16.67 20.1 0.002025439343652717
16.67 20.345 1.4796326925140087e-5
16.67 20.59 1.2368782155325064e-10
16.67 20.835 1.4458926285511455e-18
16.67 21.08 3.419930532863399e-26
16.67 21.325 -1.5144300043509393e-27
16.67 21.57 1.466393434858988e-29
16.67 21.815 9.649555709438108e-33
16.67 22.06 -8.542656742644933e-34
16.67 22.305 -9.543682858160547e-37
16.915 9.075 -3.489087341899398e-25
16.915 9.32 -6.0317456043871565e-27
16.915 9.565 -2.1619507853576165e-27
16.915 9.81 -4.727322057322639e-24
16.915 10.055 -3.0401341140891296e-21
16.915 10.3 8.116796744486832e-27
16.915 10.545 -1.7183590365519855e-22
16.915 10.79 -2.1749407102546685e-21
16.915 12.995 -1.462306346483463e-26
16.915 13.24 -6.205888407612643e-28
16.915 13.485 -6.486429846770527e-29
16.915 13.73 8.333292899868862e-25
16.915 13.975000000000001 3.238333115409419e-28
16.915 14.220000000000002 6.195404231613155e-28
16.915 14.464999999999998 1.8360543767867962e-19
16.915 14.709999999999999 3.185006071485189e-26
16.915 14.955 -1.8542553237670867e-27
16.915 15.2 4.87240877866617e-28
16.915 15.445 -1.1964076973533664e-29
16.915 15.69 -8.197092269179591e-29
16.915 15.935 -1.686142806444951e-30
16.915 16.18 -1.7601987770655402e-30
16.915 16.425 7.598250927722614e-32
16.915 16.67 4.463298405595522e-34
16.915 16.915 4.440040153348032e-35
16.915 17.16 1.4641501887059186e-31
16.915 17.405 5.9617821473793826e-24
16.915 17.65 6.788656549128966e-18
16.915 17.895 8.238438684021979e-14
16.915 18.14 6.518246032960003e-12
16.915 18.385 4.971222616306968e-9
16.915 18.63 8.635303307034273e-7
16.915 18.875 5.121238585048441e-7
16.915 19.12 1.1047485033327072e-9
16.915 19.365 2.0889267154514777e-7
16.915 19.61 0.0003073256798235972
16.915 19.855 0.0013104857707754412
16.915 20.1 1.0292533380549628e-5
16.915 20.345 9.840382703934131e-11
16.915 20.59 8.009710873838925e-19
16.915 20.835 -1.1655620664080595e-25
16.915 21.08 -1.0431766384282034e-26
16.915 21.325 3.458533430547244e-28
16.915 21.57 -1.3742943580886394e-29
16.915 21.815 2.3965662608078215e-32
16.915 22.06 2.8947141444644917e-33
16.915 22.305 7.029627309180536e-37
17.405 9.075 1.0596376609884322e-25
17.405 9.32 -2.5954578011151667e-25
17.405 9.565 1.1402298166800692e-23
17.405 9.81 8.362851473547955e-21
17.405 10.055 4.600330684123059e-21
17.405 10.3 4.600605829951266e-21
17.405 10.545 7.833977669271679e-22
17.405 10.79 -2.198728509918921e-21
17.405 12.995 -1.489967127150292e-24
17.405 13.24 -6.241457293060141e-26
17.405 13.485 -6.607476538608854e-27
17.405 13.73 8.51179467208119e-23
17.405 13.975000000000001 2.3790730431978341e-26
17.405 14.220000000000002 6.327170184931404e-26
17.405 14.464999999999998 2.5148673969476637e-25
17.405 14.709999999999999 2.9168071781523163e-24
17.405 14.955 -1.896622902263766e-25
17.405 15.2 4.9408934464517095e-26
17.405 15.445 -1.5310843532360513e-27
17.405 15.69 -8.443987806623982e-27
17.405 15.935 2.471683041110669e-28
17.405 16.18 -3.2040068443484478e-28
17.405 16.425 6.030497639380127e-28
17.405 16.67 -3.434984519119527e-30
17.405 16.915 1.4976646558810873e-30
17.405 17.16 3.012241160649565e-26
17.405 17.405 7.66337036337855e-23
17.405 17.65 4.5533030187581836e-18
17.405 17.895 3.377332365482364e-15
17.405 18.14 2.1991104371245603e-14
17.405 18.385 1.19438095285028e-15
17.405 18.63 3.6148601751090847e-13
17.405 18.875 2.3575860817619616e-8
17.405 19.12 1.1885191670194277e-5
17.405 19.365 2.1339513715161813e-5
17.405 19.61 6.230056521426737e-8
17.405 19.855 5.37565376741343e-13
17.405 20.1 4.3450816266143005e-20
17.405 20.345 1.0969689573266255e-23
17.405 20.59 6.058367056247518e-26
17.405 20.835 -1.5942867226088308e-27
17.405 21.08 -6.433324316119713e-29
17.405 21.325 2.2354177107546195e-30
17.405 21.57 9.935799006197173e-32
17.405 21.815 2.0938228915213343e-34
17.405 22.06 7.924053600354612e-36
17.405 22.305 4.604844209172974e-39
17.65 9.075 4.128709536658048e-19
17.65 9.32 2.3193784937994408e-20
17.65 9.565 1.2388189605118917e-18
17.65 9.81 3.2839720217664343e-16
17.65 10.055 7.646857516139812e-17
17.65 10.3 7.673300924915265e-17
17.65 10.545 7.234528617307312e-18
17.65 10.79 8.291707448109887e-20
17.65 12.995 8.721515675299144e-26
17.65 13.24 1.6088377829347538e-26
17.65 13.485 3.072582055559823e-28
17.65 13.73 -1.7903488138875068e-25
17.65 13.975000000000001 -3.007747073987272e-28
17.65 14.220000000000002 -2.8831420435658662e-28
17.65 14.464999999999998 4.510085918399383e-27
17.65 14.709999999999999 4.90397537073903e-23
17.65 14.955 1.6612534366975758e-23
17.65 15.2 -5.9854071165243846e-27
17.65 15.445 -5.0615522910080856e-27
17.65 15.69 -1.1507865325198863e-27
17.65 15.935 6.872642016057045e-27
17.65 16.18 -2.3036885763030277e-27
17.65 16.425 9.754500521146583e-27
17.65 16.67 -5.703346815304176e-29
17.65 16.915 5.040419138087345e-30
17.65 17.16 9.789656362088223e-27
17.65 17.405 8.16534544635649e-23
17.65 17.65 9.854163595762202e-21
17.65 17.895 1.5227590570068752e-20
17.65 18.14 3.3739233226760016e-20
17.65 18.385 7.150405760282859e-14
17.65 18.63 1.964963165765555e-9
17.65 18.875 3.8631862712055564e-7
17.65 19.12 3.188368758567009e-7
17.65 19.365 5.781008834446914e-10
17.65 19.61 4.87625762085427e-15
17.65 19.855 5.616337345464895e-22
17.65 20.1 -3.387594328100757e-26
17.65 20.345 -5.633575995089257e-26
17.65 20.59 -3.967359917717269e-28
17.65 20.835 -2.5702819963548914e-29
17.65 21.08 -5.81904110484213e-31
17.65 21.325 -9.657971083170717e-32
17.65 21.57 1.1477843768060558e-34
17.65 21.815 -2.7103467744851807e-36
17.65 22.06 -9.105531921595805e-38
17.65 22.305 -5.070423547623497e-41
17.895 9.075 3.752097318576177e-14
17.895 9.32 4.09832288623767e-14
17.895 9.565 5.1589440726245384e-14
17.895 9.81 2.706180676425057e-12
17.895 10.055 1.1231719020007492e-12
17.895 10.3 2.5765592218342094e-13
17.895 10.545 1.8871133944582086e-14
17.895 10.79 2.253201398966443e-17
17.895 12.995 1.6834825760189938e-28
17.895 13.24 3.079462036706633e-29
17.895 13.485 1.2232598836533793e-30
17.895 13.73 -3.4987360869503528e-28
17.895 13.975000000000001 -3.4574325076061334e-30
17.895 14.220000000000002 -5.637535446804593e-31
17.895 14.464999999999998 2.609322541444322e-30
17.895 14.709999999999999 9.464740009911384e-26
17.895 14.955 5.869658694640056e-26
17.895 15.2 -1.1110038872730814e-25
17.895 15.445 -9.76463423690679e-30
17.895 15.69 -2.2194378369164106e-30
17.895 15.935 1.3260149109689302e-29
17.895 16.18 -4.444521462045741e-30
17.895 16.425 1.8820273201315612e-29
17.895 16.67 -1.130465556133947e-31
17.895 16.915 -1.832441483167696e-31
17.895 17.16 1.3053802565037844e-29
17.895 17.405 2.8386728859631937e-28
17.895 17.65 4.903350403472144e-28
17.895 17.895 6.257665325808272e-21
17.895 18.14 4.513265404903395e-15
17.895 18.385 3.5736425139802915e-11
17.895 18.63 2.3497046957164416e-9
17.895 18.875 7.453506752430203e-10
17.895 19.12 8.11881808642338e-13
17.895 19.365 6.8665652768710905e-18
17.895 19.61 1.141652538389497e-24
17.895 19.855 -6.851992881707626e-29
17.895 20.1 1.825834316549673e-28
17.895 20.345 -1.8752260431613534e-28
17.895 20.59 -1.2801802821613453e-30
17.895 20.835 -5.37866328427319e-32
17.895 21.08 4.47899420659012e-34
17.895 21.325 -2.2225035502819126e-34
17.895 21.57 4.8528731053251995e-37
17.895 21.815 -6.62690449760931e-39
17.895 22.06 -2.3611058279333266e-40
17.895 22.305 -1.563137207379608e-43
18.14 9.075 2.3905502692707808e-11
18.14 9.32 1.5353162665303475e-9
18.14 9.565 4.264481088180917e-10
18.14 9.81 4.262906971991987e-9
18.14 10.055 2.7470774952696614e-9
18.14 10.3 2.7941522828421545e-10
18.14 10.545 1.0361971078828413e-11
18.14 10.79 2.475974294325594e-15
18.14 12.995 -4.774911798740874e-28
18.14 13.24 -7.042292415102563e-26
18.14 13.485 -8.943056092164071e-27
18.14 13.73 -5.543427931545201e-31
18.14 13.975000000000001 -6.019933754334061e-26
18.14 14.220000000000002 -1.5850003236060779e-28
18.14 14.464999999999998 3.700704507386702e-28
18.14 14.709999999999999 -4.690494239837509e-28
18.14 14.955 5.16967544137627e-27
18.14 15.2 2.1974819530553184e-25
18.14 15.445 -1.504251231834214e-27
18.14 15.69 1.2914732591197827e-25
18.14 15.935 1.8216070885650572e-24
18.14 16.18 6.584619638616412e-25
18.14 16.425 -6.600008905707326e-30
18.14 16.67 -1.980468682057207e-28
18.14 16.915 -7.643486561555182e-27
18.14 17.16 7.178294460902559e-26
18.14 17.405 -1.9808482863995447e-26
18.14 17.65 3.097235654592093e-22
18.14 17.895 4.0843741102085634e-17
18.14 18.14 8.801895337497852e-14
18.14 18.385 1.5856279673423123e-12
18.14 18.63 1.879378460071701e-13
18.14 18.875 1.0486200869772524e-16
18.14 19.12 1.1795930649089502e-21
18.14 19.365 4.1384138822475865e-28
18.14 19.61 6.074786810108711e-26
18.14 19.855 1.752467726610998e-30
18.14 20.1 5.301615919312783e-31
18.14 20.345 4.153948697020657e-31
18.14 20.59 8.564235203900177e-28
18.14 20.835 -5.598887141142403e-29
18.14 21.08 -1.7932526113606675e-35
18.14 21.325 -3.215263224502368e-38
18.14 21.57 -6.678794619603e-39
18.14 21.815 -1.3862195263782192e-41
18.14 22.06 3.078059099057044e-43
18.14 22.305 1.9292247857099513e-46
18.385 9.075 5.066338274005074e-9
18.385 9.32 2.976545029188809e-7
18.385 9.565 3.9438513299984753e-7
18.385 9.81 1.950746634332274e-6
18.385 10.055 9.960096166210715e-7
18.385 10.3 7.72399371565322e-8
18.385 10.545 1.0785794013145755e-9
18.385 10.79 1.1178138646587543e-12
18.385 12.995 2.8128908120148386e-25
18.385 13.24 -4.506913832888116e-24
18.385 13.485 4.816515318166235e-24
18.385 13.73 -7.758381441755429e-29
18.385 13.975000000000001 -1.7302509431703415e-23
18.385 14.220000000000002 -1.5000611165286057e-26
18.385 14.464999999999998 3.3269098879173284e-26
18.385 14.709999999999999 -9.059340998454446e-26
18.385 14.955 1.233157663389816e-24
18.385 15.2 2.0759912000830785e-23
18.385 15.445 -1.707785489918649e-24
18.385 15.69 3.8815361624605083e-22
18.385 15.935 5.664303621780284e-22
18.385 16.18 1.9484342295756405e-22
18.385 16.425 1.1722284039447763e-25
18.385 16.67 -1.0703760022405923e-25
18.385 16.915 -1.3414404965530255e-24
18.385 17.16 1.6544226385745295e-23
18.385 17.405 -2.707838501592099e-24
18.385 17.65 2.978511896315334e-20
18.385 17.895 1.3802798512070276e-17
18.385 18.14 6.272903572256172e-17
18.385 18.385 2.248949772823724e-18
18.385 18.63 1.3827844971125996e-21
18.385 18.875 -3.1594795645619856e-26
18.385 19.12 -1.463346161424998e-23
18.385 19.365 2.2112288426974e-26
18.385 19.61 1.1032633815886108e-23
18.385 19.855 2.629875616719203e-28
18.385 20.1 9.710345516803437e-29
18.385 20.345 8.752806299808283e-29
18.385 20.59 5.051003134089232e-30
18.385 20.835 2.5001010492308946e-31
18.385 21.08 -3.7129392087554635e-33
18.385 21.325 -1.3872141409908944e-36
18.385 21.57 -1.2617931557922526e-36
18.385 21.815 -2.5479460254651843e-39
18.385 22.06 6.749289684587374e-41
18.385 22.305 4.061258004605737e-44
18.63 9.075 1.3452886268797644e-7
18.63 9.32 1.824110381271473e-5
18.63 9.565 3.0425523771134257e-5
18.63 9.81 0.00020729084313757053
18.63 10.055 8.269473914429024e-5
18.63 10.3 5.008891854813224e-6
18.63 10.545 4.267284002042733e-8
18.63 10.79 9.105383450692689e-11
18.63 12.995 -1.0401703004203883e-24
18.63 13.24 1.2712452929479578e-21
18.63 13.485 7.282732249584886e-22
18.63 13.73 -8.826079829800242e-28
18.63 13.975000000000001 -1.3173418078749654e-21
18.63 14.220000000000002 1.5874993575069505e-24
18.63 14.464999999999998 -3.7624726673265026e-24
18.63 14.709999999999999 9.064375078860519e-25
18.63 14.955 2.5081195042887035e-22
18.63 15.2 -2.224604781396333e-21
18.63 15.445 2.4646526834148847e-24
18.63 15.69 4.724109352474281e-20
18.63 15.935 5.50111790991171e-20
18.63 16.18 3.076416629377928e-20
18.63 16.425 -1.6296929859945412e-23
18.63 16.67 -2.018797051137564e-24
18.63 16.915 1.2031786343968489e-23
18.63 17.16 2.664674373123315e-22
18.63 17.405 -3.5494215557115746e-24
18.63 17.65 -6.735463180554167e-21
18.63 17.895 5.804855150164694e-23
18.63 18.14 2.4536143624229727e-24
18.63 18.385 -1.096547740664298e-23
18.63 18.63 5.777046395666049e-24
18.63 18.875 -2.2598376707056095e-24
18.63 19.12 -9.069755505971486e-25
18.63 19.365 -1.2352659426955835e-24
18.63 19.61 7.060602089583224e-24
18.63 19.855 2.4007468429624363e-27
18.63 20.1 -1.7510604413340682e-28
18.63 20.345 -1.4501623687902436e-28
18.63 20.59 2.780342565859173e-30
18.63 20.835 1.2568744654868217e-31
18.63 21.08 7.837934317141148e-34
18.63 21.325 -9.735331668634594e-35
18.63 21.57 3.789148187076764e-37
18.63 21.815 -3.276860428537028e-39
18.63 22.06 -1.0954249174096387e-40
18.63 22.305 -6.671829610234655e-44
18.875 9.075 3.196309147399301e-6
18.875 9.32 0.00023377912965942237
18.875 9.565 0.0014919445468010177
18.875 9.81 0.005319572575458453
18.875 10.055 0.0024406982456849097
18.875 10.3 0.00012290906798177674
18.875 10.545 1.3090833418473414e-6
18.875 10.79 6.002879972699233e-10
18.875 12.995 -1.5247510364422784e-23
18.875 13.24 2.5765891225815173e-20
18.875 13.485 1.5600323369061867e-20
18.875 13.73 -2.284763701575103e-26
18.875 13.975000000000001 -5.2693009306790855e-20
18.875 14.220000000000002 1.4899390086624813e-22
18.875 14.464999999999998 -3.5175710021954724e-22
18.875 14.709999999999999 1.064322073790484e-22
18.875 14.955 1.1048297792819353e-20
18.875 15.2 -2.0841341788176232e-19
18.875 15.445 -3.4757145685309405e-22
18.875 15.69 1.1949517683336915e-23
18.875 15.935 -1.9637643763007473e-24
18.875 16.18 -8.7269037919185e-25
18.875 16.425 4.3373103288971205e-25
18.875 16.67 -8.69063524987585e-25
18.875 16.915 8.366403423320999e-22
18.875 17.16 2.3724054322248193e-20
18.875 17.405 -6.792308332112135e-22
18.875 17.65 -5.886918462659171e-22
18.875 17.895 5.693984384679487e-23
18.875 18.14 1.0397707561046235e-23
18.875 18.385 -1.4268168397737885e-22
18.875 18.63 -4.423153140983354e-23
18.875 18.875 -7.959209895726612e-23
18.875 19.12 2.3428537813683146e-22
18.875 19.365 -2.12842610216128e-23
18.875 19.61 -1.4217475306102692e-23
18.875 19.855 -1.16467777519909e-25
18.875 20.1 6.29130770329442e-27
18.875 20.345 -1.849339236478417e-26
18.875 20.59 -4.619970376838709e-29
18.875 20.835 -1.5220467016315423e-30
18.875 21.08 2.4640710800305385e-31
18.875 21.325 -7.617561341458954e-33
18.875 21.57 8.242068259531666e-35
18.875 21.815 -1.6919610642569e-37
18.875 22.06 -1.4170597259163386e-38
18.875 22.305 -7.41611153300445e-42
19.12 9.075 2.341875049564434e-5
19.12 9.32 0.0017616477308034816
19.12 9.565 0.028359551194226285
19.12 9.81 0.05069036264999946
19.12 10.055 0.026722770703651304
19.12 10.3 0.0010311163557049216
19.12 10.545 1.975815453474262e-5
19.12 10.79 7.116354093062377e-10
19.12 12.995 7.290619045741707e-22
19.12 13.24 -3.556989308064485e-19
19.12 13.485 -1.626815212068956e-19
19.12 13.73 1.4117522856404552e-25
19.12 13.975000000000001 -3.7030849088508925e-19
19.12 14.220000000000002 2.705077648954451e-21
19.12 14.464999999999998 -6.382268030218619e-21
19.12 14.709999999999999 2.053129430574457e-21
19.12 14.955 1.0276462239063999e-19
19.12 15.2 -3.781984650994817e-18
19.12 15.445 -2.569035001206441e-21
19.12 15.69 7.916122804821981e-18
19.12 15.935 -3.570803528031558e-23
19.12 16.18 -1.0787892891772554e-23
19.12 16.425 7.721092291635185e-24
19.12 16.67 -2.6301161128879256e-23
19.12 16.915 -2.830048932680957e-20
19.12 17.16 4.573358735085807e-19
19.12 17.405 -1.4494132760740996e-19
19.12 17.65 -4.280941006484387e-20
19.12 17.895 1.1196770085415048e-19
19.12 18.14 -7.856154343414595e-21
19.12 18.385 -9.590891527856333e-22
19.12 18.63 8.061517574820392e-22
19.12 18.875 -8.763441693118661e-22
19.12 19.12 1.5304832969643997e-20
19.12 19.365 -2.2145486546948596e-22
19.12 19.61 -2.2921557275674006e-21
19.12 19.855 -2.524023435803334e-23
19.12 20.1 -3.608763112514554e-26
19.12 20.345 -3.0989849745556223e-25
19.12 20.59 -9.941813186382318e-28
19.12 20.835 -2.0176298993234437e-29
19.12 21.08 4.2729684106937485e-30
19.12 21.325 -1.1080527792226085e-31
19.12 21.57 1.1453801166759963e-33
19.12 21.815 -2.5305859957668982e-36
19.12 22.06 -2.589298957511221e-37
19.12 22.305 -1.322625231186969e-40
19.365 9.075 3.96817567857524e-5
19.365 9.32 0.007609622983948383
19.365 9.565 0.17331192532700884
19.365 9.81 0.313037745537014
19.365 10.055 0.13549198442368507
19.365 10.3 0.005885894893048917
19.365 10.545 9.343377956797086e-5
19.365 10.79 4.902613194647635e-9
19.365 12.995 4.6012671499143155e-20
19.365 13.24 -1.468452497708701e-18
19.365 13.485 2.3890217831013366e-19
19.365 13.73 -4.591515181784488e-25
19.365 13.975000000000001 -1.0194836863554584e-18
19.365 14.220000000000002 2.316340553776554e-21
19.365 14.464999999999998 -5.578476564667226e-21
19.365 14.709999999999999 3.0477128913947176e-21
19.365 14.955 6.014037805234691e-19
19.365 15.2 -3.3475205154894203e-18
19.365 15.445 -1.2014807621387596e-20
19.365 15.69 2.2928403931371308e-17
19.365 15.935 8.754165315418564e-18
19.365 16.18 1.006646862140466e-22
19.365 16.425 -1.8711600614946781e-22
19.365 16.67 -4.509753113877517e-22
19.365 16.915 -1.0119003146281968e-18
19.365 17.16 1.0085832942844861e-18
19.365 17.405 -6.279778568877384e-18
19.365 17.65 -4.742644028968299e-19
19.365 17.895 6.7325790089224646e-18
19.365 18.14 -5.277071885825468e-19
19.365 18.385 1.3224554996353546e-21
19.365 18.63 4.835099169410684e-21
19.365 18.875 -2.2496662596552947e-21
19.365 19.12 6.223155597187052e-19
19.365 19.365 -7.571193374182559e-22
19.365 19.61 -9.065842547711748e-20
19.365 19.855 -1.0081715124761557e-21
19.365 20.1 -1.5140166379414587e-25
19.365 20.345 -1.4552807141895031e-24
19.365 20.59 -4.977709381138829e-27
19.365 20.835 -5.367355650463157e-29
19.365 21.08 1.9877410799652427e-29
19.365 21.325 -5.206400573714462e-31
19.365 21.57 4.867599159692775e-33
19.365 21.815 -1.142445511737869e-35
19.365 22.06 -1.213765060139601e-36
19.365 22.305 -6.496597664040764e-40
19.61 9.075 2.8641633350478463e-5
19.61 9.32 0.014838441400952954
19.61 9.565 0.3255386227807321
19.61 9.81 0.7640117368514296
19.61 10.055 0.31909980902129026
19.61 10.3 0.01811433334654556
19.61 10.545 0.00013819767647852915
19.61 10.79 4.177250287471365e-9
19.61 12.995 -1.886121140139412e-18
19.61 13.24 1.791154908192998e-18
19.61 13.485 -6.413420314268212e-19
19.61 13.73 -1.6456201458660252e-24
19.61 13.975000000000001 -6.418691030640781e-19
19.61 14.220000000000002 -7.380783632147069e-21
19.61 14.464999999999998 1.7223474532584223e-20
19.61 14.709999999999999 -4.956301507775703e-21
19.61 14.955 4.0203926565613596e-19
19.61 15.2 1.0197006222244098e-17
19.61 15.445 3.201412910599969e-20
19.61 15.69 4.797446134266602e-17
19.61 15.935 -6.391504449663e-17
19.61 16.18 1.422208803339468e-16
19.61 16.425 9.81791160240978e-20
19.61 16.67 -9.518294212285276e-20
19.61 16.915 1.0562277080022837e-18
19.61 17.16 1.4087720937311803e-18
19.61 17.405 -6.376160074211793e-18
19.61 17.65 -1.7791864310044012e-17
19.61 17.895 4.4009514693999006e-17
19.61 18.14 1.1848149386510172e-18
19.61 18.385 5.8268429571790816e-21
19.61 18.63 9.700399720408882e-21
19.61 18.875 -4.862655889106596e-22
19.61 19.12 6.6825200841860286e-18
19.61 19.365 -1.7742418154582914e-22
19.61 19.61 -9.714830548634022e-19
19.61 19.855 -1.0814902075002356e-20
19.61 20.1 8.809132510978994e-26
19.61 20.345 -1.4699568406937035e-23
19.61 20.59 2.631126206234777e-27
19.61 20.835 9.956742364820336e-29
19.61 21.08 -8.726027193440031e-31
19.61 21.325 -2.614405692667076e-31
19.61 21.57 5.4660722879406015e-34
19.61 21.815 -9.205490360388782e-36
19.61 22.06 -4.207748392874452e-37
19.61 22.305 -2.1037274395978676e-40
19.855 9.075 1.430808969941911e-5
19.855 9.32 0.01058292822735884
19.855 9.565 0.3172709294030011
19.855 9.81 0.861066800311855
19.855 10.055 0.42665100998543826
19.855 10.3 0.018005340983552807
19.855 10.545 7.695588133748156e-5
19.855 10.79 6.6188403967389695e-9
19.855 12.995 -1.8407137216549024e-17
19.855 13.24 1.4092980537328221e-18
19.855 13.485 -3.6200493373958353e-19
19.855 13.73 -1.7970113785191126e-24
19.855 13.975000000000001 1.3580369768899468e-18
19.855 14.220000000000002 -5.882772586059648e-21
19.855 14.464999999999998 1.3720788687347744e-20
19.855 14.709999999999999 -3.803797448273964e-21
19.855 14.955 7.559479121019686e-19
19.855 15.2 8.049361975482758e-18
19.855 15.445 3.4892336628988007e-20
19.855 15.69 8.461447048805182e-18
19.855 15.935 3.086690888766316e-19
19.855 16.18 -4.237438980462722e-18
19.855 16.425 -4.0878243143394313e-19
19.855 16.67 -1.459069001784826e-19
19.855 16.915 1.0423770023690357e-17
19.855 17.16 -1.4758278610886442e-19
19.855 17.405 -5.426907071392234e-18
19.855 17.65 -2.093177742417472e-17
19.855 17.895 9.542121063080828e-17
19.855 18.14 2.5385882049759087e-18
19.855 18.385 1.1596874859754089e-21
19.855 18.63 6.73754176596331e-17
19.855 18.875 3.4274211300013445e-22
19.855 19.12 1.4408377258457945e-17
19.855 19.365 5.654263960854141e-23
19.855 19.61 -2.1076494130854544e-18
19.855 19.855 -4.194419869399734e-20
19.855 20.1 2.558388204658158e-25
19.855 20.345 -1.2431561683113992e-19
19.855 20.59 5.2144973268946036e-27
19.855 20.835 -1.209225072713135e-25
19.855 21.08 -1.3494882360040145e-29
19.855 21.325 -3.5728301639561897e-31
19.855 21.57 -1.699682940634635e-33
19.855 21.815 -1.5585290073979883e-35
19.855 22.06 -3.6502644963231445e-37
19.855 22.305 -1.6219974840617506e-40
20.1 9.075 4.255052108235853e-6
20.1 9.32 0.0044102138197592644
20.1 9.565 0.14170298261339756
20.1 9.81 0.44920159955672356
20.1 10.055 0.25486047148075874
20.1 10.3 0.006527751483826809
20.1 10.545 6.111387303692072e-5
20.1 10.79 9.599791290683631e-8
20.1 12.995 -1.813398299137754e-17
20.1 13.24 1.1679067501856242e-18
20.1 13.485 -4.0304960428580155e-18
20.1 13.73 -2.1110121790113995e-25
20.1 13.975000000000001 1.613133666418779e-18
20.1 14.220000000000002 1.803315658494734e-21
20.1 14.464999999999998 -3.591945721741623e-21
20.1 14.709999999999999 -4.550816891460467e-22
20.1 14.955 -3.9126710524682885e-18
20.1 15.2 -1.7353423512434552e-18
20.1 15.445 1.0061152064599405e-20
20.1 15.69 1.6298511788292018e-18
20.1 15.935 5.949331425392667e-20
20.1 16.18 -2.906424269374392e-18
20.1 16.425 -2.4301957488462737e-18
20.1 16.67 -6.987898298983794e-19
20.1 16.915 1.0522522820396642e-18
20.1 17.16 -1.4890126350040272e-19
20.1 17.405 3.2655168138839094e-18
20.1 17.65 6.848166435440687e-18
20.1 17.895 2.9787838353889835e-17
20.1 18.14 -2.8328671297369832e-18
20.1 18.385 -9.021165218743018e-21
20.1 18.63 -4.403378923581163e-18
20.1 18.875 -6.521526052028697e-18
20.1 19.12 2.576858093904093e-18
20.1 19.365 9.797319116440066e-23
20.1 19.61 -6.034594312578364e-19
20.1 19.855 -5.987731606423138e-19
20.1 20.1 -1.5230228170806926e-23
20.1 20.345 -3.969166528793836e-18
20.1 20.59 6.536887282009979e-27
20.1 20.835 -3.863898626531929e-24
20.1 21.08 -7.23808767697403e-30
20.1 21.325 -8.414926610239084e-32
20.1 21.57 -1.9474280072235888e-33
20.1 21.815 -6.435847842017032e-36
20.1 22.06 -1.0566257642367498e-38
20.1 22.305 1.6009381035561995e-41
20.345 9.075 2.2042902142167486e-7
20.345 9.32 0.0007852877380314391
20.345 9.565 0.032286307626764155
20.345 9.81 0.13438934983807177
20.345 10.055 0.08316129997014615
20.345 10.3 0.00157386284905317
20.345 10.545 2.3030042352662584e-5
20.345 10.79 2.5364477640858837e-7
20.345 12.995 -4.0115747903376766e-18
20.345 13.24 6.272740453301899e-21
20.345 13.485 -6.576634255591594e-19
20.345 13.73 -2.9821061888485814e-25
20.345 13.975000000000001 2.8394424649671524e-19
20.345 14.220000000000002 -1.646273035716935e-22
20.345 14.464999999999998 3.143599474483328e-22
20.345 14.709999999999999 -2.5011084590373864e-23
20.345 14.955 3.93772695663153e-19
20.345 15.2 1.5461088798339642e-19
20.345 15.445 5.150555023285587e-22
20.345 15.69 1.6418058950037513e-19
20.345 15.935 -6.930926218121761e-20
20.345 16.18 4.425408420423311e-20
20.345 16.425 2.0132152674652203e-18
20.345 16.67 -1.1543248129187172e-18
20.345 16.915 -1.4393201079381517e-18
20.345 17.16 -3.7539768632331695e-19
20.345 17.405 -9.26331919417812e-19
20.345 17.65 -1.7090813504850193e-19
20.345 17.895 4.262408600181686e-18
20.345 18.14 -5.156015544781783e-20
20.345 18.385 -5.950132137647965e-22
20.345 18.63 7.760424264385931e-19
20.345 18.875 3.627746112300992e-20
20.345 19.12 5.059375381388156e-19
20.345 19.365 -7.075691441706183e-23
20.345 19.61 -9.180980573069178e-20
20.345 19.855 2.6172720164272264e-20
20.345 20.1 -6.105033237914649e-24
20.345 20.345 -1.7326673954863246e-19
20.345 20.59 -3.81222366014429e-18
20.345 20.835 -1.6868581104549634e-25
20.345 21.08 3.0378281201299025e-31
20.345 21.325 -8.241480186281856e-32
20.345 21.57 2.7888770252446375e-34
20.345 21.815 -2.3868447258263562e-36
20.345 22.06 -1.427988574372176e-37
20.345 22.305 -6.848697140975633e-41
20.59 9.075 1.0826328509123203e-8
20.59 9.32 9.414262117247654e-5
20.59 9.565 0.0028886669198071443
20.59 9.81 0.023788356947399142
20.59 10.055 0.011230072762219235
20.59 10.3 0.00022479392306305968
20.59 10.545 2.20434625189982e-6
20.59 10.79 7.486084929476693e-8
20.59 12.995 -1.196615310840482e-27
20.59 13.24 -1.0902125838529817e-20
20.59 13.485 5.028452091974368e-21
20.59 13.73 -2.5423668477311164e-26
20.59 13.975000000000001 1.1425292396471366e-19
20.59 14.220000000000002 -3.373007604846445e-23
20.59 14.464999999999998 6.358656863257977e-23
20.59 14.709999999999999 1.2016107736560215e-23
20.59 14.955 7.677429044385017e-20
20.59 15.2 3.2545274351104585e-20
20.59 15.445 -1.8943818645587284e-21
20.59 15.69 -2.6222681143742313e-22
20.59 15.935 3.4540342393077156e-22
20.59 16.18 1.2403968649057893e-22
20.59 16.425 -8.559237141214942e-23
20.59 16.67 -8.399595081171256e-23
20.59 16.915 2.476104045401718e-22
20.59 17.16 -2.904987837884027e-20
20.59 17.405 -8.032364677346962e-20
20.59 17.65 -2.397068001837534e-20
20.59 17.895 9.286961350912249e-20
20.59 18.14 2.2374600834906777e-21
20.59 18.385 -9.433069884433093e-24
20.59 18.63 -8.679396775721911e-24
20.59 18.875 1.2166013755331922e-23
20.59 19.12 1.2236343426041581e-20
20.59 19.365 -3.3296093276387696e-24
20.59 19.61 -1.7793212646377366e-21
20.59 19.855 -2.068548710697911e-23
20.59 20.1 3.529765550089735e-27
20.59 20.345 -5.94311119498238e-24
20.59 20.59 -7.58056538709251e-30
20.59 20.835 -6.496422533911225e-30
20.59 21.08 2.5804970354658965e-32
20.59 21.325 -2.3082211437243805e-33
20.59 21.57 1.5037681744993004e-35
20.59 21.815 -4.251456942122252e-38
20.59 22.06 -4.492839597243009e-39
20.59 22.305 -1.7932258518220728e-42
20.835 9.075 1.934718230682503e-12
20.835 9.32 9.157322414199149e-7
20.835 9.565 0.00011944639742125721
20.835 9.81 0.002184531044957245
20.835 10.055 0.000975130891403987
20.835 10.3 1.7150416583435598e-5
20.835 10.545 4.372207820513612e-7
20.835 10.79 1.908273230364211e-9
20.835 12.995 7.625402928696695e-21
20.835 13.24 3.481730538447032e-21
20.835 13.485 -6.660753535054435e-21
20.835 13.73 -3.9521682373203064e-28
20.835 13.975000000000001 -4.609072297024474e-20
20.835 14.220000000000002 6.873608582889256e-25
20.835 14.464999999999998 5.159294777850058e-24
20.835 14.709999999999999 -5.840595304929569e-26
20.835 14.955 -3.2403103924919175e-20
20.835 15.2 5.407125719032508e-21
20.835 15.445 -2.911315357368712e-23
20.835 15.69 -5.229362929902665e-23
20.835 15.935 1.2604714537546173e-23
20.835 16.18 -2.90636488540556e-22
20.835 16.425 -9.147116728240342e-25
20.835 16.67 4.3594679373702715e-25
20.835 16.915 2.5699435895181868e-20
20.835 17.16 -1.0294117779965553e-21
20.835 17.405 4.760543446106725e-21
20.835 17.65 -1.388970265036361e-20
20.835 17.895 4.641857400804483e-21
20.835 18.14 6.763692013955345e-24
20.835 18.385 -4.3472478389447123e-26
20.835 18.63 -3.94100311439348e-24
20.835 18.875 5.589847641696756e-25
20.835 19.12 3.4445221183363474e-23
20.835 19.365 -5.679482507673871e-25
20.835 19.61 -3.518839906752851e-24
20.835 19.855 7.305229802947273e-25
20.835 20.1 2.030420403867558e-28
20.835 20.345 -1.1842449790907729e-27
20.835 20.59 -4.2828985366388075e-30
20.835 20.835 5.3027844047845525e-33
20.835 21.08 1.781596237384644e-32
20.835 21.325 -2.8534444044087115e-34
20.835 21.57 3.420137611911133e-36
20.835 21.815 -5.373287276420998e-39
20.835 22.06 -7.943775644263531e-40
20.835 22.305 -4.178007219702239e-43
21.08 9.075 7.192282117240188e-17
21.08 9.32 1.2371571696290216e-9
21.08 9.565 2.6732516960199904e-6
21.08 9.81 0.0001003482600192674
21.08 10.055 4.9002753035986285e-5
21.08 10.3 8.07824778391664e-7
21.08 10.545 3.611709740597942e-8
21.08 10.79 2.124874710287991e-11
21.08 12.995 -2.6830751410333046e-22
21.08 13.24 4.105291181227207e-22
21.08 13.485 -5.753697364829099e-22
21.08 13.73 -7.877018153455035e-30
21.08 13.975000000000001 -7.336976042458172e-23
21.08 14.220000000000002 -1.590800222296346e-26
21.08 14.464999999999998 6.921612919516826e-26
21.08 14.709999999999999 6.518189861551546e-26
21.08 14.955 -9.906844388476859e-23
21.08 15.2 3.894806166054584e-23
21.08 15.445 -1.2003965089571189e-25
21.08 15.69 -4.734553756415841e-25
21.08 15.935 3.0900311298654815e-25
21.08 16.18 -1.595644751628157e-24
21.08 16.425 -1.74754118235129e-21
21.08 16.67 1.0012154371712723e-26
21.08 16.915 6.582439748334174e-23
21.08 17.16 -2.7803327609671546e-23
21.08 17.405 1.6059834312975504e-22
21.08 17.65 -3.568082323028894e-22
21.08 17.895 -2.5076919494898344e-23
21.08 18.14 1.3724113546219283e-23
21.08 18.385 2.0543383498243258e-25
21.08 18.63 1.1603788292808496e-25
21.08 18.875 3.885870252243874e-27
21.08 19.12 5.0435057128810536e-24
21.08 19.365 -4.346888309482059e-27
21.08 19.61 2.6684567751481e-23
21.08 19.855 1.5883775564834286e-23
21.08 20.1 -3.04120259209238e-29
21.08 20.345 -6.215243333837717e-29
21.08 20.59 -3.1246910545631625e-31
21.08 20.835 -2.662601116300942e-32
21.08 21.08 -7.704332930064601e-34
21.08 21.325 -2.1487344937029978e-35
21.08 21.57 -7.154515324570024e-39
21.08 21.815 -6.471302065060818e-40
21.08 22.06 -2.2937246647962652e-41
21.08 22.305 -1.122083477593925e-44
21.325 9.075 2.1635735844132287e-22
21.325 9.32 1.545543907249852e-13
21.325 9.565 5.266316543786671e-9
21.325 9.81 2.366319009602114e-7
21.325 10.055 1.227322100177345e-6
21.325 10.3 4.234360238942182e-8
21.325 10.545 1.9287858363428734e-10
21.325 10.79 1.343334748910796e-12
21.325 12.995 -1.903682516822846e-24
21.325 13.24 3.9535765038734084e-24
21.325 13.485 -2.4123411002089862e-24
21.325 13.73 -5.276188261448664e-31
21.325 13.975000000000001 1.2046197151121806e-23
21.325 14.220000000000002 -1.8245892712037315e-27
21.325 14.464999999999998 3.8059061264310385e-27
21.325 14.709999999999999 5.968800701129799e-27
21.325 14.955 8.018886449311773e-24
21.325 15.2 8.545570419441368e-25
21.325 15.445 -1.3797872756561777e-26
21.325 15.69 -4.903991909782803e-27
21.325 15.935 -6.198435505579434e-27
21.325 16.18 -1.7107009792245437e-26
21.325 16.425 7.985068468425645e-24
21.325 16.67 -1.1763133723049487e-22
21.325 16.915 -6.206235083569412e-24
21.325 17.16 -2.044993117897531e-24
21.325 17.405 1.1652819015843655e-23
21.325 17.65 -2.482969387771827e-23
21.325 17.895 -4.437325769035153e-24
21.325 18.14 1.2204022461538837e-24
21.325 18.385 1.862216905805963e-26
21.325 18.63 2.7498465007128455e-27
21.325 18.875 1.3217083038076222e-28
21.325 19.12 4.490545060232454e-25
21.325 19.365 -4.4554683244779377e-29
21.325 19.61 2.3733814365298494e-24
21.325 19.855 1.4126401354887734e-24
21.325 20.1 -2.0668363681705677e-30
21.325 20.345 -5.0882148850139885e-30
21.325 20.59 -2.744429626807737e-32
21.325 20.835 -2.114499894778641e-33
21.325 21.08 -7.887966256941971e-35
21.325 21.325 -1.80694026895687e-36
21.325 21.57 -2.9249839031840533e-39
21.325 21.815 -5.934801168663256e-41
21.325 22.06 -1.6806585224233183e-42
21.325 22.305 -8.389442534482715e-46
21.57 9.075 -1.5565820363017653e-30
21.57 9.32 3.5954214589943834e-20
21.57 9.565 2.33273110163673e-14
21.57 9.81 1.6832776494748193e-11
21.57 10.055 3.946797395100066e-10
21.57 10.3 1.0988587173226436e-10
21.57 10.545 2.1009803937167649e-13
21.57 10.79 6.2837581975174134e-15
21.57 12.995 -5.059439352684418e-28
21.57 13.24 1.4281975518377038e-27
21.57 13.485 -8.244821446579923e-29
21.57 13.73 -2.5306025309748716e-34
21.57 13.975000000000001 5.443093031529329e-27
21.57 14.220000000000002 -4.688000641760207e-31
21.57 14.464999999999998 8.114972902674773e-31
21.57 14.709999999999999 1.2841999223881188e-30
21.57 14.955 1.7170497438424758e-27
21.57 15.2 1.8281631673804903e-28
21.57 15.445 -2.95271634613544e-30
21.57 15.69 -4.378299327900087e-31
21.57 15.935 -1.4099958473728031e-30
21.57 16.18 -3.458766345613456e-30
21.57 16.425 1.7937111087306488e-27
21.57 16.67 -2.588616263040525e-26
21.57 16.915 4.675448605511903e-27
21.57 17.16 -1.0337912459778472e-26
21.57 17.405 2.494553609469882e-27
21.57 17.65 -5.315572459820463e-27
21.57 17.895 -9.494176095718762e-28
21.57 18.14 2.612337413703969e-28
21.57 18.385 3.915381668599736e-30
21.57 18.63 7.535741040259126e-30
21.57 18.875 1.1780883294709212e-29
21.57 19.12 9.609885026894503e-29
21.57 19.365 -1.253868265889356e-32
21.57 19.61 5.080442033570116e-28
21.57 19.855 3.0238864624821183e-28
21.57 20.1 -4.334424806990552e-34
21.57 20.345 -1.1124221235374032e-33
21.57 20.59 -5.6958747899286116e-36
21.57 20.835 -5.150081572770077e-37
21.57 21.08 -1.6721479985426138e-38
21.57 21.325 -3.972082288174469e-40
21.57 21.57 -5.142141507319951e-43
21.57 21.815 -1.2821387924673263e-44
21.57 22.06 -3.8293677553938615e-46
21.57 22.305 -1.9224311721726398e-49
21.815 9.075 1.404954004932114e-36
21.815 9.32 2.045725878566762e-29
21.815 9.565 2.501154930732675e-21
21.815 9.81 8.873770130556178e-18
21.815 10.055 1.2111651638223898e-15
21.815 10.3 1.841607850463302e-15
21.815 10.545 8.176745830621393e-17
21.815 10.79 1.2323768498970512e-18
21.815 12.995 -7.611618106080245e-34
21.815 13.24 4.4180468673861016e-33
21.815 13.485 -7.045500383077971e-33
21.815 13.73 -7.409714751745709e-40
21.815 13.975000000000001 1.6119423199898637e-32
21.815 14.220000000000002 -3.816920584857803e-37
21.815 14.464999999999998 3.0268560965544964e-37
21.815 14.709999999999999 5.350061720335256e-37
21.815 14.955 6.73163005082434e-34
21.815 15.2 7.144220349066829e-35
21.815 15.445 -1.1383875392531804e-36
21.815 15.69 2.5274837565846556e-37
21.815 15.935 -1.7796528367916045e-36
21.815 16.18 -1.1848854787372259e-35
21.815 16.425 4.249303087549354e-33
21.815 16.67 -5.349701007190961e-32
21.815 16.915 -3.481249261629133e-32
21.815 17.16 -1.7151419660487548e-34
21.815 17.405 9.773250495655071e-34
21.815 17.65 -2.082458118824725e-33
21.815 17.895 -3.7219364220093757e-34
21.815 18.14 1.023606804462236e-34
21.815 18.385 1.5921474512640144e-36
21.815 18.63 1.9221797522165017e-36
21.815 18.875 5.395802465095349e-39
21.815 19.12 3.741381831929758e-35
21.815 19.365 -4.989667321084686e-38
21.815 19.61 1.990614877590556e-34
21.815 19.855 1.1848181992131718e-34
21.815 20.1 -3.115004493976269e-40
21.815 20.345 -6.812977529066366e-40
21.815 20.59 -2.8473644260972614e-42
21.815 20.835 -2.1182304279263125e-43
21.815 21.08 -3.682836463720428e-45
21.815 21.325 -2.4742262086976586e-46
21.815 21.57 5.821713950058266e-49
21.815 21.815 -7.337157467110753e-51
21.815 22.06 -3.3464227030618204e-52
21.815 22.305 -1.7626931354590373e-55
22.06 9.075 1.529789977917404e-44
22.06 9.32 3.6728662508542034e-36
22.06 9.565 2.6204111018534905e-27
22.06 9.81 1.032981251297762e-23
22.06 10.055 3.1698484261999215e-23
22.06 10.3 8.206384129664293e-22
22.06 10.545 6.206208197016141e-23
22.06 10.79 8.306044591628568e-24
22.06 12.995 -4.133204225638551e-40
22.06 13.24 9.446398183249001e-41
22.06 13.485 -1.7347731630882235e-40
22.06 13.73 -1.5670806608416386e-47
22.06 13.975000000000001 3.4178998874129532e-40
22.06 14.220000000000002 -1.922346457101742e-43
22.06 14.464999999999998 -6.851948954115725e-47
22.06 14.709999999999999 1.2519997978656741e-45
22.06 14.955 6.495625159700762e-43
22.06 15.2 6.369924835597406e-44
22.06 15.445 2.215520113759864e-45
22.06 15.69 3.175472848253441e-42
22.06 15.935 -8.129884020099009e-42
22.06 16.18 -7.789751045054857e-42
22.06 16.425 -9.305827591618825e-40
22.06 16.67 -8.809695838351516e-39
22.06 16.915 1.7443960519817333e-38
22.06 17.16 -5.146870459807622e-38
22.06 17.405 1.113305604088698e-42
22.06 17.65 -6.484999911702629e-43
22.06 17.895 -6.536970331989752e-43
22.06 18.14 9.742488291824368e-44
22.06 18.385 1.6583222263241642e-45
22.06 18.63 1.1151894014094745e-41
22.06 18.875 3.241102888094382e-40
22.06 19.12 3.5166448846636574e-44
22.06 19.365 -9.633635026651908e-46
22.06 19.61 -6.785331626150648e-38
22.06 19.855 1.1273903831898285e-43
22.06 20.1 -2.4408915789008483e-48
22.06 20.345 -5.546271683463226e-48
22.06 20.59 -2.1414049751519674e-50
22.06 20.835 -6.1525873214682326e-52
22.06 21.08 5.648704173707479e-53
22.06 21.325 -2.1424570074966953e-54
22.06 21.57 1.7000709025353723e-56
22.06 21.815 -5.1852412170341805e-59
22.06 22.06 -4.2213532518740525e-60
22.06 22.305 -2.2789269154763763e-63
