0.0116 0.6200000000000001 -1.663922817439922e-27
0.0116 0.64 -5.957752095903216e-25
0.0116 0.6599999999999999 -3.690142250176812e-22
0.0116 0.6799999999999999 -6.374942898253636e-20
0.0116 0.7 -3.2039016646809255e-18
0.0116 0.72 -4.1279569363836385e-17
0.0116 0.74 -3.8847235279367624e-17
0.0116 0.76 4.86359293845255e-16
0.0116 0.7799999999999999 -2.0216170251677962e-16
0.0116 0.7999999999999999 -2.054498062810919e-15
0.0116 0.8200000000000001 -2.0498508836380666e-15
0.0116 0.8400000000000001 -9.257672679255758e-16
0.0116 0.8600000000000001 -1.6389767903873016e-15
0.0116 0.8799999999999999 -6.194710468579834e-16
0.0116 0.8999999999999999 1.1276209306135258e-14
0.0116 0.9199999999999999 7.205103366544544e-15
0.0116 0.94 -1.0846968082240608e-13
0.0116 0.96 7.600622597957254e-14
0.0116 0.98 4.402960399152942e-14
0.0116 1.0 -6.477527364734706e-14
0.0116 1.02 -1.9907367852957217e-15
0.0116 1.0399999999999998 -1.8735340443834568e-16
0.0116 1.0599999999999998 2.8633658821855085e-15
0.0116 1.0799999999999998 1.4123783915085714e-15
0.0116 1.0999999999999999 1.900601781941039e-16
0.0116 1.12 -1.1833220668316424e-15
0.0116 1.1400000000000001 -1.5432734541373142e-15
0.0116 1.16 -1.3202842229723992e-15
0.0116 1.18 -6.822897899195673e-16
0.0116 1.2 -1.8147432489269453e-16
0.0116 1.22 1.574830833450153e-16
0.0116 1.24 1.5532052928223196e-16
0.0116 1.26 6.121505880754125e-17
0.0116 1.28 1.450931675532989e-17
0.0116 1.3 2.293130418735748e-18
0.012400000000000001 0.6200000000000001 -1.6246526265177497e-26
0.012400000000000001 0.64 2.0279557211776372e-24
0.012400000000000001 0.6599999999999999 1.2319525009126532e-21
0.012400000000000001 0.6799999999999999 2.1291187499359445e-19
0.012400000000000001 0.7 1.0696878177674031e-17
0.012400000000000001 0.72 1.3715707008553604e-16
0.012400000000000001 0.74 1.1857244577036044e-16
0.012400000000000001 0.76 -1.6085620670051875e-15
0.012400000000000001 0.7799999999999999 1.1237569260347706e-15
0.012400000000000001 0.7999999999999999 8.55490901144317e-15
0.012400000000000001 0.8200000000000001 1.2868591979601093e-14
0.012400000000000001 0.8400000000000001 9.77031429050178e-16
0.012400000000000001 0.8600000000000001 3.660718606349203e-15
0.012400000000000001 0.8799999999999999 1.5541356452096799e-15
0.012400000000000001 0.8999999999999999 -1.3143241285230181e-14
0.012400000000000001 0.9199999999999999 4.133969313300992e-16
0.012400000000000001 0.94 8.430290231001968e-13
0.012400000000000001 0.96 2.603317243285165e-14
0.012400000000000001 0.98 3.005949697837441e-14
0.012400000000000001 1.0 -5.96865857928021e-14
0.012400000000000001 1.02 -5.919121259959962e-15
0.012400000000000001 1.0399999999999998 4.735678662354195e-15
0.012400000000000001 1.0599999999999998 1.139042089840413e-14
0.012400000000000001 1.0799999999999998 1.1413811373280363e-14
0.012400000000000001 1.0999999999999999 1.0089571347964124e-15
0.012400000000000001 1.12 -3.1077711340334657e-15
0.012400000000000001 1.1400000000000001 8.177260176310432e-15
0.012400000000000001 1.16 -7.379818832777075e-16
0.012400000000000001 1.18 -4.4863533022228714e-15
0.012400000000000001 1.2 -2.7018691036708865e-15
0.012400000000000001 1.22 -7.935636923465348e-16
0.012400000000000001 1.24 -1.1165354496937006e-16
0.012400000000000001 1.26 -7.468951018574919e-19
0.012400000000000001 1.28 3.3640707985000383e-18
0.012400000000000001 1.3 7.612162725506909e-19
0.0132 0.6200000000000001 5.465612049067682e-27
0.0132 0.64 9.234320883930904e-25
0.0132 0.6599999999999999 5.700508480939556e-22
0.0132 0.6799999999999999 9.847901862447698e-20
0.0132 0.7 4.949004588812616e-18
0.0132 0.72 6.373295446210683e-17
0.0132 0.74 5.902174935942887e-17
0.0132 0.76 -7.623070844800052e-16
0.0132 0.7799999999999999 3.26114246358826e-16
0.0132 0.7999999999999999 3.50192746851095e-15
0.0132 0.8200000000000001 3.716649691590008e-15
0.0132 0.8400000000000001 1.68180442926538e-15
0.0132 0.8600000000000001 2.6505245701751905e-15
0.0132 0.8799999999999999 -1.4629269180157766e-15
0.0132 0.8999999999999999 -3.176277820761469e-14
0.0132 0.9199999999999999 -3.01369932584873e-14
0.0132 0.94 -2.7162988756971755e-14
0.0132 0.96 -6.8106451226916246e-15
0.0132 0.98 1.0440237268567635e-13
0.0132 1.0 -3.838272245165282e-14
0.0132 1.02 7.206113333578968e-14
0.0132 1.0399999999999998 -3.6164108092556125e-15
0.0132 1.0599999999999998 -2.314309195077179e-14
0.0132 1.0799999999999998 4.3243822240515876e-13
0.0132 1.0999999999999999 2.629240080702197e-12
0.0132 1.12 9.149925714541274e-12
0.0132 1.1400000000000001 1.6104934835144516e-11
0.0132 1.16 1.6536581874285785e-11
0.0132 1.18 1.1033445945936138e-11
0.0132 1.2 5.322698290158876e-12
0.0132 1.22 1.9645767453906627e-12
0.0132 1.24 5.602593280426249e-13
0.0132 1.26 1.2233656611630164e-13
0.0132 1.28 2.0138946948400192e-14
0.0132 1.3 2.5029232204254755e-15
0.014000000000000002 0.6200000000000001 -1.8320931360036202e-23
0.014000000000000002 0.64 1.0704133977318904e-21
0.014000000000000002 0.6599999999999999 6.328853041634433e-19
0.014000000000000002 0.6799999999999999 1.0938821637444844e-16
0.014000000000000002 0.7 5.4926794447590874e-15
0.014000000000000002 0.72 7.016600016796358e-14
0.014000000000000002 0.74 5.733177189651083e-14
0.014000000000000002 0.76 -8.310139506168077e-13
0.014000000000000002 0.7799999999999999 4.753416547848147e-13
0.014000000000000002 0.7999999999999999 3.0212207249545676e-12
0.014000000000000002 0.8200000000000001 3.4996164405263537e-12
0.014000000000000002 0.8400000000000001 -2.80856214076987e-13
0.014000000000000002 0.8600000000000001 -9.950129582984641e-15
0.014000000000000002 0.8799999999999999 -1.4415620166883505e-11
0.014000000000000002 0.8999999999999999 -4.256641959043836e-12
0.014000000000000002 0.9199999999999999 -3.588924330902257e-11
0.014000000000000002 0.94 -3.372694458259142e-11
0.014000000000000002 0.96 -4.880789218169718e-12
0.014000000000000002 0.98 4.901983084307385e-11
0.014000000000000002 1.0 1.031832206029796e-10
0.014000000000000002 1.02 4.061433893091221e-11
0.014000000000000002 1.0399999999999998 5.821200805669033e-11
0.014000000000000002 1.0599999999999998 2.4937958694254567e-9
0.014000000000000002 1.0799999999999998 1.873828327397144e-8
0.014000000000000002 1.0999999999999999 6.60998343198156e-8
0.014000000000000002 1.12 1.295559201472833e-7
0.014000000000000002 1.1400000000000001 1.544641259075415e-7
0.014000000000000002 1.16 1.2680068413920276e-7
0.014000000000000002 1.18 8.086084774968035e-8
0.014000000000000002 1.2 4.2214248087764594e-8
0.014000000000000002 1.22 1.7441540437793856e-8
0.014000000000000002 1.24 5.447726532941339e-9
0.014000000000000002 1.26 1.2568809529844478e-9
0.014000000000000002 1.28 2.1400391915239415e-10
0.014000000000000002 1.3 2.7070137352881115e-11
0.0148 0.6200000000000001 -1.5901995850947836e-20
0.0148 0.64 -9.170652027095215e-20
0.0148 0.6599999999999999 -6.00122552803313e-17
0.0148 0.6799999999999999 -1.0363185813926191e-14
0.0148 0.7 -5.215452010863913e-13
0.0148 0.72 -6.7909181881020805e-12
0.0148 0.74 -7.390736832742827e-12
0.0148 0.76 7.872565953867434e-11
0.0148 0.7799999999999999 -2.3543113581841044e-11
0.0148 0.7999999999999999 -4.779995522478751e-10
0.0148 0.8200000000000001 1.820624558919513e-11
0.0148 0.8400000000000001 -6.250428061177291e-10
0.0148 0.8600000000000001 -6.88879341058116e-11
0.0148 0.8799999999999999 -2.8456640019053827e-9
0.0148 0.8999999999999999 -1.4773017549207597e-9
0.0148 0.9199999999999999 -6.896166943282412e-9
0.0148 0.94 -7.11424236563599e-10
0.0148 0.96 -1.0736192196403428e-8
0.0148 0.98 -3.00369678787361e-8
0.0148 1.0 7.551995654940365e-8
0.0148 1.02 5.421922295995396e-7
0.0148 1.0399999999999998 2.5891719489115155e-6
0.0148 1.0599999999999998 1.1663749897051783e-5
0.0148 1.0799999999999998 3.828944726259666e-5
0.0148 1.0999999999999999 8.400494955366891e-5
0.0148 1.12 0.00011653772268461667
0.0148 1.1400000000000001 0.00011082004264937635
0.0148 1.16 8.391189279296716e-5
0.0148 1.18 5.540381856492956e-5
0.0148 1.2 3.0504232422300367e-5
0.0148 1.22 1.2805120073595532e-5
0.0148 1.24 3.944603602341014e-6
0.0148 1.26 8.865589009659196e-7
0.0148 1.28 1.47209660227994e-7
0.0148 1.3 1.82100770233463e-8
0.015600000000000001 0.6200000000000001 -8.3305969551574e-19
0.015600000000000001 0.64 -3.0969241640592116e-17
0.015600000000000001 0.6599999999999999 -1.8675749029632778e-14
0.015600000000000001 0.6799999999999999 -3.2276201322800743e-12
0.015600000000000001 0.7 -1.62148467117663e-10
0.015600000000000001 0.72 -2.0784170006566373e-9
0.015600000000000001 0.74 -1.7863065004256201e-9
0.015600000000000001 0.76 2.4546377663412934e-8
0.015600000000000001 0.7799999999999999 -1.543078047923247e-8
0.015600000000000001 0.7999999999999999 -1.2642150345887577e-7
0.015600000000000001 0.8200000000000001 -1.2672329876935503e-7
0.015600000000000001 0.8400000000000001 -3.742730525193579e-8
0.015600000000000001 0.8600000000000001 5.987098174714732e-9
0.015600000000000001 0.8799999999999999 1.341431998108992e-7
0.015600000000000001 0.8999999999999999 -4.8165359689898006e-8
0.015600000000000001 0.9199999999999999 2.672708166824046e-7
0.015600000000000001 0.94 8.149371373969353e-7
0.015600000000000001 0.96 2.653689778134206e-10
0.015600000000000001 0.98 3.900028463670951e-6
0.015600000000000001 1.0 6.518165848543298e-5
0.015600000000000001 1.02 0.00035852353568527893
0.015600000000000001 1.0399999999999998 0.0013066042708323087
0.015600000000000001 1.0599999999999998 0.0037213616194480196
0.015600000000000001 1.0799999999999998 0.008107586042313585
0.015600000000000001 1.0999999999999999 0.012881018528183888
0.015600000000000001 1.12 0.014328955344573348
0.015600000000000001 1.1400000000000001 0.012273921376586951
0.015600000000000001 1.16 0.009260202901075237
0.015600000000000001 1.18 0.006210851210553261
0.015600000000000001 1.2 0.0033436123792712764
0.015600000000000001 1.22 0.0013381846304829348
0.015600000000000001 1.24 0.0003913726501828401
0.015600000000000001 1.26 8.400753930312128e-5
0.015600000000000001 1.28 1.3449306013723402e-5
0.015600000000000001 1.3 1.617648431623149e-6
0.016399999999999998 0.6200000000000001 1.3846028085563353e-17
0.016399999999999998 0.64 2.8172651725945854e-16
0.016399999999999998 0.6599999999999999 1.760083455675122e-13
0.016399999999999998 0.6799999999999999 3.0399641796824835e-11
0.016399999999999998 0.7 1.5286418228443576e-9
0.016399999999999998 0.72 1.978812979615773e-8
0.016399999999999998 0.74 2.0061153872398205e-8
0.016399999999999998 0.76 -2.3070999200598628e-7
0.016399999999999998 0.7799999999999999 5.970276979926672e-8
0.016399999999999998 0.7999999999999999 9.29413891278899e-7
0.016399999999999998 0.8200000000000001 -1.6904391367712665e-7
0.016399999999999998 0.8400000000000001 1.1347615644091057e-6
0.016399999999999998 0.8600000000000001 1.822815190526144e-7
0.016399999999999998 0.8799999999999999 3.5497435343315213e-6
0.016399999999999998 0.8999999999999999 7.435566903530742e-7
0.016399999999999998 0.9199999999999999 1.0883209369041709e-5
0.016399999999999998 0.94 4.9761205702246625e-5
0.016399999999999998 0.96 0.0003658146346655489
0.016399999999999998 0.98 0.002374355940212477
0.016399999999999998 1.0 0.011631450089932705
0.016399999999999998 1.02 0.04026227405861925
0.016399999999999998 1.0399999999999998 0.10255149492779606
0.016399999999999998 1.0599999999999998 0.20582084558612215
0.016399999999999998 1.0799999999999998 0.3292466151772152
0.016399999999999998 1.0999999999999999 0.41647773327214016
0.016399999999999998 1.12 0.41183466388131473
0.016399999999999998 1.1400000000000001 0.3415204588950944
0.016399999999999998 1.16 0.2560946429810867
0.016399999999999998 1.18 0.1674946141047428
0.016399999999999998 1.2 0.0880984095818713
0.016399999999999998 1.22 0.03515143171169832
0.016399999999999998 1.24 0.010431030047755425
0.016399999999999998 1.26 0.0022923217716654207
0.016399999999999998 1.28 0.000376206324472927
0.016399999999999998 1.3 4.631868763375389e-5
0.0172 0.6200000000000001 1.3571406070022612e-16
0.0172 0.64 -2.4263140919898482e-15
0.0172 0.6599999999999999 -1.4613510459895665e-12
0.0172 0.6799999999999999 -2.525848159678681e-10
0.0172 0.7 -1.2687683093450568e-8
0.0172 0.72 -1.623896820217994e-7
0.0172 0.74 -1.3609210795493758e-7
0.0172 0.76 1.9093098913091065e-6
0.0172 0.7799999999999999 -1.4223753593840344e-6
0.0172 0.7999999999999999 -1.0638301020035411e-5
0.0172 0.8200000000000001 -1.416420915380291e-5
0.0172 0.8400000000000001 -1.587575783523683e-6
0.0172 0.8600000000000001 2.181359435118947e-6
0.0172 0.8799999999999999 1.60483230701934e-5
0.0172 0.8999999999999999 8.990736619685321e-5
0.0172 0.9199999999999999 0.0010581271574544985
0.0172 0.94 0.007506915586095117
0.0172 0.96 0.03792363729049393
0.0172 0.98 0.14974830059115932
0.0172 1.0 0.46434888873789554
0.0172 1.02 1.121107602733426
0.0172 1.0399999999999998 2.113232266800595
0.0172 1.0599999999999998 3.2507700270692377
0.0172 1.0799999999999998 4.220667901690536
0.0172 1.0999999999999999 4.60937698424762
0.0172 1.12 4.214362021662404
0.0172 1.1400000000000001 3.373367066492797
0.0172 1.16 2.4474799785198136
0.0172 1.18 1.5654607956043063
0.0172 1.2 0.8259357607016895
0.0172 1.22 0.33814578353167407
0.0172 1.24 0.10382165397676126
0.0172 1.26 0.023561123125074503
0.0172 1.28 0.003964392070561124
0.0172 1.3 0.0004972215250399545
0.018000000000000002 0.6200000000000001 7.658319089257756e-16
0.018000000000000002 0.64 -2.7428514679209393e-14
0.018000000000000002 0.6599999999999999 -1.715109244479526e-11
0.018000000000000002 0.6799999999999999 -2.964097573708247e-9
0.018000000000000002 0.7 -1.489812279520637e-7
0.018000000000000002 0.72 -1.9146904103730932e-6
0.018000000000000002 0.74 -1.7021928090058998e-6
0.018000000000000002 0.76 2.2451660553183182e-5
0.018000000000000002 0.7799999999999999 -1.8484591511951712e-5
0.018000000000000002 0.7999999999999999 -0.0001747412647010555
0.018000000000000002 0.8200000000000001 -0.00021366555477312336
0.018000000000000002 0.8400000000000001 -5.19076853406533e-5
0.018000000000000002 0.8600000000000001 8.991984174231327e-5
0.018000000000000002 0.8799999999999999 0.0011648812702742843
0.018000000000000002 0.8999999999999999 0.011756107446726883
0.018000000000000002 0.9199999999999999 0.07357544134940604
0.018000000000000002 0.94 0.31938857733348314
0.018000000000000002 0.96 1.0541363341038692
0.018000000000000002 0.98 2.8149350730450067
0.018000000000000002 1.0 6.158583299894655
0.018000000000000002 1.02 11.026081781644672
0.018000000000000002 1.0399999999999998 16.323529955193177
0.018000000000000002 1.0599999999999998 20.78638148740016
0.018000000000000002 1.0799999999999998 23.240010223159956
0.018000000000000002 1.0999999999999999 22.822109593921514
0.018000000000000002 1.12 19.58147726089167
0.018000000000000002 1.1400000000000001 14.874950131279624
0.018000000000000002 1.16 10.19545965464301
0.018000000000000002 1.18 6.2423588206838785
0.018000000000000002 1.2 3.2159092621302183
0.018000000000000002 1.22 1.3004039801042822
0.018000000000000002 1.24 0.3950946539979423
0.018000000000000002 1.26 0.08864987204707832
0.018000000000000002 1.28 0.014731654163975216
0.018000000000000002 1.3 0.0018243457274430396
0.0188 0.6200000000000001 3.500204038935182e-15
0.0188 0.64 -8.31265078914495e-15
0.0188 0.6599999999999999 -6.83521173686185e-12
0.0188 0.6799999999999999 -1.1765586984307223e-9
0.0188 0.7 -5.929172258169582e-8
0.0188 0.72 -7.977017760898503e-7
0.0188 0.74 -1.3981353344591211e-6
0.0188 0.76 7.745074693408066e-6
0.0188 0.7799999999999999 2.195880077691604e-5
0.0188 0.7999999999999999 0.00013025821245876582
0.0188 0.8200000000000001 0.00026518904109442673
0.0188 0.8400000000000001 0.000440529499513406
0.0188 0.8600000000000001 0.005286776568195128
0.0188 0.8799999999999999 0.05381827449774758
0.0188 0.8999999999999999 0.3455721782129626
0.0188 0.9199999999999999 1.459949706436732
0.0188 0.94 4.454344264412797
0.0188 0.96 10.803492117872858
0.0188 0.98 21.790795834512124
0.0188 1.0 37.03566185613029
0.0188 1.02 53.48038921338193
0.0188 1.0399999999999998 66.77105471552657
0.0188 1.0599999999999998 73.79758961985142
0.0188 1.0799999999999998 73.15769824464098
0.0188 1.0999999999999999 65.13851293056416
0.0188 1.12 51.81877420031488
0.0188 1.1400000000000001 36.96647416984797
0.0188 1.16 23.98331181556585
0.0188 1.18 13.86521432296487
0.0188 1.2 6.714620290434847
0.0188 1.22 2.5505368366757106
0.0188 1.24 0.7299182655342944
0.0188 1.26 0.1551745468761821
0.0188 1.28 0.02458112839082531
0.0188 1.3 0.0029183490942626946
0.0196 0.6200000000000001 2.452772382584929e-14
0.0196 0.64 3.896664626636759e-13
0.0196 0.6599999999999999 2.3716718550078873e-10
0.0196 0.6799999999999999 4.097405528458698e-8
0.0196 0.7 2.0597533230003913e-6
0.0196 0.72 2.6567232609970448e-5
0.0196 0.74 2.5448545083070085e-5
0.0196 0.76 -0.00030875095028303764
0.0196 0.7799999999999999 0.0001520255498754167
0.0196 0.7999999999999999 0.0015457934266313465
0.0196 0.8200000000000001 0.002767977975500064
0.0196 0.8400000000000001 0.020660350445426395
0.0196 0.8600000000000001 0.15303751048003014
0.0196 0.8799999999999999 0.9242842621277644
0.0196 0.8999999999999999 3.9708895212411432
0.0196 0.9199999999999999 12.115600400810454
0.0196 0.94 28.325942902682947
0.0196 0.96 54.68732808632559
0.0196 0.98 90.3788041087535
0.0196 1.0 129.21665104024402
0.0196 1.02 161.46133040945566
0.0196 1.0399999999999998 178.29804628808105
0.0196 1.0599999999999998 176.548246912103
0.0196 1.0799999999999998 157.658153292935
0.0196 1.0999999999999999 126.55219697602057
0.0196 1.12 91.93184686552411
0.0196 1.1400000000000001 61.11575193564305
0.0196 1.16 37.36550961254037
0.0196 1.18 20.359364957793808
0.0196 1.2 9.220328074104112
0.0196 1.22 3.265940995778478
0.0196 1.24 0.8743856725855027
0.0196 1.26 0.1750652551614783
0.0196 1.28 0.026291942409284275
0.0196 1.3 0.0029770350485968993
0.0204 0.6200000000000001 -6.869201180440211e-15
0.0204 0.64 1.304442756760287e-12
0.0204 0.6599999999999999 7.929736746961476e-10
0.0204 0.6799999999999999 1.370084872372727e-7
0.0204 0.7 6.889609086552452e-6
0.0204 0.72 8.898234734017296e-5
0.0204 0.74 8.711952053086132e-5
0.0204 0.76 -0.0010103617218480858
0.0204 0.7799999999999999 0.0006064692990275339
0.0204 0.7999999999999999 0.007326682809684497
0.0204 0.8200000000000001 0.04970849957330436
0.0204 0.8400000000000001 0.3647408825634179
0.0204 0.8600000000000001 1.8584794971863918
0.0204 0.8799999999999999 7.439745246623529
0.0204 0.8999999999999999 22.883002538092853
0.0204 0.9199999999999999 54.119487148035944
0.0204 0.94 104.63388514949945
0.0204 0.96 172.82285706942406
0.0204 0.98 248.37883786834428
0.0204 1.0 312.10066500729164
0.0204 1.02 347.45147232285547
0.0204 1.0399999999999998 346.5482715450011
0.0204 1.0599999999999998 311.5386250097605
0.0204 1.0799999999999998 252.87382456460716
0.0204 1.0999999999999999 186.58756628348817
0.0204 1.12 126.02127227307491
0.0204 1.1400000000000001 78.60892554962454
0.0204 1.16 44.94712780496139
0.0204 1.18 22.908526844997482
0.0204 1.2 9.84887076210345
0.0204 1.22 3.3887868969664168
0.0204 1.24 0.900935908087815
0.0204 1.26 0.18194414352989316
0.0204 1.28 0.027825384947135174
0.0204 1.3 0.0032248000570349947
0.021200000000000004 0.6200000000000001 3.4783304051744166e-14
0.021200000000000004 0.64 2.091404576556012e-12
0.021200000000000004 0.6599999999999999 1.2608243196184067e-9
0.021200000000000004 0.6799999999999999 2.1799487373694035e-7
0.021200000000000004 0.7 1.0962181546848577e-5
0.021200000000000004 0.72 0.0001407495068771067
0.021200000000000004 0.74 0.00011820486971857505
0.021200000000000004 0.76 -0.0016247320561163184
0.021200000000000004 0.7799999999999999 0.0036910169046788332
0.021200000000000004 0.7999999999999999 0.06136879384819406
0.021200000000000004 0.8200000000000001 0.5412709542797554
0.021200000000000004 0.8400000000000001 2.998571848591
0.021200000000000004 0.8600000000000001 11.269863361574727
0.021200000000000004 0.8799999999999999 33.633758882450145
0.021200000000000004 0.8999999999999999 80.91928420722886
0.021200000000000004 0.9199999999999999 159.21016997793743
0.021200000000000004 0.94 268.2999689501535
0.021200000000000004 0.96 391.19020540993495
0.021200000000000004 0.98 497.8049191201423
0.021200000000000004 1.0 562.1262680127251
0.021200000000000004 1.02 568.5388462472681
0.021200000000000004 1.0399999999999998 517.8444224764621
0.021200000000000004 1.0599999999999998 427.69063281460274
0.021200000000000004 1.0799999999999998 321.5175705807889
0.021200000000000004 1.0999999999999999 221.29089441026179
0.021200000000000004 1.12 140.43408250177794
0.021200000000000004 1.1400000000000001 82.58582291833316
0.021200000000000004 1.16 44.69841143052969
0.021200000000000004 1.18 21.663812157332362
0.021200000000000004 1.2 8.96970764406805
0.021200000000000004 1.22 3.0217442182153844
0.021200000000000004 1.24 0.7978787502481551
0.021200000000000004 1.26 0.16154456093426636
0.021200000000000004 1.28 0.024868920916502422
0.021200000000000004 1.3 0.002906044021399726
0.022 0.6200000000000001 1.0163572559407744e-13
0.022 0.64 1.1077026331803996e-11
0.022 0.6599999999999999 6.819247339906908e-9
0.022 0.6799999999999999 1.1780882586739597e-6
0.022 0.7 5.919450492373809e-5
0.022 0.72 0.0007612292914376748
0.022 0.74 0.0006952886441001843
0.022 0.76 -0.007946992848095113
0.022 0.7799999999999999 0.03709738400173436
0.022 0.7999999999999999 0.4714712805933129
0.022 0.8200000000000001 3.2442902708843104
0.022 0.8400000000000001 13.720028235961319
0.022 0.8600000000000001 40.727757537100096
0.022 0.8799999999999999 98.23233950187986
0.022 0.8999999999999999 199.31922519985068
0.022 0.9199999999999999 344.7509009259763
0.022 0.94 514.1586958674516
0.022 0.96 669.2506167019045
0.022 0.98 773.4776230469462
0.022 1.0 797.740247452244
0.022 1.02 741.392238451716
0.022 1.0399999999999998 624.5957330920218
0.022 1.0599999999999998 479.70218954566224
0.022 1.0799999999999998 338.7125600235197
0.022 1.0999999999999999 220.04834160321911
0.022 1.12 132.2476654530138
0.022 1.1400000000000001 74.09405661729579
0.022 1.16 38.56276162172907
0.022 1.18 18.0232600425765
0.022 1.2 7.150484416329107
0.022 1.22 2.290503902396738
0.022 1.24 0.5730659287005837
0.022 1.26 0.11016371827819814
0.022 1.28 0.01615556816224811
0.022 1.3 0.0018060371774893346
0.0228 0.6200000000000001 1.1904336772341718e-13
0.0228 0.64 2.3157225376132778e-11
0.0228 0.6599999999999999 1.4193774232337487e-8
0.0228 0.6799999999999999 2.451257795099767e-6
0.0228 0.7 0.00012314213662999458
0.0228 0.72 0.0015862916078169763
0.0228 0.74 0.0017559202372743321
0.0228 0.76 -0.0025671089452054237
0.0228 0.7799999999999999 0.30345081279150293
0.0228 0.7999999999999999 2.5201395479140056
0.0228 0.8200000000000001 12.136838794404596
0.0228 0.8400000000000001 39.86113717497476
0.0228 0.8600000000000001 99.73135042473172
0.0228 0.8799999999999999 208.52596483131055
0.0228 0.8999999999999999 372.83845453818446
0.0228 0.9199999999999999 573.5352053633673
0.0228 0.94 769.9585607716712
0.0228 0.96 914.0756565147022
0.0228 0.98 968.7158101670959
0.0228 1.0 924.8291232026236
0.0228 1.02 799.7885505363
0.0228 1.0399999999999998 630.5533025062896
0.0228 1.0599999999999998 456.82583271603824
0.0228 1.0799999999999998 305.36238518560197
0.0228 1.0999999999999999 188.32138156135684
0.0228 1.12 108.13595822046322
0.0228 1.1400000000000001 58.331046248397925
0.0228 1.16 29.12324001374042
0.0228 1.18 12.818023594991887
0.0228 1.2 4.689419802983162
0.0228 1.22 1.3677652675625822
0.0228 1.24 0.31085127370938404
0.0228 1.26 0.054542728747919274
0.0228 1.28 0.007348129922001193
0.0228 1.3 0.0007591397749678707
0.0236 0.6200000000000001 1.2642176754539757e-14
0.0236 0.64 -2.647118310130625e-11
0.0236 0.6599999999999999 -1.632432303321493e-8
0.0236 0.6799999999999999 -2.8220233741403785e-6
0.0236 0.7 -0.0001417092886604006
0.0236 0.72 -0.0017395937437617165
0.0236 0.74 0.004639311608602735
0.0236 0.76 0.17236887971478454
0.0236 0.7799999999999999 1.5462250710761691
0.0236 0.7999999999999999 8.503780169005497
0.0236 0.8200000000000001 31.08999539518322
0.0236 0.8400000000000001 84.20810074695773
0.0236 0.8600000000000001 184.76649860955902
0.0236 0.8799999999999999 344.83979136052545
0.0236 0.8999999999999999 551.5600495660221
0.0236 0.9199999999999999 768.2292933413803
0.0236 0.94 944.0288912845059
0.0236 0.96 1032.2658104765183
0.0236 0.98 1015.7352934794893
0.0236 1.0 905.1603844047248
0.0236 1.02 736.0439322910006
0.0236 1.0399999999999998 548.2528242412963
0.0236 1.0599999999999998 377.6002319731807
0.0236 1.0799999999999998 241.05051186366146
0.0236 1.0999999999999999 142.5359632267202
0.0236 1.12 78.62492327429602
0.0236 1.1400000000000001 40.791916838576256
0.0236 1.16 19.363859011151167
0.0236 1.18 7.908639394754921
0.0236 1.2 2.6156811394156776
0.0236 1.22 0.6783434825346788
0.0236 1.24 0.1369520230316189
0.0236 1.26 0.021606700089256085
0.0236 1.28 0.0026663955956174206
0.0236 1.3 0.00025721349353511746
0.024399999999999998 0.6200000000000001 4.664788422734825e-14
0.024399999999999998 0.64 -5.923274812255918e-11
0.024399999999999998 0.6599999999999999 -3.6163920114414186e-8
0.024399999999999998 0.6799999999999999 -6.1311923095133195e-6
0.024399999999999998 0.7 -0.00029258182044424334
0.024399999999999998 0.72 -0.0026475648299056744
0.024399999999999998 0.74 0.04303682328868898
0.024399999999999998 0.76 0.7688385321288477
0.024399999999999998 0.7799999999999999 5.104100294612252
0.024399999999999998 0.7999999999999999 20.494855079240367
0.024399999999999998 0.8200000000000001 59.701681158538655
0.024399999999999998 0.8400000000000001 139.83058751701986
0.024399999999999998 0.8600000000000001 275.2128137469928
0.024399999999999998 0.8799999999999999 461.2499550178614
0.024399999999999998 0.8999999999999999 670.8524486543181
0.024399999999999998 0.9199999999999999 858.3188959500599
0.024399999999999998 0.94 974.2485827766012
0.024399999999999998 0.96 992.7469059581887
0.024399999999999998 0.98 915.5841127991883
0.024399999999999998 1.0 769.5386002526525
0.024399999999999998 1.02 593.9583203871059
0.024399999999999998 1.0399999999999998 422.0015810596818
0.024399999999999998 1.0599999999999998 278.3976543565848
0.024399999999999998 1.0799999999999998 171.13241901447492
0.024399999999999998 1.0999999999999999 97.5772638336014
0.024399999999999998 1.12 51.671544370695905
0.024399999999999998 1.1400000000000001 25.61193847683253
0.024399999999999998 1.16 11.519446971620454
0.024399999999999998 1.18 4.384542730176619
0.024399999999999998 1.2 1.3465853824608538
0.024399999999999998 1.22 0.3406011395871349
0.024399999999999998 1.24 0.07595181564073712
0.024399999999999998 1.26 0.015185206108135414
0.024399999999999998 1.28 0.002562172746441241
0.024399999999999998 1.3 0.000341602828161713
0.025200000000000004 0.6200000000000001 4.590647768168851e-14
0.025200000000000004 0.64 -2.273817914402641e-10
0.025200000000000004 0.6599999999999999 -1.3819437997940482e-7
0.025200000000000004 0.6799999999999999 -2.3054077944199584e-5
0.025200000000000004 0.7 -0.001041625403326428
0.025200000000000004 0.72 -0.006732299756357818
0.025200000000000004 0.74 0.18506303221601755
0.025200000000000004 0.76 2.3151332202770396
0.025200000000000004 0.7799999999999999 11.383669789415805
0.025200000000000004 0.7999999999999999 36.48649006207995
0.025200000000000004 0.8200000000000001 91.22324721315051
0.025200000000000004 0.8400000000000001 190.059677649884
0.025200000000000004 0.8600000000000001 337.8555130625948
0.025200000000000004 0.8799999999999999 517.358696073694
0.025200000000000004 0.8999999999999999 692.4544456591402
0.025200000000000004 0.9199999999999999 820.8014031115235
0.025200000000000004 0.94 871.4304635934961
0.025200000000000004 0.96 835.424457875955
0.025200000000000004 0.98 727.6241912379758
0.025200000000000004 1.0 581.1823969201812
0.025200000000000004 1.02 428.63307745644767
0.025200000000000004 1.0399999999999998 292.48607702857475
0.025200000000000004 1.0599999999999998 186.14100090131473
0.025200000000000004 1.0799999999999998 111.16258212083152
0.025200000000000004 1.0999999999999999 61.44500762051519
0.025200000000000004 1.12 31.18182957735306
0.025200000000000004 1.1400000000000001 14.650428506926179
0.025200000000000004 1.16 6.1223768038055475
0.025200000000000004 1.18 2.1260292528980953
0.025200000000000004 1.2 0.5965948316835692
0.025200000000000004 1.22 0.14759032340804812
0.025200000000000004 1.24 0.0368243190133821
0.025200000000000004 1.26 0.00874070070561068
0.025200000000000004 1.28 0.0016941987008435987
0.025200000000000004 1.3 0.0002464860090992925
0.026000000000000002 0.6200000000000001 -2.0086951336756358e-14
0.026000000000000002 0.64 -2.6318320152583277e-10
0.026000000000000002 0.6599999999999999 -1.5665507194018065e-7
0.026000000000000002 0.6799999999999999 -2.4319826188922223e-5
0.026000000000000002 0.7 -0.0008172005804725318
0.026000000000000002 0.72 0.01073794303946374
0.026000000000000002 0.74 0.5144976308436151
0.026000000000000002 0.76 4.569829775121291
0.026000000000000002 0.7799999999999999 18.8762914184429
0.026000000000000002 0.7999999999999999 51.795824503362105
0.026000000000000002 0.8200000000000001 114.83615252396149
0.026000000000000002 0.8400000000000001 217.74033315145883
0.026000000000000002 0.8600000000000001 354.23313198885296
0.026000000000000002 0.8799999999999999 500.1973147112519
0.026000000000000002 0.8999999999999999 621.0974735418748
0.026000000000000002 0.9199999999999999 689.0823428675383
0.026000000000000002 0.94 690.1928648483153
0.026000000000000002 0.96 627.3268563081442
0.026000000000000002 0.98 520.8566463083873
0.026000000000000002 1.0 398.91356970903814
0.026000000000000002 1.02 282.7917786960843
0.026000000000000002 1.0399999999999998 185.88019740740575
0.026000000000000002 1.0599999999999998 114.96026450271138
0.026000000000000002 1.0799999999999998 67.16155596863462
0.026000000000000002 1.0999999999999999 35.929149405471364
0.026000000000000002 1.12 17.41035190240928
0.026000000000000002 1.1400000000000001 7.733616586119571
0.026000000000000002 1.16 2.9483819758718854
0.026000000000000002 1.18 0.8797670480176558
0.026000000000000002 1.2 0.19169402877882366
0.026000000000000002 1.22 0.027751323014021348
0.026000000000000002 1.24 0.0018962563441530789
0.026000000000000002 1.26 -0.00023328730478929555
0.026000000000000002 1.28 -8.998107650040968e-5
0.026000000000000002 1.3 -1.4757691885245532e-5
0.0268 0.6200000000000001 -3.321354936856592e-15
0.0268 0.64 -7.864844431323166e-11
0.0268 0.6599999999999999 -3.9279445722951696e-8
0.0268 0.6799999999999999 -1.7598219421906873e-6
0.0268 0.7 0.0007085107541649609
0.0268 0.72 0.0511903866660047
0.0268 0.74 0.9676028853661855
0.0268 0.76 6.763325203802123
0.0268 0.7799999999999999 24.412015240474982
0.0268 0.7999999999999999 60.89780624734406
0.0268 0.8200000000000001 123.80113719870181
0.0268 0.8400000000000001 215.14939507484715
0.0268 0.8600000000000001 322.97012859888713
0.0268 0.8799999999999999 424.4216060845127
0.0268 0.8999999999999999 493.94967285380767
0.0268 0.9199999999999999 517.1580842270546
0.0268 0.94 492.22742390278694
0.0268 0.96 427.2349240071034
0.0268 0.98 340.9332508694582
0.0268 1.0 252.5297170063657
0.0268 1.02 172.9307790810447
0.0268 1.0399999999999998 109.84551457844928
0.0268 1.0599999999999998 66.22034356736972
0.0268 1.0799999999999998 37.77576272447823
0.0268 1.0999999999999999 19.53525003786146
0.0268 1.12 8.950606607988425
0.0268 1.1400000000000001 3.693265726767724
0.0268 1.16 1.3063763372531794
0.0268 1.18 0.3629625312241205
0.0268 1.2 0.06949844363284269
0.0268 1.22 0.0021507670524075245
0.0268 1.24 -0.004608605153954231
0.0268 1.26 -0.0019728124007402483
0.0268 1.28 -0.00046257267961877864
0.0268 1.3 -7.211991966658138e-5
0.027600000000000003 0.6200000000000001 2.55674298390628e-13
0.027600000000000003 0.64 4.4227140465968147e-10
0.027600000000000003 0.6599999999999999 2.8275558842469296e-7
0.027600000000000003 0.6799999999999999 5.5251607392750615e-5
0.027600000000000003 0.7 0.003891472134314545
0.027600000000000003 0.72 0.11130738412659913
0.027600000000000003 0.74 1.405896372231657
0.027600000000000003 0.76 8.208624478282033
0.027600000000000003 0.7799999999999999 26.937351972329544
0.027600000000000003 0.7999999999999999 62.42615823644717
0.027600000000000003 0.8200000000000001 117.10461649829793
0.027600000000000003 0.8400000000000001 187.72588143952066
0.027600000000000003 0.8600000000000001 261.9707305158667
0.027600000000000003 0.8799999999999999 323.1456675798639
0.027600000000000003 0.8999999999999999 355.1038904650379
0.027600000000000003 0.9199999999999999 354.12116723151354
0.027600000000000003 0.94 322.11868637172165
0.027600000000000003 0.96 267.91209166301115
0.027600000000000003 0.98 206.71396776649195
0.027600000000000003 1.0 148.39075937535
0.027600000000000003 1.02 98.48045523396615
0.027600000000000003 1.0399999999999998 60.90994869388815
0.027600000000000003 1.0599999999999998 36.00911012833371
0.027600000000000003 1.0799999999999998 19.961113515623637
0.027600000000000003 1.0999999999999999 9.827122149822321
0.027600000000000003 1.12 4.204030764904818
0.027600000000000003 1.1400000000000001 1.5999205086656156
0.027600000000000003 1.16 0.5216938639830142
0.027600000000000003 1.18 0.13524608660458823
0.027600000000000003 1.2 0.02385393333726566
0.027600000000000003 1.22 -0.0007180992413800269
0.027600000000000003 1.24 -0.002565943502827105
0.027600000000000003 1.26 -0.001033841921945742
0.027600000000000003 1.28 -0.00024093845684037022
0.027600000000000003 1.3 -3.7601376194226704e-5
0.0284 0.6200000000000001 4.508777828386777e-13
0.0284 0.64 8.617502851791885e-10
0.0284 0.6599999999999999 5.398153659676873e-7
0.0284 0.6799999999999999 9.951579209359708e-5
0.0284 0.7 0.006171644169541263
0.0284 0.72 0.1460131018480368
0.0284 0.74 1.5522952557429632
0.0284 0.76 8.306069713836479
0.0284 0.7799999999999999 26.136160204299244
0.0284 0.7999999999999999 56.95833903275948
0.0284 0.8200000000000001 98.5414996416345
0.0284 0.8400000000000001 146.51516686991354
0.0284 0.8600000000000001 192.08314189523333
0.0284 0.8799999999999999 224.3726779602445
0.0284 0.8999999999999999 234.5716340452007
0.0284 0.9199999999999999 223.45339587090785
0.0284 0.94 195.32154492095
0.0284 0.96 157.45954909668734
0.0284 0.98 118.38811909653901
0.0284 1.0 82.98515221823129
0.0284 1.02 53.44494050442816
0.0284 1.0399999999999998 32.04474306154688
0.0284 1.0599999999999998 18.44494452809714
0.0284 1.0799999999999998 9.895714016005734
0.0284 1.0999999999999999 4.619226782330223
0.0284 1.12 1.8302266785500947
0.0284 1.1400000000000001 0.6439340866395182
0.0284 1.16 0.1943270579446327
0.0284 1.18 0.04743361708658226
0.0284 1.2 0.008401527990895939
0.0284 1.22 -6.0188232950050146e-5
0.0284 1.24 -0.0008157563734777363
0.0284 1.26 -0.0003417372164105916
0.0284 1.28 -8.098835731197934e-5
0.0284 1.3 -1.2743306997167533e-5
0.0292 0.6200000000000001 4.306217823360168e-13
0.0292 0.64 9.105889347350943e-10
0.0292 0.6599999999999999 5.67856170651351e-7
0.0292 0.6799999999999999 0.00010340778340908693
0.0292 0.7 0.006244378515852949
0.0292 0.72 0.14168726863974893
0.0292 0.74 1.447805116455078
0.0292 0.76 7.550589200327427
0.0292 0.7799999999999999 22.784789122599598
0.0292 0.7999999999999999 46.27629471467524
0.0292 0.8200000000000001 74.41925875928031
0.0292 0.8400000000000001 104.15060316716539
0.0292 0.8600000000000001 129.62908647733406
0.0292 0.8799999999999999 143.52075193741715
0.0292 0.8999999999999999 143.38719057814703
0.0292 0.9199999999999999 131.5298908422358
0.0292 0.94 111.21494540731408
0.0292 0.96 87.11252265488606
0.0292 0.98 64.22343169413278
0.0292 1.0 44.06946854803397
0.0292 1.02 27.626728331204593
0.0292 1.0399999999999998 16.128723708583763
0.0292 1.0599999999999998 8.990159363725393
0.0292 1.0799999999999998 4.619763499249117
0.0292 1.0999999999999999 2.0182536921921845
0.0292 1.12 0.7323811168694717
0.0292 1.1400000000000001 0.22731059258998132
0.0292 1.16 0.06270123437891559
0.0292 1.18 0.01502439687900658
0.0292 1.2 0.003635070949127283
0.0292 1.22 0.001446974943277663
0.0292 1.24 0.0006686197385788014
0.0292 1.26 0.00022044341426522357
0.0292 1.28 4.8939652046346665e-5
0.0292 1.3 7.5209978883657374e-6
0.030000000000000002 0.6200000000000001 3.607872002202525e-13
0.030000000000000002 0.64 8.003862182004661e-10
0.030000000000000002 0.6599999999999999 4.985120979435783e-7
0.030000000000000002 0.6799999999999999 9.04465446816876e-5
0.030000000000000002 0.7 0.0054156275115550215
0.030000000000000002 0.72 0.12104566781926558
0.030000000000000002 0.74 1.2132420245805569
0.030000000000000002 0.76 6.173045900081938
0.030000000000000002 0.7799999999999999 17.802046573298586
0.030000000000000002 0.7999999999999999 33.82768066845259
0.030000000000000002 0.8200000000000001 51.037931993462934
0.030000000000000002 0.8400000000000001 67.97135733689797
0.030000000000000002 0.8600000000000001 80.70868752891862
0.030000000000000002 0.8799999999999999 85.68043639961334
0.030000000000000002 0.8999999999999999 82.22642635576479
0.030000000000000002 0.9199999999999999 72.7122997644171
0.030000000000000002 0.94 59.338832609510455
0.030000000000000002 0.96 45.43159182838865
0.030000000000000002 0.98 33.102613343151035
0.030000000000000002 1.0 22.309789655801804
0.030000000000000002 1.02 13.623523046870323
0.030000000000000002 1.0399999999999998 7.697433622014885
0.030000000000000002 1.0599999999999998 4.138642175541093
0.030000000000000002 1.0799999999999998 2.0162830275691164
0.030000000000000002 1.0999999999999999 0.8335200646825041
0.030000000000000002 1.12 0.2826951687905949
0.030000000000000002 1.1400000000000001 0.0773899758598508
0.030000000000000002 1.16 0.021842446192441203
0.030000000000000002 1.18 0.008540740702532109
0.030000000000000002 1.2 0.0035759767731122797
0.030000000000000002 1.22 0.0011794542005923612
0.030000000000000002 1.24 0.00029734021749510726
0.030000000000000002 1.26 6.122740163158021e-5
0.030000000000000002 1.28 9.906509183824868e-6
0.030000000000000002 1.3 1.264646597647826e-6
0.0308 0.6200000000000001 2.9082334819055784e-13
0.0308 0.64 6.460053844828077e-10
0.0308 0.6599999999999999 4.020638115469521e-7
0.0308 0.6799999999999999 7.281248220816221e-5
0.0308 0.7 0.004343622840696964
0.0308 0.72 0.09640312424136424
0.0308 0.74 0.9509844743221998
0.0308 0.76 4.656256722980201
0.0308 0.7799999999999999 12.552026541365008
0.0308 0.7999999999999999 22.26019013786736
0.0308 0.8200000000000001 32.14643104276274
0.0308 0.8400000000000001 41.39898123390161
0.0308 0.8600000000000001 47.15031678536629
0.0308 0.8799999999999999 48.069139994480196
0.0308 0.8999999999999999 44.62590269567187
0.0308 0.9199999999999999 38.079771455904904
0.0308 0.94 30.051578226663306
0.0308 0.96 22.58955571532284
0.0308 0.98 16.310383585136766
0.0308 1.0 10.813267288911266
0.0308 1.02 6.416051265659949
0.0308 1.0399999999999998 3.513498447704228
0.0308 1.0599999999999998 1.8187829078365472
0.0308 1.0799999999999998 0.8472832998750559
0.0308 1.0999999999999999 0.3254143928870987
0.0308 1.12 0.10123135738209173
0.0308 1.1400000000000001 0.026350476635054146
0.0308 1.16 0.006378907929768727
0.0308 1.18 0.001540965900429971
0.0308 1.2 0.0005731630187623386
0.0308 1.22 0.0003569537194515904
0.0308 1.24 0.00018230200253555715
0.0308 1.26 6.0594382221174026e-5
0.0308 1.28 1.3391468004289481e-5
0.0308 1.3 2.0500828528667795e-6
0.0316 0.6200000000000001 2.3768579570040804e-13
0.0316 0.64 5.303021955159608e-10
0.0316 0.6599999999999999 3.296195788614008e-7
0.0316 0.6799999999999999 5.940118248739365e-5
0.0316 0.7 0.003487638148803781
0.0316 0.72 0.07442160253435373
0.0316 0.74 0.6868011958492309
0.0316 0.76 3.131227374083887
0.0316 0.7799999999999999 7.960804062860176
0.0316 0.7999999999999999 13.471767768220198
0.0316 0.8200000000000001 18.866229627350354
0.0316 0.8400000000000001 23.669076304084037
0.0316 0.8600000000000001 25.982889009569874
0.0316 0.8799999999999999 25.6272804967404
0.0316 0.8999999999999999 23.0691490754445
0.0316 0.9199999999999999 18.999861394245272
0.0316 0.94 14.491534655214354
0.0316 0.96 10.744149908603628
0.0316 0.98 7.707247279874196
0.0316 1.0 5.012572049346661
0.0316 1.02 2.8869179516599663
0.0316 1.0399999999999998 1.5246308241948598
0.0316 1.0599999999999998 0.7554992339980802
0.0316 1.0799999999999998 0.3337139496007916
0.0316 1.0999999999999999 0.1209111648222494
0.0316 1.12 0.035347891720986686
0.0316 1.1400000000000001 0.008698642232666956
0.0316 1.16 0.002103292400811771
0.0316 1.18 0.000630808737411454
0.0316 1.2 0.0003128842195719495
0.0316 1.22 0.0001843749442823485
0.0316 1.24 8.543681090355225e-5
0.0316 1.26 2.706292835065289e-5
0.0316 1.28 5.840365379516464e-6
0.0316 1.3 8.839506865324393e-7
0.032400000000000005 0.6200000000000001 1.779808275936633e-13
0.032400000000000005 0.64 3.8994790322440647e-10
0.032400000000000005 0.6599999999999999 2.4207531788079834e-7
0.032400000000000005 0.6799999999999999 4.343554281681445e-5
0.032400000000000005 0.7 0.0025165976591115294
0.032400000000000005 0.72 0.05198469512931404
0.032400000000000005 0.74 0.45294201020146546
0.032400000000000005 0.76 1.933237917557514
0.032400000000000005 0.7799999999999999 4.645500897261059
0.032400000000000005 0.7999999999999999 7.550494646983557
0.032400000000000005 0.8200000000000001 10.37233052418103
0.032400000000000005 0.8400000000000001 12.704769914375369
0.032400000000000005 0.8600000000000001 13.552441424327236
0.032400000000000005 0.8799999999999999 13.063986697340905
0.032400000000000005 0.8999999999999999 11.37305990248767
0.032400000000000005 0.9199999999999999 8.969824737955403
0.032400000000000005 0.94 6.633155752640119
0.032400000000000005 0.96 4.879097571501732
0.032400000000000005 0.98 3.500432737099084
0.032400000000000005 1.0 2.2345803142942566
0.032400000000000005 1.02 1.2438727459185628
0.032400000000000005 1.0399999999999998 0.6356347698445729
0.032400000000000005 1.0599999999999998 0.30231608827782175
0.032400000000000005 1.0799999999999998 0.12812011284574312
0.032400000000000005 1.0999999999999999 0.0428023039730149
0.032400000000000005 1.12 0.011590427646075811
0.032400000000000005 1.1400000000000001 0.0032642989918185723
0.032400000000000005 1.16 0.0007153524900161805
0.032400000000000005 1.18 -0.00010610692466920083
0.032400000000000005 1.2 -9.892819440369247e-5
0.032400000000000005 1.22 -5.458618120215363e-6
0.032400000000000005 1.24 1.4339758628078294e-5
0.032400000000000005 1.26 6.781321461999899e-6
0.032400000000000005 1.28 1.6815396246071027e-6
0.032400000000000005 1.3 2.6943435087522305e-7
0.0332 0.6200000000000001 1.1185403913920946e-13
0.0332 0.64 2.463117976521606e-10
0.0332 0.6599999999999999 1.5278966187875176e-7
0.0332 0.6799999999999999 2.7347125323662754e-5
0.0332 0.7 0.0015733400293891423
0.0332 0.72 0.031950724919558124
0.0332 0.74 0.2693127148852183
0.0332 0.76 1.095413228073533
0.0332 0.7799999999999999 2.494873319480138
0.0332 0.7999999999999999 3.9356438941936
0.0332 0.8200000000000001 5.373813217575477
0.0332 0.8400000000000001 6.445449279234569
0.0332 0.8600000000000001 6.732367089612136
0.0332 0.8799999999999999 6.37721864832446
0.0332 0.8999999999999999 5.355372055871734
0.0332 0.9199999999999999 4.0268876356802465
0.0332 0.94 2.8849928253495793
0.0332 0.96 2.126594140963757
0.0332 0.98 1.527162397312043
0.0332 1.0 0.9526759927015949
0.0332 1.02 0.5118349506373313
0.0332 1.0399999999999998 0.2530200236571799
0.0332 1.0599999999999998 0.11590926960449287
0.0332 1.0799999999999998 0.04750320581819786
0.0332 1.0999999999999999 0.014672821140034948
0.0332 1.12 0.0035821659949439024
0.0332 1.1400000000000001 0.0013855146993509819
0.0332 1.16 0.0001501022793930368
0.0332 1.18 -0.00032831003306235077
0.0332 1.2 -0.00021075136336178802
0.0332 1.22 -5.519375788886297e-5
0.0332 1.24 -3.228956426126263e-6
0.0332 1.26 2.0198895510520415e-6
0.0332 1.28 7.432109210399571e-7
0.0332 1.3 1.3426378334049917e-7
0.034 0.6200000000000001 6.396991364308426e-14
0.034 0.64 1.406411030412436e-10
0.034 0.6599999999999999 8.720609751001173e-8
0.034 0.6799999999999999 1.558683582889214e-5
0.034 0.7 0.000892854822700606
0.034 0.72 0.01792559485678544
0.034 0.74 0.14751034449563
0.034 0.76 0.5781603895598112
0.034 0.7799999999999999 1.2613022124523718
0.034 0.7999999999999999 1.9377465926683097
0.034 0.8200000000000001 2.6361843992338874
0.034 0.8400000000000001 3.1170393962150826
0.034 0.8600000000000001 3.1957387488352036
0.034 0.8799999999999999 2.9565191294482047
0.034 0.8999999999999999 2.3885667270745876
0.034 0.9199999999999999 1.718323472382302
0.034 0.94 1.2089547407488521
0.034 0.96 0.902182162845294
0.034 0.98 0.6442638200093983
0.034 1.0 0.39062349609335734
0.034 1.02 0.20296447110057397
0.034 1.0399999999999998 0.09658166678211366
0.034 1.0599999999999998 0.04243516229610509
0.034 1.0799999999999998 0.016501490265440455
0.034 1.0999999999999999 0.004925192809629663
0.034 1.12 0.0012119878456393644
0.034 1.1400000000000001 0.0005340249494832412
0.034 1.16 0.00010482610642610803
0.034 1.18 -7.854808531681859e-5
0.034 1.2 -6.620925009802756e-5
0.034 1.22 -3.267075959101182e-5
0.034 1.24 -1.2749329593330975e-5
0.034 1.26 -3.754703223872535e-6
0.034 1.28 -7.858799781074138e-7
0.034 1.3 -1.174542480562971e-7
0.0348 0.6200000000000001 3.307445258503458e-14
0.0348 0.64 7.264542080882123e-11
0.0348 0.6599999999999999 4.503720324079347e-8
0.0348 0.6799999999999999 8.045759495116629e-6
0.0348 0.7 0.0004602489413137283
0.0348 0.72 0.009204360817857245
0.0348 0.74 0.07489815810192572
0.0348 0.76 0.2858205028024961
0.0348 0.7799999999999999 0.5990859521450664
0.0348 0.7999999999999999 0.9066177252518743
0.0348 0.8200000000000001 1.2410158331499315
0.0348 0.8400000000000001 1.4414180281733326
0.0348 0.8600000000000001 1.4542526547311938
0.0348 0.8799999999999999 1.314052088482048
0.0348 0.8999999999999999 1.0223587883145995
0.0348 0.9199999999999999 0.7072596769124685
0.0348 0.94 0.49198628906548764
0.0348 0.96 0.3720961228967074
0.0348 0.98 0.26381809277911283
0.0348 1.0 0.15509689023811676
0.0348 1.02 0.07741259290679621
0.0348 1.0399999999999998 0.03571007988532868
0.0348 1.0599999999999998 0.01517169872369876
0.0348 1.0799999999999998 0.005670165870227228
0.0348 1.0999999999999999 0.0015781810530807463
0.0348 1.12 0.00036224853346365706
0.0348 1.1400000000000001 0.00017840279873794905
0.0348 1.16 3.5525030794171144e-5
0.0348 1.18 -3.5290496484181915e-5
0.0348 1.2 -2.8648544516702125e-5
0.0348 1.22 -1.3920482822004591e-5
0.0348 1.24 -5.3679540613407616e-6
0.0348 1.26 -1.570872440907537e-6
0.0348 1.28 -3.278679712133183e-7
0.0348 1.3 -4.8951180475328814e-8
0.0356 0.6200000000000001 1.5725543213840786e-14
0.0356 0.64 3.466363457236633e-11
0.0356 0.6599999999999999 2.149210255186541e-8
0.0356 0.6799999999999999 3.840142373253544e-6
0.0356 0.7 0.00021965273435657328
0.0356 0.72 0.004384661535652352
0.0356 0.74 0.03539237681422366
0.0356 0.76 0.1324070719685233
0.0356 0.7799999999999999 0.2706604112853291
0.0356 0.7999999999999999 0.40830017233983157
0.0356 0.8200000000000001 0.5605640218145389
0.0356 0.8400000000000001 0.6407597518138168
0.0356 0.8600000000000001 0.6377651346646547
0.0356 0.8799999999999999 0.5643429415625649
0.0356 0.8999999999999999 0.42156401617999867
0.0356 0.9199999999999999 0.2811254481448743
0.0356 0.94 0.19604983266739173
0.0356 0.96 0.15025176409949612
0.0356 0.98 0.10478904508622032
0.0356 1.0 0.05956627048995841
0.0356 1.02 0.028867367660722038
0.0356 1.0399999999999998 0.012722691856674552
0.0356 1.0599999999999998 0.0051440443253679665
0.0356 1.0799999999999998 0.0017654490839173183
0.0356 1.0999999999999999 0.0005094327978652177
0.0356 1.12 0.0001321783599287194
0.0356 1.1400000000000001 5.2175590576177115e-5
0.0356 1.16 2.279141897210722e-5
0.0356 1.18 9.704173610700593e-6
0.0356 1.2 2.0923160112589897e-6
0.0356 1.22 -3.0440100212633597e-6
0.0356 1.24 -2.7506766959286294e-6
0.0356 1.26 -1.0688992105571134e-6
0.0356 1.28 -2.5205263731393076e-7
0.0356 1.3 -3.9745591245748997e-8
0.0364 0.6200000000000001 7.27313447779047e-15
0.0364 0.64 1.6027679408526238e-11
0.0364 0.6599999999999999 9.937878573509212e-9
0.0364 0.6799999999999999 1.7753591039858186e-6
0.0364 0.7 0.00010137702872432443
0.0364 0.72 0.0020101180680161166
0.0364 0.74 0.0159458029195333
0.0364 0.76 0.0581096923083901
0.0364 0.7799999999999999 0.11703101415310314
0.0364 0.7999999999999999 0.1781218324909615
0.0364 0.8200000000000001 0.24362667743925365
0.0364 0.8400000000000001 0.2745788437412521
0.0364 0.8600000000000001 0.27110758582909017
0.0364 0.8799999999999999 0.23406041808063335
0.0364 0.8999999999999999 0.1684985588422661
0.0364 0.9199999999999999 0.10905942092404933
0.0364 0.94 0.0766521372014421
0.0364 0.96 0.059439600350346365
0.0364 0.98 0.04059533165433132
0.0364 1.0 0.022292139596758794
0.0364 1.02 0.010448447147698502
0.0364 1.0399999999999998 0.004426612885034072
0.0364 1.0599999999999998 0.0017244659894720235
0.0364 1.0799999999999998 0.0005543758827069138
0.0364 1.0999999999999999 0.00016224661849003312
0.0364 1.12 4.521720164698711e-5
0.0364 1.1400000000000001 1.2033080957736918e-5
0.0364 1.16 9.477879581668286e-6
0.0364 1.18 8.898481774408298e-6
0.0364 1.2 4.065249538779102e-6
0.0364 1.22 -1.589600193400272e-7
0.0364 1.24 -8.906724733457618e-7
0.0364 1.26 -3.9961587560998426e-7
0.0364 1.28 -9.866994834816113e-8
0.0364 1.3 -1.584616703518302e-8
0.037200000000000004 0.6200000000000001 3.127811583115091e-15
0.037200000000000004 0.64 6.898379294161636e-12
0.037200000000000004 0.6599999999999999 4.2783778924269895e-9
0.037200000000000004 0.6799999999999999 7.647499167695243e-7
0.037200000000000004 0.7 4.3699071895250674e-5
0.037200000000000004 0.72 0.0008659280886447334
0.037200000000000004 0.74 0.0068268714518990485
0.037200000000000004 0.76 0.024525009499210916
0.037200000000000004 0.7799999999999999 0.04899047991849064
0.037200000000000004 0.7999999999999999 0.0753376841901243
0.037200000000000004 0.8200000000000001 0.10253162059750874
0.037200000000000004 0.8400000000000001 0.11406743022323601
0.037200000000000004 0.8600000000000001 0.11180347781346145
0.037200000000000004 0.8799999999999999 0.09421944231515061
0.037200000000000004 0.8999999999999999 0.06524414668537645
0.037200000000000004 0.9199999999999999 0.041275810265504524
0.037200000000000004 0.94 0.029508759141224424
0.037200000000000004 0.96 0.02301978658583121
0.037200000000000004 0.98 0.015356046507671015
0.037200000000000004 1.0 0.00817003824649298
0.037200000000000004 1.02 0.0037272522593608574
0.037200000000000004 1.0399999999999998 0.0015131713459737854
0.037200000000000004 1.0599999999999998 0.0005619851515141572
0.037200000000000004 1.0799999999999998 0.00015977182778065184
0.037200000000000004 1.0999999999999999 5.127065247735047e-5
0.037200000000000004 1.12 1.7525119932021758e-5
0.037200000000000004 1.1400000000000001 1.7069555974834797e-6
0.037200000000000004 1.16 5.3454215012885744e-6
0.037200000000000004 1.18 7.284492562395905e-6
0.037200000000000004 1.2 3.677013437217254e-6
0.037200000000000004 1.22 2.5499405379209505e-7
0.037200000000000004 1.24 -4.961262373757314e-7
0.037200000000000004 1.26 -2.4472495822603394e-7
0.037200000000000004 1.28 -6.201821126784884e-8
0.037200000000000004 1.3 -1.0059338900538445e-8
