8.34 8.83 -1.9097789620741994e-41
8.34 9.32 -1.6732834088809016e-40
8.34 9.81 1.2586750555944765e-38
8.34 10.3 7.706554155185464e-41
8.34 10.79 2.333009337831108e-43
8.34 12.75 -2.5946072375683965e-47
8.34 13.24 6.387710638210164e-44
8.34 13.73 -1.4788393388720867e-41
8.34 14.220000000000002 1.8839506049586178e-30
8.34 14.709999999999999 2.0305469433601555e-24
8.34 15.2 2.2912614536947246e-20
8.34 15.69 4.7930167112071145e-17
8.34 16.18 2.7560720812199194e-18
8.34 16.67 9.540922800383636e-17
8.34 17.16 3.05943881464924e-15
8.34 17.65 3.934829050557296e-15
8.34 18.14 1.2232856819333187e-18
8.34 18.63 1.945807566743041e-18
8.34 19.12 5.180965135488706e-17
8.34 19.61 1.201705727801327e-16
8.34 20.1 1.8203330032008316e-19
8.34 20.59 1.2178285769564334e-19
8.34 21.08 2.6280185733915255e-22
8.34 21.57 1.8789218183769513e-26
8.34 22.06 4.5744608222265094e-29
8.34 22.55 2.508211695902948e-35
8.83 8.83 -7.809019687086561e-33
8.83 9.32 -2.1882037375673503e-38
8.83 9.81 6.800812051421004e-29
8.83 10.3 4.703426965726462e-37
8.83 10.79 1.425237020952487e-39
8.83 12.75 -1.7640452941677725e-40
8.83 13.24 2.689125040332967e-37
8.83 13.73 2.5274397691511205e-23
8.83 14.220000000000002 1.2863302821839198e-11
8.83 14.709999999999999 4.911836256977068e-12
8.83 15.2 7.129356832447152e-10
8.83 15.69 3.6588030779986017e-9
8.83 16.18 6.156029066509889e-9
8.83 16.67 3.932436095578191e-8
8.83 17.16 7.470113679435208e-9
8.83 17.65 2.379122856595211e-8
8.83 18.14 7.706706087667021e-8
8.83 18.63 4.723476080362231e-9
8.83 19.12 4.072398796210842e-12
8.83 19.61 7.293456511460758e-13
8.83 20.1 2.986911373852705e-16
8.83 20.59 1.0950284404507263e-21
8.83 21.08 2.6233062057890767e-24
8.83 21.57 9.983110562969817e-30
8.83 22.06 5.7257177877145956e-36
8.83 22.55 7.991855625926451e-41
9.32 8.83 1.9555016492942653e-22
9.32 9.32 2.5651193564621337e-30
9.32 9.81 -1.1196334157184555e-22
9.32 10.3 -2.607660466738649e-30
9.32 10.79 -1.4911012746869132e-33
9.32 12.75 -2.522790236603837e-31
9.32 13.24 1.4745272435102182e-19
9.32 13.73 2.6575848484287534e-11
9.32 14.220000000000002 8.03307109358106e-6
9.32 14.709999999999999 0.002119938477416392
9.32 15.2 0.004201991671235344
9.32 15.69 0.005016832854214009
9.32 16.18 0.0015261980171922202
9.32 16.67 0.00024392938989855004
9.32 17.16 6.72233504026777e-5
9.32 17.65 7.95778729909734e-7
9.32 18.14 4.617382021747681e-9
9.32 18.63 9.155334821941952e-12
9.32 19.12 1.7505613222786075e-16
9.32 19.61 -7.853257130474878e-19
9.32 20.1 4.117660043961815e-26
9.32 20.59 2.736601533569018e-26
9.32 21.08 5.825617553643057e-29
9.32 21.57 4.076123347976316e-33
9.32 22.06 7.527911860603572e-36
9.32 22.55 2.8157952175505363e-42
9.81 8.83 1.035262597429386e-32
9.81 9.32 1.8933488292252334e-29
9.81 9.81 3.528518514000124e-21
9.81 10.3 1.7142253636788738e-29
9.81 10.79 3.8385289067052866e-33
9.81 12.75 8.930800815647316e-20
9.81 13.24 6.192788322645641e-14
9.81 13.73 1.1352943482003874e-6
9.81 14.220000000000002 0.00463053842656188
9.81 14.709999999999999 0.07203474763511697
9.81 15.2 0.5600623632112588
9.81 15.69 0.6009664388916597
9.81 16.18 0.2045581655112574
9.81 16.67 0.02776152776628909
9.81 17.16 0.0007788080430976569
9.81 17.65 2.0677840345274388e-6
9.81 18.14 1.8896247140960952e-10
9.81 18.63 1.5720014312094072e-15
9.81 19.12 9.666447701121474e-21
9.81 19.61 -6.638152034034239e-20
9.81 20.1 -1.033016163188311e-27
9.81 20.59 -2.500581010379792e-22
9.81 21.08 -1.978218263250257e-30
9.81 21.57 -1.2023097589327064e-35
9.81 22.06 4.0820236798561495e-37
9.81 22.55 -9.481043501446832e-42
10.3 8.83 4.469606350919539e-22
10.3 9.32 -7.242763355761168e-31
10.3 9.81 -2.2302221743264717e-20
10.3 10.3 6.908245138861187e-29
10.3 10.79 -3.210593506851826e-32
10.3 12.75 1.566033342639875e-16
10.3 13.24 6.709795030181101e-12
10.3 13.73 1.9534293667167452e-8
10.3 14.220000000000002 0.0023037538800884374
10.3 14.709999999999999 0.03402869213278741
10.3 15.2 0.11058948194596774
10.3 15.69 0.042753404095233066
10.3 16.18 0.003127192790422603
10.3 16.67 0.000118428218696802
10.3 17.16 1.0685972592890784e-9
10.3 17.65 4.564853148984555e-11
10.3 18.14 1.7909167294896748e-13
10.3 18.63 3.2322219293971466e-24
10.3 19.12 1.583186664917147e-27
10.3 19.61 -2.4349956982593878e-24
10.3 20.1 2.361462890031771e-30
10.3 20.59 -9.173690155533414e-27
10.3 21.08 1.985437956439894e-33
10.3 21.57 2.619559991666603e-35
10.3 22.06 -6.758110360329946e-39
10.3 22.55 7.481350276021586e-43
10.79 8.83 -3.4159815601299876e-30
10.79 9.32 4.3036944376752517e-26
10.79 9.81 1.2903050275914828e-27
10.79 10.3 3.2176478402990865e-35
10.79 10.79 -3.5158782602580424e-39
10.79 12.75 1.1371949043566576e-18
10.79 13.24 1.835301916781763e-13
10.79 13.73 2.5860132041581093e-10
10.79 14.220000000000002 1.369229609524518e-8
10.79 14.709999999999999 6.834057911997158e-6
10.79 15.2 6.566867091614128e-5
10.79 15.69 2.766404843273581e-6
10.79 16.18 4.977216396961296e-8
10.79 16.67 1.0764812735003313e-9
10.79 17.16 3.099893230691399e-13
10.79 17.65 7.983899439153039e-23
10.79 18.14 3.105031813075149e-27
10.79 18.63 7.468568678372377e-31
10.79 19.12 1.0006334138286657e-35
10.79 19.61 -7.678785010180208e-35
10.79 20.1 -5.544676191561301e-40
10.79 20.59 -3.44923907412837e-37
10.79 21.08 3.557331170032384e-39
10.79 21.57 9.483270754221679e-42
10.79 22.06 -2.86982940053872e-45
10.79 22.55 4.733008024216395e-49
11.28 8.83 -1.7744237650407986e-41
11.28 9.32 9.332637233627928e-38
11.28 9.81 1.829877677056183e-30
11.28 10.3 -6.179712610188075e-32
11.28 10.79 -3.8170711251439904e-42
11.28 12.75 3.965130514727479e-21
11.28 13.24 8.894548571742992e-18
11.28 13.73 3.2479089521376503e-15
11.28 14.220000000000002 4.057604631814013e-13
11.28 14.709999999999999 3.447262744348954e-13
11.28 15.2 8.630095322413698e-12
11.28 15.69 2.4208880790549392e-15
11.28 16.18 -3.0054796254261355e-18
11.28 16.67 2.2618774040452353e-21
11.28 17.16 7.792651697878235e-25
11.28 17.65 2.5206445314056093e-31
11.28 18.14 1.0356814183837186e-34
11.28 18.63 5.395516760662183e-36
11.28 19.12 4.089491959437521e-39
11.28 19.61 -2.824798566104546e-40
11.28 20.1 -3.003227319012081e-41
11.28 20.59 -5.432624169081731e-41
11.28 21.08 4.260810460783232e-42
11.28 21.57 1.108973692222548e-44
11.28 22.06 -3.3576609470627106e-48
11.28 22.55 4.139034232000114e-48
12.75 8.83 7.926221563634644e-41
12.75 9.32 6.967533850840653e-58
12.75 9.81 1.7591583198072786e-57
12.75 10.3 1.5169257906330005e-35
12.75 10.79 -4.70759353601451e-60
12.75 12.75 -7.903391577106313e-35
12.75 13.24 2.0460596746929273e-44
12.75 13.73 3.572539071275872e-43
12.75 14.220000000000002 1.3856803021085146e-47
12.75 14.709999999999999 1.4599909881363288e-57
12.75 15.2 -4.921954474250056e-59
12.75 15.69 -2.072143713564424e-60
12.75 16.18 -3.7285182182090962e-62
12.75 16.67 -8.060179554230012e-64
12.75 17.16 2.6429031809737185e-59
12.75 17.65 1.5999310917625832e-42
12.75 18.14 7.44205641470072e-36
12.75 18.63 2.0518673666774986e-43
12.75 19.12 2.4347085131288263e-31
12.75 19.61 7.827517957444851e-22
12.75 20.1 8.61589839766272e-18
12.75 20.59 7.635889126204487e-19
12.75 21.08 1.521718606629511e-22
12.75 21.57 4.579048061090236e-22
12.75 22.06 5.5535395564566195e-21
12.75 22.55 7.357156800806432e-27
13.24 8.83 -2.7486065240016114e-36
13.24 9.32 -4.452172678599547e-55
13.24 9.81 3.1517683817647475e-52
13.24 10.3 6.428351321580125e-36
13.24 10.79 2.9466501686353927e-54
13.24 12.75 -3.052971165415178e-29
13.24 13.24 1.1771237977295345e-51
13.24 13.73 2.5820968219880283e-42
13.24 14.220000000000002 4.345009147958592e-59
13.24 14.709999999999999 -2.9401754792588642e-61
13.24 15.2 -2.825130762229482e-60
13.24 15.69 -1.1900922246666805e-61
13.24 16.18 -2.1401124604525865e-63
13.24 16.67 5.5184281215367046e-64
13.24 17.16 3.0133345246638478e-44
13.24 17.65 4.595722542227635e-34
13.24 18.14 4.992759277812852e-38
13.24 18.63 5.216821090410266e-31
13.24 19.12 2.0385699279305294e-18
13.24 19.61 1.260917835272636e-13
13.24 20.1 6.895371386828771e-13
13.24 20.59 1.7182691928136846e-15
13.24 21.08 1.0274126331748127e-15
13.24 21.57 9.704130379259004e-15
13.24 22.06 4.3954619544579765e-19
13.24 22.55 3.706643159014601e-23
13.73 8.83 1.5551793804823496e-30
13.73 9.32 -4.2531933577395536e-48
13.73 9.81 3.010425623275413e-45
13.73 10.3 5.634691123974522e-29
13.73 10.79 2.814507824701422e-47
13.73 12.75 -1.925847541163623e-29
13.73 13.24 2.316950342324284e-29
13.73 13.73 2.466302712829884e-35
13.73 14.220000000000002 -1.7156700378704367e-57
13.73 14.709999999999999 -1.101307037618427e-54
13.73 15.2 -1.0582144750455784e-53
13.73 15.69 -4.457750541006647e-55
13.73 16.18 -8.016258971305867e-57
13.73 16.67 6.815582245332523e-49
13.73 17.16 6.165073058725649e-36
13.73 17.65 1.6367122309310037e-36
13.73 18.14 6.40693762860919e-33
13.73 18.63 1.5689821617618787e-17
13.73 19.12 1.5554085110763463e-12
13.73 19.61 9.629077867790592e-10
13.73 20.1 5.831597077450187e-11
13.73 20.59 2.219923333217524e-10
13.73 21.08 3.8054308123239626e-10
13.73 21.57 5.734714607264026e-13
13.73 22.06 5.817849791401795e-16
13.73 22.55 4.9852538221319306e-20
14.220000000000002 8.83 1.1563953758993674e-30
14.220000000000002 9.32 3.42845515026964e-45
14.220000000000002 9.81 3.7390654103524634e-44
14.220000000000002 10.3 4.1898257670161274e-29
14.220000000000002 10.79 2.0951347394243939e-47
14.220000000000002 12.75 5.761906336527722e-28
14.220000000000002 13.24 1.5626754574819241e-27
14.220000000000002 13.73 2.9381936587037538e-24
14.220000000000002 14.220000000000002 1.0476219461790272e-48
14.220000000000002 14.709999999999999 1.4979959413885274e-52
14.220000000000002 15.2 -1.3107577788993893e-47
14.220000000000002 15.69 -1.994057671396709e-42
14.220000000000002 16.18 1.9021771926776858e-42
14.220000000000002 16.67 3.5359905989904775e-41
14.220000000000002 17.16 5.7645192135792906e-36
14.220000000000002 17.65 4.251217792890763e-21
14.220000000000002 18.14 1.0870188906993762e-12
14.220000000000002 18.63 8.48355336299591e-9
14.220000000000002 19.12 6.739426404036893e-5
14.220000000000002 19.61 0.001437176875969231
14.220000000000002 20.1 8.224671851040529e-5
14.220000000000002 20.59 1.6723262802003506e-5
14.220000000000002 21.08 1.0081773014571247e-7
14.220000000000002 21.57 2.3493950477767824e-10
14.220000000000002 22.06 8.084309381132497e-14
14.220000000000002 22.55 3.0046742085650676e-18
14.709999999999999 8.83 -9.717001324702235e-21
14.709999999999999 9.32 2.02955119193739e-24
14.709999999999999 9.81 2.1245513828581893e-23
14.709999999999999 10.3 -6.765168394035006e-23
14.709999999999999 10.79 1.3960874557081963e-29
14.709999999999999 12.75 -4.2885837272641166e-24
14.709999999999999 13.24 1.2625596062182838e-29
14.709999999999999 13.73 1.1227131691930904e-21
14.709999999999999 14.220000000000002 2.1686342815367e-25
14.709999999999999 14.709999999999999 1.6402590009353044e-23
14.709999999999999 15.2 -7.736584728013388e-27
14.709999999999999 15.69 -1.176968440453981e-21
14.709999999999999 16.18 1.1227370983534293e-21
14.709999999999999 16.67 1.008271152320036e-31
14.709999999999999 17.16 2.289309158448227e-31
14.709999999999999 17.65 3.3445917499283324e-22
14.709999999999999 18.14 3.189284794465305e-14
14.709999999999999 18.63 1.329676515123817e-6
14.709999999999999 19.12 0.00013888611668202535
14.709999999999999 19.61 0.017679830486182574
14.709999999999999 20.1 0.016861809466181897
14.709999999999999 20.59 0.00074420001791367
14.709999999999999 21.08 6.56423386097626e-6
14.709999999999999 21.57 1.697988088907275e-8
14.709999999999999 22.06 1.2857685042647207e-12
14.709999999999999 22.55 2.464207049891488e-18
15.2 8.83 -7.572026043730449e-22
15.2 9.32 2.494772333654841e-27
15.2 9.81 2.731810791448446e-26
15.2 10.3 2.2918069445781714e-21
15.2 10.79 9.714429524228183e-33
15.2 12.75 -6.293030491591403e-23
15.2 13.24 -1.383354057139401e-32
15.2 13.73 -5.1096299909742204e-27
15.2 14.220000000000002 3.505899425348769e-30
15.2 14.709999999999999 1.6757816921516618e-32
15.2 15.2 1.1179193632617507e-30
15.2 15.69 -1.0221430584611314e-20
15.2 16.18 9.77068887661449e-31
15.2 16.67 1.056104592352539e-36
15.2 17.16 3.2353869300448404e-27
15.2 17.65 4.679463800672365e-17
15.2 18.14 3.2874062449538686e-9
15.2 18.63 0.0001146311535571891
15.2 19.12 0.04546309235190816
15.2 19.61 0.3418386257993534
15.2 20.1 0.0789011860177123
15.2 20.59 0.005736395217725452
15.2 21.08 3.0083359712740666e-5
15.2 21.57 1.2489668088703922e-8
15.2 22.06 6.446297236428531e-13
15.2 22.55 4.069073727481242e-17
15.69 8.83 -7.12122519662012e-23
15.69 9.32 3.116626766245812e-23
15.69 9.81 2.3242484830734455e-22
15.69 10.3 -1.0804464865673826e-22
15.69 10.79 2.6986767870870886e-28
15.69 12.75 1.8017330984211067e-24
15.69 13.24 7.602817444042742e-28
15.69 13.73 -1.5964015475143374e-20
15.69 14.220000000000002 -8.608729197203478e-25
15.69 14.709999999999999 3.103819906863363e-22
15.69 15.2 -9.406231390255454e-25
15.69 15.69 6.3996319664804075e-21
15.69 16.18 -1.0218735053256803e-19
15.69 16.67 -2.982315605475584e-30
15.69 17.16 6.735710120994247e-23
15.69 17.65 1.4488088900062022e-15
15.69 18.14 4.660138380429056e-9
15.69 18.63 0.00013814991184238717
15.69 19.12 0.02470130715795527
15.69 19.61 0.3849703083351518
15.69 20.1 0.19213578483332916
15.69 20.59 0.005807643999879176
15.69 21.08 3.053967562155765e-5
15.69 21.57 1.0323403024356342e-8
15.69 22.06 2.63518299003639e-13
15.69 22.55 3.517411277638441e-22
16.18 8.83 -7.025302939359597e-23
16.18 9.32 -3.698579708134259e-23
16.18 9.81 -3.854000839316533e-22
16.18 10.3 1.2052802284658882e-22
16.18 10.79 8.862944485437093e-28
16.18 12.75 4.392706778859497e-24
16.18 13.24 -4.523163230921789e-27
16.18 13.73 2.1427573128709925e-22
16.18 14.220000000000002 -1.940423106548514e-24
16.18 14.709999999999999 8.772467943185835e-30
16.18 15.2 -5.681829511133345e-22
16.18 15.69 4.6006637118844507e-20
16.18 16.18 1.3853301325832347e-20
16.18 16.67 2.925696187733386e-30
16.18 17.16 7.851891476825138e-24
16.18 17.65 4.873088159953584e-15
16.18 18.14 8.573001672793853e-10
16.18 18.63 5.074148591098388e-5
16.18 19.12 0.011363786925907803
16.18 19.61 0.10877586107867285
16.18 20.1 0.08016624809388641
16.18 20.59 0.004053029204447107
16.18 21.08 9.911055224415297e-6
16.18 21.57 4.353231892852481e-10
16.18 22.06 4.871177607892073e-17
16.18 22.55 4.0765520724781554e-23
16.67 8.83 9.249513716037568e-25
16.67 9.32 -2.12601283178854e-22
16.67 9.81 -2.5077521060174575e-22
16.67 10.3 -5.471033018126685e-24
16.67 10.79 8.177931699180507e-27
16.67 12.75 -4.294042366975362e-26
16.67 13.24 -2.2294012106094086e-26
16.67 13.73 -9.287749011764461e-24
16.67 14.220000000000002 1.5840166391803591e-24
16.67 14.709999999999999 -2.075875070655787e-31
16.67 15.2 2.2225881998866213e-23
16.67 15.69 1.4192626885147122e-21
16.67 16.18 1.0195418659397626e-21
16.67 16.67 -8.253316067398669e-32
16.67 17.16 2.0585944766913598e-23
16.67 17.65 3.3746383151578095e-15
16.67 18.14 4.1869521138785436e-10
16.67 18.63 6.44780419919823e-6
16.67 19.12 0.0013334866729243719
16.67 19.61 0.014655968013923654
16.67 20.1 0.01077154550710427
16.67 20.59 0.0004515204914221306
16.67 21.08 1.2027505789523906e-8
16.67 21.57 7.883607177830611e-13
16.67 22.06 1.4050818048837204e-17
16.67 22.55 1.712320191642415e-27
17.16 8.83 -1.318361211345534e-20
17.16 9.32 2.333993679775445e-23
17.16 9.81 1.2795920165309796e-21
17.16 10.3 2.974416146370708e-22
17.16 10.79 2.9491488252104957e-28
17.16 12.75 -7.504756665078846e-28
17.16 13.24 -2.6179543843882466e-27
17.16 13.73 -1.7793846131899132e-25
17.16 14.220000000000002 -3.67754836317556e-24
17.16 14.709999999999999 6.819466951320729e-31
17.16 15.2 -2.0645136615534816e-23
17.16 15.69 -2.238031882683643e-21
17.16 16.18 5.887486527197576e-23
17.16 16.67 2.5980883663273556e-31
17.16 17.16 5.613735106174737e-24
17.16 17.65 9.09660926873625e-17
17.16 18.14 4.632913833073467e-11
17.16 18.63 1.0222512185969718e-7
17.16 19.12 2.1369501349343386e-5
17.16 19.61 0.0004293004923423895
17.16 20.1 0.00041110754524294267
17.16 20.59 3.768033628166953e-10
17.16 21.08 1.2357761871428526e-9
17.16 21.57 4.00805731152483e-16
17.16 22.06 -1.328870287476273e-22
17.16 22.55 -1.2928179120466257e-23
17.65 8.83 3.3141481833583606e-17
17.65 9.32 8.955683443347654e-17
17.65 9.81 1.3931713272576874e-13
17.65 10.3 6.077780598882785e-16
17.65 10.79 1.4288817530789545e-21
17.65 12.75 -1.4550622571033748e-31
17.65 13.24 5.616495779836318e-32
17.65 13.73 -2.2892230774418195e-27
17.65 14.220000000000002 -3.296641699652634e-29
17.65 14.709999999999999 1.5153240864592624e-37
17.65 15.2 -9.108447128211234e-28
17.65 15.69 -1.0456682165933319e-28
17.65 16.18 5.771364701656326e-32
17.65 16.67 2.33740256695087e-35
17.65 17.16 1.4992758196200778e-25
17.65 17.65 7.881844604640005e-19
17.65 18.14 8.85572263863022e-15
17.65 18.63 4.414247233271294e-9
17.65 19.12 4.37977341902347e-7
17.65 19.61 3.467736312782032e-6
17.65 20.1 3.4045678375170865e-7
17.65 20.59 2.146257155026039e-8
17.65 21.08 1.0579741032989681e-15
17.65 21.57 1.0533629974447425e-29
17.65 22.06 -7.697664560206457e-32
17.65 22.55 -7.201781666170221e-33
18.14 8.83 2.368517743745792e-12
18.14 9.32 3.6978863305564034e-9
18.14 9.81 2.7609723888637748e-8
18.14 10.3 6.988981252166546e-11
18.14 10.79 1.8492373168629508e-14
18.14 12.75 -5.6511066466518076e-34
18.14 13.24 -2.0470351209152454e-29
18.14 13.73 -2.894113937733097e-31
18.14 14.220000000000002 2.370340672199392e-26
18.14 14.709999999999999 -3.266937794446299e-35
18.14 15.2 -6.581176277765001e-26
18.14 15.69 -2.3333123959031095e-25
18.14 16.18 -3.4870169160516124e-27
18.14 16.67 -5.490780039481773e-28
18.14 17.16 2.0680895221505195e-30
18.14 17.65 -1.1100425450699533e-20
18.14 18.14 9.883165704543573e-15
18.14 18.63 1.838396745218828e-11
18.14 19.12 4.177642143995555e-9
18.14 19.61 -9.21486308896974e-11
18.14 20.1 2.540625343706705e-8
18.14 20.59 1.1801626933245692e-15
18.14 21.08 1.7219893603680156e-31
18.14 21.57 1.6966858134199794e-34
18.14 22.06 -1.2194279161968875e-36
18.14 22.55 3.779794438967333e-41
18.63 8.83 3.756420451053011e-8
18.63 9.32 5.932372520227065e-5
18.63 9.81 0.00021821786294424654
18.63 10.3 2.081904882102641e-7
18.63 10.79 3.324151156068131e-10
18.63 12.75 -4.836069757539847e-36
18.63 13.24 -6.761902049004645e-26
18.63 13.73 -1.3508885151176162e-33
18.63 14.220000000000002 2.2887604512880983e-21
18.63 14.709999999999999 -8.166412598480139e-32
18.63 15.2 -1.8484118011817222e-21
18.63 15.69 1.601221098299441e-27
18.63 16.18 -2.3023096730548297e-26
18.63 16.67 -2.7234203629835427e-26
18.63 17.16 -1.812335331104389e-24
18.63 17.65 2.868969490626063e-22
18.63 18.14 3.7932077845258364e-17
18.63 18.63 2.2483713316645533e-14
18.63 19.12 7.143542758554532e-13
18.63 19.61 3.4799764086303705e-10
18.63 20.1 7.655790271191353e-18
18.63 20.59 -2.031684028216125e-28
18.63 21.08 5.730654613333278e-34
18.63 21.57 6.9251873319447e-35
18.63 22.06 -7.092015649061923e-39
18.63 22.55 3.840423043046337e-43
19.12 8.83 5.293352269961575e-6
19.12 9.32 0.005130058102278987
19.12 9.81 0.06733622703728732
19.12 10.3 0.0013280801161396764
19.12 10.79 5.218672066412456e-8
19.12 12.75 2.3973604146944366e-33
19.12 13.24 -2.323194151289041e-22
19.12 13.73 -6.701575547436358e-30
19.12 14.220000000000002 -1.788159238354173e-20
19.12 14.709999999999999 6.425069876030841e-31
19.12 15.2 -1.7360048587039774e-20
19.12 15.69 6.9708866766253255e-25
19.12 16.18 2.165335225243747e-24
19.12 16.67 -6.299037052508727e-19
19.12 17.16 -2.3305569327382537e-21
19.12 17.65 -4.191525472199812e-21
19.12 18.14 5.041688353714662e-22
19.12 18.63 5.09107165578022e-16
19.12 19.12 8.717316092565942e-15
19.12 19.61 2.6109180043148524e-23
19.12 20.1 3.258830971944021e-22
19.12 20.59 -1.2462704749814273e-26
19.12 21.08 9.172433886554008e-30
19.12 21.57 2.895352359021497e-32
19.12 22.06 -7.627359310729937e-36
19.12 22.55 1.1490301410122746e-39
19.61 8.83 2.8040767699466247e-7
19.61 9.32 0.021547920338582983
19.61 9.81 0.6485261565834264
19.61 10.3 0.020794896380517975
19.61 10.79 3.4750711246376657e-6
19.61 12.75 -3.678765716130885e-31
19.61 13.24 3.0420717112374094e-21
19.61 13.73 -6.395386158276339e-27
19.61 14.220000000000002 -2.2461752658299225e-18
19.61 14.709999999999999 7.320488464356158e-28
19.61 15.2 -1.301977969224451e-17
19.61 15.69 6.730616922298538e-22
19.61 16.18 -2.6072163520497208e-25
19.61 16.67 -2.9593785962784025e-28
19.61 17.16 -6.204900974169936e-28
19.61 17.65 -4.003144950036921e-18
19.61 18.14 -1.9448307700823855e-19
19.61 18.63 2.7809525247919304e-19
19.61 19.12 1.6994180717871478e-20
19.61 19.61 -3.769000858274872e-21
19.61 20.1 5.886470814537918e-20
19.61 20.59 -1.8934665322736563e-23
19.61 21.08 8.893160596017242e-27
19.61 21.57 1.3081313866549732e-29
19.61 22.06 -1.330089970945991e-32
19.61 22.55 1.0318441097608965e-36
20.1 8.83 1.6723574305176366e-7
20.1 9.32 0.003411021965502012
20.1 9.81 0.3230344775303893
20.1 10.3 0.030550319360844222
20.1 10.79 1.6689398498701322e-6
20.1 12.75 -4.10241185134911e-34
20.1 13.24 1.6752276614252931e-21
20.1 13.73 -7.320181438696628e-30
20.1 14.220000000000002 -5.1491229310595575e-18
20.1 14.709999999999999 -1.0588435515582294e-29
20.1 15.2 -1.503486357612905e-20
20.1 15.69 8.095366997001246e-25
20.1 16.18 1.584445519217428e-25
20.1 16.67 -8.025877548438432e-18
20.1 17.16 1.8175467970710554e-19
20.1 17.65 -4.342076200686206e-21
20.1 18.14 -2.282250962079059e-22
20.1 18.63 3.3200492893146197e-22
20.1 19.12 -2.140700357000185e-21
20.1 19.61 -5.168906928698132e-20
20.1 20.1 -1.5748904713406308e-19
20.1 20.59 -2.8260437925804987e-26
20.1 21.08 9.913931854760181e-30
20.1 21.57 1.435503433165002e-32
20.1 22.06 -1.0658100405961605e-35
20.1 22.55 1.238347078832271e-39
20.59 8.83 2.3373115183529203e-9
20.59 9.32 5.686296363655985e-5
20.59 9.81 0.01377048753865758
20.59 10.3 0.0026964909827237363
20.59 10.79 1.6203491824701006e-9
20.59 12.75 5.581109158046535e-33
20.59 13.24 -1.3980778931305498e-21
20.59 13.73 4.8343356932897285e-29
20.59 14.220000000000002 -2.079334619865465e-20
20.59 14.709999999999999 -6.938520898082464e-31
20.59 15.2 7.396026528330083e-20
20.59 15.69 1.2910197928294925e-24
20.59 16.18 -4.2852626436859996e-27
20.59 16.67 -3.2874214402956607e-22
20.59 17.16 -8.27989984559475e-32
20.59 17.65 1.0286644450534137e-24
20.59 18.14 -2.4882300110013608e-23
20.59 18.63 -8.235065460316853e-26
20.59 19.12 -1.0308206887351243e-23
20.59 19.61 -1.8912190007067972e-25
20.59 20.1 1.8330905413484083e-22
20.59 20.59 5.295958652486404e-26
20.59 21.08 -3.5693965375244754e-29
20.59 21.57 -4.6235138915715944e-32
20.59 22.06 6.509674043287442e-35
20.59 22.55 -4.319199267250861e-39
21.08 8.83 4.4443758455964075e-13
21.08 9.32 9.859096249632177e-8
21.08 9.81 6.543072545836748e-5
21.08 10.3 3.0325459144093893e-6
21.08 10.79 3.7552629381985e-12
21.08 12.75 7.526797297395978e-42
21.08 13.24 -1.8351266095739994e-30
21.08 13.73 6.519764455291081e-38
21.08 14.220000000000002 -1.8242940017478988e-28
21.08 14.709999999999999 -1.2793290273389453e-39
21.08 15.2 9.974559597022302e-29
21.08 15.69 1.7411174440922755e-33
21.08 16.18 -5.780393070262908e-36
21.08 16.67 9.560832973732626e-27
21.08 17.16 2.605386487859113e-23
21.08 17.65 1.3879596503157821e-33
21.08 18.14 -3.356922771225976e-32
21.08 18.63 -2.237586637409539e-32
21.08 19.12 -5.0910434357343565e-30
21.08 19.61 1.1627204187345634e-31
21.08 20.1 -3.083181980481318e-29
21.08 20.59 1.2766116780792187e-34
21.08 21.08 -4.222278145817401e-38
21.08 21.57 -5.707814864772154e-41
21.08 22.06 8.189636904066977e-44
21.08 22.55 -4.841542251386254e-48
21.57 8.83 -3.1100425762831863e-18
21.57 9.32 1.2578536072362322e-11
21.57 9.81 2.5379865214291507e-8
21.57 10.3 3.6312121644038947e-9
21.57 10.79 6.52311089388708e-17
21.57 12.75 4.802683527648479e-49
21.57 13.24 4.3975420944916086e-43
21.57 13.73 -3.210416205785326e-48
21.57 14.220000000000002 -1.3477685868783615e-39
21.57 14.709999999999999 -3.2248904869619403e-44
21.57 15.2 -3.2942142403683474e-43
21.57 15.69 9.104908867140821e-45
21.57 16.18 -1.6151114667317842e-47
21.57 16.67 -3.295965125408257e-32
21.57 17.16 8.504617718669158e-32
21.57 17.65 2.7053734731824354e-29
21.57 18.14 -4.5471487700318047e-42
21.57 18.63 -8.608344467800674e-39
21.57 19.12 -1.9560806887339678e-36
21.57 19.61 3.973164555205525e-38
21.57 20.1 -1.1895580969605326e-35
21.57 20.59 -3.121398524371234e-42
21.57 21.08 6.613327090553319e-47
21.57 21.57 2.6933826990956552e-49
21.57 22.06 6.403287415507396e-52
21.57 22.55 2.4585597452076792e-57
22.06 8.83 -8.731502026113143e-22
22.06 9.32 1.6026727988613556e-16
22.06 9.81 1.1261701124564804e-12
22.06 10.3 4.978611308720228e-13
22.06 10.79 3.3877773776739463e-16
22.06 12.75 2.704050404611862e-55
22.06 13.24 2.6826626353624253e-58
22.06 13.73 -1.0315020134372256e-54
22.06 14.220000000000002 -1.1381429876081919e-51
22.06 14.709999999999999 1.9315479582957933e-49
22.06 15.2 -5.964195053472832e-48
22.06 15.69 2.1486807892821648e-49
22.06 16.18 -1.5846895887983197e-51
22.06 16.67 -4.8087197890609105e-39
22.06 17.16 -5.287191815328118e-38
22.06 17.65 1.3323897428567099e-36
22.06 18.14 1.6039079377718833e-31
22.06 18.63 -9.261367623881584e-45
22.06 19.12 -2.104633175141702e-42
22.06 19.61 4.608661550938309e-44
22.06 20.1 -1.2799498583850866e-41
22.06 20.59 1.117989366977193e-48
22.06 21.08 -1.7614274736629754e-51
22.06 21.57 -5.243227644440744e-54
22.06 22.06 -1.0425395423918546e-57
22.06 22.55 -3.9493980986452785e-62
