0.76 0.021599999999999998 0.0677373728479943
0.76 0.022 0.32882746780431205
0.76 0.0224 1.0724756321877225
0.76 0.0228 2.4611218983381615
0.76 0.0232 4.165308595271729
0.76 0.0236 5.472536512454233
0.76 0.024 5.880615173624013
0.76 0.024399999999999998 5.370138869420457
0.76 0.0248 4.20151376064154
0.76 0.025200000000000004 2.78927575212866
0.76 0.025600000000000005 1.6281591239739903
0.76 0.026000000000000002 0.8982293086474619
0.76 0.0264 0.5003308235843632
0.76 0.0268 0.20283280695314268
0.76 0.027200000000000002 0.08674887859400322
0.76 0.027600000000000003 0.034906008190628016
0.76 0.028000000000000004 0.013301514382687453
0.76 0.0284 0.004842090299962523
0.76 0.0288 0.0016878736399294188
0.76 0.0292 0.0005643915776370538
0.76 0.0296 0.0001823315341177709
0.76 0.030000000000000002 0.00015736597089077925
0.76 0.030400000000000003 1.7200324806526135e-5
0.76 0.0308 -7.668169961785172e-5
0.76 0.031200000000000002 1.4624155338920429e-6
0.76 0.0316 7.584269334796484e-5
0.76 0.032 4.849151325780702e-5
0.76 0.032400000000000005 3.040917141630035e-8
0.76 0.032799999999999996 -2.4966267069561644e-5
0.76 0.0332 -1.8017141558943367e-5
0.76 0.0336 5.370290097700274e-10
0.76 0.034 1.1003609245061579e-5
0.76 0.0344 1.1045858993581128e-5
0.76 0.0348 5.536979668941175e-6
0.76 0.0352 2.106864396391903e-12
0.77 0.021599999999999998 0.1802542130465046
0.77 0.022 0.8726643496027706
0.77 0.0224 2.8357324522555714
0.77 0.0228 6.476981411709638
0.77 0.0232 10.904025209449882
0.77 0.0236 14.261290897038428
0.77 0.024 15.307362244723905
0.77 0.024399999999999998 14.052124379723637
0.77 0.0248 11.141372639842858
0.77 0.025200000000000004 7.562319425235003
0.77 0.025600000000000005 4.550332581732588
0.77 0.026000000000000002 2.5928333132847854
0.77 0.0264 1.4777956342685425
0.77 0.0268 0.6339524996820823
0.77 0.027200000000000002 0.2826204487481301
0.77 0.027600000000000003 0.11874234278633482
0.77 0.028000000000000004 0.04726123082632872
0.77 0.0284 0.017864322242012898
0.77 0.0288 0.0064561050612546534
0.77 0.0292 0.0022409320785468628
0.77 0.0296 0.000748958310268561
0.77 0.030000000000000002 0.0005037534146987587
0.77 0.030400000000000003 7.539681742005625e-5
0.77 0.0308 -0.00019079376438856246
0.77 0.031200000000000002 6.731657315100023e-6
0.77 0.0316 0.0002003542625269144
0.77 0.032 0.0001284138339545705
0.77 0.032400000000000005 1.511710318797741e-7
0.77 0.032799999999999996 -6.631440579329292e-5
0.77 0.0332 -4.806828858345919e-5
0.77 0.0336 2.807694611970007e-9
0.77 0.034 2.9589410855413148e-5
0.77 0.0344 2.9785190235617806e-5
0.77 0.0348 1.4988709501215064e-5
0.77 0.0352 1.1362145921516244e-11
0.7799999999999999 0.021599999999999998 0.3831150759403546
0.7799999999999999 0.022 1.853621453943404
0.7799999999999999 0.0224 6.0200409889085185
0.7799999999999999 0.0228 13.751636556873601
0.7799999999999999 0.0232 23.201631030603387
0.7799999999999999 0.0236 30.553554610560298
0.7799999999999999 0.024 33.27126651271987
0.7799999999999999 0.024399999999999998 31.252837116346736
0.7799999999999999 0.0248 25.53498385340643
0.7799999999999999 0.025200000000000004 17.983339960979137
0.7799999999999999 0.025600000000000005 11.305798208948248
0.7799999999999999 0.026000000000000002 6.730936488454789
0.7799999999999999 0.0264 3.9557940192293826
0.7799999999999999 0.0268 1.8062603692384356
0.7799999999999999 0.027200000000000002 0.8434581268212069
0.7799999999999999 0.027600000000000003 0.3705871295557556
0.7799999999999999 0.028000000000000004 0.15393267819069084
0.7799999999999999 0.0284 0.060736460630614046
0.7799999999999999 0.0288 0.022855240311016867
0.7799999999999999 0.0292 0.008238389577015183
0.7799999999999999 0.0296 0.0028585214037081313
0.7799999999999999 0.030000000000000002 0.0015590965558477984
0.7799999999999999 0.030400000000000003 0.0003085238867288764
0.7799999999999999 0.0308 -0.00039413513161209714
0.7799999999999999 0.031200000000000002 2.933667202227274e-5
0.7799999999999999 0.0316 0.0004637120292837601
0.7799999999999999 0.032 0.0002958175068160112
0.7799999999999999 0.032400000000000005 7.04816270197434e-7
0.7799999999999999 0.032799999999999996 -0.00015205839745954168
0.7799999999999999 0.0332 -0.00011029104710151181
0.7799999999999999 0.0336 1.390220560833211e-8
0.7799999999999999 0.034 6.794065348956318e-5
0.7799999999999999 0.0344 6.83997052499923e-5
0.7799999999999999 0.0348 3.442849352849479e-5
0.7799999999999999 0.0352 5.924459331324962e-11
0.7899999999999999 0.021599999999999998 0.6524372923597729
0.7899999999999999 0.022 3.1695488710873505
0.7899999999999999 0.0224 10.356957450771798
0.7899999999999999 0.0228 23.881507127813748
0.7899999999999999 0.0232 40.885744493431176
0.7899999999999999 0.0236 55.0514743605237
0.7899999999999999 0.024 61.83433296828687
0.7899999999999999 0.024399999999999998 60.33398128107626
0.7899999999999999 0.0248 51.471301203093546
0.7899999999999999 0.025200000000000004 38.113609545629735
0.7899999999999999 0.025600000000000005 25.313178254994778
0.7899999999999999 0.026000000000000002 15.817419371386434
0.7899999999999999 0.0264 9.569545522836336
0.7899999999999999 0.0268 4.7134294406302235
0.7899999999999999 0.027200000000000002 2.3153037572645143
0.7899999999999999 0.027600000000000003 1.0677219438956962
0.7899999999999999 0.028000000000000004 0.46464032697558344
0.7899999999999999 0.0284 0.19172868935448306
0.7899999999999999 0.0288 0.07532969828971811
0.7899999999999999 0.0292 0.02830065306893088
0.7899999999999999 0.0296 0.010198757758539264
0.7899999999999999 0.030000000000000002 0.004634638374049314
0.7899999999999999 0.030400000000000003 0.0011862212658996865
0.7899999999999999 0.0308 -0.0005056456382637327
0.7899999999999999 0.031200000000000002 0.00012017933116758098
0.7899999999999999 0.0316 0.0008644542473342772
0.7899999999999999 0.032 0.0005467666436938717
0.7899999999999999 0.032400000000000005 3.1174462795736106e-6
0.7899999999999999 0.032799999999999996 -0.00027878119172003966
0.7899999999999999 0.0332 -0.00020325367327545175
0.7899999999999999 0.0336 6.593566217455911e-8
0.7899999999999999 0.034 0.0001262169881394928
0.7899999999999999 0.0344 0.0001273856235685064
0.7899999999999999 0.0348 6.434538751228636e-5
0.7899999999999999 0.0352 3.071125303783066e-10
0.7999999999999999 0.021599999999999998 0.8950988178340058
0.7999999999999999 0.022 4.397947653156738
0.7999999999999999 0.0224 14.605055695928675
0.7999999999999999 0.0228 34.45314136827737
0.7999999999999999 0.0232 60.86995070729817
0.7999999999999999 0.0236 85.39889633786008
0.7999999999999999 0.024 100.68414927997225
0.7999999999999999 0.024399999999999998 103.39279847191722
0.7999999999999999 0.0248 92.98482600490064
0.7999999999999999 0.025200000000000004 73.03288293870445
0.7999999999999999 0.025600000000000005 51.59190309614001
0.7999999999999999 0.026000000000000002 33.96752083931443
0.7999999999999999 0.0264 21.223809154900334
0.7999999999999999 0.0268 11.303371457036492
0.7999999999999999 0.027200000000000002 5.856528631119098
0.7999999999999999 0.027600000000000003 2.8440877299706977
0.7999999999999999 0.028000000000000004 1.301696944138985
0.7999999999999999 0.0284 0.5635412965668515
0.7999999999999999 0.0288 0.23175297005246853
0.7999999999999999 0.0292 0.09095938200678787
0.7999999999999999 0.0296 0.03415941644980397
0.7999999999999999 0.030000000000000002 0.013943741307839142
0.7999999999999999 0.030400000000000003 0.004281579593482875
0.7999999999999999 0.0308 0.0001296242123961863
0.7999999999999999 0.031200000000000002 0.0004640916518308312
0.7999999999999999 0.0316 0.001362848577355849
0.7999999999999999 0.032 0.000838188073383498
0.7999999999999999 0.032400000000000005 1.3203623062462286e-5
0.7999999999999999 0.032799999999999996 -0.00041319349929904933
0.7999999999999999 0.0332 -0.0003040122120685534
0.7999999999999999 0.0336 3.0391471382600797e-7
0.7999999999999999 0.034 0.00019113340069158228
0.7999999999999999 0.0344 0.0001935141666614504
0.7999999999999999 0.0348 9.820180729659382e-5
0.7999999999999999 0.0352 1.611003852318812e-9
0.81 0.021599999999999998 1.0222526645898422
0.81 0.022 5.116156590266537
0.81 0.0224 17.427457127601233
0.81 0.0228 42.542234679901775
0.81 0.0232 78.5809765269326
0.81 0.0236 116.37213979400096
0.81 0.024 145.57304075456727
0.81 0.024399999999999998 158.61017674798515
0.81 0.0248 151.4415785503919
0.81 0.025200000000000004 127.0235039135911
0.81 0.025600000000000005 95.99923387344498
0.81 0.026000000000000002 67.02049610766905
0.81 0.0264 43.67997122403823
0.81 0.0268 25.075517603652216
0.81 0.027200000000000002 13.717760859307159
0.81 0.027600000000000003 7.023680747501187
0.81 0.028000000000000004 3.3804347052320125
0.81 0.0284 1.5409483731395985
0.81 0.0288 0.6658395653727364
0.81 0.0292 0.2735454662374012
0.81 0.0296 0.10720433387901158
0.81 0.030000000000000002 0.04227973208945456
0.81 0.030400000000000003 0.014529638256252406
0.81 0.0308 0.0034344691045281113
0.81 0.031200000000000002 0.001697134979006891
0.81 0.0316 0.0020757986696171397
0.81 0.032 0.0011828509676439513
0.81 0.032400000000000005 5.383692621963452e-5
0.81 0.032799999999999996 -0.0005221774154049749
0.81 0.0332 -0.00039405547341293617
0.81 0.0336 1.380562948908759e-6
0.81 0.034 0.00025562351500359296
0.81 0.0344 0.00026053203482651613
0.81 0.0348 0.0001335460427458755
0.81 0.0352 8.484461139351885e-9
0.8200000000000001 0.021599999999999998 0.977256839029383
0.8200000000000001 0.022 5.032616022801691
0.8200000000000001 0.0224 17.799219177450624
0.8200000000000001 0.0228 45.577816505381584
0.8200000000000001 0.0232 89.24143443538378
0.8200000000000001 0.0236 141.2135762038782
0.8200000000000001 0.024 189.2135564543688
0.8200000000000001 0.024399999999999998 220.40465566598047
0.8200000000000001 0.0248 224.94325866722022
0.8200000000000001 0.025200000000000004 202.47119637370156
0.8200000000000001 0.025600000000000005 164.05272683511024
0.8200000000000001 0.026000000000000002 121.75650038301974
0.8200000000000001 0.0264 83.40863207319092
0.8200000000000001 0.0268 51.48030301887413
0.8200000000000001 0.027200000000000002 29.840777753660028
0.8200000000000001 0.027600000000000003 16.15536207747097
0.8200000000000001 0.028000000000000004 8.204612817115406
0.8200000000000001 0.0284 3.926651268056925
0.8200000000000001 0.0288 1.7806823774546274
0.8200000000000001 0.0292 0.7671763644258947
0.8200000000000001 0.0296 0.3150635753472719
0.8200000000000001 0.030000000000000002 0.12584179303290413
0.8200000000000001 0.030400000000000003 0.0464416698327708
0.8200000000000001 0.0308 0.015072414275612308
0.8200000000000001 0.031200000000000002 0.005884772330143002
0.8200000000000001 0.0316 0.0036737625932727136
0.8200000000000001 0.032 0.0018088436814147873
0.8200000000000001 0.032400000000000005 0.0002093692297791168
0.8200000000000001 0.032799999999999996 -0.0005669262184495992
0.8200000000000001 0.0332 -0.0004580243938145357
0.8200000000000001 0.0336 6.10632934142293e-6
0.8200000000000001 0.034 0.00031855527175777654
0.8200000000000001 0.0344 0.00032741727600546565
0.8200000000000001 0.0348 0.0001703306440255091
0.8200000000000001 0.0352 4.20794842164152e-8
0.8300000000000001 0.021599999999999998 0.7865687436630132
0.8300000000000001 0.022 4.222244061434168
0.8300000000000001 0.0224 15.720479288991337
0.8300000000000001 0.0228 42.8011631093143
0.8300000000000001 0.0232 89.91323084895807
0.8300000000000001 0.0236 153.5261703422683
0.8300000000000001 0.024 222.11376455203165
0.8300000000000001 0.024399999999999998 278.63616040878946
0.8300000000000001 0.0248 305.9545793082102
0.8300000000000001 0.025200000000000004 296.6847937193882
0.8300000000000001 0.025600000000000005 258.17363742307816
0.8300000000000001 0.026000000000000002 204.24584816234403
0.8300000000000001 0.0264 148.02534849913422
0.8300000000000001 0.0268 97.86067939288394
0.8300000000000001 0.027200000000000002 60.35091035185353
0.8300000000000001 0.027600000000000003 34.59006459241945
0.8300000000000001 0.028000000000000004 18.549368638777967
0.8300000000000001 0.0284 9.344452363471646
0.8300000000000001 0.0288 4.447024178896742
0.8300000000000001 0.0292 2.006043175990444
0.8300000000000001 0.0296 0.8625788808568231
0.8300000000000001 0.030000000000000002 0.3562450951708835
0.8300000000000001 0.030400000000000003 0.13902239908296202
0.8300000000000001 0.0308 0.05093443729921572
0.8300000000000001 0.031200000000000002 0.01923062655207761
0.8300000000000001 0.0316 0.008268763257789333
0.8300000000000001 0.032 0.003342153739909686
0.8300000000000001 0.032400000000000005 0.0007774737195209078
0.8300000000000001 0.032799999999999996 -0.0003033525268115852
0.8300000000000001 0.0332 -0.0003415874398919018
0.8300000000000001 0.0336 2.5326077335326285e-5
0.8300000000000001 0.034 0.0002894602106928408
0.8300000000000001 0.0344 0.00029373163867454737
0.8300000000000001 0.0348 0.00015292377127111784
0.8300000000000001 0.0352 1.9162768104631903e-7
0.8400000000000001 0.021599999999999998 0.539094419624252
0.8400000000000001 0.022 3.0686701407477286
0.8400000000000001 0.0224 12.219069298282513
0.8400000000000001 0.0228 35.84765372454495
0.8400000000000001 0.0232 81.6602940606207
0.8400000000000001 0.0236 151.68415089249868
0.8400000000000001 0.024 238.37234058160251
0.8400000000000001 0.024399999999999998 323.3950932447504
0.8400000000000001 0.0248 382.8498018495338
0.8400000000000001 0.025200000000000004 399.9601207655362
0.8400000000000001 0.025600000000000005 374.09855503730927
0.8400000000000001 0.026000000000000002 316.868982984457
0.8400000000000001 0.0264 244.79772364357962
0.8400000000000001 0.0268 173.1028672652166
0.8400000000000001 0.027200000000000002 113.34449185484232
0.8400000000000001 0.027600000000000003 68.89697255059768
0.8400000000000001 0.028000000000000004 39.065141822435706
0.8400000000000001 0.0284 20.726390250263815
0.8400000000000001 0.0288 10.362324603982033
0.8400000000000001 0.0292 4.8968220310153345
0.8400000000000001 0.0296 2.207149328778405
0.8400000000000001 0.030000000000000002 0.9528362778472734
0.8400000000000001 0.030400000000000003 0.3905265947312426
0.8400000000000001 0.0308 0.15171882753438934
0.8400000000000001 0.031200000000000002 0.0587730369507927
0.8400000000000001 0.0316 0.024436445786762205
0.8400000000000001 0.032 0.00992156298604106
0.8400000000000001 0.032400000000000005 0.0026943849831830707
0.8400000000000001 0.032799999999999996 -0.0004365691087475226
0.8400000000000001 0.0332 -0.0008055042903504859
0.8400000000000001 0.0336 9.527725480171518e-5
0.8400000000000001 0.034 0.0008541498077694843
0.8400000000000001 0.0344 0.0008910677908975075
0.8400000000000001 0.0348 0.0004835552209814769
0.8400000000000001 0.0352 7.612912504242592e-7
0.8500000000000001 0.021599999999999998 0.31780261372605945
0.8500000000000001 0.022 1.9590226416426335
0.8500000000000001 0.0224 8.472628028548266
0.8500000000000001 0.0228 27.07189900028665
0.8500000000000001 0.0232 67.368229560753
0.8500000000000001 0.0236 136.8179470464284
0.8500000000000001 0.024 234.37324272700502
0.8500000000000001 0.024399999999999998 344.8565482717733
0.8500000000000001 0.0248 441.2882615330867
0.8500000000000001 0.025200000000000004 497.7293372900441
0.8500000000000001 0.025600000000000005 501.58340006186825
0.8500000000000001 0.026000000000000002 456.3293773901933
0.8500000000000001 0.0264 377.12155434597275
0.8500000000000001 0.0268 284.9359296950152
0.8500000000000001 0.027200000000000002 197.9994340844081
0.8500000000000001 0.027600000000000003 127.17023436867326
0.8500000000000001 0.028000000000000004 76.23138695303544
0.8500000000000001 0.0284 42.796996608515
0.8500000000000001 0.0288 22.527587346228415
0.8500000000000001 0.0292 11.201116480087196
0.8500000000000001 0.0296 5.28549728890349
0.8500000000000001 0.030000000000000002 2.382380124826546
0.8500000000000001 0.030400000000000003 1.0236692336609947
0.8500000000000001 0.0308 0.4202611745462598
0.8500000000000001 0.031200000000000002 0.16893699839551665
0.8500000000000001 0.0316 0.06857733150214008
0.8500000000000001 0.032 0.027128087645115342
0.8500000000000001 0.032400000000000005 0.00859653283865196
0.8500000000000001 0.032799999999999996 0.0008829638661892348
0.8500000000000001 0.0332 -0.0007990101054418181
0.8500000000000001 0.0336 0.0003250710373682555
0.8500000000000001 0.034 0.0015253987193927228
0.8500000000000001 0.0344 0.0015769945660497036
0.8500000000000001 0.0348 0.0008673945609983755
0.8500000000000001 0.0352 2.6651007552278315e-6
0.8600000000000001 0.021599999999999998 0.15899533333236324
0.8600000000000001 0.022 1.0960570959584242
0.8600000000000001 0.0224 5.249310540036969
0.8600000000000001 0.0228 18.480865626696257
0.8600000000000001 0.0232 50.60083103745112
0.8600000000000001 0.0236 112.7961918218017
0.8600000000000001 0.024 211.0513851538171
0.8600000000000001 0.024399999999999998 337.5349641012016
0.8600000000000001 0.0248 468.4559613757734
0.8600000000000001 0.025200000000000004 572.6498106613741
0.8600000000000001 0.025600000000000005 623.7079624010452
0.8600000000000001 0.026000000000000002 610.4209642558469
0.8600000000000001 0.0264 539.8787110262678
0.8600000000000001 0.0268 435.27183887365874
0.8600000000000001 0.027200000000000002 321.41860330309464
0.8600000000000001 0.027600000000000003 219.05459819893375
0.8600000000000001 0.028000000000000004 138.57235776866082
0.8600000000000001 0.0284 81.92812399587012
0.8600000000000001 0.0288 45.61583728687065
0.8600000000000001 0.0292 23.94509984788325
0.8600000000000001 0.0296 11.868968656410829
0.8600000000000001 0.030000000000000002 5.590725371444406
0.8600000000000001 0.030400000000000003 2.5171646403249546
0.8600000000000001 0.0308 1.0878828237264517
0.8600000000000001 0.031200000000000002 0.4482224599364375
0.8600000000000001 0.0316 0.17373396005641173
0.8600000000000001 0.032 0.0645073565235988
0.8600000000000001 0.032400000000000005 0.025255247117979693
0.8600000000000001 0.032799999999999996 0.011595779345902689
0.8600000000000001 0.0332 0.0053463910757657945
0.8600000000000001 0.0336 0.0010073490310562386
0.8600000000000001 0.034 -0.00152153458503609
0.8600000000000001 0.0344 -0.0019126736254577266
0.8600000000000001 0.0348 -0.001096383992217381
0.8600000000000001 0.0352 8.53075240321538e-6
0.8699999999999999 0.021599999999999998 0.06867325622433734
0.8699999999999999 0.022 0.5478711687818739
0.8699999999999999 0.0224 2.9450094443114234
0.8699999999999999 0.0228 11.497657353251334
0.8699999999999999 0.0232 34.77554478272526
0.8699999999999999 0.0236 85.28501347934545
0.8699999999999999 0.024 174.68700344036523
0.8699999999999999 0.024399999999999998 304.7268000241016
0.8699999999999999 0.0248 460.6087026172905
0.8699999999999999 0.025200000000000004 611.9606791837277
0.8699999999999999 0.025600000000000005 720.7952488793766
0.8699999999999999 0.026000000000000002 758.7501633872541
0.8699999999999999 0.0264 718.3414430243786
0.8699999999999999 0.0268 618.3964701457375
0.8699999999999999 0.027200000000000002 485.8964756080918
0.8699999999999999 0.027600000000000003 351.19969346085287
0.8699999999999999 0.028000000000000004 235.43012203028906
0.8699999999999999 0.0284 147.21885305021343
0.8699999999999999 0.0288 86.27452008483762
0.8699999999999999 0.0292 47.67769601683529
0.8699999999999999 0.0296 24.86448649173373
0.8699999999999999 0.030000000000000002 12.293425459668473
0.8699999999999999 0.030400000000000003 5.770838069573507
0.8699999999999999 0.0308 2.5848334378933724
0.8699999999999999 0.031200000000000002 1.113517090048147
0.8699999999999999 0.0316 0.46345862097442936
0.8699999999999999 0.032 0.18482467070883649
0.8699999999999999 0.032400000000000005 0.0684518088365192
0.8699999999999999 0.032799999999999996 0.022592102980526736
0.8699999999999999 0.0332 0.006872396005644622
0.8699999999999999 0.0336 0.0028948158724957994
0.8699999999999999 0.034 0.00220025662583635
0.8699999999999999 0.0344 0.0016293638341662883
0.8699999999999999 0.0348 0.0008056091714427615
0.8699999999999999 0.0352 2.6411282898082993e-5
0.8799999999999999 0.021599999999999998 0.030768049617604945
0.8799999999999999 0.022 0.26554273484086865
0.8799999999999999 0.0224 1.5427165921326673
0.8799999999999999 0.0228 6.583199020044815
0.8799999999999999 0.0232 21.963143117761092
0.8799999999999999 0.0236 59.40242946522692
0.8799999999999999 0.024 133.56471241444913
0.8799999999999999 0.024399999999999998 254.78107998156437
0.8799999999999999 0.0248 420.25642283644373
0.8799999999999999 0.025200000000000004 607.4835989008927
0.8799999999999999 0.025600000000000005 774.307920225535
0.8799999999999999 0.026000000000000002 877.2997051827967
0.8799999999999999 0.0264 889.9147545385285
0.8799999999999999 0.0268 818.4216666010393
0.8799999999999999 0.027200000000000002 685.238754739263
0.8799999999999999 0.027600000000000003 527.0554492948638
0.8799999999999999 0.028000000000000004 374.7939323189544
0.8799999999999999 0.0284 247.80049200098134
0.8799999999999999 0.0288 153.27877276083402
0.8799999999999999 0.0292 88.76892512985803
0.8799999999999999 0.0296 48.484769777568836
0.8799999999999999 0.030000000000000002 25.077484390295528
0.8799999999999999 0.030400000000000003 12.336828029663726
0.8799999999999999 0.0308 5.784229943526984
0.8799999999999999 0.031200000000000002 2.5827261662069243
0.8799999999999999 0.0316 1.0965528325831644
0.8799999999999999 0.032 0.4434418260891526
0.8799999999999999 0.032400000000000005 0.17299900446041278
0.8799999999999999 0.032799999999999996 0.06598068874017
0.8799999999999999 0.0332 0.02443502635820971
0.8799999999999999 0.0336 0.00789697021711899
0.8799999999999999 0.034 0.0014266716824924298
0.8799999999999999 0.0344 -0.0004630925346457544
0.8799999999999999 0.0348 -0.00046686814404911357
0.8799999999999999 0.0352 7.961159540498072e-5
0.8899999999999999 0.021599999999999998 0.014204591373370984
0.8899999999999999 0.022 0.12188556911634439
0.8899999999999999 0.0224 0.7424196648962964
0.8899999999999999 0.0228 3.448408519650465
0.8899999999999999 0.0232 12.722609352385307
0.8899999999999999 0.0236 38.00669941147548
0.8899999999999999 0.024 94.01415989000509
0.8899999999999999 0.024399999999999998 196.87413947934766
0.8899999999999999 0.0248 355.7652952551821
0.8899999999999999 0.025200000000000004 560.7620039439034
0.8899999999999999 0.025600000000000005 774.0498586096498
0.8899999999999999 0.026000000000000002 944.7933432142344
0.8899999999999999 0.0264 1028.4551529225384
0.8899999999999999 0.0268 1012.3852717267237
0.8899999999999999 0.027200000000000002 904.7231294081838
0.8899999999999999 0.027600000000000003 740.4796399216071
0.8899999999999999 0.028000000000000004 558.818085568099
0.8899999999999999 0.0284 390.7396343336211
0.8899999999999999 0.0288 254.59631562644586
0.8899999999999999 0.0292 155.06471300690166
0.8899999999999999 0.0296 88.90805683430997
0.8899999999999999 0.030000000000000002 48.1536900065604
0.8899999999999999 0.030400000000000003 24.714865396168506
0.8899999999999999 0.0308 12.051610089554416
0.8899999999999999 0.031200000000000002 5.599630385040125
0.8899999999999999 0.0316 2.4830939699128787
0.8899999999999999 0.032 1.0462813402890643
0.8899999999999999 0.032400000000000005 0.41507157410242845
0.8899999999999999 0.032799999999999996 0.15317466233158983
0.8899999999999999 0.0332 0.05374667154618777
0.8899999999999999 0.0336 0.02069165270465038
0.8899999999999999 0.034 0.010556484580731473
0.8899999999999999 0.0344 0.0060669078483743775
0.8899999999999999 0.0348 0.002787653670586454
0.8899999999999999 0.0352 0.00024130976637823536
0.8999999999999999 0.021599999999999998 0.010436093865638485
0.8999999999999999 0.022 0.0658842550830232
0.8999999999999999 0.0224 0.35013744999286
0.8999999999999999 0.0228 1.6590727451069465
0.8999999999999999 0.0232 6.730464272108176
0.8999999999999999 0.0236 22.37212513406316
0.8999999999999999 0.024 61.287226810370605
0.8999999999999999 0.024399999999999998 141.41666437329226
0.8999999999999999 0.0248 280.30996890487523
0.8999999999999999 0.025200000000000004 481.84875972464425
0.8999999999999999 0.025600000000000005 720.659014201211
0.8999999999999999 0.026000000000000002 948.8381596583047
0.8999999999999999 0.0264 1110.3166568180286
0.8999999999999999 0.0268 1171.491748159071
0.8999999999999999 0.027200000000000002 1118.5105564370506
0.8999999999999999 0.027600000000000003 975.1508475027762
0.8999999999999999 0.028000000000000004 780.4195287047485
0.8999999999999999 0.0284 577.1542188369708
0.8999999999999999 0.0288 396.49413171379626
0.8999999999999999 0.0292 254.39306198936907
0.8999999999999999 0.0296 152.9629333907327
0.8999999999999999 0.030000000000000002 86.77942023442556
0.8999999999999999 0.030400000000000003 46.641831400958864
0.8999999999999999 0.0308 23.772224419427804
0.8999999999999999 0.031200000000000002 11.444225227132895
0.8999999999999999 0.0316 5.185284487818269
0.8999999999999999 0.032 2.234715148621472
0.8999999999999999 0.032400000000000005 0.9448822128527304
0.8999999999999999 0.032799999999999996 0.4035796549955002
0.8999999999999999 0.0332 0.16750374066060514
0.8999999999999999 0.0336 0.052535606779041163
0.8999999999999999 0.034 -0.0007945284873107694
0.8999999999999999 0.0344 -0.014717604577708064
0.8999999999999999 0.0348 -0.009608089904362188
0.8999999999999999 0.0352 0.0007205416239649573
0.9099999999999999 0.021599999999999998 0.01032565100816498
0.9099999999999999 0.022 0.046507465712046635
0.9099999999999999 0.0224 0.17416600649295377
0.9099999999999999 0.0228 0.7310210331385807
0.9099999999999999 0.0232 3.2301640709728296
0.9099999999999999 0.0236 12.152184971946028
0.9099999999999999 0.024 37.20001531885189
0.9099999999999999 0.024399999999999998 94.76394563018735
0.9099999999999999 0.0248 205.93612241261647
0.9099999999999999 0.025200000000000004 385.9614264606403
0.9099999999999999 0.025600000000000005 625.8224191055
0.9099999999999999 0.026000000000000002 889.8175685377961
0.9099999999999999 0.0264 1120.5317823297578
0.9099999999999999 0.0268 1267.9799913961574
0.9099999999999999 0.027200000000000002 1294.2177525240086
0.9099999999999999 0.027600000000000003 1201.7059015071234
0.9099999999999999 0.028000000000000004 1021.3226066124862
0.9099999999999999 0.0284 799.4439628305744
0.9099999999999999 0.0288 579.9230386448802
0.9099999999999999 0.0292 392.15612993067197
0.9099999999999999 0.0296 248.15844204521187
0.9099999999999999 0.030000000000000002 147.61840273392005
0.9099999999999999 0.030400000000000003 82.81035898301029
0.9099999999999999 0.0308 43.92854090084998
0.9099999999999999 0.031200000000000002 22.07488317516955
0.9099999999999999 0.0316 10.517087552495909
0.9099999999999999 0.032 4.7587427573212935
0.9099999999999999 0.032400000000000005 2.0546383182090584
0.9099999999999999 0.032799999999999996 0.8521369728791104
0.9099999999999999 0.0332 0.34099914903985373
0.9099999999999999 0.0336 0.12896632303676003
0.9099999999999999 0.034 0.043488816792753404
0.9099999999999999 0.0344 0.012265381620316167
0.9099999999999999 0.0348 0.003105546012414932
0.9099999999999999 0.0352 0.00206574704449328
0.9199999999999999 0.021599999999999998 0.007816076303263182
0.9199999999999999 0.022 0.03039828165929531
0.9199999999999999 0.0224 0.08544780692956314
0.9199999999999999 0.0228 0.29468246244203283
0.9199999999999999 0.0232 1.4214588263348737
0.9199999999999999 0.0236 6.127597762570434
0.9199999999999999 0.024 21.016807351760033
0.9199999999999999 0.024399999999999998 59.15998939235311
0.9199999999999999 0.0248 141.1053703561622
0.9199999999999999 0.025200000000000004 288.59705977620627
0.9199999999999999 0.025600000000000005 507.65940504268224
0.9199999999999999 0.026000000000000002 780.2629352404099
0.9199999999999999 0.0264 1058.4129578808854
0.9199999999999999 0.0268 1285.3107434054152
0.9199999999999999 0.027200000000000002 1402.60020113241
0.9199999999999999 0.027600000000000003 1387.5595071682096
0.9199999999999999 0.028000000000000004 1252.9504959184958
0.9199999999999999 0.0284 1039.7546303599058
0.9199999999999999 0.0288 797.938820670045
0.9199999999999999 0.0292 568.9913222511232
0.9199999999999999 0.0296 378.91829841777155
0.9199999999999999 0.030000000000000002 236.62852073367256
0.9199999999999999 0.030400000000000003 139.08247368655577
0.9199999999999999 0.0308 77.12962630961434
0.9199999999999999 0.031200000000000002 40.41510699887523
0.9199999999999999 0.0316 20.039691761871165
0.9199999999999999 0.032 9.44456776489124
0.9199999999999999 0.032400000000000005 4.266264265450697
0.9199999999999999 0.032799999999999996 1.8610443687260936
0.9199999999999999 0.0332 0.7813303399198595
0.9199999999999999 0.0336 0.3029329217158707
0.9199999999999999 0.034 0.09904014288562198
0.9199999999999999 0.0344 0.024229581894902374
0.9199999999999999 0.0348 0.0049397917024403305
0.9199999999999999 0.0352 0.005624763756457217
0.9299999999999999 0.021599999999999998 0.005809637668108167
0.9299999999999999 0.022 0.02093149568715937
0.9299999999999999 0.0224 0.04580936586345435
0.9299999999999999 0.0228 0.10855101064286998
0.9299999999999999 0.0232 0.5633821711848255
0.9299999999999999 0.0236 2.8726515838760225
0.9299999999999999 0.024 11.09336192457194
0.9299999999999999 0.024399999999999998 34.43616947831653
0.9299999999999999 0.0248 90.05410085310794
0.9299999999999999 0.025200000000000004 201.08197145375257
0.9299999999999999 0.025600000000000005 384.19678742898253
0.9299999999999999 0.026000000000000002 639.2827884205491
0.9299999999999999 0.0264 935.5168296189416
0.9299999999999999 0.0268 1220.662942751098
0.9299999999999999 0.027200000000000002 1425.7238526772423
0.9299999999999999 0.027600000000000003 1504.1738244389933
0.9299999999999999 0.028000000000000004 1444.248048387251
0.9299999999999999 0.0284 1271.5819634519905
0.9299999999999999 0.0288 1033.037439428294
0.9299999999999999 0.0292 777.8947459480465
0.9299999999999999 0.0296 545.9504052742827
0.9299999999999999 0.030000000000000002 358.27384464938666
0.9299999999999999 0.030400000000000003 220.73215958644963
0.9299999999999999 0.0308 128.08152533725118
0.9299999999999999 0.031200000000000002 70.20188540316772
0.9299999999999999 0.0316 36.43612392422183
0.9299999999999999 0.032 17.963996404781643
0.9299999999999999 0.032400000000000005 8.453395906811247
0.9299999999999999 0.032799999999999996 3.81475019158739
0.9299999999999999 0.0332 1.6537136526478964
0.9299999999999999 0.0336 0.6801085778140001
0.9299999999999999 0.034 0.2589698779221057
0.9299999999999999 0.0344 0.0906548032592892
0.9299999999999999 0.0348 0.03111368757939174
0.9299999999999999 0.0352 0.014427062911908166
0.94 0.021599999999999998 0.0037592119796693866
0.94 0.022 0.01310679987900511
0.94 0.0224 0.024633408526819445
0.94 0.0228 0.03645385463840568
0.94 0.0232 0.20138749118778052
0.94 0.0236 1.2597770209510466
0.94 0.024 5.471279315917802
0.94 0.024399999999999998 18.673068788033778
0.94 0.0248 53.51228546038713
0.94 0.025200000000000004 130.50366576307704
0.94 0.025600000000000005 271.07848921803964
0.94 0.026000000000000002 489.0632771096893
0.94 0.0264 773.5103847866922
0.94 0.0268 1086.4138869808478
0.94 0.027200000000000002 1360.3833928551287
0.94 0.027600000000000003 1532.7515349985995
0.94 0.028000000000000004 1567.162967273058
0.94 0.0284 1464.7017890183254
0.94 0.0288 1259.432897945612
0.94 0.0292 1002.1624806978298
0.94 0.0296 741.4910728545908
0.94 0.030000000000000002 511.99650793712715
0.94 0.030400000000000003 331.5280908243923
0.94 0.0308 202.0817658622457
0.94 0.031200000000000002 116.31461106933376
0.94 0.0316 63.281687772081355
0.94 0.032 32.53259596884145
0.94 0.032400000000000005 15.823245478737114
0.94 0.032799999999999996 7.328373977537849
0.94 0.0332 3.2789102994738317
0.94 0.0336 1.4435727887784648
0.94 0.034 0.6332809682216652
0.94 0.0344 0.2728345172694355
0.94 0.0348 0.10898282380591633
0.94 0.0352 0.034922570200132
0.95 0.021599999999999998 0.002970828347349859
0.95 0.022 0.010208590929585003
0.95 0.0224 0.017361206907015734
0.95 0.0228 0.011406971160212049
0.95 0.0232 0.05523675525453013
0.95 0.0236 0.5148596823810302
0.95 0.024 2.533110909849014
0.95 0.024399999999999998 9.403150890471087
0.95 0.0248 29.469318566295215
0.95 0.025200000000000004 78.70438052940654
0.95 0.025600000000000005 178.3969215819291
0.95 0.026000000000000002 349.82769162663084
0.95 0.0264 599.0974801731679
0.95 0.0268 906.6525138804059
0.95 0.027200000000000002 1218.2816342484073
0.95 0.027600000000000003 1468.0540068298676
0.95 0.028000000000000004 1599.939585177331
0.95 0.0284 1589.217597111454
0.95 0.0288 1448.4255627279713
0.95 0.0292 1218.1568228548713
0.95 0.0296 949.9448639100661
0.95 0.030000000000000002 690.4641950801571
0.95 0.030400000000000003 470.20777162058965
0.95 0.0308 300.76200585173314
0.95 0.031200000000000002 180.9960282832885
0.95 0.0316 102.66390483476788
0.95 0.032 55.12396646652749
0.95 0.032400000000000005 28.209038747306284
0.95 0.032799999999999996 13.853888799241195
0.95 0.0332 6.53671568369668
0.95 0.0336 2.916161006978626
0.95 0.034 1.19955806561689
0.95 0.0344 0.45379613640876104
0.95 0.0348 0.16808141915104474
0.95 0.0352 0.07981483774437526
0.96 0.021599999999999998 0.0011622370789876823
0.96 0.022 0.003976495365281161
0.96 0.0224 0.006608051780294762
0.96 0.0228 0.003311454257721916
0.96 0.0232 0.016939425883928282
0.96 0.0236 0.19508353613251317
0.96 0.024 1.063774369365953
0.96 0.024399999999999998 4.38113623499448
0.96 0.0248 15.170712488015306
0.96 0.025200000000000004 44.407906540128444
0.96 0.025600000000000005 109.83476657371727
0.96 0.026000000000000002 234.56288321834623
0.96 0.0264 435.6476336302464
0.96 0.0268 710.9066143270751
0.96 0.027200000000000002 1024.9028250433423
0.96 0.027600000000000003 1320.829284963363
0.96 0.028000000000000004 1535.7774178730283
0.96 0.0284 1623.5915463937472
0.96 0.0288 1570.4783186188467
0.96 0.0292 1398.4373258197318
0.96 0.0296 1151.0826838100083
0.96 0.030000000000000002 880.4057340019856
0.96 0.030400000000000003 629.523637194077
0.96 0.0308 422.25400502004584
0.96 0.031200000000000002 266.46777296191107
0.96 0.0316 158.52797563406727
0.96 0.032 89.13839191433793
0.96 0.032400000000000005 47.576556551050786
0.96 0.032799999999999996 24.236190033042522
0.96 0.0332 11.826118174723927
0.96 0.0336 5.505408703211104
0.96 0.034 2.428694082357424
0.96 0.0344 1.0170632517945226
0.96 0.0348 0.4116460573229199
0.96 0.0352 0.17280741453467868
0.97 0.021599999999999998 0.0012871994780872178
0.97 0.022 0.004389490832598211
0.97 0.0224 0.007069145644212212
0.97 0.0228 0.0009041551718031669
0.97 0.0232 -0.004372839847058743
0.97 0.0236 0.06832187087016317
0.97 0.024 0.4356472197384767
0.97 0.024399999999999998 1.8825938770748074
0.97 0.0248 7.139667075136095
0.97 0.025200000000000004 23.153263463150502
0.97 0.025600000000000005 63.1562861378996
0.97 0.026000000000000002 147.3645826638477
0.97 0.0264 297.26697423803853
0.97 0.0268 523.2945848006822
0.97 0.027200000000000002 810.2610679938117
0.97 0.027600000000000003 1117.701839268867
0.97 0.028000000000000004 1387.1899375016988
0.97 0.0284 1561.6222634492392
0.97 0.0288 1604.6645329237379
0.97 0.0292 1514.062285522096
0.97 0.0296 1317.2602700838745
0.97 0.030000000000000002 1061.962297270743
0.97 0.030400000000000003 798.4043492366164
0.97 0.0308 561.6392098586298
0.97 0.031200000000000002 371.0493074375041
0.97 0.0316 230.9581388279293
0.97 0.032 135.92220431124886
0.97 0.032400000000000005 75.9794457955357
0.97 0.032799999999999996 40.495250014971795
0.97 0.0332 20.58350425968381
0.97 0.0336 9.911336657668945
0.97 0.034 4.492594754672146
0.97 0.0344 1.9294819596220754
0.97 0.0348 0.8077102184910199
0.97 0.0352 0.3560761389292321
0.98 0.021599999999999998 0.0012059218295820842
0.98 0.022 0.004105207072552184
0.98 0.0224 0.00655420621743418
0.98 0.0228 0.00022975622497346338
0.98 0.0232 -0.009846197415432282
0.98 0.0236 0.02194727263697006
0.98 0.024 0.17407781267743028
0.98 0.024399999999999998 0.7488581524376353
0.98 0.0248 3.127365690019998
0.98 0.025200000000000004 11.355655123576328
0.98 0.025600000000000005 34.26363758596351
0.98 0.026000000000000002 87.11977807808157
0.98 0.0264 190.42710043683022
0.98 0.0268 361.2001026106495
0.98 0.027200000000000002 600.9865777897276
0.98 0.027600000000000003 888.5258764838748
0.98 0.028000000000000004 1179.5538436146066
0.98 0.0284 1415.1804306603033
0.98 0.0288 1545.5019202065307
0.98 0.0292 1544.7686628348943
0.98 0.0296 1421.3038242936043
0.98 0.030000000000000002 1209.3009904592234
0.98 0.030400000000000003 957.6329652961482
0.98 0.0308 707.705983120326
0.98 0.031200000000000002 490.0256018161379
0.98 0.0316 319.05799809600666
0.98 0.032 196.0830922495704
0.98 0.032400000000000005 114.30437362390974
0.98 0.032799999999999996 63.4418274782575
0.98 0.0332 33.53932154996025
0.98 0.0336 16.80707165512064
0.98 0.034 7.9553765543698995
0.98 0.0344 3.5762519653433253
0.98 0.0348 1.5557607282970634
0.98 0.0352 0.6854467640851309
0.99 0.021599999999999998 0.0009120870674671724
0.99 0.022 0.00309406774387363
0.99 0.0224 0.004902565629586847
0.99 0.0228 5.3748002154729785e-5
0.99 0.0232 -0.008392384804932037
0.99 0.0236 0.006477365373255296
0.99 0.024 0.06708066799731235
0.99 0.024399999999999998 0.274716873554903
0.99 0.0248 1.2867649418773017
0.99 0.025200000000000004 5.225297781931407
0.99 0.025600000000000005 17.377918130772724
0.99 0.026000000000000002 48.03862176285185
0.99 0.0264 114.01314058761821
0.99 0.0268 233.39591770693926
0.99 0.027200000000000002 417.7819207628741
0.99 0.027600000000000003 663.6143818839067
0.99 0.028000000000000004 943.7543534648714
0.99 0.0284 1209.4516402325955
0.99 0.0288 1405.1362808181652
0.99 0.0292 1489.5853221195296
0.99 0.0296 1449.1022680809617
0.99 0.030000000000000002 1301.0436385569346
0.99 0.030400000000000003 1085.582746962345
0.99 0.0308 844.0310247455124
0.99 0.031200000000000002 614.067034977183
0.99 0.0316 419.3328344530709
0.99 0.032 269.44900446521683
0.99 0.032400000000000005 163.648980113669
0.99 0.032799999999999996 94.35315194237579
0.99 0.0332 51.77568371930472
0.99 0.0336 27.036711013131615
0.99 0.034 13.441324410127148
0.99 0.0344 6.371150727639791
0.99 0.0348 2.8902104758457936
0.99 0.0352 1.2618793001061772
1.0 0.021599999999999998 0.0010433570159551998
1.0 0.022 0.0035417247307393002
1.0 0.0224 0.005616200986308935
1.0 0.0228 1.1489831331167229e-5
1.0 0.0232 -0.010300652410234309
1.0 0.0236 0.0017706620609033625
1.0 0.024 0.0379099058486782
1.0 0.024399999999999998 0.09405676797982582
1.0 0.0248 0.4686865470456217
1.0 0.025200000000000004 2.2429466410305543
1.0 0.025600000000000005 8.333145331310218
1.0 0.026000000000000002 24.85139850201159
1.0 0.0264 63.9371590267402
1.0 0.0268 141.29915177681937
1.0 0.027200000000000002 272.4073172151188
1.0 0.027600000000000003 465.8955797346309
1.0 0.028000000000000004 711.4188796659547
1.0 0.0284 974.3582380850324
1.0 0.0288 1205.6751555805502
1.0 0.0292 1357.0138915794075
1.0 0.0296 1397.7051348621337
1.0 0.030000000000000002 1325.6758938673001
1.0 0.030400000000000003 1166.224585732952
1.0 0.0308 954.1012722546491
1.0 0.031200000000000002 729.377692233519
1.0 0.0316 522.4792334754455
1.0 0.032 351.2982617851584
1.0 0.032400000000000005 222.65272394891207
1.0 0.032799999999999996 133.5970164923109
1.0 0.0332 76.13910341558845
1.0 0.0336 41.300108203960185
1.0 0.034 21.374507671902105
1.0 0.0344 10.557400768955013
1.0 0.0348 4.976637337136651
1.0 0.0352 2.2262428308613034
1.01 0.021599999999999998 0.0009419896544813892
1.01 0.022 0.0031995975324153507
1.01 0.0224 0.005078898011683205
1.01 0.0228 2.228115335751141e-6
1.01 0.0232 -0.009476463683512614
1.01 0.0236 0.0004450042258762965
1.01 0.024 0.025961036123977894
1.01 0.024399999999999998 0.031238338900939532
1.01 0.0248 0.14961292874034185
1.01 0.025200000000000004 0.9024966254335802
1.01 0.025600000000000005 3.7199059632819242
1.01 0.026000000000000002 11.838479187695492
1.01 0.0264 33.20397763511545
1.01 0.0268 79.87361885653813
1.01 0.027200000000000002 166.74871696232776
1.01 0.027600000000000003 307.93348917122995
1.01 0.028000000000000004 505.70187865523087
1.01 0.0284 740.5149230656226
1.01 0.0288 975.797293695809
1.01 0.0292 1167.883131652993
1.01 0.0296 1275.914197289474
1.01 0.030000000000000002 1280.1503872222504
1.01 0.030400000000000003 1187.9206920881827
1.01 0.0308 1022.46300380714
1.01 0.031200000000000002 821.0435302999615
1.01 0.0316 616.9570631071042
1.01 0.032 434.4439903262609
1.01 0.032400000000000005 287.91574557318773
1.01 0.032799999999999996 180.27577799010626
1.01 0.0332 106.97661185695654
1.01 0.0336 60.31894556770512
1.01 0.034 32.412750180962895
1.01 0.0344 16.593710547173373
1.01 0.0348 8.089271877231546
1.01 0.0352 3.727637259217668
1.02 0.021599999999999998 0.0015043349430905047
1.02 0.022 0.005107844267408153
1.02 0.0224 0.008102830560738893
1.02 0.0228 3.909107291858734e-7
1.02 0.0232 -0.015136183714054808
1.02 0.0236 0.00010219324577807381
1.02 0.024 0.03556883083595229
1.02 0.024399999999999998 0.009809276010862063
1.02 0.0248 0.007003388634035795
1.02 0.025200000000000004 0.34182456382880205
1.02 0.025600000000000005 1.7228417070114301
1.02 0.026000000000000002 5.26604169515209
1.02 0.0264 15.999245249000237
1.02 0.0268 41.981083173254376
1.02 0.027200000000000002 96.02751864420487
1.02 0.027600000000000003 191.6606166070545
1.02 0.028000000000000004 339.22696832533114
1.02 0.0284 531.1122512769808
1.02 0.0288 746.2302944580133
1.02 0.0292 949.9234324993029
1.02 0.0296 1100.8433359156681
1.02 0.030000000000000002 1169.5873983485305
1.02 0.030400000000000003 1146.2986187001889
1.02 0.0308 1039.135799602111
1.02 0.031200000000000002 877.0698915069315
1.02 0.0316 691.5619185658786
1.02 0.032 510.2168350088825
1.02 0.032400000000000005 353.84759918766844
1.02 0.032799999999999996 231.52156356495
1.02 0.0332 143.32549149500107
1.02 0.0336 84.17205290701403
1.02 0.034 47.02486057842056
1.02 0.0344 24.96773679563524
1.02 0.0348 12.592587268876544
1.02 0.0352 5.993294825733923
1.0299999999999998 0.021599999999999998 0.0013090729198772107
1.0299999999999998 0.022 0.004443609427534393
1.0299999999999998 0.0224 0.007045614332124113
1.0299999999999998 0.0228 6.202337988146415e-8
1.0299999999999998 0.0232 -0.013137721603722114
1.0299999999999998 0.0236 2.236080601060308e-5
1.0299999999999998 0.024 0.02991010437605509
1.0299999999999998 0.024399999999999998 0.0028173715841917396
1.0299999999999998 0.0248 -0.027802689729129783
1.0299999999999998 0.025200000000000004 0.11804699771792664
1.0299999999999998 0.025600000000000005 0.7731995725867347
1.0299999999999998 0.026000000000000002 2.1753220255429504
1.0299999999999998 0.0264 7.2631600687149325
1.0299999999999998 0.0268 20.83766088633162
1.0299999999999998 0.027200000000000002 52.00195637967859
1.0299999999999998 0.027600000000000003 112.63488765706416
1.0299999999999998 0.028000000000000004 214.69540442508747
1.0299999999999998 0.0284 359.5818471855861
1.0299999999999998 0.0288 539.0603241764519
1.0299999999999998 0.0292 730.2276649246063
1.0299999999999998 0.0296 898.1238892366407
1.0299999999999998 0.030000000000000002 1010.8162274904222
1.0299999999999998 0.030400000000000003 1046.7882446959864
1.0299999999999998 0.0308 1000.367178965515
1.0299999999999998 0.031200000000000002 888.8390193368076
1.0299999999999998 0.0316 736.6350787632455
1.0299999999999998 0.032 570.1981373216951
1.0299999999999998 0.032400000000000005 414.16224166577825
1.0299999999999998 0.032799999999999996 283.22425596180886
1.0299999999999998 0.0332 182.87720321808683
1.0299999999999998 0.0336 111.83294129004811
1.0299999999999998 0.034 64.94846751355462
1.0299999999999998 0.0344 35.76899983204137
1.0299999999999998 0.0348 18.67546385776534
1.0299999999999998 0.0352 9.18966043324488
1.0399999999999998 0.021599999999999998 0.0010491865062628397
1.0399999999999998 0.022 0.0035616361643496966
1.0399999999999998 0.0224 0.005647752616143972
1.0399999999999998 0.0228 8.976308708669832e-9
1.0399999999999998 0.0232 -0.010536047181789682
1.0399999999999998 0.0236 4.614771192550369e-6
1.0399999999999998 0.024 0.02384564256709356
1.0399999999999998 0.024399999999999998 0.0007159177275315975
1.0399999999999998 0.0248 -0.03299791528941385
1.0399999999999998 0.025200000000000004 0.03753081523339688
1.0399999999999998 0.025600000000000005 0.3657569354251835
1.0399999999999998 0.026000000000000002 0.824634842033354
1.0399999999999998 0.0264 3.0597122299276083
1.0399999999999998 0.0268 9.720412778683873
1.0399999999999998 0.027200000000000002 26.62193014359972
1.0399999999999998 0.027600000000000003 62.50935383922018
1.0399999999999998 0.028000000000000004 128.19206652341177
1.0399999999999998 0.0284 229.55671191168753
1.0399999999999998 0.0288 367.20719523528476
1.0399999999999998 0.0292 530.5787930481498
1.0399999999999998 0.0296 693.4779780806823
1.0399999999999998 0.030000000000000002 827.4867723626475
1.0399999999999998 0.030400000000000003 906.0118135401816
1.0399999999999998 0.0308 913.5471688046736
1.0399999999999998 0.031200000000000002 855.3594138918327
1.0399999999999998 0.0316 745.7869103719362
1.0399999999999998 0.032 606.0746639007176
1.0399999999999998 0.032400000000000005 461.1664586370433
1.0399999999999998 0.032799999999999996 329.55744704323087
1.0399999999999998 0.0332 221.86285879298524
1.0399999999999998 0.0336 141.2046441484055
1.0399999999999998 0.034 85.21710961434118
1.0399999999999998 0.0344 48.691418425079036
1.0399999999999998 0.0348 26.35597917611224
1.0399999999999998 0.0352 13.454117153812286
1.0499999999999998 0.021599999999999998 0.000581069504164399
1.0499999999999998 0.022 0.0019708341764258603
1.0499999999999998 0.0224 0.003120403872680978
1.0499999999999998 0.0228 1.22499179326211e-9
1.0499999999999998 0.0232 -0.005783157011172154
1.0499999999999998 0.0236 8.943999794624965e-7
1.0499999999999998 0.024 0.012742550135141513
1.0499999999999998 0.024399999999999998 0.00017505422349306876
1.0499999999999998 0.0248 -0.017435724407087565
1.0499999999999998 0.025200000000000004 0.010403581753362978
1.0499999999999998 0.025600000000000005 0.15617754390944258
1.0499999999999998 0.026000000000000002 0.2945244532267475
1.0499999999999998 0.0264 1.247583098908737
1.0499999999999998 0.0268 4.280032736126646
1.0499999999999998 0.027200000000000002 12.789794437021575
1.0499999999999998 0.027600000000000003 32.58868640383685
1.0499999999999998 0.028000000000000004 71.9633702827168
1.0499999999999998 0.0284 137.98288635452136
1.0499999999999998 0.0288 236.1652134117163
1.0499999999999998 0.0292 363.98803824074395
1.0499999999999998 0.0296 506.6501832019123
1.0499999999999998 0.030000000000000002 641.8472985945322
1.0499999999999998 0.030400000000000003 743.8085949369176
1.0499999999999998 0.0308 792.1166639381561
1.0499999999999998 0.031200000000000002 782.1534237083893
1.0499999999999998 0.0316 717.7353547783667
1.0499999999999998 0.032 612.4792860903215
1.0499999999999998 0.032400000000000005 488.30747808835486
1.0499999999999998 0.032799999999999996 364.8700707909594
1.0499999999999998 0.0332 256.42590991714246
1.0499999999999998 0.0336 170.17434621627504
1.0499999999999998 0.034 106.94460605645038
1.0499999999999998 0.0344 63.5083798499418
1.0499999999999998 0.0348 35.67043603990347
1.0499999999999998 0.0352 18.876654864951302
1.0599999999999998 0.021599999999999998 0.00025313845011439647
1.0599999999999998 0.022 0.0008563868620772274
1.0599999999999998 0.0224 0.0013497438987649542
1.0599999999999998 0.0228 1.547827124008728e-10
1.0599999999999998 0.0232 -0.002452363209001355
1.0599999999999998 0.0236 1.6175688868335225e-7
1.0599999999999998 0.024 0.0049781491598386044
1.0599999999999998 0.024399999999999998 3.812924761339695e-5
1.0599999999999998 0.0248 -0.004521869889807631
1.0599999999999998 0.025200000000000004 0.00275677679404867
1.0599999999999998 0.025600000000000005 0.058981510814981215
1.0599999999999998 0.026000000000000002 0.09644984310190223
1.0599999999999998 0.0264 0.493633189470888
1.0599999999999998 0.0268 1.7578720158543744
1.0599999999999998 0.027200000000000002 5.7638615347276945
1.0599999999999998 0.027600000000000003 15.944118662906147
1.0599999999999998 0.028000000000000004 37.84978477630614
1.0599999999999998 0.0284 78.07041613890281
1.0599999999999998 0.0288 143.32365441950896
1.0599999999999998 0.0292 236.01961670915728
1.0599999999999998 0.0296 350.3259092869828
1.0599999999999998 0.030000000000000002 471.5516378518843
1.0599999999999998 0.030400000000000003 578.8728466682854
1.0599999999999998 0.0308 651.7517090811077
1.0599999999999998 0.031200000000000002 679.233075461474
1.0599999999999998 0.0316 656.2739131611095
1.0599999999999998 0.032 588.201225781438
1.0599999999999998 0.032400000000000005 491.4253500507922
1.0599999999999998 0.032799999999999996 384.0615392697037
1.0599999999999998 0.0332 281.93070489925094
1.0599999999999998 0.0336 195.2595484695133
1.0599999999999998 0.034 127.92547350669817
1.0599999999999998 0.0344 79.0823145423685
1.0599999999999998 0.0348 46.19815505827489
1.0599999999999998 0.0352 25.423941531682924
1.0699999999999998 0.021599999999999998 6.928300048992245e-5
1.0699999999999998 0.022 0.00023168091309070637
1.0699999999999998 0.0224 0.0003575103074486372
1.0699999999999998 0.0228 1.9110409106450383e-11
1.0699999999999998 0.0232 -0.0005883261605708846
1.0699999999999998 0.0236 2.6830138005330994e-8
1.0699999999999998 0.024 0.0006578562788535912
1.0699999999999998 0.024399999999999998 7.5194253755423e-6
1.0699999999999998 0.0248 0.002913941805256761
1.0699999999999998 0.025200000000000004 0.0006889093439238973
1.0699999999999998 0.025600000000000005 0.015500769065516368
1.0699999999999998 0.026000000000000002 0.030088921682900376
1.0699999999999998 0.0264 0.21103917652644597
1.0699999999999998 0.0268 0.6894093236593523
1.0699999999999998 0.027200000000000002 2.453570672622055
1.0699999999999998 0.027600000000000003 7.327969272769002
1.0699999999999998 0.028000000000000004 18.70503687143924
1.0699999999999998 0.0284 41.603982016198394
1.0699999999999998 0.0288 82.03600748503622
1.0699999999999998 0.0292 144.6679960910636
1.0699999999999998 0.0296 229.15304985927224
1.0699999999999998 0.030000000000000002 328.0649335710099
1.0699999999999998 0.030400000000000003 426.9486107672103
1.0699999999999998 0.0308 508.4503485344552
1.0699999999999998 0.031200000000000002 559.3558601506326
1.0699999999999998 0.0316 569.1763894369496
1.0699999999999998 0.032 536.1567316658486
1.0699999999999998 0.032400000000000005 469.91926881817824
1.0699999999999998 0.032799999999999996 384.68075436916223
1.0699999999999998 0.0332 295.4234881257056
1.0699999999999998 0.0336 213.81062913981745
1.0699999999999998 0.034 146.14604879905562
1.0699999999999998 0.0344 94.06189756668788
1.0699999999999998 0.0348 57.11900283303118
1.0699999999999998 0.0352 32.6413134753455
1.0799999999999998 0.021599999999999998 -0.00010089753451970681
1.0799999999999998 0.022 -0.0003454514250101692
1.0799999999999998 0.0224 -0.0005560471042070422
1.0799999999999998 0.0228 2.1749296747524574e-12
1.0799999999999998 0.0232 0.0011031348459999836
1.0799999999999998 0.0236 3.878536067987102e-9
1.0799999999999998 0.024 -0.003050630928721174
1.0799999999999998 0.024399999999999998 1.3325679168172892e-6
1.0799999999999998 0.0248 0.008277592289445105
1.0799999999999998 0.025200000000000004 0.000149807267038343
1.0799999999999998 0.025600000000000005 -0.01618751923127468
1.0799999999999998 0.026000000000000002 0.008985342210138882
1.0799999999999998 0.0264 0.095277795061534
1.0799999999999998 0.0268 0.2515169078894159
1.0799999999999998 0.027200000000000002 0.9725063136682561
1.0799999999999998 0.027600000000000003 3.137716719099572
1.0799999999999998 0.028000000000000004 8.651926022266666
1.0799999999999998 0.0284 20.811504235232732
1.0799999999999998 0.0288 44.217360321661815
1.0799999999999998 0.0292 83.55787318223851
1.0799999999999998 0.0296 141.79267224184596
1.0799999999999998 0.030000000000000002 216.08146886599326
1.0799999999999998 0.030400000000000003 298.19356765261045
1.0799999999999998 0.0308 375.77990139934013
1.0799999999999998 0.031200000000000002 436.64975493044255
1.0799999999999998 0.0316 468.2922798897844
1.0799999999999998 0.032 464.1038285800286
1.0799999999999998 0.032400000000000005 427.2727116003263
1.0799999999999998 0.032799999999999996 366.9514882406702
1.0799999999999998 0.0332 295.31164918287885
1.0799999999999998 0.0336 223.6715432283172
1.0799999999999998 0.034 159.66033805373377
1.0799999999999998 0.0344 107.02203239560336
1.0799999999999998 0.0348 67.52890065200111
1.0799999999999998 0.0352 40.01650505095557
1.0899999999999999 0.021599999999999998 -8.616270334475054e-5
1.0899999999999999 0.022 -0.00029663961240075995
1.0899999999999999 0.0224 -0.0004820399090024033
1.0899999999999999 0.0228 1.8265750115082903e-13
1.0899999999999999 0.0232 0.000992079857989026
1.0899999999999999 0.0236 5.518634669683635e-10
1.0899999999999999 0.024 -0.0030300164010550698
1.0899999999999999 0.024399999999999998 2.1081424528005568e-7
1.0899999999999999 0.0248 0.009566508922248907
1.0899999999999999 0.025200000000000004 3.057644825931474e-5
1.0899999999999999 0.025600000000000005 -0.014840470924705423
1.0899999999999999 0.026000000000000002 0.002536644915999269
1.0899999999999999 0.0264 0.07644099297813725
1.0899999999999999 0.0268 0.08563276276765526
1.0899999999999999 0.027200000000000002 0.3589657790151858
1.0899999999999999 0.027600000000000003 1.25321812003343
1.0899999999999999 0.028000000000000004 3.7537542484322315
1.0899999999999999 0.0284 9.81404090879528
1.0899999999999999 0.0288 22.471608843959373
1.0899999999999999 0.0292 45.62319993302301
1.0899999999999999 0.0296 82.81381400296519
1.0899999999999999 0.030000000000000002 134.76512201177508
1.0899999999999999 0.030400000000000003 197.38554346225132
1.0899999999999999 0.0308 262.98844727960557
1.0899999999999999 0.031200000000000002 322.5310751888149
1.0899999999999999 0.0316 364.844258522811
1.0899999999999999 0.032 381.26255203044286
1.0899999999999999 0.032400000000000005 369.68855972511756
1.0899999999999999 0.032799999999999996 333.87918065550133
1.0899999999999999 0.0332 281.98077120354316
1.0899999999999999 0.0336 223.59758410818122
1.0899999999999999 0.034 166.61518809764573
1.0899999999999999 0.0344 116.24552608044007
1.0899999999999999 0.0348 76.16990373877317
1.0899999999999999 0.0352 46.78067069487927
1.0999999999999999 0.021599999999999998 -5.683443587388048e-5
1.0999999999999999 0.022 -0.00019556428365092137
1.0999999999999999 0.0224 -0.0003175031283761662
1.0999999999999999 0.0228 -3.757609241296022e-14
1.0999999999999999 0.0232 0.0006512098569253959
1.0999999999999999 0.0236 6.503535871316653e-11
1.0999999999999999 0.024 -0.0019717150766550453
1.0999999999999999 0.024399999999999998 2.853597749445347e-8
1.0999999999999999 0.0248 0.006150572185074094
1.0999999999999999 0.025200000000000004 6.0680908303052295e-6
1.0999999999999999 0.025600000000000005 -0.009932926962599124
1.0999999999999999 0.026000000000000002 0.0006427243928520181
1.0999999999999999 0.0264 0.04275122460195771
1.0999999999999999 0.0268 0.027042773694271393
1.0999999999999999 0.027200000000000002 0.12272900512389372
1.0999999999999999 0.027600000000000003 0.4682793587027677
1.0999999999999999 0.028000000000000004 1.5342143451246808
1.0999999999999999 0.0284 4.340277088718808
1.0999999999999999 0.0288 10.760512643076826
1.0999999999999999 0.0292 23.47975793985351
1.0999999999999999 0.0296 45.55350289028063
1.0999999999999999 0.030000000000000002 78.96113303268255
1.0999999999999999 0.030400000000000003 122.85811334000354
1.0999999999999999 0.0308 173.6915338207668
1.0999999999999999 0.031200000000000002 225.71315121156255
1.0999999999999999 0.0316 270.07045785450765
1.0999999999999999 0.032 298.0583383468155
1.0999999999999999 0.032400000000000005 304.6587517263241
1.0999999999999999 0.032799999999999996 289.548695057503
1.0999999999999999 0.0332 256.78189372623746
1.0999999999999999 0.0336 213.27145889762102
1.0999999999999999 0.034 165.9342909035085
1.0999999999999999 0.0344 120.47738909664473
1.0999999999999999 0.0348 81.91084323926918
1.0999999999999999 0.0352 52.04496593960731
1.1099999999999999 0.021599999999999998 -2.8391733206365606e-5
1.1099999999999999 0.022 -9.806530810560143e-5
1.1099999999999999 0.0224 -0.00016023949026459374
1.1099999999999999 0.0228 -5.485078542143433e-14
1.1099999999999999 0.0232 0.0003366500169159278
1.1099999999999999 0.0236 6.8861968569365525e-12
1.1099999999999999 0.024 -0.0010812119160633752
1.1099999999999999 0.024399999999999998 3.6212051737282428e-9
1.1099999999999999 0.0248 0.003640391238816909
1.1099999999999999 0.025200000000000004 1.1095267121701277e-6
1.1099999999999999 0.025600000000000005 -0.005034934894863325
1.1099999999999999 0.026000000000000002 0.00016125563902725154
1.1099999999999999 0.0264 0.025578879031665072
1.1099999999999999 0.0268 0.007835032215518928
1.1099999999999999 0.027200000000000002 0.039299434745587024
1.1099999999999999 0.027600000000000003 0.16436503539282946
1.1099999999999999 0.028000000000000004 0.5870552847754719
1.1099999999999999 0.0284 1.8103558108479711
1.1099999999999999 0.0288 4.85602015776661
1.1099999999999999 0.0292 11.391632365637978
1.1099999999999999 0.0296 23.591183736594445
1.1099999999999999 0.030000000000000002 43.60567334201293
1.1099999999999999 0.030400000000000003 72.20745874749429
1.1099999999999999 0.0308 108.57274301510104
1.1099999999999999 0.031200000000000002 149.85457492800685
1.1099999999999999 0.0316 190.05743635411915
1.1099999999999999 0.032 221.83937730458757
1.1099999999999999 0.032400000000000005 239.1428709089154
1.1099999999999999 0.032799999999999996 239.08154235661544
1.1099999999999999 0.0332 222.41852662574374
1.1099999999999999 0.0336 193.28327574289594
1.1099999999999999 0.034 156.9196108060252
1.1099999999999999 0.0344 118.58164759258575
1.1099999999999999 0.0348 83.70762474643773
1.1099999999999999 0.0352 55.07225472839852
1.12 0.021599999999999998 -1.4094069423880304e-5
1.12 0.022 -4.886953580994369e-5
1.12 0.0224 -8.037385409214096e-5
1.12 0.0228 -4.906684532705166e-14
1.12 0.0232 0.00017288187014259603
1.12 0.0236 6.323234396082204e-13
1.12 0.024 -0.0005856780404780367
1.12 0.024399999999999998 4.284502864758227e-10
1.12 0.0248 0.002096306911804614
1.12 0.025200000000000004 2.1362678268990666e-7
1.12 0.025600000000000005 -0.0025384801552349634
1.12 0.026000000000000002 3.8443487292546955e-5
1.12 0.0264 0.015123145682815926
1.12 0.0268 0.002125542164387025
1.12 0.027200000000000002 0.011691246489304755
1.12 0.027600000000000003 0.05408023515717374
1.12 0.028000000000000004 0.21183393199082837
1.12 0.0284 0.7108507642303651
1.12 0.0288 2.0605474797674153
1.12 0.0292 5.193388916459446
1.12 0.0296 11.493586079752626
1.12 0.030000000000000002 22.709512657268327
1.12 0.030400000000000003 40.14552922485414
1.12 0.0308 64.41188242284514
1.12 0.031200000000000002 94.67009314372301
1.12 0.0316 127.46704171077846
1.12 0.032 157.42833412487067
1.12 0.032400000000000005 178.91162551214666
1.12 0.032799999999999996 187.9992613641866
1.12 0.0332 183.32020167210612
1.12 0.0336 166.60276589134466
1.12 0.034 141.13458835806793
1.12 0.0344 111.03904876948984
1.12 0.0348 81.3903228132271
1.12 0.0352 55.4219321541508
1.1300000000000001 0.021599999999999998 -8.607818016556253e-6
1.1300000000000001 0.022 -3.0337215891668134e-5
1.1300000000000001 0.0224 -5.124437400440412e-5
1.1300000000000001 0.0228 -4.031605768127308e-14
1.1300000000000001 0.0232 0.00012058732533336165
1.1300000000000001 0.0236 4.406904162739677e-14
1.1300000000000001 0.024 -0.00048508277903543795
1.1300000000000001 0.024399999999999998 4.5813228019283173e-11
1.1300000000000001 0.0248 0.0020328346156713462
1.1300000000000001 0.025200000000000004 3.383264926054635e-8
1.1300000000000001 0.025600000000000005 -0.001639859918610663
1.1300000000000001 0.026000000000000002 8.517317913697808e-6
1.1300000000000001 0.0264 0.0162508648956286
1.1300000000000001 0.0268 0.00055502239752537
1.1300000000000001 0.027200000000000002 0.0032734820850771787
1.1300000000000001 0.027600000000000003 0.016595608483299298
1.1300000000000001 0.028000000000000004 0.07171554055490643
1.1300000000000001 0.0284 0.26208383959613435
1.1300000000000001 0.0288 0.8206601774725593
1.1300000000000001 0.0292 2.222407222499532
1.1300000000000001 0.0296 5.268975692270218
1.1300000000000001 0.030000000000000002 11.210065455582201
1.1300000000000001 0.030400000000000003 21.147575592045413
1.1300000000000001 0.0308 36.225382494794985
1.1300000000000001 0.031200000000000002 56.885290563495225
1.1300000000000001 0.0316 81.61833904388276
1.1300000000000001 0.032 106.8319881180741
1.1300000000000001 0.032400000000000005 127.84275802498354
1.1300000000000001 0.032799999999999996 140.79939706493874
1.1300000000000001 0.0332 143.51691993391285
1.1300000000000001 0.0336 136.18590077779126
1.1300000000000001 0.034 120.35932852440841
1.1300000000000001 0.0344 98.6798222955988
1.1300000000000001 0.0348 75.18539204447333
1.1300000000000001 0.0352 53.02590852703293
1.1400000000000001 0.021599999999999998 -6.145853608549197e-6
1.1400000000000001 0.022 -2.1948286155212045e-5
1.1400000000000001 0.0224 -3.785365232480154e-5
1.1400000000000001 0.0228 -3.156003026335169e-14
1.1400000000000001 0.0232 9.490217904327782e-5
1.1400000000000001 0.0236 -2.1563370181446074e-15
1.1400000000000001 0.024 -0.00042110246452661305
1.1400000000000001 0.024399999999999998 5.2713041226814894e-12
1.1400000000000001 0.0248 0.001893012002824652
1.1400000000000001 0.025200000000000004 5.827841963078696e-9
1.1400000000000001 0.025600000000000005 -0.0012213173649914936
1.1400000000000001 0.026000000000000002 1.7577447487144003e-6
1.1400000000000001 0.0264 0.015746565389834894
1.1400000000000001 0.0268 0.0001365169971946004
1.1400000000000001 0.027200000000000002 0.0008787339840091508
1.1400000000000001 0.027600000000000003 0.004805665523426617
1.1400000000000001 0.028000000000000004 0.0225180079769412
1.1400000000000001 0.0284 0.09028290429214432
1.1400000000000001 0.0288 0.3059269178977563
1.1400000000000001 0.0292 0.8919888642715078
1.1400000000000001 0.0296 2.2763624405074547
1.1400000000000001 0.030000000000000002 5.257233058285263
1.1400000000000001 0.030400000000000003 10.56539553119664
1.1400000000000001 0.0308 19.31254854234333
1.1400000000000001 0.031200000000000002 32.43909331026017
1.1400000000000001 0.0316 49.62528047707382
1.1400000000000001 0.032 68.79447804840281
1.1400000000000001 0.032400000000000005 86.61043504003598
1.1400000000000001 0.032799999999999996 99.98257238049214
1.1400000000000001 0.0332 106.67285574815007
1.1400000000000001 0.0336 105.91029516422327
1.1400000000000001 0.034 97.82977314075265
1.1400000000000001 0.0344 83.64262098661301
1.1400000000000001 0.0348 66.17989027688098
1.1400000000000001 0.0352 48.225264352637915
1.15 0.021599999999999998 -5.342899004125651e-6
1.15 0.022 -1.921638747356788e-5
1.15 0.0224 -3.350437851093439e-5
1.15 0.0228 -2.3332175069594792e-14
1.15 0.0232 8.665080784384018e-5
1.15 0.0236 -4.000781796838949e-15
1.15 0.024 -0.0004013063990240571
1.15 0.024399999999999998 5.528859493891494e-13
1.15 0.0248 0.0018537746945640637
1.15 0.025200000000000004 7.815733537338264e-10
1.15 0.025600000000000005 -0.0010866075540520725
1.15 0.026000000000000002 3.1931501939802344e-7
1.15 0.0264 0.01564987004365181
1.15 0.0268 3.131663142193624e-5
1.15 0.027200000000000002 0.00022112822679404534
1.15 0.027600000000000003 0.0013166109776330032
1.15 0.028000000000000004 0.006736746776776422
1.15 0.0284 0.02895010632504274
1.15 0.0288 0.1065667049188932
1.15 0.0292 0.3364947196931242
1.15 0.0296 0.9286192899352435
1.15 0.030000000000000002 2.361681778202209
1.15 0.030400000000000003 5.0051919232881685
1.15 0.0308 9.732299086648698
1.15 0.031200000000000002 17.55299881722565
1.15 0.0316 28.71660841640078
1.15 0.032 42.134884504806735
1.15 0.032400000000000005 55.65985415663113
1.15 0.032799999999999996 67.19657106845011
1.15 0.0332 75.00709999120758
1.15 0.0336 77.98758992326134
1.15 0.034 75.37440152840928
1.15 0.0344 67.22759770709834
1.15 0.0348 55.187976403881684
1.15 0.0352 41.47229209389502
1.16 0.021599999999999998 -5.2519147858731675e-6
1.16 0.022 -1.8891004774439317e-5
1.16 0.0224 -3.294197720482642e-5
1.16 0.0228 -1.6361576922345283e-14
1.16 0.0232 8.523180166453567e-5
1.16 0.0236 -2.9301916942807905e-15
1.16 0.024 -0.00039495222809442064
1.16 0.024399999999999998 5.554655681886784e-14
1.16 0.0248 0.0018250380245817782
1.16 0.025200000000000004 1.2810482869064432e-10
1.16 0.025600000000000005 -0.0010682788336180695
1.16 0.026000000000000002 5.011123672563131e-8
1.16 0.0264 0.015408427621730699
1.16 0.0268 6.712738894717401e-6
1.16 0.027200000000000002 5.31304973966609e-5
1.16 0.027600000000000003 0.00034030130398498426
1.16 0.028000000000000004 0.0018667189870749407
1.16 0.0284 0.008850588976677412
1.16 0.0288 0.034986621520419335
1.16 0.0292 0.11959990708178726
1.16 0.0296 0.3585083242198351
1.16 0.030000000000000002 1.0321519009980793
1.16 0.030400000000000003 2.2467676236949012
1.16 0.0308 4.613285408680341
1.16 0.031200000000000002 9.00712110571118
1.16 0.0316 15.841828509816759
1.16 0.032 24.562551801380078
1.16 0.032400000000000005 33.889161587767795
1.16 0.032799999999999996 42.642199013485595
1.16 0.0332 49.7811503928032
1.16 0.0336 54.286559360454376
1.16 0.034 54.985290491156256
1.16 0.0344 51.18520996785322
1.16 0.0348 43.553067792653565
1.16 0.0352 33.687788651256874
