0.5 0.5 0.0
0.5 0.56 0.0
0.5 0.62 0.0
0.5 0.6799999999999999 0.0
0.5 0.74 0.0
0.5 0.8 0.0
0.5 0.86 0.0
0.5 0.92 0.0
0.5 0.98 0.0
0.5 1.04 0.0
0.5 1.1 0.0
0.5 1.1600000000000001 0.0
0.5 1.22 0.0
0.5 1.28 0.0
0.5 1.34 0.0
0.5 1.4 0.0
0.5 1.46 0.0
0.5 1.52 0.0
0.5 1.58 0.0
0.5 1.6400000000000001 0.0
0.5 1.7000000000000002 0.0
0.5 1.76 0.0
0.5 1.82 0.0
0.5 1.8800000000000001 0.0
0.5 1.94 0.0
0.5 2.0 0.0
0.5 2.06 0.0
0.5 2.12 0.0
0.5 2.18 0.0
0.5 2.2399999999999998 0.0
0.5 2.3000000000000003 0.0
0.5 2.36 0.0
0.5 2.4200000000000004 0.0
0.5 2.48 0.0
0.5 2.5400000000000005 0.0
0.5 2.5999999999999996 0.0
0.5 2.66 0.0
0.5 2.7199999999999998 0.0
0.5 2.7800000000000002 0.0
0.5 2.84 0.0
0.5 2.9000000000000004 0.0
0.5 2.9599999999999995 0.0
0.5 3.02 0.0
0.5 3.0799999999999996 0.0
0.5 3.14 0.0
0.5 3.1999999999999997 0.0
0.5 3.2600000000000002 0.0
0.5 3.3200000000000003 0.0
0.5 3.38 0.0
0.5 3.4399999999999995 0.0
0.5 3.5 0.0
0.56 0.5 0.0
0.56 0.56 0.0
0.56 0.62 0.0
0.56 0.6799999999999999 0.0
0.56 0.74 0.0
0.56 0.8 0.0
0.56 0.86 0.0
0.56 0.92 0.0
0.56 0.98 0.0
0.56 1.04 0.0
0.56 1.1 0.0
0.56 1.1600000000000001 0.0
0.56 1.22 0.0
0.56 1.28 0.0
0.56 1.34 0.0
0.56 1.4 0.0
0.56 1.46 0.0
0.56 1.52 0.0
0.56 1.58 0.0
0.56 1.6400000000000001 0.0
0.56 1.7000000000000002 0.0
0.56 1.76 0.0
0.56 1.82 0.0
0.56 1.8800000000000001 0.0
0.56 1.94 0.0
0.56 2.0 0.0
0.56 2.06 0.0
0.56 2.12 0.0
0.56 2.18 0.0
0.56 2.2399999999999998 0.0
0.56 2.3000000000000003 0.0
0.56 2.36 0.0
0.56 2.4200000000000004 0.0
0.56 2.48 0.0
0.56 2.5400000000000005 0.0
0.56 2.5999999999999996 0.0
0.56 2.66 0.0
0.56 2.7199999999999998 0.0
0.56 2.7800000000000002 0.0
0.56 2.84 0.0
0.56 2.9000000000000004 0.0
0.56 2.9599999999999995 0.0
0.56 3.02 0.0
0.56 3.0799999999999996 0.0
0.56 3.14 0.0
0.56 3.1999999999999997 0.0
0.56 3.2600000000000002 0.0
0.56 3.3200000000000003 0.0
0.56 3.38 0.0
0.56 3.4399999999999995 0.0
0.56 3.5 0.0
0.62 0.5 0.0
0.62 0.56 0.0
0.62 0.62 0.0
0.62 0.6799999999999999 0.0
0.62 0.74 0.0
0.62 0.8 0.0
0.62 0.86 0.0
0.62 0.92 0.0
0.62 0.98 0.0
0.62 1.04 0.0
0.62 1.1 0.0
0.62 1.1600000000000001 0.0
0.62 1.22 0.0
0.62 1.28 0.0
0.62 1.34 0.0
0.62 1.4 0.0
0.62 1.46 0.0
0.62 1.52 0.0
0.62 1.58 0.0
0.62 1.6400000000000001 0.0
0.62 1.7000000000000002 0.0
0.62 1.76 0.0
0.62 1.82 0.0
0.62 1.8800000000000001 0.0
0.62 1.94 0.0
0.62 2.0 0.0
0.62 2.06 0.0
0.62 2.12 0.0
0.62 2.18 0.0
0.62 2.2399999999999998 0.0
0.62 2.3000000000000003 0.0
0.62 2.36 0.0
0.62 2.4200000000000004 0.0
0.62 2.48 0.0
0.62 2.5400000000000005 0.0
0.62 2.5999999999999996 0.0
0.62 2.66 0.0
0.62 2.7199999999999998 0.0
0.62 2.7800000000000002 0.0
0.62 2.84 0.0
0.62 2.9000000000000004 0.0
0.62 2.9599999999999995 0.0
0.62 3.02 0.0
0.62 3.0799999999999996 0.0
0.62 3.14 0.0
0.62 3.1999999999999997 0.0
0.62 3.2600000000000002 0.0
0.62 3.3200000000000003 0.0
0.62 3.38 0.0
0.62 3.4399999999999995 0.0
0.62 3.5 0.0
0.6799999999999999 0.5 0.0
0.6799999999999999 0.56 0.0
0.6799999999999999 0.62 0.0
0.6799999999999999 0.6799999999999999 0.0
0.6799999999999999 0.74 0.0
0.6799999999999999 0.8 0.0
0.6799999999999999 0.86 0.0
0.6799999999999999 0.92 0.0
0.6799999999999999 0.98 0.0
0.6799999999999999 1.04 0.0
0.6799999999999999 1.1 0.0
0.6799999999999999 1.1600000000000001 0.0
0.6799999999999999 1.22 0.0
0.6799999999999999 1.28 0.0
0.6799999999999999 1.34 0.0
0.6799999999999999 1.4 0.0
0.6799999999999999 1.46 0.0
0.6799999999999999 1.52 0.0
0.6799999999999999 1.58 0.0
0.6799999999999999 1.6400000000000001 0.0
0.6799999999999999 1.7000000000000002 0.0
0.6799999999999999 1.76 0.0
0.6799999999999999 1.82 0.0
0.6799999999999999 1.8800000000000001 0.0
0.6799999999999999 1.94 0.0
0.6799999999999999 2.0 0.0
0.6799999999999999 2.06 0.0
0.6799999999999999 2.12 0.0
0.6799999999999999 2.18 0.0
0.6799999999999999 2.2399999999999998 0.0
0.6799999999999999 2.3000000000000003 0.0
0.6799999999999999 2.36 0.0
0.6799999999999999 2.4200000000000004 0.0
0.6799999999999999 2.48 0.0
0.6799999999999999 2.5400000000000005 0.0
0.6799999999999999 2.5999999999999996 0.0
0.6799999999999999 2.66 0.0
0.6799999999999999 2.7199999999999998 0.0
0.6799999999999999 2.7800000000000002 0.0
0.6799999999999999 2.84 0.0
0.6799999999999999 2.9000000000000004 0.0
0.6799999999999999 2.9599999999999995 0.0
0.6799999999999999 3.02 0.0
0.6799999999999999 3.0799999999999996 0.0
0.6799999999999999 3.14 0.0
0.6799999999999999 3.1999999999999997 0.0
0.6799999999999999 3.2600000000000002 0.0
0.6799999999999999 3.3200000000000003 0.0
0.6799999999999999 3.38 0.0
0.6799999999999999 3.4399999999999995 0.0
0.6799999999999999 3.5 0.0
0.74 0.5 0.0
0.74 0.56 0.0
0.74 0.62 0.0
0.74 0.6799999999999999 0.0
0.74 0.74 0.0
0.74 0.8 0.0
0.74 0.86 0.0
0.74 0.92 0.0
0.74 0.98 0.0
0.74 1.04 0.0
0.74 1.1 0.0
0.74 1.1600000000000001 0.0
0.74 1.22 0.0
0.74 1.28 0.0
0.74 1.34 0.0
0.74 1.4 0.0
0.74 1.46 0.0
0.74 1.52 0.0
0.74 1.58 0.0
0.74 1.6400000000000001 0.0
0.74 1.7000000000000002 0.0
0.74 1.76 0.0
0.74 1.82 0.0
0.74 1.8800000000000001 0.0
0.74 1.94 0.0
0.74 2.0 0.0
0.74 2.06 0.0
0.74 2.12 0.0
0.74 2.18 0.0
0.74 2.2399999999999998 0.0
0.74 2.3000000000000003 0.0
0.74 2.36 0.0
0.74 2.4200000000000004 0.0
0.74 2.48 0.0
0.74 2.5400000000000005 0.0
0.74 2.5999999999999996 0.0
0.74 2.66 0.0
0.74 2.7199999999999998 0.0
0.74 2.7800000000000002 0.0
0.74 2.84 0.0
0.74 2.9000000000000004 0.0
0.74 2.9599999999999995 0.0
0.74 3.02 0.0
0.74 3.0799999999999996 0.0
0.74 3.14 0.0
0.74 3.1999999999999997 0.0
0.74 3.2600000000000002 0.0
0.74 3.3200000000000003 0.0
0.74 3.38 0.0
0.74 3.4399999999999995 0.0
0.74 3.5 0.0
0.8 0.5 0.0
0.8 0.56 0.0
0.8 0.62 0.0
0.8 0.6799999999999999 0.0
0.8 0.74 0.0
0.8 0.8 0.0
0.8 0.86 0.0
0.8 0.92 0.0
0.8 0.98 0.0
0.8 1.04 0.0
0.8 1.1 0.0
0.8 1.1600000000000001 0.0
0.8 1.22 0.0
0.8 1.28 0.0
0.8 1.34 0.0
0.8 1.4 0.0
0.8 1.46 0.0
0.8 1.52 0.0
0.8 1.58 0.0
0.8 1.6400000000000001 0.0
0.8 1.7000000000000002 0.0
0.8 1.76 0.0
0.8 1.82 0.0
0.8 1.8800000000000001 0.0
0.8 1.94 0.0
0.8 2.0 0.0
0.8 2.06 0.0
0.8 2.12 0.0
0.8 2.18 0.0
0.8 2.2399999999999998 0.0
0.8 2.3000000000000003 0.0
0.8 2.36 0.0
0.8 2.4200000000000004 0.0
0.8 2.48 0.0
0.8 2.5400000000000005 0.0
0.8 2.5999999999999996 0.0
0.8 2.66 0.0
0.8 2.7199999999999998 0.0
0.8 2.7800000000000002 0.0
0.8 2.84 0.0
0.8 2.9000000000000004 0.0
0.8 2.9599999999999995 0.0
0.8 3.02 0.0
0.8 3.0799999999999996 0.0
0.8 3.14 0.0
0.8 3.1999999999999997 0.0
0.8 3.2600000000000002 0.0
0.8 3.3200000000000003 0.0
0.8 3.38 0.0
0.8 3.4399999999999995 0.0
0.8 3.5 0.0
0.86 0.5 0.0
0.86 0.56 0.0
0.86 0.62 0.0
0.86 0.6799999999999999 0.0
0.86 0.74 0.0
0.86 0.8 0.0
0.86 0.86 0.0
0.86 0.92 0.0
0.86 0.98 0.0
0.86 1.04 0.0
0.86 1.1 0.0
0.86 1.1600000000000001 0.0
0.86 1.22 0.0
0.86 1.28 0.0
0.86 1.34 0.0
0.86 1.4 0.0
0.86 1.46 0.0
0.86 1.52 0.0
0.86 1.58 0.0
0.86 1.6400000000000001 0.0
0.86 1.7000000000000002 0.0
0.86 1.76 0.0
0.86 1.82 0.0
0.86 1.8800000000000001 0.0
0.86 1.94 0.0
0.86 2.0 0.0
0.86 2.06 0.0
0.86 2.12 0.0
0.86 2.18 0.0
0.86 2.2399999999999998 0.0
0.86 2.3000000000000003 0.0
0.86 2.36 0.0
0.86 2.4200000000000004 0.0
0.86 2.48 0.0
0.86 2.5400000000000005 0.0
0.86 2.5999999999999996 0.0
0.86 2.66 0.0
0.86 2.7199999999999998 0.0
0.86 2.7800000000000002 0.0
0.86 2.84 0.0
0.86 2.9000000000000004 0.0
0.86 2.9599999999999995 0.0
0.86 3.02 0.0
0.86 3.0799999999999996 0.0
0.86 3.14 0.0
0.86 3.1999999999999997 0.0
0.86 3.2600000000000002 0.0
0.86 3.3200000000000003 0.0
0.86 3.38 0.0
0.86 3.4399999999999995 0.0
0.86 3.5 0.0
0.92 0.5 0.0
0.92 0.56 0.0
0.92 0.62 0.0
0.92 0.6799999999999999 0.0
0.92 0.74 0.0
0.92 0.8 0.0
0.92 0.86 0.0
0.92 0.92 0.0
0.92 0.98 0.0
0.92 1.04 0.0
0.92 1.1 0.0
0.92 1.1600000000000001 0.0
0.92 1.22 0.0
0.92 1.28 0.0
0.92 1.34 0.0
0.92 1.4 0.0
0.92 1.46 0.0
0.92 1.52 0.0
0.92 1.58 0.0
0.92 1.6400000000000001 0.0
0.92 1.7000000000000002 0.0
0.92 1.76 0.0
0.92 1.82 0.0
0.92 1.8800000000000001 0.0
0.92 1.94 0.0
0.92 2.0 0.0
0.92 2.06 0.0
0.92 2.12 0.0
0.92 2.18 0.0
0.92 2.2399999999999998 0.0
0.92 2.3000000000000003 0.0
0.92 2.36 0.0
0.92 2.4200000000000004 0.0
0.92 2.48 0.0
0.92 2.5400000000000005 0.0
0.92 2.5999999999999996 0.0
0.92 2.66 0.0
0.92 2.7199999999999998 0.0
0.92 2.7800000000000002 0.0
0.92 2.84 0.0
0.92 2.9000000000000004 0.0
0.92 2.9599999999999995 0.0
0.92 3.02 0.0
0.92 3.0799999999999996 0.0
0.92 3.14 0.0
0.92 3.1999999999999997 0.0
0.92 3.2600000000000002 0.0
0.92 3.3200000000000003 0.0
0.92 3.38 0.0
0.92 3.4399999999999995 0.0
0.92 3.5 0.0
0.98 0.5 0.0
0.98 0.56 0.0
0.98 0.62 0.0
0.98 0.6799999999999999 0.0
0.98 0.74 0.0
0.98 0.8 0.0
0.98 0.86 0.0
0.98 0.92 0.0
0.98 0.98 0.0
0.98 1.04 0.0
0.98 1.1 0.0
0.98 1.1600000000000001 0.0
0.98 1.22 0.0
0.98 1.28 0.0
0.98 1.34 0.0
0.98 1.4 0.0
0.98 1.46 0.0
0.98 1.52 0.0
0.98 1.58 0.0
0.98 1.6400000000000001 0.0
0.98 1.7000000000000002 0.0
0.98 1.76 0.0
0.98 1.82 0.0
0.98 1.8800000000000001 0.0
0.98 1.94 0.0
0.98 2.0 0.0
0.98 2.06 0.0
0.98 2.12 0.0
0.98 2.18 0.0
0.98 2.2399999999999998 0.0
0.98 2.3000000000000003 0.0
0.98 2.36 0.0
0.98 2.4200000000000004 0.0
0.98 2.48 0.0
0.98 2.5400000000000005 0.0
0.98 2.5999999999999996 0.0
0.98 2.66 0.0
0.98 2.7199999999999998 0.0
0.98 2.7800000000000002 0.0
0.98 2.84 0.0
0.98 2.9000000000000004 0.0
0.98 2.9599999999999995 0.0
0.98 3.02 0.0
0.98 3.0799999999999996 0.0
0.98 3.14 0.0
0.98 3.1999999999999997 0.0
0.98 3.2600000000000002 0.0
0.98 3.3200000000000003 0.0
0.98 3.38 0.0
0.98 3.4399999999999995 0.0
0.98 3.5 0.0
1.04 0.5 0.0
1.04 0.56 0.0
1.04 0.62 0.0
1.04 0.6799999999999999 0.0
1.04 0.74 0.0
1.04 0.8 0.0
1.04 0.86 0.0
1.04 0.92 0.0
1.04 0.98 0.0
1.04 1.04 0.0
1.04 1.1 0.0
1.04 1.1600000000000001 0.0
1.04 1.22 0.0
1.04 1.28 0.0
1.04 1.34 0.0
1.04 1.4 0.0
1.04 1.46 0.0
1.04 1.52 0.0
1.04 1.58 0.0
1.04 1.6400000000000001 0.0
1.04 1.7000000000000002 0.0
1.04 1.76 0.0
1.04 1.82 0.0
1.04 1.8800000000000001 0.0
1.04 1.94 0.0
1.04 2.0 0.0
1.04 2.06 0.0
1.04 2.12 0.0
1.04 2.18 0.0
1.04 2.2399999999999998 0.0
1.04 2.3000000000000003 0.0
1.04 2.36 0.0
1.04 2.4200000000000004 0.0
1.04 2.48 0.0
1.04 2.5400000000000005 0.0
1.04 2.5999999999999996 0.0
1.04 2.66 0.0
1.04 2.7199999999999998 0.0
1.04 2.7800000000000002 0.0
1.04 2.84 0.0
1.04 2.9000000000000004 0.0
1.04 2.9599999999999995 0.0
1.04 3.02 0.0
1.04 3.0799999999999996 0.0
1.04 3.14 0.0
1.04 3.1999999999999997 0.0
1.04 3.2600000000000002 0.0
1.04 3.3200000000000003 0.0
1.04 3.38 0.0
1.04 3.4399999999999995 0.0
1.04 3.5 0.0
1.1 0.5 0.0
1.1 0.56 0.0
1.1 0.62 0.0
1.1 0.6799999999999999 0.0
1.1 0.74 0.0
1.1 0.8 0.0
1.1 0.86 0.0
1.1 0.92 0.0
1.1 0.98 0.0
1.1 1.04 0.0
1.1 1.1 0.0
1.1 1.1600000000000001 0.0
1.1 1.22 0.0
1.1 1.28 0.0
1.1 1.34 0.0
1.1 1.4 0.0
1.1 1.46 0.0
1.1 1.52 0.0
1.1 1.58 0.0
1.1 1.6400000000000001 0.0
1.1 1.7000000000000002 0.0
1.1 1.76 0.0
1.1 1.82 0.0
1.1 1.8800000000000001 0.0
1.1 1.94 0.0
1.1 2.0 0.0
1.1 2.06 0.0
1.1 2.12 0.0
1.1 2.18 0.0
1.1 2.2399999999999998 0.0
1.1 2.3000000000000003 0.0
1.1 2.36 0.0
1.1 2.4200000000000004 0.0
1.1 2.48 0.0
1.1 2.5400000000000005 0.0
1.1 2.5999999999999996 0.0
1.1 2.66 0.0
1.1 2.7199999999999998 0.0
1.1 2.7800000000000002 0.0
1.1 2.84 0.0
1.1 2.9000000000000004 0.0
1.1 2.9599999999999995 0.0
1.1 3.02 0.0
1.1 3.0799999999999996 0.0
1.1 3.14 0.0
1.1 3.1999999999999997 0.0
1.1 3.2600000000000002 0.0
1.1 3.3200000000000003 0.0
1.1 3.38 0.0
1.1 3.4399999999999995 0.0
1.1 3.5 0.0
1.1600000000000001 0.5 0.0
1.1600000000000001 0.56 0.0
1.1600000000000001 0.62 0.0
1.1600000000000001 0.6799999999999999 0.0
1.1600000000000001 0.74 0.0
1.1600000000000001 0.8 0.0
1.1600000000000001 0.86 0.0
1.1600000000000001 0.92 0.0
1.1600000000000001 0.98 0.0
1.1600000000000001 1.04 0.0
1.1600000000000001 1.1 0.0
1.1600000000000001 1.1600000000000001 7.154509694605392e-24
1.1600000000000001 1.22 0.011308529349047577
1.1600000000000001 1.28 9.461598752988912e-9
1.1600000000000001 1.34 0.002094469848773167
1.1600000000000001 1.4 0.000826800063747561
1.1600000000000001 1.46 3.889261661862595e-10
1.1600000000000001 1.52 0.000475399848434361
1.1600000000000001 1.58 -2.1962961037331134e-20
1.1600000000000001 1.6400000000000001 -2.9585932368565687e-16
1.1600000000000001 1.7000000000000002 -2.138348788554746e-21
1.1600000000000001 1.76 -1.8231395497557075e-23
1.1600000000000001 1.82 -8.646142089534562e-20
1.1600000000000001 1.8800000000000001 -3.8878677640407574e-23
1.1600000000000001 1.94 4.451458184479794e-23
1.1600000000000001 2.0 -6.027949067380479e-25
1.1600000000000001 2.06 -2.078496494770618e-26
1.1600000000000001 2.12 1.6905095523533902e-24
1.1600000000000001 2.18 -1.4534659289756448e-29
1.1600000000000001 2.2399999999999998 -1.1488098165391914e-24
1.1600000000000001 2.3000000000000003 -1.2026560897681677e-28
1.1600000000000001 2.36 0.0
1.1600000000000001 2.4200000000000004 0.0
1.1600000000000001 2.48 0.0
1.1600000000000001 2.5400000000000005 0.0
1.1600000000000001 2.5999999999999996 0.0
1.1600000000000001 2.66 0.0
1.1600000000000001 2.7199999999999998 0.0
1.1600000000000001 2.7800000000000002 0.0
1.1600000000000001 2.84 0.0
1.1600000000000001 2.9000000000000004 0.0
1.1600000000000001 2.9599999999999995 0.0
1.1600000000000001 3.02 0.0
1.1600000000000001 3.0799999999999996 0.0
1.1600000000000001 3.14 0.0
1.1600000000000001 3.1999999999999997 0.0
1.1600000000000001 3.2600000000000002 0.0
1.1600000000000001 3.3200000000000003 0.0
1.1600000000000001 3.38 0.0
1.1600000000000001 3.4399999999999995 0.0
1.1600000000000001 3.5 0.0
1.22 0.5 0.0
1.22 0.56 0.0
1.22 0.62 0.0
1.22 0.6799999999999999 0.0
1.22 0.74 0.0
1.22 0.8 0.0
1.22 0.86 0.0
1.22 0.92 0.0
1.22 0.98 0.0
1.22 1.04 0.0
1.22 1.1 0.0
1.22 1.1600000000000001 9.338686614635024e-26
1.22 1.22 0.00014894187429662737
1.22 1.28 2.974395558255104e-7
1.22 1.34 -0.0005364928177078498
1.22 1.4 0.0006241952690847887
1.22 1.46 -4.391979281983897e-8
1.22 1.52 4.2582854474288273e-13
1.22 1.58 1.0274671730610971e-20
1.22 1.6400000000000001 1.5599060280332412e-15
1.22 1.7000000000000002 7.9513684949197295e-25
1.22 1.76 4.355194500619868e-22
1.22 1.82 2.145797764179312e-18
1.22 1.8800000000000001 2.0876576911898553e-23
1.22 1.94 6.324369340642703e-23
1.22 2.0 4.518043221405923e-24
1.22 2.06 7.688736118432854e-25
1.22 2.12 1.5262389043041794e-25
1.22 2.18 9.654933631588897e-28
1.22 2.2399999999999998 5.809477752313567e-25
1.22 2.3000000000000003 9.408470182204249e-29
1.22 2.36 3.3035635976428334e-41
1.22 2.4200000000000004 -1.032889230535248e-24
1.22 2.48 -6.259673427290617e-26
1.22 2.5400000000000005 -2.430289936056001e-29
1.22 2.5999999999999996 -1.0568773515561947e-28
1.22 2.66 1.494979626668788e-25
1.22 2.7199999999999998 0.0
1.22 2.7800000000000002 0.0
1.22 2.84 0.0
1.22 2.9000000000000004 0.0
1.22 2.9599999999999995 0.0
1.22 3.02 0.0
1.22 3.0799999999999996 0.0
1.22 3.14 0.0
1.22 3.1999999999999997 0.0
1.22 3.2600000000000002 0.0
1.22 3.3200000000000003 0.0
1.22 3.38 0.0
1.22 3.4399999999999995 0.0
1.22 3.5 0.0
1.28 0.5 0.0
1.28 0.56 0.0
1.28 0.62 0.0
1.28 0.6799999999999999 0.0
1.28 0.74 0.0
1.28 0.8 0.0
1.28 0.86 0.0
1.28 0.92 0.0
1.28 0.98 0.0
1.28 1.04 0.0
1.28 1.1 0.0
1.28 1.1600000000000001 4.4268551892687836e-26
1.28 1.22 4.661712350879991e-9
1.28 1.28 0.0007635655400522851
1.28 1.34 0.029618954347532082
1.28 1.4 0.0008860351061800828
1.28 1.46 3.0951557217331217e-8
1.28 1.52 1.4253968197849262e-9
1.28 1.58 1.079221373094663e-10
1.28 1.6400000000000001 4.219901424138633e-13
1.28 1.7000000000000002 8.747257410244161e-20
1.28 1.76 2.0914483292676825e-20
1.28 1.82 4.4791970515865235e-17
1.28 1.8800000000000001 2.466036936083502e-21
1.28 1.94 -8.765190170383537e-17
1.28 2.0 1.0589782618319075e-22
1.28 2.06 3.226879753370606e-24
1.28 2.12 1.6572450746728116e-24
1.28 2.18 8.272252987668859e-26
1.28 2.2399999999999998 -3.120835519931114e-23
1.28 2.3000000000000003 2.9162951150539496e-26
1.28 2.36 1.6354057745038274e-49
1.28 2.4200000000000004 -3.8298419684930434e-34
1.28 2.48 -2.3210195220438982e-35
1.28 2.5400000000000005 -9.008386629074874e-39
1.28 2.5999999999999996 -3.972472841105876e-38
1.28 2.66 5.295165190318323e-35
1.28 2.7199999999999998 0.0
1.28 2.7800000000000002 0.0
1.28 2.84 0.0
1.28 2.9000000000000004 0.0
1.28 2.9599999999999995 0.0
1.28 3.02 0.0
1.28 3.0799999999999996 0.0
1.28 3.14 0.0
1.28 3.1999999999999997 0.0
1.28 3.2600000000000002 0.0
1.28 3.3200000000000003 0.0
1.28 3.38 0.0
1.28 3.4399999999999995 0.0
1.28 3.5 0.0
1.34 0.5 0.0
1.34 0.56 0.0
1.34 0.62 0.0
1.34 0.6799999999999999 0.0
1.34 0.74 0.0
1.34 0.8 0.0
1.34 0.86 0.0
1.34 0.92 0.0
1.34 0.98 0.0
1.34 1.04 0.0
1.34 1.1 0.0
1.34 1.1600000000000001 1.939320510526013e-26
1.34 1.22 3.4637646749913147e-15
1.34 1.28 0.00011094415335235604
1.34 1.34 0.022795265701193657
1.34 1.4 0.013939483077749967
1.34 1.46 5.539541728392042e-5
1.34 1.52 0.00024424809324102853
1.34 1.58 1.6034197143234436e-8
1.34 1.6400000000000001 1.2755302204942979e-9
1.34 1.7000000000000002 1.135086559238825e-9
1.34 1.76 6.8256866174986296e-18
1.34 1.82 1.8112067122171496e-14
1.34 1.8800000000000001 3.8430342652320475e-16
1.34 1.94 -8.121607494334786e-17
1.34 2.0 1.5665304345946176e-18
1.34 2.06 1.5755357828146193e-18
1.34 2.12 6.6358825935909e-20
1.34 2.18 3.1564697069830367e-23
1.34 2.2399999999999998 -1.3346267618836563e-23
1.34 2.3000000000000003 -3.8782570472870225e-24
1.34 2.36 -1.158280166189798e-49
1.34 2.4200000000000004 2.86809309731754e-34
1.34 2.48 1.7381657294451436e-35
1.34 2.5400000000000005 6.746328926548492e-39
1.34 2.5999999999999996 2.9725488254496636e-38
1.34 2.66 -3.976338778886005e-35
1.34 2.7199999999999998 0.0
1.34 2.7800000000000002 0.0
1.34 2.84 0.0
1.34 2.9000000000000004 0.0
1.34 2.9599999999999995 0.0
1.34 3.02 0.0
1.34 3.0799999999999996 0.0
1.34 3.14 0.0
1.34 3.1999999999999997 0.0
1.34 3.2600000000000002 0.0
1.34 3.3200000000000003 0.0
1.34 3.38 0.0
1.34 3.4399999999999995 0.0
1.34 3.5 0.0
1.4 0.5 0.0
1.4 0.56 0.0
1.4 0.62 0.0
1.4 0.6799999999999999 0.0
1.4 0.74 0.0
1.4 0.8 0.0
1.4 0.86 0.0
1.4 0.92 0.0
1.4 0.98 2.1924005587135317e-33
1.4 1.04 2.173992228595022e-6
1.4 1.1 -2.2833707556910404e-13
1.4 1.1600000000000001 3.728399740997712e-5
1.4 1.22 2.3427937650828107e-5
1.4 1.28 1.4219502998847362e-6
1.4 1.34 0.0011270119958290577
1.4 1.4 0.15676613222203548
1.4 1.46 6.756554449225462e-5
1.4 1.52 0.04977323748587658
1.4 1.58 0.0002057471468936707
1.4 1.6400000000000001 3.7212031503672653e-6
1.4 1.7000000000000002 6.119839619940377e-7
1.4 1.76 1.30950116301701e-10
1.4 1.82 -2.2641576932849068e-12
1.4 1.8800000000000001 7.037080737416748e-15
1.4 1.94 2.2632257615821263e-14
1.4 2.0 -2.1840001375325016e-16
1.4 2.06 1.502021773216461e-16
1.4 2.12 -2.6565757928689008e-17
1.4 2.18 1.613120650975066e-16
1.4 2.2399999999999998 -6.2308587362036744e-21
1.4 2.3000000000000003 5.674728074320977e-18
1.4 2.36 1.0697013808061203e-19
1.4 2.4200000000000004 8.030459963038403e-29
1.4 2.48 1.0893275489599013e-32
1.4 2.5400000000000005 -2.2717910928910534e-30
1.4 2.5999999999999996 -1.9230317390750577e-33
1.4 2.66 3.054263053955041e-23
1.4 2.7199999999999998 0.0
1.4 2.7800000000000002 0.0
1.4 2.84 0.0
1.4 2.9000000000000004 0.0
1.4 2.9599999999999995 0.0
1.4 3.02 0.0
1.4 3.0799999999999996 0.0
1.4 3.14 0.0
1.4 3.1999999999999997 0.0
1.4 3.2600000000000002 0.0
1.4 3.3200000000000003 0.0
1.4 3.38 0.0
1.4 3.4399999999999995 0.0
1.4 3.5 0.0
1.46 0.5 0.0
1.46 0.56 0.0
1.46 0.62 0.0
1.46 0.6799999999999999 0.0
1.46 0.74 0.0
1.46 0.8 0.0
1.46 0.86 0.0
1.46 0.92 0.0
1.46 0.98 5.201316778686278e-28
1.46 1.04 1.7424690559701633e-13
1.46 1.1 0.0011851197004421011
1.46 1.1600000000000001 -2.744504787559229e-9
1.46 1.22 0.0004943219618654104
1.46 1.28 0.0007193107719775083
1.46 1.34 9.883731531106367e-5
1.46 1.4 0.007677286423030408
1.46 1.46 0.23187597443713054
1.46 1.52 0.004407782700917801
1.46 1.58 0.7576636354984913
1.46 1.6400000000000001 0.09918530676606335
1.46 1.7000000000000002 5.225365851591103e-7
1.46 1.76 2.347178045662712e-6
1.46 1.82 2.3610921696201572e-8
1.46 1.8800000000000001 2.0894391123826066e-13
1.46 1.94 -9.170269017320817e-13
1.46 2.0 3.0331848348365346e-15
1.46 2.06 -4.196513270627801e-12
1.46 2.12 -1.9810501466839705e-11
1.46 2.18 -2.1887640807736084e-12
1.46 2.2399999999999998 3.724191933430149e-14
1.46 2.3000000000000003 -8.549576971692073e-14
1.46 2.36 -1.821531728026479e-15
1.46 2.4200000000000004 -1.344266755172179e-24
1.46 2.48 1.3122512990889764e-26
1.46 2.5400000000000005 -5.8299441956573305e-27
1.46 2.5999999999999996 -4.511585254734754e-27
1.46 2.66 6.444393648781498e-22
1.46 2.7199999999999998 0.0
1.46 2.7800000000000002 0.0
1.46 2.84 0.0
1.46 2.9000000000000004 0.0
1.46 2.9599999999999995 0.0
1.46 3.02 0.0
1.46 3.0799999999999996 0.0
1.46 3.14 0.0
1.46 3.1999999999999997 0.0
1.46 3.2600000000000002 0.0
1.46 3.3200000000000003 0.0
1.46 3.38 0.0
1.46 3.4399999999999995 0.0
1.46 3.5 0.0
1.52 0.5 0.0
1.52 0.56 0.0
1.52 0.62 0.0
1.52 0.6799999999999999 0.0
1.52 0.74 0.0
1.52 0.8 0.0
1.52 0.86 0.0
1.52 0.92 0.0
1.52 0.98 1.9828614250365587e-29
1.52 1.04 -7.7018763694665e-24
1.52 1.1 0.0003028826245976106
1.52 1.1600000000000001 1.9019285686373175e-7
1.52 1.22 6.258269216467933e-9
1.52 1.28 0.002532888648480182
1.52 1.34 0.010357853373937197
1.52 1.4 0.0020384819822740576
1.52 1.46 0.11268231552443347
1.52 1.52 1.7768177304060644e-5
1.52 1.58 0.48979742964792305
1.52 1.6400000000000001 0.15258651040220952
1.52 1.7000000000000002 -0.05084433124882459
1.52 1.76 8.047932380696329e-7
1.52 1.82 1.5714194793577638e-6
1.52 1.8800000000000001 3.7163325470410885e-11
1.52 1.94 -2.4664768676856842e-11
1.52 2.0 3.996898408529978e-12
1.52 2.06 2.3753970164434284e-11
1.52 2.12 -8.115982045779296e-14
1.52 2.18 2.5845271483980698e-11
1.52 2.2399999999999998 5.026909171187162e-15
1.52 2.3000000000000003 8.864537555419742e-13
1.52 2.36 1.775108031592712e-14
1.52 2.4200000000000004 2.1877345793957495e-23
1.52 2.48 5.888342098295021e-24
1.52 2.5400000000000005 2.818383887624174e-25
1.52 2.5999999999999996 9.23870735898789e-31
1.52 2.66 -1.0723589911119066e-28
1.52 2.7199999999999998 0.0
1.52 2.7800000000000002 0.0
1.52 2.84 0.0
1.52 2.9000000000000004 0.0
1.52 2.9599999999999995 0.0
1.52 3.02 0.0
1.52 3.0799999999999996 0.0
1.52 3.14 0.0
1.52 3.1999999999999997 0.0
1.52 3.2600000000000002 0.0
1.52 3.3200000000000003 0.0
1.52 3.38 0.0
1.52 3.4399999999999995 0.0
1.52 3.5 0.0
1.58 0.5 0.0
1.58 0.56 0.0
1.58 0.62 0.0
1.58 0.6799999999999999 0.0
1.58 0.74 0.0
1.58 0.8 0.0
1.58 0.86 0.0
1.58 0.92 0.0
1.58 0.98 2.633732406819664e-25
1.58 1.04 -3.930317223186271e-22
1.58 1.1 0.00037886049592248023
1.58 1.1600000000000001 0.0007079727094156008
1.58 1.22 3.303834378644977e-7
1.58 1.28 4.1489612940295985e-16
1.58 1.34 0.014259491078254919
1.58 1.4 7.92130675349674e-6
1.58 1.46 0.25158529271318825
1.58 1.52 0.0009140861271277754
1.58 1.58 4.601244224076298
1.58 1.6400000000000001 2.813783359924224
1.58 1.7000000000000002 0.002502676303208603
1.58 1.76 0.0011793613369584656
1.58 1.82 1.1140369938092427e-9
1.58 1.8800000000000001 -2.103383590131176e-10
1.58 1.94 1.4738506822090064e-7
1.58 2.0 1.3134472499049023e-10
1.58 2.06 -9.573852533782988e-10
1.58 2.12 -1.0055294639736646e-8
1.58 2.18 1.6466069585815534e-10
1.58 2.2399999999999998 1.8438222269349644e-11
1.58 2.3000000000000003 8.124258356976312e-13
1.58 2.36 -5.3383406075982774e-14
1.58 2.4200000000000004 1.769671497093881e-23
1.58 2.48 1.4046888964628604e-23
1.58 2.5400000000000005 -1.952072627507808e-24
1.58 2.5999999999999996 1.98599301764238e-28
1.58 2.66 -1.2358414934675863e-26
1.58 2.7199999999999998 0.0
1.58 2.7800000000000002 0.0
1.58 2.84 0.0
1.58 2.9000000000000004 0.0
1.58 2.9599999999999995 0.0
1.58 3.02 0.0
1.58 3.0799999999999996 0.0
1.58 3.14 0.0
1.58 3.1999999999999997 0.0
1.58 3.2600000000000002 0.0
1.58 3.3200000000000003 0.0
1.58 3.38 0.0
1.58 3.4399999999999995 0.0
1.58 3.5 0.0
1.6400000000000001 0.5 0.0
1.6400000000000001 0.56 0.0
1.6400000000000001 0.62 0.0
1.6400000000000001 0.6799999999999999 0.0
1.6400000000000001 0.74 0.0
1.6400000000000001 0.8 0.0
1.6400000000000001 0.86 0.0
1.6400000000000001 0.92 0.0
1.6400000000000001 0.98 3.941292573952236e-24
1.6400000000000001 1.04 -2.32937168180458e-20
1.6400000000000001 1.1 -3.4283083631643986e-18
1.6400000000000001 1.1600000000000001 -1.9092850003411184e-19
1.6400000000000001 1.22 1.8950353648517324e-5
1.6400000000000001 1.28 0.1865393279501594
1.6400000000000001 1.34 0.06201663565458419
1.6400000000000001 1.4 7.864397055489332e-5
1.6400000000000001 1.46 0.39095994747547724
1.6400000000000001 1.52 0.05251537606716254
1.6400000000000001 1.58 0.3245279984389087
1.6400000000000001 1.6400000000000001 7.026818894085802
1.6400000000000001 1.7000000000000002 5.44114479686067
1.6400000000000001 1.76 0.0031007511650929173
1.6400000000000001 1.82 0.024230531690272384
1.6400000000000001 1.8800000000000001 5.251618392655634
1.6400000000000001 1.94 2.572004031585699e-7
1.6400000000000001 2.0 1.6891707972438889e-6
1.6400000000000001 2.06 -7.207375636623254e-9
1.6400000000000001 2.12 -1.5553191674883076e-7
1.6400000000000001 2.18 3.575464804722778e-9
1.6400000000000001 2.2399999999999998 2.838581141452648e-10
1.6400000000000001 2.3000000000000003 -1.5291991536452718e-11
1.6400000000000001 2.36 1.727290284882195e-14
1.6400000000000001 2.4200000000000004 2.6585936583204205e-22
1.6400000000000001 2.48 1.0021084933066392e-22
1.6400000000000001 2.5400000000000005 -3.5447968813662287e-23
1.6400000000000001 2.5999999999999996 3.7272142970530134e-27
1.6400000000000001 2.66 -3.9284808608537166e-25
1.6400000000000001 2.7199999999999998 0.0
1.6400000000000001 2.7800000000000002 0.0
1.6400000000000001 2.84 0.0
1.6400000000000001 2.9000000000000004 0.0
1.6400000000000001 2.9599999999999995 0.0
1.6400000000000001 3.02 0.0
1.6400000000000001 3.0799999999999996 0.0
1.6400000000000001 3.14 0.0
1.6400000000000001 3.1999999999999997 0.0
1.6400000000000001 3.2600000000000002 0.0
1.6400000000000001 3.3200000000000003 0.0
1.6400000000000001 3.38 0.0
1.6400000000000001 3.4399999999999995 0.0
1.6400000000000001 3.5 0.0
1.7000000000000002 0.5 0.0
1.7000000000000002 0.56 0.0
1.7000000000000002 0.62 0.0
1.7000000000000002 0.6799999999999999 0.0
1.7000000000000002 0.74 0.0
1.7000000000000002 0.8 0.0
1.7000000000000002 0.86 0.0
1.7000000000000002 0.92 0.0
1.7000000000000002 0.98 2.8405907159955216e-23
1.7000000000000002 1.04 2.70070801632069e-20
1.7000000000000002 1.1 -5.024778475209955e-20
1.7000000000000002 1.1600000000000001 -1.924339453994224e-20
1.7000000000000002 1.22 2.778316337838645e-7
1.7000000000000002 1.28 1.1850524075392356e-16
1.7000000000000002 1.34 0.07100172775943973
1.7000000000000002 1.4 0.6556185491090458
1.7000000000000002 1.46 0.19924409119965802
1.7000000000000002 1.52 0.00151754855737328
1.7000000000000002 1.58 1.3108780604347596e-6
1.7000000000000002 1.6400000000000001 0.6575944996407711
1.7000000000000002 1.7000000000000002 8.144148819098753
1.7000000000000002 1.76 3.4898220917770004
1.7000000000000002 1.82 0.004862528058897692
1.7000000000000002 1.8800000000000001 0.7149658880346554
1.7000000000000002 1.94 0.0004480244105633594
1.7000000000000002 2.0 -0.0001733520668260576
1.7000000000000002 2.06 1.1889720658898895e-5
1.7000000000000002 2.12 2.9446351965957604e-8
1.7000000000000002 2.18 -4.88775519637925e-8
1.7000000000000002 2.2399999999999998 4.405161354773731e-10
1.7000000000000002 2.3000000000000003 1.3244681398447234e-9
1.7000000000000002 2.36 3.904157254674691e-11
1.7000000000000002 2.4200000000000004 2.1151173276992778e-22
1.7000000000000002 2.48 -5.576264659411071e-23
1.7000000000000002 2.5400000000000005 1.2934372059502333e-19
1.7000000000000002 2.5999999999999996 6.476961920985843e-27
1.7000000000000002 2.66 8.474323392495008e-21
1.7000000000000002 2.7199999999999998 0.0
1.7000000000000002 2.7800000000000002 0.0
1.7000000000000002 2.84 0.0
1.7000000000000002 2.9000000000000004 0.0
1.7000000000000002 2.9599999999999995 0.0
1.7000000000000002 3.02 0.0
1.7000000000000002 3.0799999999999996 0.0
1.7000000000000002 3.14 0.0
1.7000000000000002 3.1999999999999997 0.0
1.7000000000000002 3.2600000000000002 0.0
1.7000000000000002 3.3200000000000003 0.0
1.7000000000000002 3.38 0.0
1.7000000000000002 3.4399999999999995 0.0
1.7000000000000002 3.5 0.0
1.76 0.5 0.0
1.76 0.56 0.0
1.76 0.62 0.0
1.76 0.6799999999999999 0.0
1.76 0.74 0.0
1.76 0.8 0.0
1.76 0.86 0.0
1.76 0.92 0.0
1.76 0.98 7.095698528204845e-21
1.76 1.04 2.4537864217569385e-20
1.76 1.1 6.991170880322092e-21
1.76 1.1600000000000001 -2.1227094555999393e-19
1.76 1.22 -1.4283616478852236e-19
1.76 1.28 -6.509765004468995e-17
1.76 1.34 2.394753341718974e-5
1.76 1.4 0.00022112730997843384
1.76 1.46 0.0074205855480676056
1.76 1.52 -0.00023048604415372233
1.76 1.58 8.952309955227587e-7
1.76 1.6400000000000001 0.043182208355358576
1.76 1.7000000000000002 1.1258134836636988
1.76 1.76 10.386624697957531
1.76 1.82 0.49760063804118393
1.76 1.8800000000000001 1.273790822540638
1.76 1.94 9.847140868455245
1.76 2.0 7.91359178572062
1.76 2.06 0.09279261138476544
1.76 2.12 3.9151593909611254e-5
1.76 2.18 -3.591769517417166e-5
1.76 2.2399999999999998 1.89219527013055e-6
1.76 2.3000000000000003 1.3092117804599227e-7
1.76 2.36 2.0803997520311427e-9
1.76 2.4200000000000004 1.6156359950250336e-19
1.76 2.48 -1.0741421415143686e-20
1.76 2.5400000000000005 -1.3015735676296459e-17
1.76 2.5999999999999996 2.84909655590627e-24
1.76 2.66 -2.1992636496240025e-18
1.76 2.7199999999999998 0.0
1.76 2.7800000000000002 0.0
1.76 2.84 0.0
1.76 2.9000000000000004 0.0
1.76 2.9599999999999995 0.0
1.76 3.02 0.0
1.76 3.0799999999999996 0.0
1.76 3.14 0.0
1.76 3.1999999999999997 0.0
1.76 3.2600000000000002 0.0
1.76 3.3200000000000003 0.0
1.76 3.38 0.0
1.76 3.4399999999999995 0.0
1.76 3.5 0.0
1.82 0.5 0.0
1.82 0.56 0.0
1.82 0.62 0.0
1.82 0.6799999999999999 0.0
1.82 0.74 0.0
1.82 0.8 0.0
1.82 0.86 0.0
1.82 0.92 0.0
1.82 0.98 -1.14933158988471e-19
1.82 1.04 -2.011733802530652e-18
1.82 1.1 -8.696864742283783e-21
1.82 1.1600000000000001 1.3531771931329816e-17
1.82 1.22 1.7191279065827888e-20
1.82 1.28 4.606391875971806e-16
1.82 1.34 4.292741118042011e-17
1.82 1.4 5.6805695767210695e-11
1.82 1.46 0.81884952206721
1.82 1.52 0.00614804314739152
1.82 1.58 4.787847282153698e-5
1.82 1.6400000000000001 4.740611250638994
1.82 1.7000000000000002 0.16195634728366876
1.82 1.76 2.2120377427926785
1.82 1.82 13.38275659207849
1.82 1.8800000000000001 0.7439465029205591
1.82 1.94 1.2173555821571367
1.82 2.0 9.324037148052145
1.82 2.06 6.0627482768922984
1.82 2.12 0.08740665759548495
1.82 2.18 -0.0006834846162461795
1.82 2.2399999999999998 0.0001287127725086783
1.82 2.3000000000000003 5.323595672314635e-6
1.82 2.36 8.720595602263983e-12
1.82 2.4200000000000004 -7.716819902051603e-18
1.82 2.48 -3.762474477734475e-18
1.82 2.5400000000000005 1.3179292194450622e-18
1.82 2.5999999999999996 5.718282770909502e-21
1.82 2.66 2.4083514758954402e-18
1.82 2.7199999999999998 0.0
1.82 2.7800000000000002 0.0
1.82 2.84 0.0
1.82 2.9000000000000004 0.0
1.82 2.9599999999999995 0.0
1.82 3.02 0.0
1.82 3.0799999999999996 0.0
1.82 3.14 0.0
1.82 3.1999999999999997 0.0
1.82 3.2600000000000002 0.0
1.82 3.3200000000000003 0.0
1.82 3.38 0.0
1.82 3.4399999999999995 0.0
1.82 3.5 0.0
1.8800000000000001 0.5 0.0
1.8800000000000001 0.56 0.0
1.8800000000000001 0.62 0.0
1.8800000000000001 0.6799999999999999 0.0
1.8800000000000001 0.74 0.0
1.8800000000000001 0.8 0.0
1.8800000000000001 0.86 0.0
1.8800000000000001 0.92 0.0
1.8800000000000001 0.98 1.4067884747431966e-19
1.8800000000000001 1.04 -9.055681821268082e-17
1.8800000000000001 1.1 -9.246030375176593e-20
1.8800000000000001 1.1600000000000001 9.383653023041005e-18
1.8800000000000001 1.22 1.3045930769866527e-19
1.8800000000000001 1.28 2.6552018171188356e-18
1.8800000000000001 1.34 1.6933899516381647e-17
1.8800000000000001 1.4 1.1114110204429165e-10
1.8800000000000001 1.46 0.24662312679090367
1.8800000000000001 1.52 0.2604880454274197
1.8800000000000001 1.58 3.063634133148495
1.8800000000000001 1.6400000000000001 1.4254337190153632
1.8800000000000001 1.7000000000000002 6.86816373063453
1.8800000000000001 1.76 1.23044094853692
1.8800000000000001 1.82 2.9278017562555507
1.8800000000000001 1.8800000000000001 12.555441029286039
1.8800000000000001 1.94 0.2603970571210792
1.8800000000000001 2.0 1.1306871643161396
1.8800000000000001 2.06 8.47707161107428
1.8800000000000001 2.12 0.1568771635182195
1.8800000000000001 2.18 0.004823346766452468
1.8800000000000001 2.2399999999999998 -2.1205674396132262e-6
1.8800000000000001 2.3000000000000003 0.0002273662320720168
1.8800000000000001 2.36 1.3452964290139262e-6
1.8800000000000001 2.4200000000000004 -3.95267153135292e-18
1.8800000000000001 2.48 -1.3169939748670276e-18
1.8800000000000001 2.5400000000000005 -5.280839727476077e-19
1.8800000000000001 2.5999999999999996 1.5186079179050506e-21
1.8800000000000001 2.66 3.0230802284261343e-17
1.8800000000000001 2.7199999999999998 0.0
1.8800000000000001 2.7800000000000002 0.0
1.8800000000000001 2.84 0.0
1.8800000000000001 2.9000000000000004 0.0
1.8800000000000001 2.9599999999999995 0.0
1.8800000000000001 3.02 0.0
1.8800000000000001 3.0799999999999996 0.0
1.8800000000000001 3.14 0.0
1.8800000000000001 3.1999999999999997 0.0
1.8800000000000001 3.2600000000000002 0.0
1.8800000000000001 3.3200000000000003 0.0
1.8800000000000001 3.38 0.0
1.8800000000000001 3.4399999999999995 0.0
1.8800000000000001 3.5 0.0
1.94 0.5 0.0
1.94 0.56 0.0
1.94 0.62 0.0
1.94 0.6799999999999999 0.0
1.94 0.74 0.0
1.94 0.8 0.0
1.94 0.86 0.0
1.94 0.92 0.0
1.94 0.98 -3.2945467384516375e-19
1.94 1.04 -4.5317511311775e-17
1.94 1.1 -1.8121194168542869e-19
1.94 1.1600000000000001 3.8750108970614936e-17
1.94 1.22 9.25582786138455e-19
1.94 1.28 7.24063964025839e-18
1.94 1.34 2.404216569591263e-17
1.94 1.4 4.178160468379958e-12
1.94 1.46 0.0017059811304201366
1.94 1.52 0.2141824744217584
1.94 1.58 0.019595161886810687
1.94 1.6400000000000001 5.214123006044847
1.94 1.7000000000000002 1.761138691663217
1.94 1.76 8.262773310862407
1.94 1.82 2.032464828619685
1.94 1.8800000000000001 2.61413338524571
1.94 1.94 12.58942151763663
1.94 2.0 1.8694336121824489
1.94 2.06 2.855513756803254
1.94 2.12 0.020600258464077113
1.94 2.18 0.03442820019408934
1.94 2.2399999999999998 0.00021661624864557582
1.94 2.3000000000000003 0.0012280825844242708
1.94 2.36 2.2533956908297435e-5
1.94 2.4200000000000004 -3.1017588426154257e-17
1.94 2.48 -8.933730076686991e-18
1.94 2.5400000000000005 1.4102321636142178e-18
1.94 2.5999999999999996 -1.1227473742514651e-22
1.94 2.66 7.234862544894609e-17
1.94 2.7199999999999998 0.0
1.94 2.7800000000000002 0.0
1.94 2.84 0.0
1.94 2.9000000000000004 0.0
1.94 2.9599999999999995 0.0
1.94 3.02 0.0
1.94 3.0799999999999996 0.0
1.94 3.14 0.0
1.94 3.1999999999999997 0.0
1.94 3.2600000000000002 0.0
1.94 3.3200000000000003 0.0
1.94 3.38 0.0
1.94 3.4399999999999995 0.0
1.94 3.5 0.0
2.0 0.5 0.0
2.0 0.56 0.0
2.0 0.62 0.0
2.0 0.6799999999999999 0.0
2.0 0.74 0.0
2.0 0.8 0.0
2.0 0.86 0.0
2.0 0.92 0.0
2.0 0.98 1.6795834336694172e-18
2.0 1.04 -7.846433122779904e-17
2.0 1.1 7.362060213757366e-20
2.0 1.1600000000000001 -1.4543785639289638e-16
2.0 1.22 -2.7765903867964506e-20
2.0 1.28 -2.491372483216489e-16
2.0 1.34 2.3649549117705647e-16
2.0 1.4 1.4531344573112685e-16
2.0 1.46 3.173377926660636e-7
2.0 1.52 -0.0016874804482293786
2.0 1.58 0.13414530058597823
2.0 1.6400000000000001 0.10054811304928585
2.0 1.7000000000000002 5.222247961351805
2.0 1.76 1.988770877277297
2.0 1.82 8.095259710450014
2.0 1.8800000000000001 2.5533298027152758
2.0 1.94 2.823212075530345
2.0 2.0 9.366093416636145
2.0 2.06 0.19840332481884912
2.0 2.12 0.10539835424577737
2.0 2.18 0.01953863569529285
2.0 2.2399999999999998 0.001231634556404363
2.0 2.3000000000000003 0.0001898583542107001
2.0 2.36 7.12570962560641e-9
2.0 2.4200000000000004 -2.873291870212782e-16
2.0 2.48 -5.880628320214109e-17
2.0 2.5400000000000005 -1.642058121091652e-17
2.0 2.5999999999999996 3.473531410042063e-22
2.0 2.66 1.3674443703962935e-16
2.0 2.7199999999999998 0.0
2.0 2.7800000000000002 0.0
2.0 2.84 0.0
2.0 2.9000000000000004 0.0
2.0 2.9599999999999995 0.0
2.0 3.02 0.0
2.0 3.0799999999999996 0.0
2.0 3.14 0.0
2.0 3.1999999999999997 0.0
2.0 3.2600000000000002 0.0
2.0 3.3200000000000003 0.0
2.0 3.38 0.0
2.0 3.4399999999999995 0.0
2.0 3.5 0.0
2.06 0.5 0.0
2.06 0.56 0.0
2.06 0.62 0.0
2.06 0.6799999999999999 0.0
2.06 0.74 0.0
2.06 0.8 0.0
2.06 0.86 0.0
2.06 0.92 0.0
2.06 0.98 2.4366289557847872e-18
2.06 1.04 -2.586858433102912e-16
2.06 1.1 1.8013330388809505e-19
2.06 1.1600000000000001 -1.77450954515123e-16
2.06 1.22 9.739736185684405e-19
2.06 1.28 2.0580085567053192e-16
2.06 1.34 1.5597965549083684e-17
2.06 1.4 2.7782880554253405e-16
2.06 1.46 -9.515744806878614e-9
2.06 1.52 -1.0289866233327804e-5
2.06 1.58 7.673649003296083e-6
2.06 1.6400000000000001 0.0018356336363109455
2.06 1.7000000000000002 0.08528448500382443
2.06 1.76 3.1185356695702473
2.06 1.82 1.4748733239073966
2.06 1.8800000000000001 6.9954282478155205
2.06 1.94 4.110871916936163
2.06 2.0 3.3863468112540995
2.06 2.06 6.464514263873356
2.06 2.12 0.7890647248356859
2.06 2.18 0.23767054609385152
2.06 2.2399999999999998 0.017347132006907972
2.06 2.3000000000000003 0.003101626049608516
2.06 2.36 1.2856255137611664e-8
2.06 2.4200000000000004 4.067385456506905e-10
2.06 2.48 -2.821475970408394e-17
2.06 2.5400000000000005 -2.0430379441670773e-17
2.06 2.5999999999999996 5.296292752053162e-22
2.06 2.66 5.2473088961524594e-17
2.06 2.7199999999999998 0.0
2.06 2.7800000000000002 0.0
2.06 2.84 0.0
2.06 2.9000000000000004 0.0
2.06 2.9599999999999995 0.0
2.06 3.02 0.0
2.06 3.0799999999999996 0.0
2.06 3.14 0.0
2.06 3.1999999999999997 0.0
2.06 3.2600000000000002 0.0
2.06 3.3200000000000003 0.0
2.06 3.38 0.0
2.06 3.4399999999999995 0.0
2.06 3.5 0.0
2.12 0.5 0.0
2.12 0.56 0.0
2.12 0.62 0.0
2.12 0.6799999999999999 0.0
2.12 0.74 0.0
2.12 0.8 0.0
2.12 0.86 0.0
2.12 0.92 0.0
2.12 0.98 -3.234967216047926e-19
2.12 1.04 -1.519891751046405e-16
2.12 1.1 -5.513488490527057e-20
2.12 1.1600000000000001 -2.272558011166564e-16
2.12 1.22 6.732986606268191e-18
2.12 1.28 -8.085162777828397e-17
2.12 1.34 -3.5103022880353695e-16
2.12 1.4 2.281283994064994e-16
2.12 1.46 -1.6518594462138556e-10
2.12 1.52 1.5337420759701234e-12
2.12 1.58 -5.284017070827959e-7
2.12 1.6400000000000001 0.00023822663479535592
2.12 1.7000000000000002 5.391958305854126e-5
2.12 1.76 0.001911368195064908
2.12 1.82 1.581637844822331
2.12 1.8800000000000001 0.9207798804765874
2.12 1.94 5.06063091983544
2.12 2.0 3.272218832797466
2.12 2.06 2.6877688160503976
2.12 2.12 4.410155829233047
2.12 2.18 2.7428512229378637
2.12 2.2399999999999998 0.045855830691643513
2.12 2.3000000000000003 0.4642733804789657
2.12 2.36 2.7611950228429145e-6
2.12 2.4200000000000004 9.54869914214666e-7
2.12 2.48 -5.14606205110761e-7
2.12 2.5400000000000005 3.2101622649773932e-12
2.12 2.5999999999999996 9.528155910453437e-21
2.12 2.66 3.2951172352229334e-18
2.12 2.7199999999999998 0.0
2.12 2.7800000000000002 0.0
2.12 2.84 0.0
2.12 2.9000000000000004 0.0
2.12 2.9599999999999995 0.0
2.12 3.02 0.0
2.12 3.0799999999999996 0.0
2.12 3.14 0.0
2.12 3.1999999999999997 0.0
2.12 3.2600000000000002 0.0
2.12 3.3200000000000003 0.0
2.12 3.38 0.0
2.12 3.4399999999999995 0.0
2.12 3.5 0.0
2.18 0.5 0.0
2.18 0.56 0.0
2.18 0.62 0.0
2.18 0.6799999999999999 0.0
2.18 0.74 0.0
2.18 0.8 0.0
2.18 0.86 0.0
2.18 0.92 0.0
2.18 0.98 4.987405493795634e-19
2.18 1.04 2.980478055491597e-17
2.18 1.1 -1.4382783948098327e-19
2.18 1.1600000000000001 -2.28208827750475e-16
2.18 1.22 6.704079908544109e-17
2.18 1.28 3.64675228886669e-16
2.18 1.34 -9.249039597750398e-17
2.18 1.4 -6.973916800036302e-16
2.18 1.46 5.79840107654885e-10
2.18 1.52 -5.3836098296352275e-12
2.18 1.58 -7.313280897643933e-8
2.18 1.6400000000000001 0.0005551167238761887
2.18 1.7000000000000002 7.996943347879234e-5
2.18 1.76 1.6428359335398184e-7
2.18 1.82 -0.0018615114109943138
2.18 1.8800000000000001 0.7563295264346133
2.18 1.94 0.4595632412878047
2.18 2.0 2.648463633462683
2.18 2.06 1.7574205709776765
2.18 2.12 1.062222858240928
2.18 2.18 0.1668455451036668
2.18 2.2399999999999998 0.3919403021525428
2.18 2.3000000000000003 0.028073616125282287
2.18 2.36 0.005536427721968216
2.18 2.4200000000000004 -9.857043847274658e-5
2.18 2.48 0.00034031666550554055
2.18 2.5400000000000005 -1.2578873111292547e-9
2.18 2.5999999999999996 -7.792152970883976e-12
2.18 2.66 -2.64485944062296e-13
2.18 2.7199999999999998 0.0
2.18 2.7800000000000002 0.0
2.18 2.84 0.0
2.18 2.9000000000000004 0.0
2.18 2.9599999999999995 0.0
2.18 3.02 0.0
2.18 3.0799999999999996 0.0
2.18 3.14 0.0
2.18 3.1999999999999997 0.0
2.18 3.2600000000000002 0.0
2.18 3.3200000000000003 0.0
2.18 3.38 0.0
2.18 3.4399999999999995 0.0
2.18 3.5 0.0
2.2399999999999998 0.5 0.0
2.2399999999999998 0.56 0.0
2.2399999999999998 0.62 0.0
2.2399999999999998 0.6799999999999999 0.0
2.2399999999999998 0.74 0.0
2.2399999999999998 0.8 0.0
2.2399999999999998 0.86 0.0
2.2399999999999998 0.92 0.0
2.2399999999999998 0.98 -1.170306796318896e-19
2.2399999999999998 1.04 1.4598078462271767e-17
2.2399999999999998 1.1 -3.786055677755508e-21
2.2399999999999998 1.1600000000000001 -1.6256606130209024e-17
2.2399999999999998 1.22 2.1647895076721407e-19
2.2399999999999998 1.28 -4.266554622731166e-17
2.2399999999999998 1.34 -1.2769426634798816e-17
2.2399999999999998 1.4 -6.451740876044306e-17
2.2399999999999998 1.46 2.1885655332161803e-10
2.2399999999999998 1.52 -2.032026210246524e-12
2.2399999999999998 1.58 -7.074829528909068e-8
2.2399999999999998 1.6400000000000001 0.0002095167008152419
2.2399999999999998 1.7000000000000002 1.1081540509420614e-5
2.2399999999999998 1.76 7.32682633152029e-5
2.2399999999999998 1.82 7.32027459540334e-7
2.2399999999999998 1.8800000000000001 0.0020538420227459867
2.2399999999999998 1.94 0.32772233560937863
2.2399999999999998 2.0 0.18889280945100395
2.2399999999999998 2.06 0.6392245725233746
2.2399999999999998 2.12 0.5514028947664082
2.2399999999999998 2.18 0.06416875325315037
2.2399999999999998 2.2399999999999998 0.014574738092084637
2.2399999999999998 2.3000000000000003 0.308921010318219
2.2399999999999998 2.36 0.15934202668759098
2.2399999999999998 2.4200000000000004 0.0009947871997542104
2.2399999999999998 2.48 0.0009248712801353897
2.2399999999999998 2.5400000000000005 6.73174036046245e-5
2.2399999999999998 2.5999999999999996 -5.432288750539239e-8
2.2399999999999998 2.66 -4.4989188578922637e-10
2.2399999999999998 2.7199999999999998 0.0
2.2399999999999998 2.7800000000000002 0.0
2.2399999999999998 2.84 0.0
2.2399999999999998 2.9000000000000004 0.0
2.2399999999999998 2.9599999999999995 0.0
2.2399999999999998 3.02 0.0
2.2399999999999998 3.0799999999999996 0.0
2.2399999999999998 3.14 0.0
2.2399999999999998 3.1999999999999997 0.0
2.2399999999999998 3.2600000000000002 0.0
2.2399999999999998 3.3200000000000003 0.0
2.2399999999999998 3.38 0.0
2.2399999999999998 3.4399999999999995 0.0
2.2399999999999998 3.5 0.0
2.3000000000000003 0.5 0.0
2.3000000000000003 0.56 0.0
2.3000000000000003 0.62 0.0
2.3000000000000003 0.6799999999999999 0.0
2.3000000000000003 0.74 0.0
2.3000000000000003 0.8 0.0
2.3000000000000003 0.86 0.0
2.3000000000000003 0.92 0.0
2.3000000000000003 0.98 7.6465700506911845e-19
2.3000000000000003 1.04 2.7781978102562244e-17
2.3000000000000003 1.1 -1.994476073340426e-20
2.3000000000000003 1.1600000000000001 -2.455183416630657e-19
2.3000000000000003 1.22 4.053832855471012e-18
2.3000000000000003 1.28 -2.6394440458413094e-17
2.3000000000000003 1.34 3.5179501676903255e-17
2.3000000000000003 1.4 1.3781122349125157e-16
2.3000000000000003 1.46 8.80844758192017e-12
2.3000000000000003 1.52 -8.178331106215715e-14
2.3000000000000003 1.58 -2.26829197364007e-8
2.3000000000000003 1.6400000000000001 8.432397668369483e-6
2.3000000000000003 1.7000000000000002 4.417004591332839e-7
2.3000000000000003 1.76 1.0765302455464954e-6
2.3000000000000003 1.82 3.88873461925526e-7
2.3000000000000003 1.8800000000000001 4.090982650179323e-6
2.3000000000000003 1.94 0.004865150163177783
2.3000000000000003 2.0 0.11899538147429843
2.3000000000000003 2.06 0.07637509471784407
2.3000000000000003 2.12 0.061140476586292285
2.3000000000000003 2.18 0.2531092920470099
2.3000000000000003 2.2399999999999998 0.29496412018135626
2.3000000000000003 2.3000000000000003 0.0027595095363988874
2.3000000000000003 2.36 0.07198647409821614
2.3000000000000003 2.4200000000000004 0.03025551446258441
2.3000000000000003 2.48 0.0003984341637091462
2.3000000000000003 2.5400000000000005 0.00010242447970200518
2.3000000000000003 2.5999999999999996 8.875509000920742e-7
2.3000000000000003 2.66 4.5843527609256454e-7
2.3000000000000003 2.7199999999999998 0.0
2.3000000000000003 2.7800000000000002 0.0
2.3000000000000003 2.84 0.0
2.3000000000000003 2.9000000000000004 0.0
2.3000000000000003 2.9599999999999995 0.0
2.3000000000000003 3.02 0.0
2.3000000000000003 3.0799999999999996 0.0
2.3000000000000003 3.14 0.0
2.3000000000000003 3.1999999999999997 0.0
2.3000000000000003 3.2600000000000002 0.0
2.3000000000000003 3.3200000000000003 0.0
2.3000000000000003 3.38 0.0
2.3000000000000003 3.4399999999999995 0.0
2.3000000000000003 3.5 0.0
2.36 0.5 0.0
2.36 0.56 0.0
2.36 0.62 0.0
2.36 0.6799999999999999 0.0
2.36 0.74 0.0
2.36 0.8 0.0
2.36 0.86 0.0
2.36 0.92 0.0
2.36 0.98 4.21425018009936e-19
2.36 1.04 1.3817988931593368e-17
2.36 1.1 -9.153392771687658e-21
2.36 1.1600000000000001 2.9223279799041044e-19
2.36 1.22 2.052017277199235e-18
2.36 1.28 -2.5842504152765424e-19
2.36 1.34 1.6159983181352415e-17
2.36 1.4 3.9791283122548404e-17
2.36 1.46 -6.227229606005466e-17
2.36 1.52 -1.3651539265454763e-19
2.36 1.58 -8.537817706393797e-9
2.36 1.6400000000000001 -2.0273104301804078e-11
2.36 1.7000000000000002 -5.9576950931472345e-9
2.36 1.76 3.6923254079624645e-8
2.36 1.82 1.2873946403129685e-7
2.36 1.8800000000000001 2.875792710342568e-7
2.36 1.94 3.739501433743922e-6
2.36 2.0 0.006805628650638968
2.36 2.06 0.01743953162260688
2.36 2.12 0.02745740460224149
2.36 2.18 0.10885728100337747
2.36 2.2399999999999998 0.16749175312276937
2.36 2.3000000000000003 0.0028649817192554594
2.36 2.36 0.00889407045355698
2.36 2.4200000000000004 0.0005792934323357998
2.36 2.48 -4.8833944740038734e-5
2.36 2.5400000000000005 2.3242465578597522e-7
2.36 2.5999999999999996 1.818981340688559e-8
2.36 2.66 1.8334389679203592e-7
2.36 2.7199999999999998 0.0
2.36 2.7800000000000002 0.0
2.36 2.84 0.0
2.36 2.9000000000000004 0.0
2.36 2.9599999999999995 0.0
2.36 3.02 0.0
2.36 3.0799999999999996 0.0
2.36 3.14 0.0
2.36 3.1999999999999997 0.0
2.36 3.2600000000000002 0.0
2.36 3.3200000000000003 0.0
2.36 3.38 0.0
2.36 3.4399999999999995 0.0
2.36 3.5 0.0
2.4200000000000004 0.5 0.0
2.4200000000000004 0.56 0.0
2.4200000000000004 0.62 0.0
2.4200000000000004 0.6799999999999999 0.0
2.4200000000000004 0.74 0.0
2.4200000000000004 0.8 0.0
2.4200000000000004 0.86 0.0
2.4200000000000004 0.92 0.0
2.4200000000000004 0.98 1.6364738539461917e-20
2.4200000000000004 1.04 5.293661035947126e-19
2.4200000000000004 1.1 -3.6539973136363535e-22
2.4200000000000004 1.1600000000000001 9.711351156821688e-21
2.4200000000000004 1.22 8.217665010660815e-20
2.4200000000000004 1.28 -2.0275213444634758e-20
2.4200000000000004 1.34 6.031979857098242e-19
2.4200000000000004 1.4 9.32906502747671e-21
2.4200000000000004 1.46 2.1683131550169692e-16
2.4200000000000004 1.52 -5.300416754859387e-21
2.4200000000000004 1.58 -3.080850667664462e-10
2.4200000000000004 1.6400000000000001 -9.272653229045717e-10
2.4200000000000004 1.7000000000000002 1.0299310462919529e-10
2.4200000000000004 1.76 -2.4697307345248312e-17
2.4200000000000004 1.82 -1.6162476857463224e-18
2.4200000000000004 1.8800000000000001 2.795581004507113e-17
2.4200000000000004 1.94 -2.6789470187059307e-16
2.4200000000000004 2.0 1.242357626954884e-7
2.4200000000000004 2.06 2.9728031260612635e-8
2.4200000000000004 2.12 0.0010301708419573916
2.4200000000000004 2.18 0.003015916731354002
2.4200000000000004 2.2399999999999998 0.00630981219270804
2.4200000000000004 2.3000000000000003 1.088456281435019e-6
2.4200000000000004 2.36 6.52324064169259e-5
2.4200000000000004 2.4200000000000004 8.361853993539588e-20
2.4200000000000004 2.48 -1.910971172898265e-21
2.4200000000000004 2.5400000000000005 -3.864786954239292e-20
2.4200000000000004 2.5999999999999996 -1.3133498358881367e-23
2.4200000000000004 2.66 -3.604354637165853e-21
2.4200000000000004 2.7199999999999998 0.0
2.4200000000000004 2.7800000000000002 0.0
2.4200000000000004 2.84 0.0
2.4200000000000004 2.9000000000000004 0.0
2.4200000000000004 2.9599999999999995 0.0
2.4200000000000004 3.02 0.0
2.4200000000000004 3.0799999999999996 0.0
2.4200000000000004 3.14 0.0
2.4200000000000004 3.1999999999999997 0.0
2.4200000000000004 3.2600000000000002 0.0
2.4200000000000004 3.3200000000000003 0.0
2.4200000000000004 3.38 0.0
2.4200000000000004 3.4399999999999995 0.0
2.4200000000000004 3.5 0.0
2.48 0.5 0.0
2.48 0.56 0.0
2.48 0.62 0.0
2.48 0.6799999999999999 0.0
2.48 0.74 0.0
2.48 0.8 0.0
2.48 0.86 0.0
2.48 0.92 0.0
2.48 0.98 1.7200114649764567e-21
2.48 1.04 4.135858826479267e-20
2.48 1.1 -1.3393757179047935e-23
2.48 1.1600000000000001 7.08125727870911e-20
2.48 1.22 -6.920697116760763e-22
2.48 1.28 1.0646425695128958e-20
2.48 1.34 1.0571776956713658e-19
2.48 1.4 1.2484863051734498e-19
2.48 1.46 -3.998254716272768e-18
2.48 1.52 -3.3745743509311603e-20
2.48 1.58 9.318575034043035e-11
2.48 1.6400000000000001 4.0369355967068865e-8
2.48 1.7000000000000002 -1.4490861557553503e-8
2.48 1.76 1.0764463769068052e-15
2.48 1.82 -1.54526700508383e-19
2.48 1.8800000000000001 4.045130695462365e-19
2.48 1.94 7.656123094944891e-16
2.48 2.0 -1.1394376589684823e-19
2.48 2.06 3.5209642981136433e-10
2.48 2.12 -2.4014267819629024e-5
2.48 2.18 0.00232561123195142
2.48 2.2399999999999998 0.0005311604271587226
2.48 2.3000000000000003 -5.100131945703099e-7
2.48 2.36 5.556467843671775e-6
2.48 2.4200000000000004 1.5190122949879593e-19
2.48 2.48 5.1168644322062995e-21
2.48 2.5400000000000005 1.1280905361058637e-21
2.48 2.5999999999999996 -1.2400361460048534e-24
2.48 2.66 -5.90668992866766e-22
2.48 2.7199999999999998 0.0
2.48 2.7800000000000002 0.0
2.48 2.84 0.0
2.48 2.9000000000000004 0.0
2.48 2.9599999999999995 0.0
2.48 3.02 0.0
2.48 3.0799999999999996 0.0
2.48 3.14 0.0
2.48 3.1999999999999997 0.0
2.48 3.2600000000000002 0.0
2.48 3.3200000000000003 0.0
2.48 3.38 0.0
2.48 3.4399999999999995 0.0
2.48 3.5 0.0
2.5400000000000005 0.5 0.0
2.5400000000000005 0.56 0.0
2.5400000000000005 0.62 0.0
2.5400000000000005 0.6799999999999999 0.0
2.5400000000000005 0.74 0.0
2.5400000000000005 0.8 0.0
2.5400000000000005 0.86 0.0
2.5400000000000005 0.92 0.0
2.5400000000000005 0.98 2.3981944751379237e-22
2.5400000000000005 1.04 5.217521864503555e-20
2.5400000000000005 1.1 -1.5090019980412317e-22
2.5400000000000005 1.1600000000000001 1.0528594670421004e-20
2.5400000000000005 1.22 8.348042335471587e-20
2.5400000000000005 1.28 2.852869658130775e-21
2.5400000000000005 1.34 1.6206096557200535e-20
2.5400000000000005 1.4 1.5795146811240086e-21
2.5400000000000005 1.46 4.425652553722131e-20
2.5400000000000005 1.52 -4.068854525972402e-21
2.5400000000000005 1.58 -8.74380794347826e-12
2.5400000000000005 1.6400000000000001 4.310838387111138e-10
2.5400000000000005 1.7000000000000002 -2.1571041517179387e-9
2.5400000000000005 1.76 1.149546678522475e-17
2.5400000000000005 1.82 -1.8867918002196816e-20
2.5400000000000005 1.8800000000000001 5.3233050848078836e-18
2.5400000000000005 1.94 -2.210127544408466e-16
2.5400000000000005 2.0 2.58304005603031e-20
2.5400000000000005 2.06 5.645294980486297e-9
2.5400000000000005 2.12 2.2533074547946696e-6
2.5400000000000005 2.18 0.0001017420807137879
2.5400000000000005 2.2399999999999998 0.00045614669096984
2.5400000000000005 2.3000000000000003 7.424952486087678e-6
2.5400000000000005 2.36 5.175659577866545e-7
2.5400000000000005 2.4200000000000004 8.51315506119957e-21
2.5400000000000005 2.48 7.7143395175626285e-22
2.5400000000000005 2.5400000000000005 -3.500480724126687e-23
2.5400000000000005 2.5999999999999996 -9.203760096219198e-25
2.5400000000000005 2.66 -9.302603547069105e-23
2.5400000000000005 2.7199999999999998 0.0
2.5400000000000005 2.7800000000000002 0.0
2.5400000000000005 2.84 0.0
2.5400000000000005 2.9000000000000004 0.0
2.5400000000000005 2.9599999999999995 0.0
2.5400000000000005 3.02 0.0
2.5400000000000005 3.0799999999999996 0.0
2.5400000000000005 3.14 0.0
2.5400000000000005 3.1999999999999997 0.0
2.5400000000000005 3.2600000000000002 0.0
2.5400000000000005 3.3200000000000003 0.0
2.5400000000000005 3.38 0.0
2.5400000000000005 3.4399999999999995 0.0
2.5400000000000005 3.5 0.0
2.5999999999999996 0.5 0.0
2.5999999999999996 0.56 0.0
2.5999999999999996 0.62 0.0
2.5999999999999996 0.6799999999999999 0.0
2.5999999999999996 0.74 0.0
2.5999999999999996 0.8 0.0
2.5999999999999996 0.86 0.0
2.5999999999999996 0.92 0.0
2.5999999999999996 0.98 0.0
2.5999999999999996 1.04 0.0
2.5999999999999996 1.1 0.0
2.5999999999999996 1.1600000000000001 0.0
2.5999999999999996 1.22 0.0
2.5999999999999996 1.28 0.0
2.5999999999999996 1.34 0.0
2.5999999999999996 1.4 0.0
2.5999999999999996 1.46 0.0
2.5999999999999996 1.52 0.0
2.5999999999999996 1.58 0.0
2.5999999999999996 1.6400000000000001 0.0
2.5999999999999996 1.7000000000000002 0.0
2.5999999999999996 1.76 0.0
2.5999999999999996 1.82 0.0
2.5999999999999996 1.8800000000000001 0.0
2.5999999999999996 1.94 0.0
2.5999999999999996 2.0 0.0
2.5999999999999996 2.06 0.0
2.5999999999999996 2.12 0.0
2.5999999999999996 2.18 0.0
2.5999999999999996 2.2399999999999998 0.0
2.5999999999999996 2.3000000000000003 0.0
2.5999999999999996 2.36 0.0
2.5999999999999996 2.4200000000000004 0.0
2.5999999999999996 2.48 0.0
2.5999999999999996 2.5400000000000005 0.0
2.5999999999999996 2.5999999999999996 0.0
2.5999999999999996 2.66 0.0
2.5999999999999996 2.7199999999999998 0.0
2.5999999999999996 2.7800000000000002 0.0
2.5999999999999996 2.84 0.0
2.5999999999999996 2.9000000000000004 0.0
2.5999999999999996 2.9599999999999995 0.0
2.5999999999999996 3.02 0.0
2.5999999999999996 3.0799999999999996 0.0
2.5999999999999996 3.14 0.0
2.5999999999999996 3.1999999999999997 0.0
2.5999999999999996 3.2600000000000002 0.0
2.5999999999999996 3.3200000000000003 0.0
2.5999999999999996 3.38 0.0
2.5999999999999996 3.4399999999999995 0.0
2.5999999999999996 3.5 0.0
2.66 0.5 0.0
2.66 0.56 0.0
2.66 0.62 0.0
2.66 0.6799999999999999 0.0
2.66 0.74 0.0
2.66 0.8 0.0
2.66 0.86 0.0
2.66 0.92 0.0
2.66 0.98 0.0
2.66 1.04 0.0
2.66 1.1 0.0
2.66 1.1600000000000001 0.0
2.66 1.22 0.0
2.66 1.28 0.0
2.66 1.34 0.0
2.66 1.4 0.0
2.66 1.46 0.0
2.66 1.52 0.0
2.66 1.58 0.0
2.66 1.6400000000000001 0.0
2.66 1.7000000000000002 0.0
2.66 1.76 0.0
2.66 1.82 0.0
2.66 1.8800000000000001 0.0
2.66 1.94 0.0
2.66 2.0 0.0
2.66 2.06 0.0
2.66 2.12 0.0
2.66 2.18 0.0
2.66 2.2399999999999998 0.0
2.66 2.3000000000000003 0.0
2.66 2.36 0.0
2.66 2.4200000000000004 0.0
2.66 2.48 0.0
2.66 2.5400000000000005 0.0
2.66 2.5999999999999996 0.0
2.66 2.66 0.0
2.66 2.7199999999999998 0.0
2.66 2.7800000000000002 0.0
2.66 2.84 0.0
2.66 2.9000000000000004 0.0
2.66 2.9599999999999995 0.0
2.66 3.02 0.0
2.66 3.0799999999999996 0.0
2.66 3.14 0.0
2.66 3.1999999999999997 0.0
2.66 3.2600000000000002 0.0
2.66 3.3200000000000003 0.0
2.66 3.38 0.0
2.66 3.4399999999999995 0.0
2.66 3.5 0.0
2.7199999999999998 0.5 0.0
2.7199999999999998 0.56 0.0
2.7199999999999998 0.62 0.0
2.7199999999999998 0.6799999999999999 0.0
2.7199999999999998 0.74 0.0
2.7199999999999998 0.8 0.0
2.7199999999999998 0.86 0.0
2.7199999999999998 0.92 0.0
2.7199999999999998 0.98 0.0
2.7199999999999998 1.04 0.0
2.7199999999999998 1.1 0.0
2.7199999999999998 1.1600000000000001 0.0
2.7199999999999998 1.22 0.0
2.7199999999999998 1.28 0.0
2.7199999999999998 1.34 0.0
2.7199999999999998 1.4 0.0
2.7199999999999998 1.46 0.0
2.7199999999999998 1.52 0.0
2.7199999999999998 1.58 0.0
2.7199999999999998 1.6400000000000001 0.0
2.7199999999999998 1.7000000000000002 0.0
2.7199999999999998 1.76 0.0
2.7199999999999998 1.82 0.0
2.7199999999999998 1.8800000000000001 0.0
2.7199999999999998 1.94 0.0
2.7199999999999998 2.0 0.0
2.7199999999999998 2.06 0.0
2.7199999999999998 2.12 0.0
2.7199999999999998 2.18 0.0
2.7199999999999998 2.2399999999999998 0.0
2.7199999999999998 2.3000000000000003 0.0
2.7199999999999998 2.36 0.0
2.7199999999999998 2.4200000000000004 0.0
2.7199999999999998 2.48 0.0
2.7199999999999998 2.5400000000000005 0.0
2.7199999999999998 2.5999999999999996 0.0
2.7199999999999998 2.66 0.0
2.7199999999999998 2.7199999999999998 0.0
2.7199999999999998 2.7800000000000002 0.0
2.7199999999999998 2.84 0.0
2.7199999999999998 2.9000000000000004 0.0
2.7199999999999998 2.9599999999999995 0.0
2.7199999999999998 3.02 0.0
2.7199999999999998 3.0799999999999996 0.0
2.7199999999999998 3.14 0.0
2.7199999999999998 3.1999999999999997 0.0
2.7199999999999998 3.2600000000000002 0.0
2.7199999999999998 3.3200000000000003 0.0
2.7199999999999998 3.38 0.0
2.7199999999999998 3.4399999999999995 0.0
2.7199999999999998 3.5 0.0
2.7800000000000002 0.5 0.0
2.7800000000000002 0.56 0.0
2.7800000000000002 0.62 0.0
2.7800000000000002 0.6799999999999999 0.0
2.7800000000000002 0.74 0.0
2.7800000000000002 0.8 0.0
2.7800000000000002 0.86 0.0
2.7800000000000002 0.92 0.0
2.7800000000000002 0.98 0.0
2.7800000000000002 1.04 0.0
2.7800000000000002 1.1 0.0
2.7800000000000002 1.1600000000000001 0.0
2.7800000000000002 1.22 0.0
2.7800000000000002 1.28 0.0
2.7800000000000002 1.34 0.0
2.7800000000000002 1.4 0.0
2.7800000000000002 1.46 0.0
2.7800000000000002 1.52 0.0
2.7800000000000002 1.58 0.0
2.7800000000000002 1.6400000000000001 0.0
2.7800000000000002 1.7000000000000002 0.0
2.7800000000000002 1.76 0.0
2.7800000000000002 1.82 0.0
2.7800000000000002 1.8800000000000001 0.0
2.7800000000000002 1.94 0.0
2.7800000000000002 2.0 0.0
2.7800000000000002 2.06 0.0
2.7800000000000002 2.12 0.0
2.7800000000000002 2.18 0.0
2.7800000000000002 2.2399999999999998 0.0
2.7800000000000002 2.3000000000000003 0.0
2.7800000000000002 2.36 0.0
2.7800000000000002 2.4200000000000004 0.0
2.7800000000000002 2.48 0.0
2.7800000000000002 2.5400000000000005 0.0
2.7800000000000002 2.5999999999999996 0.0
2.7800000000000002 2.66 0.0
2.7800000000000002 2.7199999999999998 0.0
2.7800000000000002 2.7800000000000002 0.0
2.7800000000000002 2.84 0.0
2.7800000000000002 2.9000000000000004 0.0
2.7800000000000002 2.9599999999999995 0.0
2.7800000000000002 3.02 0.0
2.7800000000000002 3.0799999999999996 0.0
2.7800000000000002 3.14 0.0
2.7800000000000002 3.1999999999999997 0.0
2.7800000000000002 3.2600000000000002 0.0
2.7800000000000002 3.3200000000000003 0.0
2.7800000000000002 3.38 0.0
2.7800000000000002 3.4399999999999995 0.0
2.7800000000000002 3.5 0.0
2.84 0.5 0.0
2.84 0.56 0.0
2.84 0.62 0.0
2.84 0.6799999999999999 0.0
2.84 0.74 0.0
2.84 0.8 0.0
2.84 0.86 0.0
2.84 0.92 0.0
2.84 0.98 0.0
2.84 1.04 0.0
2.84 1.1 0.0
2.84 1.1600000000000001 0.0
2.84 1.22 0.0
2.84 1.28 0.0
2.84 1.34 0.0
2.84 1.4 0.0
2.84 1.46 0.0
2.84 1.52 0.0
2.84 1.58 0.0
2.84 1.6400000000000001 0.0
2.84 1.7000000000000002 0.0
2.84 1.76 0.0
2.84 1.82 0.0
2.84 1.8800000000000001 0.0
2.84 1.94 0.0
2.84 2.0 0.0
2.84 2.06 0.0
2.84 2.12 0.0
2.84 2.18 0.0
2.84 2.2399999999999998 0.0
2.84 2.3000000000000003 0.0
2.84 2.36 0.0
2.84 2.4200000000000004 0.0
2.84 2.48 0.0
2.84 2.5400000000000005 0.0
2.84 2.5999999999999996 0.0
2.84 2.66 0.0
2.84 2.7199999999999998 0.0
2.84 2.7800000000000002 0.0
2.84 2.84 0.0
2.84 2.9000000000000004 0.0
2.84 2.9599999999999995 0.0
2.84 3.02 0.0
2.84 3.0799999999999996 0.0
2.84 3.14 0.0
2.84 3.1999999999999997 0.0
2.84 3.2600000000000002 0.0
2.84 3.3200000000000003 0.0
2.84 3.38 0.0
2.84 3.4399999999999995 0.0
2.84 3.5 0.0
2.9000000000000004 0.5 0.0
2.9000000000000004 0.56 0.0
2.9000000000000004 0.62 0.0
2.9000000000000004 0.6799999999999999 0.0
2.9000000000000004 0.74 0.0
2.9000000000000004 0.8 0.0
2.9000000000000004 0.86 0.0
2.9000000000000004 0.92 0.0
2.9000000000000004 0.98 0.0
2.9000000000000004 1.04 0.0
2.9000000000000004 1.1 0.0
2.9000000000000004 1.1600000000000001 0.0
2.9000000000000004 1.22 0.0
2.9000000000000004 1.28 0.0
2.9000000000000004 1.34 0.0
2.9000000000000004 1.4 0.0
2.9000000000000004 1.46 0.0
2.9000000000000004 1.52 0.0
2.9000000000000004 1.58 0.0
2.9000000000000004 1.6400000000000001 0.0
2.9000000000000004 1.7000000000000002 0.0
2.9000000000000004 1.76 0.0
2.9000000000000004 1.82 0.0
2.9000000000000004 1.8800000000000001 0.0
2.9000000000000004 1.94 0.0
2.9000000000000004 2.0 0.0
2.9000000000000004 2.06 0.0
2.9000000000000004 2.12 0.0
2.9000000000000004 2.18 0.0
2.9000000000000004 2.2399999999999998 0.0
2.9000000000000004 2.3000000000000003 0.0
2.9000000000000004 2.36 0.0
2.9000000000000004 2.4200000000000004 0.0
2.9000000000000004 2.48 0.0
2.9000000000000004 2.5400000000000005 0.0
2.9000000000000004 2.5999999999999996 0.0
2.9000000000000004 2.66 0.0
2.9000000000000004 2.7199999999999998 0.0
2.9000000000000004 2.7800000000000002 0.0
2.9000000000000004 2.84 0.0
2.9000000000000004 2.9000000000000004 0.0
2.9000000000000004 2.9599999999999995 0.0
2.9000000000000004 3.02 0.0
2.9000000000000004 3.0799999999999996 0.0
2.9000000000000004 3.14 0.0
2.9000000000000004 3.1999999999999997 0.0
2.9000000000000004 3.2600000000000002 0.0
2.9000000000000004 3.3200000000000003 0.0
2.9000000000000004 3.38 0.0
2.9000000000000004 3.4399999999999995 0.0
2.9000000000000004 3.5 0.0
2.9599999999999995 0.5 0.0
2.9599999999999995 0.56 0.0
2.9599999999999995 0.62 0.0
2.9599999999999995 0.6799999999999999 0.0
2.9599999999999995 0.74 0.0
2.9599999999999995 0.8 0.0
2.9599999999999995 0.86 0.0
2.9599999999999995 0.92 0.0
2.9599999999999995 0.98 0.0
2.9599999999999995 1.04 0.0
2.9599999999999995 1.1 0.0
2.9599999999999995 1.1600000000000001 0.0
2.9599999999999995 1.22 0.0
2.9599999999999995 1.28 0.0
2.9599999999999995 1.34 0.0
2.9599999999999995 1.4 0.0
2.9599999999999995 1.46 0.0
2.9599999999999995 1.52 0.0
2.9599999999999995 1.58 0.0
2.9599999999999995 1.6400000000000001 0.0
2.9599999999999995 1.7000000000000002 0.0
2.9599999999999995 1.76 0.0
2.9599999999999995 1.82 0.0
2.9599999999999995 1.8800000000000001 0.0
2.9599999999999995 1.94 0.0
2.9599999999999995 2.0 0.0
2.9599999999999995 2.06 0.0
2.9599999999999995 2.12 0.0
2.9599999999999995 2.18 0.0
2.9599999999999995 2.2399999999999998 0.0
2.9599999999999995 2.3000000000000003 0.0
2.9599999999999995 2.36 0.0
2.9599999999999995 2.4200000000000004 0.0
2.9599999999999995 2.48 0.0
2.9599999999999995 2.5400000000000005 0.0
2.9599999999999995 2.5999999999999996 0.0
2.9599999999999995 2.66 0.0
2.9599999999999995 2.7199999999999998 0.0
2.9599999999999995 2.7800000000000002 0.0
2.9599999999999995 2.84 0.0
2.9599999999999995 2.9000000000000004 0.0
2.9599999999999995 2.9599999999999995 0.0
2.9599999999999995 3.02 0.0
2.9599999999999995 3.0799999999999996 0.0
2.9599999999999995 3.14 0.0
2.9599999999999995 3.1999999999999997 0.0
2.9599999999999995 3.2600000000000002 0.0
2.9599999999999995 3.3200000000000003 0.0
2.9599999999999995 3.38 0.0
2.9599999999999995 3.4399999999999995 0.0
2.9599999999999995 3.5 0.0
3.02 0.5 0.0
3.02 0.56 0.0
3.02 0.62 0.0
3.02 0.6799999999999999 0.0
3.02 0.74 0.0
3.02 0.8 0.0
3.02 0.86 0.0
3.02 0.92 0.0
3.02 0.98 0.0
3.02 1.04 0.0
3.02 1.1 0.0
3.02 1.1600000000000001 0.0
3.02 1.22 0.0
3.02 1.28 0.0
3.02 1.34 0.0
3.02 1.4 0.0
3.02 1.46 0.0
3.02 1.52 0.0
3.02 1.58 0.0
3.02 1.6400000000000001 0.0
3.02 1.7000000000000002 0.0
3.02 1.76 0.0
3.02 1.82 0.0
3.02 1.8800000000000001 0.0
3.02 1.94 0.0
3.02 2.0 0.0
3.02 2.06 0.0
3.02 2.12 0.0
3.02 2.18 0.0
3.02 2.2399999999999998 0.0
3.02 2.3000000000000003 0.0
3.02 2.36 0.0
3.02 2.4200000000000004 0.0
3.02 2.48 0.0
3.02 2.5400000000000005 0.0
3.02 2.5999999999999996 0.0
3.02 2.66 0.0
3.02 2.7199999999999998 0.0
3.02 2.7800000000000002 0.0
3.02 2.84 0.0
3.02 2.9000000000000004 0.0
3.02 2.9599999999999995 0.0
3.02 3.02 0.0
3.02 3.0799999999999996 0.0
3.02 3.14 0.0
3.02 3.1999999999999997 0.0
3.02 3.2600000000000002 0.0
3.02 3.3200000000000003 0.0
3.02 3.38 0.0
3.02 3.4399999999999995 0.0
3.02 3.5 0.0
3.0799999999999996 0.5 0.0
3.0799999999999996 0.56 0.0
3.0799999999999996 0.62 0.0
3.0799999999999996 0.6799999999999999 0.0
3.0799999999999996 0.74 0.0
3.0799999999999996 0.8 0.0
3.0799999999999996 0.86 0.0
3.0799999999999996 0.92 0.0
3.0799999999999996 0.98 0.0
3.0799999999999996 1.04 0.0
3.0799999999999996 1.1 0.0
3.0799999999999996 1.1600000000000001 0.0
3.0799999999999996 1.22 0.0
3.0799999999999996 1.28 0.0
3.0799999999999996 1.34 0.0
3.0799999999999996 1.4 0.0
3.0799999999999996 1.46 0.0
3.0799999999999996 1.52 0.0
3.0799999999999996 1.58 0.0
3.0799999999999996 1.6400000000000001 0.0
3.0799999999999996 1.7000000000000002 0.0
3.0799999999999996 1.76 0.0
3.0799999999999996 1.82 0.0
3.0799999999999996 1.8800000000000001 0.0
3.0799999999999996 1.94 0.0
3.0799999999999996 2.0 0.0
3.0799999999999996 2.06 0.0
3.0799999999999996 2.12 0.0
3.0799999999999996 2.18 0.0
3.0799999999999996 2.2399999999999998 0.0
3.0799999999999996 2.3000000000000003 0.0
3.0799999999999996 2.36 0.0
3.0799999999999996 2.4200000000000004 0.0
3.0799999999999996 2.48 0.0
3.0799999999999996 2.5400000000000005 0.0
3.0799999999999996 2.5999999999999996 0.0
3.0799999999999996 2.66 0.0
3.0799999999999996 2.7199999999999998 0.0
3.0799999999999996 2.7800000000000002 0.0
3.0799999999999996 2.84 0.0
3.0799999999999996 2.9000000000000004 0.0
3.0799999999999996 2.9599999999999995 0.0
3.0799999999999996 3.02 0.0
3.0799999999999996 3.0799999999999996 0.0
3.0799999999999996 3.14 0.0
3.0799999999999996 3.1999999999999997 0.0
3.0799999999999996 3.2600000000000002 0.0
3.0799999999999996 3.3200000000000003 0.0
3.0799999999999996 3.38 0.0
3.0799999999999996 3.4399999999999995 0.0
3.0799999999999996 3.5 0.0
3.14 0.5 0.0
3.14 0.56 0.0
3.14 0.62 0.0
3.14 0.6799999999999999 0.0
3.14 0.74 0.0
3.14 0.8 0.0
3.14 0.86 0.0
3.14 0.92 0.0
3.14 0.98 0.0
3.14 1.04 0.0
3.14 1.1 0.0
3.14 1.1600000000000001 0.0
3.14 1.22 0.0
3.14 1.28 0.0
3.14 1.34 0.0
3.14 1.4 0.0
3.14 1.46 0.0
3.14 1.52 0.0
3.14 1.58 0.0
3.14 1.6400000000000001 0.0
3.14 1.7000000000000002 0.0
3.14 1.76 0.0
3.14 1.82 0.0
3.14 1.8800000000000001 0.0
3.14 1.94 0.0
3.14 2.0 0.0
3.14 2.06 0.0
3.14 2.12 0.0
3.14 2.18 0.0
3.14 2.2399999999999998 0.0
3.14 2.3000000000000003 0.0
3.14 2.36 0.0
3.14 2.4200000000000004 0.0
3.14 2.48 0.0
3.14 2.5400000000000005 0.0
3.14 2.5999999999999996 0.0
3.14 2.66 0.0
3.14 2.7199999999999998 0.0
3.14 2.7800000000000002 0.0
3.14 2.84 0.0
3.14 2.9000000000000004 0.0
3.14 2.9599999999999995 0.0
3.14 3.02 0.0
3.14 3.0799999999999996 0.0
3.14 3.14 0.0
3.14 3.1999999999999997 0.0
3.14 3.2600000000000002 0.0
3.14 3.3200000000000003 0.0
3.14 3.38 0.0
3.14 3.4399999999999995 0.0
3.14 3.5 0.0
3.1999999999999997 0.5 0.0
3.1999999999999997 0.56 0.0
3.1999999999999997 0.62 0.0
3.1999999999999997 0.6799999999999999 0.0
3.1999999999999997 0.74 0.0
3.1999999999999997 0.8 0.0
3.1999999999999997 0.86 0.0
3.1999999999999997 0.92 0.0
3.1999999999999997 0.98 0.0
3.1999999999999997 1.04 0.0
3.1999999999999997 1.1 0.0
3.1999999999999997 1.1600000000000001 0.0
3.1999999999999997 1.22 0.0
3.1999999999999997 1.28 0.0
3.1999999999999997 1.34 0.0
3.1999999999999997 1.4 0.0
3.1999999999999997 1.46 0.0
3.1999999999999997 1.52 0.0
3.1999999999999997 1.58 0.0
3.1999999999999997 1.6400000000000001 0.0
3.1999999999999997 1.7000000000000002 0.0
3.1999999999999997 1.76 0.0
3.1999999999999997 1.82 0.0
3.1999999999999997 1.8800000000000001 0.0
3.1999999999999997 1.94 0.0
3.1999999999999997 2.0 0.0
3.1999999999999997 2.06 0.0
3.1999999999999997 2.12 0.0
3.1999999999999997 2.18 0.0
3.1999999999999997 2.2399999999999998 0.0
3.1999999999999997 2.3000000000000003 0.0
3.1999999999999997 2.36 0.0
3.1999999999999997 2.4200000000000004 0.0
3.1999999999999997 2.48 0.0
3.1999999999999997 2.5400000000000005 0.0
3.1999999999999997 2.5999999999999996 0.0
3.1999999999999997 2.66 0.0
3.1999999999999997 2.7199999999999998 0.0
3.1999999999999997 2.7800000000000002 0.0
3.1999999999999997 2.84 0.0
3.1999999999999997 2.9000000000000004 0.0
3.1999999999999997 2.9599999999999995 0.0
3.1999999999999997 3.02 0.0
3.1999999999999997 3.0799999999999996 0.0
3.1999999999999997 3.14 0.0
3.1999999999999997 3.1999999999999997 0.0
3.1999999999999997 3.2600000000000002 0.0
3.1999999999999997 3.3200000000000003 0.0
3.1999999999999997 3.38 0.0
3.1999999999999997 3.4399999999999995 0.0
3.1999999999999997 3.5 0.0
3.2600000000000002 0.5 0.0
3.2600000000000002 0.56 0.0
3.2600000000000002 0.62 0.0
3.2600000000000002 0.6799999999999999 0.0
3.2600000000000002 0.74 0.0
3.2600000000000002 0.8 0.0
3.2600000000000002 0.86 0.0
3.2600000000000002 0.92 0.0
3.2600000000000002 0.98 0.0
3.2600000000000002 1.04 0.0
3.2600000000000002 1.1 0.0
3.2600000000000002 1.1600000000000001 0.0
3.2600000000000002 1.22 0.0
3.2600000000000002 1.28 0.0
3.2600000000000002 1.34 0.0
3.2600000000000002 1.4 0.0
3.2600000000000002 1.46 0.0
3.2600000000000002 1.52 0.0
3.2600000000000002 1.58 0.0
3.2600000000000002 1.6400000000000001 0.0
3.2600000000000002 1.7000000000000002 0.0
3.2600000000000002 1.76 0.0
3.2600000000000002 1.82 0.0
3.2600000000000002 1.8800000000000001 0.0
3.2600000000000002 1.94 0.0
3.2600000000000002 2.0 0.0
3.2600000000000002 2.06 0.0
3.2600000000000002 2.12 0.0
3.2600000000000002 2.18 0.0
3.2600000000000002 2.2399999999999998 0.0
3.2600000000000002 2.3000000000000003 0.0
3.2600000000000002 2.36 0.0
3.2600000000000002 2.4200000000000004 0.0
3.2600000000000002 2.48 0.0
3.2600000000000002 2.5400000000000005 0.0
3.2600000000000002 2.5999999999999996 0.0
3.2600000000000002 2.66 0.0
3.2600000000000002 2.7199999999999998 0.0
3.2600000000000002 2.7800000000000002 0.0
3.2600000000000002 2.84 0.0
3.2600000000000002 2.9000000000000004 0.0
3.2600000000000002 2.9599999999999995 0.0
3.2600000000000002 3.02 0.0
3.2600000000000002 3.0799999999999996 0.0
3.2600000000000002 3.14 0.0
3.2600000000000002 3.1999999999999997 0.0
3.2600000000000002 3.2600000000000002 0.0
3.2600000000000002 3.3200000000000003 0.0
3.2600000000000002 3.38 0.0
3.2600000000000002 3.4399999999999995 0.0
3.2600000000000002 3.5 0.0
3.3200000000000003 0.5 0.0
3.3200000000000003 0.56 0.0
3.3200000000000003 0.62 0.0
3.3200000000000003 0.6799999999999999 0.0
3.3200000000000003 0.74 0.0
3.3200000000000003 0.8 0.0
3.3200000000000003 0.86 0.0
3.3200000000000003 0.92 0.0
3.3200000000000003 0.98 0.0
3.3200000000000003 1.04 0.0
3.3200000000000003 1.1 0.0
3.3200000000000003 1.1600000000000001 0.0
3.3200000000000003 1.22 0.0
3.3200000000000003 1.28 0.0
3.3200000000000003 1.34 0.0
3.3200000000000003 1.4 0.0
3.3200000000000003 1.46 0.0
3.3200000000000003 1.52 0.0
3.3200000000000003 1.58 0.0
3.3200000000000003 1.6400000000000001 0.0
3.3200000000000003 1.7000000000000002 0.0
3.3200000000000003 1.76 0.0
3.3200000000000003 1.82 0.0
3.3200000000000003 1.8800000000000001 0.0
3.3200000000000003 1.94 0.0
3.3200000000000003 2.0 0.0
3.3200000000000003 2.06 0.0
3.3200000000000003 2.12 0.0
3.3200000000000003 2.18 0.0
3.3200000000000003 2.2399999999999998 0.0
3.3200000000000003 2.3000000000000003 0.0
3.3200000000000003 2.36 0.0
3.3200000000000003 2.4200000000000004 0.0
3.3200000000000003 2.48 0.0
3.3200000000000003 2.5400000000000005 0.0
3.3200000000000003 2.5999999999999996 0.0
3.3200000000000003 2.66 0.0
3.3200000000000003 2.7199999999999998 0.0
3.3200000000000003 2.7800000000000002 0.0
3.3200000000000003 2.84 0.0
3.3200000000000003 2.9000000000000004 0.0
3.3200000000000003 2.9599999999999995 0.0
3.3200000000000003 3.02 0.0
3.3200000000000003 3.0799999999999996 0.0
3.3200000000000003 3.14 0.0
3.3200000000000003 3.1999999999999997 0.0
3.3200000000000003 3.2600000000000002 0.0
3.3200000000000003 3.3200000000000003 0.0
3.3200000000000003 3.38 0.0
3.3200000000000003 3.4399999999999995 0.0
3.3200000000000003 3.5 0.0
3.38 0.5 0.0
3.38 0.56 0.0
3.38 0.62 0.0
3.38 0.6799999999999999 0.0
3.38 0.74 0.0
3.38 0.8 0.0
3.38 0.86 0.0
3.38 0.92 0.0
3.38 0.98 0.0
3.38 1.04 0.0
3.38 1.1 0.0
3.38 1.1600000000000001 0.0
3.38 1.22 0.0
3.38 1.28 0.0
3.38 1.34 0.0
3.38 1.4 0.0
3.38 1.46 0.0
3.38 1.52 0.0
3.38 1.58 0.0
3.38 1.6400000000000001 0.0
3.38 1.7000000000000002 0.0
3.38 1.76 0.0
3.38 1.82 0.0
3.38 1.8800000000000001 0.0
3.38 1.94 0.0
3.38 2.0 0.0
3.38 2.06 0.0
3.38 2.12 0.0
3.38 2.18 0.0
3.38 2.2399999999999998 0.0
3.38 2.3000000000000003 0.0
3.38 2.36 0.0
3.38 2.4200000000000004 0.0
3.38 2.48 0.0
3.38 2.5400000000000005 0.0
3.38 2.5999999999999996 0.0
3.38 2.66 0.0
3.38 2.7199999999999998 0.0
3.38 2.7800000000000002 0.0
3.38 2.84 0.0
3.38 2.9000000000000004 0.0
3.38 2.9599999999999995 0.0
3.38 3.02 0.0
3.38 3.0799999999999996 0.0
3.38 3.14 0.0
3.38 3.1999999999999997 0.0
3.38 3.2600000000000002 0.0
3.38 3.3200000000000003 0.0
3.38 3.38 0.0
3.38 3.4399999999999995 0.0
3.38 3.5 0.0
3.4399999999999995 0.5 0.0
3.4399999999999995 0.56 0.0
3.4399999999999995 0.62 0.0
3.4399999999999995 0.6799999999999999 0.0
3.4399999999999995 0.74 0.0
3.4399999999999995 0.8 0.0
3.4399999999999995 0.86 0.0
3.4399999999999995 0.92 0.0
3.4399999999999995 0.98 0.0
3.4399999999999995 1.04 0.0
3.4399999999999995 1.1 0.0
3.4399999999999995 1.1600000000000001 0.0
3.4399999999999995 1.22 0.0
3.4399999999999995 1.28 0.0
3.4399999999999995 1.34 0.0
3.4399999999999995 1.4 0.0
3.4399999999999995 1.46 0.0
3.4399999999999995 1.52 0.0
3.4399999999999995 1.58 0.0
3.4399999999999995 1.6400000000000001 0.0
3.4399999999999995 1.7000000000000002 0.0
3.4399999999999995 1.76 0.0
3.4399999999999995 1.82 0.0
3.4399999999999995 1.8800000000000001 0.0
3.4399999999999995 1.94 0.0
3.4399999999999995 2.0 0.0
3.4399999999999995 2.06 0.0
3.4399999999999995 2.12 0.0
3.4399999999999995 2.18 0.0
3.4399999999999995 2.2399999999999998 0.0
3.4399999999999995 2.3000000000000003 0.0
3.4399999999999995 2.36 0.0
3.4399999999999995 2.4200000000000004 0.0
3.4399999999999995 2.48 0.0
3.4399999999999995 2.5400000000000005 0.0
3.4399999999999995 2.5999999999999996 0.0
3.4399999999999995 2.66 0.0
3.4399999999999995 2.7199999999999998 0.0
3.4399999999999995 2.7800000000000002 0.0
3.4399999999999995 2.84 0.0
3.4399999999999995 2.9000000000000004 0.0
3.4399999999999995 2.9599999999999995 0.0
3.4399999999999995 3.02 0.0
3.4399999999999995 3.0799999999999996 0.0
3.4399999999999995 3.14 0.0
3.4399999999999995 3.1999999999999997 0.0
3.4399999999999995 3.2600000000000002 0.0
3.4399999999999995 3.3200000000000003 0.0
3.4399999999999995 3.38 0.0
3.4399999999999995 3.4399999999999995 0.0
3.4399999999999995 3.5 0.0
3.5 0.5 0.0
3.5 0.56 0.0
3.5 0.62 0.0
3.5 0.6799999999999999 0.0
3.5 0.74 0.0
3.5 0.8 0.0
3.5 0.86 0.0
3.5 0.92 0.0
3.5 0.98 0.0
3.5 1.04 0.0
3.5 1.1 0.0
3.5 1.1600000000000001 0.0
3.5 1.22 0.0
3.5 1.28 0.0
3.5 1.34 0.0
3.5 1.4 0.0
3.5 1.46 0.0
3.5 1.52 0.0
3.5 1.58 0.0
3.5 1.6400000000000001 0.0
3.5 1.7000000000000002 0.0
3.5 1.76 0.0
3.5 1.82 0.0
3.5 1.8800000000000001 0.0
3.5 1.94 0.0
3.5 2.0 0.0
3.5 2.06 0.0
3.5 2.12 0.0
3.5 2.18 0.0
3.5 2.2399999999999998 0.0
3.5 2.3000000000000003 0.0
3.5 2.36 0.0
3.5 2.4200000000000004 0.0
3.5 2.48 0.0
3.5 2.5400000000000005 0.0
3.5 2.5999999999999996 0.0
3.5 2.66 0.0
3.5 2.7199999999999998 0.0
3.5 2.7800000000000002 0.0
3.5 2.84 0.0
3.5 2.9000000000000004 0.0
3.5 2.9599999999999995 0.0
3.5 3.02 0.0
3.5 3.0799999999999996 0.0
3.5 3.14 0.0
3.5 3.1999999999999997 0.0
3.5 3.2600000000000002 0.0
3.5 3.3200000000000003 0.0
3.5 3.38 0.0
3.5 3.4399999999999995 0.0
3.5 3.5 0.0
