7.85 8.83 -1.6243138779208817e-35
7.85 9.32 -4.3802636079245716e-42
7.85 9.81 -3.085684236487367e-39
7.85 10.3 -7.153626876813549e-40
7.85 10.79 -1.4142600997217796e-36
7.85 13.73 -1.355998251700144e-38
7.85 14.220000000000002 -1.4818153196059039e-33
7.85 14.709999999999999 8.277055577782901e-34
7.85 15.2 3.1494547577711035e-29
7.85 15.69 1.1625631181460238e-28
7.85 16.18 3.159218923871668e-26
7.85 16.67 1.1635016511767358e-23
7.85 17.16 4.6523992032369853e-23
7.85 17.65 8.032790713102342e-26
7.85 18.14 -1.199812723233584e-24
7.85 18.63 -6.169779953761199e-25
7.85 19.12 -3.557676139430431e-18
7.85 19.61 4.402088996557448e-31
7.85 20.1 8.842807454363699e-35
7.85 20.59 2.1583669283241833e-36
7.85 21.08 -2.924950842997325e-34
7.85 21.57 -8.678119655763209e-40
7.85 22.06 -1.3612484224286903e-36
8.34 8.83 -4.324073291752038e-31
8.34 9.32 2.1063600851657203e-30
8.34 9.81 1.8653925617130094e-30
8.34 10.3 -4.777879304546838e-31
8.34 10.79 -1.4166885651515773e-31
8.34 13.73 -1.0908117889721791e-23
8.34 14.220000000000002 -5.283834373715758e-21
8.34 14.709999999999999 -2.2276525416539756e-18
8.34 15.2 5.350976822257771e-16
8.34 15.69 1.1601340576441072e-14
8.34 16.18 2.1027344363958307e-13
8.34 16.67 1.6672857141747097e-13
8.34 17.16 2.7573460573657948e-14
8.34 17.65 5.976158220209802e-16
8.34 18.14 -6.787421141753835e-17
8.34 18.63 -1.3553735990185576e-19
8.34 19.12 9.997986802490678e-21
8.34 19.61 1.377487501890335e-24
8.34 20.1 1.7519448861357316e-27
8.34 20.59 1.2660619056083104e-27
8.34 21.08 3.449025713206944e-30
8.34 21.57 3.065544800328324e-32
8.34 22.06 3.231926648226858e-31
8.83 8.83 1.166376953978113e-25
8.83 9.32 -5.896298681434877e-24
8.83 9.81 -2.414196265515275e-24
8.83 10.3 4.995905072145063e-25
8.83 10.79 -2.427329952298201e-25
8.83 13.73 4.58977433640678e-13
8.83 14.220000000000002 8.213865029574193e-12
8.83 14.709999999999999 -2.8321196329521613e-10
8.83 15.2 -4.2323971955297274e-8
8.83 15.69 4.342171991389347e-8
8.83 16.18 1.4271231063448168e-6
8.83 16.67 6.132633095468509e-6
8.83 17.16 -3.806547661676384e-9
8.83 17.65 2.195509220408311e-9
8.83 18.14 4.041861585968493e-11
8.83 18.63 2.8364678934246354e-12
8.83 19.12 2.7335336574622646e-15
8.83 19.61 3.0139193263274496e-17
8.83 20.1 5.272015761567086e-18
8.83 20.59 3.4893505575909915e-23
8.83 21.08 8.659953369611785e-26
8.83 21.57 -1.1617906509102662e-25
8.83 22.06 7.660024519532945e-24
9.32 8.83 1.5348923092031328e-19
9.32 9.32 -1.7938082193430865e-20
9.32 9.81 1.479597181421765e-19
9.32 10.3 6.44324892816676e-20
9.32 10.79 5.285871547094871e-19
9.32 13.73 2.861136008657777e-8
9.32 14.220000000000002 2.391808318725007e-5
9.32 14.709999999999999 0.0015448605174500983
9.32 15.2 0.001396662612334715
9.32 15.69 0.001580719881725355
9.32 16.18 0.00230350837595883
9.32 16.67 0.0013956408939075934
9.32 17.16 0.0002936279277207814
9.32 17.65 1.6481897016372216e-5
9.32 18.14 1.772166423023264e-7
9.32 18.63 8.986528608217935e-9
9.32 19.12 9.868293441066894e-11
9.32 19.61 4.519439216343994e-12
9.32 20.1 4.9255108135567526e-14
9.32 20.59 1.0644065376141803e-16
9.32 21.08 2.159769735873555e-20
9.32 21.57 2.339498646531013e-20
9.32 22.06 -1.5018322939065517e-20
9.81 8.83 -1.0759980901810754e-18
9.81 9.32 -1.6505656316898855e-18
9.81 9.81 -1.3209762793177259e-18
9.81 10.3 8.136393650243853e-20
9.81 10.79 -1.1215897309338743e-18
9.81 13.73 1.4197826429929455e-7
9.81 14.220000000000002 0.0032072798649554583
9.81 14.709999999999999 0.05337805710955037
9.81 15.2 0.4436301555631857
9.81 15.69 0.4910833927226411
9.81 16.18 0.17427609336927574
9.81 16.67 0.024542602125299788
9.81 17.16 0.001047699942398603
9.81 17.65 8.522297503701974e-6
9.81 18.14 1.8484509465693806e-8
9.81 18.63 2.33387266197098e-10
9.81 19.12 2.858123725993064e-13
9.81 19.61 2.0335607529174113e-15
9.81 20.1 -3.010508385285291e-17
9.81 20.59 2.8834863476143547e-18
9.81 21.08 -3.735138201411093e-17
9.81 21.57 1.0746231066008164e-17
9.81 22.06 3.819808321946473e-19
10.3 8.83 -9.074709658139035e-23
10.3 9.32 4.502057458500574e-20
10.3 9.81 1.5456914014627699e-18
10.3 10.3 -1.3454971570735274e-20
10.3 10.79 -2.544572758138682e-21
10.3 13.73 3.380296507711743e-7
10.3 14.220000000000002 0.0005443279204364183
10.3 14.709999999999999 0.01564965310151061
10.3 15.2 0.07556847083051868
10.3 15.69 0.019570262163443063
10.3 16.18 0.0020819210464025767
10.3 16.67 1.2482294988695592e-5
10.3 17.16 3.8131609581212255e-8
10.3 17.65 1.255606262787792e-10
10.3 18.14 2.0434746425639838e-12
10.3 18.63 1.6951653689270029e-16
10.3 19.12 1.0526361131263545e-19
10.3 19.61 1.178734421885062e-20
10.3 20.1 -6.031897002563202e-20
10.3 20.59 2.665115606080233e-18
10.3 21.08 -3.092189743342106e-19
10.3 21.57 6.800417234459995e-20
10.3 22.06 1.5915960550672418e-20
10.79 8.83 8.907277845485212e-23
10.79 9.32 2.8264010144633144e-24
10.79 9.81 -6.346056456890335e-23
10.79 10.3 -1.3081231784616593e-24
10.79 10.79 7.088638608754728e-24
10.79 13.73 1.7884909194760845e-10
10.79 14.220000000000002 9.260566863578917e-8
10.79 14.709999999999999 1.0851055261624969e-7
10.79 15.2 2.0192948649300526e-6
10.79 15.69 1.1542423918355623e-6
10.79 16.18 4.377479116598446e-7
10.79 16.67 5.186798573373961e-9
10.79 17.16 2.1259173552926936e-10
10.79 17.65 1.1469907528218582e-12
10.79 18.14 3.3928549266463533e-16
10.79 18.63 1.8389327898930555e-24
10.79 19.12 -2.7267268937891526e-21
10.79 19.61 1.436299229453161e-24
10.79 20.1 5.749054543965076e-24
10.79 20.59 1.910273654960679e-24
10.79 21.08 -8.051758172997956e-24
10.79 21.57 -2.854628505297644e-24
10.79 22.06 6.318061843342025e-25
11.28 8.83 5.023557931431951e-28
11.28 9.32 2.954514074485043e-29
11.28 9.81 -7.226835491593718e-28
11.28 10.3 6.864837467513951e-29
11.28 10.79 8.744340012996114e-29
11.28 13.73 1.4435305147086498e-14
11.28 14.220000000000002 3.717330153901101e-12
11.28 14.709999999999999 3.4477450719916e-11
11.28 15.2 7.082126801927432e-12
11.28 15.69 1.0906293332729532e-12
11.28 16.18 7.731836720227395e-15
11.28 16.67 1.931206541857127e-18
11.28 17.16 4.02216742581193e-22
11.28 17.65 1.2619852115198425e-22
11.28 18.14 1.8787651186820107e-22
11.28 18.63 1.0623953208439582e-30
11.28 19.12 -7.805520577090089e-18
11.28 19.61 5.301361065533077e-29
11.28 20.1 4.900488909918985e-29
11.28 20.59 4.7417752120056084e-27
11.28 21.08 -6.451944469270825e-29
11.28 21.57 -4.833870477732917e-29
11.28 22.06 4.652023276837657e-30
13.73 8.83 -7.021852918144698e-24
13.73 9.32 6.4659800287341125e-24
13.73 9.81 2.4387332568505796e-23
13.73 10.3 -3.999278941682824e-23
13.73 10.79 -6.857833034522645e-25
13.73 13.73 -4.283566793910285e-25
13.73 14.220000000000002 -4.9285375787690565e-24
13.73 14.709999999999999 7.20412231102551e-24
13.73 15.2 3.3799382573597882e-22
13.73 15.69 3.3014133751426915e-23
13.73 16.18 3.7057265759984996e-23
13.73 16.67 -4.6994563943216936e-23
13.73 17.16 4.413692783468597e-21
13.73 17.65 -1.2475906708488132e-18
13.73 18.14 1.4845305664550115e-12
13.73 18.63 2.2300311536681813e-8
13.73 19.12 3.6265338645040565e-6
13.73 19.61 1.4987373781734899e-5
13.73 20.1 7.992992982795958e-6
13.73 20.59 3.5166708460426694e-9
13.73 21.08 5.174511435728597e-10
13.73 21.57 -9.45372983388689e-13
13.73 22.06 3.446340139275273e-15
14.220000000000002 8.83 1.2163479699665153e-20
14.220000000000002 9.32 -4.354134809052644e-23
14.220000000000002 9.81 6.3325742727713075e-22
14.220000000000002 10.3 -4.030491634435356e-22
14.220000000000002 10.79 1.2197331404701967e-23
14.220000000000002 13.73 -5.245212777126175e-22
14.220000000000002 14.220000000000002 -6.476174369597866e-23
14.220000000000002 14.709999999999999 -2.4935734794071958e-20
14.220000000000002 15.2 4.543678712879679e-22
14.220000000000002 15.69 3.098313511389981e-22
14.220000000000002 16.18 -1.398361968316364e-19
14.220000000000002 16.67 -1.172417156664723e-20
14.220000000000002 17.16 2.792486284737614e-23
14.220000000000002 17.65 4.0296877455287534e-17
14.220000000000002 18.14 1.1014800026310168e-10
14.220000000000002 18.63 5.901713040414084e-6
14.220000000000002 19.12 0.0003300979170221894
14.220000000000002 19.61 0.004010412755026054
14.220000000000002 20.1 0.0010817814457761538
14.220000000000002 20.59 3.3328267435635076e-5
14.220000000000002 21.08 1.1948570789053595e-8
14.220000000000002 21.57 4.2246620199408256e-10
14.220000000000002 22.06 4.40748032044846e-13
14.709999999999999 8.83 1.0756185218203793e-19
14.709999999999999 9.32 -1.2960513289954208e-20
14.709999999999999 9.81 5.231075220495337e-20
14.709999999999999 10.3 8.878509419009506e-21
14.709999999999999 10.79 1.9038747507378375e-20
14.709999999999999 13.73 -4.602338979628547e-19
14.709999999999999 14.220000000000002 -6.2852568738646225e-21
14.709999999999999 14.709999999999999 -1.804377081187819e-18
14.709999999999999 15.2 3.830933369593358e-20
14.709999999999999 15.69 -4.185478473473011e-19
14.709999999999999 16.18 -4.3684342620534923e-20
14.709999999999999 16.67 1.971892284035513e-19
14.709999999999999 17.16 9.121912527726692e-19
14.709999999999999 17.65 1.0726654063882111e-14
14.709999999999999 18.14 4.871357381214747e-9
14.709999999999999 18.63 1.48253650238272e-5
14.709999999999999 19.12 0.01668269152564624
14.709999999999999 19.61 0.03635013053286549
14.709999999999999 20.1 0.047739029543614975
14.709999999999999 20.59 0.0016706637303717175
14.709999999999999 21.08 9.637148042056305e-6
14.709999999999999 21.57 1.8851683974495736e-8
14.709999999999999 22.06 6.510123315618236e-12
15.2 8.83 -6.084333187786382e-20
15.2 9.32 1.8076932547381905e-20
15.2 9.81 5.514894370438071e-20
15.2 10.3 -6.5228443394690255e-18
15.2 10.79 -6.332916067834129e-20
15.2 13.73 3.1089808437600507e-20
15.2 14.220000000000002 -2.0952258423589777e-20
15.2 14.709999999999999 2.3950524492463862e-18
15.2 15.2 -3.680902437988974e-20
15.2 15.69 -5.609540661314854e-19
15.2 16.18 1.0195224696500384e-19
15.2 16.67 -3.9424939270647144e-19
15.2 17.16 -4.1883250345663625e-19
15.2 17.65 3.1753413697274e-14
15.2 18.14 4.689185705950589e-9
15.2 18.63 9.162673695672075e-5
15.2 19.12 0.04830213763112134
15.2 19.61 0.4424980865663929
15.2 20.1 0.10419396414102877
15.2 20.59 0.008500372455752072
15.2 21.08 6.0283653159889624e-5
15.2 21.57 6.151307370010025e-8
15.2 22.06 1.8857939036339288e-11
15.69 8.83 -1.8100243783182163e-19
15.69 9.32 3.211821584549336e-19
15.69 9.81 9.8189227662559e-19
15.69 10.3 -1.6364541190026657e-17
15.69 10.79 1.7977714253081056e-19
15.69 13.73 -1.595035468902452e-20
15.69 14.220000000000002 2.1370544560131755e-19
15.69 14.709999999999999 1.863468413295739e-19
15.69 15.2 2.3547910467659735e-19
15.69 15.69 -1.1550195833210952e-18
15.69 16.18 -2.9210667618531125e-19
15.69 16.67 5.513262925924566e-19
15.69 17.16 -1.0660905184472894e-19
15.69 17.65 5.678478720311756e-14
15.69 18.14 1.7999631290710063e-8
15.69 18.63 0.00011802190241512497
15.69 19.12 0.02047714063978982
15.69 19.61 0.3362218671965423
15.69 20.1 0.2245942147393259
15.69 20.59 0.008756654221307142
15.69 21.08 7.354705217925527e-5
15.69 21.57 1.0926053051720692e-7
15.69 22.06 1.949610187182594e-11
16.18 8.83 4.6519551965848394e-20
16.18 9.32 3.2874715325394064e-19
16.18 9.81 3.563124277462127e-20
16.18 10.3 2.178237054811941e-19
16.18 10.79 5.844888525434579e-20
16.18 13.73 7.703027514060142e-18
16.18 14.220000000000002 -8.413710140788505e-19
16.18 14.709999999999999 -8.240098770762735e-20
16.18 15.2 -4.148944241899791e-20
16.18 15.69 4.1467920086181985e-18
16.18 16.18 1.4008804459904713e-20
16.18 16.67 3.4799520779339386e-19
16.18 17.16 2.0019864184584354e-19
16.18 17.65 2.3301488139050432e-14
16.18 18.14 4.5234257587188975e-9
16.18 18.63 5.0998955673633656e-5
16.18 19.12 0.010284485061125836
16.18 19.61 0.10326531407515974
16.18 20.1 0.07967820319698253
16.18 20.59 0.004433347201772295
16.18 21.08 2.3253093624373048e-5
16.18 21.57 4.392818843085166e-9
16.18 22.06 7.2737818055681024e-12
16.67 8.83 1.0416085362105874e-20
16.67 9.32 -8.9834350812497e-20
16.67 9.81 -7.977122995663267e-20
16.67 10.3 1.0645147397421365e-19
16.67 10.79 -4.68814149204233e-22
16.67 13.73 -9.539052726862084e-20
16.67 14.220000000000002 1.2888636995405457e-19
16.67 14.709999999999999 1.1308793998200345e-19
16.67 15.2 4.700080535300326e-19
16.67 15.69 9.423175357077876e-20
16.67 16.18 2.7090547425609054e-21
16.67 16.67 7.027566094838369e-20
16.67 17.16 2.892368500840518e-20
16.67 17.65 2.47221123310371e-15
16.67 18.14 5.292862359254216e-10
16.67 18.63 6.946426414959879e-6
16.67 19.12 0.0015382299011689182
16.67 19.61 0.01620194753622748
16.67 20.1 0.01233811971432401
16.67 20.59 0.0007733431322003489
16.67 21.08 2.861436320291636e-6
16.67 21.57 4.690374889618135e-10
16.67 22.06 1.1559337482603911e-14
17.16 8.83 9.999632776476654e-21
17.16 9.32 8.788304456756984e-22
17.16 9.81 3.1231578501104743e-21
17.16 10.3 1.0649552654640875e-21
17.16 10.79 1.4542990727061647e-21
17.16 13.73 -2.309004170147947e-21
17.16 14.220000000000002 -6.67384076790295e-20
17.16 14.709999999999999 1.4503073861061805e-20
17.16 15.2 6.4215223839941305e-21
17.16 15.69 2.935910667873018e-20
17.16 16.18 -1.5515678264672852e-20
17.16 16.67 4.194712431812005e-20
17.16 17.16 2.5040817649116113e-20
17.16 17.65 8.7543062387274e-17
17.16 18.14 5.490036132639949e-11
17.16 18.63 1.3733259796367327e-7
17.16 19.12 0.00011992701661095916
17.16 19.61 0.0009594345510795181
17.16 20.1 0.0008666387320972982
17.16 20.59 4.931047854520411e-5
17.16 21.08 8.102435182322353e-9
17.16 21.57 1.364233601356285e-9
17.16 22.06 1.6416106629892944e-19
17.65 8.83 4.683574167652771e-16
17.65 9.32 4.043975898094262e-15
17.65 9.81 2.2708011400291367e-14
17.65 10.3 2.336963460721083e-16
17.65 10.79 2.165735864327735e-19
17.65 13.73 -3.624792261876748e-23
17.65 14.220000000000002 1.8486645404779e-21
17.65 14.709999999999999 -1.640091547820287e-23
17.65 15.2 2.0243051426410128e-23
17.65 15.69 5.508121704385442e-22
17.65 16.18 2.503471197787497e-22
17.65 16.67 -8.337647250601091e-22
17.65 17.16 8.355458859572721e-22
17.65 17.65 1.500071133530284e-17
17.65 18.14 -1.1825548746184197e-11
17.65 18.63 2.939816883331751e-8
17.65 19.12 2.8902630578334264e-6
17.65 19.61 3.627329534408753e-5
17.65 20.1 3.189116372380443e-5
17.65 20.59 1.411104412966275e-6
17.65 21.08 2.1587574216574074e-11
17.65 21.57 4.6518253770888396e-12
17.65 22.06 8.918635328395967e-21
18.14 8.83 3.6545743483761987e-11
18.14 9.32 1.7681725739366733e-9
18.14 9.81 2.6188530759536862e-8
18.14 10.3 2.4055405565009332e-11
18.14 10.79 8.274967059741734e-14
18.14 13.73 -1.582323959083418e-25
18.14 14.220000000000002 4.6078076581643234e-24
18.14 14.709999999999999 -5.729572954008115e-23
18.14 15.2 2.9496968551705316e-24
18.14 15.69 -1.440968218286755e-23
18.14 16.18 1.070561586410563e-23
18.14 16.67 5.527128035334956e-24
18.14 17.16 4.001420863287055e-24
18.14 17.65 1.629457524451404e-19
18.14 18.14 5.652213797107966e-14
18.14 18.63 1.8145552549748522e-10
18.14 19.12 3.32763955591365e-8
18.14 19.61 6.517581204872855e-7
18.14 20.1 9.716716404902852e-8
18.14 20.59 1.2004256037644851e-9
18.14 21.08 7.152128945156768e-11
18.14 21.57 9.744712553970995e-18
18.14 22.06 2.0021097413909337e-25
18.63 8.83 4.481528838057461e-8
18.63 9.32 1.928012566833722e-5
18.63 9.81 0.0002867713531150433
18.63 10.3 1.8860843236754222e-6
18.63 10.79 5.0467382788828985e-9
18.63 13.73 -2.042532378046645e-23
18.63 14.220000000000002 -3.163557870131019e-23
18.63 14.709999999999999 3.4308815278762345e-23
18.63 15.2 1.7667820141302375e-21
18.63 15.69 -3.818643796910996e-21
18.63 16.18 -3.194312153912421e-23
18.63 16.67 3.741045989982132e-23
18.63 17.16 -5.265044759008754e-23
18.63 17.65 -9.227922164059844e-21
18.63 18.14 2.4393315442683187e-15
18.63 18.63 1.315141713665787e-11
18.63 19.12 9.627504107794462e-11
18.63 19.61 2.2344693356076836e-8
18.63 20.1 5.597378335236857e-10
18.63 20.59 6.772166613240446e-12
18.63 21.08 7.395353617136302e-13
18.63 21.57 8.901063197033824e-22
18.63 22.06 -6.081363529788363e-23
19.12 8.83 3.197121080013426e-6
19.12 9.32 0.003087653862376977
19.12 9.81 0.078572692693802
19.12 10.3 0.0035036367339365757
19.12 10.79 8.096877570973718e-8
19.12 13.73 -1.249464932441917e-20
19.12 14.220000000000002 -3.982134662343619e-20
19.12 14.709999999999999 4.3953462442287504e-20
19.12 15.2 -5.782033775166128e-20
19.12 15.69 3.2386493317851465e-19
19.12 16.18 -2.382742392033441e-20
19.12 16.67 1.4774756805443022e-21
19.12 17.16 4.606295968735166e-20
19.12 17.65 -7.468446563351243e-19
19.12 18.14 6.286373081639423e-17
19.12 18.63 1.3168861297862617e-14
19.12 19.12 4.723672145231942e-11
19.12 19.61 8.216110412763212e-11
19.12 20.1 6.109043252386582e-15
19.12 20.59 1.342498831058198e-11
19.12 21.08 1.6784311603131884e-19
19.12 21.57 -2.3903643417477066e-18
19.12 22.06 -5.620647928740806e-19
19.61 8.83 3.091718037362594e-5
19.61 9.32 0.021969555764392475
19.61 9.81 0.7260884466544059
19.61 10.3 0.05312260155242918
19.61 10.79 1.3566094793063011e-6
19.61 13.73 3.000949372662563e-19
19.61 14.220000000000002 -1.115297198162995e-18
19.61 14.709999999999999 8.2492391463443e-19
19.61 15.2 1.8367983915275704e-18
19.61 15.69 1.8670294778431732e-18
19.61 16.18 1.6424710510753727e-18
19.61 16.67 -8.415292336924485e-20
19.61 17.16 4.2671690620648235e-19
19.61 17.65 2.45505917564367e-18
19.61 18.14 7.099622436149575e-18
19.61 18.63 9.565436514532313e-17
19.61 19.12 2.178614476295859e-12
19.61 19.61 3.1489158785454263e-14
19.61 20.1 5.046787165933531e-16
19.61 20.59 5.3220731616478e-14
19.61 21.08 9.109649512966979e-18
19.61 21.57 -1.3055789829770645e-17
19.61 22.06 3.4523906547399394e-18
20.1 8.83 1.0519313323763801e-6
20.1 9.32 0.006561150163093933
20.1 9.81 0.347446364314059
20.1 10.3 0.05801987110101742
20.1 10.79 6.384226724462912e-6
20.1 13.73 8.74634514238785e-19
20.1 14.220000000000002 6.715080114865012e-20
20.1 14.709999999999999 3.691027751144275e-18
20.1 15.2 3.863363880074044e-19
20.1 15.69 3.566838871901454e-18
20.1 16.18 5.734273074956523e-19
20.1 16.67 -7.353603233574487e-19
20.1 17.16 -1.257530565472598e-20
20.1 17.65 1.7899135816537855e-18
20.1 18.14 1.2846778847670455e-19
20.1 18.63 1.1669127569991145e-18
20.1 19.12 1.3648528960420195e-15
20.1 19.61 3.38079673655408e-19
20.1 20.1 1.4053423854158909e-15
20.1 20.59 -4.205821229717467e-18
20.1 21.08 -6.784256977629744e-18
20.1 21.57 3.580159529224063e-18
20.1 22.06 -1.0175136061279853e-18
20.59 8.83 1.7639410866964597e-8
20.59 9.32 0.00018891271994290958
20.59 9.81 0.014800566481550577
20.59 10.3 0.00533515279413242
20.59 10.79 2.779053324700032e-6
20.59 13.73 2.160459776580477e-19
20.59 14.220000000000002 -5.351123862279346e-20
20.59 14.709999999999999 2.302174239343269e-19
20.59 15.2 1.125398256577303e-20
20.59 15.69 -1.5185363352147216e-19
20.59 16.18 -2.6411314835588012e-20
20.59 16.67 -4.2266300052427757e-20
20.59 17.16 2.7709340882798956e-20
20.59 17.65 3.7325849373407045e-20
20.59 18.14 5.974206692144447e-20
20.59 18.63 1.933901579682746e-19
20.59 19.12 -3.711407281790779e-19
20.59 19.61 2.857320620403407e-20
20.59 20.1 2.018648386436539e-18
20.59 20.59 -7.982520929593686e-19
20.59 21.08 -6.3463326154175565e-19
20.59 21.57 -1.848957949448737e-19
20.59 22.06 6.764602469234331e-20
21.08 8.83 6.04830017375521e-11
21.08 9.32 6.517917794246628e-7
21.08 9.81 7.42644941877871e-5
21.08 10.3 6.475290509084662e-5
21.08 10.79 3.271646822331154e-8
21.08 13.73 -1.5570668709322338e-22
21.08 14.220000000000002 4.845141423142474e-22
21.08 14.709999999999999 6.884792519878851e-22
21.08 15.2 1.9262807563103858e-21
21.08 15.69 -1.9355124984317284e-21
21.08 16.18 4.794735215247993e-23
21.08 16.67 -1.7814297375756373e-21
21.08 17.16 9.054486947628803e-22
21.08 17.65 2.786779145113602e-22
21.08 18.14 2.269254672997435e-22
21.08 18.63 1.1730434213785472e-22
21.08 19.12 1.6068371865738343e-21
21.08 19.61 1.0167008420856736e-20
21.08 20.1 -7.800988660221389e-22
21.08 20.59 -2.974135938627033e-22
21.08 21.08 -7.290692407192685e-21
21.08 21.57 -1.0506850510822768e-21
21.08 22.06 -8.249455226314099e-23
21.57 8.83 1.6192201672425928e-15
21.57 9.32 1.0422819099378925e-10
21.57 9.81 4.208269335513342e-8
21.57 10.3 3.995090525699634e-8
21.57 10.79 4.556634058245107e-11
21.57 13.73 1.5644115881041838e-25
21.57 14.220000000000002 -1.5993213939465928e-25
21.57 14.709999999999999 -1.9084299512876994e-26
21.57 15.2 -1.0644462652847288e-25
21.57 15.69 -6.860424189920015e-25
21.57 16.18 8.604499529674425e-25
21.57 16.67 -6.287481209572502e-26
21.57 17.16 1.4139570159303088e-24
21.57 17.65 1.9557102446226685e-25
21.57 18.14 3.7095842456889665e-26
21.57 18.63 -2.794986607640781e-25
21.57 19.12 3.3680293478235564e-24
21.57 19.61 5.742950625958756e-26
21.57 20.1 1.4717983917837617e-25
21.57 20.59 -4.08382431515389e-25
21.57 21.08 -8.407521601367673e-25
21.57 21.57 -9.75674825623075e-25
21.57 22.06 -6.23570558166693e-26
22.06 8.83 1.492662630772654e-19
22.06 9.32 7.454582520482383e-16
22.06 9.81 2.1078862099670858e-12
22.06 10.3 4.932470330323171e-12
22.06 10.79 1.1309745906891137e-14
22.06 13.73 -8.649829991010726e-29
22.06 14.220000000000002 9.401308643310091e-30
22.06 14.709999999999999 -7.320298599639833e-29
22.06 15.2 2.936154564001626e-30
22.06 15.69 -1.2556289281845766e-28
22.06 16.18 -6.162382818892572e-29
22.06 16.67 -1.0468006619964464e-28
22.06 17.16 2.2421671137124946e-28
22.06 17.65 -2.8073540872770027e-30
22.06 18.14 8.277485392183145e-29
22.06 18.63 9.653061495257552e-29
22.06 19.12 6.499484996247302e-27
22.06 19.61 6.66140013719992e-29
22.06 20.1 -3.9784189533698406e-29
22.06 20.59 -8.998296624744675e-29
22.06 21.08 2.0620567608793077e-28
22.06 21.57 -1.8080828594491298e-28
22.06 22.06 1.3286309736017792e-28
22.55 8.83 3.726594663144117e-21
22.55 9.32 -1.7012609413529619e-19
22.55 9.81 9.986229125468878e-17
22.55 10.3 2.255249477150244e-16
22.55 10.79 5.097867698820124e-18
22.55 13.73 4.991526210680316e-33
22.55 14.220000000000002 -2.605112765825461e-33
22.55 14.709999999999999 7.97727717906657e-34
22.55 15.2 -5.0959230639897766e-33
22.55 15.69 -2.1101640553720605e-33
22.55 16.18 -8.282379384683446e-33
22.55 16.67 -4.5006729905449994e-33
22.55 17.16 2.7126860533111324e-33
22.55 17.65 1.0855109251694542e-33
22.55 18.14 3.8969019595083866e-33
22.55 18.63 2.1940497585476715e-31
22.55 19.12 3.974519841070703e-33
22.55 19.61 2.3613582485628616e-33
22.55 20.1 -1.3799669380939661e-33
22.55 20.59 9.712247401208266e-34
22.55 21.08 8.215702120312043e-33
22.55 21.57 -6.884140244032977e-33
22.55 22.06 -1.1514212447308421e-33
