0.0 1.0 8.89700330459577e-87
0.0 1.06 1.5170093706060126e-31
0.0 1.1199999999999999 1.4343422949303986e-20
0.0 1.18 -7.1791052062936e-32
0.0 1.24 -3.5714065768924253e-31
0.0 1.3 -1.1181660346036366e-31
0.0 1.3599999999999999 1.640785020745508e-31
0.0 1.42 2.757855451227134e-31
0.0 1.48 1.8218762365852432e-32
0.0 1.54 -1.7534194548821952e-31
0.0 1.6 5.544325147606353e-32
0.0 1.6600000000000001 1.9779091374056067e-32
0.0 1.72 -3.276680499624809e-32
0.0 1.78 7.986023897886039e-31
0.0 1.84 2.501140993394345e-31
0.0 1.9 1.7771553288033397e-15
0.0 1.96 2.4313861966584245e-31
0.0 2.02 -4.70018178902125e-32
0.0 2.08 1.372480906428693e-32
0.0 2.14 -5.061222114662682e-32
0.0 2.2 -1.177474754866805e-31
0.0 2.26 1.452433232609426e-31
0.0 2.3200000000000003 -2.901767764361885e-31
0.0 2.38 -2.4752789320906553e-32
0.0 2.44 1.5358581732468163e-32
0.0 2.5 1.2089329257832805e-31
0.0 2.56 8.282592506531909e-32
0.0 2.62 1.1977576049848244e-19
0.0 2.68 -1.2176047133348671e-32
0.0 2.7399999999999998 -1.0496000424577487e-31
0.0 2.8 1.6082524807870162e-31
0.0 2.86 2.2179119434536525e-31
0.0 2.92 -3.285706389731539e-33
0.0 2.98 -1.6822480703634346e-31
0.0 3.04 6.542903453933634e-32
0.0 3.0999999999999996 3.1822306581998494e-32
0.0 3.16 8.01969471828279e-32
0.0 3.2199999999999998 -5.816543916220546e-32
0.0 3.2800000000000002 -6.782338774145192e-19
0.0 3.34 2.5527543563669e-32
0.0 3.4000000000000004 -1.7204518134564577e-31
0.0 3.46 6.236454675916804e-32
0.0 3.52 -1.6849472982577696e-19
0.0 3.58 -8.681870925442194e-19
0.0 3.64 6.827177420683842e-20
0.0 3.7 -1.3159995437327858e-19
0.0 3.7600000000000002 3.924542654648186e-19
0.0 3.82 -1.3927945161358278e-19
0.0 3.88 1.8532893515478301e-19
0.0 3.94 1.7698834593412563e-31
0.012 1.0 1.6101627900321878e-70
0.012 1.06 1.2347128412135953e-31
0.012 1.1199999999999999 1.167429077606069e-20
0.012 1.18 -5.843163238400468e-32
0.012 1.24 -2.9068123421823045e-31
0.012 1.3 -9.100892771561918e-32
0.012 1.3599999999999999 1.3354553861299427e-31
0.012 1.42 2.244652937430945e-31
0.012 1.48 1.4828477845954723e-32
0.012 1.54 -1.4271299564299524e-31
0.012 1.6 4.5125953657612125e-32
0.012 1.6600000000000001 1.6098449080329817e-32
0.012 1.72 -2.6669311131708675e-32
0.012 1.78 6.499924422364975e-31
0.012 1.84 2.035709839416522e-31
0.012 1.9 1.4464488801595778e-15
0.012 1.96 1.9789355406317503e-31
0.012 2.02 -3.8255365612043014e-32
0.012 2.08 1.1170793222002431e-32
0.012 2.14 -4.1193917837909184e-32
0.012 2.2 -9.583613840553241e-32
0.012 2.26 1.1821535173456648e-31
0.012 2.3200000000000003 -2.3617849634284153e-31
0.012 2.38 -2.0146603852663728e-32
0.012 2.44 1.2500541166948428e-32
0.012 2.5 9.839655815931072e-32
0.012 2.56 6.741305310638345e-32
0.012 2.62 9.74869848658364e-20
0.012 2.68 -9.910236576035032e-33
0.012 2.7399999999999998 -8.542825612495795e-32
0.012 2.8 1.308976746233343e-31
0.012 2.86 1.8051861842944719e-31
0.012 2.92 -2.67427739766594e-33
0.012 2.98 -1.3692026791863324e-31
0.012 3.04 5.325350699821592e-32
0.012 3.0999999999999996 2.590057209609284e-32
0.012 3.16 6.527329522902658e-32
0.012 3.2199999999999998 -4.7341576156325013e-32
0.012 3.2800000000000002 -5.5202300922852e-19
0.012 3.34 2.0777185990690577e-32
0.012 3.4000000000000004 -1.4002971820242004e-31
0.012 3.46 5.075928218508611e-32
0.012 3.52 -1.3713996144242248e-19
0.012 3.58 -7.066282994099225e-19
0.012 3.64 5.556724825763208e-20
0.012 3.7 -1.0711084368773527e-19
0.012 3.7600000000000002 3.1942341988625037e-19
0.012 3.82 -1.1336128224163828e-19
0.012 3.88 1.508415310530616e-19
0.012 3.94 1.4405302149367804e-31
0.024 1.0 8.409735208592992e-57
0.024 1.06 -4.479949910798693e-31
0.024 1.1199999999999999 -4.235821980230267e-20
0.024 1.18 2.1200944668984742e-31
0.024 1.24 1.0546884472561657e-30
0.024 1.3 3.302107372599532e-31
0.024 1.3599999999999999 -4.845477456999655e-31
0.024 1.42 -8.144349350844886e-31
0.024 1.48 -5.380266227568396e-32
0.024 1.54 5.178103367518545e-31
0.024 1.6 -1.6373200740701863e-31
0.024 1.6600000000000001 -5.841054139400876e-32
0.024 1.72 9.676515383781636e-32
0.024 1.78 -2.358389324561565e-30
0.024 1.84 -7.386234117839231e-31
0.024 1.9 -5.2481988648280194e-15
0.024 1.96 -7.180238030095864e-31
0.024 2.02 1.3880322293626795e-31
0.024 2.08 -4.053136278170701e-32
0.024 2.14 1.4946527029070144e-31
0.024 2.2 3.47725467307166e-31
0.024 2.26 -4.289247157563909e-31
0.024 2.3200000000000003 8.56934339958521e-31
0.024 2.38 7.309859679107683e-32
0.024 2.44 -4.5356131738908636e-32
0.024 2.5 -3.5701552396217905e-31
0.024 2.56 -2.4459703598268916e-31
0.024 2.62 -3.5371528875043536e-19
0.024 2.68 3.595764292947991e-32
0.024 2.7399999999999998 3.0996219981848134e-31
0.024 2.8 -4.749404121983354e-31
0.024 2.86 -6.5498174274726295e-31
0.024 2.92 9.703170153595202e-33
0.024 2.98 4.967923889458453e-31
0.024 3.04 -1.9322148111125362e-31
0.024 3.0999999999999996 -9.397591227566526e-32
0.024 3.16 -2.3683328088772013e-31
0.024 3.2199999999999998 1.7177102464580937e-31
0.024 3.2800000000000002 2.00292355307603e-18
0.024 3.34 -7.538655905947599e-32
0.024 3.4000000000000004 5.080745114414627e-31
0.024 3.46 -1.8417160177403878e-31
0.024 3.52 4.9758951030836e-19
0.024 3.58 2.563883099974726e-18
0.024 3.64 -2.0161650593220272e-19
0.024 3.7 3.8863385769341978e-19
0.024 3.7600000000000002 -1.1589746811249607e-18
0.024 3.82 4.1131253301560054e-19
0.024 3.88 -5.473033737315769e-19
0.024 3.94 -5.226723973783024e-31
0.036 1.0 6.386054762362691e-47
0.036 1.06 -5.342292844338643e-32
0.036 1.1199999999999999 -5.051172871448979e-21
0.036 1.18 2.528190208675088e-32
0.036 1.24 1.2577048085297595e-31
0.036 1.3 3.9377280860601266e-32
0.036 1.3599999999999999 -5.778180573737114e-32
0.036 1.42 -9.712050385619478e-32
0.036 1.48 -6.41591052107885e-33
0.036 1.54 6.174833450956804e-32
0.036 1.6 -1.9524868557306208e-32
0.036 1.6600000000000001 -6.965395226998772e-33
0.036 1.72 1.1539142162593349e-32
0.036 1.78 -2.8123543038457555e-31
0.036 1.84 -8.808005995260954e-32
0.036 1.9 -6.258421589414274e-16
0.036 1.96 -8.562357841123617e-32
0.036 2.02 1.6552137405252508e-32
0.036 2.08 -4.833322099248978e-33
0.036 2.14 1.7823575266645134e-32
0.036 2.2 4.146589388499377e-32
0.036 2.26 -5.114881829126311e-32
0.036 2.3200000000000003 1.0218851290559832e-31
0.036 2.38 8.716930293209434e-33
0.036 2.44 -5.4086706892855715e-33
0.036 2.5 -4.257372329284092e-32
0.036 2.56 -2.916793760677744e-32
0.036 2.62 -4.2180173744124497e-20
0.036 2.68 4.287910860188083e-33
0.036 2.7399999999999998 3.69626642102627e-32
0.036 2.8 -5.663614138344266e-32
0.036 2.86 -7.810587946201099e-32
0.036 2.92 1.1570927723283907e-33
0.036 2.98 5.924196648522731e-32
0.036 3.04 -2.3041457077900583e-32
0.036 3.0999999999999996 -1.1206528054953651e-32
0.036 3.16 -2.824211803491771e-32
0.036 3.2199999999999998 2.0483512855366017e-32
0.036 3.2800000000000002 2.388465134300535e-19
0.036 3.34 -8.989767363456532e-33
0.036 3.4000000000000004 6.058734764772265e-32
0.036 3.46 -2.1962268548758404e-32
0.036 3.52 5.933702236113655e-20
0.036 3.58 3.0574034557171897e-19
0.036 3.64 -2.4042554903256642e-20
0.036 3.7 4.634417612613762e-20
0.036 3.7600000000000002 -1.3820650384548005e-19
0.036 3.82 4.904858415089535e-20
0.036 3.88 -6.52653479477709e-20
0.036 3.94 -6.232813009163786e-32
0.048 1.0 2.5709137592160676e-39
0.048 1.06 -6.671949257782053e-31
0.048 1.1199999999999999 -6.30837184996641e-20
0.048 1.18 3.1574398576681643e-31
0.048 1.24 1.5707387117384862e-30
0.048 1.3 4.917815156945494e-31
0.048 1.3599999999999999 -7.216289538360332e-31
0.048 1.42 -1.2129231520957574e-30
0.048 1.48 -8.011381122223814e-32
0.048 1.54 7.711943390253663e-31
0.048 1.6 -2.4380631513476816e-31
0.048 1.6600000000000001 -8.693307175219779e-32
0.048 1.72 1.441921916094593e-31
0.048 1.78 -3.512220041222136e-30
0.048 1.84 -1.099886960630784e-30
0.048 1.9 -7.816095703839507e-15
0.048 1.96 -1.0691459482291574e-30
0.048 2.02 2.0694737814392557e-31
0.048 2.08 -6.010944643101971e-32
0.048 2.14 2.228702556558134e-31
0.048 2.2 5.181508374056865e-31
0.048 2.26 -6.385002291567313e-31
0.048 2.3200000000000003 1.2765190524612625e-30
0.048 2.38 1.0915455867795954e-31
0.048 2.44 -6.726899813289723e-32
0.048 2.5 -5.314346966619486e-31
0.048 2.56 -3.6402816864604074e-31
0.048 2.62 -5.267850209169283e-19
0.048 2.68 5.375913623648112e-32
0.048 2.7399999999999998 4.618104689996615e-31
0.048 2.8 -7.071589450278003e-31
0.048 2.86 -9.753130682842345e-31
0.048 2.92 1.4577245910188866e-32
0.048 2.98 7.399773362739792e-31
0.048 3.04 -2.8767007647900642e-31
0.048 3.0999999999999996 -1.3987877435185812e-31
0.048 3.16 -3.5264754352581157e-31
0.048 3.2199999999999998 2.5587224169831266e-31
0.048 3.2800000000000002 2.9829361618196845e-18
0.048 3.34 -1.122348671356733e-31
0.048 3.4000000000000004 7.567016617943855e-31
0.048 3.46 -2.742600279507264e-31
0.048 3.52 7.410556143101152e-19
0.048 3.58 3.818368205739829e-18
0.048 3.64 -3.002656618827385e-19
0.048 3.7 5.78788933826663e-19
0.048 3.7600000000000002 -1.7260506431469636e-18
0.048 3.82 6.125640824671627e-19
0.048 3.88 -8.150940271697244e-19
0.048 3.94 -7.784072466967741e-31
0.06 1.0 3.126671596689151e-33
0.06 1.06 2.3057478123945495e-32
0.06 1.1199999999999999 5.850630439318557e-22
0.06 1.18 2.5052001108742784e-31
0.06 1.24 7.389558683981518e-31
0.06 1.3 1.9366718623542103e-30
0.06 1.3599999999999999 4.425690915968657e-30
0.06 1.42 9.045161784857778e-30
0.06 1.48 1.6812679114763818e-29
0.06 1.54 2.880017234622085e-29
0.06 1.6 4.589353078264927e-29
0.06 1.6600000000000001 6.853071290111774e-29
0.06 1.72 9.660932329248791e-29
0.06 1.78 1.2939681234558869e-28
0.06 1.84 1.6541351129748587e-28
0.06 1.9 7.248952427597308e-17
0.06 1.96 2.3965877949805534e-28
0.06 2.02 2.7362704263234335e-28
0.06 2.08 3.029214942282848e-28
0.06 2.14 3.260413578727262e-28
0.06 2.2 3.42025430149798e-28
0.06 2.26 3.5047049553129943e-28
0.06 2.3200000000000003 3.5143608295441787e-28
0.06 2.38 3.4551935800102196e-28
0.06 2.44 3.335527379927089e-28
0.06 2.5 3.1662978905600695e-28
0.06 2.56 2.9592176042091816e-28
0.06 2.62 4.885610302069257e-21
0.06 2.68 2.4781192014749727e-28
0.06 2.7399999999999998 2.2248861659824146e-28
0.06 2.8 1.9747714570517634e-28
0.06 2.86 1.7339976345519685e-28
0.06 2.92 1.507303103707092e-28
0.06 2.98 1.2980547225995298e-28
0.06 3.04 1.1082701194081847e-28
0.06 3.0999999999999996 9.384423629987497e-29
0.06 3.16 7.886003373355192e-29
0.06 3.2199999999999998 6.578664960416931e-29
0.06 3.2800000000000002 -2.766491495018e-20
0.06 3.34 4.4892229467946955e-29
0.06 3.4000000000000004 3.6737564545886955e-29
0.06 3.46 2.991025655650368e-29
0.06 3.52 -6.872839175648747e-21
0.06 3.58 -3.5413038053688426e-20
0.06 3.64 2.7847810381575797e-21
0.06 3.7 -5.367914616370771e-21
0.06 3.7600000000000002 1.600806781494662e-20
0.06 3.82 -5.6811585409895896e-21
0.06 3.88 7.559500363968675e-21
0.06 3.94 4.877135644950704e-30
0.072 1.0 3.0551071733955282e-28
0.072 1.06 1.6427065020381738e-27
0.072 1.1199999999999999 6.871693168115497e-20
0.072 1.18 2.4532920614342915e-26
0.072 1.24 7.279184659522451e-26
0.072 1.3 1.8722078205777842e-25
0.072 1.3599999999999999 4.256000458995617e-25
0.072 1.42 8.690525734923816e-25
0.072 1.48 1.6156759039246254e-24
0.072 1.54 2.7660921682688413e-24
0.072 1.6 4.4032235819102555e-24
0.072 1.6600000000000001 6.571105690151295e-24
0.072 1.72 9.258382806247664e-24
0.072 1.78 1.2390959979276995e-23
0.072 1.84 1.5835787152910444e-23
0.072 1.9 8.514052021431398e-15
0.072 1.96 2.2926616839285973e-23
0.072 2.02 2.6168908687787713e-23
0.072 2.08 2.896178128512888e-23
0.072 2.14 3.116417278432661e-23
0.072 2.2 3.268429838117773e-23
0.072 2.26 3.348285172849445e-23
0.072 2.3200000000000003 3.356997212520508e-23
0.072 2.38 3.299761700801305e-23
0.072 2.44 3.1849157395356484e-23
0.072 2.5 3.022806516078854e-23
0.072 2.56 2.8247078739570033e-23
0.072 2.62 5.738515235809835e-19
0.072 2.68 2.3648888041377044e-23
0.072 2.7399999999999998 2.123013629601577e-23
0.072 2.8 1.8840461271056134e-23
0.072 2.86 1.654133673274843e-23
0.072 2.92 1.437819092902564e-23
0.072 2.98 1.2381703150681548e-23
0.072 3.04 1.0569714640536165e-23
0.072 3.0999999999999996 8.94943370973818e-24
0.072 3.16 7.519705745793008e-24
0.072 3.2199999999999998 6.273142135705615e-24
0.072 3.2800000000000002 -3.2492991302105965e-18
0.072 3.34 4.279939668706471e-24
0.072 3.4000000000000004 3.50303502806786e-24
0.072 3.46 2.8510881944079626e-24
0.072 3.52 -8.072275768464329e-19
0.072 3.58 -4.159336344534918e-18
0.072 3.64 3.270800676833473e-19
0.072 3.7 -6.304720370418834e-19
0.072 3.7600000000000002 1.8801832632580065e-18
0.072 3.82 -6.672636566737013e-19
0.072 3.88 8.878803193484902e-19
0.072 3.94 4.640866667195844e-25
0.084 1.0 4.394061935343777e-24
0.084 1.06 2.3510226809358005e-23
0.084 1.1199999999999999 -2.364202825173579e-20
0.084 1.18 3.4901149082278773e-22
0.084 1.24 1.033121621496832e-21
0.084 1.3 2.6519382398436245e-21
0.084 1.3599999999999999 6.01860875827891e-21
0.084 1.42 1.227261262029439e-20
0.084 1.48 2.278925328834368e-20
0.084 1.54 3.8976094955697586e-20
0.084 1.6 6.198928637698632e-20
0.084 1.6600000000000001 9.243734235631579e-20
0.084 1.72 1.301511418655139e-19
0.084 1.78 1.7408280905004533e-19
0.084 1.84 2.223607557817126e-19
0.084 1.9 -2.9413561744520888e-15
0.084 1.96 3.216362226280345e-19
0.084 2.02 3.669807644550151e-19
0.084 2.08 4.0600548426866136e-19
0.084 2.14 4.367424677717464e-19
0.084 2.2 4.579148234196788e-19
0.084 2.26 4.689804497882493e-19
0.084 2.3200000000000003 4.700888020969866e-19
0.084 2.38 4.619732521702431e-19
0.084 2.44 4.458054349756845e-19
0.084 2.5 4.2303658183168634e-19
0.084 2.56 3.952460998286156e-19
0.084 2.62 1.6575309171807373e-19
0.084 2.68 3.3080667306658937e-19
0.084 2.7399999999999998 2.969328921904199e-19
0.084 2.8 2.634773309213857e-19
0.084 2.86 2.3129828433497947e-19
0.084 2.92 2.0102946291521395e-19
0.084 2.98 1.7309827699948678e-19
0.084 3.04 1.4775269405354325e-19
0.084 3.0999999999999996 1.25092208996143e-19
0.084 3.16 1.0509948816556649e-19
0.084 3.2199999999999998 8.767026089404942e-20
0.084 3.2800000000000002 1.1952836225291555e-18
0.084 3.34 5.980614103006982e-20
0.084 3.4000000000000004 4.8946995662529216e-20
0.084 3.46 3.9835206380080596e-20
0.084 3.52 3.1114862573940083e-19
0.084 3.58 1.4630394857346402e-18
0.084 3.64 -9.21805334200964e-20
0.084 3.7 2.3445273787059547e-19
0.084 3.7600000000000002 -6.363966253436978e-19
0.084 3.82 2.4100053416584844e-19
0.084 3.88 -2.985165069119282e-19
0.084 3.94 6.481913717503878e-21
0.096 1.0 1.3891206052358032e-20
0.096 1.06 7.394918774090011e-20
0.096 1.1199999999999999 3.150747054053434e-19
0.096 1.18 1.0897432828154247e-18
0.096 1.24 3.2170576050657647e-18
0.096 1.3 8.239321263452865e-18
0.096 1.3599999999999999 1.8663834056063833e-17
0.096 1.42 3.7996467322948905e-17
0.096 1.48 7.045933678578634e-17
0.096 1.54 1.203625584972328e-16
0.096 1.6 1.912327702773748e-16
0.096 1.6600000000000001 2.8490647143864694e-16
0.096 1.72 4.0082938130043874e-16
0.096 1.78 5.357526981071605e-16
0.096 1.84 6.839082037089141e-16
0.096 1.9 1.1156871101097046e-15
0.096 1.96 9.882144854964774e-16
0.096 2.02 1.1270355059780829e-15
0.096 2.08 1.246388612707663e-15
0.096 2.14 1.340266453109573e-15
0.096 2.2 1.40478365674269e-15
0.096 2.26 1.4383072108994032e-15
0.096 2.3200000000000003 1.4413209062311052e-15
0.096 2.38 1.4160933709692058e-15
0.096 2.44 1.3662306219422643e-15
0.096 2.5 1.296189624307674e-15
0.096 2.56 1.2108147306489584e-15
0.096 2.62 1.1149584094797527e-15
0.096 2.68 1.0130784304161979e-15
0.096 2.7399999999999998 9.092119100669476e-16
0.096 2.8 8.066648470089185e-16
0.096 2.86 7.080598581347554e-16
0.096 2.92 6.153315394205459e-16
0.096 2.98 5.297829345647641e-16
0.096 3.04 4.521680959675295e-16
0.096 3.0999999999999996 3.827871049808008e-16
0.096 3.16 3.215830481877602e-16
0.096 3.2199999999999998 2.6823354973549905e-16
0.096 3.2800000000000002 2.2212609541661705e-16
0.096 3.34 1.8295760720730059e-16
0.096 3.4000000000000004 1.4972902662171762e-16
0.096 3.46 1.218496533159833e-16
0.096 3.52 9.861185849514424e-17
0.096 3.58 7.931505546584433e-17
0.096 3.64 6.370577509128448e-17
0.096 3.7 5.081634706312912e-17
0.096 3.7600000000000002 4.046538222017091e-17
0.096 3.82 3.19626064545132e-17
0.096 3.88 2.52529598722704e-17
0.096 3.94 1.9821436879390715e-17
0.108 1.0 1.2763125358427844e-17
0.108 1.06 6.756454430111909e-17
0.108 1.1199999999999999 2.845683018042518e-16
0.108 1.18 9.875118060692534e-16
0.108 1.24 2.9063741564570434e-15
0.108 1.3 7.424678539216781e-15
0.108 1.3599999999999999 1.6782423414645204e-14
0.108 1.42 3.410394211598152e-14
0.108 1.48 6.31424202333321e-14
0.108 1.54 1.0771812688193408e-13
0.108 1.6 1.7094319253160176e-13
0.108 1.6600000000000001 2.5441846604169563e-13
0.108 1.72 3.576162311976457e-13
0.108 1.78 4.776169218512317e-13
0.108 1.84 6.092708621551791e-13
0.108 1.9 7.502377801907992e-13
0.108 1.96 8.79338220261197e-13
0.108 2.02 1.0023717311278094e-12
0.108 2.08 1.108035335326819e-12
0.108 2.14 1.1910224241697771e-12
0.108 2.2 1.2479129785605396e-12
0.108 2.26 1.2772855714797029e-12
0.108 2.3200000000000003 1.2795941616633314e-12
0.108 2.38 1.2568716063850734e-12
0.108 2.44 1.2123317152057958e-12
0.108 2.5 1.1499375704214473e-12
0.108 2.56 1.0739907827334844e-12
0.108 2.62 9.887795964823156e-13
0.108 2.68 8.983042244907936e-13
0.108 2.7399999999999998 8.060916679587003e-13
0.108 2.8 7.150844862371254e-13
0.108 2.86 6.276023159799239e-13
0.108 2.92 5.453546641076085e-13
0.108 2.98 4.694913951229829e-13
0.108 3.04 4.00676197749306e-13
0.108 3.0999999999999996 3.3917097068660845e-13
0.108 3.16 2.849218455492784e-13
0.108 3.2199999999999998 2.3764031517564904e-13
0.108 3.2800000000000002 1.968736619701375e-13
0.108 3.34 1.620745848676299e-13
0.108 3.4000000000000004 1.3263343071166763e-13
0.108 3.46 1.0793347354198742e-13
0.108 3.52 8.736992269742409e-14
0.108 3.58 7.037088883612845e-14
0.108 3.64 5.641645762849835e-14
0.108 3.7 4.502638790309689e-14
0.108 3.7600000000000002 3.578664966751448e-14
0.108 3.82 2.8327816870186933e-14
0.108 3.88 2.2340837452773605e-14
0.108 3.94 1.7555376229270995e-14
0.12 1.0 4.173990367213198e-15
0.12 1.06 2.1959328968575372e-14
0.12 1.1199999999999999 9.201239671025284e-14
0.12 1.18 3.1802817649224227e-13
0.12 1.24 9.328040270900937e-13
0.12 1.3 2.3761566984089035e-12
0.12 1.3599999999999999 5.358026224702598e-12
0.12 1.42 1.0865867925275557e-11
0.12 1.48 2.0082551195710053e-11
0.12 1.54 3.420817601677363e-11
0.12 1.6 5.42156039962139e-11
0.12 1.6600000000000001 8.059836552493407e-11
0.12 1.72 1.1317807664450216e-10
0.12 1.78 1.51023802187716e-10
0.12 1.84 1.9250511216987985e-10
0.12 1.9 2.3546784926645804e-10
0.12 1.96 2.7748075191217376e-10
0.12 2.02 3.1613680580388534e-10
0.12 2.08 3.4929734258019617e-10
0.12 2.14 3.7530123565749615e-10
0.12 2.2 3.9308189731210073e-10
0.12 2.26 4.0220128099223197e-10
0.12 2.3200000000000003 4.028101777044932e-10
0.12 2.38 3.955543563534639e-10
0.12 2.44 3.8144913241288684e-10
0.12 2.5 3.6174360937776593e-10
0.12 2.56 3.3779170570416813e-10
0.12 2.62 3.109417120422829e-10
0.12 2.68 2.8245075152652917e-10
0.12 2.7399999999999998 2.534259453318466e-10
0.12 2.8 2.2479069018409766e-10
0.12 2.86 1.9727232431454849e-10
0.12 2.92 1.7140642047386257e-10
0.12 2.98 1.4755277479945552e-10
0.12 3.04 1.2591856916015583e-10
0.12 3.0999999999999996 1.065849265307252e-10
0.12 3.16 8.953395255938904e-11
0.12 3.2199999999999998 7.467421991017801e-11
0.12 3.2800000000000002 6.18634167428777e-11
0.12 3.34 5.0927509831772843e-11
0.12 3.4000000000000004 4.167622496142421e-11
0.12 3.46 3.391501146095737e-11
0.12 3.52 2.7453815334355947e-11
0.12 3.58 2.2113130119712624e-11
0.12 3.64 1.7727813555575478e-11
0.12 3.7 1.4149134576437409e-11
0.12 3.7600000000000002 1.1245510026072685e-11
0.12 3.82 8.902270074607667e-12
0.12 3.88 7.0207933028302125e-12
0.12 3.94 5.517226985285873e-12
0.132 1.0 5.660881816521726e-13
0.132 1.06 2.9570777757370935e-12
0.132 1.1199999999999999 1.2319378463128383e-11
0.132 1.18 4.237992879126657e-11
0.132 1.24 1.2382007481956388e-10
0.132 1.3 3.1438478736392696e-10
0.132 1.3599999999999999 7.069698043123985e-10
0.132 1.42 1.430378827624476e-9
0.132 1.48 2.638421458537374e-9
0.132 1.54 4.486586714708208e-9
0.132 1.6 7.100242315885131e-9
0.132 1.6600000000000001 1.0542010593541714e-8
0.132 1.72 1.4787011350700015e-8
0.132 1.78 1.9712707839224344e-8
0.132 1.84 2.510609243759366e-8
0.132 1.9 3.0686490202570475e-8
0.132 1.96 3.613878578387701e-8
0.132 2.02 4.115025793974543e-8
0.132 2.08 4.5444385073012275e-8
0.132 2.14 4.880669539065568e-8
0.132 2.2 5.1099989934592656e-8
0.132 2.26 5.2268592895334967e-8
0.132 2.3200000000000003 5.233307976631845e-8
0.132 2.38 5.137802733337759e-8
0.132 2.44 4.953571284698193e-8
0.132 2.5 4.696850944215065e-8
0.132 2.56 4.385218615464049e-8
0.132 2.62 4.036162467650737e-8
0.132 2.68 3.665977017759576e-8
0.132 2.7399999999999998 3.2890042910346065e-8
0.132 2.8 2.9172000436909578e-8
0.132 2.86 2.5599765246544267e-8
0.132 2.92 2.22426004447733e-8
0.132 2.98 1.9146994806383612e-8
0.132 3.04 1.6339672162217024e-8
0.132 3.0999999999999996 1.3831036439337499e-8
0.132 3.16 1.1618676861939097e-8
0.132 3.2199999999999998 9.690669548494002e-9
0.132 3.2800000000000002 8.028510712264638e-9
0.132 3.34 6.609597288937244e-9
0.132 3.4000000000000004 5.409231603855085e-9
0.132 3.46 4.402168930308854e-9
0.132 3.52 3.563753111877656e-9
0.132 3.58 2.8706992307178572e-9
0.132 3.64 2.3015868185080524e-9
0.132 3.7 1.8371253078398454e-9
0.132 3.7600000000000002 1.4602477576202658e-9
0.132 3.82 1.1560811322503174e-9
0.132 3.88 9.118330450471899e-10
0.132 3.94 7.166266345207052e-10
0.144 1.0 3.591264998791425e-11
0.144 1.06 1.8594700015427165e-10
0.144 1.1199999999999999 7.692020725756809e-10
0.144 1.18 2.6309760476409793e-9
0.144 1.24 7.650690011245888e-9
0.144 1.3 1.9349729393880843e-8
0.144 1.3599999999999999 4.337074215889494e-8
0.144 1.42 8.750924965867489e-8
0.144 1.48 1.6104102384322828e-7
0.144 1.54 2.7330534162985364e-7
0.144 1.6 4.3178723400475313e-7
0.144 1.6600000000000001 6.401612719019471e-7
0.144 1.72 8.968179284373649e-7
0.144 1.78 1.1942730024465222e-6
0.144 1.84 1.5196190719910974e-6
0.144 1.9 1.8559107838259697e-6
0.144 1.96 2.184169694375214e-6
0.144 2.02 2.485597428111398e-6
0.144 2.08 2.743602176920891e-6
0.144 2.14 2.945342639680425e-6
0.144 2.2 3.082632744464771e-6
0.144 2.26 3.1521879105613648e-6
0.144 2.3200000000000003 3.155301282330342e-6
0.144 2.38 3.097103234154683e-6
0.144 2.44 2.9855798888236986e-6
0.144 2.5 2.8305152053924505e-6
0.144 2.56 2.6424886898829506e-6
0.144 2.62 2.432018978973032e-6
0.144 2.68 2.208901920757096e-6
0.144 2.7399999999999998 1.981756445969182e-6
0.144 2.8 1.7577654222926461e-6
0.144 2.86 1.5425822750341365e-6
0.144 2.92 1.3403663019520809e-6
0.144 2.98 1.1539083697830962e-6
0.144 3.04 9.84811922231904e-7
0.144 3.0999999999999996 8.337000162591578e-7
0.144 3.16 7.004258915569968e-7
0.144 3.2199999999999998 5.842712742004429e-7
0.144 3.2800000000000002 4.841225452045319e-7
0.144 3.34 3.98619733929732e-7
0.144 3.4000000000000004 3.26276938602794e-7
0.144 3.46 2.6557530548263783e-7
0.144 3.52 2.1503127734694402e-7
0.144 3.58 1.7324364848531897e-7
0.144 3.64 1.3892323512867276e-7
0.144 3.7 1.1090886335381852e-7
0.144 3.7600000000000002 8.81730359844731e-8
0.144 3.82 6.982017781148306e-8
0.144 3.88 5.507985432213367e-8
0.144 3.94 4.329686730370336e-8
0.156 1.0 1.178937129514509e-9
0.156 1.06 6.029910574389556e-9
0.156 1.1199999999999999 2.4703443700605804e-8
0.156 1.18 8.384318053387503e-8
0.156 1.24 2.4228387026398283e-7
0.156 1.3 6.096304770426381e-7
0.156 1.3599999999999999 1.3606460120523718e-6
0.156 1.42 2.735698592801179e-6
0.156 1.48 5.0195685064163515e-6
0.156 1.54 8.497619064561044e-6
0.156 1.6 1.3396960793836765e-5
0.156 1.6600000000000001 1.982683113868504e-5
0.156 1.72 2.7734058082249834e-5
0.156 1.78 3.688568758827681e-5
0.156 1.84 4.6883442101543415e-5
0.156 1.9 5.720654982467173e-5
0.156 1.96 6.727326118848351e-5
0.156 2.02 7.650848929699056e-5
0.156 2.08 8.440555800533834e-5
0.156 2.14 9.057310363685111e-5
0.156 2.2 9.476242098794551e-5
0.156 2.26 9.687472604751305e-5
0.156 2.3200000000000003 9.695106975962725e-5
0.156 2.38 9.514959474682557e-5
0.156 2.44 9.171549540640057e-5
0.156 2.5 8.694869115174046e-5
0.156 2.56 8.11732276729489e-5
0.156 2.62 7.47111466562616e-5
0.156 2.68 6.786229756139986e-5
0.156 2.7399999999999998 6.089049084449879e-5
0.156 2.8 5.40155989298287e-5
0.156 2.86 4.741071288753051e-5
0.156 2.92 4.12032243986193e-5
0.156 2.98 3.5478665217312375e-5
0.156 3.04 3.0286235174285327e-5
0.156 3.0999999999999996 2.5645125952505965e-5
0.156 3.16 2.1550954515144146e-5
0.156 3.2199999999999998 1.798182396185661e-5
0.156 3.2800000000000002 1.4903710226561273e-5
0.156 3.34 1.2275020227720161e-5
0.156 3.4000000000000004 1.005027818779973e-5
0.156 3.46 8.182974078492854e-6
0.156 3.52 6.627656447816779e-6
0.156 3.58 5.341377250361339e-6
0.156 3.64 4.284604735010486e-6
0.156 3.7 3.4217173077784144e-6
0.156 3.7600000000000002 2.721180999914028e-6
0.156 3.82 2.1554991350002248e-6
0.156 3.88 1.7010074551723534e-6
0.156 3.94 1.3375729754666186e-6
0.168 1.0 2.194978609211961e-8
0.168 1.06 1.1021979895493444e-7
0.168 1.1199999999999999 4.4505933689832097e-7
0.168 1.18 1.4932313050505227e-6
0.168 1.24 4.275290968003643e-6
0.168 1.3 1.067699139700164e-5
0.168 1.3599999999999999 2.368438133302672e-5
0.168 1.42 4.737941409921778e-5
0.168 1.48 8.657027202428449e-5
0.168 1.54 0.00014604463945776898
0.168 1.6 0.00022957809444850197
0.168 1.6600000000000001 0.00033893777144932145
0.168 1.72 0.00047314602734152035
0.168 1.78 0.0006282032125584042
0.168 1.84 0.000797343831146173
0.168 1.9 0.0009717649806748182
0.168 1.96 0.001141663231865504
0.168 2.02 0.001297369428331687
0.168 2.08 0.0014303811536644328
0.168 2.14 0.0015341443825738993
0.168 2.2 0.001604506869799411
0.168 2.26 0.0016398354862928242
0.168 2.3200000000000003 0.001640843862482388
0.168 2.38 0.001610209065402704
0.168 2.44 0.001552066954882604
0.168 2.5 0.0014714698644111453
0.168 2.56 0.0013738735802229073
0.168 2.62 0.0012646993076494192
0.168 2.68 0.0011489951813076608
0.168 2.7399999999999998 0.0010312039629702305
0.168 2.8 0.0009150303439232079
0.168 2.86 0.0008033929512407272
0.168 2.92 0.0006984421712187841
0.168 2.98 0.0006016242680278234
0.168 3.04 0.0005137739139589639
0.168 3.0999999999999996 0.0004352201801559757
0.168 3.16 0.0003658944822277014
0.168 3.2199999999999998 0.0003054323794831999
0.168 3.2800000000000002 0.0002532641466571843
0.168 3.34 0.0002086915017604207
0.168 3.4000000000000004 0.00017094973745637526
0.168 3.46 0.00013925580208481208
0.168 3.52 0.00011284369141243393
0.168 3.58 9.098894303659733e-5
0.168 3.64 7.302417199607005e-5
0.168 3.7 5.8347538008032e-5
0.168 3.7600000000000002 4.642586573466816e-5
0.168 3.82 3.6793906598905904e-5
0.168 3.88 2.905097510888012e-5
0.168 3.94 2.2855942065261955e-5
0.18 1.0 2.530218838511346e-7
0.18 1.06 1.2364199382428277e-6
0.18 1.1199999999999999 4.884822990050113e-6
0.18 1.18 1.610396316304203e-5
0.18 1.24 4.545711252973576e-5
0.18 1.3 0.00011221829322418957
0.18 1.3599999999999999 0.00024658455829202724
0.18 1.42 0.0004894517163642376
0.18 1.48 0.0008885687351387529
0.18 1.54 0.0014910279447345929
0.18 1.6 0.002333449757754599
0.18 1.6600000000000001 0.003432243312709556
0.18 1.72 0.004776522828173119
0.18 1.78 0.006325585840132603
0.18 1.84 0.008011627078418338
0.18 1.9 0.009747044849000944
0.18 1.96 0.011434710296722122
0.18 2.02 0.012979133318065803
0.18 2.08 0.014296574375007146
0.18 2.14 0.015322665474026581
0.18 2.2 0.01601679940481555
0.18 2.26 0.016363224460493115
0.18 2.3200000000000003 0.01636930675179748
0.18 2.38 0.016061734399141697
0.18 2.44 0.015481541574460054
0.18 2.5 0.014678770044750102
0.18 2.56 0.013707422312851703
0.18 2.62 0.012621152451424285
0.18 2.68 0.011469934449417218
0.18 2.7399999999999998 0.010297773051464449
0.18 2.8 0.009141392873758173
0.18 2.86 0.008029760202276769
0.18 2.92 0.0069842527187935505
0.18 2.98 0.006019285949764511
0.18 3.04 0.005143221026835135
0.18 3.0999999999999996 0.00435940685700271
0.18 3.16 0.0036672434083274896
0.18 3.2199999999999998 0.0030631861051177364
0.18 3.2800000000000002 0.002541640925869847
0.18 3.34 0.0020957240130895817
0.18 3.4000000000000004 0.0017178779676717587
0.18 3.46 0.001400349843614837
0.18 3.52 0.0011355439614949454
0.18 3.58 0.0009162669861810448
0.18 3.64 0.0007358842378988625
0.18 3.7 0.0005884057998769618
0.18 3.7600000000000002 0.00046851937476362105
0.18 3.82 0.0003715845867646289
0.18 3.88 0.0002936009339753766
0.18 3.94 0.00023115914024654142
0.192 1.0 1.953060715988888e-6
0.192 1.06 9.211043987893925e-6
0.192 1.1199999999999999 3.5325318765431685e-5
0.192 1.18 0.00011361126992535492
0.192 1.24 0.00031416349966524023
0.192 1.3 0.0007624112441609127
0.192 1.3599999999999999 0.0016516084813457967
0.192 1.42 0.003239604324752147
0.192 1.48 0.005823180059673597
0.192 1.54 0.00969041980743098
0.192 1.6 0.015060011866739583
0.192 1.6600000000000001 0.022022245428318512
0.192 1.72 0.03049725532766226
0.192 1.78 0.04022166888097125
0.192 1.84 0.05076721619687326
0.192 1.9 0.061586944570144235
0.192 1.96 0.07207886888882213
0.192 2.02 0.08165443653559412
0.192 2.08 0.08980003733666256
0.192 2.14 0.09612298971612572
0.192 2.2 0.10037767400435954
0.192 2.26 0.10247157387047094
0.192 2.3200000000000003 0.10245412885124325
0.192 2.38 0.10049315233451174
0.192 2.44 0.096844165734315
0.192 2.5 0.09181761346960948
0.192 2.56 0.08574792157668963
0.192 2.62 0.07896709836720445
0.192 2.68 0.07178432496949003
0.192 2.7399999999999998 0.06447192454347975
0.192 2.8 0.05725731622919163
0.192 2.86 0.05032006628202754
0.192 2.92 0.04379291057820258
0.192 2.98 0.03776558250782255
0.192 3.04 0.032290375157036616
0.192 3.0999999999999996 0.027388539114144652
0.192 3.16 0.023056821140937597
0.192 3.2199999999999998 0.019273651444095322
0.192 3.2800000000000002 0.01600466781082878
0.192 3.34 0.013207412997122818
0.192 3.4000000000000004 0.010835154469056743
0.192 3.46 0.0088398547733131
0.192 3.52 0.007174371084837413
0.192 3.58 0.005793989643000847
0.192 3.64 0.004657410718504005
0.192 3.7 0.0037272977595794675
0.192 3.7600000000000002 0.00297049486678566
0.192 3.82 0.002358003178880015
0.192 3.88 0.0018647916248365414
0.192 3.94 0.0014695025113288349
0.20400000000000001 1.0 1.064774355527518e-5
0.20400000000000001 1.06 4.836037455758516e-5
0.20400000000000001 1.1199999999999999 0.0001793534513469251
0.20400000000000001 1.18 0.0005601081106074231
0.20400000000000001 1.24 0.0015097541812899243
0.20400000000000001 1.3 0.003583902846147325
0.20400000000000001 1.3599999999999999 0.007617876915308726
0.20400000000000001 1.42 0.014701167572059404
0.20400000000000001 1.48 0.02605962433059368
0.20400000000000001 1.54 0.0428521218182351
0.20400000000000001 1.6 0.0659214926289969
0.20400000000000001 1.6600000000000001 0.09556061642872604
0.20400000000000001 1.72 0.13135490686086723
0.20400000000000001 1.78 0.17214281536593393
0.20400000000000001 1.84 0.21610492810973608
0.20400000000000001 1.9 0.2609611209475955
0.20400000000000001 1.96 0.3042332837624085
0.20400000000000001 2.02 0.34352269744209885
0.20400000000000001 2.08 0.3767556166725259
0.20400000000000001 2.14 0.40236397877554775
0.20400000000000001 2.2 0.41938522318027655
0.20400000000000001 2.26 0.427481361917569
0.20400000000000001 2.3200000000000003 0.4268896663731512
0.20400000000000001 2.38 0.4183243930670551
0.20400000000000001 2.44 0.40285108107048456
0.20400000000000001 2.5 0.38175323157869295
0.20400000000000001 2.56 0.3564070849368377
0.20400000000000001 2.62 0.3281751294120583
0.20400000000000001 2.68 0.2983239879022423
0.20400000000000001 2.7399999999999998 0.26796812221096983
0.20400000000000001 2.8 0.2380376943416869
0.20400000000000001 2.86 0.20926697458795815
0.20400000000000001 2.92 0.18219874996725166
0.20400000000000001 2.98 0.15720003589711967
0.20400000000000001 3.04 0.13448477896347158
0.20400000000000001 3.0999999999999996 0.11413993142446828
0.20400000000000001 3.16 0.09615209610261669
0.20400000000000001 3.2199999999999998 0.0804327529606476
0.20400000000000001 3.2800000000000002 0.06684080407190364
0.20400000000000001 3.34 0.05520177003651942
0.20400000000000001 3.4000000000000004 0.045323425833253564
0.20400000000000001 3.46 0.037007984776104445
0.20400000000000001 3.52 0.030061143884659
0.20400000000000001 3.58 0.024298415546258268
0.20400000000000001 3.64 0.019549212249046273
0.20400000000000001 3.7 0.01565914462563457
0.20400000000000001 3.7600000000000002 0.012490955811670054
0.20400000000000001 3.82 0.009924461056572628
0.20400000000000001 3.88 0.007855800783967647
0.20400000000000001 3.94 0.0061962548270399565
0.216 1.0 4.184144831914177e-5
0.216 1.06 0.00018407314080511007
0.216 1.1199999999999999 0.0006623386964711538
0.216 1.18 0.00201108388002615
0.216 1.24 0.0052829705917594744
0.216 1.3 0.012251860092937555
0.216 1.3599999999999999 0.02550330309083288
0.216 1.42 0.048308416629704316
0.216 1.48 0.08423044257391335
0.216 1.54 0.1365039774736393
0.216 1.6 0.20731593346642094
0.216 1.6600000000000001 0.29716572891362336
0.216 1.72 0.4044709087571835
0.216 1.78 0.5255207412580605
0.216 1.84 0.6547907669889543
0.216 1.9 0.7855470339733498
0.216 1.96 0.9106132815558415
0.216 2.02 1.0231571600590086
0.216 2.08 1.1173689975346845
0.216 2.14 1.1889466416876764
0.216 2.2 1.2353481023703732
0.216 2.26 1.2558178783779117
0.216 2.3200000000000003 1.2512253054417102
0.216 2.38 1.2237711978066212
0.216 2.44 1.1766234843058874
0.216 2.5 1.1135367389578474
0.216 2.56 1.0384985414023706
0.216 2.62 0.9554312482470672
0.216 2.68 0.8679638970021568
0.216 2.7399999999999998 0.7792774072194729
0.216 2.8 0.692017810771749
0.216 2.86 0.6082670062713339
0.216 2.92 0.5295580844119356
0.216 2.98 0.4569219697973016
0.216 3.04 0.39095327777460204
0.216 3.0999999999999996 0.33188526555960907
0.216 3.16 0.27966606560401375
0.216 3.2199999999999998 0.23403066949926143
0.216 3.2800000000000002 0.19456516025005327
0.216 3.34 0.16076135652491086
0.216 3.4000000000000004 0.132061302235043
0.216 3.46 0.10789192942453983
0.216 3.52 0.08769079313157943
0.216 3.58 0.07092408768581426
0.216 3.64 0.057098270035431616
0.216 3.7 0.04576659629169745
0.216 3.7600000000000002 0.036531772226552246
0.216 3.82 0.029045765689462343
0.216 3.88 0.02300765726187374
0.216 3.94 0.018160234423926943
0.22799999999999998 1.0 0.00011866488366813914
0.22799999999999998 1.06 0.0005105698995190774
0.22799999999999998 1.1199999999999999 0.0017967372828104151
0.22799999999999998 1.18 0.005337833274490993
0.22799999999999998 1.24 0.013730695377513891
0.22799999999999998 1.3 0.03121477244748694
0.22799999999999998 1.3599999999999999 0.06377316433993037
0.22799999999999998 1.42 0.11872136803095545
0.22799999999999998 1.48 0.2037209801111482
0.22799999999999998 1.54 0.3253595017239757
0.22799999999999998 1.6 0.4876117165519566
0.22799999999999998 1.6600000000000001 0.690568446689529
0.22799999999999998 1.72 0.9297606193803496
0.22799999999999998 1.78 1.196250331972888
0.22799999999999998 1.84 1.4774678063911986
0.22799999999999998 1.9 1.7586071124245604
0.22799999999999998 1.96 2.0242961867555715
0.22799999999999998 2.02 2.2602399970834033
0.22799999999999998 2.08 2.454586375714105
0.22799999999999998 2.14 2.5988547225228475
0.22799999999999998 2.2 2.6883688868933744
0.22799999999999998 2.26 2.722223672066288
0.22799999999999998 2.3200000000000003 2.7028760305432735
0.22799999999999998 2.38 2.6354833003458316
0.22799999999999998 2.44 2.527115140789966
0.22799999999999998 2.5 2.385950507539594
0.22799999999999998 2.56 2.2205444917804154
0.22799999999999998 2.62 2.039219651075838
0.22799999999999998 2.68 1.8496081353911529
0.22799999999999998 2.7399999999999998 1.6583478056971577
0.22799999999999998 2.8 1.470919047069047
0.22799999999999998 2.86 1.2915990387796243
0.22799999999999998 2.92 1.1235059117958126
0.22799999999999998 2.98 0.9687051364169329
0.22799999999999998 3.04 0.8283532162437143
0.22799999999999998 3.0999999999999996 0.7028580566599245
0.22799999999999998 3.16 0.5920402329895611
0.22799999999999998 3.2199999999999998 0.49528410699616093
0.22799999999999998 3.2800000000000002 0.41167190165573336
0.22799999999999998 3.34 0.3400972326358928
0.22799999999999998 3.4000000000000004 0.2793571592643142
0.22799999999999998 3.46 0.22822361029253346
0.22799999999999998 3.52 0.18549617072253174
0.22799999999999998 3.58 0.15003881932197213
0.22799999999999998 3.64 0.1208034166624364
0.22799999999999998 3.7 0.09684268160384481
0.22799999999999998 3.7600000000000002 0.07731516086101198
0.22799999999999998 3.82 0.061484370147656654
0.22799999999999998 3.88 0.04871392384324613
0.22799999999999998 3.94 0.03846011235934213
0.24 1.0 0.00024359375049635916
0.24 1.06 0.0010341901255772658
0.24 1.1199999999999999 0.003588989071142042
0.24 1.18 0.010511255556269954
0.24 1.24 0.026653483530418902
0.24 1.3 0.05973923790680922
0.24 1.3599999999999999 0.1203709088774634
0.24 1.42 0.22110832676458422
0.24 1.48 0.37459268075118535
0.24 1.54 0.5910449108576421
0.24 1.6 0.8757288267367197
0.24 1.6600000000000001 1.2270282207469125
0.24 1.72 1.6356324616631324
0.24 1.78 2.085030427865899
0.24 1.84 2.5531903784430234
0.24 1.9 3.0150529397294985
0.24 1.96 3.4453410471328363
0.24 2.02 3.821199553244058
0.24 2.08 4.124286251962658
0.24 2.14 4.342096487528167
0.24 2.2 4.468468162112603
0.24 2.26 4.503348715068919
0.24 2.3200000000000003 4.451993264675639
0.24 2.38 4.323801334476288
0.24 2.44 4.130996452175273
0.24 2.5 3.8873214135193397
0.24 2.56 3.606875795537159
0.24 2.62 3.3031728847807496
0.24 2.68 2.9884486354021536
0.24 2.7399999999999998 2.673220120345429
0.24 2.8 2.3660667431061904
0.24 2.86 2.0735936860216153
0.24 2.92 1.8005319021588622
0.24 2.98 1.5499301266759544
0.24 3.04 1.3233996170038704
0.24 3.0999999999999996 1.1213796750090397
0.24 3.16 0.9433999598942279
0.24 3.2199999999999998 0.7883231428198592
0.24 3.2800000000000002 0.6545579771006175
0.24 3.34 0.5402380865546954
0.24 3.4000000000000004 0.44336567044683045
0.24 3.46 0.36192199748861226
0.24 3.52 0.29394820457350185
0.24 3.58 0.2376007482175283
0.24 3.64 0.19118609288680907
0.24 3.7 0.15317905055531217
0.24 3.7600000000000002 0.12222876602662806
0.24 3.82 0.09715579298750217
0.24 3.88 0.0769431133294491
0.24 3.94 0.06072337541639893
0.252 1.0 0.00036704957678713714
0.252 1.06 0.0015473778653304934
0.252 1.1199999999999999 0.0053289357197029924
0.252 1.18 0.015480442283834711
0.252 1.24 0.038921279053426405
0.252 1.3 0.08647609261567121
0.252 1.3599999999999999 0.17270759445081144
0.252 1.42 0.31444504169140847
0.252 1.48 0.5280615769927381
0.252 1.54 0.8260383579132753
0.252 1.6 1.213665694474063
0.252 1.6600000000000001 1.6867444038725397
0.252 1.72 2.230880257954212
0.252 1.78 2.8225358720153917
0.252 1.84 3.4315770341743534
0.252 1.9 4.024749610940598
0.252 1.96 4.569405579382076
0.252 2.02 5.036851997996216
0.252 2.08 5.404870674127291
0.252 2.14 5.65918015765683
0.252 2.2 5.793825204822251
0.252 2.26 5.810642490680226
0.252 2.3200000000000003 5.7180485943639905
0.252 2.38 5.529429300414745
0.252 2.44 5.261391786087185
0.252 2.5 4.932091642060623
0.252 2.56 4.559782618635783
0.252 2.62 4.161672538939654
0.252 2.68 3.753113209461726
0.252 2.7399999999999998 3.3471100422885596
0.252 2.8 2.9541095202243826
0.252 2.86 2.5820082080143956
0.252 2.92 2.2363230708169812
0.252 2.98 1.920466323489267
0.252 3.04 1.636075997189608
0.252 3.0999999999999996 1.3833634723727122
0.252 3.16 1.1614496133461951
0.252 3.2199999999999998 0.9686706831852926
0.252 3.2800000000000002 0.8028432717551393
0.252 3.34 0.6614837829236487
0.252 3.4000000000000004 0.5419826215494669
0.252 3.46 0.4417362835708902
0.252 3.52 0.3582423518797548
0.252 3.58 0.28916322662024363
0.252 3.64 0.23236454455327524
0.252 3.7 0.18593390406467047
0.252 3.7600000000000002 0.1481849000481839
0.252 3.82 0.11765072962689901
0.252 3.88 0.09307085697613064
0.252 3.94 0.0733734898961711
0.264 1.0 0.00041618662399615437
0.264 1.06 0.001749121370327772
0.264 1.1199999999999999 0.0060023450033756
0.264 1.18 0.01736738652618757
0.264 1.24 0.043475474241556
0.264 1.3 0.09614338972277797
0.264 1.3599999999999999 0.191067413089604
0.264 1.42 0.34608504395082024
0.264 1.48 0.5781237599018911
0.264 1.54 0.8994815383344225
0.264 1.6 1.3143911335432612
0.264 1.6600000000000001 1.8167857520957351
0.264 1.72 2.3898475645559025
0.264 1.78 3.0074359052504285
0.264 1.84 3.6370372176376597
0.264 1.9 4.2435828242064675
0.264 1.96 4.793391641482679
0.264 2.02 5.257588562427042
0.264 2.08 5.6145582897689215
0.264 2.14 5.851242096566105
0.264 2.2 5.963308569820756
0.264 2.26 5.95439118455862
0.264 2.3200000000000003 5.8346731378755825
0.264 2.38 5.619119865970376
0.264 2.44 5.3256294215913895
0.264 2.5 4.973311016202192
0.264 2.56 4.581031195222807
0.264 2.62 4.166299301669487
0.264 2.68 3.7445076807615743
0.264 2.7399999999999998 3.328501259077534
0.264 2.8 2.9284258720941665
0.264 2.86 2.551792937651581
0.264 2.92 2.203696628567839
0.264 2.98 1.8871252290767575
0.264 3.04 1.6033178548471916
0.264 3.0999999999999996 1.3521287814781784
0.264 3.16 1.1323725602479935
0.264 3.2199999999999998 0.9421328408144954
0.264 3.2800000000000002 0.7790258287449774
0.264 3.34 0.6404154252691617
0.264 3.4000000000000004 0.5235814246798066
0.264 3.46 0.4258449227273882
0.264 3.52 0.3446566207325923
0.264 3.58 0.2776543046241129
0.264 3.64 0.2226957173424444
0.264 3.7 0.17787256337700844
0.264 3.7600000000000002 0.14151067120338942
0.264 3.82 0.11216052989861511
0.264 3.88 0.08858160448963229
0.264 3.94 0.06972308022673131
0.276 1.0 0.0003692329628171842
0.276 1.06 0.0015510268583842654
0.276 1.1199999999999999 0.005318420459059982
0.276 1.18 0.015372046155239582
0.276 1.24 0.03842838765888514
0.276 1.3 0.08484342323854646
0.276 1.3599999999999999 0.16829222567175553
0.276 1.42 0.3041835367136152
0.276 1.48 0.5069391348063166
0.276 1.54 0.7867312554164486
0.276 1.6 1.1465297414429787
0.276 1.6600000000000001 1.580259938552197
0.276 1.72 2.0725566663793082
0.276 1.78 2.600162299947808
0.276 1.84 3.134618545679413
0.276 1.9 3.645653591702431
0.276 1.96 4.104605902139141
0.276 2.02 4.487325290324242
0.276 2.08 4.776187436380389
0.276 2.14 4.961080220074041
0.276 2.2 5.039414508250672
0.276 2.26 5.015347380323503
0.276 2.3200000000000003 4.898473920609201
0.276 2.38 4.702252789862938
0.276 2.44 4.442397599546309
0.276 2.5 4.135409440697355
0.276 2.56 3.79736212867298
0.276 2.62 3.4429926113760874
0.276 2.68 3.08510140762473
0.276 2.7399999999999998 2.734234524525939
0.276 2.8 2.3985986441536773
0.276 2.86 2.084153265998072
0.276 2.92 1.7948239683965361
0.276 2.98 1.532786998736639
0.276 3.04 1.2987844095828838
0.276 3.0999999999999996 1.0924389169735613
0.276 3.16 0.9125471889769844
0.276 3.2199999999999998 0.7573385576526608
0.276 3.2800000000000002 0.6246928081894086
0.276 3.34 0.5123156719073878
0.276 3.4000000000000004 0.41787407069950383
0.276 3.46 0.3390952711060025
0.276 3.52 0.27383518671073187
0.276 3.58 0.22012139182486135
0.276 3.64 0.17617621941674494
0.276 3.7 0.14042481012991503
0.276 3.7600000000000002 0.11149230912866835
0.276 3.82 0.08819368293969004
0.276 3.88 0.0695189227232372
0.276 3.94 0.05461575802014822
0.288 1.0 0.0002783574654939563
0.288 1.06 0.0011715478154681893
0.288 1.1199999999999999 0.004024903313253371
0.288 1.18 0.011655010282326937
0.288 1.24 0.02918783430814592
0.288 1.3 0.06454815384351292
0.288 1.3599999999999999 0.12822768800965495
0.288 1.42 0.23207747551857769
0.288 1.48 0.38721611533880124
0.288 1.54 0.601506715674675
0.288 1.6 0.877261756093698
0.288 1.6600000000000001 1.2098019895451633
0.288 1.72 1.5872536437319522
0.288 1.78 1.991627646273419
0.288 1.84 2.400911256382959
0.288 1.9 2.7917055349042568
0.288 1.96 3.141892329060022
0.288 2.02 3.432891240959403
0.288 2.08 3.6512206181876503
0.288 2.14 3.7892518956205765
0.288 2.2 3.8452000569776805
0.288 2.26 3.8224997193442523
0.288 2.3200000000000003 3.7287696806347146
0.288 2.38 3.574575197232999
0.288 2.44 3.3721702254524546
0.288 2.5 3.134356411598095
0.288 2.56 2.873544820677585
0.288 2.62 2.6010596230404865
0.288 2.68 2.3266855954210963
0.288 2.7399999999999998 2.0584353298136273
0.288 2.8 1.8024970546536936
0.288 2.86 1.563318117316734
0.288 2.92 1.3437800308474988
0.288 2.98 1.1454261287649914
0.288 3.04 0.9687102234579672
0.288 3.0999999999999996 0.8132426459609599
0.288 3.16 0.6780175893152642
0.288 3.2199999999999998 0.5616121640968865
0.288 3.2800000000000002 0.4623527323408382
0.288 3.34 0.37844788921521616
0.288 3.4000000000000004 0.30809003639458254
0.288 3.46 0.24952904107320106
0.288 3.52 0.20112222881709438
0.288 3.58 0.1613651365578187
0.288 3.64 0.12890724511845691
0.288 3.7 0.10255647325079827
0.288 3.7600000000000002 0.08127566428715581
0.288 3.82 0.06417371515986484
0.288 3.88 0.0504934402026049
0.288 3.94 0.039597760956647673
0.3 1.0 0.00021230506374217715
0.3 1.06 0.0008969972554122974
0.3 1.1199999999999999 0.0030946937643931416
0.3 1.18 0.009001789543983405
0.3 1.24 0.022649513286316127
0.3 1.3 0.05033070758074246
0.3 1.3599999999999999 0.10047111421789534
0.3 1.42 0.1827217450326795
0.3 1.48 0.3063158720692769
0.3 1.54 0.4780284655083347
0.3 1.6 0.7002602190622679
0.3 1.6600000000000001 0.9697652419736436
0.3 1.72 1.2773640808115518
0.3 1.78 1.6087134405033292
0.3 1.84 1.9459422250286942
0.3 1.9 2.26978781099088
0.3 1.96 2.5618090013014667
0.3 2.02 2.80630192461037
0.3 2.08 2.991664507431385
0.3 2.14 3.1110989545346577
0.3 2.2 3.162672252393679
0.3 2.26 3.148849056021004
0.3 2.3200000000000003 3.0756616625153788
0.3 2.38 2.9516920074836746
0.3 2.44 2.787021248332836
0.3 2.5 2.592266021607548
0.3 2.56 2.377778136481157
0.3 2.62 2.1530446184805374
0.3 2.68 1.926292623589083
0.3 2.7399999999999998 1.704280832565675
0.3 2.8 1.4922453776486106
0.3 2.86 1.293962710186596
0.3 2.92 1.1118920713415688
0.3 2.98 0.9473643103231463
0.3 3.04 0.8007899040712154
0.3 3.0999999999999996 0.6718657809468207
0.3 3.16 0.5597669892938846
0.3 3.2199999999999998 0.46331482019026027
0.3 3.2800000000000002 0.3811174401411143
0.3 3.34 0.3116823789857906
0.3 3.4000000000000004 0.25350245197739135
0.3 3.46 0.20511804482665333
0.3 3.52 0.16515935232121426
0.3 3.58 0.13237232408614621
0.3 3.64 0.10563190034350581
0.3 3.7 0.08394574993446215
0.3 3.7600000000000002 0.06645125376270909
0.3 3.82 0.05240798106292618
0.3 3.88 0.04118743061721601
0.3 3.94 0.032261381967152516
0.312 1.0 0.00019193826190519903
0.312 1.06 0.0008121494035155735
0.312 1.1199999999999999 0.002807698289209752
0.312 1.18 0.008187561179961382
0.312 1.24 0.0206606307597043
0.312 1.3 0.04605794065332107
0.312 1.3599999999999999 0.09225516338553162
0.312 1.42 0.16837401561269866
0.312 1.48 0.2832805896938156
0.312 1.54 0.44367441234174004
0.312 1.6 0.652246965560644
0.312 1.6600000000000001 0.906403957846442
0.312 1.72 1.1978948585122187
0.312 1.78 1.5134457355000523
0.312 1.84 1.8362410170557402
0.312 1.9 2.147922622820264
0.312 1.96 2.4307068386805835
0.312 2.02 2.6692550088679297
0.312 2.08 2.8520407737271607
0.312 2.14 2.9720919488656867
0.312 2.2 3.027112212808078
0.312 2.26 3.019082675940336
0.312 2.3200000000000003 2.9534968256000638
0.312 2.38 2.838396627173582
0.312 2.44 2.6833620575371127
0.312 2.5 2.498572900425171
0.312 2.56 2.2940212811504237
0.312 2.62 2.0789145626227934
0.312 2.68 1.8612760698312663
0.312 2.7399999999999998 1.647727950789686
0.312 2.8 1.443426423168905
0.312 2.86 1.2521134345875042
0.312 2.92 1.0762484756180148
0.312 2.98 0.9171879169254215
0.312 3.04 0.7753850125787922
0.312 3.0999999999999996 0.6505902270979199
0.312 3.16 0.5420378372230392
0.312 3.2199999999999998 0.4486102499273561
0.312 3.2800000000000002 0.36897589340770476
0.312 3.34 0.3016998259545711
0.312 3.4000000000000004 0.2453284570626026
0.312 3.46 0.19845114896842592
0.312 3.52 0.1597421550978229
0.312 3.58 0.1279865404331233
0.312 3.64 0.102093581036911
0.312 3.7 0.08110078897554134
0.312 3.7600000000000002 0.06417125598442597
0.312 3.82 0.050586526529743964
0.312 3.88 0.03973674597695052
0.312 3.94 0.031109410545295948
0.324 1.0 0.00019099616466452285
0.324 1.06 0.0008036024618513252
0.324 1.1199999999999999 0.0027655827094619874
0.324 1.18 0.00803489953678319
0.324 1.24 0.020213366581630563
0.324 1.3 0.04494649363557403
0.324 1.3599999999999999 0.08983954031481832
0.324 1.42 0.16368072116349391
0.324 1.48 0.27499261793706864
0.324 1.54 0.43019578914415874
0.324 1.6 0.6318435863701706
0.324 1.6600000000000001 0.8774004861702468
0.324 1.72 1.1588914169134172
0.324 1.78 1.4635130341981137
0.324 1.84 1.7750587709735923
0.324 1.9 2.0758401752562996
0.324 1.96 2.3487217439380617
0.324 2.02 2.5789202514477965
0.324 2.08 2.755321338985786
0.324 2.14 2.871195642635667
0.324 2.2 2.9243186137140795
0.324 2.26 2.9165894794494243
0.324 2.3200000000000003 2.853296433543021
0.324 2.38 2.7421892401644343
0.324 2.44 2.592505845738099
0.324 2.5 2.414067639319347
0.324 2.56 2.216519280529731
0.324 2.62 2.0087516233653435
0.324 2.68 1.7985152471452552
0.324 2.7399999999999998 1.5922097094890877
0.324 2.8 1.3948199934597558
0.324 2.86 1.2099655379011234
0.324 2.92 1.0400268933723948
0.324 2.98 0.8863185022269444
0.324 3.04 0.7492816405122049
0.324 3.0999999999999996 0.6286778340197313
0.324 3.16 0.5237691334023901
0.324 3.2199999999999998 0.4334769387341347
0.324 3.2800000000000002 0.3565153354301097
0.324 3.34 0.2914980882633997
0.324 3.4000000000000004 0.2370206217148401
0.324 3.46 0.19171964947457582
0.324 3.52 0.15431378669698273
0.324 3.58 0.12362866496286669
0.324 3.64 0.09860992988482585
0.324 3.7 0.07832716375266834
0.324 3.7600000000000002 0.06197133873283257
0.324 3.82 0.0488479398707026
0.324 3.88 0.0383674476520659
0.324 3.94 0.030034464554879618
0.336 1.0 0.00018925933448227236
0.336 1.06 0.0007769128868486747
0.336 1.1199999999999999 0.0026233376193873768
0.336 1.18 0.007506299701988713
0.336 1.24 0.018647210916834727
0.336 1.3 0.04102462262714335
0.336 1.3599999999999999 0.08125206487283468
0.336 1.42 0.14685685862723358
0.336 1.48 0.24500078241256215
0.336 1.54 0.38090463006587216
0.336 1.6 0.5563752824327229
0.336 1.6600000000000001 0.7688297273001583
0.336 1.72 1.011075854788168
0.336 1.78 1.2719054099753846
0.336 1.84 1.5373556731780171
0.336 1.9 1.7923615136051236
0.336 1.96 2.022473424298762
0.336 2.02 2.2153527947103013
0.336 2.08 2.361845308671898
0.336 2.14 2.456543082260834
0.336 2.2 2.4978470992812385
0.336 2.26 2.487615550389229
0.336 2.3200000000000003 2.430524237670381
0.336 2.38 2.3332747082530725
0.336 2.44 2.2037719674911522
0.336 2.5 2.0503660072865926
0.336 2.56 1.8812187082911864
0.336 2.62 1.7038265205901288
0.336 2.68 1.5247037265374017
0.336 2.7399999999999998 1.34921277380409
0.336 2.8 1.181517150998188
0.336 2.86 1.0246275131225213
0.336 2.92 0.8805117083455413
0.336 2.98 0.7502423987319636
0.336 3.04 0.6341606829558959
0.336 3.0999999999999996 0.5320394104028783
0.336 3.16 0.44323495667812784
0.336 3.2199999999999998 0.36682065174285683
0.336 3.2800000000000002 0.3016986005457359
0.336 3.34 0.24668927436104454
0.336 3.4000000000000004 0.20060005244426332
0.336 3.46 0.16227499050185856
0.336 3.52 0.13062863836757643
0.336 3.58 0.10466687386575341
0.336 3.64 0.08349759467988697
0.336 3.7 0.06633382217575418
0.336 3.7600000000000002 0.05249140200749282
0.336 3.82 0.04138309392947929
0.336 3.88 0.032510465732993744
0.336 3.94 0.025454666234024318
0.348 1.0 0.00021933800085602946
0.348 1.06 0.0008340815430867038
0.348 1.1199999999999999 0.0026513859082352297
0.348 1.18 0.0072294243589450915
0.348 1.24 0.017271361000225204
0.348 1.3 0.03679698349303998
0.348 1.3599999999999999 0.07095470528062522
0.348 1.42 0.12538264875422186
0.348 1.48 0.20518817135196782
0.348 1.54 0.31377029916443977
0.348 1.6 0.4517885421662202
0.348 1.6600000000000001 0.6165539767620973
0.348 1.72 0.8020025470787704
0.348 1.78 0.999256092553288
0.348 1.84 1.1976380518851286
0.348 1.9 1.385925724849647
0.348 1.96 1.5536017256851968
0.348 2.02 1.691904155407041
0.348 2.08 1.7945459048253707
0.348 2.14 1.8580539276322823
0.348 2.2 1.881749803253856
0.348 2.26 1.8674421536556374
0.348 2.3200000000000003 1.8189262813140668
0.348 2.38 1.7413895355423807
0.348 2.44 1.640808429050163
0.348 2.5 1.5234022990380363
0.348 2.56 1.395184408710266
0.348 2.62 1.261629238012576
0.348 2.68 1.1274569109541699
0.348 2.7399999999999998 0.996523257881212
0.348 2.8 0.8717967683443587
0.348 2.86 0.7554008168730941
0.348 2.92 0.648699905030257
0.348 2.98 0.5524111076396181
0.348 3.04 0.46672544227681434
0.348 3.0999999999999996 0.3914277338614359
0.348 3.16 0.326007198874007
0.348 3.2199999999999998 0.26975412069199756
0.348 3.2800000000000002 0.22184049307570267
0.348 3.34 0.18138435726350183
0.348 3.4000000000000004 0.14749880881072241
0.348 3.46 0.11932740154853395
0.348 3.52 0.09606803905596638
0.348 3.58 0.07698752595807924
0.348 3.64 0.061428845645928265
0.348 3.7 0.048813013306310056
0.348 3.7600000000000002 0.038637080758743544
0.348 3.82 0.030469583131844797
0.348 3.88 0.0239444434785454
0.348 3.94 0.018754105654910553
0.36 1.0 0.0003691502075879295
0.36 1.06 0.0012752528926526566
0.36 1.1199999999999999 0.003717412591102045
0.36 1.18 0.00938610939959772
0.36 1.24 0.020959574639883384
0.36 1.3 0.042097972584693714
0.36 1.3599999999999999 0.07711486923400404
0.36 1.42 0.1303195659213449
0.36 1.48 0.20514765795741144
0.36 1.54 0.30328742052431423
0.36 1.6 0.4240282407786171
0.36 1.6600000000000001 0.5640008016499178
0.36 1.72 0.7173739700674565
0.36 1.78 0.8764603648499774
0.36 1.84 1.0325962553571073
0.36 1.9 1.1771205649756966
0.36 1.96 1.302283330004699
0.36 2.02 1.4019541023795414
0.36 2.08 1.4720580317847307
0.36 2.14 1.510725156257259
0.36 2.2 1.5181850035359532
0.36 2.26 1.4964682039199995
0.36 2.3200000000000003 1.4489889529699271
0.36 2.38 1.3800798948604576
0.36 2.44 1.2945390430006065
0.36 2.5 1.1972315720044602
0.36 2.56 1.0927717376808856
0.36 2.62 0.9852945922213735
0.36 2.68 0.8783150718923796
0.36 2.7399999999999998 0.7746639056191948
0.36 2.8 0.6764853548049146
0.36 2.86 0.5852803626365811
0.36 2.92 0.50197942372611
0.36 2.98 0.42703156449576374
0.36 3.04 0.36049856130825564
0.36 3.0999999999999996 0.3021463983141945
0.36 3.16 0.25152863452369906
0.36 3.2199999999999998 0.20805861369452147
0.36 3.2800000000000002 0.17106923124764428
0.36 3.34 0.13986027025439612
0.36 3.4000000000000004 0.11373418375284541
0.36 3.46 0.09202170818578988
0.36 3.52 0.07409892465081784
0.36 3.58 0.059397418681404704
0.36 3.64 0.04740909262650882
0.36 3.7 0.037687011375238444
0.36 3.7600000000000002 0.029843452867253886
0.36 3.82 0.023546118202303547
0.36 3.88 0.01851325085393514
0.36 3.94 0.01450823131493226
0.372 1.0 0.0006991555209687485
0.372 1.06 0.002319536966933045
0.372 1.1199999999999999 0.006488378769485249
0.372 1.18 0.015726696106613074
0.372 1.24 0.033756971955689836
0.372 1.3 0.06530453342033853
0.372 1.3599999999999999 0.11550336982592074
0.372 1.42 0.18898728976908427
0.372 1.48 0.28886944024490996
0.372 1.54 0.4158641170314089
0.372 1.6 0.5677702571437024
0.372 1.6600000000000001 0.7394378496219197
0.372 1.72 0.9232171692825893
0.372 1.78 1.1097854148600022
0.372 1.84 1.289181010020528
0.372 1.9 1.4518596912649036
0.372 1.96 1.5896113171750408
0.372 2.02 1.696226895894723
0.372 2.08 1.767864878365429
0.372 2.14 1.8031204693041352
0.372 2.2 1.8028428224007145
0.372 2.26 1.7697690508895743
0.372 2.3200000000000003 1.7080517699135975
0.372 2.38 1.622751818721751
0.372 2.44 1.5193544233903575
0.372 2.5 1.4033497977435865
0.372 2.56 1.2799016516777817
0.372 2.62 1.1536117448014997
0.372 2.68 1.028376810468361
0.372 2.7399999999999998 0.9073262604027197
0.372 2.8 0.7928247815746507
0.372 2.86 0.6865225922382986
0.372 2.92 0.5894369221993914
0.372 2.98 0.5020504297478573
0.372 3.04 0.4244150870223961
0.372 3.0999999999999996 0.3562530402574536
0.372 3.16 0.2970487303431666
0.372 3.2199999999999998 0.24612893773388456
0.372 3.2800000000000002 0.20272930500249428
0.372 3.34 0.16604728371830915
0.372 3.4000000000000004 0.13528239540286613
0.372 3.46 0.10966526216744497
0.372 3.52 0.08847713372222528
0.372 3.58 0.0710616935915515
0.372 3.64 0.05683083875880631
0.372 3.7 0.045265950958497045
0.372 3.7600000000000002 0.03591595837533499
0.372 3.82 0.02839325514655244
0.372 3.88 0.022368323794080106
0.372 3.94 0.01756370514218995
0.384 1.0 0.0011092943822776104
0.384 1.06 0.003669745738175693
0.384 1.1199999999999999 0.010230066082432798
0.384 1.18 0.02470044868776197
0.384 1.24 0.05280231902671194
0.384 1.3 0.10172617959487072
0.384 1.3599999999999999 0.17919996384307377
0.384 1.42 0.2921133402797775
0.384 1.48 0.44501438414387273
0.384 1.54 0.6388508417102832
0.384 1.6 0.8702599531654067
0.384 1.6600000000000001 1.1315601156418942
0.384 1.72 1.4114257714578609
0.384 1.78 1.6960861302491574
0.384 1.84 1.9708076163971504
0.384 1.9 2.2214039950418916
0.384 1.96 2.4355545280346838
0.384 2.02 2.6037787128628835
0.384 2.08 2.7199950737372114
0.384 2.14 2.781664177358744
0.384 2.2 2.78957179362622
0.384 2.26 2.7473423770364955
0.384 2.3200000000000003 2.660786291514799
0.384 2.38 2.5371802369500136
0.384 2.44 2.3845645497802637
0.384 2.5 2.211119010626119
0.384 2.56 2.0246552832131712
0.384 2.62 1.832242632499827
0.384 2.68 1.6399662336439675
0.384 2.7399999999999998 1.452805054411415
0.384 2.8 1.2746088949766852
0.384 2.86 1.1081510159497538
0.384 2.92 0.9552328911948361
0.384 2.98 0.8168199364275841
0.384 3.04 0.6931906334434305
0.384 3.0999999999999996 0.5840855214874363
0.384 3.16 0.4888465020180643
0.384 3.2199999999999998 0.40654044349546925
0.384 3.2800000000000002 0.3360639916375555
0.384 3.34 0.27622872977248264
0.384 3.4000000000000004 0.22582742347042017
0.384 3.46 0.18368310586566208
0.384 3.52 0.14868332158775413
0.384 3.58 0.11980205899422594
0.384 3.64 0.09611186511467894
0.384 3.7 0.07678844287466928
0.384 3.7600000000000002 0.06110974546326052
0.384 3.82 0.04845126025382239
0.384 3.88 0.03827885089294771
0.384 3.94 0.0301402244230952
0.396 1.0 0.0013621277221403433
0.396 1.06 0.004569598226962767
0.396 1.1199999999999999 0.012913328642878865
0.396 1.18 0.03158939000761995
0.396 1.24 0.06837091502351075
0.396 1.3 0.1332645668196759
0.396 1.3599999999999999 0.23733653135844182
0.396 1.42 0.39085900657257716
0.396 1.48 0.601185757511868
0.396 1.54 0.8708741137739024
0.396 1.6 1.1965037964419483
0.396 1.6600000000000001 1.568449231399197
0.396 1.72 1.9716250157853779
0.396 1.78 2.38701964366789
0.396 1.84 2.793705178510718
0.396 1.9 3.1709711885640943
0.396 1.96 3.500266246203285
0.396 2.02 3.7667137275781335
0.396 2.08 3.9600726715132972
0.396 2.14 4.075115681178068
0.396 2.2 4.1114783109188595
0.396 2.26 4.073089956421015
0.396 2.3200000000000003 3.967323588269424
0.396 2.38 3.8040042394278024
0.396 2.44 3.59440027860613
0.396 2.5 3.3502944051869523
0.396 2.56 3.083199721794836
0.396 2.62 2.803755531003594
0.396 2.68 2.521311263991542
0.396 2.7399999999999998 2.2436870621837786
0.396 2.8 1.9770864512526605
0.396 2.86 1.7261297070592898
0.396 2.92 1.4939747565037416
0.396 2.98 1.282494387756539
0.396 3.04 1.0924827966753177
0.396 3.0999999999999996 0.9238698939894018
0.396 3.16 0.7759274353536304
0.396 3.2199999999999998 0.6474562906836612
0.396 3.2800000000000002 0.5369486717678849
0.396 3.34 0.4427227241149188
0.396 3.4000000000000004 0.363029545029483
0.396 3.46 0.29613449571244393
0.396 3.52 0.24037576377024333
0.396 3.58 0.19420365630743133
0.396 3.64 0.15620421212634103
0.396 3.7 0.12511054731478655
0.396 3.7600000000000002 0.09980500143525513
0.396 3.82 0.07931471669280868
0.396 3.88 0.06280282165406233
0.396 3.94 0.04955694604591194
0.40800000000000003 1.0 0.001313269677745636
0.40800000000000003 1.06 0.004515114004993295
0.40800000000000003 1.1199999999999999 0.013057093352213087
0.40800000000000003 1.18 0.0326322625048272
0.40800000000000003 1.24 0.07203324848063923
0.40800000000000003 1.3 0.14295892217624
0.40800000000000003 1.3599999999999999 0.2588356164555733
0.40800000000000003 1.42 0.43274629818011456
0.40800000000000003 1.48 0.6748923488010012
0.40800000000000003 1.54 0.990190658143569
0.40800000000000003 1.6 1.376578095456024
0.40800000000000003 1.6600000000000001 1.8243970356375252
0.40800000000000003 1.72 2.316962358823759
0.40800000000000003 1.78 2.8321548717541156
0.40800000000000003 1.84 3.3447090626022327
0.40800000000000003 1.9 3.8287861326067683
0.40800000000000003 1.96 4.260437627841608
0.40800000000000003 2.02 4.619645106751374
0.40800000000000003 2.08 4.891736309061139
0.40800000000000003 2.14 5.068100035090701
0.40800000000000003 2.2 5.146229003324861
0.40800000000000003 2.26 5.1291992570004465
0.40800000000000003 2.3200000000000003 5.024741182391413
0.40800000000000003 2.38 4.844072357256613
0.40800000000000003 2.44 4.600652168606684
0.40800000000000003 2.5 4.308990530526435
0.40800000000000003 2.56 3.9836064711569534
0.40800000000000003 2.62 3.6381940926493335
0.40800000000000003 2.68 3.2850187873081067
0.40800000000000003 2.7399999999999998 2.934538850032217
0.40800000000000003 2.8 2.595228077382786
0.40800000000000003 2.86 2.2735634215665983
0.40800000000000003 2.92 1.9741371419566767
0.40800000000000003 2.98 1.6998535513475177
0.40800000000000003 3.04 1.4521746696521198
0.40800000000000003 3.0999999999999996 1.231385310432951
0.40800000000000003 3.16 1.0368550701360995
0.40800000000000003 3.2199999999999998 0.8672814487670801
0.40800000000000003 3.2800000000000002 0.7209043199668554
0.40800000000000003 3.34 0.5956868852249863
0.40800000000000003 3.4000000000000004 0.48946200227948067
0.40800000000000003 3.46 0.4000454283051043
0.40800000000000003 3.52 0.32531920739039477
0.40800000000000003 3.58 0.2632893418991749
0.40800000000000003 3.64 0.21212220795615236
0.40800000000000003 3.7 0.1701640811851605
0.40800000000000003 3.7600000000000002 0.13594777853545328
0.40800000000000003 3.82 0.10818991370677372
0.40800000000000003 3.88 0.08578169549073021
0.40800000000000003 3.94 0.06777563171620166
0.42 1.0 0.0010378574571407665
0.42 1.06 0.0036764509743326674
0.42 1.1199999999999999 0.010917894008075607
0.42 1.18 0.027935726872858245
0.42 1.24 0.06296803740637012
0.42 1.3 0.12732052481790632
0.42 1.3599999999999999 0.23442141494515983
0.42 1.42 0.39794125593414637
0.42 1.48 0.6293251391471939
0.42 1.54 0.9352969913712402
0.42 1.6 1.3159148514617618
0.42 1.6600000000000001 1.7636043192132895
0.42 1.72 2.2633522075942056
0.42 1.78 2.7939896470249312
0.42 1.84 3.330296478519583
0.42 1.9 3.845547429610189
0.42 1.96 4.314098118586768
0.42 2.02 4.713659686280892
0.42 2.08 5.02700971423373
0.42 2.14 5.243006780941279
0.42 2.2 5.356892314646581
0.42 2.26 5.369958493230237
0.42 2.3200000000000003 5.288724853639074
0.42 2.38 5.123796652015844
0.42 2.44 4.888578552974265
0.42 2.5 4.597995387997157
0.42 2.56 4.267336413224419
0.42 2.62 3.911299147515683
0.42 2.68 3.5432702031767676
0.42 2.7399999999999998 3.1748480032905264
0.42 2.8 2.8155881542690797
0.42 2.86 2.4729369161085337
0.42 2.92 2.152310807979593
0.42 2.98 1.8572793014918805
0.42 3.04 1.5898109327290322
0.42 3.0999999999999996 1.3505492344551067
0.42 3.16 1.1390921630625483
0.42 3.2199999999999998 0.9542560526425746
0.42 3.2800000000000002 0.7943118270592163
0.42 3.34 0.6571868235245886
0.42 3.4000000000000004 0.5406299676992895
0.42 3.46 0.44234121111416114
0.42 3.52 0.3600682290332898
0.42 3.58 0.2916745696146839
0.42 3.64 0.23518394831496073
0.42 3.7 0.1888053892978771
0.42 3.7600000000000002 0.15094359679268943
0.42 3.82 0.1201984302711324
0.42 3.88 0.09535676137976597
0.42 3.94 0.07537938112847663
0.432 1.0 0.0007012610841171014
0.432 1.06 0.0025530299664341125
0.432 1.1199999999999999 0.007759249277515224
0.432 1.18 0.020252600982043168
0.432 1.24 0.04645311717837316
0.432 1.3 0.0954059338364074
0.432 1.3599999999999999 0.17818519822753748
0.432 1.42 0.30651642437035115
0.432 1.48 0.49083208734252437
0.432 1.54 0.7381672679543401
0.432 1.6 1.050360268587431
0.432 1.6600000000000001 1.4229477332859632
0.432 1.72 1.8449786380227045
0.432 1.78 2.299774201662968
0.432 1.84 2.766481926986427
0.432 1.9 3.2221457836405616
0.432 1.96 3.64395679458255
0.432 2.02 4.011358193574754
0.432 2.08 4.307743262281011
0.432 2.14 4.521580618003411
0.432 2.2 4.646907814680601
0.432 2.26 4.683229461707468
0.432 2.3200000000000003 4.634926973422127
0.432 2.38 4.5103275284521285
0.432 2.44 4.320590721341541
0.432 2.5 4.0785584532639145
0.432 2.56 3.797684952818884
0.432 2.62 3.491127776254985
0.432 2.68 3.1710442373723016
0.432 2.7399999999999998 2.8481059128015165
0.432 2.8 2.5312194041878455
0.432 2.86 2.2274252579363454
0.432 2.92 1.9419383039478637
0.432 2.98 1.678290308624312
0.432 3.04 1.4385380333203626
0.432 3.0999999999999996 1.2235048508350435
0.432 3.16 1.033030538786432
0.432 3.2199999999999998 0.8662106185944074
0.432 3.2800000000000002 0.7216128778122342
0.432 3.34 0.5974640562336195
0.432 3.4000000000000004 0.49180390138755575
0.432 3.46 0.4026068976906942
0.432 3.52 0.327874052199476
0.432 3.58 0.2656983461329209
0.432 3.64 0.21430802322741369
0.432 3.7 0.17209196525861156
0.432 3.7600000000000002 0.1376111613085389
0.432 3.82 0.10959984084033278
0.432 3.88 0.08695931100847182
0.432 3.94 0.06874698722264524
0.444 1.0 0.0004105397782342427
0.444 1.06 0.0015233512822981122
0.444 1.1199999999999999 0.004704834296684519
0.444 1.18 0.012455775165591074
0.444 1.24 0.02894575005103177
0.444 1.3 0.060194404266310154
0.444 1.3599999999999999 0.11379463276724615
0.444 1.42 0.1981040752399475
0.444 1.48 0.3209935309629614
0.444 1.54 0.4883812608372326
0.444 1.6 0.7028555285312923
0.444 1.6600000000000001 0.962679155351107
0.444 1.72 1.2613900413406252
0.444 1.78 1.5880871751363816
0.444 1.84 1.9283557720729336
0.444 1.9 2.2656693548562887
0.444 1.96 2.583033840090853
0.444 2.02 2.8646191236835334
0.444 2.08 3.097153760049077
0.444 2.14 3.270924040963938
0.444 2.2 3.3803008916065496
0.444 2.26 3.4237978286914608
0.444 2.3200000000000003 3.4037267946015803
0.444 2.38 3.3255586364711043
0.444 2.44 3.1971103745296054
0.444 2.5 3.0276759857684845
0.444 2.56 2.8271975794344497
0.444 2.62 2.6055464879467554
0.444 2.68 2.3719549880494384
0.444 2.7399999999999998 2.1346134978935742
0.444 2.8 1.9004277233791274
0.444 2.86 1.6749162841759757
0.444 2.92 1.4622215639484513
0.444 2.98 1.2652038889854818
0.444 3.04 1.0855903054666622
0.444 3.0999999999999996 0.9241528376773026
0.444 3.16 0.7808959791354004
0.444 3.2199999999999998 0.6552383727975675
0.444 3.2800000000000002 0.5461785376151125
0.444 3.34 0.4524387175240944
0.444 3.4000000000000004 0.3725842939766186
0.444 3.46 0.3051186928842828
0.444 3.52 0.2485554060925965
0.444 3.58 0.20146976282132673
0.444 3.64 0.1625335732962386
0.444 3.7 0.13053586710111406
0.444 3.7600000000000002 0.10439278821297639
0.444 3.82 0.08314939031322158
0.444 3.88 0.06597567898666715
0.444 3.94 0.05215882880558899
0.45599999999999996 1.0 0.00020266584261304207
0.45599999999999996 1.06 0.0007609407989618438
0.45599999999999996 1.1199999999999999 0.002376665611450637
0.45599999999999996 1.18 0.006363760338594292
0.45599999999999996 1.24 0.01496422433011985
0.45599999999999996 1.3 0.03150752900710073
0.45599999999999996 1.3599999999999999 0.06034065403638926
0.45599999999999996 1.42 0.10645858277128266
0.45599999999999996 1.48 0.17484432861289037
0.45599999999999996 1.54 0.2696139791190665
0.45599999999999996 1.6 0.39312859669517836
0.45599999999999996 1.6600000000000001 0.5452608359605696
0.45599999999999996 1.72 0.7229816933080586
0.45599999999999996 1.78 0.9203681312245248
0.45599999999999996 1.84 1.1290439576753821
0.45599999999999996 1.9 1.3389787318016861
0.45599999999999996 1.96 1.5395047002629163
0.45599999999999996 2.02 1.7203829857977513
0.45599999999999996 2.08 1.8727591043048661
0.45599999999999996 2.14 1.989886236938466
0.45599999999999996 2.2 2.0675489379404364
0.45599999999999996 2.26 2.1041759217373
0.45599999999999996 2.3200000000000003 2.1006771175005965
0.45599999999999996 2.38 2.060071020017195
0.45599999999999996 2.44 1.9869820551463149
0.45599999999999996 2.5 1.8870864428894232
0.45599999999999996 2.56 1.7665731654284853
0.45599999999999996 2.62 1.6316689651447545
0.45599999999999996 2.68 1.488257102002064
0.45599999999999996 2.7399999999999998 1.3416020554130275
0.45599999999999996 2.8 1.19617834318028
0.45599999999999996 2.86 1.0555918848461505
0.45599999999999996 2.92 0.9225767397316985
0.45599999999999996 2.98 0.7990479533364389
0.45599999999999996 3.04 0.6861917613019933
0.45599999999999996 3.0999999999999996 0.5845766140098058
0.45599999999999996 3.16 0.4942715933712463
0.45599999999999996 3.2199999999999998 0.41496216917216777
0.45599999999999996 3.2800000000000002 0.3460564497280455
0.45599999999999996 3.34 0.28677785906083136
0.45599999999999996 3.4000000000000004 0.23624239914585624
0.45599999999999996 3.46 0.19352031141095138
0.45599999999999996 3.52 0.15768308239875028
0.45599999999999996 3.58 0.12783742564855557
0.45599999999999996 3.64 0.10314821000962307
0.45599999999999996 3.7 0.08285238670020742
0.45599999999999996 3.7600000000000002 0.06626587592273937
0.45599999999999996 3.82 0.052785176531568764
0.45599999999999996 3.88 0.04188521131358345
0.45599999999999996 3.94 0.03311465351385019
0.46799999999999997 1.0 8.042036187536613e-5
0.46799999999999997 1.06 0.0003051682881095419
0.46799999999999997 1.1199999999999999 0.0009649268996462553
0.46799999999999997 1.18 0.0026205356763481505
0.46799999999999997 1.24 0.006260920789767644
0.46799999999999997 1.3 0.013412557795395031
0.46799999999999997 1.3599999999999999 0.026158566528283828
0.46799999999999997 1.42 0.0470165058524436
0.46799999999999997 1.48 0.07865407206186105
0.46799999999999997 1.54 0.1234676560399949
0.46799999999999997 1.6 0.18309571346476497
0.46799999999999997 1.6600000000000001 0.25796995562345665
0.46799999999999997 1.72 0.3470099235556669
0.46799999999999997 1.78 0.4475384624828061
0.46799999999999997 1.84 0.5554460705321689
0.46799999999999997 1.9 0.6655769772156667
0.46799999999999997 1.96 0.7722651380040567
0.46799999999999997 2.02 0.8699246599278959
0.46799999999999997 2.08 0.9535991993250146
0.46799999999999997 2.14 1.0193943676499528
0.46799999999999997 2.2 1.0647479104413222
0.46799999999999997 2.26 1.0885254528199122
0.46799999999999997 2.3200000000000003 1.0909577911248955
0.46799999999999997 2.38 1.0734549131729587
0.46799999999999997 2.44 1.0383410360925764
0.46799999999999997 2.5 0.9885551508105396
0.46799999999999997 2.56 0.9273553413150695
0.46799999999999997 2.62 0.8580553516113794
0.46799999999999997 2.68 0.7838110438940248
0.46799999999999997 2.7399999999999998 0.7074644040638728
0.46799999999999997 2.8 0.6314447245260137
0.46799999999999997 2.86 0.5577209753862056
0.46799999999999997 2.92 0.4877961093804006
0.46799999999999997 2.98 0.4227327703353853
0.46799999999999997 3.04 0.36320008687334426
0.46799999999999997 3.0999999999999996 0.30953241438567497
0.46799999999999997 3.16 0.26179258367499714
0.46799999999999997 3.2199999999999998 0.21983406922163534
0.46799999999999997 3.2800000000000002 0.18335825763427935
0.46799999999999997 3.34 0.15196452989514683
0.46799999999999997 3.4000000000000004 0.12519210100476677
0.46799999999999997 3.46 0.10255347611783568
0.46799999999999997 3.52 0.08356000835957748
0.46799999999999997 3.58 0.0677404251270076
0.46799999999999997 3.64 0.05465337905382134
0.46799999999999997 3.7 0.043895128224306065
0.46799999999999997 3.7600000000000002 0.0351034030806088
0.46799999999999997 3.82 0.027958412069366938
0.46799999999999997 3.88 0.022181803076678757
0.46799999999999997 3.94 0.017534253736758692
0.48 1.0 2.4617459725751294e-5
0.48 1.06 9.503711749920823e-5
0.48 1.1199999999999999 0.0003068783938281329
0.48 1.18 0.0008538632226821561
0.48 1.24 0.002094968866447221
0.48 1.3 0.004614583881094737
0.48 1.3599999999999999 0.00925512712702842
0.48 1.42 0.017093066224536404
0.48 1.48 0.02933800421868017
0.48 1.54 0.04715543268942814
0.48 1.6 0.07144020306512815
0.48 1.6600000000000001 0.10258908280942543
0.48 1.72 0.14032777288881762
0.48 1.78 0.18363736506296194
0.48 1.84 0.23080140200873686
0.48 1.9 0.27956604388071554
0.48 1.96 0.327381427080671
0.48 2.02 0.3716783326465926
0.48 2.08 0.41013263937367833
0.48 2.14 0.4408787438836516
0.48 2.2 0.4626479722581471
0.48 2.26 0.4748243445663541
0.48 2.3200000000000003 0.4774241634787319
0.48 2.38 0.47101561677830556
0.48 2.44 0.456599310004204
0.48 2.5 0.43547095709209005
0.48 2.56 0.4090845857579618
0.48 2.62 0.3789299701217004
0.48 2.68 0.346432837230088
0.48 2.7399999999999998 0.3128816250564408
0.48 2.8 0.2793807403490295
0.48 2.86 0.2468275884557724
0.48 2.92 0.21590909432332112
0.48 2.98 0.18711282705988422
0.48 3.04 0.160747937230091
0.48 3.0999999999999996 0.13697166857920703
0.48 3.16 0.11581799790190815
0.48 3.2199999999999998 0.09722582095289427
0.48 3.2800000000000002 0.08106492352174267
0.48 3.34 0.06715868676841917
0.48 3.4000000000000004 0.05530304358219707
0.48 3.46 0.04528162363993075
0.48 3.52 0.03687731141899597
0.48 3.58 0.02988061505225104
0.48 3.64 0.02409532915310937
0.48 3.7 0.019341995490904148
0.48 3.7600000000000002 0.015459642697056361
0.48 3.82 0.012306237202750403
0.48 3.88 0.00975821547079335
0.48 3.94 0.007709401678205484
0.49199999999999994 1.0 5.705068418470726e-6
0.49199999999999994 1.06 2.2786654914522155e-5
0.49199999999999994 1.1199999999999999 7.652062033296155e-5
0.49199999999999994 1.18 0.0002220997231217376
0.49199999999999994 1.24 0.0005688545770229631
0.49199999999999994 1.3 0.0013063246008416486
0.49199999999999994 1.3599999999999999 0.00272379641168205
0.49199999999999994 1.42 0.005210404897166634
0.49199999999999994 1.48 0.00922482674151592
0.49199999999999994 1.54 0.015231718386874553
0.49199999999999994 1.6 0.023613702874268765
0.49199999999999994 1.6600000000000001 0.03457793998658157
0.49199999999999994 1.72 0.04808061212662803
0.49199999999999994 1.78 0.06378925884031512
0.49199999999999994 1.84 0.0810933339042863
0.49199999999999994 1.9 0.09916134212178296
0.49199999999999994 1.96 0.11703243691559602
0.49199999999999994 2.02 0.13372418254043653
0.49199999999999994 2.08 0.14833717577804373
0.49199999999999994 2.14 0.16014057893124298
0.49199999999999994 2.2 0.16862857489538197
0.49199999999999994 2.26 0.17354437359061564
0.49199999999999994 2.3200000000000003 0.1748741280041329
0.49199999999999994 2.38 0.1728170645002423
0.49199999999999994 2.44 0.16774005386816523
0.49199999999999994 2.5 0.16012498889124926
0.49199999999999994 2.56 0.15051619693053497
0.49199999999999994 2.62 0.13947327481812272
0.49199999999999994 2.68 0.12753269178948715
0.49199999999999994 2.7399999999999998 0.11517962971206162
0.49199999999999994 2.8 0.10283003134074666
0.49199999999999994 2.86 0.09082178722103923
0.49199999999999994 2.92 0.07941339463841031
0.49199999999999994 2.98 0.06878819485551012
0.49199999999999994 3.04 0.05906234053371724
0.49199999999999994 3.0999999999999996 0.05029486563266125
0.49199999999999994 3.16 0.042498540541634273
0.49199999999999994 3.2199999999999998 0.03565053087037537
0.49199999999999994 3.2800000000000002 0.02970219511542779
0.49199999999999994 3.34 0.024587628594233052
0.49199999999999994 3.4000000000000004 0.020230777312436606
0.49199999999999994 3.46 0.01655110470283095
0.49199999999999994 3.52 0.01346790170971472
0.49199999999999994 3.58 0.01090339504788197
0.49199999999999994 3.64 0.008784839273604433
0.49199999999999994 3.7 0.007045784829706919
0.49199999999999994 3.7600000000000002 0.00562670454669029
0.49199999999999994 3.82 0.004475141737356635
0.49199999999999994 3.88 0.003545518971548151
0.49199999999999994 3.94 0.0027987213774006646
0.504 1.0 1.0166681366858866e-6
0.504 1.06 4.324564404188933e-6
0.504 1.1199999999999999 1.5498631266684426e-5
0.504 1.18 4.7892842482188526e-5
0.504 1.24 0.00012987438931929169
0.504 1.3 0.0003135235814107161
0.504 1.3599999999999999 0.0006820684770679189
0.504 1.42 0.0013516847407017214
0.504 1.48 0.0024636382053642987
0.504 1.54 0.004165316441950344
0.504 1.6 0.0065826238852064
0.504 1.6600000000000001 0.009789785461005665
0.504 1.72 0.013784224884609321
0.504 1.78 0.01847320876539153
0.504 1.84 0.02367587081990598
0.504 1.9 0.029140291374556152
0.504 1.96 0.034571848364980534
0.504 2.02 0.03966700075919908
0.504 2.08 0.04414630374639818
0.504 2.14 0.0477815213901049
0.504 2.2 0.05041361580176452
0.504 2.26 0.05196051681603623
0.504 2.3200000000000003 0.05241541010262538
0.504 2.38 0.05183753861099359
0.504 2.44 0.05033811829456041
0.504 2.5 0.048064005998169894
0.504 2.56 0.045181390212624926
0.504 2.62 0.04186118849956252
0.504 2.68 0.038267189255455775
0.504 2.7399999999999998 0.03454738532058534
0.504 2.8 0.03082847877656796
0.504 2.86 0.02721321402525567
0.504 2.92 0.023780013659296478
0.504 2.98 0.02058432479254999
0.504 3.04 0.017661101238863844
0.504 3.0999999999999996 0.015027918173009053
0.504 3.16 0.012688314146353713
0.504 3.2199999999999998 0.010635060440021401
0.504 3.2800000000000002 0.00885315619236095
0.504 3.34 0.007322431775755614
0.504 3.4000000000000004 0.006019709246104727
0.504 3.46 0.0049205172030224575
0.504 3.52 0.004000389861244914
0.504 3.58 0.0032357992960714383
0.504 3.64 0.002604778728722878
0.504 3.7 0.0020872962526678547
0.504 3.7600000000000002 0.0016654350688578693
0.504 3.82 0.0013234301045601277
0.504 3.88 0.0010476033476080101
0.504 3.94 0.0008262323977569968
0.516 1.0 1.4795725530687324e-7
0.516 1.06 6.90578002817707e-7
0.516 1.1199999999999999 2.686322911388211e-6
0.516 1.18 8.887924362189012e-6
0.516 1.24 2.546059495868283e-5
0.516 1.3 6.416747066436482e-5
0.516 1.3599999999999999 0.00014433994725019316
0.516 1.42 0.0002935260681216319
0.516 1.48 0.000545766327104187
0.516 1.54 0.0009370792405141578
0.516 1.6 0.0014987320522283692
0.516 1.6600000000000001 0.0022497845856063146
0.516 1.72 0.00319081771609637
0.516 1.78 0.004300525582636889
0.516 1.84 0.005536087195470263
0.516 1.9 0.006837251758750719
0.516 1.96 0.008133210638691445
0.516 2.02 0.00935081831048518
0.516 2.08 0.010422635800797667
0.516 2.14 0.011293535177474107
0.516 2.2 0.011925076864324882
0.516 2.26 0.01229739497352546
0.516 2.3200000000000003 0.012408775504005286
0.516 2.38 0.012273418474330963
0.516 2.44 0.01191802075426569
0.516 2.5 0.011377822646489278
0.516 2.56 0.0106926693434335
0.516 2.62 0.009903493763496108
0.516 2.68 0.009049469239656363
0.516 2.7399999999999998 0.00816593703847546
0.516 2.8 0.0072831005308628205
0.516 2.86 0.006425400519885728
0.516 2.92 0.005611442955723124
0.516 2.98 0.004854335011036615
0.516 3.04 0.004162290554511034
0.516 3.0999999999999996 0.003539383860840283
0.516 3.16 0.0029863544981609982
0.516 3.2199999999999998 0.0025013918964051527
0.516 3.2800000000000002 0.002080851895880225
0.516 3.34 0.0017198777795037637
0.516 3.4000000000000004 0.0014129141602795192
0.516 3.46 0.0011541136314934673
0.516 3.52 0.000937643748791712
0.516 3.58 0.0007579063832475667
0.516 3.64 0.0006096835062292397
0.516 3.7 0.00048822374131244804
0.516 3.7600000000000002 0.00038928314763306607
0.516 3.82 0.0003091321637198976
0.516 3.88 0.0002445388004889372
0.516 3.94 0.00019273627786123786
0.528 1.0 1.885329257952755e-8
0.528 1.06 9.645421247981645e-8
0.528 1.1199999999999999 4.0171148237789876e-7
0.528 1.18 1.3965860855224886e-6
0.528 1.24 4.145874778375345e-6
0.528 1.3 1.0720604442053052e-5
0.528 1.3599999999999999 2.456881906534582e-5
0.528 1.42 5.064847559122408e-5
0.528 1.48 9.512576428005805e-5
0.528 1.54 0.00016455871778133944
0.528 1.6 0.000264670017998578
0.528 1.6600000000000001 0.00039898224269046563
0.528 1.72 0.0005676673758243211
0.528 1.78 0.0007669195506761983
0.528 1.84 0.0009890191686320441
0.528 1.9 0.0012230759266066429
0.528 1.96 0.0014562802747608034
0.528 2.02 0.0016753997249425777
0.528 2.08 0.0018682409298504212
0.528 2.14 0.002024847706172108
0.528 2.2 0.002138292208838774
0.528 2.26 0.0022050122420145877
0.528 2.3200000000000003 0.0022247295936111276
0.528 2.38 0.002200039719831552
0.528 2.44 0.002135789145012324
0.528 2.5 0.0020383575910918736
0.528 2.56 0.0019149447277784287
0.528 2.62 0.0017729348811530766
0.528 2.68 0.0016193842079758884
0.528 2.7399999999999998 0.0014606487893673774
0.528 2.8 0.0013021516487865393
0.528 2.86 0.0011482728086286747
0.528 2.92 0.0010023388012627933
0.528 2.98 0.0008666854225796541
0.528 3.04 0.0007427685460470825
0.528 3.0999999999999996 0.0006313011204453172
0.528 3.16 0.0005323988889024903
0.528 3.2199999999999998 0.00044572201773009323
0.528 3.2800000000000002 0.00037060413317324545
0.528 3.34 0.00030616390908722984
0.528 3.4000000000000004 0.00025139720033689556
0.528 3.46 0.000205249781105649
0.528 3.52 0.00016667211083489062
0.528 3.58 0.00013465833897223682
0.528 3.64 0.00010827210881419306
0.528 3.7 8.666175768047338e-5
0.528 3.7600000000000002 6.90673441885292e-5
0.528 3.82 5.482164999408823e-5
0.528 3.88 4.334696742530162e-5
0.528 3.94 3.4149140743154654e-5
0.54 1.0 2.067055577941672e-9
0.54 1.06 1.1180481847611672e-8
0.54 1.1199999999999999 4.8287819401737755e-8
0.54 1.18 1.7195253756215038e-7
0.54 1.24 5.187367741990123e-7
0.54 1.3 1.3562003264039142e-6
0.54 1.3599999999999999 3.131863605704039e-6
0.54 1.42 6.491086810382943e-6
0.54 1.48 1.2237926901036471e-5
0.54 1.54 2.122840415749272e-5
0.54 1.6 3.420985938371422e-5
0.54 1.6600000000000001 5.1642339729119136e-5
0.54 1.72 7.354820843314597e-5
0.54 1.78 9.943044293774243e-5
0.54 1.84 0.00012828151561078898
0.54 1.9 0.00015868103092977793
0.54 1.96 0.00018895961958414375
0.54 2.02 0.00021739448724404504
0.54 2.08 0.00024240010240004128
0.54 2.14 0.00026268405672142075
0.54 2.2 0.0002773495820417418
0.54 2.26 0.0002859387510291396
0.54 2.3200000000000003 0.0002884210719676128
0.54 2.38 0.0002851393834135288
0.54 2.44 0.00027672829689582066
0.54 2.5 0.00026402046559919354
0.54 2.56 0.00024795367947834086
0.54 2.62 0.0002294882961461382
0.54 2.68 0.00020954074541881234
0.54 2.7399999999999998 0.0001889354496682257
0.54 2.8 0.00016837484636843925
0.54 2.86 0.0001484254031379925
0.54 2.92 0.00012951652766009746
0.54 2.98 0.00011194894631741137
0.54 3.04 9.590927056706457e-5
0.54 3.0999999999999996 8.148790833977464e-5
0.54 3.16 6.869805729564053e-5
0.54 3.2199999999999998 5.74941244323171e-5
0.54 3.2800000000000002 4.778847775703737e-5
0.54 3.34 3.946590907028573e-5
0.54 3.4000000000000004 3.239555624628343e-5
0.54 3.46 2.6440299947494723e-5
0.54 3.52 2.1463825069935124e-5
0.54 3.58 1.7335637960638092e-5
0.54 3.64 1.3934374346290749e-5
0.54 3.7 1.1149736547163036e-5
0.54 3.7600000000000002 8.883376055704046e-6
0.54 3.82 7.04900014361155e-6
0.54 3.88 5.571937147877702e-6
0.54 3.94 4.388350243139181e-6
0.552 1.0 1.7411950383663807e-10
0.552 1.06 9.6276825335317e-10
0.552 1.1199999999999999 4.214218123977601e-9
0.552 1.18 1.5133348665051302e-8
0.552 1.24 4.59007715434274e-8
0.552 1.3 1.2043082216654734e-7
0.552 1.3599999999999999 2.7876766351012596e-7
0.552 1.42 5.786870052287772e-7
0.552 1.48 1.0921744171319766e-6
0.552 1.54 1.8958377064474368e-6
0.552 1.6 3.0564921377856913e-6
0.552 1.6600000000000001 4.615153532271472e-6
0.552 1.72 6.573587269327529e-6
0.552 1.78 8.887036766803503e-6
0.552 1.84 1.1465080772263406e-5
0.552 1.9 1.418043821093066e-5
0.552 1.96 1.6883688407811215e-5
0.552 2.02 1.9420796713008226e-5
0.552 2.08 2.165017285860373e-5
0.552 2.14 2.3456583910913755e-5
0.552 2.2 2.4760274380075775e-5
0.552 2.26 2.5520771001958657e-5
0.552 2.3200000000000003 2.5735805012676047e-5
0.552 2.38 2.54364256993987e-5
0.552 2.44 2.467967424131544e-5
0.552 2.5 2.3540185787044123e-5
0.552 2.56 2.2101881020268852e-5
0.552 2.62 2.0450594304135278e-5
0.552 2.68 1.866814734754091e-5
0.552 2.7399999999999998 1.6828073680357502e-5
0.552 2.8 1.4992962343046458e-5
0.552 2.86 1.3213229500935028e-5
0.552 2.92 1.1527039337436395e-5
0.552 2.98 9.961067092428886e-6
0.552 3.04 8.531810800177847e-6
0.552 3.0999999999999996 7.24719795950006e-6
0.552 3.16 6.108285476843256e-6
0.552 3.2199999999999998 5.110905675465738e-6
0.552 3.2800000000000002 4.247161338811e-6
0.552 3.34 3.5067149927424324e-6
0.552 3.4000000000000004 2.8778505261238535e-6
0.552 3.46 2.3483089395523154e-6
0.552 3.52 1.9059155543769647e-6
0.552 3.58 1.5390249023603182e-6
0.552 3.64 1.2368133447067174e-6
0.552 3.7 9.894497215370905e-7
0.552 3.7600000000000002 7.881722710414807e-7
0.552 3.82 6.252966803676418e-7
0.552 3.88 4.94176178066293e-7
0.552 3.94 3.891305624707744e-7
0.564 1.0 1.002070324404025e-11
0.564 1.06 5.576416010166614e-11
0.564 1.1199999999999999 2.4500646506962714e-10
0.564 1.18 8.818115049266228e-10
0.564 1.24 2.678314356755666e-9
0.564 1.3 7.033125392700136e-9
0.564 1.3599999999999999 1.628829487439476e-8
0.564 1.42 3.382235204006211e-8
0.564 1.48 6.384323095959779e-8
0.564 1.54 1.1082633189482955e-7
0.564 1.6 1.7867076799189406e-7
0.564 1.6600000000000001 2.6976353931154833e-7
0.564 1.72 3.841944307820733e-7
0.564 1.78 5.193332956529177e-7
0.564 1.84 6.6988309618538e-7
0.564 1.9 8.283973325246084e-7
0.564 1.96 9.861423699090343e-7
0.564 2.02 1.134122453710436e-6
0.564 2.08 1.2640760528424465e-6
0.564 2.14 1.3692872442515913e-6
0.564 2.2 1.4451162971870554e-6
0.564 2.26 1.4892194270833082e-6
0.564 2.3200000000000003 1.501483462041897e-6
0.564 2.38 1.4837384895551503e-6
0.564 2.44 1.4393286432872267e-6
0.564 2.5 1.3726209794450698e-6
0.564 2.56 1.2885202032219128e-6
0.564 2.62 1.1920385832702555e-6
0.564 2.68 1.0879506113853162e-6
0.564 2.7399999999999998 9.805442325446804e-7
0.564 2.8 8.734666610379091e-7
0.564 2.86 7.696535082951433e-7
0.564 2.92 6.713248848806433e-7
0.564 2.98 5.800305099518004e-7
0.564 3.04 4.967266881000145e-7
0.564 3.0999999999999996 4.2187034954142e-7
0.564 3.16 3.555184036822679e-7
0.564 3.2199999999999998 2.974238405776467e-7
0.564 3.2800000000000002 2.4712294473340146e-7
0.564 3.34 2.0401044898504317e-7
0.564 3.4000000000000004 1.674013723032316e-7
0.564 3.46 1.3657966343768582e-7
0.564 3.52 1.1083467476416318e-7
0.564 3.58 8.948700522661384e-8
0.564 3.64 7.190547117516559e-8
0.564 3.7 5.751697587990832e-8
0.564 3.7600000000000002 4.581092616886397e-8
0.564 3.82 3.6339646201043534e-8
0.564 3.88 2.8716006925302314e-8
0.564 3.94 2.2609255038305334e-8
0.576 1.0 3.6191265102369097e-13
0.576 1.06 2.016935772799461e-12
0.576 1.1199999999999999 8.868792903711909e-12
0.576 1.18 3.193424083654922e-11
0.576 1.24 9.701638799619285e-11
0.576 1.3 2.5478811346970086e-10
0.576 1.3599999999999999 5.900906396491025e-10
0.576 1.42 1.2252834093002526e-9
0.576 1.48 2.3127156545368657e-9
0.576 1.54 4.014346716538473e-9
0.576 1.6 6.471174542092978e-9
0.576 1.6600000000000001 9.769355352287176e-9
0.576 1.72 1.3911810548436024e-8
0.576 1.78 1.880297899837793e-8
0.576 1.84 2.4250805429892336e-8
0.576 1.9 2.998553580988219e-8
0.576 1.96 3.569097841120264e-8
0.576 2.02 4.10416250826361e-8
0.576 2.08 4.5738704073882106e-8
0.576 2.14 4.953951244430368e-8
0.576 2.2 5.227656861471102e-8
0.576 2.26 5.386550920810879e-8
0.576 2.3200000000000003 5.430267187948303e-8
0.576 2.38 5.365465392673925e-8
0.576 2.44 5.204275163055459e-8
0.576 2.5 4.9625174432879244e-8
0.576 2.56 4.65794844662895e-8
0.576 2.62 4.3087043736109726e-8
0.576 2.68 3.932053482487026e-8
0.576 2.7399999999999998 3.5434979430494976e-8
0.576 2.8 3.156217991770396e-8
0.576 2.86 2.7808173699755384e-8
0.576 2.92 2.4253107899548616e-8
0.576 2.98 2.0952883537129643e-8
0.576 3.04 1.7941948988356758e-8
0.576 3.0999999999999996 1.5236707392218827e-8
0.576 3.16 1.2839113427053468e-8
0.576 3.2199999999999998 1.0740150198699773e-8
0.576 3.2800000000000002 8.922982993471462e-9
0.576 3.34 7.365675708202254e-9
0.576 3.4000000000000004 6.043424996019165e-9
0.576 3.46 4.930316913172353e-9
0.576 3.52 4.00064339463894e-9
0.576 3.58 3.229834406441859e-9
0.576 3.64 2.595069501173355e-9
0.576 3.7 2.0756328775589753e-9
0.576 3.7600000000000002 1.6530715772614087e-9
0.576 3.82 1.311209245867637e-9
0.576 3.88 1.036059495806473e-9
0.576 3.94 8.156744100495768e-10
0.588 1.0 7.667660360238822e-15
0.588 1.06 4.274214913513578e-14
0.588 1.1199999999999999 1.879651686589547e-13
0.588 1.18 6.7684082769564e-13
0.588 1.24 2.0562396579361396e-12
0.588 1.3 5.400018813574344e-12
0.588 1.3599999999999999 1.2505909895815051e-11
0.588 1.42 2.596624147707751e-11
0.588 1.48 4.900809812163597e-11
0.588 1.54 8.506123782706522e-11
0.588 1.6 1.371102679582474e-10
0.588 1.6600000000000001 2.0697702357667862e-10
0.588 1.72 2.947195234732452e-10
0.588 1.78 3.983096547225343e-10
0.588 1.84 5.136760738628521e-10
0.588 1.9 6.351030357202749e-10
0.588 1.96 7.558930222561816e-10
0.588 2.02 8.691531600633978e-10
0.588 2.08 9.685586613238114e-10
0.588 2.14 1.0489736427551364e-9
0.588 2.2 1.1068561643387432e-9
0.588 2.26 1.1404248278825757e-9
0.588 2.3200000000000003 1.149606991306062e-9
0.588 2.38 1.1358171728729237e-9
0.588 2.44 1.1016272084524847e-9
0.588 2.5 1.0503894591162165e-9
0.588 2.56 9.858649444763746e-10
0.588 2.62 9.118941095758796e-10
0.588 2.68 8.321327547935615e-10
0.588 2.7399999999999998 7.498620736733731e-10
0.588 2.8 6.678711804374551e-10
0.588 2.86 5.884034163864558e-10
0.588 2.92 5.131538720420732e-10
0.588 2.98 4.433043378046812e-10
0.588 3.04 3.7958254827209976e-10
0.588 3.0999999999999996 3.223343883820773e-10
0.588 3.16 2.7160007719255155e-10
0.588 3.2199999999999998 2.2718778818921352e-10
0.588 3.2800000000000002 1.8874040974202638e-10
0.588 3.34 1.5579303440276656e-10
0.588 3.4000000000000004 1.278202304507437e-10
0.588 3.46 1.0427320119762067e-10
0.588 3.52 8.460762541389761e-11
0.588 3.58 6.830336332789378e-11
0.588 3.64 5.4877378603299954e-11
0.588 3.7 4.389123396885344e-11
0.588 3.7600000000000002 3.495442310971836e-11
0.588 3.82 2.772464854370255e-11
0.588 3.88 2.1905977402983136e-11
0.588 3.94 1.7245627015596398e-11
