7.92 7.200000000000001 9.84 3.18 3.18 -0.6000000000000001 0.294 0.252 3.04
9.9 7.859999999999999 7.200000000000001 -0.45999999999999996 3.11 2.7600000000000007 0.396 0.336 2.41
9.719999999999999 7.92 7.200000000000001 -0.7400000000000002 3.18 2.8299999999999996 0.48 0.288 2.23
10.32 7.200000000000001 7.92 -0.45999999999999996 2.9 3.18 0.372 0.282 2.26
7.200000000000001 9.84 7.92 3.25 -0.6000000000000001 3.32 0.258 0.46799999999999997 2.35
10.08 7.26 7.9799999999999995 -0.32000000000000006 2.4800000000000004 2.9699999999999998 0.432 0.198 2.71
7.92 7.200000000000001 10.14 3.25 2.7600000000000007 -0.3899999999999999 0.282 0.318 2.59
7.859999999999999 10.08 7.140000000000001 3.0399999999999996 -0.6000000000000001 2.62 0.366 0.40800000000000003 2.2
9.9 7.140000000000001 7.859999999999999 -0.6000000000000001 3.4600000000000004 2.9699999999999998 0.438 0.192 3.0999999999999996
10.14 7.92 7.200000000000001 -0.6000000000000001 3.25 3.0399999999999996 0.378 0.324 2.44
7.92 10.08 7.200000000000001 3.0399999999999996 -0.6700000000000002 2.55 0.366 0.378 1.69
7.200000000000001 7.92 9.9 3.0399999999999996 3.0399999999999996 -0.6000000000000001 0.24599999999999997 0.312 2.23
10.020000000000001 7.26 7.9799999999999995 -0.32000000000000006 2.13 3.0399999999999996 0.40800000000000003 0.282 2.02
9.96 7.140000000000001 7.92 -0.6000000000000001 3.0399999999999996 3.0399999999999996 0.438 0.258 2.6500000000000004
7.92 7.200000000000001 9.96 3.0399999999999996 2.8299999999999996 -0.45999999999999996 0.34199999999999997 0.22799999999999998 2.17
7.200000000000001 10.020000000000001 7.92 2.9699999999999998 -0.53 2.9 0.22799999999999998 0.438 2.29
7.200000000000001 7.92 10.020000000000001 2.7600000000000007 3.11 -0.25 0.318 0.3 2.05
10.08 7.200000000000001 7.92 -0.32000000000000006 2.9 2.9699999999999998 0.42 0.27 2.14
7.9799999999999995 7.200000000000001 10.14 3.18 2.8299999999999996 -0.45999999999999996 0.276 0.34199999999999997 2.56
9.96 7.92 7.200000000000001 -0.6700000000000002 3.18 3.11 0.46199999999999997 0.294 2.23
7.200000000000001 7.92 9.719999999999999 2.9 3.25 -0.8099999999999998 0.27 0.264 2.71
9.84 7.859999999999999 7.140000000000001 -0.6700000000000002 3.25 2.6900000000000004 0.45599999999999996 0.276 2.35
7.32 7.9799999999999995 10.08 2.4800000000000004 2.9699999999999998 -0.45999999999999996 0.282 0.34199999999999997 2.38
7.859999999999999 7.140000000000001 9.84 2.9699999999999998 3.18 -0.53 0.354 0.216 3.16
9.9 7.140000000000001 7.859999999999999 -0.32000000000000006 3.11 2.4800000000000004 0.45599999999999996 0.20400000000000001 1.78
7.92 7.200000000000001 9.96 3.11 2.8299999999999996 -0.6700000000000002 0.318 0.27 1.75
10.020000000000001 7.140000000000001 7.859999999999999 -0.6700000000000002 2.9699999999999998 2.7600000000000007 0.432 0.252 1.57
7.200000000000001 7.92 9.9 2.9699999999999998 3.18 -0.53 0.23399999999999999 0.33 2.14
9.780000000000001 7.92 7.200000000000001 -0.8099999999999998 3.25 3.0399999999999996 0.46199999999999997 0.258 2.5
10.020000000000001 7.200000000000001 7.92 -0.6700000000000002 2.9699999999999998 3.32 0.39 0.312 2.86
7.26 7.92 10.2 2.41 3.11 -0.25 0.294 0.294 1.75
7.92 10.08 7.200000000000001 3.25 -0.45999999999999996 3.18 0.366 0.40800000000000003 2.02
7.859999999999999 9.84 7.140000000000001 2.6900000000000004 -0.8099999999999998 3.25 0.366 0.438 2.77
7.92 9.96 7.200000000000001 3.4600000000000004 -0.8099999999999998 3.11 0.318 0.444 2.41
7.92 9.84 7.200000000000001 3.25 -0.3899999999999999 2.9 0.34199999999999997 0.414 2.5300000000000002
7.92 7.200000000000001 9.780000000000001 2.8299999999999996 2.6900000000000004 -0.6000000000000001 0.348 0.23399999999999999 2.08
10.020000000000001 7.200000000000001 7.92 -0.6000000000000001 3.25 3.0399999999999996 0.42 0.252 2.14
7.200000000000001 10.08 7.92 2.9 -0.53 2.9699999999999998 0.222 0.396 2.35
7.200000000000001 7.92 9.96 2.4800000000000004 3.18 -0.6000000000000001 0.264 0.276 2.02
7.859999999999999 7.140000000000001 10.020000000000001 2.8299999999999996 3.0399999999999996 -0.32000000000000006 0.34199999999999997 0.276 1.96
7.200000000000001 10.08 7.92 2.6900000000000004 -0.53 3.25 0.27 0.39 2.89
10.08 7.200000000000001 7.92 -0.6000000000000001 2.55 3.25 0.384 0.288 2.8
10.08 7.200000000000001 7.92 -0.6000000000000001 2.9699999999999998 3.25 0.426 0.276 3.73
10.020000000000001 7.92 7.140000000000001 -0.45999999999999996 2.8299999999999996 3.11 0.45599999999999996 0.33 2.98
10.08 7.200000000000001 7.92 -0.45999999999999996 2.9699999999999998 3.25 0.432 0.222 2.11
10.020000000000001 7.92 7.26 -0.3899999999999999 3.25 2.6900000000000004 0.42 0.3 2.26
10.14 7.9799999999999995 7.200000000000001 -0.53 3.25 2.2699999999999996 0.396 0.318 2.08
7.9799999999999995 7.200000000000001 10.08 3.18 2.62 -0.45999999999999996 0.276 0.264 1.96
7.200000000000001 10.14 7.92 2.8299999999999996 -0.53 2.9 0.258 0.426 2.14
7.9799999999999995 9.9 7.26 3.18 -0.53 2.55 0.3 0.414 2.05
7.26 10.14 7.92 2.7600000000000007 -0.6000000000000001 2.9699999999999998 0.282 0.42 2.59
7.140000000000001 7.859999999999999 9.9 3.25 2.9699999999999998 -0.6700000000000002 0.222 0.372 1.63
10.14 7.26 7.9799999999999995 -0.3899999999999999 2.34 3.11 0.414 0.27 2.7399999999999998
7.92 10.08 7.200000000000001 3.18 -0.6000000000000001 2.6900000000000004 0.288 0.46799999999999997 2.3200000000000003
7.140000000000001 10.14 7.92 3.0399999999999996 -0.7400000000000002 3.0399999999999996 0.222 0.44999999999999996 1.84
7.92 7.200000000000001 10.14 3.0399999999999996 2.7600000000000007 -0.10999999999999988 0.318 0.264 2.14
10.020000000000001 7.92 7.200000000000001 -0.45999999999999996 3.0399999999999996 2.8299999999999996 0.402 0.33 2.23
7.92 7.200000000000001 9.96 2.9 3.18 -0.6700000000000002 0.336 0.264 2.4699999999999998
10.08 7.92 7.140000000000001 -0.53 2.9 2.8299999999999996 0.40800000000000003 0.372 1.96
7.92 10.26 7.200000000000001 3.18 -0.32000000000000006 2.8299999999999996 0.354 0.36 2.17
7.26 10.020000000000001 7.9799999999999995 2.2699999999999996 -0.53 3.18 0.312 0.396 2.77
7.92 7.200000000000001 10.08 3.11 3.11 -0.25 0.318 0.252 2.02
10.020000000000001 7.200000000000001 7.92 -0.45999999999999996 2.6900000000000004 2.7600000000000007 0.42 0.22799999999999998 2.98
7.140000000000001 7.92 9.9 3.25 3.11 -0.95 0.258 0.306 2.71
7.9799999999999995 9.96 7.26 2.9 -0.53 2.62 0.24599999999999997 0.438 3.67
7.92 10.08 7.200000000000001 3.18 -0.7400000000000002 3.0399999999999996 0.318 0.44999999999999996 2.26
7.92 7.200000000000001 9.96 3.0399999999999996 2.41 -0.3899999999999999 0.306 0.264 2.5
9.84 7.200000000000001 7.92 -0.6700000000000002 3.11 2.9699999999999998 0.414 0.23399999999999999 2.71
10.2 7.92 7.200000000000001 -0.6700000000000002 3.0399999999999996 2.9699999999999998 0.438 0.312 2.17
7.200000000000001 7.92 9.9 2.9699999999999998 3.0399999999999996 -0.53 0.288 0.306 2.68
9.780000000000001 7.92 7.200000000000001 -0.7400000000000002 3.18 2.9699999999999998 0.414 0.348 2.8
10.08 7.26 7.92 -0.32000000000000006 2.4800000000000004 3.11 0.396 0.312 2.14
7.140000000000001 10.08 7.92 2.8299999999999996 -0.039999999999999813 3.18 0.23399999999999999 0.378 2.7399999999999998
7.140000000000001 9.84 7.859999999999999 3.39 -0.6000000000000001 2.7600000000000007 0.21 0.438 2.26
9.9 7.92 7.200000000000001 -0.53 3.11 3.11 0.45599999999999996 0.27 2.35
7.92 10.020000000000001 7.26 3.11 -0.6700000000000002 2.8299999999999996 0.282 0.44999999999999996 1.99
7.92 7.200000000000001 10.2 3.11 3.11 -0.45999999999999996 0.3 0.282 2.11
7.92 7.200000000000001 10.020000000000001 3.11 3.0399999999999996 -0.7400000000000002 0.336 0.264 2.77
7.92 7.140000000000001 10.08 3.25 3.0399999999999996 -0.53 0.312 0.294 3.31
7.92 10.020000000000001 7.200000000000001 2.9699999999999998 -0.3899999999999999 2.41 0.288 0.402 2.02
10.020000000000001 7.200000000000001 7.92 -0.45999999999999996 2.6900000000000004 2.8299999999999996 0.414 0.24599999999999997 1.96
7.859999999999999 7.140000000000001 10.08 2.9 3.4600000000000004 -0.45999999999999996 0.396 0.20400000000000001 2.17
10.020000000000001 7.92 7.200000000000001 -0.25 2.9 2.7600000000000007 0.40800000000000003 0.34199999999999997 1.78
7.92 9.9 7.200000000000001 3.11 -0.8799999999999999 3.18 0.324 0.432 3.16
10.08 7.92 7.200000000000001 -0.3899999999999999 3.0399999999999996 2.7600000000000007 0.432 0.33 1.78
7.200000000000001 7.92 10.14 2.8299999999999996 2.9699999999999998 -0.45999999999999996 0.192 0.336 1.99
7.9799999999999995 10.08 7.200000000000001 2.6900000000000004 -0.6700000000000002 2.55 0.306 0.396 2.29
7.9799999999999995 10.14 7.26 3.32 -0.53 2.41 0.264 0.426 2.29
7.92 10.020000000000001 7.200000000000001 3.0399999999999996 -0.53 2.55 0.276 0.42 2.5
9.96 7.92 7.200000000000001 -0.53 3.25 2.8299999999999996 0.486 0.282 3.58
9.780000000000001 7.140000000000001 7.859999999999999 -0.6000000000000001 3.11 3.0399999999999996 0.414 0.23399999999999999 2.83
7.200000000000001 9.9 7.92 2.55 -0.6000000000000001 2.9699999999999998 0.276 0.396 1.84
7.200000000000001 9.66 7.92 3.0399999999999996 -0.7400000000000002 3.25 0.24599999999999997 0.45599999999999996 2.62
7.92 9.96 7.140000000000001 2.9 -0.7400000000000002 3.18 0.348 0.42 1.81
9.96 7.92 7.140000000000001 -0.45999999999999996 2.8299999999999996 2.7600000000000007 0.40800000000000003 0.366 1.9
10.08 7.200000000000001 7.859999999999999 -0.6700000000000002 2.4800000000000004 3.11 0.438 0.276 3.0100000000000002
7.92 10.08 7.200000000000001 3.11 -0.25 2.9 0.288 0.396 2.5
10.08 7.140000000000001 7.92 -0.3899999999999999 3.18 2.7600000000000007 0.39 0.23399999999999999 2.59
9.96 7.26 7.9799999999999995 -0.6700000000000002 2.41 3.39 0.432 0.282 2.6500000000000004
9.9 7.92 7.200000000000001 -0.45999999999999996 3.32 2.8299999999999996 0.414 0.306 2.08
9.9 7.92 7.26 -0.7400000000000002 2.9 2.4800000000000004 0.40800000000000003 0.306 1.84
10.2 7.200000000000001 7.92 -0.53 2.62 3.0399999999999996 0.414 0.27 1.75
7.32 10.08 7.9799999999999995 1.85 -0.32000000000000006 2.9 0.312 0.372 2.4699999999999998
7.140000000000001 10.2 7.92 3.39 -0.45999999999999996 2.9699999999999998 0.252 0.474 2.17
10.020000000000001 7.92 7.140000000000001 -0.53 2.9699999999999998 2.9 0.354 0.36 2.08
7.9799999999999995 7.26 10.14 3.25 2.62 -0.53 0.3 0.276 1.8699999999999999
7.140000000000001 7.859999999999999 9.9 2.9699999999999998 2.9699999999999998 -0.53 0.216 0.378 2.77
9.96 7.140000000000001 7.92 -0.6000000000000001 3.39 3.11 0.474 0.216 2.5300000000000002
7.92 9.9 7.200000000000001 3.32 -0.7400000000000002 2.9 0.288 0.46199999999999997 2.38
7.92 9.84 7.200000000000001 3.11 -0.53 3.11 0.324 0.426 3.0100000000000002
10.08 7.92 7.200000000000001 -0.6000000000000001 3.25 2.55 0.40800000000000003 0.33 2.38
7.200000000000001 7.92 9.96 2.8299999999999996 3.18 -0.45999999999999996 0.258 0.312 2.44
10.26 7.200000000000001 7.9799999999999995 -0.6000000000000001 2.34 2.8299999999999996 0.402 0.258 1.75
7.140000000000001 9.84 7.92 3.18 -0.7400000000000002 3.0399999999999996 0.23399999999999999 0.46199999999999997 2.05
7.92 7.200000000000001 9.96 2.9 2.6900000000000004 -0.6000000000000001 0.34199999999999997 0.294 2.38
7.92 10.2 7.200000000000001 2.9 -0.32000000000000006 2.9 0.34199999999999997 0.402 2.29
7.92 7.200000000000001 10.2 2.7600000000000007 2.7600000000000007 -0.45999999999999996 0.354 0.216 2.29
9.96 7.26 7.9799999999999995 -0.7400000000000002 2.34 3.11 0.39 0.282 2.02
7.9799999999999995 7.32 10.14 3.32 2.4800000000000004 -0.25 0.264 0.312 1.9
7.92 7.200000000000001 10.020000000000001 3.0399999999999996 3.32 -0.8799999999999999 0.36 0.24599999999999997 2.4699999999999998
7.200000000000001 7.92 9.9 2.8299999999999996 3.0399999999999996 -0.6000000000000001 0.22799999999999998 0.324 1.96
7.140000000000001 7.92 10.08 2.8299999999999996 2.9 -0.6000000000000001 0.222 0.348 2.02
7.92 10.26 7.200000000000001 3.18 -0.3899999999999999 2.9699999999999998 0.348 0.378 2.68
7.26 9.96 7.92 2.4800000000000004 -0.32000000000000006 3.25 0.294 0.40800000000000003 2.5300000000000002
7.92 10.14 7.200000000000001 3.11 -0.45999999999999996 2.8299999999999996 0.336 0.426 2.83
7.200000000000001 7.92 9.96 2.6900000000000004 2.9699999999999998 -0.7400000000000002 0.24599999999999997 0.306 2.11
7.92 9.780000000000001 7.200000000000001 3.18 -0.7400000000000002 2.7600000000000007 0.294 0.414 1.8699999999999999
10.08 7.200000000000001 7.92 -0.3899999999999999 2.8299999999999996 2.6900000000000004 0.40800000000000003 0.222 1.51
7.200000000000001 10.26 7.92 2.8299999999999996 -0.6000000000000001 2.9699999999999998 0.23399999999999999 0.438 2.08
7.200000000000001 10.020000000000001 7.92 2.8299999999999996 -0.6000000000000001 3.18 0.24599999999999997 0.39 2.62
9.96 7.92 7.200000000000001 -0.45999999999999996 3.0399999999999996 2.9 0.396 0.34199999999999997 1.3599999999999999
10.020000000000001 7.92 7.200000000000001 -0.53 3.11 2.8299999999999996 0.414 0.33 2.38
7.140000000000001 9.96 7.92 3.25 -0.45999999999999996 3.11 0.22799999999999998 0.426 3.25
7.200000000000001 7.92 10.020000000000001 2.7600000000000007 3.32 -0.6000000000000001 0.258 0.318 2.5
7.92 7.200000000000001 10.14 3.0399999999999996 2.7600000000000007 -0.32000000000000006 0.34199999999999997 0.282 1.48
10.08 7.92 7.200000000000001 -0.6000000000000001 2.8299999999999996 3.0399999999999996 0.378 0.39 2.14
10.020000000000001 7.9799999999999995 7.26 -0.32000000000000006 3.4600000000000004 2.6900000000000004 0.426 0.252 1.96
9.96 7.92 7.200000000000001 -0.32000000000000006 2.8299999999999996 2.9 0.40800000000000003 0.294 2.83
7.140000000000001 10.14 7.92 2.7600000000000007 -0.53 3.0399999999999996 0.24599999999999997 0.426 2.56
7.200000000000001 10.020000000000001 7.92 2.2699999999999996 -0.6700000000000002 3.18 0.3 0.378 2.02
7.200000000000001 7.92 10.2 2.7600000000000007 3.0399999999999996 -0.53 0.3 0.324 2.83
10.14 7.200000000000001 7.92 -0.6700000000000002 3.18 3.11 0.42 0.252 2.38
7.92 7.200000000000001 9.9 3.11 3.11 -0.6000000000000001 0.33 0.24599999999999997 2.5300000000000002
7.92 10.08 7.200000000000001 2.9699999999999998 -0.7400000000000002 3.18 0.34199999999999997 0.42 2.44
10.14 7.140000000000001 7.92 -0.6000000000000001 3.0399999999999996 3.11 0.402 0.222 2.62
9.96 7.200000000000001 7.92 -0.6700000000000002 2.62 3.5300000000000002 0.438 0.288 2.59
7.92 7.200000000000001 9.9 3.32 2.62 -0.6700000000000002 0.252 0.312 2.41
7.92 10.08 7.26 3.0399999999999996 -0.8099999999999998 2.41 0.264 0.46199999999999997 1.96
7.200000000000001 9.9 7.92 2.6900000000000004 -0.3899999999999999 2.8299999999999996 0.276 0.45599999999999996 1.96
7.92 10.14 7.200000000000001 2.9 -0.6000000000000001 2.6900000000000004 0.294 0.42 1.93
7.200000000000001 7.92 10.020000000000001 3.18 2.9 -0.6000000000000001 0.252 0.306 2.44
7.200000000000001 7.92 9.9 2.6900000000000004 3.0399999999999996 -0.6700000000000002 0.198 0.318 2.26
7.92 10.020000000000001 7.200000000000001 3.18 -0.53 2.8299999999999996 0.294 0.444 1.99
10.14 7.92 7.200000000000001 -0.45999999999999996 2.9699999999999998 2.6900000000000004 0.366 0.348 2.2
7.92 7.200000000000001 10.2 3.25 2.4800000000000004 -0.3899999999999999 0.3 0.306 1.6
7.32 10.08 7.9799999999999995 1.9200000000000004 -0.6700000000000002 2.9699999999999998 0.384 0.384 2.7399999999999998
10.08 7.9799999999999995 7.26 -0.45999999999999996 3.39 2.2 0.378 0.312 2.38
7.92 7.200000000000001 9.96 2.8299999999999996 3.32 -0.53 0.324 0.264 2.6500000000000004
7.92 7.200000000000001 10.14 3.18 2.7600000000000007 -0.32000000000000006 0.336 0.252 1.84
7.26 7.92 10.14 2.62 3.11 -0.3899999999999999 0.258 0.312 1.99
10.14 7.9799999999999995 7.26 -0.53 3.4600000000000004 2.4800000000000004 0.39 0.306 3.0999999999999996
9.780000000000001 7.92 7.140000000000001 -0.8099999999999998 3.25 3.25 0.444 0.34199999999999997 2.14
7.859999999999999 7.200000000000001 9.96 2.6900000000000004 2.9 -0.3899999999999999 0.354 0.23399999999999999 1.84
7.200000000000001 9.96 7.92 3.18 -0.6700000000000002 2.9 0.24 0.426 2.56
7.9799999999999995 10.08 7.200000000000001 3.32 -0.3899999999999999 2.0599999999999996 0.33 0.378 2.71
10.08 7.200000000000001 7.92 -0.8099999999999998 3.0399999999999996 3.18 0.414 0.252 2.23
7.26 10.08 7.92 2.34 -0.53 3.25 0.27 0.40800000000000003 1.78
9.96 7.200000000000001 7.92 -0.6000000000000001 2.9699999999999998 3.4600000000000004 0.414 0.3 2.23
7.200000000000001 7.92 10.08 2.7600000000000007 3.11 -0.53 0.264 0.366 1.99
7.200000000000001 9.84 7.92 3.11 -0.6700000000000002 3.18 0.21 0.44999999999999996 3.37
7.92 7.26 9.9 3.25 2.2 -0.3899999999999999 0.27 0.288 2.38
7.92 7.200000000000001 10.08 3.11 2.62 -0.53 0.354 0.24599999999999997 2.02
10.020000000000001 7.200000000000001 7.92 -0.3899999999999999 2.62 3.11 0.402 0.252 2.14
7.140000000000001 7.859999999999999 10.14 3.18 2.9 -0.53 0.252 0.348 2.2
10.14 7.200000000000001 7.92 -0.45999999999999996 3.11 2.9699999999999998 0.426 0.216 1.96
7.92 9.96 7.200000000000001 3.11 -0.7400000000000002 2.9699999999999998 0.348 0.396 2.5
9.96 7.26 7.92 -0.6700000000000002 2.9 3.18 0.49199999999999994 0.24 2.02
7.200000000000001 7.92 10.08 2.41 2.9699999999999998 -0.45999999999999996 0.27 0.33 1.69
7.26 9.96 7.9799999999999995 2.41 -0.45999999999999996 3.5300000000000002 0.306 0.426 3.04
7.140000000000001 10.020000000000001 7.92 2.9699999999999998 -0.32000000000000006 2.9699999999999998 0.23399999999999999 0.426 2.83
7.26 9.96 7.92 2.34 -0.45999999999999996 3.25 0.288 0.40800000000000003 2.08
10.020000000000001 7.200000000000001 7.92 -0.45999999999999996 2.9 2.9699999999999998 0.42 0.264 3.67
10.08 7.92 7.200000000000001 -0.53 2.62 2.8299999999999996 0.39 0.33 2.26
10.14 7.9799999999999995 7.26 -0.3899999999999999 3.5300000000000002 2.55 0.438 0.276 1.54
7.92 7.200000000000001 9.96 2.6900000000000004 2.8299999999999996 -0.45999999999999996 0.33 0.258 2.08
7.92 10.14 7.200000000000001 2.9699999999999998 -0.3899999999999999 2.55 0.402 0.372 2.68
10.08 7.200000000000001 7.92 -0.3899999999999999 3.0399999999999996 3.18 0.444 0.252 2.5
7.200000000000001 10.2 7.92 3.0399999999999996 -0.3899999999999999 2.9699999999999998 0.252 0.414 2.86
10.020000000000001 7.200000000000001 7.92 -0.45999999999999996 2.8299999999999996 2.9 0.384 0.282 2.3200000000000003
9.9 7.92 7.200000000000001 -0.6000000000000001 3.0399999999999996 2.62 0.426 0.294 2.08
9.84 7.200000000000001 7.92 -0.6000000000000001 2.7600000000000007 3.18 0.426 0.23399999999999999 1.75
10.08 7.92 7.200000000000001 -0.6700000000000002 3.0399999999999996 3.0399999999999996 0.396 0.36 2.2
7.92 9.780000000000001 7.140000000000001 3.25 -0.6000000000000001 3.11 0.378 0.40800000000000003 2.4699999999999998
7.200000000000001 9.96 7.92 2.9699999999999998 -0.53 3.25 0.24599999999999997 0.42 2.35
7.92 7.200000000000001 10.2 2.9 2.9 -0.25 0.312 0.24599999999999997 2.5300000000000002
7.200000000000001 7.92 10.08 2.9 3.11 -0.3899999999999999 0.276 0.324 2.29
10.020000000000001 7.92 7.200000000000001 -0.53 3.11 2.6900000000000004 0.384 0.36 1.6600000000000001
9.780000000000001 7.92 7.200000000000001 -0.45999999999999996 3.25 2.9 0.504 0.27 2.02
7.200000000000001 9.96 7.92 2.7600000000000007 -0.45999999999999996 3.0399999999999996 0.27 0.396 1.51
10.08 7.9799999999999995 7.26 -0.32000000000000006 3.11 2.4800000000000004 0.402 0.264 1.99
7.140000000000001 7.92 9.96 3.18 3.18 -0.53 0.23399999999999999 0.336 1.81
7.92 7.200000000000001 10.14 3.11 3.0399999999999996 -0.6700000000000002 0.36 0.27 2.3200000000000003
7.92 10.020000000000001 7.140000000000001 2.6900000000000004 -0.6000000000000001 3.25 0.336 0.432 2.3200000000000003
7.200000000000001 10.08 7.92 2.9699999999999998 -0.3899999999999999 2.9699999999999998 0.24 0.39 2.23
7.200000000000001 7.92 10.14 3.0399999999999996 3.11 -0.53 0.258 0.3 2.14
7.200000000000001 9.84 7.92 2.9 -0.53 2.9699999999999998 0.24599999999999997 0.45599999999999996 2.29
7.92 10.2 7.200000000000001 3.0399999999999996 -0.25 2.62 0.348 0.372 2.05
9.9 7.140000000000001 7.92 -0.53 3.0399999999999996 2.9 0.432 0.192 1.69
7.200000000000001 7.92 10.020000000000001 2.7600000000000007 2.9 -0.53 0.252 0.324 1.63
7.92 9.96 7.32 3.25 -0.53 2.41 0.294 0.432 1.72
7.92 7.200000000000001 9.780000000000001 2.9699999999999998 2.7600000000000007 -0.8099999999999998 0.324 0.22799999999999998 2.41
7.859999999999999 10.08 7.140000000000001 2.6900000000000004 -0.6000000000000001 3.32 0.36 0.432 2.71
9.96 7.9799999999999995 7.200000000000001 -0.6000000000000001 3.39 2.8299999999999996 0.438 0.294 2.08
7.200000000000001 9.9 7.92 3.11 -0.7400000000000002 3.0399999999999996 0.258 0.372 2.08
9.9 7.140000000000001 7.92 -0.53 3.39 2.9 0.438 0.20400000000000001 2.29
7.200000000000001 7.92 9.9 3.18 3.18 -0.6700000000000002 0.24599999999999997 0.318 2.3200000000000003
9.780000000000001 7.859999999999999 7.140000000000001 -0.6700000000000002 2.6900000000000004 3.25 0.438 0.372 2.83
7.200000000000001 7.92 10.08 2.7600000000000007 2.6900000000000004 -0.45999999999999996 0.24 0.384 1.96
7.92 7.200000000000001 9.96 3.39 2.8299999999999996 -0.45999999999999996 0.282 0.27 2.02
7.92 9.780000000000001 7.200000000000001 3.0399999999999996 -0.6700000000000002 2.8299999999999996 0.288 0.45599999999999996 2.83
10.14 7.92 7.200000000000001 -0.6700000000000002 3.11 2.7600000000000007 0.42 0.348 2.38
7.92 10.08 7.200000000000001 3.25 -0.6000000000000001 2.6900000000000004 0.3 0.402 2.86
7.92 7.200000000000001 10.08 3.25 3.11 -0.45999999999999996 0.294 0.294 2.26
9.780000000000001 7.200000000000001 7.92 -0.6700000000000002 2.9699999999999998 2.9699999999999998 0.48 0.21 1.6
7.200000000000001 10.08 7.92 2.8299999999999996 -0.45999999999999996 3.11 0.27 0.438 1.72
9.84 7.200000000000001 7.92 -0.6700000000000002 3.11 3.25 0.438 0.252 3.0100000000000002
7.200000000000001 7.92 10.14 2.9699999999999998 3.25 -0.6000000000000001 0.252 0.36 2.5
7.32 7.9799999999999995 10.2 2.34 3.39 -0.3899999999999999 0.336 0.282 2.2
7.9799999999999995 9.780000000000001 7.200000000000001 3.39 -0.53 2.41 0.288 0.40800000000000003 2.38
7.859999999999999 7.140000000000001 9.96 2.9699999999999998 2.8299999999999996 -0.7400000000000002 0.282 0.3 1.6
10.08 7.26 7.92 -0.6700000000000002 2.55 3.18 0.40800000000000003 0.294 1.69
7.92 10.2 7.140000000000001 2.8299999999999996 -0.32000000000000006 2.9699999999999998 0.366 0.384 2.5300000000000002
10.020000000000001 7.200000000000001 7.92 -0.8099999999999998 2.9699999999999998 3.25 0.444 0.252 2.62
7.200000000000001 9.9 7.92 3.0399999999999996 -0.7400000000000002 3.0399999999999996 0.258 0.414 2.35
7.9799999999999995 7.26 9.96 3.25 2.7600000000000007 -0.8099999999999998 0.288 0.282 1.96
7.32 10.2 7.92 2.41 -0.53 3.32 0.336 0.402 2.59
7.92 7.200000000000001 9.84 3.11 2.8299999999999996 -0.6000000000000001 0.324 0.258 2.68
7.200000000000001 10.08 7.92 3.18 -0.6000000000000001 3.18 0.252 0.426 2.92
10.08 7.26 7.92 -0.6700000000000002 2.9 3.0399999999999996 0.40800000000000003 0.294 3.46
7.140000000000001 7.92 9.96 3.11 2.9 -0.7400000000000002 0.216 0.378 1.3599999999999999
7.9799999999999995 7.26 10.08 3.18 2.62 -0.45999999999999996 0.294 0.288 1.84
9.96 7.200000000000001 7.92 -0.7400000000000002 3.4600000000000004 3.18 0.44999999999999996 0.216 2.89
7.26 7.92 10.08 2.34 3.18 -0.6700000000000002 0.306 0.294 2.41
10.08 7.140000000000001 7.859999999999999 -0.6000000000000001 3.670000000000001 2.8299999999999996 0.414 0.168 3.34
9.9 7.92 7.200000000000001 -0.53 3.32 2.8299999999999996 0.444 0.288 2.83
10.14 7.92 7.200000000000001 -0.6700000000000002 2.9 2.9699999999999998 0.402 0.354 2.44
9.780000000000001 7.92 7.200000000000001 -0.8099999999999998 3.0399999999999996 2.6900000000000004 0.48 0.252 1.93
10.14 7.26 7.9799999999999995 -0.32000000000000006 2.4800000000000004 3.39 0.402 0.288 1.99
7.200000000000001 7.92 9.96 3.11 2.9 -0.53 0.222 0.34199999999999997 2.38
7.92 7.200000000000001 9.9 2.9 2.62 -0.6000000000000001 0.27 0.288 2.05
7.859999999999999 7.200000000000001 10.08 2.6900000000000004 3.18 -0.8099999999999998 0.402 0.174 3.34
7.140000000000001 10.020000000000001 7.859999999999999 3.4600000000000004 -0.6700000000000002 2.8299999999999996 0.23399999999999999 0.40800000000000003 2.4699999999999998
10.08 7.26 7.92 -0.6700000000000002 2.2699999999999996 3.0399999999999996 0.46799999999999997 0.23399999999999999 2.4699999999999998
7.92 10.08 7.200000000000001 2.9699999999999998 -0.45999999999999996 2.7600000000000007 0.336 0.438 2.44
10.020000000000001 7.92 7.200000000000001 -0.3899999999999999 2.9699999999999998 2.8299999999999996 0.42 0.3 2.83
10.020000000000001 7.200000000000001 7.92 -0.53 3.11 3.18 0.432 0.24599999999999997 2.59
7.92 10.08 7.200000000000001 3.11 -0.3899999999999999 2.9699999999999998 0.312 0.40800000000000003 2.2
7.92 9.96 7.200000000000001 2.9 -0.53 3.25 0.33 0.426 2.23
7.92 7.200000000000001 9.780000000000001 3.32 2.9699999999999998 -0.7400000000000002 0.282 0.264 2.11
10.08 7.200000000000001 7.92 -0.3899999999999999 2.9699999999999998 3.11 0.414 0.264 2.3200000000000003
7.200000000000001 7.92 10.020000000000001 3.25 3.0399999999999996 -0.6000000000000001 0.23399999999999999 0.318 1.96
7.92 7.200000000000001 10.14 3.0399999999999996 2.7600000000000007 -0.45999999999999996 0.312 0.264 2.17
7.9799999999999995 9.96 7.200000000000001 3.18 -0.8099999999999998 2.41 0.336 0.396 2.68
9.96 7.140000000000001 7.859999999999999 -0.7400000000000002 3.39 2.9 0.432 0.21 2.6500000000000004
9.96 7.92 7.200000000000001 -0.3899999999999999 3.39 2.6900000000000004 0.42 0.276 1.9
7.92 7.200000000000001 9.84 2.9699999999999998 2.62 -0.45999999999999996 0.3 0.27 2.11
7.92 9.9 7.200000000000001 3.25 -0.6000000000000001 2.55 0.324 0.402 2.23
7.200000000000001 9.84 7.92 3.32 -0.6000000000000001 3.18 0.264 0.366 3.64
9.84 7.92 7.200000000000001 -0.6000000000000001 3.0399999999999996 3.11 0.402 0.354 2.41
10.020000000000001 7.92 7.200000000000001 -0.53 3.18 3.11 0.39 0.34199999999999997 1.81
10.2 7.140000000000001 7.859999999999999 -0.6700000000000002 3.25 2.8299999999999996 0.378 0.21 1.96
7.140000000000001 9.96 7.859999999999999 3.670000000000001 -0.6000000000000001 2.62 0.22799999999999998 0.44999999999999996 1.96
7.140000000000001 9.96 7.92 3.11 -0.6700000000000002 3.0399999999999996 0.276 0.39 2.98
10.020000000000001 7.200000000000001 7.92 -0.53 2.9699999999999998 3.11 0.396 0.288 2.29
7.92 7.200000000000001 9.96 3.32 2.6900000000000004 -0.6000000000000001 0.324 0.282 2.08
7.200000000000001 7.92 10.2 3.0399999999999996 2.9699999999999998 -0.53 0.264 0.348 1.81
7.92 7.200000000000001 9.719999999999999 3.18 3.11 -0.6000000000000001 0.318 0.24 2.2
7.26 10.14 7.9799999999999995 2.55 -0.25 3.4600000000000004 0.318 0.426 2.59
10.020000000000001 7.26 7.92 -0.6000000000000001 3.0399999999999996 3.32 0.438 0.24599999999999997 2.14
7.200000000000001 7.92 9.9 2.9 3.25 -0.3899999999999999 0.264 0.318 2.17
7.92 7.200000000000001 10.020000000000001 2.9 3.11 -0.6700000000000002 0.336 0.252 2.41
7.92 7.200000000000001 9.719999999999999 3.25 3.11 -0.8099999999999998 0.312 0.222 1.9
7.26 10.020000000000001 7.9799999999999995 2.6900000000000004 -0.25 3.25 0.264 0.414 2.92
7.92 7.200000000000001 10.020000000000001 3.11 2.6900000000000004 -0.45999999999999996 0.288 0.27 3.07
7.140000000000001 9.9 7.92 2.9 -0.53 3.11 0.23399999999999999 0.444 2.83
7.9799999999999995 10.08 7.200000000000001 3.32 -0.32000000000000006 2.7600000000000007 0.324 0.384 2.2
7.92 10.020000000000001 7.200000000000001 3.18 -0.7400000000000002 2.4800000000000004 0.306 0.414 3.16
7.92 7.200000000000001 10.14 3.11 2.7600000000000007 -0.3899999999999999 0.282 0.252 3.0100000000000002
7.92 9.96 7.200000000000001 3.11 -0.6000000000000001 3.11 0.324 0.42 1.9
7.9799999999999995 7.200000000000001 9.96 2.9 3.0399999999999996 -0.53 0.336 0.258 1.8699999999999999
7.200000000000001 9.9 7.92 2.8299999999999996 -0.6700000000000002 3.39 0.264 0.414 2.8
10.14 7.92 7.200000000000001 -0.45999999999999996 3.25 3.11 0.40800000000000003 0.354 3.55
9.96 7.92 7.200000000000001 -0.53 3.25 2.9699999999999998 0.46199999999999997 0.312 2.17
7.200000000000001 7.92 9.96 2.6900000000000004 2.9699999999999998 -0.6000000000000001 0.264 0.3 2.41
7.200000000000001 10.2 7.92 3.11 -0.53 3.25 0.24599999999999997 0.426 3.04
7.92 7.140000000000001 10.020000000000001 2.9699999999999998 2.9 -0.45999999999999996 0.354 0.24599999999999997 2.71
7.200000000000001 10.020000000000001 7.92 2.7600000000000007 -0.45999999999999996 2.8299999999999996 0.222 0.402 2.41
7.140000000000001 10.08 7.92 2.9699999999999998 -0.32000000000000006 3.0399999999999996 0.282 0.384 3.94
7.200000000000001 9.96 7.92 3.25 -0.6000000000000001 3.18 0.282 0.372 2.56
9.96 7.200000000000001 7.92 -0.53 3.0399999999999996 3.0399999999999996 0.426 0.216 2.83
7.92 7.200000000000001 10.14 2.9699999999999998 2.7600000000000007 -0.45999999999999996 0.34199999999999997 0.252 1.9
7.92 7.140000000000001 10.08 2.9 2.9 -0.6700000000000002 0.354 0.24599999999999997 2.59
9.96 7.92 7.200000000000001 -0.53 3.25 2.4800000000000004 0.42 0.33 2.29
9.780000000000001 7.92 7.26 -0.53 2.9 2.4800000000000004 0.396 0.318 2.62
7.200000000000001 10.08 7.92 3.25 -0.53 3.32 0.252 0.396 3.82
7.92 10.08 7.200000000000001 2.9699999999999998 -0.3899999999999999 2.7600000000000007 0.384 0.378 2.44
7.200000000000001 7.92 9.780000000000001 2.9 2.9699999999999998 -0.8099999999999998 0.24599999999999997 0.33 2.62
7.200000000000001 10.020000000000001 7.92 2.6900000000000004 -0.32000000000000006 3.11 0.276 0.42 2.8
7.200000000000001 10.08 7.92 3.11 -0.53 3.0399999999999996 0.24 0.438 2.3200000000000003
7.200000000000001 7.92 10.14 2.62 3.0399999999999996 -0.53 0.288 0.3 1.96
7.92 10.08 7.200000000000001 3.25 -0.45999999999999996 2.7600000000000007 0.34199999999999997 0.378 2.89
7.9799999999999995 10.2 7.200000000000001 2.9699999999999998 -0.3899999999999999 2.7600000000000007 0.3 0.402 2.08
7.92 9.96 7.200000000000001 2.9 -0.53 3.11 0.354 0.354 1.72
7.92 7.200000000000001 10.020000000000001 3.11 3.0399999999999996 -0.3899999999999999 0.318 0.306 2.3200000000000003
9.780000000000001 7.140000000000001 7.859999999999999 -0.8799999999999999 3.25 2.9 0.444 0.198 1.81
7.140000000000001 10.2 7.92 2.4800000000000004 -0.17999999999999994 2.9699999999999998 0.27 0.384 2.59
7.92 7.200000000000001 10.14 3.25 2.7600000000000007 -0.6700000000000002 0.324 0.276 1.8699999999999999
7.200000000000001 9.96 7.92 2.7600000000000007 -0.53 3.25 0.252 0.432 2.44
7.200000000000001 7.92 10.020000000000001 2.7600000000000007 3.11 -0.45999999999999996 0.222 0.3 2.02
10.08 7.32 7.92 -0.53 2.34 3.18 0.44999999999999996 0.312 2.08
7.92 9.9 7.200000000000001 3.11 -0.7400000000000002 2.9 0.336 0.40800000000000003 2.4699999999999998
7.92 7.200000000000001 10.020000000000001 2.9 2.7600000000000007 -0.6000000000000001 0.318 0.21 1.9
10.08 7.92 7.200000000000001 -0.6700000000000002 3.0399999999999996 2.9 0.42 0.3 2.95
9.9 7.92 7.140000000000001 -0.45999999999999996 3.0399999999999996 2.9 0.414 0.324 3.19
7.92 7.200000000000001 9.9 3.11 2.55 -0.6000000000000001 0.324 0.252 3.2199999999999998
7.92 10.020000000000001 7.140000000000001 2.9699999999999998 -0.6000000000000001 2.7600000000000007 0.336 0.426 2.41
9.96 7.140000000000001 7.92 -0.6000000000000001 3.32 3.0399999999999996 0.384 0.216 2.35
10.14 7.92 7.200000000000001 -0.8099999999999998 3.11 3.32 0.426 0.336 3.13
7.92 9.719999999999999 7.200000000000001 3.18 -0.6700000000000002 3.18 0.294 0.444 3.58
10.020000000000001 7.140000000000001 7.92 -0.3899999999999999 2.7600000000000007 3.11 0.438 0.24599999999999997 3.34
7.92 7.26 10.020000000000001 3.11 2.8299999999999996 -0.6700000000000002 0.282 0.288 2.3200000000000003
7.26 7.9799999999999995 9.96 2.62 3.18 -0.6000000000000001 0.3 0.3 1.69
7.200000000000001 9.719999999999999 7.92 2.8299999999999996 -0.6700000000000002 3.0399999999999996 0.252 0.414 2.95
7.200000000000001 10.2 7.9799999999999995 2.7600000000000007 -0.25 2.9699999999999998 0.276 0.396 2.02
7.92 10.020000000000001 7.26 3.11 -0.6000000000000001 2.6900000000000004 0.294 0.45599999999999996 1.99
10.020000000000001 7.26 7.9799999999999995 -0.6000000000000001 2.9 3.0399999999999996 0.39 0.276 2.2
9.9 7.200000000000001 7.92 -0.6000000000000001 2.6900000000000004 2.9 0.426 0.276 2.2
9.719999999999999 7.140000000000001 7.92 -0.7400000000000002 3.25 2.9699999999999998 0.444 0.21 3.4000000000000004
7.9799999999999995 9.9 7.26 3.39 -0.53 2.41 0.294 0.39 2.14
7.92 9.9 7.200000000000001 3.18 -0.7400000000000002 2.9 0.294 0.414 2.05
7.92 10.14 7.200000000000001 3.18 -0.53 2.9 0.354 0.40800000000000003 3.13
7.200000000000001 7.92 9.9 2.6900000000000004 3.0399999999999996 -0.53 0.252 0.306 1.84
9.96 7.92 7.200000000000001 -0.6000000000000001 2.8299999999999996 2.9699999999999998 0.40800000000000003 0.354 2.26
10.020000000000001 7.200000000000001 7.92 -0.6000000000000001 2.7600000000000007 3.39 0.42 0.276 2.89
9.780000000000001 7.92 7.200000000000001 -0.6700000000000002 3.0399999999999996 2.9699999999999998 0.384 0.318 1.6
7.92 10.020000000000001 7.200000000000001 2.9699999999999998 -0.53 2.55 0.372 0.384 2.56
7.92 7.200000000000001 10.08 3.18 2.8299999999999996 -0.45999999999999996 0.306 0.24 2.17
7.92 9.9 7.140000000000001 3.18 -0.53 3.25 0.33 0.414 2.5
10.020000000000001 7.26 7.92 -0.3899999999999999 2.62 3.25 0.414 0.282 2.59
7.92 7.200000000000001 9.84 3.18 2.9 -0.53 0.27 0.324 2.7399999999999998
9.9 7.200000000000001 7.92 -0.7400000000000002 3.11 2.7600000000000007 0.45599999999999996 0.23399999999999999 2.68
9.780000000000001 7.92 7.200000000000001 -0.6000000000000001 3.0399999999999996 2.9699999999999998 0.49799999999999994 0.276 3.46
7.200000000000001 7.859999999999999 10.08 3.18 3.11 -0.53 0.192 0.372 2.2
7.92 7.200000000000001 9.9 3.0399999999999996 2.62 -0.6700000000000002 0.312 0.252 1.81
10.020000000000001 7.200000000000001 7.9799999999999995 -0.45999999999999996 2.6900000000000004 3.18 0.44999999999999996 0.288 2.68
7.200000000000001 7.859999999999999 9.84 3.18 3.18 -0.6000000000000001 0.20400000000000001 0.378 2.59
10.020000000000001 7.140000000000001 7.859999999999999 -0.6700000000000002 3.32 2.8299999999999996 0.414 0.222 2.83
7.200000000000001 10.2 7.92 2.8299999999999996 -0.45999999999999996 3.18 0.27 0.42 2.14
7.9799999999999995 7.26 10.14 3.6 2.55 -0.53 0.282 0.312 2.38
7.92 7.200000000000001 10.08 2.9 2.9 -0.6000000000000001 0.318 0.282 3.13
7.200000000000001 7.92 9.96 2.9 3.0399999999999996 -0.6000000000000001 0.27 0.34199999999999997 2.71
7.859999999999999 9.96 7.200000000000001 2.9 -0.6000000000000001 2.9 0.348 0.42 2.11
7.32 10.32 7.9799999999999995 2.0599999999999996 -0.45999999999999996 3.39 0.324 0.414 2.41
10.08 7.92 7.26 -0.53 3.25 2.4800000000000004 0.39 0.306 2.77
7.859999999999999 7.140000000000001 9.96 2.9 3.4600000000000004 -0.53 0.33 0.222 3.0999999999999996
10.08 7.200000000000001 7.92 -0.3899999999999999 2.9 3.0399999999999996 0.36 0.24599999999999997 1.18
7.200000000000001 7.92 9.96 3.25 3.25 -0.53 0.252 0.312 2.3200000000000003
10.26 7.200000000000001 7.92 -0.6000000000000001 2.9699999999999998 3.0399999999999996 0.39 0.27 2.83
7.26 7.9799999999999995 10.08 2.55 3.32 -0.25 0.306 0.336 2.95
7.200000000000001 7.92 10.08 3.0399999999999996 3.32 -0.6700000000000002 0.252 0.3 2.5
7.92 9.84 7.140000000000001 2.9 -0.53 2.9 0.348 0.39 2.77
9.9 7.92 7.200000000000001 -0.45999999999999996 3.11 2.62 0.42 0.33 2.38
7.92 7.200000000000001 10.14 3.11 2.6900000000000004 -0.25 0.294 0.312 2.3200000000000003
7.92 7.140000000000001 10.020000000000001 2.9699999999999998 3.18 -0.6000000000000001 0.306 0.252 2.41
9.96 7.200000000000001 7.92 -0.53 2.4800000000000004 3.32 0.42 0.276 2.26
7.92 7.200000000000001 10.2 2.9699999999999998 2.6900000000000004 -0.45999999999999996 0.318 0.294 2.71
10.08 7.200000000000001 7.92 -0.25 3.0399999999999996 2.7600000000000007 0.384 0.22799999999999998 2.2
9.84 7.200000000000001 7.92 -0.6700000000000002 2.7600000000000007 3.0399999999999996 0.49199999999999994 0.222 3.0999999999999996
7.9799999999999995 7.26 9.9 3.32 2.4800000000000004 -0.53 0.312 0.27 1.63
9.84 7.92 7.200000000000001 -0.3899999999999999 2.9699999999999998 2.7600000000000007 0.414 0.336 2.59
9.780000000000001 7.92 7.200000000000001 -0.6700000000000002 3.11 3.11 0.46799999999999997 0.336 2.83
7.92 10.2 7.200000000000001 3.25 -0.3899999999999999 2.7600000000000007 0.336 0.402 2.29
7.92 10.020000000000001 7.200000000000001 3.0399999999999996 -0.45999999999999996 2.6900000000000004 0.33 0.396 1.96
7.140000000000001 7.92 10.14 3.0399999999999996 3.0399999999999996 -0.53 0.22799999999999998 0.348 2.29
7.92 7.140000000000001 10.2 2.8299999999999996 3.11 -0.3899999999999999 0.36 0.264 1.96
10.26 7.26 7.92 -0.32000000000000006 2.55 2.9 0.384 0.276 1.6600000000000001
7.92 10.08 7.26 2.9699999999999998 -0.25 2.6900000000000004 0.39 0.366 1.6600000000000001
10.14 7.92 7.140000000000001 -0.6000000000000001 2.9 2.0599999999999996 0.39 0.288 2.35
7.9799999999999995 10.020000000000001 7.200000000000001 2.9 -0.6000000000000001 2.34 0.27 0.414 2.41
7.140000000000001 7.92 10.020000000000001 2.9699999999999998 2.7600000000000007 -0.6700000000000002 0.24 0.366 2.56
7.92 7.200000000000001 9.780000000000001 3.18 2.6900000000000004 -0.6700000000000002 0.33 0.24 3.2800000000000002
10.2 7.200000000000001 7.92 -0.3899999999999999 3.0399999999999996 3.11 0.396 0.27 2.17
7.200000000000001 10.020000000000001 7.92 2.9699999999999998 -0.6000000000000001 3.25 0.276 0.42 3.31
10.08 7.859999999999999 7.200000000000001 -0.32000000000000006 2.9 2.6900000000000004 0.384 0.34199999999999997 1.6600000000000001
7.92 7.200000000000001 9.96 3.32 2.7600000000000007 -0.53 0.318 0.264 3.25
7.92 7.200000000000001 9.96 3.11 2.8299999999999996 -0.45999999999999996 0.348 0.24599999999999997 1.99
9.780000000000001 7.92 7.200000000000001 -0.8099999999999998 3.18 2.9699999999999998 0.46199999999999997 0.252 2.4699999999999998
7.9799999999999995 10.020000000000001 7.32 3.39 -0.45999999999999996 2.41 0.3 0.414 3.19
9.96 7.200000000000001 7.92 -0.53 3.11 3.25 0.42 0.23399999999999999 2.17
7.92 10.2 7.200000000000001 3.0399999999999996 -0.3899999999999999 2.6900000000000004 0.312 0.402 2.8
7.92 10.08 7.200000000000001 3.25 -0.45999999999999996 2.7600000000000007 0.36 0.39 3.58
10.14 7.92 7.200000000000001 -0.25 3.0399999999999996 2.62 0.396 0.294 1.93
7.200000000000001 7.92 10.26 2.6900000000000004 3.32 -0.53 0.258 0.312 2.44
7.140000000000001 7.859999999999999 9.9 2.9699999999999998 2.8299999999999996 -0.45999999999999996 0.24599999999999997 0.33 2.08
7.92 10.020000000000001 7.26 3.18 -0.45999999999999996 1.9200000000000004 0.252 0.444 1.99
7.92 7.08 9.9 2.7600000000000007 2.9699999999999998 -0.25 0.384 0.222 1.6
7.200000000000001 10.26 7.92 2.62 -0.7400000000000002 2.8299999999999996 0.24599999999999997 0.414 2.02
7.26 7.9799999999999995 10.020000000000001 2.13 3.11 -0.6700000000000002 0.324 0.306 2.41
9.9 7.92 7.140000000000001 -0.3899999999999999 3.18 2.62 0.384 0.33 1.99
7.200000000000001 9.96 7.92 2.9699999999999998 -0.3899999999999999 3.18 0.264 0.402 2.29
7.92 9.96 7.200000000000001 3.11 -0.7400000000000002 3.0399999999999996 0.348 0.44999999999999996 2.7399999999999998
7.92 10.14 7.200000000000001 2.8299999999999996 -0.25 2.55 0.33 0.402 1.93
7.92 9.96 7.200000000000001 3.18 -0.8099999999999998 2.9699999999999998 0.36 0.402 3.2800000000000002
7.92 10.08 7.200000000000001 3.0399999999999996 -0.3899999999999999 2.8299999999999996 0.324 0.39 2.7399999999999998
10.08 7.32 7.9799999999999995 -0.32000000000000006 2.2 3.11 0.396 0.312 2.4699999999999998
7.92 9.9 7.200000000000001 3.25 -0.6000000000000001 2.9 0.294 0.486 2.17
10.020000000000001 7.200000000000001 7.92 -0.6700000000000002 3.11 3.25 0.42 0.3 2.3200000000000003
10.020000000000001 7.92 7.140000000000001 -0.6700000000000002 2.62 3.39 0.432 0.348 3.2199999999999998
7.200000000000001 10.08 7.92 2.9 -0.6000000000000001 3.11 0.23399999999999999 0.432 2.14
7.26 7.9799999999999995 10.14 2.34 3.25 -0.32000000000000006 0.294 0.258 2.05
7.200000000000001 10.020000000000001 7.92 3.32 -0.7400000000000002 3.25 0.22799999999999998 0.432 2.5300000000000002
10.2 7.26 7.9799999999999995 -0.45999999999999996 2.6900000000000004 3.32 0.426 0.312 1.9
7.92 7.140000000000001 9.96 3.0399999999999996 2.8299999999999996 -0.53 0.33 0.23399999999999999 1.72
7.92 9.96 7.200000000000001 3.32 -0.8799999999999999 2.62 0.288 0.444 1.69
7.92 10.14 7.200000000000001 3.11 -0.53 2.7600000000000007 0.318 0.42 2.23
7.26 9.9 7.9799999999999995 2.41 -0.6000000000000001 3.0399999999999996 0.27 0.426 1.3599999999999999
9.96 7.92 7.200000000000001 -0.53 2.8299999999999996 2.8299999999999996 0.44999999999999996 0.306 2.38
7.9799999999999995 10.08 7.200000000000001 3.670000000000001 -0.6000000000000001 2.6900000000000004 0.336 0.432 2.59
10.26 7.200000000000001 7.92 -0.53 2.4800000000000004 2.7600000000000007 0.366 0.264 2.2
7.26 7.92 9.96 2.7600000000000007 3.0399999999999996 -0.7400000000000002 0.288 0.3 1.99
7.92 9.84 7.140000000000001 3.11 -0.6000000000000001 3.18 0.354 0.426 2.44
7.92 10.26 7.200000000000001 2.9 -0.32000000000000006 2.4800000000000004 0.336 0.36 1.81
7.92 9.96 7.200000000000001 3.11 -0.6000000000000001 2.8299999999999996 0.354 0.39 2.44
7.92 10.020000000000001 7.200000000000001 3.32 -0.6000000000000001 2.6900000000000004 0.348 0.384 2.08
7.200000000000001 10.020000000000001 7.92 2.62 -0.6000000000000001 3.11 0.252 0.396 2.2
9.96 7.9799999999999995 7.26 -0.53 3.25 2.41 0.402 0.276 1.63
7.200000000000001 10.14 7.92 2.6900000000000004 -0.17999999999999994 3.0399999999999996 0.288 0.396 2.11
9.96 7.140000000000001 7.92 -0.6000000000000001 2.9699999999999998 3.0399999999999996 0.414 0.258 1.6600000000000001
7.92 10.08 7.140000000000001 2.7600000000000007 -0.6000000000000001 2.8299999999999996 0.372 0.384 1.81
10.020000000000001 7.200000000000001 7.92 -0.53 3.32 2.9 0.414 0.22799999999999998 2.38
7.200000000000001 10.14 7.92 3.0399999999999996 -0.6000000000000001 2.8299999999999996 0.23399999999999999 0.39 1.6600000000000001
7.140000000000001 7.92 10.08 2.8299999999999996 2.9 -0.6000000000000001 0.222 0.36 2.29
7.200000000000001 7.92 9.9 2.9 3.39 -0.45999999999999996 0.24 0.348 3.67
7.200000000000001 7.92 10.14 2.8299999999999996 3.18 -0.3899999999999999 0.258 0.324 2.23
7.92 9.84 7.140000000000001 2.9699999999999998 -0.53 3.0399999999999996 0.306 0.444 2.89
7.26 7.92 10.14 2.7600000000000007 3.32 -0.53 0.264 0.336 2.4699999999999998
7.92 7.200000000000001 10.020000000000001 3.25 2.9699999999999998 -0.53 0.306 0.276 2.3200000000000003
7.26 9.719999999999999 7.92 2.9699999999999998 -0.6000000000000001 3.39 0.27 0.402 1.78
7.140000000000001 7.92 10.14 2.62 3.0399999999999996 -0.3899999999999999 0.27 0.348 2.29
7.26 10.2 7.9799999999999995 2.2699999999999996 -0.32000000000000006 2.55 0.306 0.40800000000000003 2.11
7.92 7.200000000000001 9.9 3.0399999999999996 3.0399999999999996 -0.53 0.366 0.23399999999999999 2.56
7.140000000000001 10.14 7.92 3.18 -0.45999999999999996 2.9 0.27 0.366 2.08
7.26 7.9799999999999995 9.780000000000001 2.2699999999999996 3.4600000000000004 -0.6700000000000002 0.288 0.336 2.02
10.08 7.92 7.140000000000001 -0.53 2.9 3.0399999999999996 0.402 0.36 2.05
7.140000000000001 7.859999999999999 9.84 3.11 2.9699999999999998 -0.6000000000000001 0.23399999999999999 0.336 1.75
7.92 10.08 7.200000000000001 3.11 -0.3899999999999999 2.8299999999999996 0.366 0.39 2.83
7.92 10.08 7.200000000000001 3.18 -0.10999999999999988 2.41 0.306 0.39 2.17
9.84 7.26 7.92 -0.3899999999999999 2.34 3.32 0.426 0.324 2.08
10.020000000000001 7.200000000000001 7.92 -0.7400000000000002 2.62 3.0399999999999996 0.426 0.288 1.78
9.780000000000001 7.92 7.200000000000001 -0.6700000000000002 3.5300000000000002 2.9 0.46199999999999997 0.276 2.08
7.92 10.08 7.200000000000001 3.11 -0.6000000000000001 2.8299999999999996 0.348 0.384 2.41
10.14 7.200000000000001 7.859999999999999 -0.53 3.32 2.8299999999999996 0.402 0.22799999999999998 2.2
7.92 9.9 7.200000000000001 3.0399999999999996 -0.45999999999999996 2.4800000000000004 0.306 0.438 1.81
7.26 9.9 7.92 2.62 -0.45999999999999996 3.670000000000001 0.3 0.42 2.3200000000000003
7.26 7.9799999999999995 9.9 2.34 3.11 -0.6700000000000002 0.282 0.258 1.6600000000000001
10.020000000000001 7.140000000000001 7.859999999999999 -0.6700000000000002 3.0399999999999996 2.8299999999999996 0.366 0.24 1.81
7.92 7.200000000000001 9.96 2.9 2.8299999999999996 -0.3899999999999999 0.378 0.24599999999999997 2.05
9.9 7.92 7.140000000000001 -0.53 2.9699999999999998 3.18 0.432 0.336 1.93
9.780000000000001 7.92 7.200000000000001 -0.6000000000000001 3.11 3.0399999999999996 0.46799999999999997 0.294 2.23
7.200000000000001 7.92 10.08 2.7600000000000007 2.9699999999999998 -0.45999999999999996 0.288 0.318 2.02
7.26 10.020000000000001 7.92 2.13 -0.6700000000000002 3.0399999999999996 0.276 0.40800000000000003 2.77
7.200000000000001 10.26 7.92 2.6900000000000004 -0.3899999999999999 2.9 0.3 0.384 2.86
9.9 7.92 7.200000000000001 -0.6000000000000001 3.25 2.9699999999999998 0.432 0.312 2.35
10.08 7.140000000000001 7.92 -0.7400000000000002 3.0399999999999996 2.9 0.384 0.24 1.93
7.92 7.200000000000001 9.9 2.9699999999999998 2.6900000000000004 -0.45999999999999996 0.282 0.24599999999999997 1.9
9.96 7.200000000000001 7.92 -0.6700000000000002 2.7600000000000007 3.25 0.432 0.24599999999999997 1.9
9.84 7.140000000000001 7.92 -0.6700000000000002 3.32 2.9699999999999998 0.426 0.21 2.29
7.200000000000001 7.92 10.14 3.11 2.8299999999999996 -0.32000000000000006 0.252 0.312 2.14
7.26 7.92 9.780000000000001 2.9 3.11 -0.53 0.24599999999999997 0.366 2.59
9.96 7.9799999999999995 7.200000000000001 -0.6000000000000001 3.25 2.7600000000000007 0.432 0.306 2.5
7.92 10.020000000000001 7.200000000000001 2.9 -0.45999999999999996 3.0399999999999996 0.36 0.396 2.05
9.96 7.92 7.200000000000001 -0.7400000000000002 3.11 2.62 0.432 0.34199999999999997 1.63
10.020000000000001 7.92 7.140000000000001 -0.6000000000000001 2.8299999999999996 2.7600000000000007 0.414 0.312 2.38
7.92 7.26 9.9 3.18 2.6900000000000004 -0.7400000000000002 0.276 0.3 1.72
7.26 10.08 7.9799999999999995 2.13 -0.6000000000000001 3.18 0.24 0.438 2.4699999999999998
7.92 7.200000000000001 10.14 2.9 3.0399999999999996 -0.53 0.318 0.276 2.35
7.92 7.140000000000001 9.9 2.9699999999999998 2.7600000000000007 -0.32000000000000006 0.33 0.22799999999999998 1.81
10.14 7.200000000000001 7.92 -0.53 2.6900000000000004 3.25 0.40800000000000003 0.312 3.04
7.859999999999999 7.200000000000001 10.020000000000001 2.9699999999999998 2.62 -0.7400000000000002 0.336 0.258 3.4000000000000004
7.92 7.200000000000001 9.84 2.9699999999999998 3.32 -0.6000000000000001 0.306 0.252 3.13
7.200000000000001 7.92 9.96 2.7600000000000007 3.18 -0.6000000000000001 0.294 0.312 2.89
7.200000000000001 10.14 7.92 3.0399999999999996 -0.6700000000000002 3.0399999999999996 0.276 0.426 2.23
7.92 10.020000000000001 7.200000000000001 3.18 -0.3899999999999999 2.8299999999999996 0.306 0.39 2.5300000000000002
9.9 7.9799999999999995 7.26 -0.6000000000000001 3.11 2.55 0.444 0.27 2.29
7.92 7.200000000000001 10.08 2.9 2.4800000000000004 -0.6000000000000001 0.27 0.312 2.17
9.780000000000001 7.140000000000001 7.92 -0.6700000000000002 3.32 2.8299999999999996 0.372 0.24 2.26
7.9799999999999995 7.26 10.08 3.39 2.34 -0.3899999999999999 0.276 0.318 2.05
7.200000000000001 9.96 7.92 3.11 -0.7400000000000002 3.0399999999999996 0.24 0.426 3.13
7.200000000000001 7.92 9.96 3.18 3.25 -0.6000000000000001 0.24 0.33 2.5300000000000002
10.020000000000001 7.9799999999999995 7.200000000000001 -0.3899999999999999 2.9 2.7600000000000007 0.396 0.348 1.99
7.140000000000001 7.859999999999999 9.84 2.9699999999999998 3.0399999999999996 -0.53 0.24 0.348 2.4699999999999998
7.92 7.26 10.08 3.11 3.0399999999999996 -0.53 0.36 0.27 2.68
10.14 7.200000000000001 7.92 -0.53 2.9699999999999998 3.11 0.402 0.23399999999999999 2.3200000000000003
9.9 7.92 7.200000000000001 -0.6700000000000002 2.9699999999999998 2.9699999999999998 0.46799999999999997 0.312 3.2800000000000002
9.84 7.200000000000001 7.92 -0.6700000000000002 2.8299999999999996 3.11 0.438 0.24599999999999997 2.38
7.92 9.9 7.200000000000001 3.0399999999999996 -0.6000000000000001 3.32 0.306 0.438 2.05
7.200000000000001 10.020000000000001 7.92 2.9 -0.3899999999999999 3.11 0.23399999999999999 0.396 2.05
9.9 7.92 7.200000000000001 -0.6700000000000002 3.18 2.6900000000000004 0.40800000000000003 0.354 1.6600000000000001
7.200000000000001 10.14 7.92 2.7600000000000007 -0.53 3.0399999999999996 0.288 0.40800000000000003 2.41
7.200000000000001 7.92 10.08 2.6900000000000004 3.18 -0.32000000000000006 0.318 0.306 2.44
10.020000000000001 7.26 7.92 -0.53 3.0399999999999996 3.32 0.426 0.24 2.11
7.26 7.92 10.020000000000001 2.9 2.9699999999999998 -0.6000000000000001 0.24599999999999997 0.336 1.81
7.200000000000001 7.92 10.08 2.7600000000000007 2.9 -0.32000000000000006 0.276 0.276 1.63
10.14 7.9799999999999995 7.32 -0.3899999999999999 3.18 2.41 0.378 0.288 2.26
7.140000000000001 7.92 10.2 2.6900000000000004 2.9699999999999998 -0.45999999999999996 0.258 0.348 3.25
7.26 7.92 10.26 2.4800000000000004 3.4600000000000004 -0.53 0.318 0.282 3.37
7.200000000000001 9.719999999999999 7.92 3.0399999999999996 -0.45999999999999996 3.18 0.222 0.438 3.46
7.92 7.200000000000001 10.14 3.0399999999999996 2.62 -0.45999999999999996 0.348 0.24599999999999997 1.96
10.14 7.9799999999999995 7.26 -0.32000000000000006 3.0399999999999996 2.2699999999999996 0.40800000000000003 0.324 2.3200000000000003
7.140000000000001 10.32 7.92 2.8299999999999996 -0.3899999999999999 2.9699999999999998 0.24 0.432 2.44
7.92 9.780000000000001 7.200000000000001 3.11 -0.6000000000000001 2.9 0.33 0.474 1.8699999999999999
7.92 7.200000000000001 10.2 2.8299999999999996 2.7600000000000007 -0.53 0.372 0.24599999999999997 1.57
7.92 7.200000000000001 9.780000000000001 3.32 3.0399999999999996 -0.7400000000000002 0.276 0.288 2.35
7.200000000000001 7.92 9.9 2.9699999999999998 3.39 -0.6700000000000002 0.276 0.282 2.68
7.200000000000001 7.92 9.96 3.0399999999999996 2.9699999999999998 -0.7400000000000002 0.252 0.33 1.72
7.140000000000001 7.92 9.780000000000001 2.8299999999999996 3.11 -0.8099999999999998 0.22799999999999998 0.34199999999999997 2.89
7.200000000000001 7.92 10.08 2.8299999999999996 3.32 -0.6700000000000002 0.264 0.33 2.5
7.92 10.08 7.200000000000001 2.9 -0.6700000000000002 2.55 0.318 0.402 2.68
7.200000000000001 7.92 9.9 2.6900000000000004 2.9 -0.6000000000000001 0.24599999999999997 0.324 2.14
9.96 7.859999999999999 7.140000000000001 -0.45999999999999996 2.9699999999999998 3.18 0.384 0.378 2.35
7.859999999999999 10.2 7.140000000000001 2.8299999999999996 -0.6000000000000001 3.18 0.336 0.45599999999999996 2.77
7.92 7.200000000000001 10.020000000000001 3.18 2.62 -0.45999999999999996 0.276 0.288 2.26
9.96 7.200000000000001 7.92 -0.6000000000000001 2.9 3.11 0.46199999999999997 0.21 1.48
7.92 9.84 7.200000000000001 3.18 -0.6000000000000001 2.9699999999999998 0.276 0.438 2.71
10.020000000000001 7.200000000000001 7.92 -0.53 2.7600000000000007 3.18 0.40800000000000003 0.258 3.04
7.9799999999999995 7.26 10.26 2.9699999999999998 2.2 -0.17999999999999994 0.354 0.282 2.71
7.92 7.200000000000001 10.08 2.9699999999999998 2.9 -0.53 0.318 0.24599999999999997 2.59
7.92 7.200000000000001 9.9 3.0399999999999996 2.7600000000000007 -0.45999999999999996 0.348 0.21 2.29
7.200000000000001 10.14 7.92 2.8299999999999996 -0.6000000000000001 3.11 0.264 0.414 2.41
7.26 9.780000000000001 7.92 2.9 -0.6000000000000001 3.39 0.336 0.414 2.35
7.200000000000001 7.92 10.08 2.7600000000000007 2.9 -0.17999999999999994 0.252 0.36 1.96
7.92 10.020000000000001 7.140000000000001 2.9699999999999998 -0.53 2.6900000000000004 0.33 0.39 2.38
7.200000000000001 7.859999999999999 10.14 3.18 2.9699999999999998 -0.45999999999999996 0.24599999999999997 0.348 2.98
7.9799999999999995 7.26 10.14 3.11 2.2 -0.3899999999999999 0.288 0.348 2.11
7.200000000000001 7.92 10.020000000000001 2.7600000000000007 3.11 -0.53 0.258 0.318 2.3200000000000003
10.020000000000001 7.200000000000001 7.92 -0.45999999999999996 2.62 3.0399999999999996 0.378 0.258 2.02
7.140000000000001 9.96 7.92 3.11 -0.7400000000000002 2.9 0.24599999999999997 0.40800000000000003 2.98
7.26 7.92 9.96 2.6900000000000004 3.18 -0.6000000000000001 0.306 0.27 2.02
7.92 10.2 7.200000000000001 2.9 -0.45999999999999996 3.0399999999999996 0.294 0.438 1.93
7.859999999999999 9.96 7.140000000000001 2.9699999999999998 -0.6700000000000002 3.0399999999999996 0.414 0.396 1.75
7.92 9.96 7.200000000000001 3.25 -0.6700000000000002 3.25 0.34199999999999997 0.432 2.35
7.92 7.200000000000001 9.96 2.9699999999999998 2.9 -0.45999999999999996 0.34199999999999997 0.264 1.75
7.92 7.26 9.780000000000001 3.39 2.6900000000000004 -0.7400000000000002 0.264 0.24599999999999997 2.17
10.14 7.200000000000001 7.92 -0.25 2.2 2.9699999999999998 0.42 0.288 1.78
10.020000000000001 7.26 7.9799999999999995 -0.6000000000000001 2.2 3.39 0.414 0.324 3.0100000000000002
7.92 9.9 7.200000000000001 3.11 -0.6000000000000001 3.11 0.354 0.384 2.4699999999999998
10.08 7.26 7.9799999999999995 -0.6000000000000001 2.55 3.25 0.42 0.258 1.9
7.200000000000001 9.9 7.92 2.9 -0.6700000000000002 3.11 0.288 0.414 1.69
7.26 7.92 10.14 2.6900000000000004 3.11 -0.3899999999999999 0.288 0.3 1.99
7.92 7.200000000000001 10.14 3.0399999999999996 2.6900000000000004 -0.3899999999999999 0.318 0.312 1.99
9.96 7.92 7.200000000000001 -0.45999999999999996 3.11 3.0399999999999996 0.426 0.306 2.92
7.140000000000001 9.84 7.92 2.7600000000000007 -0.53 2.9 0.24 0.426 3.0999999999999996
9.84 7.92 7.200000000000001 -0.6000000000000001 3.11 3.18 0.444 0.3 2.98
7.140000000000001 10.2 7.92 2.6900000000000004 -0.32000000000000006 2.9699999999999998 0.282 0.39 2.68
7.200000000000001 7.92 10.14 2.8299999999999996 3.0399999999999996 -0.6000000000000001 0.24599999999999997 0.33 1.75
7.9799999999999995 10.020000000000001 7.26 3.32 -0.6700000000000002 2.55 0.282 0.45599999999999996 2.35
7.200000000000001 10.14 7.92 2.55 -0.32000000000000006 3.18 0.27 0.396 2.08
7.26 7.9799999999999995 9.96 2.55 3.39 -0.6700000000000002 0.294 0.276 2.05
7.92 7.200000000000001 9.84 2.9 3.5300000000000002 -0.7400000000000002 0.40800000000000003 0.198 2.17
9.9 7.92 7.200000000000001 -0.3899999999999999 3.18 2.8299999999999996 0.42 0.33 3.0100000000000002
7.92 10.08 7.200000000000001 3.11 -0.3899999999999999 2.8299999999999996 0.348 0.396 2.41
7.92 7.200000000000001 9.9 2.8299999999999996 3.39 -0.7400000000000002 0.372 0.22799999999999998 2.3200000000000003
7.859999999999999 9.96 7.140000000000001 2.6900000000000004 -0.6700000000000002 2.9 0.372 0.378 1.84
9.780000000000001 7.200000000000001 7.92 -0.6700000000000002 2.9699999999999998 3.18 0.414 0.258 2.95
9.9 7.859999999999999 7.140000000000001 -0.6700000000000002 2.6900000000000004 3.4600000000000004 0.438 0.36 1.9
7.26 9.9 7.92 2.41 -0.8099999999999998 3.18 0.288 0.40800000000000003 3.2800000000000002
7.92 7.200000000000001 10.020000000000001 2.9699999999999998 3.11 -0.7400000000000002 0.306 0.318 2.38
7.92 7.26 10.2 2.9 2.0599999999999996 -0.3899999999999999 0.318 0.276 1.9
7.140000000000001 7.92 9.84 3.11 3.32 -0.6700000000000002 0.23399999999999999 0.354 2.77
7.26 9.9 7.9799999999999995 2.41 -0.6000000000000001 3.5300000000000002 0.318 0.384 2.56
7.200000000000001 10.2 7.92 2.55 -0.32000000000000006 3.11 0.258 0.414 2.26
7.140000000000001 7.92 9.96 2.9699999999999998 2.6900000000000004 -0.45999999999999996 0.24599999999999997 0.366 2.26
7.9799999999999995 10.2 7.200000000000001 3.32 -0.32000000000000006 2.2699999999999996 0.306 0.402 2.05
7.200000000000001 7.9799999999999995 10.14 2.4800000000000004 3.32 -0.45999999999999996 0.318 0.258 2.17
7.92 7.200000000000001 9.9 3.11 2.9 -0.6000000000000001 0.324 0.252 2.05
9.84 7.92 7.200000000000001 -0.6700000000000002 2.9699999999999998 3.18 0.438 0.34199999999999997 3.16
7.140000000000001 9.84 7.859999999999999 3.0399999999999996 -0.6700000000000002 2.9 0.24 0.39 1.48
7.9799999999999995 10.2 7.200000000000001 3.39 -0.3899999999999999 2.7600000000000007 0.294 0.402 3.43
9.96 7.200000000000001 7.92 -0.7400000000000002 3.18 3.0399999999999996 0.402 0.24599999999999997 2.59
7.92 9.96 7.200000000000001 2.9699999999999998 -0.53 2.6900000000000004 0.282 0.432 1.81
10.08 7.92 7.200000000000001 -0.6000000000000001 3.11 2.6900000000000004 0.432 0.324 2.6500000000000004
7.200000000000001 9.84 7.92 2.55 -0.6700000000000002 3.18 0.258 0.46199999999999997 1.84
7.200000000000001 7.92 10.08 3.11 3.32 -0.6700000000000002 0.24599999999999997 0.282 1.8699999999999999
7.200000000000001 7.92 9.9 3.18 3.39 -0.6000000000000001 0.22799999999999998 0.33 2.35
7.200000000000001 7.92 10.14 2.0599999999999996 3.0399999999999996 -0.6000000000000001 0.348 0.264 3.0100000000000002
7.859999999999999 10.020000000000001 7.140000000000001 2.6900000000000004 -0.53 3.32 0.348 0.402 2.26
7.200000000000001 7.92 9.780000000000001 2.9699999999999998 3.0399999999999996 -0.6700000000000002 0.222 0.33 2.17
7.92 9.84 7.200000000000001 3.0399999999999996 -0.6700000000000002 2.62 0.318 0.396 1.93
7.200000000000001 10.2 7.92 2.9 -0.3899999999999999 2.9699999999999998 0.252 0.402 1.93
7.200000000000001 7.92 10.020000000000001 2.8299999999999996 3.39 -0.53 0.282 0.276 3.25
10.08 7.92 7.200000000000001 -0.6000000000000001 3.11 2.62 0.414 0.324 2.3200000000000003
7.140000000000001 10.020000000000001 7.92 2.6900000000000004 -0.6700000000000002 3.11 0.27 0.426 1.96
7.200000000000001 7.92 10.14 2.6900000000000004 2.7600000000000007 -0.45999999999999996 0.23399999999999999 0.324 1.78
7.200000000000001 10.32 7.92 2.62 -0.53 2.7600000000000007 0.288 0.378 2.05
7.92 7.140000000000001 10.020000000000001 2.62 2.9699999999999998 -0.6700000000000002 0.34199999999999997 0.222 2.44
7.92 7.200000000000001 10.2 2.9699999999999998 2.62 -0.53 0.312 0.264 2.26
7.200000000000001 7.92 10.020000000000001 2.9 2.6900000000000004 -0.53 0.24 0.354 3.0100000000000002
7.92 9.96 7.200000000000001 2.9699999999999998 -0.6000000000000001 2.8299999999999996 0.306 0.45599999999999996 2.2
7.26 7.92 10.2 2.7600000000000007 3.32 -0.32000000000000006 0.294 0.33 2.26
7.9799999999999995 7.26 10.26 3.25 2.55 -0.45999999999999996 0.294 0.324 2.23
7.92 7.140000000000001 10.020000000000001 2.9 2.8299999999999996 -0.45999999999999996 0.372 0.24599999999999997 1.63
7.140000000000001 7.859999999999999 10.08 3.0399999999999996 2.7600000000000007 -0.53 0.24599999999999997 0.324 2.44
7.140000000000001 9.9 7.92 3.25 -0.6700000000000002 3.11 0.23399999999999999 0.42 3.0100000000000002
7.200000000000001 10.26 7.92 2.62 -0.10999999999999988 3.18 0.312 0.384 2.59
7.859999999999999 10.020000000000001 7.140000000000001 2.8299999999999996 -0.53 3.18 0.39 0.384 2.3200000000000003
7.140000000000001 10.14 7.92 3.0399999999999996 -0.53 2.9 0.252 0.414 2.95
7.92 7.200000000000001 10.08 2.9699999999999998 2.9 -0.6000000000000001 0.372 0.24 2.14
10.020000000000001 7.200000000000001 7.92 -0.32000000000000006 2.62 3.0399999999999996 0.426 0.264 3.94
10.08 7.200000000000001 7.92 -0.32000000000000006 2.9 3.39 0.402 0.282 2.71
7.26 10.32 7.92 2.41 -0.3899999999999999 2.8299999999999996 0.282 0.402 1.75
7.200000000000001 7.92 9.96 3.0399999999999996 3.4600000000000004 -0.7400000000000002 0.3 0.282 2.7399999999999998
7.92 7.140000000000001 10.08 2.8299999999999996 2.9 -0.25 0.36 0.23399999999999999 2.17
7.92 7.200000000000001 10.14 2.8299999999999996 3.0399999999999996 -0.45999999999999996 0.34199999999999997 0.264 2.6500000000000004
7.92 9.96 7.200000000000001 3.11 -0.53 3.25 0.34199999999999997 0.414 2.89
7.200000000000001 7.92 10.2 2.6900000000000004 3.18 -0.45999999999999996 0.264 0.33 2.05
7.200000000000001 7.92 10.2 2.9699999999999998 3.11 -0.7400000000000002 0.252 0.366 1.96
10.020000000000001 7.26 7.92 -0.3899999999999999 2.55 3.0399999999999996 0.378 0.312 1.75
9.96 7.92 7.140000000000001 -0.6700000000000002 3.25 2.9 0.40800000000000003 0.34199999999999997 2.17
7.92 10.08 7.200000000000001 3.18 -0.53 2.7600000000000007 0.276 0.444 2.5300000000000002
10.14 7.92 7.200000000000001 -0.53 3.11 2.7600000000000007 0.396 0.348 2.35
9.84 7.200000000000001 7.92 -0.6700000000000002 2.9 3.0399999999999996 0.42 0.252 1.57
7.92 9.96 7.200000000000001 3.25 -0.6000000000000001 2.7600000000000007 0.276 0.402 2.59
7.92 7.200000000000001 10.14 3.0399999999999996 2.55 -0.25 0.348 0.264 2.59
9.780000000000001 7.859999999999999 7.140000000000001 -0.53 2.8299999999999996 2.9699999999999998 0.402 0.34199999999999997 2.08
7.92 7.200000000000001 10.26 3.25 2.8299999999999996 -0.6700000000000002 0.306 0.264 1.78
7.200000000000001 10.020000000000001 7.92 2.55 -0.6000000000000001 2.9699999999999998 0.264 0.384 1.93
7.92 10.08 7.200000000000001 3.18 -0.45999999999999996 3.0399999999999996 0.336 0.42 2.62
7.200000000000001 7.859999999999999 10.020000000000001 3.18 2.9699999999999998 -0.53 0.21 0.372 2.23
10.020000000000001 7.200000000000001 7.92 -0.53 2.8299999999999996 3.32 0.444 0.22799999999999998 2.98
7.92 10.020000000000001 7.200000000000001 2.9699999999999998 -0.6000000000000001 3.0399999999999996 0.3 0.42 2.7399999999999998
7.92 10.2 7.140000000000001 2.9699999999999998 -0.32000000000000006 2.7600000000000007 0.324 0.438 2.29
10.32 7.200000000000001 7.92 -0.45999999999999996 2.9 2.9699999999999998 0.372 0.318 2.68
9.9 7.200000000000001 7.92 -0.6000000000000001 2.6900000000000004 3.11 0.40800000000000003 0.294 2.3200000000000003
7.92 7.200000000000001 9.9 3.4600000000000004 2.62 -0.6000000000000001 0.294 0.312 2.29
7.200000000000001 10.14 7.92 3.32 -0.6000000000000001 3.11 0.252 0.432 3.2800000000000002
10.14 7.92 7.200000000000001 -0.53 3.11 2.7600000000000007 0.384 0.336 3.0999999999999996
9.9 7.92 7.200000000000001 -0.6000000000000001 3.25 2.9699999999999998 0.444 0.282 2.2
7.92 10.14 7.200000000000001 3.11 -0.7400000000000002 2.6900000000000004 0.264 0.444 2.4699999999999998
7.859999999999999 7.200000000000001 9.96 2.9 3.0399999999999996 -0.3899999999999999 0.34199999999999997 0.252 2.11
10.2 7.92 7.140000000000001 -0.32000000000000006 2.7600000000000007 2.9 0.384 0.384 3.16
7.859999999999999 7.200000000000001 9.9 2.4800000000000004 3.11 -0.8099999999999998 0.306 0.24 2.71
7.92 9.780000000000001 7.200000000000001 3.11 -0.6000000000000001 3.11 0.36 0.378 2.11
7.92 7.200000000000001 10.020000000000001 2.9 2.8299999999999996 -0.6000000000000001 0.318 0.282 2.29
9.96 7.92 7.200000000000001 -0.6000000000000001 3.0399999999999996 2.6900000000000004 0.396 0.348 2.02
9.96 7.92 7.140000000000001 -0.45999999999999996 3.0399999999999996 3.25 0.414 0.366 3.13
7.92 10.14 7.200000000000001 2.9 -0.45999999999999996 2.7600000000000007 0.366 0.378 2.62
7.92 7.200000000000001 9.96 3.0399999999999996 2.62 -0.7400000000000002 0.288 0.264 2.38
7.200000000000001 7.92 10.08 2.9 2.9699999999999998 -0.6700000000000002 0.252 0.372 2.44
7.200000000000001 7.92 9.84 2.55 3.32 -0.45999999999999996 0.24 0.348 2.68
9.84 7.200000000000001 7.92 -0.6700000000000002 2.9 3.11 0.432 0.27 2.23
9.9 7.92 7.200000000000001 -0.6000000000000001 2.9699999999999998 2.7600000000000007 0.438 0.27 2.7399999999999998
7.26 7.9799999999999995 10.14 2.41 3.6 -0.25 0.3 0.258 1.6600000000000001
7.200000000000001 9.9 7.92 2.9 -0.53 3.0399999999999996 0.276 0.372 1.48
9.780000000000001 7.200000000000001 7.92 -0.32000000000000006 2.9699999999999998 3.11 0.402 0.252 2.6500000000000004
10.020000000000001 7.92 7.200000000000001 -0.53 3.0399999999999996 2.62 0.42 0.324 1.81
7.92 9.84 7.140000000000001 2.8299999999999996 -0.7400000000000002 3.0399999999999996 0.324 0.46199999999999997 2.5300000000000002
7.200000000000001 9.84 7.92 2.6900000000000004 -0.7400000000000002 3.18 0.282 0.438 2.26
7.92 10.08 7.200000000000001 2.9699999999999998 -0.45999999999999996 2.8299999999999996 0.348 0.42 3.0999999999999996
7.92 7.200000000000001 9.9 2.6900000000000004 2.8299999999999996 -0.53 0.33 0.24 1.72
7.26 9.9 7.92 2.62 -0.45999999999999996 3.39 0.27 0.414 1.63
7.92 7.200000000000001 9.9 3.0399999999999996 2.62 -0.3899999999999999 0.324 0.276 2.08
7.140000000000001 7.92 10.2 3.0399999999999996 2.9699999999999998 -0.53 0.22799999999999998 0.34199999999999997 2.11
7.92 9.9 7.140000000000001 3.11 -0.53 2.9 0.324 0.42 2.26
7.140000000000001 7.92 9.96 3.0399999999999996 2.9 -0.6000000000000001 0.22799999999999998 0.366 2.14
7.200000000000001 7.92 10.08 2.8299999999999996 3.11 -0.3899999999999999 0.22799999999999998 0.33 2.4699999999999998
9.96 7.200000000000001 7.92 -0.6000000000000001 2.9 3.25 0.438 0.24 2.3200000000000003
7.92 7.200000000000001 9.96 3.11 2.7600000000000007 -0.53 0.3 0.27 1.84
7.140000000000001 10.020000000000001 7.92 2.8299999999999996 -0.45999999999999996 3.32 0.258 0.426 2.29
7.200000000000001 10.08 7.92 2.4800000000000004 -0.53 3.25 0.306 0.378 2.6500000000000004
10.020000000000001 7.140000000000001 7.92 -0.32000000000000006 2.8299999999999996 3.32 0.40800000000000003 0.258 2.38
7.859999999999999 7.200000000000001 10.14 3.0399999999999996 3.0399999999999996 -0.25 0.36 0.258 1.72
7.859999999999999 7.140000000000001 9.9 2.6900000000000004 2.9 -0.6000000000000001 0.378 0.21 1.96
7.200000000000001 7.92 9.96 2.62 3.0399999999999996 -0.32000000000000006 0.288 0.33 2.2
7.92 7.200000000000001 10.2 3.11 2.62 -0.53 0.294 0.312 1.81
7.92 7.200000000000001 10.020000000000001 3.25 2.6900000000000004 -0.53 0.354 0.264 2.6500000000000004
7.859999999999999 7.200000000000001 9.9 3.11 3.39 -0.6700000000000002 0.336 0.23399999999999999 1.84
7.140000000000001 9.96 7.92 3.5300000000000002 -0.7400000000000002 2.8299999999999996 0.198 0.432 3.16
7.92 7.200000000000001 10.14 3.11 2.62 -0.32000000000000006 0.318 0.264 2.02
10.020000000000001 7.9799999999999995 7.26 -0.6700000000000002 3.25 2.55 0.40800000000000003 0.282 3.34
10.020000000000001 7.200000000000001 7.92 -0.6000000000000001 2.9 3.0399999999999996 0.432 0.23399999999999999 2.17
7.26 7.9799999999999995 10.14 2.2699999999999996 3.18 -0.6000000000000001 0.3 0.306 2.4699999999999998
10.08 7.92 7.200000000000001 -0.3899999999999999 3.11 2.9699999999999998 0.414 0.354 2.83
9.96 7.9799999999999995 7.26 -0.3899999999999999 3.39 2.4800000000000004 0.444 0.294 2.86
7.200000000000001 7.92 9.96 2.9699999999999998 3.25 -0.7400000000000002 0.24599999999999997 0.33 1.99
7.200000000000001 9.96 7.92 2.8299999999999996 -0.53 2.7600000000000007 0.258 0.414 1.84
10.020000000000001 7.200000000000001 7.92 -0.6000000000000001 2.6900000000000004 3.25 0.414 0.264 2.02
7.859999999999999 7.140000000000001 9.84 2.7600000000000007 3.25 -0.6700000000000002 0.312 0.198 3.34
7.200000000000001 7.92 10.14 3.18 3.0399999999999996 -0.6000000000000001 0.22799999999999998 0.366 2.71
10.14 7.200000000000001 7.92 -0.53 2.62 3.11 0.42 0.24599999999999997 2.08
9.9 7.200000000000001 7.92 -0.53 3.18 3.18 0.39 0.282 1.96
7.92 9.9 7.200000000000001 3.0399999999999996 -0.6000000000000001 2.7600000000000007 0.3 0.432 2.8
7.92 9.96 7.200000000000001 3.0399999999999996 -0.6700000000000002 2.7600000000000007 0.348 0.414 1.99
7.92 9.96 7.200000000000001 2.9699999999999998 -0.6000000000000001 2.7600000000000007 0.312 0.40800000000000003 2.35
7.92 10.020000000000001 7.200000000000001 3.25 -0.45999999999999996 2.7600000000000007 0.312 0.40800000000000003 1.99
9.96 7.26 7.92 -0.6700000000000002 2.7600000000000007 3.25 0.432 0.27 2.02
7.92 7.140000000000001 10.08 2.8299999999999996 3.0399999999999996 -0.6700000000000002 0.39 0.20400000000000001 2.2
7.92 10.08 7.200000000000001 2.9 -0.6700000000000002 3.0399999999999996 0.312 0.402 2.11
7.92 7.200000000000001 10.14 2.9 2.8299999999999996 -0.53 0.34199999999999997 0.258 2.35
9.84 7.92 7.200000000000001 -0.6700000000000002 2.9699999999999998 3.11 0.414 0.34199999999999997 2.83
10.08 7.200000000000001 7.92 -0.32000000000000006 2.9699999999999998 3.25 0.348 0.324 3.0999999999999996
7.92 10.020000000000001 7.200000000000001 3.11 -0.45999999999999996 2.41 0.276 0.426 2.23
7.92 7.200000000000001 9.84 3.11 3.18 -0.8099999999999998 0.282 0.294 1.8699999999999999
9.780000000000001 7.32 7.9799999999999995 -0.6000000000000001 2.2 3.11 0.432 0.282 2.05
7.92 10.020000000000001 7.200000000000001 3.25 -0.53 3.11 0.34199999999999997 0.39 2.11
9.9 7.92 7.200000000000001 -0.6000000000000001 2.9699999999999998 2.9699999999999998 0.39 0.348 2.7399999999999998
10.020000000000001 7.92 7.200000000000001 -0.6700000000000002 3.0399999999999996 2.7600000000000007 0.39 0.348 3.31
9.9 7.92 7.200000000000001 -0.6700000000000002 2.9699999999999998 3.0399999999999996 0.444 0.366 1.99
7.92 7.200000000000001 9.9 3.18 2.8299999999999996 -0.7400000000000002 0.294 0.27 1.84
7.92 7.200000000000001 10.08 2.9699999999999998 2.8299999999999996 -0.53 0.324 0.288 2.38
9.96 7.200000000000001 7.92 -0.8099999999999998 3.18 2.8299999999999996 0.378 0.24 3.55
7.200000000000001 9.84 7.859999999999999 3.25 -0.7400000000000002 3.18 0.23399999999999999 0.438 2.8
10.020000000000001 7.26 7.9799999999999995 -0.6000000000000001 2.4800000000000004 3.4600000000000004 0.414 0.306 2.41
7.200000000000001 7.92 9.9 3.11 3.18 -0.7400000000000002 0.24599999999999997 0.306 2.89
7.200000000000001 10.14 7.92 3.11 -0.6000000000000001 3.0399999999999996 0.24 0.402 2.92
7.26 9.96 7.9799999999999995 2.62 -0.53 3.18 0.294 0.42 2.41
9.9 7.200000000000001 7.92 -0.3899999999999999 2.7600000000000007 3.11 0.402 0.282 2.14
7.92 7.200000000000001 10.08 3.11 2.62 -0.53 0.318 0.264 2.71
7.200000000000001 7.92 9.9 3.0399999999999996 3.18 -0.7400000000000002 0.24 0.318 2.11
10.08 7.140000000000001 7.92 -0.53 2.9 3.32 0.426 0.24 1.81
10.020000000000001 7.92 7.200000000000001 -0.53 3.11 2.6900000000000004 0.42 0.306 2.59
7.92 10.14 7.200000000000001 3.39 -0.45999999999999996 3.11 0.336 0.42 2.08
7.200000000000001 7.92 10.08 2.7600000000000007 3.25 -0.32000000000000006 0.312 0.294 2.11
7.140000000000001 7.92 9.96 2.9699999999999998 2.9 -0.6000000000000001 0.24 0.34199999999999997 2.89
10.08 7.9799999999999995 7.26 -0.32000000000000006 3.0399999999999996 2.2 0.384 0.348 1.96
7.200000000000001 9.9 7.92 3.25 -0.6700000000000002 3.32 0.27 0.378 2.6500000000000004
7.200000000000001 9.9 7.92 2.9699999999999998 -0.6700000000000002 3.0399999999999996 0.24 0.39 2.38
7.200000000000001 10.14 7.92 3.11 -0.45999999999999996 3.0399999999999996 0.252 0.426 2.02
9.6 7.200000000000001 7.859999999999999 -0.6000000000000001 3.32 3.18 0.46799999999999997 0.24599999999999997 2.6500000000000004
7.200000000000001 10.14 7.92 2.9699999999999998 -0.32000000000000006 2.9699999999999998 0.24599999999999997 0.40800000000000003 2.2
7.92 7.200000000000001 9.84 3.18 2.8299999999999996 -0.6700000000000002 0.3 0.27 2.05
10.08 7.200000000000001 7.92 -0.45999999999999996 3.11 2.8299999999999996 0.444 0.24 2.08
7.92 7.200000000000001 9.96 3.32 2.6900000000000004 -0.3899999999999999 0.396 0.22799999999999998 2.23
7.859999999999999 7.200000000000001 9.9 2.62 3.25 -0.53 0.34199999999999997 0.198 2.5
7.92 7.200000000000001 9.96 2.8299999999999996 2.6900000000000004 -0.6000000000000001 0.3 0.24599999999999997 2.86
10.020000000000001 7.92 7.200000000000001 -0.45999999999999996 2.9699999999999998 2.8299999999999996 0.42 0.324 3.07
9.96 7.92 7.200000000000001 -0.6000000000000001 2.8299999999999996 3.11 0.444 0.324 2.56
9.719999999999999 7.859999999999999 7.140000000000001 -0.7400000000000002 2.9 3.18 0.432 0.36 3.13
7.92 10.14 7.26 3.25 -0.6700000000000002 2.6900000000000004 0.33 0.426 2.26
10.020000000000001 7.92 7.140000000000001 -0.3899999999999999 3.11 3.0399999999999996 0.438 0.33 2.62
7.92 9.96 7.200000000000001 3.0399999999999996 -0.6000000000000001 2.9 0.318 0.426 3.31
9.96 7.92 7.200000000000001 -0.3899999999999999 3.25 2.55 0.46199999999999997 0.282 2.92
10.14 7.26 7.92 -0.6700000000000002 2.6900000000000004 2.9699999999999998 0.414 0.24599999999999997 2.35
10.08 7.92 7.26 -0.53 3.11 2.41 0.40800000000000003 0.27 1.48
7.200000000000001 7.92 9.9 3.11 3.25 -0.6700000000000002 0.258 0.324 2.98
9.96 7.92 7.26 -0.6000000000000001 3.4600000000000004 2.41 0.42 0.264 2.17
9.719999999999999 7.859999999999999 7.200000000000001 -0.7400000000000002 3.11 3.25 0.432 0.336 1.96
7.9799999999999995 7.26 10.14 3.4600000000000004 2.0599999999999996 -0.3899999999999999 0.252 0.348 2.02
7.92 7.200000000000001 10.2 2.9699999999999998 2.4800000000000004 -0.25 0.3 0.288 1.84
10.020000000000001 7.92 7.140000000000001 -0.53 3.0399999999999996 3.0399999999999996 0.426 0.348 2.92
10.08 7.9799999999999995 7.26 -0.6000000000000001 3.39 2.62 0.414 0.276 2.2
7.859999999999999 9.96 7.140000000000001 2.9699999999999998 -0.53 3.5300000000000002 0.39 0.42 2.29
7.9799999999999995 7.26 9.96 3.4600000000000004 2.4800000000000004 -0.53 0.258 0.36 2.95
7.92 7.200000000000001 10.08 3.0399999999999996 2.55 -0.45999999999999996 0.276 0.324 1.42
7.200000000000001 7.92 9.780000000000001 3.25 2.9699999999999998 -0.53 0.23399999999999999 0.336 2.41
7.200000000000001 10.020000000000001 7.92 3.0399999999999996 -0.6700000000000002 2.9 0.192 0.44999999999999996 2.35
7.92 10.08 7.200000000000001 3.18 -0.32000000000000006 2.4800000000000004 0.288 0.444 1.69
7.92 10.08 7.200000000000001 3.18 -0.6000000000000001 2.8299999999999996 0.3 0.432 2.26
7.92 9.9 7.200000000000001 3.25 -0.53 3.0399999999999996 0.3 0.46199999999999997 2.17
9.719999999999999 7.859999999999999 7.140000000000001 -0.6000000000000001 2.62 3.0399999999999996 0.39 0.402 2.5300000000000002
9.84 7.26 7.9799999999999995 -0.6000000000000001 2.55 3.25 0.39 0.306 2.44
9.780000000000001 7.859999999999999 7.140000000000001 -0.8799999999999999 3.0399999999999996 3.25 0.42 0.372 2.62
7.200000000000001 7.92 9.96 2.8299999999999996 3.4600000000000004 -0.3899999999999999 0.288 0.3 3.16
7.92 7.200000000000001 9.780000000000001 2.7600000000000007 3.11 -0.45999999999999996 0.306 0.222 2.05
7.859999999999999 10.08 7.140000000000001 2.9 -0.6000000000000001 3.25 0.384 0.39 2.8
9.96 7.9799999999999995 7.200000000000001 -0.45999999999999996 3.11 2.4800000000000004 0.444 0.312 2.38
7.92 7.26 10.14 3.25 2.41 -0.45999999999999996 0.27 0.3 2.05
7.92 9.9 7.200000000000001 3.0399999999999996 -0.6700000000000002 2.8299999999999996 0.318 0.42 2.08
7.26 7.9799999999999995 10.08 2.7600000000000007 3.11 -0.32000000000000006 0.24 0.33 2.17
7.92 9.96 7.200000000000001 3.18 -0.7400000000000002 2.8299999999999996 0.33 0.438 2.56
7.200000000000001 10.08 7.92 2.6900000000000004 -0.6700000000000002 3.0399999999999996 0.258 0.402 1.6600000000000001
7.200000000000001 9.84 7.92 3.0399999999999996 -0.7400000000000002 3.32 0.264 0.426 3.07
9.96 7.92 7.200000000000001 -0.6000000000000001 3.11 2.9 0.45599999999999996 0.306 1.6600000000000001
10.020000000000001 7.92 7.26 -0.3899999999999999 3.39 2.8299999999999996 0.402 0.288 2.6500000000000004
7.92 7.26 9.96 3.18 2.9699999999999998 -0.53 0.324 0.258 2.95
7.92 9.96 7.26 3.32 -0.6000000000000001 2.41 0.318 0.414 1.72
7.859999999999999 7.140000000000001 9.96 2.62 2.9699999999999998 -0.45999999999999996 0.336 0.216 2.14
9.9 7.200000000000001 7.92 -0.53 2.8299999999999996 3.18 0.46199999999999997 0.24 2.29
7.92 10.020000000000001 7.200000000000001 3.18 -0.32000000000000006 2.55 0.34199999999999997 0.36 2.26
7.92 7.200000000000001 10.14 3.11 2.62 -0.3899999999999999 0.318 0.27 2.5300000000000002
10.26 7.92 7.200000000000001 -0.32000000000000006 2.9699999999999998 2.62 0.372 0.366 2.02
7.140000000000001 7.859999999999999 10.08 3.18 2.8299999999999996 -0.3899999999999999 0.24599999999999997 0.402 2.71
7.200000000000001 7.92 9.96 2.9 3.4600000000000004 -0.45999999999999996 0.3 0.288 2.44
7.92 10.020000000000001 7.140000000000001 2.9 -0.53 2.62 0.27 0.49199999999999994 1.72
7.200000000000001 10.020000000000001 7.92 2.9 -0.45999999999999996 2.9 0.22799999999999998 0.432 2.08
10.2 7.92 7.200000000000001 -0.039999999999999813 3.0399999999999996 2.7600000000000007 0.39 0.36 2.14
9.780000000000001 7.92 7.200000000000001 -0.6700000000000002 3.11 3.11 0.474 0.282 2.26
9.96 7.92 7.200000000000001 -0.6700000000000002 2.9699999999999998 2.9 0.39 0.378 2.5300000000000002
10.020000000000001 7.92 7.200000000000001 -0.6000000000000001 3.11 2.6900000000000004 0.432 0.348 1.99
7.140000000000001 7.92 9.9 3.32 2.9699999999999998 -0.6700000000000002 0.21 0.348 2.11
9.96 7.92 7.200000000000001 -0.6700000000000002 3.32 2.6900000000000004 0.46199999999999997 0.306 1.57
10.020000000000001 7.92 7.200000000000001 -0.45999999999999996 2.62 2.9699999999999998 0.40800000000000003 0.372 2.3200000000000003
9.84 7.92 7.200000000000001 -0.6000000000000001 3.32 2.9699999999999998 0.45599999999999996 0.336 3.16
7.140000000000001 9.9 7.92 3.11 -0.6000000000000001 2.6900000000000004 0.264 0.372 2.11
10.14 7.200000000000001 7.92 -0.6000000000000001 2.4800000000000004 3.0399999999999996 0.40800000000000003 0.264 1.42
7.200000000000001 10.020000000000001 7.92 2.6900000000000004 -0.3899999999999999 3.11 0.282 0.426 2.3200000000000003
7.92 7.200000000000001 9.780000000000001 3.0399999999999996 3.0399999999999996 -0.6000000000000001 0.324 0.264 1.99
9.96 7.200000000000001 7.92 -0.32000000000000006 2.6900000000000004 3.18 0.426 0.288 2.6500000000000004
10.14 7.92 7.200000000000001 -0.53 3.0399999999999996 2.9699999999999998 0.402 0.34199999999999997 3.4899999999999998
7.26 10.14 7.92 2.4800000000000004 -0.6000000000000001 3.11 0.294 0.372 2.2
9.9 7.92 7.140000000000001 -0.6700000000000002 2.9699999999999998 3.25 0.444 0.354 2.26
10.14 7.92 7.200000000000001 -0.53 3.11 2.9 0.396 0.372 1.78
7.200000000000001 7.92 10.14 2.9 2.9699999999999998 -0.6700000000000002 0.282 0.3 1.81
7.92 9.96 7.140000000000001 2.9 -0.6000000000000001 3.18 0.33 0.432 3.0999999999999996
9.96 7.859999999999999 7.140000000000001 -0.53 2.8299999999999996 3.5300000000000002 0.42 0.354 2.4699999999999998
7.92 9.780000000000001 7.200000000000001 3.11 -0.7400000000000002 3.11 0.288 0.46799999999999997 2.62
7.26 7.92 10.020000000000001 2.34 3.18 -0.53 0.258 0.306 2.05
7.92 7.140000000000001 9.96 3.0399999999999996 2.9699999999999998 -0.53 0.34199999999999997 0.264 2.44
10.08 7.92 7.200000000000001 -0.6000000000000001 2.9699999999999998 2.62 0.384 0.34199999999999997 1.78
10.14 7.200000000000001 7.92 -0.32000000000000006 2.4800000000000004 3.25 0.372 0.294 1.93
7.92 7.200000000000001 9.9 3.18 3.25 -0.6700000000000002 0.294 0.282 3.46
10.08 7.200000000000001 7.859999999999999 -0.45999999999999996 3.11 3.0399999999999996 0.402 0.294 2.59
7.92 7.200000000000001 9.96 3.32 2.9699999999999998 -0.6000000000000001 0.33 0.27 1.81
9.96 7.26 7.92 -0.6000000000000001 2.9 2.9699999999999998 0.40800000000000003 0.27 2.5300000000000002
9.96 7.140000000000001 7.92 -0.7400000000000002 3.0399999999999996 3.11 0.40800000000000003 0.24599999999999997 2.3200000000000003
7.200000000000001 7.9799999999999995 10.020000000000001 2.62 3.0399999999999996 -0.3899999999999999 0.294 0.324 2.38
7.200000000000001 7.859999999999999 9.96 2.7600000000000007 2.9 -0.6700000000000002 0.24599999999999997 0.36 2.44
7.92 10.2 7.200000000000001 3.11 -0.53 2.9 0.348 0.402 2.29
7.200000000000001 7.92 10.020000000000001 2.9699999999999998 2.8299999999999996 -0.6000000000000001 0.258 0.348 2.08
10.08 7.200000000000001 7.92 -0.6000000000000001 3.18 2.8299999999999996 0.438 0.24599999999999997 2.26
10.26 7.140000000000001 7.859999999999999 -0.3899999999999999 3.18 2.9 0.402 0.252 2.41
9.96 7.92 7.200000000000001 -0.32000000000000006 2.9 3.11 0.46199999999999997 0.312 3.7
7.92 7.140000000000001 10.14 3.11 2.8299999999999996 -0.32000000000000006 0.34199999999999997 0.23399999999999999 2.56
7.200000000000001 7.92 10.020000000000001 2.9699999999999998 3.18 -0.53 0.276 0.282 2.7399999999999998
9.9 7.92 7.200000000000001 -0.7400000000000002 3.32 3.18 0.40800000000000003 0.336 3.2199999999999998
7.200000000000001 10.08 7.92 3.32 -0.53 2.9 0.258 0.384 2.29
7.92 9.96 7.200000000000001 3.18 -0.6000000000000001 3.0399999999999996 0.318 0.426 1.63
7.200000000000001 7.92 10.020000000000001 2.8299999999999996 2.9699999999999998 -0.6000000000000001 0.23399999999999999 0.354 1.84
9.96 7.92 7.140000000000001 -0.6000000000000001 2.8299999999999996 2.8299999999999996 0.426 0.318 2.11
10.020000000000001 7.200000000000001 7.859999999999999 -0.53 2.9 2.9699999999999998 0.384 0.23399999999999999 1.99
7.92 9.96 7.200000000000001 2.9 -0.8099999999999998 2.55 0.318 0.426 1.75
7.200000000000001 9.96 7.92 2.8299999999999996 -0.3899999999999999 3.0399999999999996 0.3 0.396 1.75
7.92 7.200000000000001 10.14 3.11 2.55 -0.3899999999999999 0.318 0.264 1.8699999999999999
10.08 7.859999999999999 7.140000000000001 -0.3899999999999999 2.7600000000000007 2.7600000000000007 0.42 0.36 2.7399999999999998
10.08 7.26 7.9799999999999995 -0.45999999999999996 2.41 3.18 0.39 0.318 2.5300000000000002
7.92 10.14 7.140000000000001 2.9699999999999998 -0.53 3.11 0.396 0.36 2.95
7.92 10.020000000000001 7.140000000000001 2.8299999999999996 -0.7400000000000002 3.11 0.366 0.402 1.84
7.200000000000001 9.96 7.92 3.25 -0.6700000000000002 3.25 0.24599999999999997 0.414 2.68
7.92 7.140000000000001 9.780000000000001 3.32 3.4600000000000004 -0.6700000000000002 0.294 0.294 2.14
7.92 9.96 7.140000000000001 2.8299999999999996 -0.6000000000000001 3.0399999999999996 0.378 0.402 2.92
10.08 7.26 7.92 -0.6000000000000001 2.6900000000000004 2.9699999999999998 0.426 0.294 2.14
7.92 7.200000000000001 10.14 3.11 2.9 -0.45999999999999996 0.27 0.258 2.29
7.92 10.08 7.140000000000001 2.8299999999999996 -0.6700000000000002 2.6900000000000004 0.318 0.438 1.96
9.9 7.92 7.200000000000001 -0.6000000000000001 2.9699999999999998 2.8299999999999996 0.396 0.354 2.29
7.140000000000001 7.92 10.08 2.9 2.9 -0.6700000000000002 0.22799999999999998 0.312 2.5
9.96 7.200000000000001 7.92 -0.6700000000000002 2.6900000000000004 2.9 0.39 0.276 1.99
7.26 7.92 9.9 2.9 3.0399999999999996 -0.53 0.3 0.294 2.56
7.200000000000001 7.92 9.84 2.9 3.18 -0.6000000000000001 0.3 0.306 2.5300000000000002
10.14 7.200000000000001 7.92 -0.3899999999999999 3.0399999999999996 3.11 0.40800000000000003 0.288 2.35
10.2 7.9799999999999995 7.26 -0.32000000000000006 3.32 2.55 0.414 0.288 2.77
7.92 10.2 7.200000000000001 3.11 -0.45999999999999996 2.2699999999999996 0.312 0.40800000000000003 1.8699999999999999
7.140000000000001 10.020000000000001 7.92 2.62 -0.6000000000000001 3.11 0.23399999999999999 0.438 2.3200000000000003
7.92 7.200000000000001 10.08 3.25 3.11 -0.53 0.33 0.27 1.9
7.92 7.140000000000001 9.9 2.9699999999999998 2.8299999999999996 -0.8799999999999999 0.336 0.282 1.9
7.200000000000001 7.92 9.9 3.18 3.11 -0.6000000000000001 0.22799999999999998 0.324 2.38
7.200000000000001 9.9 7.92 3.0399999999999996 -0.6000000000000001 2.9 0.216 0.46199999999999997 1.84
9.96 7.200000000000001 7.92 -0.7400000000000002 2.9699999999999998 3.0399999999999996 0.40800000000000003 0.27 2.14
7.92 7.26 10.2 2.7600000000000007 2.41 -0.45999999999999996 0.33 0.252 1.72
7.200000000000001 10.020000000000001 7.92 3.18 -0.45999999999999996 2.9699999999999998 0.21 0.45599999999999996 2.38
7.92 7.140000000000001 9.84 2.9 2.8299999999999996 -0.6700000000000002 0.336 0.276 2.29
7.92 7.200000000000001 9.96 3.32 2.9699999999999998 -0.6700000000000002 0.36 0.252 2.68
7.200000000000001 7.92 10.14 2.62 2.9699999999999998 -0.32000000000000006 0.24599999999999997 0.306 2.5300000000000002
9.96 7.9799999999999995 7.26 -0.53 3.39 2.4800000000000004 0.414 0.288 2.7399999999999998
7.140000000000001 7.92 10.020000000000001 2.8299999999999996 2.8299999999999996 -0.32000000000000006 0.264 0.354 2.4699999999999998
9.780000000000001 7.859999999999999 7.140000000000001 -0.6700000000000002 2.7600000000000007 3.25 0.46799999999999997 0.306 2.71
9.96 7.92 7.200000000000001 -0.7400000000000002 2.8299999999999996 3.25 0.438 0.34199999999999997 3.34
9.9 7.200000000000001 7.92 -0.6700000000000002 2.7600000000000007 3.0399999999999996 0.42 0.288 2.44
7.9799999999999995 7.26 10.020000000000001 3.32 2.55 -0.6000000000000001 0.282 0.294 2.89
7.200000000000001 10.2 7.92 2.7600000000000007 -0.6000000000000001 3.18 0.258 0.414 2.71
9.96 7.92 7.200000000000001 -0.32000000000000006 3.32 2.62 0.372 0.33 2.4699999999999998
7.92 7.200000000000001 10.26 3.0399999999999996 2.2699999999999996 -0.3899999999999999 0.324 0.27 1.99
7.140000000000001 7.859999999999999 10.020000000000001 3.11 3.0399999999999996 -0.53 0.222 0.306 3.07
7.9799999999999995 9.9 7.200000000000001 3.0399999999999996 -0.6700000000000002 3.0399999999999996 0.33 0.40800000000000003 2.23
7.200000000000001 7.92 10.32 2.9699999999999998 2.8299999999999996 -0.6000000000000001 0.23399999999999999 0.348 1.6
9.9 7.92 7.140000000000001 -0.6700000000000002 2.7600000000000007 3.18 0.414 0.378 2.14
7.92 7.200000000000001 10.14 3.18 2.8299999999999996 -0.53 0.324 0.276 2.26
7.26 7.9799999999999995 10.2 2.0599999999999996 3.18 -0.53 0.294 0.294 2.23
7.140000000000001 9.96 7.92 3.670000000000001 -0.3899999999999999 2.8299999999999996 0.24599999999999997 0.414 2.56
7.200000000000001 7.92 9.96 2.6900000000000004 3.25 -0.53 0.264 0.336 2.77
7.200000000000001 7.92 9.9 2.9699999999999998 3.11 -0.6700000000000002 0.288 0.276 2.56
7.200000000000001 10.08 7.92 2.9 -0.8099999999999998 3.25 0.276 0.384 1.75
10.14 7.200000000000001 7.92 -0.45999999999999996 3.0399999999999996 2.9 0.42 0.252 2.4699999999999998
10.020000000000001 7.92 7.200000000000001 -0.53 3.11 2.6900000000000004 0.384 0.366 2.17
7.92 9.780000000000001 7.200000000000001 3.0399999999999996 -0.6000000000000001 2.9 0.318 0.396 2.56
7.859999999999999 9.96 7.140000000000001 2.6900000000000004 -0.8099999999999998 3.4600000000000004 0.378 0.42 2.02
7.92 7.26 10.08 3.0399999999999996 2.7600000000000007 -0.53 0.288 0.282 2.3200000000000003
9.84 7.200000000000001 7.92 -0.6700000000000002 3.11 3.11 0.44999999999999996 0.252 2.14
7.200000000000001 9.719999999999999 7.9799999999999995 2.62 -0.45999999999999996 3.25 0.312 0.426 2.92
7.200000000000001 7.92 10.2 2.34 2.9699999999999998 -0.10999999999999988 0.264 0.318 2.26
7.200000000000001 9.96 7.92 3.25 -0.8799999999999999 3.32 0.222 0.438 3.04
9.66 7.92 7.200000000000001 -0.7400000000000002 3.0399999999999996 2.8299999999999996 0.46199999999999997 0.27 2.8
7.859999999999999 10.08 7.200000000000001 3.0399999999999996 -0.45999999999999996 2.62 0.34199999999999997 0.378 1.45
9.96 7.92 7.200000000000001 -0.7400000000000002 2.9699999999999998 3.18 0.46199999999999997 0.324 2.4699999999999998
9.96 7.140000000000001 7.92 -0.6700000000000002 3.18 2.62 0.39 0.276 1.96
7.92 7.140000000000001 9.9 3.18 3.32 -0.6000000000000001 0.312 0.24 2.17
9.96 7.92 7.200000000000001 -0.6000000000000001 3.25 2.9 0.45599999999999996 0.306 2.41
10.2 7.26 7.92 -0.6700000000000002 2.41 2.9699999999999998 0.432 0.258 2.4699999999999998
7.92 10.08 7.200000000000001 3.11 -0.53 2.9 0.354 0.39 2.3200000000000003
7.92 9.96 7.200000000000001 3.0399999999999996 -0.6700000000000002 2.9699999999999998 0.3 0.46799999999999997 2.77
7.92 7.140000000000001 10.26 2.9 2.62 -0.45999999999999996 0.378 0.27 2.38
9.9 7.9799999999999995 7.26 -0.95 3.39 2.2699999999999996 0.426 0.258 2.38
7.92 7.140000000000001 10.08 3.25 2.6900000000000004 -0.53 0.336 0.27 2.56
7.200000000000001 7.92 9.9 2.9 2.9 -0.53 0.258 0.34199999999999997 1.96
10.2 7.26 7.92 -0.53 2.6900000000000004 2.9699999999999998 0.42 0.258 2.17
7.92 7.200000000000001 10.08 2.9 2.55 -0.3899999999999999 0.318 0.282 2.68
9.96 7.92 7.200000000000001 -0.53 3.32 3.0399999999999996 0.402 0.306 2.86
7.92 10.020000000000001 7.200000000000001 2.9699999999999998 -0.53 3.0399999999999996 0.3 0.426 2.41
10.2 7.200000000000001 7.92 -0.25 2.8299999999999996 2.62 0.384 0.222 1.96
7.9799999999999995 7.26 10.2 3.25 2.2699999999999996 -0.25 0.276 0.324 2.38
7.26 7.92 10.08 2.4800000000000004 3.32 -0.3899999999999999 0.282 0.318 2.3200000000000003
7.92 9.9 7.140000000000001 2.9 -0.6700000000000002 3.32 0.312 0.44999999999999996 2.14
7.140000000000001 7.92 10.020000000000001 3.11 3.25 -0.53 0.24 0.336 2.11
7.200000000000001 7.92 9.96 2.9699999999999998 2.9 -0.53 0.24 0.318 2.59
9.9 7.92 7.140000000000001 -0.53 3.18 3.11 0.396 0.354 2.02
7.200000000000001 10.14 7.92 2.9699999999999998 -0.3899999999999999 3.0399999999999996 0.216 0.40800000000000003 2.6500000000000004
7.92 7.200000000000001 10.020000000000001 3.32 2.6900000000000004 -0.6000000000000001 0.318 0.294 3.07
7.92 10.020000000000001 7.200000000000001 3.0399999999999996 -0.6700000000000002 2.4800000000000004 0.36 0.402 2.02
9.9 7.859999999999999 7.140000000000001 -0.53 3.0399999999999996 3.4600000000000004 0.474 0.36 2.5
7.859999999999999 7.140000000000001 9.9 2.6900000000000004 3.25 -0.6000000000000001 0.348 0.22799999999999998 2.26
10.14 7.92 7.200000000000001 -0.6700000000000002 3.11 2.7600000000000007 0.42 0.306 1.99
10.020000000000001 7.92 7.200000000000001 -0.7400000000000002 2.6900000000000004 3.25 0.40800000000000003 0.354 2.56
7.92 7.140000000000001 9.9 3.18 3.11 -0.32000000000000006 0.36 0.22799999999999998 2.7399999999999998
7.200000000000001 9.9 7.92 2.7600000000000007 -0.6000000000000001 3.39 0.24 0.42 2.89
7.140000000000001 7.92 9.96 2.9 2.8299999999999996 -0.6700000000000002 0.222 0.34199999999999997 2.3200000000000003
9.84 7.140000000000001 7.859999999999999 -0.7400000000000002 3.32 2.8299999999999996 0.40800000000000003 0.23399999999999999 1.93
10.14 7.200000000000001 7.92 -0.45999999999999996 2.9699999999999998 3.0399999999999996 0.46199999999999997 0.24599999999999997 2.3200000000000003
10.020000000000001 7.92 7.200000000000001 -0.53 2.9 3.25 0.432 0.336 2.44
7.200000000000001 7.92 9.9 2.9699999999999998 3.11 -0.45999999999999996 0.24 0.294 2.29
7.9799999999999995 7.26 10.14 3.25 2.55 -0.53 0.27 0.318 2.62
10.379999999999999 7.92 7.26 -0.32000000000000006 3.0399999999999996 2.62 0.40800000000000003 0.336 2.02
9.780000000000001 7.200000000000001 7.92 -0.6000000000000001 3.18 2.9 0.42 0.252 2.5300000000000002
7.92 10.14 7.200000000000001 3.39 -0.6000000000000001 2.62 0.3 0.396 2.3200000000000003
7.200000000000001 7.92 9.9 2.62 3.11 -0.6700000000000002 0.252 0.294 1.9
10.2 7.200000000000001 7.9799999999999995 -0.3899999999999999 2.55 3.18 0.372 0.288 2.6500000000000004
7.92 7.200000000000001 10.08 3.39 2.62 -0.45999999999999996 0.318 0.294 2.3200000000000003
9.96 7.92 7.200000000000001 -0.45999999999999996 3.32 3.25 0.414 0.324 2.29
10.020000000000001 7.26 7.92 -0.32000000000000006 2.41 3.11 0.42 0.3 2.11
9.9 7.32 7.9799999999999995 -0.6700000000000002 2.2 3.32 0.426 0.34199999999999997 2.17
7.92 7.200000000000001 10.08 2.9 2.8299999999999996 -0.25 0.34199999999999997 0.3 2.5
7.200000000000001 9.9 7.92 2.62 -0.7400000000000002 3.25 0.222 0.432 3.0100000000000002
9.9 7.92 7.200000000000001 -0.53 3.0399999999999996 2.8299999999999996 0.444 0.306 2.08
9.9 7.92 7.200000000000001 -0.7400000000000002 3.25 2.8299999999999996 0.46799999999999997 0.276 3.4000000000000004
7.92 9.9 7.200000000000001 3.0399999999999996 -0.6700000000000002 3.18 0.306 0.46199999999999997 2.3200000000000003
7.92 7.140000000000001 9.9 2.6900000000000004 3.18 -0.3899999999999999 0.366 0.23399999999999999 2.2
9.9 7.92 7.200000000000001 -0.45999999999999996 2.7600000000000007 2.9 0.42 0.294 2.5
10.020000000000001 7.200000000000001 7.92 -0.7400000000000002 3.18 3.18 0.426 0.216 2.02
9.96 7.200000000000001 7.92 -0.6000000000000001 3.32 2.9699999999999998 0.42 0.23399999999999999 2.6500000000000004
7.92 7.200000000000001 9.84 2.9699999999999998 3.0399999999999996 -0.6700000000000002 0.33 0.23399999999999999 2.2
7.9799999999999995 10.26 7.26 3.18 -0.3899999999999999 2.62 0.294 0.402 2.68
7.200000000000001 10.020000000000001 7.92 2.9 -0.7400000000000002 3.32 0.23399999999999999 0.44999999999999996 2.4699999999999998
7.92 9.96 7.200000000000001 2.8299999999999996 -0.6000000000000001 2.9699999999999998 0.336 0.426 2.02
7.200000000000001 10.2 7.92 2.8299999999999996 -0.53 2.9699999999999998 0.23399999999999999 0.40800000000000003 2.41
9.96 7.26 7.92 -0.53 2.7600000000000007 2.8299999999999996 0.396 0.282 2.05
7.200000000000001 9.96 7.9799999999999995 2.41 -0.53 3.670000000000001 0.312 0.402 2.68
10.08 7.200000000000001 7.9799999999999995 -0.6000000000000001 2.4800000000000004 3.0399999999999996 0.40800000000000003 0.288 2.44
7.140000000000001 7.92 9.9 3.11 3.0399999999999996 -0.6700000000000002 0.216 0.294 2.77
7.9799999999999995 7.26 10.14 3.0399999999999996 2.41 -0.32000000000000006 0.276 0.294 1.96
7.200000000000001 7.92 9.96 2.6900000000000004 3.0399999999999996 -0.45999999999999996 0.264 0.312 2.35
7.92 9.96 7.200000000000001 2.7600000000000007 -0.6000000000000001 2.9699999999999998 0.3 0.444 2.83
9.9 7.26 7.92 -0.6000000000000001 2.6900000000000004 3.11 0.40800000000000003 0.276 2.5
10.08 7.200000000000001 7.92 -0.45999999999999996 3.25 2.9 0.40800000000000003 0.27 2.56
7.92 10.2 7.200000000000001 2.9699999999999998 -0.53 3.0399999999999996 0.324 0.39 2.68
9.96 7.92 7.200000000000001 -0.45999999999999996 2.9 2.9699999999999998 0.42 0.34199999999999997 1.57
9.780000000000001 7.140000000000001 7.92 -0.8099999999999998 2.8299999999999996 3.11 0.438 0.252 2.5
7.92 9.9 7.200000000000001 3.18 -0.6700000000000002 3.18 0.348 0.426 2.71
7.140000000000001 9.9 7.92 2.8299999999999996 -0.6000000000000001 3.25 0.222 0.402 2.5
9.780000000000001 7.200000000000001 7.92 -0.53 2.9 3.0399999999999996 0.48 0.222 2.44
7.200000000000001 7.92 9.96 2.9699999999999998 3.18 -0.53 0.22799999999999998 0.312 2.59
7.92 10.08 7.200000000000001 3.18 -0.53 3.11 0.306 0.426 2.7399999999999998
7.26 7.92 9.780000000000001 2.8299999999999996 3.25 -0.53 0.282 0.33 2.5300000000000002
10.020000000000001 7.92 7.200000000000001 -0.7400000000000002 2.9699999999999998 2.7600000000000007 0.378 0.348 2.29
9.9 7.140000000000001 7.859999999999999 -0.53 3.32 2.8299999999999996 0.46799999999999997 0.192 2.38
10.020000000000001 7.200000000000001 7.92 -0.3899999999999999 2.9 2.9 0.384 0.294 2.29
7.9799999999999995 10.2 7.200000000000001 3.11 -0.6000000000000001 2.34 0.324 0.40800000000000003 1.99
9.84 7.859999999999999 7.140000000000001 -0.6700000000000002 2.62 3.25 0.438 0.33 2.56
7.9799999999999995 10.08 7.32 3.32 -0.53 2.6900000000000004 0.294 0.40800000000000003 2.38
7.92 7.200000000000001 10.2 2.9 2.4800000000000004 -0.7400000000000002 0.312 0.3 1.63
7.92 9.96 7.200000000000001 3.11 -0.53 2.9 0.306 0.40800000000000003 2.3200000000000003
10.08 7.9799999999999995 7.200000000000001 -0.3899999999999999 3.32 2.62 0.396 0.294 2.02
7.140000000000001 9.96 7.92 2.9 -0.6000000000000001 3.11 0.216 0.438 2.23
7.92 7.200000000000001 10.020000000000001 3.5300000000000002 2.62 -0.53 0.306 0.264 2.59
7.92 7.200000000000001 9.9 3.25 3.0399999999999996 -0.45999999999999996 0.294 0.288 2.7399999999999998
10.2 7.92 7.200000000000001 -0.25 3.25 2.9699999999999998 0.39 0.312 2.02
9.84 7.140000000000001 7.859999999999999 -0.7400000000000002 3.32 2.8299999999999996 0.414 0.252 2.56
9.84 7.859999999999999 7.200000000000001 -0.6000000000000001 3.18 2.8299999999999996 0.46199999999999997 0.306 2.71
9.96 7.140000000000001 7.859999999999999 -0.6000000000000001 3.39 2.9 0.402 0.21 2.2
10.08 7.92 7.200000000000001 -0.45999999999999996 3.25 2.62 0.42 0.294 2.29
9.9 7.200000000000001 7.92 -0.53 2.7600000000000007 2.9699999999999998 0.42 0.24 3.0999999999999996
7.92 9.9 7.200000000000001 3.4600000000000004 -0.53 2.9699999999999998 0.276 0.45599999999999996 2.23
10.32 7.92 7.200000000000001 -0.32000000000000006 2.62 2.8299999999999996 0.36 0.372 2.11
7.92 7.200000000000001 10.020000000000001 3.18 3.25 -0.6700000000000002 0.312 0.27 2.89
