0.71 0.0204 4.677090332836483e-15
0.71 0.020800000000000003 2.531331172834403e-13
0.71 0.021200000000000004 7.430743021224945e-12
0.71 0.021599999999999998 1.265022211441501e-10
0.71 0.022 1.328028272396245e-9
0.71 0.0224 9.094416096770974e-9
0.71 0.0228 4.280243094601967e-8
0.71 0.0232 1.4537090993905487e-7
0.71 0.0236 3.725617390865094e-7
0.71 0.024 7.485159419872683e-7
0.71 0.024399999999999998 1.2141458502297666e-6
0.71 0.0248 1.6235104670243094e-6
0.71 0.025200000000000004 1.8175751006300664e-6
0.71 0.025600000000000005 1.728119356109249e-6
0.71 0.026000000000000002 1.416612239246866e-6
0.71 0.0264 1.0163029142289063e-6
0.71 0.0268 6.462450788849076e-7
0.71 0.027200000000000002 3.682597456201841e-7
0.71 0.027600000000000003 1.9046746993918914e-7
0.71 0.028000000000000004 9.017852930788703e-8
0.71 0.0284 3.9446581664123764e-8
0.71 0.0288 1.6035901353012313e-8
0.71 0.0292 6.110582932517658e-9
0.71 0.0296 2.1983420825625102e-9
0.71 0.030000000000000002 7.46075971904105e-10
0.71 0.030400000000000003 2.439440242687956e-10
0.71 0.0308 7.60299095659554e-11
0.71 0.031200000000000002 2.2796305775040676e-11
0.71 0.0316 6.628855831816498e-12
0.71 0.032 1.8714416689293588e-12
0.71 0.032400000000000005 5.13691837569012e-13
0.71 0.032799999999999996 -1.3848824548547961e-11
0.71 0.0332 3.637333035616701e-14
0.71 0.0336 2.4217443065651692e-11
0.71 0.034 2.0735191665748203e-11
0.71 0.0344 6.075894325080496e-16
0.71 0.0348 -1.3854585384256861e-11
0.71 0.0352 -8.149499009919782e-12
0.71 0.0356 9.110220376376683e-18
0.71 0.036000000000000004 4.7052580254400804e-12
0.71 0.0364 5.8359107293616344e-12
0.71 0.0368 4.764821945859826e-12
0.71 0.037200000000000004 3.0697619401565087e-12
0.72 0.0204 9.165418073441124e-14
0.72 0.020800000000000003 4.909429325754671e-12
0.72 0.021200000000000004 1.4190578335518175e-10
0.72 0.021599999999999998 2.3651574468031042e-9
0.72 0.022 2.4180439914113523e-8
0.72 0.0224 1.6075540263114936e-7
0.72 0.0228 7.353064602521984e-7
0.72 0.0232 2.4433050643050455e-6
0.72 0.0236 6.193941415685587e-6
0.72 0.024 1.244049635587888e-5
0.72 0.024399999999999998 2.0262963195302102e-5
0.72 0.0248 2.710695684911584e-5
0.72 0.025200000000000004 3.012018326986157e-5
0.72 0.025600000000000005 2.8268911821448188e-5
0.72 0.026000000000000002 2.289898085427835e-5
0.72 0.0264 1.629260911224902e-5
0.72 0.0268 1.0246152494520482e-5
0.72 0.027200000000000002 5.72841962339791e-6
0.72 0.027600000000000003 2.920939102837567e-6
0.72 0.028000000000000004 1.362765221901112e-6
0.72 0.0284 5.881136719546203e-7
0.72 0.0288 2.363212802652228e-7
0.72 0.0292 8.896511238800712e-8
0.72 0.0296 3.161453691061863e-8
0.72 0.030000000000000002 1.0683528637808222e-8
0.72 0.030400000000000003 3.4508777507000596e-9
0.72 0.0308 1.065251027565495e-9
0.72 0.031200000000000002 3.1838927093487273e-10
0.72 0.0316 9.187211959672488e-11
0.72 0.032 2.5793080218272562e-11
0.72 0.032400000000000005 7.088899803595433e-12
0.72 0.032799999999999996 -1.1875923953973919e-9
0.72 0.0332 5.01098194808446e-13
0.72 0.0336 2.1025020237210836e-9
0.72 0.034 1.7979146617308177e-9
0.72 0.0344 8.397637293692253e-15
0.72 0.0348 -1.2021758123789586e-9
0.72 0.0352 -7.064517865483087e-10
0.72 0.0356 1.2911639448555735e-16
0.72 0.036000000000000004 4.066447331274901e-10
0.72 0.0364 5.041528630464251e-10
0.72 0.0368 4.1149575285624356e-10
0.72 0.037200000000000004 2.650506117547976e-10
0.73 0.0204 8.837194430015552e-13
0.73 0.020800000000000003 4.850906587605044e-11
0.73 0.021200000000000004 1.45341186093231e-9
0.73 0.021599999999999998 2.541577678428963e-8
0.73 0.022 2.7538531756075295e-7
0.73 0.0224 1.948839000036271e-6
0.73 0.0228 9.440323724625754e-6
0.73 0.0232 3.267419647393164e-5
0.73 0.0236 8.412140424818769e-5
0.73 0.024 0.00016728298806202672
0.73 0.024399999999999998 0.0002658401035439754
0.73 0.0248 0.000347269022757053
0.73 0.025200000000000004 0.00038068128432330666
0.73 0.025600000000000005 0.0003549961986380136
0.73 0.026000000000000002 0.0002845486792695613
0.73 0.0264 0.00019854350465265926
0.73 0.0268 0.00012267839291168857
0.73 0.027200000000000002 6.813179689910103e-5
0.73 0.027600000000000003 3.411635478693726e-5
0.73 0.028000000000000004 1.5654833086922712e-5
0.73 0.0284 6.652572452985397e-6
0.73 0.0288 2.6372355107678415e-6
0.73 0.0292 9.800413116633483e-7
0.73 0.0296 3.4481524222290385e-7
0.73 0.030000000000000002 1.148029199981499e-7
0.73 0.030400000000000003 3.6803952812947436e-8
0.73 0.0308 1.1320215564782609e-8
0.73 0.031200000000000002 3.3281642630820776e-9
0.73 0.0316 9.621544104051535e-10
0.73 0.032 2.6879510190604383e-10
0.73 0.032400000000000005 7.326651916933696e-11
0.73 0.032799999999999996 7.037169313211273e-9
0.73 0.0332 5.154929978665832e-12
0.73 0.0336 -1.2372618584276511e-8
0.73 0.034 -1.0570065689312673e-8
0.73 0.0344 8.577342705402331e-14
0.73 0.0348 7.077675776006426e-9
0.73 0.0352 4.154407128664951e-9
0.73 0.0356 1.3065485337179117e-15
0.73 0.036000000000000004 -2.3843584967004433e-9
0.73 0.0364 -2.954455032208437e-9
0.73 0.0368 -2.410485394459852e-9
0.73 0.037200000000000004 -1.5521763316678355e-9
0.74 0.0204 1.0425638475127912e-11
0.74 0.020800000000000003 5.664481546141909e-10
0.74 0.021200000000000004 1.6723193865620346e-8
0.74 0.021599999999999998 2.8688293704534315e-7
0.74 0.022 3.0397918484069237e-6
0.74 0.0224 2.1025552975836917e-5
0.74 0.0228 9.984906413257891e-5
0.74 0.0232 0.00034099100797610444
0.74 0.0236 0.0008730468638650733
0.74 0.024 0.0017360694918661331
0.74 0.024399999999999998 0.0027565469242530633
0.74 0.0248 0.00356864830329729
0.74 0.025200000000000004 0.0038335774965468855
0.74 0.025600000000000005 0.003479823670612326
0.74 0.026000000000000002 0.002722936639086521
0.74 0.0264 0.0018703117103558353
0.74 0.0268 0.0011403941153153927
0.74 0.027200000000000002 0.0006218940145858872
0.74 0.027600000000000003 0.00030796442424785536
0.74 0.028000000000000004 0.00013969992541713075
0.74 0.0284 5.831231980940279e-5
0.74 0.0288 2.2834741720757366e-5
0.74 0.0292 8.384812240030503e-6
0.74 0.0296 2.9206849139101996e-6
0.74 0.030000000000000002 9.671201376764967e-7
0.74 0.030400000000000003 3.0676541611585837e-7
0.74 0.0308 9.302556553671462e-8
0.74 0.031200000000000002 2.7598830247732795e-8
0.74 0.0316 7.894534625181849e-9
0.74 0.032 2.1752326510803605e-9
0.74 0.032400000000000005 5.924613346877691e-10
0.74 0.032799999999999996 -5.2072867155761246e-8
0.74 0.0332 4.098680718752915e-11
0.74 0.0336 9.644390082955485e-8
0.74 0.034 8.237125654102884e-8
0.74 0.0344 6.709315278788244e-13
0.74 0.0348 -5.524271874082806e-8
0.74 0.0352 -3.239425566706363e-8
0.74 0.0356 1.0000535556429876e-14
0.74 0.036000000000000004 1.8521331102772387e-8
0.74 0.0364 2.294463457047056e-8
0.74 0.0368 1.87169609096469e-8
0.74 0.037200000000000004 1.2051131636210216e-8
0.75 0.0204 8.883215603896332e-11
0.75 0.020800000000000003 4.807557367720127e-9
0.75 0.021200000000000004 1.4111770343717018e-7
0.75 0.021599999999999998 2.4022313557219655e-6
0.75 0.022 2.521633030990333e-5
0.75 0.0224 0.000172648367014699
0.75 0.0228 0.0008120355165222423
0.75 0.0232 0.0027521852623670095
0.75 0.0236 0.00701357988684363
0.75 0.024 0.013913480193148278
0.75 0.024399999999999998 0.022038845620252774
0.75 0.0248 0.02837312401449641
0.75 0.025200000000000004 0.030145310868210675
0.75 0.025600000000000005 0.02691674884509709
0.75 0.026000000000000002 0.020659305218231096
0.75 0.0264 0.013923415889116126
0.75 0.0268 0.008338050494275244
0.75 0.027200000000000002 0.00446801632307522
0.75 0.027600000000000003 0.002185174488137869
0.75 0.028000000000000004 0.0009798528754201368
0.75 0.0284 0.000407196811131587
0.75 0.0288 0.0001577743545148725
0.75 0.0292 5.740556419702196e-5
0.75 0.0296 1.9881435937689465e-5
0.75 0.030000000000000002 6.56201053101034e-6
0.75 0.030400000000000003 2.0649298459994727e-6
0.75 0.0308 6.260936499727213e-7
0.75 0.031200000000000002 1.829457183052002e-7
0.75 0.0316 5.216617823123231e-8
0.75 0.032 1.4459867084988828e-8
0.75 0.032400000000000005 3.864027310541426e-9
0.75 0.032799999999999996 -7.350629305244866e-7
0.75 0.0332 2.6585399739563466e-10
0.75 0.0336 1.305900759407006e-6
0.75 0.034 1.117356684494748e-6
0.75 0.0344 4.208070463709057e-12
0.75 0.0348 -7.462963496573111e-7
0.75 0.0352 -4.3890826745029533e-7
0.75 0.0356 6.150957126392169e-14
0.75 0.036000000000000004 2.5314918954839373e-7
0.75 0.0364 3.139724129552798e-7
0.75 0.0368 2.563397796865272e-7
0.75 0.037200000000000004 1.6514558348909388e-7
0.76 0.0204 5.441089486944253e-10
0.76 0.020800000000000003 2.967527378555857e-8
0.76 0.021200000000000004 8.808744599332007e-7
0.76 0.021599999999999998 1.5215996618154601e-5
0.76 0.022 0.00016245316868697843
0.76 0.0224 0.0011310493770965659
0.76 0.0228 0.005387766531593367
0.76 0.0232 0.01834062889399362
0.76 0.0236 0.046423857968389715
0.76 0.024 0.09052915567515403
0.76 0.024399999999999998 0.14020306571942223
0.76 0.0248 0.17677342707119229
0.76 0.025200000000000004 0.1851216361925852
0.76 0.025600000000000005 0.1638110210289796
0.76 0.026000000000000002 0.1245227584478311
0.76 0.0264 0.08268997809277154
0.76 0.0268 0.048736879747374465
0.76 0.027200000000000002 0.025845041675380577
0.76 0.027600000000000003 0.012483073064852369
0.76 0.028000000000000004 0.0055754948685109535
0.76 0.0284 0.002304779411478339
0.76 0.0288 0.0008922945961873194
0.76 0.0292 0.00032525014291899995
0.76 0.0296 0.00011176489572516567
0.76 0.030000000000000002 3.6956139834890476e-5
0.76 0.030400000000000003 1.163581166150064e-5
0.76 0.0308 3.53059904396781e-6
0.76 0.031200000000000002 1.029761812496289e-6
0.76 0.0316 2.922791395315462e-7
0.76 0.032 8.033502823145573e-8
0.76 0.032400000000000005 2.1642657920126197e-8
0.76 0.032799999999999996 1.5525091935805387e-7
0.76 0.0332 1.4796689109357272e-9
0.76 0.0336 -1.0119007286128449e-7
0.76 0.034 -8.884664773767418e-8
0.76 0.0344 2.331696693681874e-11
0.76 0.0348 5.7324141589182704e-8
0.76 0.0352 3.4809368310996156e-8
0.76 0.0356 3.3412291158970885e-13
0.76 0.036000000000000004 -2.2616107481214525e-8
0.76 0.0364 -2.825366179416853e-8
0.76 0.0368 -2.3198495520916722e-8
0.76 0.037200000000000004 -1.4998525760382408e-8
0.77 0.0204 3.080688875522106e-9
0.77 0.020800000000000003 1.674536633399415e-7
0.77 0.021200000000000004 4.946015548496596e-6
0.77 0.021599999999999998 8.485894320307156e-5
0.77 0.022 0.000898211746080395
0.77 0.0224 0.006189085162989311
0.77 0.0228 0.029130835070420392
0.77 0.0232 0.09783983532728724
0.77 0.0236 0.24401705876101232
0.77 0.024 0.4683811150175426
0.77 0.024399999999999998 0.7136603270159962
0.77 0.0248 0.8854110678646963
0.77 0.025200000000000004 0.9129794938578836
0.77 0.025600000000000005 0.7961918332920556
0.77 0.026000000000000002 0.5973848446787147
0.77 0.0264 0.39290085707055716
0.77 0.0268 0.23078032167414544
0.77 0.027200000000000002 0.12265940717981975
0.77 0.027600000000000003 0.05923774064464961
0.77 0.028000000000000004 0.026289157708678675
0.77 0.0284 0.010911067150600624
0.77 0.0288 0.0042406998526626416
0.77 0.0292 0.0015498566839418381
0.77 0.0296 0.0005366495138956211
0.77 0.030000000000000002 0.00017711377990708773
0.77 0.030400000000000003 5.626670663392921e-5
0.77 0.0308 1.7231007987989283e-5
0.77 0.031200000000000002 5.0584121568804325e-6
0.77 0.0316 1.4400009767156805e-6
0.77 0.032 3.982715132530909e-7
0.77 0.032400000000000005 1.0807691729244094e-7
0.77 0.032799999999999996 4.226067128318447e-6
0.77 0.0332 7.457337164944738e-9
0.77 0.0336 -7.5776981903528814e-6
0.77 0.034 -6.424945305747085e-6
0.77 0.0344 1.1924141738198681e-10
0.77 0.0348 4.364090924319225e-6
0.77 0.0352 2.5347834673902913e-6
0.77 0.0356 1.7193649033212546e-12
0.77 0.036000000000000004 -1.4130562418046606e-6
0.77 0.0364 -1.742313570023102e-6
0.77 0.0368 -1.4164143736533447e-6
0.77 0.037200000000000004 -9.097175141262695e-7
0.7799999999999999 0.0204 1.4061931706001212e-8
0.7799999999999999 0.020800000000000003 7.618991089058737e-7
0.7799999999999999 0.021200000000000004 2.2397213937242517e-5
0.7799999999999999 0.021599999999999998 0.0003817846687634703
0.7799999999999999 0.022 0.0040080489756297395
0.7799999999999999 0.0224 0.027350260641409784
0.7799999999999999 0.0228 0.1273408022896882
0.7799999999999999 0.0232 0.4227148270155494
0.7799999999999999 0.0236 1.0412673115588773
0.7799999999999999 0.024 1.972357988917771
0.7799999999999999 0.024399999999999998 2.9623410500288614
0.7799999999999999 0.0248 3.619040839853319
0.7799999999999999 0.025200000000000004 3.675532842377962
0.7799999999999999 0.025600000000000005 3.167058629010507
0.7799999999999999 0.026000000000000002 2.362749950392405
0.7799999999999999 0.0264 1.5545084037355823
0.7799999999999999 0.0268 0.9136712237289653
0.7799999999999999 0.027200000000000002 0.48455331328915613
0.7799999999999999 0.027600000000000003 0.23569640133028932
0.7799999999999999 0.028000000000000004 0.10576361751689539
0.7799999999999999 0.0284 0.044219908586855435
0.7799999999999999 0.0288 0.01731985719233041
0.7799999999999999 0.0292 0.0064111813089501035
0.7799999999999999 0.0296 0.0022487527364833584
0.7799999999999999 0.030000000000000002 0.0007511852286865699
0.7799999999999999 0.030400000000000003 0.00024067260209023454
0.7799999999999999 0.0308 7.43512549193833e-5
0.7799999999999999 0.031200000000000002 2.2286056654648878e-5
0.7799999999999999 0.0316 6.433677881703418e-6
0.7799999999999999 0.032 1.8064205793318355e-6
0.7799999999999999 0.032400000000000005 4.942386900550255e-7
0.7799999999999999 0.032799999999999996 -4.569865919870342e-5
0.7799999999999999 0.0332 3.490995074832447e-8
0.7799999999999999 0.0336 8.048382955740937e-5
0.7799999999999999 0.034 6.884758786575556e-5
0.7799999999999999 0.0344 5.811773061085682e-10
0.7799999999999999 0.0348 -4.600003792235348e-5
0.7799999999999999 0.0352 -2.7046560132839113e-5
0.7799999999999999 0.0356 8.448639460192878e-12
0.7799999999999999 0.036000000000000004 1.5593731500957848e-5
0.7799999999999999 0.0364 1.9337202591646568e-5
0.7799999999999999 0.0368 1.5785832084951748e-5
0.7799999999999999 0.037200000000000004 1.0169053248368356e-5
0.7899999999999999 0.0204 5.15700135746057e-8
0.7899999999999999 0.020800000000000003 2.7858508496042333e-6
0.7899999999999999 0.021200000000000004 8.153274147375828e-5
0.7899999999999999 0.021599999999999998 0.0013813963137278213
0.7899999999999999 0.022 0.0143906977085879
0.7899999999999999 0.0224 0.09731029644355609
0.7899999999999999 0.0228 0.4485609247599
0.7899999999999999 0.0232 1.4737407024433868
0.7899999999999999 0.0236 3.5937389743961354
0.7899999999999999 0.024 6.742099525724123
0.7899999999999999 0.024399999999999998 10.033600141629478
0.7899999999999999 0.0248 12.148334210575188
0.7899999999999999 0.025200000000000004 12.232995201600126
0.7899999999999999 0.025600000000000005 10.469893195709307
0.7899999999999999 0.026000000000000002 7.791518990917554
0.7899999999999999 0.0264 5.144131691783424
0.7899999999999999 0.0268 3.048795574268747
0.7899999999999999 0.027200000000000002 1.6343317514945783
0.7899999999999999 0.027600000000000003 0.8061468966370269
0.7899999999999999 0.028000000000000004 0.36699438541493445
0.7899999999999999 0.0284 0.15560493989619203
0.7899999999999999 0.0288 0.06214451420972189
0.7899999999999999 0.0292 0.02337928898809956
0.7899999999999999 0.0296 0.00836484098315093
0.7899999999999999 0.030000000000000002 0.002856288564614821
0.7899999999999999 0.030400000000000003 0.000933414516325051
0.7899999999999999 0.0308 0.0002942057266868519
0.7899999999999999 0.031200000000000002 8.962537370153392e-5
0.7899999999999999 0.0316 2.6547163635322657e-5
0.7899999999999999 0.032 7.59257197259563e-6
0.7899999999999999 0.032400000000000005 2.118914781437198e-6
0.7899999999999999 0.032799999999999996 -0.00020510913949203064
0.7899999999999999 0.0332 1.5395579381598347e-7
0.7899999999999999 0.0336 0.000366451784035461
0.7899999999999999 0.034 0.0003132611573739662
0.7899999999999999 0.0344 2.6247833059831226e-9
0.7899999999999999 0.0348 -0.0002095891470366593
0.7899999999999999 0.0352 -0.00012310847847885116
0.7899999999999999 0.0356 3.950152803639431e-11
0.7899999999999999 0.036000000000000004 7.076577155238962e-5
0.7899999999999999 0.0364 8.772002190553962e-5
0.7899999999999999 0.0368 7.158955097892342e-5
0.7899999999999999 0.037200000000000004 4.6108074868997666e-5
0.7999999999999999 0.0204 1.4662117100704148e-7
0.7999999999999999 0.020800000000000003 7.919453786143402e-6
0.7999999999999999 0.021200000000000004 0.0002317174185567165
0.7999999999999999 0.021599999999999998 0.003924111106710663
0.7999999999999999 0.022 0.040843196302057384
0.7999999999999999 0.0224 0.2757232454011578
0.7999999999999999 0.0228 1.26720785025558
0.7999999999999999 0.0232 4.143451597631745
0.7999999999999999 0.0236 10.035527955877168
0.7999999999999999 0.024 18.677852465722598
0.7999999999999999 0.024399999999999998 27.600525122860404
0.7999999999999999 0.0248 33.306764716426024
0.7999999999999999 0.025200000000000004 33.620778441784566
0.7999999999999999 0.025600000000000005 28.994471387607156
0.7999999999999999 0.026000000000000002 21.78367750237742
0.7999999999999999 0.0264 14.514747000469152
0.7999999999999999 0.0268 8.703712495843144
0.7999999999999999 0.027200000000000002 4.752481621595142
0.7999999999999999 0.027600000000000003 2.391395595409876
0.7999999999999999 0.028000000000000004 1.114791913958569
0.7999999999999999 0.0284 0.48510956819760875
0.7999999999999999 0.0288 0.19795689423554827
0.7999999999999999 0.0292 0.07656857066687289
0.7999999999999999 0.0296 0.02815674562239927
0.7999999999999999 0.030000000000000002 0.00987569707386861
0.7999999999999999 0.030400000000000003 0.003320132464548924
0.7999999999999999 0.0308 0.0010729371121179683
0.7999999999999999 0.031200000000000002 0.0003354155596866019
0.7999999999999999 0.0316 0.00010168320385390563
0.7999999999999999 0.032 2.9830224342010556e-5
0.7999999999999999 0.032400000000000005 8.527414479332793e-6
0.7999999999999999 0.032799999999999996 -0.00019852840880577394
0.7999999999999999 0.0332 6.420555800909642e-7
0.7999999999999999 0.0336 0.00034631967870519154
0.7999999999999999 0.034 0.0002962733902961504
0.7999999999999999 0.0344 1.1549236762939485e-8
0.7999999999999999 0.0348 -0.00019779003181531895
0.7999999999999999 0.0352 -0.00011635686913055836
0.7999999999999999 0.0356 1.8088931826108735e-10
0.7999999999999999 0.036000000000000004 6.721167008365889e-5
0.7999999999999999 0.0364 8.335979237807408e-5
0.7999999999999999 0.0368 6.805841393744157e-5
0.7999999999999999 0.037200000000000004 4.3845853382274735e-5
0.81 0.0204 3.504923193314284e-7
0.81 0.020800000000000003 1.889832916656273e-5
0.81 0.021200000000000004 0.0005515185969818122
0.81 0.021599999999999998 0.009306525027158962
0.81 0.022 0.09642267912783774
0.81 0.0224 0.6474149849921125
0.81 0.0228 2.957930679533346
0.81 0.0232 9.614430496219896
0.81 0.0236 23.16167695654126
0.81 0.024 42.92989829475316
0.81 0.024399999999999998 63.29812286933152
0.81 0.0248 76.4228029949042
0.81 0.025200000000000004 77.4720693948414
0.81 0.025600000000000005 67.44151664759764
0.81 0.026000000000000002 51.472653879515526
0.81 0.0264 35.05778083773785
0.81 0.0268 21.57372712301311
0.81 0.027200000000000002 12.102755640702341
0.81 0.027600000000000003 6.261203599277923
0.81 0.028000000000000004 3.008234838656964
0.81 0.0284 1.3534481248157073
0.81 0.0288 0.5723142096662042
0.81 0.0292 0.2286714274435009
0.81 0.0296 0.08698333745500521
0.81 0.030000000000000002 0.031526077856714275
0.81 0.030400000000000003 0.010957977772714523
0.81 0.0308 0.0036571240925507447
0.81 0.031200000000000002 0.001176743831521141
0.81 0.0316 0.0003667863161963158
0.81 0.032 0.00011109560244742125
0.81 0.032400000000000005 3.268685440659016e-5
0.81 0.032799999999999996 -0.000580050624379411
0.81 0.0332 2.616896588840411e-6
0.81 0.0336 0.0010365458513017954
0.81 0.034 0.0008871999445650523
0.81 0.0344 5.0917047298412656e-8
0.81 0.0348 -0.0005918164214938365
0.81 0.0352 -0.00034837023138382993
0.81 0.0356 8.499747870436802e-10
0.81 0.036000000000000004 0.00020145029616420432
0.81 0.0364 0.00024994587482494855
0.81 0.0368 0.00020412241472870366
0.81 0.037200000000000004 0.0001315305047414646
0.8200000000000001 0.0204 6.79847042839909e-7
0.8200000000000001 0.020800000000000003 3.662873734994735e-5
0.8200000000000001 0.021200000000000004 0.0010677191410150286
0.8200000000000001 0.021599999999999998 0.017988195093491165
0.8200000000000001 0.022 0.1859866396689373
0.8200000000000001 0.0224 1.2457070642375447
0.8200000000000001 0.0228 5.676196086012704
0.8200000000000001 0.0232 18.4028519920505
0.8200000000000001 0.0236 44.253293813980186
0.8200000000000001 0.024 82.01702002781379
0.8200000000000001 0.024399999999999998 121.30177703909759
0.8200000000000001 0.0248 147.60116571513672
0.8200000000000001 0.025200000000000004 151.71535227035812
0.8200000000000001 0.025600000000000005 134.78154109809964
0.8200000000000001 0.026000000000000002 105.57055519284644
0.8200000000000001 0.0264 74.09739262625601
0.8200000000000001 0.0268 47.13774423789943
0.8200000000000001 0.027200000000000002 27.42000795302112
0.8200000000000001 0.027600000000000003 14.740576574318995
0.8200000000000001 0.028000000000000004 7.374850790169123
0.8200000000000001 0.0284 3.44969402913185
0.8200000000000001 0.0288 1.5189175134651491
0.8200000000000001 0.0292 0.6319021236603002
0.8200000000000001 0.0296 0.24980304387903535
0.8200000000000001 0.030000000000000002 0.09419535239550084
0.8200000000000001 0.030400000000000003 0.03402217591501191
0.8200000000000001 0.0308 0.011818497250872874
0.8200000000000001 0.031200000000000002 0.003953019942939278
0.8200000000000001 0.0316 0.0012796810445381422
0.8200000000000001 0.032 0.0004021233584132935
0.8200000000000001 0.032400000000000005 0.0001228301963822078
0.8200000000000001 0.032799999999999996 -0.000814911085203743
0.8200000000000001 0.0332 1.0556695657677705e-5
0.8200000000000001 0.0336 0.0015521027145718178
0.8200000000000001 0.034 0.0013242292507632117
0.8200000000000001 0.0344 2.241688065533302e-7
0.8200000000000001 0.0348 -0.0008868358128566662
0.8200000000000001 0.0352 -0.0005203162922689766
0.8200000000000001 0.0356 4.0656120320095515e-9
0.8200000000000001 0.036000000000000004 0.00029799287281425605
0.8200000000000001 0.0364 0.000369224001342291
0.8200000000000001 0.0368 0.00030123152488401196
0.8200000000000001 0.037200000000000004 0.00019396827144183994
0.8300000000000001 0.0204 1.0835319304468902e-6
0.8300000000000001 0.020800000000000003 5.835282896829556e-5
0.8300000000000001 0.021200000000000004 0.0016998692829598597
0.8300000000000001 0.021599999999999998 0.028613359497815658
0.8300000000000001 0.022 0.2955381530954575
0.8300000000000001 0.0224 1.9774204858538564
0.8300000000000001 0.0228 9.00415475585689
0.8300000000000001 0.0232 29.200360803288742
0.8300000000000001 0.0236 70.3717327510026
0.8300000000000001 0.024 131.1378039459423
0.8300000000000001 0.024399999999999998 195.97228923764584
0.8300000000000001 0.0248 242.50672453633416
0.8300000000000001 0.025200000000000004 255.36552846166686
0.8300000000000001 0.025600000000000005 234.07765846476806
0.8300000000000001 0.026000000000000002 190.28244639229814
0.8300000000000001 0.0264 139.18178261863227
0.8300000000000001 0.0268 92.54023383588188
0.8300000000000001 0.027200000000000002 56.357343957954384
0.8300000000000001 0.027600000000000003 31.704063645336632
0.8300000000000001 0.028000000000000004 16.622863999917946
0.8300000000000001 0.0284 8.15666937583596
0.8300000000000001 0.0288 3.7617808083689206
0.8300000000000001 0.0292 1.6370388311310324
0.8300000000000001 0.0296 0.6771410412924177
0.8300000000000001 0.030000000000000002 0.26742325343302586
0.8300000000000001 0.030400000000000003 0.10099687989280137
0.8300000000000001 0.0308 0.03668500886782639
0.8300000000000001 0.031200000000000002 0.012870505596983396
0.8300000000000001 0.0316 0.004361064046184963
0.8300000000000001 0.032 0.0014245028898969884
0.8300000000000001 0.032400000000000005 0.0004532637070694647
0.8300000000000001 0.032799999999999996 -0.0003904557260849759
0.8300000000000001 0.0332 4.170585315570219e-5
0.8300000000000001 0.0336 0.0010793843940674632
0.8300000000000001 0.034 0.0009183274569369786
0.8300000000000001 0.0344 9.6089078825208e-7
0.8300000000000001 0.0348 -0.0006080234955880109
0.8300000000000001 0.0352 -0.0003586959633129124
0.8300000000000001 0.0356 1.882508468167131e-8
0.8300000000000001 0.036000000000000004 0.0002078044927970145
0.8300000000000001 0.0364 0.00025818134843451346
0.8300000000000001 0.0368 0.00021104868097029426
0.8300000000000001 0.037200000000000004 0.00013609232834932604
0.8400000000000001 0.0204 1.4196824829081012e-6
0.8400000000000001 0.020800000000000003 7.646344657365104e-5
0.8400000000000001 0.021200000000000004 0.0022278269346319235
0.8400000000000001 0.021599999999999998 0.03751176464360405
0.8400000000000001 0.022 0.387669496409791
0.8400000000000001 0.0224 2.5967590464284225
0.8400000000000001 0.0228 11.850040501174918
0.8400000000000001 0.0232 38.58853677891898
0.8400000000000001 0.0236 93.6944986285663
0.8400000000000001 0.024 176.82685322083864
0.8400000000000001 0.024399999999999998 269.54789624891185
0.8400000000000001 0.0248 343.161877964921
0.8400000000000001 0.025200000000000004 374.95440151667174
0.8400000000000001 0.025600000000000005 359.1065853641629
0.8400000000000001 0.026000000000000002 306.3734291686036
0.8400000000000001 0.0264 235.79751691670296
0.8400000000000001 0.0268 165.29987760975484
0.8400000000000001 0.027200000000000002 106.32863223576372
0.8400000000000001 0.027600000000000003 63.17566774313121
0.8400000000000001 0.028000000000000004 34.850497896592564
0.8400000000000001 0.0284 18.010431339414936
0.8400000000000001 0.0288 8.756577710537496
0.8400000000000001 0.0292 4.017579377826912
0.8400000000000001 0.0296 1.7469382289651048
0.8400000000000001 0.030000000000000002 0.7272082819302862
0.8400000000000001 0.030400000000000003 0.28899312412274764
0.8400000000000001 0.0308 0.11011447075113494
0.8400000000000001 0.031200000000000002 0.04039920830411008
0.8400000000000001 0.0316 0.014216432522208108
0.8400000000000001 0.032 0.004846357041532439
0.8400000000000001 0.032400000000000005 0.0015885596769317986
0.8400000000000001 0.032799999999999996 -0.0002681430725064738
0.8400000000000001 0.0332 0.00015569140820569097
0.8400000000000001 0.0336 0.0014145116432551523
0.8400000000000001 0.034 0.001188954639426587
0.8400000000000001 0.0344 3.914695837185497e-6
0.8400000000000001 0.0348 -0.0007682963690461643
0.8400000000000001 0.0352 -0.00045772439380489365
0.8400000000000001 0.0356 8.473186783807056e-8
0.8400000000000001 0.036000000000000004 0.0002730033169863563
0.8400000000000001 0.0364 0.00034015826427741887
0.8400000000000001 0.0368 0.0002786404992534615
0.8400000000000001 0.037200000000000004 0.00017993676491539863
0.8500000000000001 0.0204 1.5381570315017783e-6
0.8500000000000001 0.020800000000000003 8.288039218499168e-5
0.8500000000000001 0.021200000000000004 0.002416484113663898
0.8500000000000001 0.021599999999999998 0.04073387259378414
0.8500000000000001 0.022 0.4217327774258482
0.8500000000000001 0.0224 2.833509487587581
0.8500000000000001 0.0228 12.997693585323377
0.8500000000000001 0.0232 42.701736534189635
0.8500000000000001 0.0236 105.20257405753289
0.8500000000000001 0.024 203.07826807894872
0.8500000000000001 0.024399999999999998 319.7337369107274
0.8500000000000001 0.0248 424.6890848029302
0.8500000000000001 0.025200000000000004 488.3840207147123
0.8500000000000001 0.025600000000000005 495.3281128661866
0.8500000000000001 0.026000000000000002 448.9130876824239
0.8500000000000001 0.0264 367.12383520216764
0.8500000000000001 0.0268 273.07092188628127
0.8500000000000001 0.027200000000000002 186.12760858111437
0.8500000000000001 0.027600000000000003 117.18362307660325
0.8500000000000001 0.028000000000000004 68.55925923656544
0.8500000000000001 0.0284 37.449410958540774
0.8500000000000001 0.0288 19.208798840823345
0.8500000000000001 0.0292 9.31853876658217
0.8500000000000001 0.0296 4.293659720342202
0.8500000000000001 0.030000000000000002 1.876959699253093
0.8500000000000001 0.030400000000000003 0.7857350592863038
0.8500000000000001 0.0308 0.3136450799117213
0.8500000000000001 0.031200000000000002 0.11972710175876305
0.8500000000000001 0.0316 0.04384150503581832
0.8500000000000001 0.032 0.015395651167419923
0.8500000000000001 0.032400000000000005 0.005239807162478434
0.8500000000000001 0.032799999999999996 -0.0007416712761216882
0.8500000000000001 0.0332 0.0005473062233254072
0.8500000000000001 0.0336 0.004056443579260624
0.8500000000000001 0.034 0.003373269119264114
0.8500000000000001 0.0344 1.5306872699054053e-5
0.8500000000000001 0.0348 -0.0022530745334017398
0.8500000000000001 0.0352 -0.0013142740589142134
0.8500000000000001 0.0356 3.712125313614737e-7
0.8500000000000001 0.036000000000000004 0.0007423797708654097
0.8500000000000001 0.0364 0.0009166637671487926
0.8500000000000001 0.0368 0.0007460933072967545
0.8500000000000001 0.037200000000000004 0.00047959331755739753
0.8600000000000001 0.0204 1.3712241406755683e-6
0.8600000000000001 0.020800000000000003 7.397799765937159e-5
0.8600000000000001 0.021200000000000004 0.002161143185798343
0.8600000000000001 0.021599999999999998 0.03653697491985592
0.8600000000000001 0.022 0.37993970355590956
0.8600000000000001 0.0224 2.569607210204955
0.8600000000000001 0.0228 11.907764515322341
0.8600000000000001 0.0232 39.7485234904419
0.8600000000000001 0.0236 100.35171033262105
0.8600000000000001 0.024 200.75417479292767
0.8600000000000001 0.024399999999999998 331.6363485690854
0.8600000000000001 0.0248 467.20458806113527
0.8600000000000001 0.025200000000000004 573.8423443564403
0.8600000000000001 0.025600000000000005 623.3798578745692
0.8600000000000001 0.026000000000000002 605.1756304400526
0.8600000000000001 0.0264 529.5851543718913
0.8600000000000001 0.0268 420.8764531301477
0.8600000000000001 0.027200000000000002 305.7603527103304
0.8600000000000001 0.027600000000000003 204.42820145433978
0.8600000000000001 0.028000000000000004 126.68244202511511
0.8600000000000001 0.0284 73.33561710496684
0.8600000000000001 0.0288 39.909927414590705
0.8600000000000001 0.0292 20.480464921500232
0.8600000000000001 0.0296 9.942771445465171
0.8600000000000001 0.030000000000000002 4.567932923159127
0.8600000000000001 0.030400000000000003 2.0012729276632046
0.8600000000000001 0.0308 0.8317299720723479
0.8600000000000001 0.031200000000000002 0.32990385980780546
0.8600000000000001 0.0316 0.12496854527298978
0.8600000000000001 0.032 0.04561373394844972
0.8600000000000001 0.032400000000000005 0.016032923531970014
0.8600000000000001 0.032799999999999996 0.0054075560702376586
0.8600000000000001 0.0332 0.0018060731494307573
0.8600000000000001 0.0336 -3.82724975056874e-5
0.8600000000000001 0.034 -0.0003509420881973673
0.8600000000000001 0.0344 5.7514557439410195e-5
0.8600000000000001 0.0348 0.0002952967116993006
0.8600000000000001 0.0352 0.000192828747520512
0.8600000000000001 0.0356 1.554006639925527e-6
0.8600000000000001 0.036000000000000004 -0.00013995397095606255
0.8600000000000001 0.0364 -0.00018211999044083927
0.8600000000000001 0.0368 -0.0001534198769281894
0.8600000000000001 0.037200000000000004 -0.00010100828521754551
0.8699999999999999 0.0204 1.0241674156220887e-6
0.8699999999999999 0.020800000000000003 5.530924679318274e-5
0.8699999999999999 0.021200000000000004 0.0016184162689012517
0.8699999999999999 0.021599999999999998 0.027435218439484335
0.8699999999999999 0.022 0.28659103248379175
0.8699999999999999 0.0224 1.953627144757306
0.8699999999999999 0.0228 9.179124235931203
0.8699999999999999 0.0232 31.366453900661885
0.8699999999999999 0.0236 82.18035326871278
0.8699999999999999 0.024 173.34947939641626
0.8699999999999999 0.024399999999999998 306.28089015439275
0.8699999999999999 0.0248 465.54810292879347
0.8699999999999999 0.025200000000000004 618.4945161269294
0.8699999999999999 0.025600000000000005 725.5819360628832
0.8699999999999999 0.026000000000000002 758.2438614833969
0.8699999999999999 0.0264 711.7978885367856
0.8699999999999999 0.0268 605.023525948008
0.8699999999999999 0.027200000000000002 469.1714571597475
0.8699999999999999 0.027600000000000003 334.4459535370811
0.8699999999999999 0.028000000000000004 220.69565129071555
0.8699999999999999 0.0284 135.63386605764595
0.8699999999999999 0.0288 78.08462120553546
0.8699999999999999 0.0292 42.314950071739986
0.8699999999999999 0.0296 21.62219003865378
0.8699999999999999 0.030000000000000002 10.409627220063518
0.8699999999999999 0.030400000000000003 4.7456370721961
0.8699999999999999 0.0308 2.052924464101055
0.8699999999999999 0.031200000000000002 0.8444488718938593
0.8699999999999999 0.0316 0.3327332429934015
0.8699999999999999 0.032 0.12616777917532307
0.8699999999999999 0.032400000000000005 0.046239618950240285
0.8699999999999999 0.032799999999999996 0.01428505287545053
0.8699999999999999 0.0332 0.00569596460493476
0.8699999999999999 0.0336 0.004632109074119992
0.8699999999999999 0.034 0.0029267270658251956
0.8699999999999999 0.0344 0.00020466663167057234
0.8699999999999999 0.0348 -0.0015433200638374192
0.8699999999999999 0.0352 -0.0008993655607553705
0.8699999999999999 0.0356 6.211865209463463e-6
0.8699999999999999 0.036000000000000004 0.0004970497821547759
0.8699999999999999 0.0364 0.0006063584953341385
0.8699999999999999 0.0368 0.0004899834974762114
0.8699999999999999 0.037200000000000004 0.0003133638990303926
0.8799999999999999 0.0204 6.325295878591287e-7
0.8799999999999999 0.020800000000000003 3.4200326282823525e-5
0.8799999999999999 0.021200000000000004 0.0010028328246978202
0.8799999999999999 0.021599999999999998 0.01706301502157737
0.8799999999999999 0.022 0.17946245445794817
0.8799999999999999 0.0224 1.2390439787922487
0.8799999999999999 0.0228 5.9577347667543625
0.8799999999999999 0.0232 21.165048985865226
0.8799999999999999 0.0236 58.77662863227355
0.8799999999999999 0.024 133.74109203356866
0.8799999999999999 0.024399999999999998 257.4337015956406
0.8799999999999999 0.0248 426.8561300539155
0.8799999999999999 0.025200000000000004 616.6561463577219
0.8799999999999999 0.025600000000000005 783.7694951679205
0.8799999999999999 0.026000000000000002 884.3763875584052
0.8799999999999999 0.0264 892.9056892323476
0.8799999999999999 0.0268 812.897458953947
0.8799999999999999 0.027200000000000002 673.2958804645461
0.8799999999999999 0.027600000000000003 512.1864330838553
0.8799999999999999 0.028000000000000004 359.856654472778
0.8799999999999999 0.0284 235.05250094642903
0.8799999999999999 0.0288 143.27273067683672
0.8799999999999999 0.0292 81.62223352848268
0.8799999999999999 0.0296 43.68544265151547
0.8799999999999999 0.030000000000000002 22.02949337288757
0.8799999999999999 0.030400000000000003 10.477910376030497
0.8799999999999999 0.0308 4.726236044556299
0.8799999999999999 0.031200000000000002 2.031883565579597
0.8799999999999999 0.0316 0.8369223609223844
0.8799999999999999 0.032 0.3311920097397072
0.8799999999999999 0.032400000000000005 0.1268747650051417
0.8799999999999999 0.032799999999999996 0.04143018343429684
0.8799999999999999 0.0332 0.01700523171894098
0.8799999999999999 0.0336 0.017772621479692684
0.8799999999999999 0.034 0.012111185186123575
0.8799999999999999 0.0344 0.0006874660278418948
0.8799999999999999 0.0348 -0.006477836614545485
0.8799999999999999 0.0352 -0.003868224388546244
0.8799999999999999 0.0356 2.271017504852517e-5
0.8799999999999999 0.036000000000000004 0.0022678157816293557
0.8799999999999999 0.0364 0.002806875790607328
0.8799999999999999 0.0368 0.002290821921557704
0.8799999999999999 0.037200000000000004 0.0014758112873643776
0.8899999999999999 0.0204 2.9790619290915355e-7
0.8899999999999999 0.020800000000000003 1.6253101920199675e-5
0.8899999999999999 0.021200000000000004 0.00048313747621562956
0.8899999999999999 0.021599999999999998 0.00838339100194095
0.8899999999999999 0.022 0.09059974251849903
0.8899999999999999 0.0224 0.6490316774462113
0.8899999999999999 0.0228 3.2799775278308494
0.8899999999999999 0.0232 12.44444848615083
0.8899999999999999 0.0236 37.529080438136226
0.8899999999999999 0.024 93.88026829909606
0.8899999999999999 0.024399999999999998 199.48353044223896
0.8899999999999999 0.0248 363.891822425623
0.8899999999999999 0.025200000000000004 574.0668476738994
0.8899999999999999 0.025600000000000005 790.4885937972376
0.8899999999999999 0.026000000000000002 960.6355677657948
0.8899999999999999 0.0264 1041.6004841223207
0.8899999999999999 0.0268 1017.5402074364255
0.8899999999999999 0.027200000000000002 903.2015688297371
0.8899999999999999 0.027600000000000003 733.929665283156
0.8899999999999999 0.028000000000000004 549.4011887778154
0.8899999999999999 0.0284 380.68071379645534
0.8899999999999999 0.0288 244.88515282032543
0.8899999999999999 0.0292 146.87766088275004
0.8899999999999999 0.0296 82.31909670987434
0.8899999999999999 0.030000000000000002 43.39013956743579
0.8899999999999999 0.030400000000000003 21.60761437288845
0.8899999999999999 0.0308 10.214753125240545
0.8899999999999999 0.031200000000000002 4.603771718780757
0.8899999999999999 0.0316 1.9894689212478116
0.8899999999999999 0.032 0.8276824658213009
0.8899999999999999 0.032400000000000005 0.33076288588834774
0.8899999999999999 0.032799999999999996 0.12740070897754285
0.8899999999999999 0.0332 0.04820823607392904
0.8899999999999999 0.0336 0.017425707477709995
0.8899999999999999 0.034 0.006110860623433762
0.8899999999999999 0.0344 0.0021618455345529045
0.8899999999999999 0.0348 0.000943201951704329
0.8899999999999999 0.0352 0.00032626756626559224
0.8899999999999999 0.0356 7.558901991499809e-5
0.8899999999999999 0.036000000000000004 4.058614016080156e-5
0.8899999999999999 0.0364 3.745799391645759e-5
0.8899999999999999 0.0368 3.221583644134381e-5
0.8899999999999999 0.037200000000000004 2.2385449656331948e-5
0.8999999999999999 0.0204 1.1982361414393075e-7
0.8999999999999999 0.020800000000000003 6.588142602597514e-6
0.8999999999999999 0.021200000000000004 0.00019822036525282176
0.8999999999999999 0.021599999999999998 0.0035033205230545605
0.8999999999999999 0.022 0.038933346398515485
0.8999999999999999 0.0224 0.2910761312432661
0.8999999999999999 0.0228 1.5678619944852525
0.8999999999999999 0.0232 6.496960865248477
0.8999999999999999 0.0236 21.81257824294859
0.8999999999999999 0.024 61.09612187996958
0.8999999999999999 0.024399999999999998 144.40545377271312
0.8999999999999999 0.0248 289.821496221391
0.8999999999999999 0.025200000000000004 498.42505408130705
0.8999999999999999 0.025600000000000005 743.4649424104125
0.8999999999999999 0.026000000000000002 974.2818498517317
0.8999999999999999 0.0264 1135.360082485828
0.8999999999999999 0.0268 1189.601118489373
0.8999999999999999 0.027200000000000002 1131.2900302330213
0.8999999999999999 0.027600000000000003 983.2228883933954
0.8999999999999999 0.028000000000000004 784.586855495288
0.8999999999999999 0.0284 576.2753726892391
0.8999999999999999 0.0288 390.6175300289622
0.8999999999999999 0.0292 246.36621100923514
0.8999999999999999 0.0296 145.1464624969742
0.8999999999999999 0.030000000000000002 80.28233855290851
0.8999999999999999 0.030400000000000003 41.96990267290933
0.8999999999999999 0.0308 20.81685794805787
0.8999999999999999 0.031200000000000002 9.861874116878354
0.8999999999999999 0.0316 4.463729376765249
0.8999999999999999 0.032 1.9420032272861667
0.8999999999999999 0.032400000000000005 0.8122012803757905
0.8999999999999999 0.032799999999999996 0.3123215805232704
0.8999999999999999 0.0332 0.12819568993055208
0.8999999999999999 0.0336 0.069077271047051
0.8999999999999999 0.034 0.03550202978068183
0.8999999999999999 0.0344 0.006218220872712291
0.8999999999999999 0.0348 -0.0096168583851101
0.8999999999999999 0.0352 -0.0062868084455374425
0.8999999999999999 0.0356 0.00022960282147015744
0.8999999999999999 0.036000000000000004 0.004295894551072944
0.8999999999999999 0.0364 0.005271881591081633
0.8999999999999999 0.0368 0.004299517382711756
0.8999999999999999 0.037200000000000004 0.002770496053566626
0.9099999999999999 0.0204 2.368395146242919e-8
0.9099999999999999 0.020800000000000003 1.4047004600215939e-6
0.9099999999999999 0.021200000000000004 4.679429018883462e-5
0.9099999999999999 0.021599999999999998 0.0009361493899187337
0.9099999999999999 0.022 0.011955468480851697
0.9099999999999999 0.0224 0.10348736182690033
0.9099999999999999 0.0228 0.6457681313921648
0.9099999999999999 0.0232 3.0824137030837773
0.9099999999999999 0.0236 11.789806866786043
0.9099999999999999 0.024 37.11121200891078
0.9099999999999999 0.024399999999999998 97.33421334490525
0.9099999999999999 0.0248 214.6430664512921
0.9099999999999999 0.025200000000000004 402.62268296771896
0.9099999999999999 0.025600000000000005 651.4342549775745
0.9099999999999999 0.026000000000000002 922.3798829556566
0.9099999999999999 0.0264 1158.2591771643233
0.9099999999999999 0.0268 1304.4034923706079
0.9099999999999999 0.027200000000000002 1328.6404039215488
0.9099999999999999 0.027600000000000003 1231.4551386659402
0.9099999999999999 0.028000000000000004 1042.8203127126037
0.9099999999999999 0.0284 810.5985639519462
0.9099999999999999 0.0288 580.9945560131916
0.9099999999999999 0.0292 386.28376157903915
0.9099999999999999 0.0296 239.74515425917892
0.9099999999999999 0.030000000000000002 139.66173406773243
0.9099999999999999 0.030400000000000003 76.86165667431455
0.9099999999999999 0.0308 40.06982918710882
0.9099999999999999 0.031200000000000002 19.88817467248329
0.9099999999999999 0.0316 9.431103280793572
0.9099999999999999 0.032 4.286746380253822
0.9099999999999999 0.032400000000000005 1.8718757812885904
0.9099999999999999 0.032799999999999996 0.7808440828378722
0.9099999999999999 0.0332 0.31488520738247383
0.9099999999999999 0.0336 0.12174284620304278
0.9099999999999999 0.034 0.045697995332952844
0.9099999999999999 0.0344 0.01656090023062812
0.9099999999999999 0.0348 0.005233357155641108
0.9099999999999999 0.0352 0.0017600522529928777
0.9099999999999999 0.0356 0.0006450387244693633
0.9099999999999999 0.036000000000000004 0.00016279815208024176
0.9099999999999999 0.0364 -2.5010214816864457e-5
0.9099999999999999 0.0368 -7.255594005183868e-5
0.9099999999999999 0.037200000000000004 -6.23297036988925e-5
0.9199999999999999 0.0204 4.1099687635680855e-10
0.9199999999999999 0.020800000000000003 8.992332060063738e-8
0.9199999999999999 0.021200000000000004 5.697841729391676e-6
0.9199999999999999 0.021599999999999998 0.0001736610917513043
0.9199999999999999 0.022 0.00299383758187539
0.9199999999999999 0.0224 0.032516379066524395
0.9199999999999999 0.0228 0.24365374493285602
0.9199999999999999 0.0232 1.3592328822751314
0.9199999999999999 0.0236 5.952658034857545
0.9199999999999999 0.024 21.05703981750217
0.9199999999999999 0.024399999999999998 61.085192917410275
0.9199999999999999 0.0248 147.33801032070372
0.9199999999999999 0.025200000000000004 300.39639819605776
0.9199999999999999 0.025600000000000005 526.9376092501076
0.9199999999999999 0.026000000000000002 808.4020390465042
0.9199999999999999 0.0264 1098.7256482265104
0.9199999999999999 0.0268 1334.7259757094878
0.9199999999999999 0.027200000000000002 1458.0562421689733
0.9199999999999999 0.027600000000000003 1440.067983490846
0.9199999999999999 0.028000000000000004 1292.9651703824684
0.9199999999999999 0.0284 1064.3865879609248
0.9199999999999999 0.0288 806.9131768261198
0.9199999999999999 0.0292 567.6272663317669
0.9199999999999999 0.0296 372.2415094452336
0.9199999999999999 0.030000000000000002 228.91737740938447
0.9199999999999999 0.030400000000000003 132.54690711055372
0.9199999999999999 0.0308 72.58705656732374
0.9199999999999999 0.031200000000000002 37.7888617541805
0.9199999999999999 0.0316 18.724396391324635
0.9199999999999999 0.032 8.853319115312463
0.9199999999999999 0.032400000000000005 4.010384388037735
0.9199999999999999 0.032799999999999996 1.7225281756001245
0.9199999999999999 0.0332 0.724300191618166
0.9199999999999999 0.0336 0.31746898736489493
0.9199999999999999 0.034 0.13566819879051303
0.9199999999999999 0.0344 0.041307574041118164
0.9199999999999999 0.0348 -0.0008091821392457019
0.9199999999999999 0.0352 -0.004291541610120179
0.9199999999999999 0.0356 0.0017083806819840485
0.9199999999999999 0.036000000000000004 0.006344250221061219
0.9199999999999999 0.0364 0.0074125072963440964
0.9199999999999999 0.0368 0.00599541992636791
0.9199999999999999 0.037200000000000004 0.0038588772480142833
0.9299999999999999 0.0204 -8.997360303054039e-9
0.9299999999999999 0.020800000000000003 -4.3166715508435877e-7
0.9299999999999999 0.021200000000000004 -1.0221751573361657e-5
0.9299999999999999 0.021599999999999998 -0.00011489935905528598
0.9299999999999999 0.022 -0.00036112453788194547
0.9299999999999999 0.0224 0.005415742701036994
0.9299999999999999 0.0228 0.07938205269732747
0.9299999999999999 0.0232 0.5679221904642625
0.9299999999999999 0.0236 2.8477995291043063
0.9299999999999999 0.024 11.128316711165747
0.9299999999999999 0.024399999999999998 35.30832205233846
0.9299999999999999 0.0248 92.91483927079267
0.9299999999999999 0.025200000000000004 206.51354306217894
0.9299999999999999 0.025600000000000005 394.75315292610713
0.9299999999999999 0.026000000000000002 659.3250815660894
0.9299999999999999 0.0264 972.5521803853292
0.9299999999999999 0.0268 1274.6306133852102
0.9299999999999999 0.027200000000000002 1491.4976191918481
0.9299999999999999 0.027600000000000003 1569.037872819393
0.9299999999999999 0.028000000000000004 1497.3246734236016
0.9299999999999999 0.0284 1307.6533733755002
0.9299999999999999 0.0288 1052.717421628198
0.9299999999999999 0.0292 785.6391864976927
0.9299999999999999 0.0296 545.0394670126726
0.9299999999999999 0.030000000000000002 353.27988000627255
0.9299999999999999 0.030400000000000003 215.18036423097118
0.9299999999999999 0.0308 123.78987833732708
0.9299999999999999 0.031200000000000002 67.40022012848188
0.9299999999999999 0.0316 34.86908351435406
0.9299999999999999 0.032 17.164118144975806
0.9299999999999999 0.032400000000000005 8.04286980484361
0.9299999999999999 0.032799999999999996 3.5980715601114506
0.9299999999999999 0.0332 1.5504841347755836
0.9299999999999999 0.0336 0.6463025179445078
0.9299999999999999 0.034 0.25802322025319335
0.9299999999999999 0.0344 0.09596061612219742
0.9299999999999999 0.0348 0.03222167727153223
0.9299999999999999 0.0352 0.010733019450146817
0.9299999999999999 0.0356 0.004372214683273808
0.9299999999999999 0.036000000000000004 0.0026601475739589106
0.9299999999999999 0.0364 0.0019401440383021696
0.9299999999999999 0.0368 0.0013330535957600323
0.9299999999999999 0.037200000000000004 0.0008012742942926122
0.94 0.0204 5.296351596233233e-9
0.94 0.020800000000000003 2.678629196620345e-7
0.94 0.021200000000000004 7.078644160629341e-6
0.94 0.021599999999999998 0.0001040602909585721
0.94 0.022 0.0009266728277205885
0.94 0.0224 0.0059230874169029
0.94 0.0228 0.035717318740834295
0.94 0.0232 0.2233973110832117
0.94 0.0236 1.2296417756214002
0.94 0.024 5.381126541953182
0.94 0.024399999999999998 18.77617596606841
0.94 0.0248 53.946052522591906
0.94 0.025200000000000004 131.20300012160004
0.94 0.025600000000000005 275.010970920093
0.94 0.026000000000000002 502.3237114942875
0.94 0.0264 804.5798041923672
0.94 0.0268 1135.3440685981955
0.94 0.027200000000000002 1421.195649912429
0.94 0.027600000000000003 1594.8804732078324
0.94 0.028000000000000004 1624.6452528041402
0.94 0.0284 1511.408519384336
0.94 0.0288 1293.9629085520214
0.94 0.0292 1024.1479981039058
0.94 0.0296 751.354680520572
0.94 0.030000000000000002 513.1299673094685
0.94 0.030400000000000003 328.74186174205795
0.94 0.0308 198.35867472248069
0.94 0.031200000000000002 113.08351285116736
0.94 0.0316 61.022989013442526
0.94 0.032 31.198598247099756
0.94 0.032400000000000005 15.161535059889287
0.94 0.032799999999999996 7.028477770444988
0.94 0.0332 3.1132644443167448
0.94 0.0336 1.3010350589870558
0.94 0.034 0.5210578303223483
0.94 0.0344 0.21290944433447373
0.94 0.0348 0.09287767677204545
0.94 0.0352 0.03734048005826026
0.94 0.0356 0.010634588642206498
0.94 0.036000000000000004 -0.0014771916038891241
0.94 0.0364 -0.005354730349768413
0.94 0.0368 -0.005093364898839069
0.94 0.037200000000000004 -0.003467695106427461
0.95 0.0204 2.5449588162476365e-8
0.95 0.020800000000000003 1.2693939525339996e-6
0.95 0.021200000000000004 3.2617759320347446e-5
0.95 0.021599999999999998 0.00045029692562720036
0.95 0.022 0.0034221357911467304
0.95 0.0224 0.014359905941475725
0.95 0.0228 0.03429581381633135
0.95 0.0232 0.08072205726134522
0.95 0.0236 0.4434350803963284
0.95 0.024 2.3756965950663034
0.95 0.024399999999999998 9.252440313351
0.95 0.0248 28.880890309053907
0.95 0.025200000000000004 77.17486639477195
0.95 0.025600000000000005 178.7621872987947
0.95 0.026000000000000002 357.86372116073716
0.95 0.0264 620.3782194814197
0.95 0.0268 939.7947706882222
0.95 0.027200000000000002 1260.1688998904438
0.95 0.027600000000000003 1515.446264819738
0.95 0.028000000000000004 1652.7350306366843
0.95 0.0284 1644.3492296069455
0.95 0.0288 1497.332582086041
0.95 0.0292 1256.0963027745188
0.95 0.0296 972.8290754058188
0.95 0.030000000000000002 700.9129861915668
0.95 0.030400000000000003 472.5426186612338
0.95 0.0308 299.083837786831
0.95 0.031200000000000002 178.29531537981754
0.95 0.0316 100.34852277006149
0.95 0.032 53.40794371719555
0.95 0.032400000000000005 26.98150141249518
0.95 0.032799999999999996 12.927369851604762
0.95 0.0332 5.958374127607541
0.95 0.0336 2.6768648702382873
0.95 0.034 1.1565597128210767
0.95 0.0344 0.45229355211357586
0.95 0.0348 0.14673929514481113
0.95 0.0352 0.04911075255372562
0.95 0.0356 0.024616629400687068
0.95 0.036000000000000004 0.01927761517166336
0.95 0.0364 0.016074289195792527
0.95 0.0368 0.011670823987775714
0.95 0.037200000000000004 0.007194987852522758
0.96 0.0204 2.76537740780649e-8
0.96 0.020800000000000003 1.3779145843193942e-6
0.96 0.021200000000000004 3.533527934460803e-5
0.96 0.021599999999999998 0.00048571378484572197
0.96 0.022 0.0036502466853330193
0.96 0.0224 0.014735815164609442
0.96 0.0228 0.029044546829194474
0.96 0.0232 0.02662839539447354
0.96 0.0236 0.1255164067379419
0.96 0.024 0.9578030043690641
0.96 0.024399999999999998 4.206356571754086
0.96 0.0248 14.321807676531009
0.96 0.025200000000000004 42.420734105725145
0.96 0.025600000000000005 108.6591720492847
0.96 0.026000000000000002 237.06399606529413
0.96 0.0264 443.3554528308183
0.96 0.0268 722.9116675468395
0.96 0.027200000000000002 1044.6393412470616
0.96 0.027600000000000003 1353.4305458365723
0.96 0.028000000000000004 1584.637698037055
0.96 0.0284 1682.959310159544
0.96 0.0288 1628.9289372115622
0.96 0.0292 1447.6678402418008
0.96 0.0296 1186.079669404699
0.96 0.030000000000000002 901.6180556173964
0.96 0.030400000000000003 639.8158369938084
0.96 0.0308 425.03215519614054
0.96 0.031200000000000002 265.0549487166562
0.96 0.0316 155.65987991858987
0.96 0.032 86.4012717655948
0.96 0.032400000000000005 45.45867627996775
0.96 0.032799999999999996 22.70143382841218
0.96 0.0332 10.868417767482756
0.96 0.0336 5.029311849794792
0.96 0.034 2.227456582387112
0.96 0.0344 0.9147932624813897
0.96 0.0348 0.33555160450510246
0.96 0.0352 0.1236950179811286
0.96 0.0356 0.05349848734339021
0.96 0.036000000000000004 0.0305501573374672
0.96 0.0364 0.020550634139734805
0.96 0.0368 0.013481768221703466
0.96 0.037200000000000004 0.007929171315390058
0.97 0.0204 2.5537884739378715e-8
0.97 0.020800000000000003 1.272239646717851e-6
0.97 0.021200000000000004 3.261294309710382e-5
0.97 0.021599999999999998 0.00044790773340298856
0.97 0.022 0.003357914517625779
0.97 0.0224 0.01342431585655255
0.97 0.0228 0.024839514387295498
0.97 0.0232 0.007977289653963965
0.97 0.0236 0.008898680417719976
0.97 0.024 0.35298842198457875
0.97 0.024399999999999998 1.8035414344424219
0.97 0.0248 6.620475986956499
0.97 0.025200000000000004 21.748935554389952
0.97 0.025600000000000005 61.53984266341785
0.97 0.026000000000000002 145.7955127709185
0.97 0.0264 294.0683768939972
0.97 0.0268 518.5223742234971
0.97 0.027200000000000002 812.8649255450637
0.97 0.027600000000000003 1140.0408850762526
0.97 0.028000000000000004 1433.3352785639381
0.97 0.0284 1623.637098551029
0.97 0.0288 1668.2761106482467
0.97 0.0292 1568.681462270481
0.97 0.0296 1360.176587219138
0.97 0.030000000000000002 1093.301087250486
0.97 0.030400000000000003 817.5065593560931
0.97 0.0308 570.0539239533723
0.97 0.031200000000000002 372.3460368580573
0.97 0.0316 228.712606251634
0.97 0.032 132.59413916540885
0.97 0.032400000000000005 72.80141814723522
0.97 0.032799999999999996 37.98058955339322
0.97 0.0332 18.86438749926367
0.97 0.0336 8.925608104444816
0.97 0.034 4.035604151683395
0.97 0.0344 1.754348749953318
0.97 0.0348 0.7383519149584274
0.97 0.0352 0.2951197889176104
0.97 0.0356 0.10954140242846466
0.97 0.036000000000000004 0.03614763244353049
0.97 0.0364 0.009202515487952543
0.97 0.0368 0.00076510315375508
0.97 0.037200000000000004 -0.0010323601706670835
0.98 0.0204 1.6600897389835421e-9
0.98 0.020800000000000003 8.210109350779982e-8
0.98 0.021200000000000004 2.0784644590252094e-6
0.98 0.021599999999999998 2.7950908931205585e-5
0.98 0.022 0.0002024241618918394
0.98 0.0224 0.0007687213705764235
0.98 0.0228 0.0014139565880257321
0.98 0.0232 0.0021429337855083715
0.98 0.0236 0.016592274168937486
0.98 0.024 0.11891168355929664
0.98 0.024399999999999998 0.6374578318122108
0.98 0.0248 2.864475862952327
0.98 0.025200000000000004 10.631941639616905
0.98 0.025600000000000005 32.38825392290781
0.98 0.026000000000000002 82.72195672281624
0.98 0.0264 181.87540442162967
0.98 0.0268 350.6451577200949
0.98 0.027200000000000002 597.5154502547002
0.98 0.027600000000000003 902.7860065461047
0.98 0.028000000000000004 1212.273382066018
0.98 0.0284 1465.548352404994
0.98 0.0288 1604.373896962624
0.98 0.0292 1603.0368673212452
0.98 0.0296 1473.1789784155994
0.98 0.030000000000000002 1250.787788591732
0.98 0.030400000000000003 985.2490090747193
0.98 0.0308 722.8097012170921
0.98 0.031200000000000002 495.6215619758936
0.98 0.0316 318.7728047633094
0.98 0.032 193.08741994439262
0.98 0.032400000000000005 110.6873816840682
0.98 0.032799999999999996 60.12968180798611
0.98 0.0332 31.05166450317712
0.98 0.0336 15.312445992935984
0.98 0.034 7.181641292678784
0.98 0.0344 3.175865968740169
0.98 0.0348 1.318451118486997
0.98 0.0352 0.5295904423182287
0.98 0.0356 0.2127472058062815
0.98 0.036000000000000004 0.08965009837647638
0.98 0.0364 0.04116603908000431
0.98 0.0368 0.020171187114215425
0.98 0.037200000000000004 0.009920382937726561
0.99 0.0204 -4.8808902969040935e-9
0.99 0.020800000000000003 -2.438358764256106e-7
0.99 0.021200000000000004 -6.280170821618962e-6
0.99 0.021599999999999998 -8.692382147148705e-5
0.99 0.022 -0.000659625716447472
0.99 0.0224 -0.00268086202521022
0.99 0.0228 -0.004943765240975864
0.99 0.0232 0.0005234649464239526
0.99 0.0236 0.016961025947066364
0.99 0.024 0.03730172490495834
0.99 0.024399999999999998 0.19176196920772096
0.99 0.0248 1.15981047892198
0.99 0.025200000000000004 4.853843650678956
0.99 0.025600000000000005 15.792475429843012
0.99 0.026000000000000002 43.66743146275755
0.99 0.0264 105.60430257979822
0.99 0.0268 223.66604362058553
0.99 0.027200000000000002 413.9317710657105
0.99 0.027600000000000003 671.7381512174271
0.99 0.028000000000000004 964.1290010418926
0.99 0.0284 1242.1331186842863
0.99 0.0288 1449.0448043465303
0.99 0.0292 1541.9973550129273
0.99 0.0296 1504.7046335679772
0.99 0.030000000000000002 1351.923612240497
0.99 0.030400000000000003 1123.8074811101355
0.99 0.0308 867.5573337913553
0.99 0.031200000000000002 624.8116262690494
0.99 0.0316 421.1442212544703
0.99 0.032 266.90490353057055
0.99 0.032400000000000005 159.42114700072912
0.99 0.032799999999999996 90.0912105489865
0.99 0.0332 48.391409944012814
0.99 0.0336 24.770939428628882
0.99 0.034 12.008264120233314
0.99 0.0344 5.454871449362869
0.99 0.0348 2.3170066973120322
0.99 0.0352 0.9522705350666146
0.99 0.0356 0.394775765449765
0.99 0.036000000000000004 0.17730439273635898
0.99 0.0364 0.08808407774224547
0.99 0.0368 0.04618816370349732
0.99 0.037200000000000004 0.023767773308568215
1.0 0.0204 -1.0457145313207105e-8
1.0 0.020800000000000003 -5.215992423728621e-7
1.0 0.021200000000000004 -1.3398960096792719e-5
1.0 0.021599999999999998 -0.00018465362495927366
1.0 0.022 -0.0013915745444098096
1.0 0.0224 -0.005596819178649965
1.0 0.0228 -0.010213974129224387
1.0 0.0232 0.0001158336125922281
1.0 0.0236 0.024371955576140483
1.0 0.024 0.010961251730973565
1.0 0.024399999999999998 0.012418914923670027
1.0 0.0248 0.4407044163819805
1.0 0.025200000000000004 2.1389719468330224
1.0 0.025600000000000005 7.173283392234767
1.0 0.026000000000000002 21.55839169185771
1.0 0.0264 58.046953002035465
1.0 0.0268 134.85214634196413
1.0 0.027200000000000002 269.05389443905494
1.0 0.027600000000000003 467.3516559100428
1.0 0.028000000000000004 718.0194593628867
1.0 0.0284 988.0879521460802
1.0 0.0288 1231.9495824913993
1.0 0.0292 1397.9123108360175
1.0 0.0296 1450.0771850516587
1.0 0.030000000000000002 1381.1821827070462
1.0 0.030400000000000003 1212.9802388248831
1.0 0.0308 986.2360501340412
1.0 0.031200000000000002 746.1122934668421
1.0 0.0316 527.1281775281542
1.0 0.032 349.6160914210721
1.0 0.032400000000000005 217.9912401394445
1.0 0.032799999999999996 128.2736594311288
1.0 0.0332 71.46120141655793
1.0 0.0336 37.76684056261881
1.0 0.034 18.889085516170393
1.0 0.0344 8.91873493443102
1.0 0.0348 3.9873117640794753
1.0 0.0352 1.7050831968395137
1.0 0.0356 0.706579108557191
1.0 0.036000000000000004 0.2934619532266704
1.0 0.0364 0.12429599662991249
1.0 0.0368 0.05396730804013024
1.0 0.037200000000000004 0.02356260838825442
1.01 0.0204 -1.1540786831966514e-8
1.01 0.020800000000000003 -5.7541514229569e-7
1.01 0.021200000000000004 -1.4770986990941868e-5
1.01 0.021599999999999998 -0.00020332384825399452
1.01 0.022 -0.001529370402652367
1.01 0.0224 -0.00613264500154752
1.01 0.0228 -0.011145211260581102
1.01 0.0232 2.3140572198954494e-5
1.01 0.0236 0.025048247593963666
1.01 0.024 0.0030558342603509005
1.01 0.024399999999999998 -0.042656003628229015
1.01 0.0248 0.15584877377629264
1.01 0.025200000000000004 0.922280124278368
1.01 0.025600000000000005 3.0435557093122627
1.01 0.026000000000000002 9.951685398810353
1.01 0.0264 29.996678359703573
1.01 0.0268 76.19445088304231
1.01 0.027200000000000002 163.55666035122096
1.01 0.027600000000000003 304.6464231957594
1.01 0.028000000000000004 501.5439498249257
1.01 0.0284 741.2614446551974
1.01 0.0288 990.6676771866656
1.01 0.0292 1199.2822884036464
1.01 0.0296 1322.225771439668
1.01 0.030000000000000002 1334.1122459674748
1.01 0.030400000000000003 1237.6384607015918
1.01 0.0308 1060.048147901489
1.01 0.031200000000000002 842.7561107968324
1.01 0.0316 624.7323048728217
1.01 0.032 434.14063406655777
1.01 0.032400000000000005 282.97379108518277
1.01 0.032799999999999996 173.52265214689254
1.01 0.0332 100.44316414324287
1.01 0.0336 55.0072862594432
1.01 0.034 28.49130688450281
1.01 0.0344 13.962945209175889
1.01 0.0348 6.497773176872927
1.01 0.0352 2.882637074934491
1.01 0.0356 1.2242672850476661
1.01 0.036000000000000004 0.5060635604620048
1.01 0.0364 0.20487164672667754
1.01 0.0368 0.08184756783647101
1.01 0.037200000000000004 0.03223056865999793
1.02 0.0204 -1.2904283471109596e-8
1.02 0.020800000000000003 -6.432823213259079e-7
1.02 0.021200000000000004 -1.6508182168791186e-5
1.02 0.021599999999999998 -0.00022712281949657112
1.02 0.022 -0.0017069885079553184
1.02 0.0224 -0.006835936971146588
1.02 0.0228 -0.012398686429894392
1.02 0.0232 4.244451214903015e-6
1.02 0.0236 0.027371421777654538
1.02 0.024 0.0007976025638745081
1.02 0.024399999999999998 -0.06566083822986479
1.02 0.0248 0.05152963630344596
1.02 0.025200000000000004 0.44160458569953753
1.02 0.025600000000000005 1.2164429757907218
1.02 0.026000000000000002 4.238694377131978
1.02 0.0264 14.58524751758322
1.02 0.0268 40.29784228865937
1.02 0.027200000000000002 92.57636128881713
1.02 0.027600000000000003 185.72020094357333
1.02 0.028000000000000004 329.4104514371649
1.02 0.0284 524.2523660233675
1.02 0.0288 752.5050788730118
1.02 0.0292 971.5325654354323
1.02 0.0296 1139.616580209699
1.02 0.030000000000000002 1218.6947322958306
1.02 0.030400000000000003 1193.7087173870245
1.02 0.0308 1076.9290758854331
1.02 0.031200000000000002 900.5297868392258
1.02 0.0316 701.560827275344
1.02 0.032 511.57600247318095
1.02 0.032400000000000005 349.06478696963467
1.02 0.032799999999999996 223.4618060120638
1.02 0.0332 134.53412077325962
1.02 0.0336 76.31025972541042
1.02 0.034 40.89564715354976
1.02 0.0344 20.80424792103797
1.02 0.0348 10.109141634767061
1.02 0.0352 4.66738475291668
1.02 0.0356 2.0438769529486964
1.02 0.036000000000000004 0.8536696780721488
1.02 0.0364 0.3378615590681298
1.02 0.0368 0.12651538005998061
1.02 0.037200000000000004 0.04476695436892202
1.0299999999999998 0.0204 -6.016761532993581e-9
1.0299999999999998 0.020800000000000003 -2.9989552290472636e-7
1.0299999999999998 0.021200000000000004 -7.694092674846122e-6
1.0299999999999998 0.021599999999999998 -0.00010581193063970762
1.0299999999999998 0.022 -0.0007946989565433806
1.0299999999999998 0.0224 -0.0031789398542830722
1.0299999999999998 0.0228 -0.0057555103178817575
1.0299999999999998 0.0232 7.360424011493902e-7
1.0299999999999998 0.0236 0.012597052663808839
1.0299999999999998 0.024 0.00019586917250021896
1.0299999999999998 0.024399999999999998 -0.031044914431732736
1.0299999999999998 0.0248 0.015679838298013064
1.0299999999999998 0.025200000000000004 0.16485267380279264
1.0299999999999998 0.025600000000000005 0.45684745195678234
1.0299999999999998 0.026000000000000002 1.7739807547618947
1.0299999999999998 0.0264 6.646022807556218
1.0299999999999998 0.0268 19.70743736268722
1.0299999999999998 0.027200000000000002 48.84865220328202
1.0299999999999998 0.027600000000000003 106.118251091208
1.0299999999999998 0.028000000000000004 203.69326607931137
1.0299999999999998 0.0284 349.99751469443913
1.0299999999999998 0.0288 539.1254379370198
1.0299999999999998 0.0292 743.7688802479836
1.0299999999999998 0.0296 926.9328405719706
1.0299999999999998 0.030000000000000002 1050.2582785813474
1.0299999999999998 0.030400000000000003 1088.0021694667446
1.0299999999999998 0.0308 1035.9201436616256
1.0299999999999998 0.031200000000000002 912.0377048123023
1.0299999999999998 0.0316 747.7118871336053
1.0299999999999998 0.032 572.8500465671991
1.0299999999999998 0.032400000000000005 409.6231841321244
1.0299999999999998 0.032799999999999996 273.78462678085805
1.0299999999999998 0.0332 171.66559669732837
1.0299999999999998 0.0336 101.22426508338081
1.0299999999999998 0.034 56.34214853095716
1.0299999999999998 0.0344 29.7468079176352
1.0299999999999998 0.0348 14.989555506341283
1.0299999999999998 0.0352 7.1934139436814455
1.0299999999999998 0.0356 3.2846573936294505
1.0299999999999998 0.036000000000000004 1.4343616409248807
1.0299999999999998 0.0364 0.5971438425242251
1.0299999999999998 0.0368 0.23714625114141574
1.0299999999999998 0.037200000000000004 0.0898251598982183
1.0399999999999998 0.0204 1.7080599297163162e-9
1.0399999999999998 0.020800000000000003 8.513028202378232e-8
1.0399999999999998 0.021200000000000004 2.184051042843683e-6
1.0399999999999998 0.021599999999999998 3.0035113479021254e-5
1.0399999999999998 0.022 0.00022556959466773715
1.0399999999999998 0.0224 0.000902268044796463
1.0399999999999998 0.0228 0.001633453660493673
1.0399999999999998 0.0232 1.212451040346973e-7
1.0399999999999998 0.0236 -0.003567983784607373
1.0399999999999998 0.024 4.5002329912350464e-5
1.0399999999999998 0.024399999999999998 0.009909111887483177
1.0399999999999998 0.0248 0.004328274217980193
1.0399999999999998 0.025200000000000004 0.00868563786876091
1.0399999999999998 0.025600000000000005 0.16203801174326118
1.0399999999999998 0.026000000000000002 0.7797210960522387
1.0399999999999998 0.0264 2.814839431290094
1.0399999999999998 0.0268 8.852943025707662
1.0399999999999998 0.027200000000000002 24.092278973529137
1.0399999999999998 0.027600000000000003 56.98980246316323
1.0399999999999998 0.028000000000000004 118.79249749722783
1.0399999999999998 0.0284 220.24288515140375
1.0399999999999998 0.0288 364.244758748699
1.0399999999999998 0.0292 537.0374891829437
1.0399999999999998 0.0296 711.0357130300769
1.0399999999999998 0.030000000000000002 854.056374225321
1.0399999999999998 0.030400000000000003 935.9535618830851
1.0399999999999998 0.0308 942.7676071794826
1.0399999999999998 0.031200000000000002 877.8668339288064
1.0399999999999998 0.0316 758.4369534031534
1.0399999999999998 0.032 610.0479759789077
1.0399999999999998 0.032400000000000005 457.22835731109734
1.0399999999999998 0.032799999999999996 319.27318907408454
1.0399999999999998 0.0332 208.64977904558953
1.0399999999999998 0.0336 128.11197821375922
1.0399999999999998 0.034 74.18862447284108
1.0399999999999998 0.0344 40.681856854772874
1.0399999999999998 0.0348 21.259278842833904
1.0399999999999998 0.0352 10.608739694367248
1.0399999999999998 0.0356 5.055955247883145
1.0399999999999998 0.036000000000000004 2.311379555438636
1.0399999999999998 0.0364 1.0129801375116774
1.0399999999999998 0.0368 0.4258040696347849
1.0399999999999998 0.037200000000000004 0.17138002535949767
1.0499999999999998 0.0204 2.3255543997366987e-9
1.0499999999999998 0.020800000000000003 1.159168424171188e-7
1.0499999999999998 0.021200000000000004 2.9742736686192343e-6
1.0499999999999998 0.021599999999999998 4.091090382506542e-5
1.0499999999999998 0.022 0.00030735489905762633
1.0499999999999998 0.0224 0.0012300887453277792
1.0499999999999998 0.0228 0.002228898974790915
1.0499999999999998 0.0232 1.9210310913715868e-8
1.0499999999999998 0.0236 -0.004888989264513497
1.0499999999999998 0.024 9.56143936253381e-6
1.0499999999999998 0.024399999999999998 0.013087672680906852
1.0499999999999998 0.0248 0.0011144772871474933
1.0499999999999998 0.025200000000000004 -0.0201636822103449
1.0499999999999998 0.025600000000000005 0.053142100573648196
1.0499999999999998 0.026000000000000002 0.3191022573301882
1.0499999999999998 0.0264 1.0970813738692518
1.0499999999999998 0.0268 3.6974119319822645
1.0499999999999998 0.027200000000000002 11.145272192063038
1.0499999999999998 0.027600000000000003 28.81937845335625
1.0499999999999998 0.028000000000000004 65.31317118749404
1.0499999999999998 0.0284 130.64351795663333
1.0499999999999998 0.0288 231.8258020344398
1.0499999999999998 0.0292 365.3342945566106
1.0499999999999998 0.0296 514.7892241525482
1.0499999999999998 0.030000000000000002 657.5066583962426
1.0499999999999998 0.030400000000000003 764.0478914079057
1.0499999999999998 0.0308 815.5242280869293
1.0499999999999998 0.031200000000000002 803.0316644612993
1.0499999999999998 0.0316 731.2228706645406
1.0499999999999998 0.032 617.9344266815674
1.0499999999999998 0.032400000000000005 485.035839418971
1.0499999999999998 0.032799999999999996 353.89850802696685
1.0499999999999998 0.0332 241.30049227985793
1.0499999999999998 0.0336 154.42482367568567
1.0499999999999998 0.034 93.14136750074584
1.0499999999999998 0.0344 53.16449791941036
1.0499999999999998 0.0348 28.915591976700913
1.0499999999999998 0.0352 15.017426184900014
1.0499999999999998 0.0356 7.443626299288535
1.0499999999999998 0.036000000000000004 3.5355261853647826
1.0499999999999998 0.0364 1.6074195022661222
1.0499999999999998 0.0368 0.6992338978359002
1.0499999999999998 0.037200000000000004 0.2902672503728602
1.0599999999999998 0.0204 2.8784049763288696e-9
1.0599999999999998 0.020800000000000003 1.4345703231449237e-7
1.0599999999999998 0.021200000000000004 3.6801117386941763e-6
1.0599999999999998 0.021599999999999998 5.060106688539154e-5
1.0599999999999998 0.022 0.00037992631002235576
1.0599999999999998 0.0224 0.0015190519795273635
1.0599999999999998 0.0228 0.0027482027249310635
1.0599999999999998 0.0232 2.9719184313693996e-9
1.0599999999999998 0.0236 -0.005990510022518838
1.0599999999999998 0.024 1.8444370350099857e-6
1.0599999999999998 0.024399999999999998 0.01567716025523649
1.0599999999999998 0.0248 0.00027316668759412094
1.0599999999999998 0.025200000000000004 -0.031150763772891256
1.0599999999999998 0.025600000000000005 0.016010976161737144
1.0599999999999998 0.026000000000000002 0.14467327276189895
1.0599999999999998 0.0264 0.39557172871463425
1.0599999999999998 0.0268 1.4190350023311349
1.0599999999999998 0.027200000000000002 4.847603234264453
1.0599999999999998 0.027600000000000003 13.70916955045219
1.0599999999999998 0.028000000000000004 33.8075257212187
1.0599999999999998 0.0284 72.95008525971777
1.0599999999999998 0.0288 138.88943670928262
1.0599999999999998 0.0292 234.0544966988786
1.0599999999999998 0.0296 352.0124364448316
1.0599999999999998 0.030000000000000002 478.80077401714516
1.0599999999999998 0.030400000000000003 591.9185270320841
1.0599999999999998 0.0308 670.2812322364298
1.0599999999999998 0.031200000000000002 698.4776836360444
1.0599999999999998 0.0316 670.5226669671795
1.0599999999999998 0.032 594.6611490729615
1.0599999999999998 0.032400000000000005 488.5063091432356
1.0599999999999998 0.032799999999999996 372.6508391091354
1.0599999999999998 0.0332 265.55017443922344
1.0599999999999998 0.0336 177.40174978691226
1.0599999999999998 0.034 111.6122711770539
1.0599999999999998 0.0344 66.3898807849787
1.0599999999999998 0.0348 37.60258034393948
1.0599999999999998 0.0352 20.316730649166686
1.0599999999999998 0.0356 10.454758919238708
1.0599999999999998 0.036000000000000004 5.140792729955464
1.0599999999999998 0.0364 2.411406173966843
1.0599999999999998 0.0368 1.0778334635738178
1.0599999999999998 0.037200000000000004 0.4577223893481762
1.0699999999999998 0.0204 4.749253148179155e-9
1.0699999999999998 0.020800000000000003 2.3668914493942442e-7
1.0699999999999998 0.021200000000000004 6.071326895994939e-6
1.0699999999999998 0.021599999999999998 8.346898646667716e-5
1.0699999999999998 0.022 0.0006265721795510592
1.0699999999999998 0.0224 0.0025043353005934307
1.0699999999999998 0.0228 0.0045281909337247335
1.0699999999999998 0.0232 4.296150449150418e-10
1.0699999999999998 0.0236 -0.009847992487464144
1.0699999999999998 0.024 3.244097664989593e-7
1.0699999999999998 0.024399999999999998 0.0255912354954272
1.0699999999999998 0.0248 6.2289931440349e-5
1.0699999999999998 0.025200000000000004 -0.053444117316828216
1.0699999999999998 0.025600000000000005 0.004431113347118402
1.0699999999999998 0.026000000000000002 0.1155201724418011
1.0699999999999998 0.0264 0.13202508020549467
1.0699999999999998 0.0268 0.441108984536379
1.0699999999999998 0.027200000000000002 1.983043421352395
1.0699999999999998 0.027600000000000003 6.14089406324208
1.0699999999999998 0.028000000000000004 16.44779150199148
1.0699999999999998 0.0284 38.30323882687763
1.0699999999999998 0.0288 78.32218199613844
1.0699999999999998 0.0292 141.40907656215762
1.0699999999999998 0.0296 227.56620003960344
1.0699999999999998 0.030000000000000002 330.41875317797684
1.0699999999999998 0.030400000000000003 435.6536388484716
1.0699999999999998 0.0308 523.133900713044
1.0699999999999998 0.031200000000000002 577.1876594741046
1.0699999999999998 0.0316 583.4409938561857
1.0699999999999998 0.032 542.6473989321431
1.0699999999999998 0.032400000000000005 467.3796321416477
1.0699999999999998 0.032799999999999996 373.2119910202467
1.0699999999999998 0.0332 278.1278308048644
1.0699999999999998 0.0336 194.09337888520395
1.0699999999999998 0.034 127.43937575564506
1.0699999999999998 0.0344 78.99078607480158
1.0699999999999998 0.0348 46.537711501733334
1.0699999999999998 0.0352 26.12982140439942
1.0699999999999998 0.0356 13.93347678320402
1.0699999999999998 0.036000000000000004 7.06589768381734
1.0699999999999998 0.0364 3.401422239553807
1.0699999999999998 0.0368 1.5521567619847856
1.0699999999999998 0.037200000000000004 0.6696820216537143
1.0799999999999998 0.0204 3.0719721385274085e-9
1.0799999999999998 0.020800000000000003 1.5309705222379512e-7
1.0799999999999998 0.021200000000000004 3.927035449402598e-6
1.0799999999999998 0.021599999999999998 5.3987624736014565e-5
1.0799999999999998 0.022 0.0004052474623087081
1.0799999999999998 0.0224 0.0016196063433664928
1.0799999999999998 0.0228 0.0029281282166903435
1.0799999999999998 0.0232 5.6231522621110065e-11
1.0799999999999998 0.0236 -0.006365069621181005
1.0799999999999998 0.024 5.24509656268862e-8
1.0799999999999998 0.024399999999999998 0.01651873738811949
1.0799999999999998 0.0248 1.3055946623545824e-5
1.0799999999999998 0.025200000000000004 -0.034650335834454676
1.0799999999999998 0.025600000000000005 0.0011564764204523557
1.0799999999999998 0.026000000000000002 0.06442373569767029
1.0799999999999998 0.0264 0.04094885352097543
1.0799999999999998 0.0268 0.12006653750071744
1.0799999999999998 0.027200000000000002 0.7607527158758473
1.0799999999999998 0.027600000000000003 2.5822991931630273
1.0799999999999998 0.028000000000000004 7.512342323566529
1.0799999999999998 0.0284 18.905295623927852
1.0799999999999998 0.0288 41.59660022686961
1.0799999999999998 0.0292 80.64026344043235
1.0799999999999998 0.0296 139.2008161503282
1.0799999999999998 0.030000000000000002 216.1727552746273
1.0799999999999998 0.030400000000000003 303.937544583205
1.0799999999999998 0.0308 387.71905482012886
1.0799999999999998 0.031200000000000002 451.82806197843735
1.0799999999999998 0.0316 481.33064162115767
1.0799999999999998 0.032 470.3485459159482
1.0799999999999998 0.032400000000000005 424.647797726325
1.0799999999999998 0.032799999999999996 355.5238731143772
1.0799999999999998 0.0332 277.5126347317487
1.0799999999999998 0.0336 202.36599286490357
1.0799999999999998 0.034 138.53497554625946
1.0799999999999998 0.0344 89.34138661110133
1.0799999999999998 0.0348 54.68832513863029
1.0799999999999998 0.0352 31.833991435670896
1.0799999999999998 0.0356 17.53975660914235
1.0799999999999998 0.036000000000000004 9.160309996854744
1.0799999999999998 0.0364 4.523875673970127
1.0799999999999998 0.0368 2.109249250455827
1.0799999999999998 0.037200000000000004 0.9261646699555063
1.0899999999999999 0.0204 8.469857157442267e-10
1.0899999999999999 0.020800000000000003 4.221065918003889e-8
1.0899999999999999 0.021200000000000004 1.082709218686813e-6
1.0899999999999999 0.021599999999999998 1.4884288805593213e-5
1.0899999999999999 0.022 0.0001117204365959333
1.0899999999999999 0.0224 0.000446464570721147
1.0899999999999999 0.0228 0.000807071748829041
1.0899999999999999 0.0232 6.800288827072739e-12
1.0899999999999999 0.0236 -0.0017534914396555232
1.0899999999999999 0.024 7.739013171745188e-9
1.0899999999999999 0.024399999999999998 0.004545337602004259
1.0899999999999999 0.0248 2.5355791875834582e-6
1.0899999999999999 0.025200000000000004 -0.0095208731192911
1.0899999999999999 0.025600000000000005 0.00027614624885309526
1.0899999999999999 0.026000000000000002 0.01753648113353702
1.0899999999999999 0.0264 0.011921867462814624
1.0899999999999999 0.0268 0.04260368343715093
1.0899999999999999 0.027200000000000002 0.2738076461871086
1.0899999999999999 0.027600000000000003 1.0174522871303258
1.0899999999999999 0.028000000000000004 3.2197864852945
1.0899999999999999 0.0284 8.77694982802421
1.0899999999999999 0.0288 20.829088864753576
1.0899999999999999 0.0292 43.4601114887561
1.0899999999999999 0.0296 80.6198086891578
1.0899999999999999 0.030000000000000002 134.10418846643984
1.0899999999999999 0.030400000000000003 201.24943814274897
1.0899999999999999 0.0308 272.3668138543329
1.0899999999999999 0.031200000000000002 334.8102226009871
1.0899999999999999 0.0316 376.3849126811753
1.0899999999999999 0.032 387.40642264500156
1.0899999999999999 0.032400000000000005 367.3135303028619
1.0899999999999999 0.032799999999999996 322.4849629770305
1.0899999999999999 0.0332 263.40323959739743
1.0899999999999999 0.0336 200.48063380679545
1.0899999999999999 0.034 142.96054877259044
1.0899999999999999 0.0344 95.84222440167672
1.0899999999999999 0.0348 60.8454212374941
1.0899999999999999 0.0352 36.60269400081933
1.0899999999999999 0.0356 20.73713984042346
1.0899999999999999 0.036000000000000004 11.076610753205339
1.0899999999999999 0.0364 5.565371594264098
1.0899999999999999 0.0368 2.6274451172267392
1.0899999999999999 0.037200000000000004 1.1636726462890985
1.0999999999999999 0.0204 -1.0706671774157544e-9
1.0999999999999999 0.020800000000000003 -5.335865581453721e-8
1.0999999999999999 0.021200000000000004 -1.368692521343025e-6
1.0999999999999999 0.021599999999999998 -1.8816520570239924e-5
1.0999999999999999 0.022 -0.00014124464095195276
1.0999999999999999 0.0224 -0.0005645099443110936
1.0999999999999999 0.0228 -0.0010206302180988205
1.0999999999999999 0.0232 7.551612704009148e-13
1.0999999999999999 0.0236 0.0022189101332296675
1.0999999999999999 0.024 1.0411864481514593e-9
1.0999999999999999 0.024399999999999998 -0.005759308496833599
1.0999999999999999 0.0248 4.5381835796156715e-7
1.0999999999999999 0.025200000000000004 0.012135032081132133
1.0999999999999999 0.025600000000000005 6.09844288083062e-5
1.0999999999999999 0.026000000000000002 -0.019294098569863815
1.0999999999999999 0.0264 0.003324866711859734
1.0999999999999999 0.0268 0.04326352438876759
1.0999999999999999 0.027200000000000002 0.09232382829995182
1.0999999999999999 0.027600000000000003 0.3757482624687092
1.0999999999999999 0.028000000000000004 1.2964700411967847
1.0999999999999999 0.0284 3.8374468320439385
1.0999999999999999 0.0288 9.84919299006767
1.0999999999999999 0.0292 22.17417183770729
1.0999999999999999 0.0296 44.25113835961904
1.0999999999999999 0.030000000000000002 78.82812795209243
1.0999999999999999 0.030400000000000003 126.01118403108453
1.0999999999999999 0.0308 181.10468476642012
1.0999999999999999 0.031200000000000002 235.2135117947085
1.0999999999999999 0.0316 279.27342772924663
1.0999999999999999 0.032 303.57494893865595
1.0999999999999999 0.032400000000000005 302.4570385887656
1.0999999999999999 0.032799999999999996 278.3206271848094
1.0999999999999999 0.0332 237.62197921622473
1.0999999999999999 0.0336 188.62461434678178
1.0999999999999999 0.034 139.93341147591053
1.0999999999999999 0.0344 97.30872183589256
1.0999999999999999 0.0348 63.82907013507986
1.0999999999999999 0.0352 39.48473104498367
1.0999999999999999 0.0356 22.87126901354986
1.0999999999999999 0.036000000000000004 12.419736478650957
1.0999999999999999 0.0364 6.312473408452677
1.0999999999999999 0.0368 3.002289241219834
1.0999999999999999 0.037200000000000004 1.3354407744
1.1099999999999999 0.0204 -1.0462382327995097e-9
1.1099999999999999 0.020800000000000003 -5.214127042421635e-8
1.1099999999999999 0.021200000000000004 -1.3374680552563922e-6
1.1099999999999999 0.021599999999999998 -1.838732362411051e-5
1.1099999999999999 0.022 -0.00013802378583013203
1.1099999999999999 0.0224 -0.0005516429300030155
1.1099999999999999 0.0228 -0.000997383583559513
1.1099999999999999 0.0232 8.927505943465852e-14
1.1099999999999999 0.0236 0.002168527886445453
1.1099999999999999 0.024 1.3159260439645364e-10
1.1099999999999999 0.024399999999999998 -0.005629694616156175
1.1099999999999999 0.0248 7.287115792395786e-8
1.1099999999999999 0.025200000000000004 0.011864083613127633
1.1099999999999999 0.025600000000000005 1.2541543149019717e-5
1.1099999999999999 0.026000000000000002 -0.019274708715345167
1.1099999999999999 0.0264 0.000847538272644628
1.1099999999999999 0.0268 0.02929647071048257
1.1099999999999999 0.027200000000000002 0.02930286560917539
1.1099999999999999 0.027600000000000003 0.13035160921011305
1.1099999999999999 0.028000000000000004 0.4910754138574524
1.1099999999999999 0.0284 1.580189193330503
1.1099999999999999 0.0288 4.395977791948427
1.1099999999999999 0.0292 10.696747076429002
1.1099999999999999 0.0296 22.97233860642559
1.1099999999999999 0.030000000000000002 43.811623432222724
1.1099999999999999 0.030400000000000003 74.62203933435575
1.1099999999999999 0.0308 114.06832722849586
1.1099999999999999 0.031200000000000002 157.25836431608482
1.1099999999999999 0.0316 197.0196691203302
1.1099999999999999 0.032 225.98108935694853
1.1099999999999999 0.032400000000000005 236.58930602579264
1.1099999999999999 0.032799999999999996 227.6996422858745
1.1099999999999999 0.0332 202.80925604838444
1.1099999999999999 0.0336 167.78279091625467
1.1099999999999999 0.034 129.40905511975714
1.1099999999999999 0.0344 93.18399384117104
1.1099999999999999 0.0348 62.907097327446934
1.1099999999999999 0.0352 39.78386692266449
1.1099999999999999 0.0356 23.396439657902732
1.1099999999999999 0.036000000000000004 12.812103116873129
1.1099999999999999 0.0364 6.532934799812443
1.1099999999999999 0.0368 3.105287104838888
1.1099999999999999 0.037200000000000004 1.3770479636918544
1.12 0.0204 -5.255807287744572e-10
1.12 0.020800000000000003 -2.6193439044403187e-8
1.12 0.021200000000000004 -6.718916331762431e-7
1.12 0.021599999999999998 -9.237250186575724e-6
1.12 0.022 -6.934127913418956e-5
1.12 0.0224 -0.00027715208868475265
1.12 0.0228 -0.0005011384952024941
1.12 0.0232 2.0392379587660035e-14
1.12 0.0236 0.0010899415308339125
1.12 0.024 1.5179401342340325e-11
1.12 0.024399999999999998 -0.0028317377373138384
1.12 0.0248 1.0640770329214398e-8
1.12 0.025200000000000004 0.005976585446614865
1.12 0.025600000000000005 2.345741178170204e-6
1.12 0.026000000000000002 -0.009766883260155538
1.12 0.0264 0.00020600408390382727
1.12 0.0268 0.013474906207139313
1.12 0.027200000000000002 0.008676277360945818
1.12 0.027600000000000003 0.04247309970130185
1.12 0.028000000000000004 0.1749267233594944
1.12 0.0284 0.6131752027950855
1.12 0.0288 1.8521812049974018
1.12 0.0292 4.872991868774981
1.12 0.0296 11.26244747805507
1.12 0.030000000000000002 23.004058125606385
1.12 0.030400000000000003 41.8234650688566
1.12 0.0308 68.12301255797134
1.12 0.031200000000000002 99.85926720183153
1.12 0.0316 132.31626617100827
1.12 0.032 159.45119477534817
1.12 0.032400000000000005 175.04424679926493
1.12 0.032799999999999996 175.93984410861887
1.12 0.0332 163.37217887402352
1.12 0.0336 140.69895547112336
1.12 0.034 112.63164821556803
1.12 0.0344 83.74691456981895
1.12 0.0348 57.95012316693358
1.12 0.0352 37.25723740011345
1.12 0.0356 22.111846401347723
1.12 0.036000000000000004 12.138782966894663
1.12 0.0364 6.175252747336415
1.12 0.0368 2.918632208724992
1.12 0.037200000000000004 1.2844023101064823
1.1300000000000001 0.0204 -1.2946958760348166e-10
1.1300000000000001 0.020800000000000003 -6.452472958093086e-9
1.1300000000000001 0.021200000000000004 -1.6551930197466733e-7
1.1300000000000001 0.021599999999999998 -2.275721341655824e-6
1.1300000000000001 0.022 -1.708489974711748e-5
1.1300000000000001 0.0224 -6.829832909048195e-5
1.1300000000000001 0.0228 -0.00012352741295393882
1.1300000000000001 0.0232 1.0319437769683153e-14
1.1300000000000001 0.0236 0.0002689437651633903
1.1300000000000001 0.024 1.592293258571217e-12
1.1300000000000001 0.024399999999999998 -0.0007003660459462841
1.1300000000000001 0.0248 1.2944282967065094e-9
1.1300000000000001 0.025200000000000004 0.0014847287135292691
1.1300000000000001 0.025600000000000005 4.079281045808994e-7
1.1300000000000001 0.026000000000000002 -0.0024406442932611585
1.1300000000000001 0.0264 4.8111421882222605e-5
1.1300000000000001 0.0268 0.0033088737302117135
1.1300000000000001 0.027200000000000002 0.0023794731001514457
1.1300000000000001 0.027600000000000003 0.01295038320628081
1.1300000000000001 0.028000000000000004 0.0585951979271988
1.1300000000000001 0.0284 0.22419600073418883
1.1300000000000001 0.0288 0.7360734906947104
1.1300000000000001 0.0292 2.0950652505125915
1.1300000000000001 0.0296 5.2098940570043695
1.1300000000000001 0.030000000000000002 11.417039865756477
1.1300000000000001 0.030400000000000003 22.221752228113516
1.1300000000000001 0.0308 38.6528466666279
1.1300000000000001 0.031200000000000002 60.246843238218176
1.1300000000000001 0.0316 84.28039960333085
1.1300000000000001 0.032 106.33851493868593
1.1300000000000001 0.032400000000000005 122.14648111422898
1.1300000000000001 0.032799999999999996 128.03463521885936
1.1300000000000001 0.0332 123.8804678258657
1.1300000000000001 0.0336 110.98111478072563
1.1300000000000001 0.034 92.01798199792105
1.1300000000000001 0.0344 70.40098300333952
1.1300000000000001 0.0348 49.696135069362704
1.1300000000000001 0.0352 32.30588541435749
1.1300000000000001 0.0356 19.24878436980325
1.1300000000000001 0.036000000000000004 10.542213716548266
1.1300000000000001 0.0364 5.326846729268845
1.1300000000000001 0.0368 2.493052620791744
1.1300000000000001 0.037200000000000004 1.084522003112989
1.1400000000000001 0.0204 -1.9253257560122408e-10
1.1400000000000001 0.020800000000000003 -9.595316146908156e-9
1.1400000000000001 0.021200000000000004 -2.461336885566943e-7
1.1400000000000001 0.021599999999999998 -3.383945914955304e-6
1.1400000000000001 0.022 -2.5403123927473566e-5
1.1400000000000001 0.0224 -0.00010153996087542737
1.1400000000000001 0.0228 -0.00018361758164307747
1.1400000000000001 0.0232 7.244809855268322e-15
1.1400000000000001 0.0236 0.0003994952051070966
1.1400000000000001 0.024 1.5571823420421505e-13
1.1400000000000001 0.024399999999999998 -0.001038759795683108
1.1400000000000001 0.0248 1.7253189261200186e-10
1.1400000000000001 0.025200000000000004 0.0021960615036527597
1.1400000000000001 0.025600000000000005 6.587956669690204e-8
1.1400000000000001 0.026000000000000002 -0.00360719373044733
1.1400000000000001 0.0264 1.0445700974083136e-5
1.1400000000000001 0.0268 0.004506107305983016
1.1400000000000001 0.027200000000000002 0.000620321676473813
1.1400000000000001 0.027600000000000003 0.003698177113237187
1.1400000000000001 0.028000000000000004 0.018430343529606194
1.1400000000000001 0.0284 0.07721929835013656
1.1400000000000001 0.0288 0.27571742559402207
1.1400000000000001 0.0292 0.8489576430728932
1.1400000000000001 0.0296 2.2773136482658103
1.1400000000000001 0.030000000000000002 5.368988651716857
1.1400000000000001 0.030400000000000003 11.215690326717633
1.1400000000000001 0.0308 20.84406579899611
1.1400000000000001 0.031200000000000002 34.46257216237864
1.1400000000000001 0.0316 50.780290918615556
1.1400000000000001 0.032 66.95604710336042
1.1400000000000001 0.032400000000000005 80.23504307576886
1.1400000000000001 0.032799999999999996 87.6832207915109
1.1400000000000001 0.0332 88.37650337634594
1.1400000000000001 0.0336 82.18266474634471
1.1400000000000001 0.034 70.28117737173078
1.1400000000000001 0.0344 55.04112654651201
1.1400000000000001 0.0348 39.43792453938822
1.1400000000000001 0.0352 25.81483240612902
1.1400000000000001 0.0356 15.39622012695618
1.1400000000000001 0.036000000000000004 8.398724673053623
1.1400000000000001 0.0364 4.212042573433408
1.1400000000000001 0.0368 1.951734882293326
1.1400000000000001 0.037200000000000004 0.8393685449502332
1.15 0.0204 -3.4457967269889377e-10
1.15 0.020800000000000003 -1.71727832968742e-8
1.15 0.021200000000000004 -4.4049649973564183e-7
1.15 0.021599999999999998 -6.055887866693534e-6
1.15 0.022 -4.545835102803435e-5
1.15 0.0224 -0.00018168477247395147
1.15 0.0228 -0.0003284913383762768
1.15 0.0232 4.211310991833965e-15
1.15 0.0236 0.0007142210522635089
1.15 0.024 1.6796778057428816e-14
1.15 0.024399999999999998 -0.0018542711198608595
1.15 0.0248 1.952062341172325e-11
1.15 0.025200000000000004 0.0039079902583393925
1.15 0.025600000000000005 1.0173628499028407e-8
1.15 0.026000000000000002 -0.0063895022254823125
1.15 0.0264 2.091029050322966e-6
1.15 0.0268 0.007886136175788552
1.15 0.027200000000000002 0.00015478091650626523
1.15 0.027600000000000003 0.0009976053272737493
1.15 0.028000000000000004 0.005442538094540366
1.15 0.0284 0.024977005978300233
1.15 0.0288 0.09725061991260925
1.15 0.0292 0.3245865656617482
1.15 0.0296 0.9409915913843295
1.15 0.030000000000000002 2.3958087787830746
1.15 0.030400000000000003 5.381760485718049
1.15 0.0308 10.665893889750189
1.15 0.031200000000000002 18.632220467092917
1.15 0.0316 28.790188392957578
1.15 0.032 39.71034216778085
1.15 0.032400000000000005 49.586101192929156
1.15 0.032799999999999996 56.53991330966761
1.15 0.0332 59.32889593574229
1.15 0.0336 57.08953332224843
1.15 0.034 50.09603575017995
1.15 0.0344 39.928405555056315
1.15 0.0348 28.88730391518102
1.15 0.0352 18.96126075338458
1.15 0.0356 11.286443490841195
1.15 0.036000000000000004 6.121161905802634
1.15 0.0364 3.0436259974946793
1.15 0.0368 1.395524958312192
1.15 0.037200000000000004 0.5931268278031326
1.16 0.0204 -2.5366565051331776e-10
1.16 0.020800000000000003 -1.2641899123768746e-8
1.16 0.021200000000000004 -3.242748536035227e-7
1.16 0.021599999999999998 -4.458073416012119e-6
1.16 0.022 -3.346422285056344e-5
1.16 0.0224 -0.0001337463198394659
1.16 0.0228 -0.0002418138920263597
1.16 0.0232 2.4736920322513856e-15
1.16 0.0236 0.0005257339854872462
1.16 0.024 3.311929079784504e-15
1.16 0.024399999999999998 -0.0013647482739141095
1.16 0.0248 2.0577623630325505e-12
1.16 0.025200000000000004 0.002875590414144867
1.16 0.025600000000000005 1.326262984555723e-9
1.16 0.026000000000000002 -0.004700064804382946
1.16 0.0264 3.5434318697570355e-7
1.16 0.0268 0.0057948653927797945
1.16 0.027200000000000002 3.615359538885788e-5
1.16 0.027600000000000003 0.00025664951418038156
1.16 0.028000000000000004 0.0015132683151326293
1.16 0.0284 0.0075805524983162086
1.16 0.0288 0.03221174478145269
1.16 0.0292 0.11696970060946771
1.16 0.0296 0.3686576929413398
1.16 0.030000000000000002 1.0157921255703577
1.16 0.030400000000000003 2.450729924664669
1.16 0.0308 5.159817922861624
1.16 0.031200000000000002 9.482669518635195
1.16 0.0316 15.333442842506942
1.16 0.032 22.118621142212685
1.16 0.032400000000000005 28.847721939094317
1.16 0.032799999999999996 34.34067864369886
1.16 0.0332 37.425761477624725
1.16 0.0336 37.09025408785844
1.16 0.034 33.21141233927996
1.16 0.0344 26.7987587042699
1.16 0.0348 19.491224381058053
1.16 0.0352 12.786914229067719
1.16 0.0356 7.577741392443232
1.16 0.036000000000000004 4.078224820120156
1.16 0.0364 2.0073688622261123
1.16 0.0368 0.9094222789425036
1.16 0.037200000000000004 0.38142391184673874
1.17 0.0204 -1.1385159166458127e-10
1.17 0.020800000000000003 -5.6740010481937796e-9
1.17 0.021200000000000004 -1.455426697494047e-7
1.17 0.021599999999999998 -2.000894778454587e-6
1.17 0.022 -1.5019578173245982e-5
1.17 0.0224 -6.002867555179498e-5
1.17 0.0228 -0.00010853206043416278
1.17 0.0232 1.719673482365208e-15
1.17 0.0236 0.00023596211986739424
1.17 0.024 1.098517464821887e-15
1.17 0.024399999999999998 -0.0006125293093882518
1.17 0.0248 2.071082339839922e-13
1.17 0.025200000000000004 0.0012906073436192839
1.17 0.025600000000000005 1.9412210036339484e-10
1.17 0.026000000000000002 -0.0021093255840704222
1.17 0.0264 6.037204126963259e-8
1.17 0.0268 0.0025987603903767425
1.17 0.027200000000000002 7.5334127985908205e-6
1.17 0.027600000000000003 6.23537172400382e-5
1.17 0.028000000000000004 0.00039823528910629
1.17 0.0284 0.0021664429604461395
1.17 0.0288 0.010034379470041732
1.17 0.0292 0.03987204406363086
1.17 0.0296 0.1370388526530713
1.17 0.030000000000000002 0.4090679594872415
1.17 0.030400000000000003 1.0562190762570138
1.17 0.0308 2.350570827612513
1.17 0.031200000000000002 4.529627558515369
1.17 0.0316 7.661341142772281
1.17 0.032 11.573914016696383
1.17 0.032400000000000005 15.814254455084932
1.17 0.032799999999999996 19.62551217332445
1.17 0.0332 22.11972347737454
1.17 0.0336 22.460656798600873
1.17 0.034 20.423856456272624
1.17 0.0344 16.619223506394317
1.17 0.0348 12.116240915074986
1.17 0.0352 7.928860754355059
1.17 0.0356 4.671822268361169
1.17 0.036000000000000004 2.4923061108989546
1.17 0.0364 1.2131400925920397
1.17 0.0368 0.5424216214365073
1.17 0.037200000000000004 0.22417188114993625
1.18 0.0204 -3.8207352674214515e-11
1.18 0.020800000000000003 -1.904131963205854e-9
1.18 0.021200000000000004 -4.884264391830518e-8
1.18 0.021599999999999998 -6.71483145984836e-7
1.18 0.022 -5.04048076023393e-6
1.18 0.0224 -2.0145517308597662e-5
1.18 0.0228 -3.642389759902468e-5
1.18 0.0232 8.836358952426438e-16
1.18 0.0236 7.919649432956928e-5
1.18 0.024 5.916308045929276e-16
1.18 0.024399999999999998 -0.00020562417348882458
1.18 0.0248 1.8994197543918974e-14
1.18 0.025200000000000004 0.0004334354122646726
1.18 0.025600000000000005 2.4032954095610252e-11
1.18 0.026000000000000002 -0.0007089618726233057
1.18 0.0264 9.506484562960712e-9
1.18 0.0268 0.0008736927893496484
1.18 0.027200000000000002 1.6244000385379246e-6
1.18 0.027600000000000003 1.3674252290587008e-5
1.18 0.028000000000000004 0.00010023797073491337
1.18 0.0284 0.0005833588479304802
1.18 0.0288 0.002957903608953783
1.18 0.0292 0.012877893820220386
1.18 0.0296 0.04838994568453084
1.18 0.030000000000000002 0.15609716064686327
1.18 0.030400000000000003 0.4290556179342345
1.18 0.0308 1.0047190981906513
1.18 0.031200000000000002 2.0267866817596607
1.18 0.0316 3.590677203032286
1.18 0.032 5.693391509761221
1.18 0.032400000000000005 8.155988077765386
1.18 0.032799999999999996 10.524966288534253
1.18 0.0332 12.214729609017706
1.18 0.0336 12.65008253958673
1.18 0.034 11.636854730699625
1.18 0.0344 9.522207550003932
1.18 0.0348 6.946352638496389
1.18 0.0352 4.5301800062733255
1.18 0.0356 2.652924763715807
1.18 0.036000000000000004 1.4028139250359062
1.18 0.0364 0.6752842012310549
1.18 0.0368 0.2979799350935604
1.18 0.037200000000000004 0.12131175449521199
1.19 0.0204 -1.3782771249361165e-11
1.19 0.020800000000000003 -6.868870183272014e-10
1.19 0.021200000000000004 -1.76192346782085e-8
1.19 0.021599999999999998 -2.422268576998997e-7
1.19 0.022 -1.8182685188098787e-6
1.19 0.0224 -7.267125481707032e-6
1.19 0.0228 -1.3139163243663727e-5
1.19 0.0232 4.035516068075928e-16
1.19 0.0236 2.8567679355030435e-5
1.19 0.024 3.172158278656903e-16
1.19 0.024399999999999998 -7.416713516773902e-5
1.19 0.0248 1.6549643221068846e-15
1.19 0.025200000000000004 0.00015630748684466924
1.19 0.025600000000000005 2.7474052632810923e-12
1.19 0.026000000000000002 -0.00025554410998564116
1.19 0.0264 1.3928581821321112e-9
1.19 0.0268 0.00031450756426138073
1.19 0.027200000000000002 2.8268552678530565e-7
1.19 0.027600000000000003 2.9848516975348975e-6
1.19 0.028000000000000004 2.3520564795466135e-5
1.19 0.0284 0.00015035677177901915
1.19 0.0288 0.0008235985459405561
1.19 0.0292 0.003957512263684862
1.19 0.0296 0.016218918926902477
1.19 0.030000000000000002 0.05622379603685896
1.19 0.030400000000000003 0.16357473154695348
1.19 0.0308 0.40179091211410894
1.19 0.031200000000000002 0.8489374408797835
1.19 0.0316 1.579468611195011
1.19 0.032 2.6333320326110203
1.19 0.032400000000000005 3.9463852261304426
1.19 0.032799999999999996 5.2801683672054995
1.19 0.0332 6.2848170150168645
1.19 0.0336 6.612037489367545
1.19 0.034 6.1341441434224295
1.19 0.0344 5.037274709006189
1.19 0.0348 3.6735154322094243
1.19 0.0352 2.387644548083716
1.19 0.0356 1.390631760141947
1.19 0.036000000000000004 0.7298340033719509
1.19 0.0364 0.3480570226864792
1.19 0.0368 0.15188363958307374
1.19 0.037200000000000004 0.061042204404132425
1.2 0.0204 4.4638282918184807e-13
1.2 0.020800000000000003 2.2247287277819247e-11
1.2 0.021200000000000004 5.705889822096737e-10
1.2 0.021599999999999998 7.842683299535559e-9
1.2 0.022 5.884983505624374e-8
1.2 0.0224 2.3507091885874423e-7
1.2 0.0228 4.246217533931346e-7
1.2 0.0232 1.8801846029182677e-16
1.2 0.0236 -9.197796183314559e-7
1.2 0.024 1.7701143445473898e-16
1.2 0.024399999999999998 2.3669889832861814e-6
1.2 0.0248 2.341234048644928e-16
1.2 0.025200000000000004 -4.894965724812774e-6
1.2 0.025600000000000005 2.9394178875215463e-13
1.2 0.026000000000000002 7.73532114876407e-6
1.2 0.0264 2.0351009907558967e-10
1.2 0.0268 -9.582718350674706e-6
1.2 0.027200000000000002 5.040477156358749e-8
1.2 0.027600000000000003 5.973899613353096e-7
1.2 0.028000000000000004 5.051061962616937e-6
1.2 0.0284 3.640424511768773e-5
1.2 0.0288 0.00021885642551000128
1.2 0.0292 0.0011514585885660533
1.2 0.0296 0.0051454007313936215
1.2 0.030000000000000002 0.01904266702630452
1.2 0.030400000000000003 0.058333169316049156
1.2 0.0308 0.15010053868030337
1.2 0.031200000000000002 0.33286308081277893
1.2 0.0316 0.6520949796987154
1.2 0.032 1.143612473836131
1.2 0.032400000000000005 1.7917215115074947
1.2 0.032799999999999996 2.4731241266181576
1.2 0.0332 3.004880590875032
1.2 0.0336 3.201650552538714
1.2 0.034 2.9906225967490685
1.2 0.0344 2.4629393248783606
1.2 0.0348 1.7954964981040087
1.2 0.0352 1.1635238120614777
1.2 0.0356 0.6743819740374528
1.2 0.036000000000000004 0.35148572056774274
1.2 0.0364 0.16614385762861936
1.2 0.0368 0.07171647199092372
1.2 0.037200000000000004 0.028451332502891485
1.21 0.0204 1.5235657610837948e-12
1.21 0.020800000000000003 7.593034143961957e-11
1.21 0.021200000000000004 1.947644253169473e-9
1.21 0.021599999999999998 2.67751668731645e-8
1.21 0.022 2.0097723772505231e-7
1.21 0.0224 8.03188482860948e-7
1.21 0.0228 1.4520046427576643e-6
1.21 0.0232 5.845013934563995e-17
1.21 0.0236 -3.1553975766236144e-6
1.21 0.024 1.135871728739993e-16
1.21 0.024399999999999998 8.18212299659722e-6
1.21 0.0248 3.8675677347133427e-17
1.21 0.025200000000000004 -1.719829603217425e-5
1.21 0.025600000000000005 2.929264358190717e-14
1.21 0.026000000000000002 2.7976813457009805e-5
1.21 0.0264 2.738216403583109e-11
1.21 0.0268 -3.436439369078647e-5
1.21 0.027200000000000002 8.340894707841941e-9
1.21 0.027600000000000003 1.0393097759052599e-7
1.21 0.028000000000000004 1.0587069380231669e-6
1.21 0.0284 8.174101583097057e-6
1.21 0.0288 5.5979460114922177e-5
1.21 0.0292 0.0003164748517992688
1.21 0.0296 0.0015256534297135537
1.21 0.030000000000000002 0.006028622834267713
1.21 0.030400000000000003 0.019416359308456543
1.21 0.0308 0.05239952022503431
1.21 0.031200000000000002 0.12220850828612824
1.21 0.0316 0.252919675070609
1.21 0.032 0.4664760999351552
1.21 0.032400000000000005 0.7605965696693889
1.21 0.032799999999999996 1.0782158482868576
1.21 0.0332 1.333021761172822
1.21 0.0336 1.4357316698958746
1.21 0.034 1.349132875635828
1.21 0.0344 1.1140950430690015
1.21 0.0348 0.8121512911992288
1.21 0.0352 0.5250634496976024
1.21 0.0356 0.30310313484003537
1.21 0.036000000000000004 0.15704007954322627
1.21 0.0364 0.07365321917861344
1.21 0.0368 0.031480552668311824
1.21 0.037200000000000004 0.012338702273695271
1.22 0.0204 1.173555710577831e-12
1.22 0.020800000000000003 5.848656322630829e-11
1.22 0.021200000000000004 1.5002107765344405e-9
1.22 0.021599999999999998 2.0624249114146573e-8
1.22 0.022 1.5480975899941806e-7
1.22 0.0224 6.186967859749121e-7
1.22 0.0228 1.1185174242007077e-6
1.22 0.0232 3.822295788090081e-17
1.22 0.0236 -2.431017326061527e-6
1.22 0.024 2.8972584459485015e-17
1.22 0.024399999999999998 6.305903496832214e-6
1.22 0.0248 4.321459854808833e-17
1.22 0.025200000000000004 -1.3265478886163913e-5
1.22 0.025600000000000005 2.420038526032938e-15
1.22 0.026000000000000002 2.1619972175790236e-5
1.22 0.0264 3.4437116883595467e-12
1.22 0.0268 -2.6641996035206788e-5
1.22 0.027200000000000002 1.3566215005383578e-9
1.22 0.027600000000000003 1.7395016848028538e-8
1.22 0.028000000000000004 1.9670524436362656e-7
1.22 0.0284 1.8262692149722934e-6
1.22 0.0288 1.3912972314857561e-5
1.22 0.0292 8.341399520740673e-5
1.22 0.0296 0.0004249307555298544
1.22 0.030000000000000002 0.001771756849556817
1.22 0.030400000000000003 0.006013445779093599
1.22 0.0308 0.01709736299452053
1.22 0.031200000000000002 0.04219144045863749
1.22 0.0316 0.0919344281773579
1.22 0.032 0.1777722262465199
1.22 0.032400000000000005 0.30058934317604746
1.22 0.032799999999999996 0.4370188748365591
1.22 0.0332 0.5490982103945864
1.22 0.0336 0.5971207747632082
1.22 0.034 0.5639947491408878
1.22 0.0344 0.4667964366704415
1.22 0.0348 0.34029679006827795
1.22 0.0352 0.2196101295171749
1.22 0.0356 0.1263804389079846
1.22 0.036000000000000004 0.06518225692722733
1.22 0.0364 0.03038893215495498
1.22 0.0368 0.012890494879501925
1.22 0.037200000000000004 0.005004934964645665
