30.2 1.44 1.7442760160636085e-19
30.2 1.53 1.1562713202896358e-17
30.2 1.6199999999999999 4.666646051247597e-16
30.2 1.71 1.1667967942758229e-14
30.2 1.8 1.9320244729896028e-13
30.2 1.89 2.1309072755653734e-12
30.2 1.98 1.5851490412016242e-11
30.2 2.0700000000000003 8.717656998576898e-11
30.2 2.16 3.703394619120461e-10
30.2 2.25 1.269667113299894e-9
30.2 2.34 3.50386487276925e-9
30.2 2.43 8.194697149310734e-9
30.2 2.5200000000000005 1.6860267092540506e-8
30.2 2.61 3.109252094588408e-8
30.2 2.6999999999999997 5.2039332296739815e-8
30.2 2.79 8.005633653116576e-8
30.2 2.88 1.1448720810123097e-7
30.2 2.97 1.5375947031922234e-7
30.2 3.06 1.9647915307487874e-7
30.2 3.15 2.399964132389293e-7
30.2 3.2399999999999998 2.83515372295225e-7
30.2 3.33 3.227178010432772e-7
30.2 3.42 3.5688339775638543e-7
30.2 3.5100000000000002 3.828886467216001e-7
30.2 3.6 3.995168192526759e-7
30.2 3.69 4.0735777124609767e-7
30.2 3.78 4.0542023472057605e-7
30.2 3.87 3.957213128011349e-7
30.2 3.96 3.788164690127185e-7
30.2 4.05 3.56519030114561e-7
30.2 4.140000000000001 3.2982748538100105e-7
30.2 4.2299999999999995 3.00169313601129e-7
30.2 4.32 2.689911980006033e-7
30.2 4.41 2.3836362426213273e-7
30.2 4.5 2.0680190683909196e-7
30.2 4.59 1.7646271364825785e-7
30.2 4.68 1.4935019565054276e-7
30.2 4.7700000000000005 1.2436904426131516e-7
30.2 4.86 1.0204753700371138e-7
30.2 4.95 8.279833900247707e-8
30.2 5.040000000000001 6.660255164684712e-8
30.2 5.13 5.3020411391240286e-8
30.2 5.22 4.172064549043717e-8
30.2 5.31 3.253868693764683e-8
30.2 5.3999999999999995 2.511180421882822e-8
30.2 5.49 1.916968763586985e-8
30.2 5.58 1.4498153488603775e-8
30.2 5.67 1.082350505962422e-8
30.2 5.76 7.965400545877633e-9
30.2 5.8500000000000005 5.772923573127626e-9
30.2 5.94 4.141859194262065e-9
30.2 6.03 2.9303003457429764e-9
30.2 6.12 2.050317506785192e-9
30.2 6.209999999999999 1.4111966141152383e-9
30.2 6.3 9.485651381792223e-10
30.5 1.44 3.0140962769969124e-18
30.5 1.53 1.8497710019978586e-16
30.5 1.6199999999999999 6.9146536051955616e-15
30.5 1.71 1.6287656107962077e-13
30.5 1.8 2.4836510228208694e-12
30.5 1.89 2.4974814648573583e-11
30.5 1.98 1.71259781810506e-10
30.5 2.0700000000000003 8.635050994521127e-10
30.5 2.16 3.3738892230471775e-9
30.5 2.25 1.0719837404907198e-8
30.5 2.34 2.7738573659501415e-8
30.5 2.43 6.125439426745592e-8
30.5 2.5200000000000005 1.1979486030590192e-7
30.5 2.61 2.111376218029366e-7
30.5 2.6999999999999997 3.39393953489713e-7
30.5 2.79 5.035691068052848e-7
30.5 2.88 6.982282537640339e-7
30.5 2.97 9.137462546475844e-7
30.5 3.06 1.1416519477682228e-6
30.5 3.15 1.3672391392847822e-6
30.5 3.2399999999999998 1.5895035684331214e-6
30.5 3.33 1.7834770242535136e-6
30.5 3.42 1.9448274221863953e-6
30.5 3.5100000000000002 2.063944875718677e-6
30.5 3.6 2.133083000443994e-6
30.5 3.69 2.159466996253586e-6
30.5 3.78 2.1375354601536384e-6
30.5 3.87 2.0787765145183126e-6
30.5 3.96 1.985798550768392e-6
30.5 4.05 1.8666197044097782e-6
30.5 4.140000000000001 1.7247972310390323e-6
30.5 4.2299999999999995 1.5709831636992057e-6
30.5 4.32 1.4073206691330765e-6
30.5 4.41 1.2455655250034825e-6
30.5 4.5 1.0805579891966648e-6
30.5 4.59 9.231793933409777e-7
30.5 4.68 7.829162592018002e-7
30.5 4.7700000000000005 6.534139349650919e-7
30.5 4.86 5.379523447616504e-7
30.5 4.95 4.3869938372206723e-7
30.5 5.040000000000001 3.5479970472810916e-7
30.5 5.13 2.8397081755339767e-7
30.5 5.22 2.246305814304662e-7
30.5 5.31 1.7607023792354316e-7
30.5 5.3999999999999995 1.3646319659002602e-7
30.5 5.49 1.0452828585219245e-7
30.5 5.58 7.923468594099781e-8
30.5 5.67 5.920221379970175e-8
30.5 5.76 4.355781939999159e-8
30.5 5.8500000000000005 3.154565509968699e-8
30.5 5.94 2.259781351740084e-8
30.5 6.03 1.5957035791311904e-8
30.5 6.12 1.11351762270477e-8
30.5 6.209999999999999 7.637437416145614e-9
30.5 6.3 5.121180446412359e-9
30.8 1.44 4.133960457358446e-17
30.8 1.53 2.5082400657714163e-15
30.8 1.6199999999999999 8.712421702839941e-14
30.8 1.71 1.9119610632004233e-12
30.8 1.8 2.6807005918169774e-11
30.8 1.89 2.459341008263788e-10
30.8 1.98 1.5489734171781521e-9
30.8 2.0700000000000003 7.167813661156102e-9
30.8 2.16 2.582297069911382e-8
30.8 2.25 7.624918254373564e-8
30.8 2.34 1.8559424066028684e-7
30.8 2.43 3.8839996443620904e-7
30.8 2.5200000000000005 7.245297775262461e-7
30.8 2.61 1.2243657238453248e-6
30.8 2.6999999999999997 1.895858488391127e-6
30.8 2.79 2.7215284491070725e-6
30.8 2.88 3.671566834860182e-6
30.8 2.97 4.699432595816629e-6
30.8 3.06 5.756235934943534e-6
30.8 3.15 6.777962605799888e-6
30.8 3.2399999999999998 7.771526485591029e-6
30.8 3.33 8.61139234345937e-6
30.8 3.42 9.280183111775614e-6
30.8 3.5100000000000002 9.762646807157216e-6
30.8 3.6 1.0018772544550189e-5
30.8 3.69 1.0096137960126594e-5
30.8 3.78 9.96251224375625e-6
30.8 3.87 9.677375475184255e-6
30.8 3.96 9.23388900579133e-6
30.8 4.05 8.677523039275255e-6
30.8 4.140000000000001 8.017923520519586e-6
30.8 4.2299999999999995 7.310855856342975e-6
30.8 4.32 6.548471279342395e-6
30.8 4.41 5.790877236454253e-6
30.8 4.5 5.030316876366716e-6
30.8 4.59 4.307923999985294e-6
30.8 4.68 3.6645372234849287e-6
30.8 4.7700000000000005 3.0681912338346645e-6
30.8 4.86 2.53803671438685e-6
30.8 4.95 2.0818371050747713e-6
30.8 5.040000000000001 1.6931101122288568e-6
30.8 5.13 1.3619014812890822e-6
30.8 5.22 1.0821865400121698e-6
30.8 5.31 8.514612697486951e-7
30.8 5.3999999999999995 6.618089894995412e-7
30.8 5.49 5.078778968296281e-7
30.8 5.58 3.8517121927952244e-7
30.8 5.67 2.8765803984150765e-7
30.8 5.76 2.1134137172873011e-7
30.8 5.8500000000000005 1.5280596456369013e-7
30.8 5.94 1.0916541683597984e-7
30.8 6.03 7.688250147682803e-8
30.8 6.12 5.3527138316384155e-8
30.8 6.209999999999999 3.6533119909750266e-8
30.8 6.3 2.440595604880801e-8
31.1 1.44 5.078595610181921e-16
31.1 1.53 2.870721752053769e-14
31.1 1.6199999999999999 9.62478513104407e-13
31.1 1.71 1.8916845136746826e-11
31.1 1.8 2.4339057963741305e-10
31.1 1.89 2.0377803777063593e-9
31.1 1.98 1.1762518522463467e-8
31.1 2.0700000000000003 5.003890691919561e-8
31.1 2.16 1.6664951320670596e-7
31.1 2.25 4.586289824168363e-7
31.1 2.34 1.0542010375209306e-6
31.1 2.43 2.098801988727546e-6
31.1 2.5200000000000005 3.7475254242242986e-6
31.1 2.61 6.092181348673555e-6
31.1 2.6999999999999997 9.115750910225776e-6
31.1 2.79 1.270385339334263e-5
31.1 2.88 1.673463115076011e-5
31.1 2.97 2.102091425596631e-5
31.1 3.06 2.5307755363557392e-5
31.1 3.15 2.9377735859545037e-5
31.1 3.2399999999999998 3.329218752338137e-5
31.1 3.33 3.649810949795601e-5
31.1 3.42 3.897113380036965e-5
31.1 3.5100000000000002 4.072470993746139e-5
31.1 3.6 4.1604622557294714e-5
31.1 3.69 4.182537781621492e-5
31.1 3.78 4.122414629039444e-5
31.1 3.87 4.0020459878532167e-5
31.1 3.96 3.8222793720774545e-5
31.1 4.05 3.5920824566399035e-5
31.1 4.140000000000001 3.3195528841148116e-5
31.1 4.2299999999999995 3.0290827412893486e-5
31.1 4.32 2.716926572788542e-5
31.1 4.41 2.4028033309368966e-5
31.1 4.5 2.091039918261731e-5
31.1 4.59 1.797639205429609e-5
31.1 4.68 1.5355260157380354e-5
31.1 4.7700000000000005 1.2875935140488638e-5
31.1 4.86 1.0734337630218531e-5
31.1 4.95 8.855723817799843e-6
31.1 5.040000000000001 7.238309262309742e-6
31.1 5.13 5.845860017987606e-6
31.1 5.22 4.660031514233596e-6
31.1 5.31 3.674893788783173e-6
31.1 5.3999999999999995 2.8598164194923503e-6
31.1 5.49 2.195724963790532e-6
31.1 5.58 1.6638781668639525e-6
31.1 5.67 1.240337335641341e-6
31.1 5.76 9.094596412910052e-7
31.1 5.8500000000000005 6.556964722600511e-7
31.1 5.94 4.670318692900484e-7
31.1 6.03 3.278665943668146e-7
31.1 6.12 2.2729142144365303e-7
31.1 6.209999999999999 1.5449183065773612e-7
31.1 6.3 1.0278589574840846e-7
31.4 1.44 5.296687200674628e-15
31.4 1.53 2.790204304188677e-13
31.4 1.6199999999999999 8.572467483742465e-12
31.4 1.71 1.5809720375534943e-10
31.4 1.8 1.862704790473378e-9
31.4 1.89 1.4230894636549405e-8
31.4 1.98 7.523196636526516e-8
31.4 2.0700000000000003 2.9477774882668656e-7
31.4 2.16 9.103501324082044e-7
31.4 2.25 2.343349512763837e-6
31.4 2.34 5.106755200739133e-6
31.4 2.43 9.710306313742852e-6
31.4 2.5200000000000005 1.6654931676436304e-5
31.4 2.61 2.6137668759465266e-5
31.4 2.6999999999999997 3.792346091369507e-5
31.4 2.79 5.149489156911691e-5
31.4 2.88 6.646707293945523e-5
31.4 2.97 8.218387457302268e-5
31.4 3.06 9.749292203915453e-5
31.4 3.15 0.00011184645674035542
31.4 3.2399999999999998 0.00012553820553843845
31.4 3.33 0.00013643651770523998
31.4 3.42 0.00014468666357745822
31.4 3.5100000000000002 0.0001505570182257061
31.4 3.6 0.00015347731002131473
31.4 3.69 0.00015419876243322813
31.4 3.78 0.00015199239352298153
31.4 3.87 0.00014761754919352728
31.4 3.96 0.00014114879373315826
31.4 4.05 0.0001327301219444557
31.4 4.140000000000001 0.00012272742025858522
31.4 4.2299999999999995 0.00011207358536113952
31.4 4.32 0.00010067751297664133
31.4 4.41 8.921755411068669e-5
31.4 4.5 7.789460312661603e-5
31.4 4.59 6.723898249056294e-5
31.4 4.68 5.771054324334925e-5
31.4 4.7700000000000005 4.8592139962995625e-5
31.4 4.86 4.071827406851646e-5
31.4 4.95 3.376153626809833e-5
31.4 5.040000000000001 2.7702338447554264e-5
31.4 5.13 2.2433723778869737e-5
31.4 5.22 1.7919685612370617e-5
31.4 5.31 1.4140522567348155e-5
31.4 5.3999999999999995 1.1002882914607106e-5
31.4 5.49 8.44208349152691e-6
31.4 5.58 6.3859823840190514e-6
31.4 5.67 4.750186858366827e-6
31.4 5.76 3.4721969393715662e-6
31.4 5.8500000000000005 2.4965418514169986e-6
31.4 5.94 1.7710938464011336e-6
31.4 6.03 1.238661020813195e-6
31.4 6.12 8.544132804413489e-7
31.4 6.209999999999999 5.783335451289194e-7
31.4 6.3 3.829586074299614e-7
31.7 1.44 4.7041689551988505e-14
31.7 1.53 2.309593425521396e-12
31.7 1.6199999999999999 6.476731393166253e-11
31.7 1.71 1.1185121590348225e-9
31.7 1.8 1.2106133588723003e-8
31.7 1.89 8.394212568130948e-8
31.7 1.98 4.066030964946599e-7
31.7 2.0700000000000003 1.470513537591587e-6
31.7 2.16 4.2265251238746884e-6
31.7 2.25 1.0218983755805188e-5
31.7 2.34 2.119758742246263e-5
31.7 2.43 3.86455297646607e-5
31.7 2.5200000000000005 6.390427867942547e-5
31.7 2.61 9.717594756409379e-5
31.7 2.6999999999999997 0.00013721387084848278
31.7 2.79 0.00018224643454564838
31.7 2.88 0.00023126410913956386
31.7 2.97 0.0002821849787094271
31.7 3.06 0.00033063216655532994
31.7 3.15 0.00037576288577748253
31.7 3.2399999999999998 0.0004186033703694017
31.7 3.33 0.0004519918363272521
31.7 3.42 0.00047724513688622317
31.7 3.5100000000000002 0.0004955603588356108
31.7 3.6 0.0005050796985650207
31.7 3.69 0.0005077856336191341
31.7 3.78 0.0005009391849405642
31.7 3.87 0.00048689728846197465
31.7 3.96 0.0004662308546700595
31.7 4.05 0.00043875782539794543
31.7 4.140000000000001 0.0004062189103692245
31.7 4.2299999999999995 0.000371301005810639
31.7 4.32 0.00033423094919000316
31.7 4.41 0.00029699060861295296
31.7 4.5 0.00026020275790787243
31.7 4.59 0.00022577268274845644
31.7 4.68 0.00019470735247649893
31.7 4.7700000000000005 0.00016457747948338814
31.7 4.86 0.00013848203609912352
31.7 4.95 0.00011526847000173922
31.7 5.040000000000001 9.480944735243417e-5
31.7 5.13 7.689933406035946e-5
31.7 5.22 6.146127774589891e-5
31.7 5.31 4.848542756555808e-5
31.7 5.3999999999999995 3.768928620748378e-5
31.7 5.49 2.887160518072487e-5
31.7 5.58 2.178639442106291e-5
31.7 5.67 1.616030746163644e-5
31.7 5.76 1.1773950314238116e-5
31.7 5.8500000000000005 8.436955323852931e-6
31.7 5.94 5.9595075285095425e-6
31.7 6.03 4.1508201157563745e-6
31.7 6.12 2.848432473952952e-6
31.7 6.209999999999999 1.919010118269504e-6
31.7 6.3 1.2643215249095445e-6
32.0 1.44 3.5681466850420275e-13
32.0 1.53 1.6316684202281274e-11
32.0 1.6199999999999999 4.256324538121317e-10
32.0 1.71 6.71278424684185e-9
32.0 1.8 6.620508360304163e-8
32.0 1.89 4.192518043647636e-7
32.0 1.98 1.862616821560955e-6
32.0 2.0700000000000003 6.235292723434168e-6
32.0 2.16 1.6748539179791943e-5
32.0 2.25 3.8219982605590374e-5
32.0 2.34 7.576650712847118e-5
32.0 2.43 0.00013393720559911433
32.0 2.5200000000000005 0.00021273781292526379
32.0 2.61 0.00031469226148316383
32.0 2.6999999999999997 0.0004341726685809796
32.0 2.79 0.0005662004639776793
32.0 2.88 0.0007084860182687356
32.0 2.97 0.000854886152686594
32.0 3.06 0.0009916862276351376
32.0 3.15 0.0011190923428821583
32.0 3.2399999999999998 0.0012398697292585743
32.0 3.33 0.001333147274971443
32.0 3.42 0.001404736147350851
32.0 3.5100000000000002 0.0014581954015591323
32.0 3.6 0.0014880790254402163
32.0 3.69 0.0014981585854319604
32.0 3.78 0.001479347374765031
32.0 3.87 0.0014398062646201915
32.0 3.96 0.0013804511126984044
32.0 4.05 0.0013003480308241156
32.0 4.140000000000001 0.001206028654151318
32.0 4.2299999999999995 0.0011041441560077079
32.0 4.32 0.000995334652769041
32.0 4.41 0.0008881846288312372
32.0 4.5 0.0007805244542507739
32.0 4.59 0.0006815060546482185
32.0 4.68 0.0005897830915148882
32.0 4.7700000000000005 0.0005001366304121453
32.0 4.86 0.000422004210320339
32.0 4.95 0.00035220449055490063
32.0 5.040000000000001 0.0002900832766104683
32.0 5.13 0.00023537734116441157
32.0 5.22 0.00018806468539980724
32.0 5.31 0.0001481864697219164
32.0 5.3999999999999995 0.00011499469478493198
32.0 5.49 8.790497141025561e-5
32.0 5.58 6.614258581701392e-5
32.0 5.67 4.889721949873109e-5
32.0 5.76 3.549851482613959e-5
32.0 5.8500000000000005 2.534154596798404e-5
32.0 5.94 1.7819300973928536e-5
32.0 6.03 1.2360696212008551e-5
32.0 6.12 8.432818920119711e-6
32.0 6.209999999999999 5.647782937978364e-6
32.0 6.3 3.7125512800178014e-6
32.3 1.44 2.3176335880425854e-12
32.3 1.53 9.860023368073996e-11
32.3 1.6199999999999999 2.3801701981023957e-9
32.3 1.71 3.424411326473155e-8
32.3 1.8 3.07292214956388e-7
32.3 1.89 1.777808432886202e-6
32.3 1.98 7.255183023794618e-6
32.3 2.0700000000000003 2.2560821942779183e-5
32.3 2.16 5.6890856927996965e-5
32.3 2.25 0.0001231535605171187
32.3 2.34 0.00023387997216051714
32.3 2.43 0.00039954332186244314
32.3 2.5200000000000005 0.0006175977225757291
32.3 2.61 0.0008922916001615341
32.3 2.6999999999999997 0.0012077591160850622
32.3 2.79 0.0015522889551839523
32.3 2.88 0.0019202177935633109
32.3 2.97 0.002295368504837466
32.3 3.06 0.002642437829707266
32.3 3.15 0.0029675626713487075
32.3 3.2399999999999998 0.0032763086518676613
32.3 3.33 0.0035159070879079843
32.3 3.42 0.003703887619197963
32.3 3.5100000000000002 0.0038491651271559957
32.3 3.6 0.003935927119760675
32.3 3.69 0.003967590998767348
32.3 3.78 0.003923788757726217
32.3 3.87 0.003822496928002651
32.3 3.96 0.0036712576978307444
32.3 4.05 0.0034629400035477713
32.3 4.140000000000001 0.003217283612158369
32.3 4.2299999999999995 0.002951512067435434
32.3 4.32 0.00266840756035115
32.3 4.41 0.0023886963739569974
32.3 4.5 0.0021066389678772533
32.3 4.59 0.0018473863292758615
32.3 4.68 0.0016035659606001465
32.3 4.7700000000000005 0.0013631124633464533
32.3 4.86 0.0011518507596684612
32.3 4.95 0.0009628765108954356
32.3 5.040000000000001 0.0007934322897094833
32.3 5.13 0.0006435675094012279
32.3 5.22 0.0005137124776668663
32.3 5.31 0.000404026670168815
32.3 5.3999999999999995 0.00031290457218827443
32.3 5.49 0.00023857664330358691
32.3 5.58 0.00017891228382195415
32.3 5.67 0.00013177903772517203
32.3 5.76 9.53110716692804e-5
32.3 5.8500000000000005 6.775274792508333e-5
32.3 5.94 4.7440448573598215e-5
32.3 6.03 3.2735897042882504e-5
32.3 6.12 2.220653894544677e-5
32.3 6.209999999999999 1.479334768675968e-5
32.3 6.3 9.670010218797373e-6
32.6 1.44 1.2924748294951709e-11
32.6 1.53 5.10669670224019e-10
32.6 1.6199999999999999 1.1348233592548752e-8
32.6 1.71 1.4878274191908856e-7
32.6 1.8 1.2134976206034362e-6
32.6 1.89 6.418860617940715e-6
32.6 1.98 2.410784328138293e-5
32.6 2.0700000000000003 6.99378053806274e-5
32.6 2.16 0.00016637272870037445
32.6 2.25 0.0003435019239386801
32.6 2.34 0.000629324328443763
32.6 2.43 0.0010407540256499558
32.6 2.5200000000000005 0.001571834038689767
32.6 2.61 0.002226995216884553
32.6 2.6999999999999997 0.002968794993817812
32.6 2.79 0.0037724231161490665
32.6 2.88 0.004624849043928657
32.6 2.97 0.005485863920247168
32.6 3.06 0.00628188593811497
32.6 3.15 0.007036138611373078
32.6 3.2399999999999998 0.007754313115223799
32.6 3.33 0.008321588003898683
32.6 3.42 0.008776259505024255
32.6 3.5100000000000002 0.009137895641608877
32.6 3.6 0.009363549783565442
32.6 3.69 0.00945034717805038
32.6 3.78 0.009360140573760386
32.6 3.87 0.00912125852286282
32.6 3.96 0.008775954676071009
32.6 4.05 0.008295257707034775
32.6 4.140000000000001 0.007722248791504388
32.6 4.2299999999999995 0.007102683978901854
32.6 4.32 0.006439030538103126
32.6 4.41 0.0057794247273475555
32.6 4.5 0.00511727760463459
32.6 4.59 0.0045029379804221075
32.6 4.68 0.003912918824014543
32.6 4.7700000000000005 0.003331559760594327
32.6 4.86 0.0028125972614843004
32.6 4.95 0.0023562762851565017
32.6 5.040000000000001 0.001941434435188731
32.6 5.13 0.001573299450038013
32.6 5.22 0.0012540820431093047
32.6 5.31 0.0009842327766430368
32.6 5.3999999999999995 0.0007604177706934984
32.6 5.49 0.0005780371889704974
32.6 5.58 0.00043186093200896767
32.6 5.67 0.0003167854658331058
32.6 5.76 0.00022818888017774538
32.6 5.8500000000000005 0.00016152353514421784
32.6 5.94 0.00011255856172550155
32.6 6.03 7.726860288384253e-5
32.6 6.12 5.2117000337512085e-5
32.6 6.209999999999999 3.452089474006031e-5
32.6 6.3 2.244473479255655e-5
32.900000000000006 1.44 6.201297259234414e-11
32.900000000000006 1.53 2.2702802713736777e-9
32.900000000000006 1.6199999999999999 4.6275388387588255e-8
32.900000000000006 1.71 5.515861085994271e-7
32.900000000000006 1.8 4.087222890719553e-6
32.900000000000006 1.89 1.978938527613974e-5
32.900000000000006 1.98 6.859016860066818e-5
32.900000000000006 2.0700000000000003 0.00018651289254681386
32.900000000000006 2.16 0.00042073797356587366
32.900000000000006 2.25 0.0008328868560678697
32.900000000000006 2.34 0.0014807501696299564
32.900000000000006 2.43 0.0023799141343827687
32.900000000000006 2.5200000000000005 0.0035285577611982206
32.900000000000006 2.61 0.004917639213898375
32.900000000000006 2.6999999999999997 0.006481029515294894
32.900000000000006 2.79 0.008162176563421022
32.900000000000006 2.88 0.009938503354110204
32.900000000000006 2.97 0.011716247225790274
32.900000000000006 3.06 0.013376190066683457
32.900000000000006 3.15 0.014972517315203427
32.900000000000006 3.2399999999999998 0.01649389578933556
32.900000000000006 3.33 0.017726165154897368
32.900000000000006 3.42 0.018735087735883733
32.900000000000006 3.5100000000000002 0.01954628591035377
32.900000000000006 3.6 0.020066405447223035
32.900000000000006 3.69 0.02027967816704515
32.900000000000006 3.78 0.02011147767267373
32.900000000000006 3.87 0.019620977419069166
32.900000000000006 3.96 0.018893351169834503
32.900000000000006 4.05 0.017894247557407476
32.900000000000006 4.140000000000001 0.01669549849636471
32.900000000000006 4.2299999999999995 0.015394485765978462
32.900000000000006 4.32 0.013992471649944906
32.900000000000006 4.41 0.012580833611815345
32.900000000000006 4.5 0.011178415172361948
32.900000000000006 4.59 0.009849556463902634
32.900000000000006 4.68 0.008570845023727968
32.900000000000006 4.7700000000000005 0.007306869217686418
32.900000000000006 4.86 0.006166574094808874
32.900000000000006 4.95 0.005166647292429736
32.900000000000006 5.040000000000001 0.004254929801344028
32.900000000000006 5.13 0.0034435909315083837
32.900000000000006 5.22 0.002740070421135097
32.900000000000006 5.31 0.002145234113088469
32.900000000000006 5.3999999999999995 0.001652929666158102
32.900000000000006 5.49 0.0012521991758298798
32.900000000000006 5.58 0.0009317249239474994
32.900000000000006 5.67 0.0006805232829330228
32.900000000000006 5.76 0.0004878907421552245
32.900000000000006 5.8500000000000005 0.0003438975557580365
32.900000000000006 5.94 0.00023847875801765605
32.900000000000006 6.03 0.00016288200843947312
32.900000000000006 6.12 0.00010925693920300717
32.900000000000006 6.209999999999999 7.197022276416125e-5
32.900000000000006 6.3 4.6545202076314756e-5
33.2 1.44 2.5652713880632954e-10
33.2 1.53 8.676156748166449e-9
33.2 1.6199999999999999 1.6168118356641782e-7
33.2 1.71 1.7481771183511806e-6
33.2 1.8 1.1771215060384856e-5
33.2 1.89 5.2252219135533016e-5
33.2 1.98 0.00016771599342408255
33.2 2.0700000000000003 0.00042970998024415523
33.2 2.16 0.0009242731386124173
33.2 2.25 0.0017631828600534873
33.2 2.34 0.003064649866198051
33.2 2.43 0.004804007592969091
33.2 2.5200000000000005 0.007009712242265944
33.2 2.61 0.009655963588616293
33.2 2.6999999999999997 0.012610991908624573
33.2 2.79 0.015782588978508878
33.2 2.88 0.019126575965525222
33.2 2.97 0.022443416322935613
33.2 3.06 0.02559863671634755
33.2 3.15 0.028682989649565803
33.2 3.2399999999999998 0.03161335498566638
33.2 3.33 0.03405843926102896
33.2 3.42 0.036083627472728634
33.2 3.5100000000000002 0.03771522052359389
33.2 3.6 0.03877722065993157
33.2 3.69 0.03922829014399841
33.2 3.78 0.038947707541795
33.2 3.87 0.038065825368887606
33.2 3.96 0.03668940684599722
33.2 4.05 0.03478143352304713
33.2 4.140000000000001 0.03253108452334054
33.2 4.2299999999999995 0.030063688742184007
33.2 4.32 0.027398508751878808
33.2 4.41 0.02465639366213774
33.2 4.5 0.02196017604444809
33.2 4.59 0.019363385030477444
33.2 4.68 0.016865579449107253
33.2 4.7700000000000005 0.014393595279469255
33.2 4.86 0.012138685840463353
33.2 4.95 0.010164327972995102
33.2 5.040000000000001 0.008364961061682899
33.2 5.13 0.006758699123352501
33.2 5.22 0.005366400344521714
33.2 5.31 0.004190024988230409
33.2 5.3999999999999995 0.00321856212007863
33.2 5.49 0.002428789844369611
33.2 5.58 0.0017997666645496002
33.2 5.67 0.0013084689082435963
33.2 5.76 0.0009339544896247574
33.2 5.8500000000000005 0.0006553066796567692
33.2 5.94 0.00045242719290566023
33.2 6.03 0.0003073625482007351
33.2 6.12 0.00020508794014093104
33.2 6.209999999999999 0.00013438436082521552
33.2 6.3 8.63835084313139e-5
33.5 1.44 9.165286759855815e-10
33.5 1.53 2.8540360985381414e-8
33.5 1.6199999999999999 4.847490620246117e-7
33.5 1.71 4.745633237445166e-6
33.5 1.8 2.906215708886719e-5
33.5 1.89 0.00011852366469080892
33.5 1.98 0.0003538200178715095
33.5 2.0700000000000003 0.0008585915919488696
33.5 2.16 0.0017727931437896095
33.5 2.25 0.003282796320200215
33.5 2.34 0.00556106676592824
33.5 2.43 0.008598613129103223
33.5 2.5200000000000005 0.012419659502739936
33.5 2.61 0.016930787237299925
33.5 2.6999999999999997 0.0219566039562547
33.5 2.79 0.027360354964021515
33.5 2.88 0.03304688765399594
33.5 2.97 0.03867498567487007
33.5 3.06 0.044150782499344066
33.5 3.15 0.04957759624657701
33.5 3.2399999999999998 0.054696063070541395
33.5 3.33 0.05909791539058746
33.5 3.42 0.06275170475472555
33.5 3.5100000000000002 0.06569056400862792
33.5 3.6 0.06761893466489677
33.5 3.69 0.06845427945466857
33.5 3.78 0.0680698306107072
33.5 3.87 0.0666187018565806
33.5 3.96 0.06427002841713929
33.5 4.05 0.06099877123442862
33.5 4.140000000000001 0.05717338444289354
33.5 4.2299999999999995 0.05291872170318141
33.5 4.32 0.04833386347453939
33.5 4.41 0.04352373580110765
33.5 4.5 0.03883743642396684
33.5 4.59 0.0342508266249901
33.5 4.68 0.02985431594684233
33.5 4.7700000000000005 0.02549753753692792
33.5 4.86 0.021485105116772485
33.5 4.95 0.017972926513812125
33.5 5.040000000000001 0.014773780824747933
33.5 5.13 0.011912092171232036
33.5 5.22 0.009434902583409571
33.5 5.31 0.0073447118420459185
33.5 5.3999999999999995 0.005622879961583495
33.5 5.49 0.004226355199766894
33.5 5.58 0.0031183806052331982
33.5 5.67 0.0022563114114538176
33.5 5.76 0.0016034326552833108
33.5 5.8500000000000005 0.001120168256160487
33.5 5.94 0.0007702138719266312
33.5 6.03 0.0005204341458625056
33.5 6.12 0.00034551274981087406
33.5 6.209999999999999 0.0002253476456537442
33.5 6.3 0.00014411411861510662
33.8 1.44 2.832445569173097e-9
33.8 1.53 8.090748245066429e-8
33.8 1.6199999999999999 1.2489165631094257e-6
33.8 1.71 1.1056011724698554e-5
33.8 1.8 6.166862232183247e-5
33.8 1.89 0.0002316874277034687
33.8 1.98 0.0006466098668110769
33.8 2.0700000000000003 0.0014952848363052555
33.8 2.16 0.0029850474904704687
33.8 2.25 0.005406859799752288
33.8 2.34 0.009018466220460104
33.8 2.43 0.013687414863505195
33.8 2.5200000000000005 0.01962545686412583
33.8 2.61 0.026633899899564623
33.8 2.6999999999999997 0.03430311360460893
33.8 2.79 0.04264993095661871
33.8 2.88 0.0514055702718457
33.8 2.97 0.06011479427162855
33.8 3.06 0.06876033127620569
33.8 3.15 0.07740932181643409
33.8 3.2399999999999998 0.08550747194050591
33.8 3.33 0.09265967606016313
33.8 3.42 0.09858095730771665
33.8 3.5100000000000002 0.10332578866999784
33.8 3.6 0.10645829162880348
33.8 3.69 0.10784263371281891
33.8 3.78 0.10735679444716391
33.8 3.87 0.10519834434291887
33.8 3.96 0.1015959181998154
33.8 4.05 0.09653045280892933
33.8 4.140000000000001 0.09061343732204268
33.8 4.2299999999999995 0.08398403766406534
33.8 4.32 0.07688213851145023
33.8 4.41 0.0692724472881215
33.8 4.5 0.061882989371156646
33.8 4.59 0.05458606957446892
33.8 4.68 0.04759319604811839
33.8 4.7700000000000005 0.040673081579581195
33.8 4.86 0.03424317377163325
33.8 4.95 0.028602400713016923
33.8 5.040000000000001 0.023473331737764603
33.8 5.13 0.01887999248924624
33.8 5.22 0.01491251725100149
33.8 5.31 0.011571511763407321
33.8 5.3999999999999995 0.008827464264890917
33.8 5.49 0.006609739226985211
33.8 5.58 0.004854738026389718
33.8 5.67 0.0034963476288361298
33.8 5.76 0.0024742488316643664
33.8 5.8500000000000005 0.001721606249611985
33.8 5.94 0.0011793623885367757
33.8 6.03 0.0007924354329504438
33.8 6.12 0.0005241206626088596
33.8 6.209999999999999 0.00034011986556590395
33.8 6.3 0.0002165240457945481
34.1 1.44 7.580430433923564e-9
34.1 1.53 1.9786945246482136e-7
34.1 1.6199999999999999 2.7688250199121082e-6
34.1 1.71 2.2154650169372325e-5
34.1 1.8 0.0001122467277829688
34.1 1.89 0.0003915844085876463
34.1 1.98 0.001028134430222829
34.1 2.0700000000000003 0.0022797651257872673
34.1 2.16 0.004439626458446553
34.1 2.25 0.00788688122454633
34.1 2.34 0.01292156820979661
34.1 2.43 0.01952318863783502
34.1 2.5200000000000005 0.027835918163046425
34.1 2.61 0.0375457522445582
34.1 2.6999999999999997 0.048195327962455424
34.1 2.79 0.0598436520488545
34.1 2.88 0.07212587549556657
34.1 2.97 0.08440120094460116
34.1 3.06 0.09678518054242112
34.1 3.15 0.10926122323146321
34.1 3.2399999999999998 0.12086533358269376
34.1 3.33 0.13126491217391364
34.1 3.42 0.13989084450317474
34.1 3.5100000000000002 0.14682526701055704
34.1 3.6 0.15138237307076408
34.1 3.69 0.15343032395362324
34.1 3.78 0.15293098398959903
34.1 3.87 0.15005660946860577
34.1 3.96 0.14493329470847324
34.1 4.05 0.13792562099565284
34.1 4.140000000000001 0.12967616923331782
34.1 4.2299999999999995 0.12030416902322662
34.1 4.32 0.1103442867149664
34.1 4.41 0.09951485740588396
34.1 4.5 0.08896664065717115
34.1 4.59 0.07847000522181573
34.1 4.68 0.06842506460015116
34.1 4.7700000000000005 0.058495568859923915
34.1 4.86 0.04920623004151062
34.1 4.95 0.0410170139838721
34.1 5.040000000000001 0.03359186169404592
34.1 5.13 0.026943436337815086
34.1 5.22 0.02121690011279111
34.1 5.31 0.016409548191484612
34.1 5.3999999999999995 0.01247377237300594
34.1 5.49 0.009303170577740995
34.1 5.58 0.006804496562671424
34.1 5.67 0.004879004819986173
34.1 5.76 0.003438701943067929
34.1 5.8500000000000005 0.0023841810106087886
34.1 5.94 0.001626846781260804
34.1 6.03 0.0010882376485457836
34.1 6.12 0.0007171071406625068
34.1 6.209999999999999 0.0004633373310933996
34.1 6.3 0.0002939617452930836
34.4 1.44 1.7584601095702382e-8
34.4 1.53 4.178871960278784e-7
34.4 1.6199999999999999 5.289408161700655e-6
34.4 1.71 3.826246090939318e-5
34.4 1.8 0.00017720994177662327
34.4 1.89 0.0005742217778472817
34.4 1.98 0.0014287510683332163
34.4 2.0700000000000003 0.003057518523286587
34.4 2.16 0.005863960405411712
34.4 2.25 0.010263120805769079
34.4 2.34 0.016725131764165478
34.4 2.43 0.025004080110161444
34.4 2.5200000000000005 0.035466555041444914
34.4 2.61 0.04760993540524857
34.4 2.6999999999999997 0.060989112836813596
34.4 2.79 0.07575311326089151
34.4 2.88 0.0913444381618967
34.4 2.97 0.10711228635073217
34.4 3.06 0.1232390995895017
34.4 3.15 0.13941257393106882
34.4 3.2399999999999998 0.1544218229333656
34.4 3.33 0.16798830554970792
34.4 3.42 0.1793597970755536
34.4 3.5100000000000002 0.18849458457840543
34.4 3.6 0.19442896171986146
34.4 3.69 0.19727642717765717
34.4 3.78 0.1968638121509327
34.4 3.87 0.19324539659474502
34.4 3.96 0.18677752605362732
34.4 4.05 0.17817805297772887
34.4 4.140000000000001 0.16767047901369056
34.4 4.2299999999999995 0.15568576081801966
34.4 4.32 0.1429277898401425
34.4 4.41 0.12922462822205108
34.4 4.5 0.11553212156112216
34.4 4.59 0.10190540911054857
34.4 4.68 0.08881106568720681
34.4 4.7700000000000005 0.07592342196329119
34.4 4.86 0.06380898036441808
34.4 4.95 0.0530547531716793
34.4 5.040000000000001 0.043341459158586865
34.4 5.13 0.03466106562571326
34.4 5.22 0.027207101784169203
34.4 5.31 0.020975687223095164
34.4 5.3999999999999995 0.015887450461815677
34.4 5.49 0.0118053868370245
34.4 5.58 0.0086007494147306
34.4 5.67 0.006142928037949636
34.4 5.76 0.0043122277267567425
34.4 5.8500000000000005 0.0029811241840361686
34.4 5.94 0.002027322578674499
34.4 6.03 0.0013547611342328656
34.4 6.12 0.0008862011870624301
34.4 6.209999999999999 0.0005702036508558968
34.4 6.3 0.000360568617496932
34.7 1.44 3.539137278637466e-8
34.7 1.53 7.628254453322793e-7
34.7 1.6199999999999999 8.71616954901436e-6
34.7 1.71 5.7068678021493737e-5
34.7 1.8 0.00024235157159490528
34.7 1.89 0.0007332959318548926
34.7 1.98 0.0017435965656215856
34.7 2.0700000000000003 0.0036287699271624263
34.7 2.16 0.006879586319657027
34.7 2.25 0.011954703669284316
34.7 2.34 0.01926884849426085
34.7 2.43 0.02879870546921053
34.7 2.5200000000000005 0.040702118511531625
34.7 2.61 0.05433536936526245
34.7 2.6999999999999997 0.06959023404684764
34.7 2.79 0.08655480937468742
34.7 2.88 0.1045716252657506
34.7 2.97 0.12292188248287997
34.7 3.06 0.1418287194819257
34.7 3.15 0.16077987245156344
34.7 3.2399999999999998 0.17825535399896503
34.7 3.33 0.19425975552869745
34.7 3.42 0.20778123818067687
34.7 3.5100000000000002 0.2186439701684007
34.7 3.6 0.2257291436683832
34.7 3.69 0.22923742009633
34.7 3.78 0.22892657881396905
34.7 3.87 0.22492447268930874
34.7 3.96 0.21769395710442357
34.7 4.05 0.20799890689358874
34.7 4.140000000000001 0.19598534460899472
34.7 4.2299999999999995 0.18222652288185603
34.7 4.32 0.1674205392655428
34.7 4.41 0.1516170130272367
34.7 4.5 0.13563583367123278
34.7 4.59 0.11961044763627088
34.7 4.68 0.10414389968243033
34.7 4.7700000000000005 0.08898906537108935
34.7 4.86 0.07471550422418603
34.7 4.95 0.06194308656001249
34.7 5.040000000000001 0.05045951016392115
34.7 5.13 0.040232903590806196
34.7 5.22 0.0314780707776705
34.7 5.31 0.024190965522929035
34.7 5.3999999999999995 0.01826122473322543
34.7 5.49 0.013525297916580668
34.7 5.58 0.009814219378265683
34.7 5.67 0.006983915226598835
34.7 5.76 0.004889663163197086
34.7 5.8500000000000005 0.003366681550359338
34.7 5.94 0.0022829938136395785
34.7 6.03 0.0015198534598078303
34.7 6.12 0.0009894825470759187
34.7 6.209999999999999 0.0006346853153446658
34.7 6.3 0.00039987852332556154
35.0 1.44 6.179712877920429e-8
35.0 1.53 1.2045823248310604e-6
35.0 1.6199999999999999 1.2397364686910287e-5
35.0 1.71 7.366563288252611e-5
35.0 1.8 0.00028794599761574626
35.0 1.89 0.0008187797107023019
35.0 1.98 0.0018787004072321023
35.0 2.0700000000000003 0.003833424932859172
35.0 2.16 0.007221086408909627
35.0 2.25 0.012549378456034595
35.0 2.34 0.020066415639077892
35.0 2.43 0.029847958057260048
35.0 2.5200000000000005 0.04193966676544751
35.0 2.61 0.05586258076711481
35.0 2.6999999999999997 0.07167423480579889
35.0 2.79 0.08930178448530629
35.0 2.88 0.10818326675246018
35.0 2.97 0.12759339749060916
35.0 3.06 0.14747680127767526
35.0 3.15 0.16748078201354027
35.0 3.2399999999999998 0.1860730745438698
35.0 3.33 0.2030209792218124
35.0 3.42 0.2175691750979909
35.0 3.5100000000000002 0.22916920413877237
35.0 3.6 0.23694668472583827
35.0 3.69 0.24083155991979358
35.0 3.78 0.2407083562661575
35.0 3.87 0.23687318944427832
35.0 3.96 0.22979078339919268
35.0 4.05 0.2196666014817355
35.0 4.140000000000001 0.20726331167031917
35.0 4.2299999999999995 0.19301089700442517
35.0 4.32 0.17739786156974294
35.0 4.41 0.16088533921066175
35.0 4.5 0.1440142890370761
35.0 4.59 0.1269294151680299
35.0 4.68 0.11036947915851983
35.0 4.7700000000000005 0.09422534892542679
35.0 4.86 0.07902272863518331
35.0 4.95 0.06530636613880478
35.0 5.040000000000001 0.053041640234513875
35.0 5.13 0.04216480437293744
35.0 5.22 0.03288154715048853
35.0 5.31 0.025193359124599947
35.0 5.3999999999999995 0.01895710498453398
35.0 5.49 0.01399493614859638
35.0 5.58 0.010116055043446495
35.0 5.67 0.00717612041630843
35.0 5.76 0.005007383860171018
35.0 5.8500000000000005 0.003434644521260023
35.0 5.94 0.002322538195344753
35.0 6.03 0.0015399086403672434
35.0 6.12 0.000997133579990973
35.0 6.209999999999999 0.0006384143201673202
35.0 6.3 0.0003997652518773253
35.3 1.44 9.361770393693272e-8
35.3 1.53 1.6468225561375132e-6
35.3 1.6199999999999999 1.5233383598529634e-5
35.3 1.71 8.481286286114008e-5
35.3 1.8 0.0002981625358835633
35.3 1.89 0.000802913861173966
35.3 1.98 0.001798959129992626
35.3 2.0700000000000003 0.0036268095375441727
35.3 2.16 0.006834859340382139
35.3 2.25 0.011899370155567688
35.3 2.34 0.018844899517314655
35.3 2.43 0.027853555527313705
35.3 2.5200000000000005 0.038987618832413945
35.3 2.61 0.051794116119590054
35.3 2.6999999999999997 0.066551401523761
35.3 2.79 0.0832087933992254
35.3 2.88 0.10111861835331679
35.3 2.97 0.1195937766728781
35.3 3.06 0.13851545990356331
35.3 3.15 0.15754902253927178
35.3 3.2399999999999998 0.17547401132519763
35.3 3.33 0.19186218957465193
35.3 3.42 0.20595455684127767
35.3 3.5100000000000002 0.21716045418882796
35.3 3.6 0.22489830460324062
35.3 3.69 0.22883266254705936
35.3 3.78 0.2289465577478947
35.3 3.87 0.2256856846977997
35.3 3.96 0.21913054614781435
35.3 4.05 0.2099061781706789
35.3 4.140000000000001 0.19839050929419502
35.3 4.2299999999999995 0.18493319190461643
35.3 4.32 0.1701130479510524
35.3 4.41 0.15428978413716665
35.3 4.5 0.13828516634427482
35.3 4.59 0.12180737882054024
35.3 4.68 0.1057161903334411
35.3 4.7700000000000005 0.09013788504190644
35.3 4.86 0.0755025538729637
35.3 4.95 0.06219433796089372
35.3 5.040000000000001 0.05035558293314095
35.3 5.13 0.03991059905905674
35.3 5.22 0.031024044452685657
35.3 5.31 0.02369982823776281
35.3 5.3999999999999995 0.01777379770733036
35.3 5.49 0.013078772264151361
35.3 5.58 0.009420229198185642
35.3 5.67 0.0066568847607357436
35.3 5.76 0.0046289068411108
35.3 5.8500000000000005 0.0031602779400654803
35.3 5.94 0.0021323152607470135
35.3 6.03 0.0014073524309741912
35.3 6.12 0.0009065239377184697
35.3 6.209999999999999 0.0005778981644228419
35.3 6.3 0.00036020644703581886
35.6 1.44 1.2306758957116971e-7
35.6 1.53 1.9509557733807413e-6
35.6 1.6199999999999999 1.6524052476079966e-5
35.6 1.71 8.213466879052396e-5
35.6 1.8 0.00027137569786598865
35.6 1.89 0.0006941684825641172
35.6 1.98 0.0015389807472798017
35.6 2.0700000000000003 0.003092293554638679
35.6 2.16 0.005831641882233803
35.6 2.25 0.010093690636314651
35.6 2.34 0.015902281093289446
35.6 2.43 0.02337816831225491
35.6 2.5200000000000005 0.03256140816866876
35.6 2.61 0.04330095784887658
35.6 2.6999999999999997 0.05577081558848142
35.6 2.79 0.07008478505626071
35.6 2.88 0.08531001934301821
35.6 2.97 0.10118689133121171
35.6 3.06 0.11745799769789153
35.6 3.15 0.13396970168315994
35.6 3.2399999999999998 0.14955539592729297
35.6 3.33 0.16395964041925506
35.6 3.42 0.17631695842629433
35.6 3.5100000000000002 0.18613054791201966
35.6 3.6 0.19305209812787782
35.6 3.69 0.19671753343915893
35.6 3.78 0.19710519796771642
35.6 3.87 0.19454173583305523
35.6 3.96 0.1891667693881515
35.6 4.05 0.18150811116963675
35.6 4.140000000000001 0.17172377451581336
35.6 4.2299999999999995 0.1602957335472297
35.6 4.32 0.14756008253302136
35.6 4.41 0.13391235825542105
35.6 4.5 0.12004493239530135
35.6 4.59 0.10563473301831731
35.6 4.68 0.0914434918170718
35.6 4.7700000000000005 0.07788836199584183
35.6 4.86 0.06515249316577013
35.6 4.95 0.053493406396387916
35.6 5.040000000000001 0.04317073587407756
35.6 5.13 0.034113448997723984
35.6 5.22 0.02642898318162231
35.6 5.31 0.020124436476365373
35.6 5.3999999999999995 0.015041753161865986
35.6 5.49 0.011031240761804138
35.6 5.58 0.007914561470270687
35.6 5.67 0.0055674741173929385
35.6 5.76 0.0038579463549187894
35.6 5.8500000000000005 0.002622978057957132
35.6 5.94 0.0017619331840126303
35.6 6.03 0.0011574445146369432
35.6 6.12 0.0007413574657313452
35.6 6.209999999999999 0.0004703946872745195
35.6 6.3 0.00029159784284307386
35.9 1.44 1.4037911003302157e-7
35.9 1.53 2.004828945170398e-6
35.9 1.6199999999999999 1.5118841138347117e-5
35.9 1.71 6.942124163030425e-5
35.9 1.8 0.00021633053286902227
35.9 1.89 0.0005345001785663041
35.9 1.98 0.0011810962214158273
35.9 2.0700000000000003 0.002378627193151514
35.9 2.16 0.004471253832169515
35.9 2.25 0.007679581944339658
35.9 2.34 0.012052518456560989
35.9 2.43 0.017645330585155813
35.9 2.5200000000000005 0.024487611413366944
35.9 2.61 0.032625873946514096
35.9 2.6999999999999997 0.04219032888269081
35.9 2.79 0.053157880667460654
35.9 2.88 0.06492127228901252
35.9 2.97 0.0773136462873729
35.9 3.06 0.08996663006365184
35.9 3.15 0.10291700902323898
35.9 3.2399999999999998 0.11522046527568498
35.9 3.33 0.1266666753057866
35.9 3.42 0.13651475260486184
35.9 3.5100000000000002 0.14434388121876945
35.9 3.6 0.14989602424659543
35.9 3.69 0.1529843656196521
35.9 3.78 0.15349035112806697
35.9 3.87 0.15178536156350045
35.9 3.96 0.14773363653189192
35.9 4.05 0.14196223338352426
35.9 4.140000000000001 0.1347015771770288
35.9 4.2299999999999995 0.12561382070587138
35.9 4.32 0.11571233925870225
35.9 4.41 0.10505083171922248
35.9 4.5 0.09416157872523985
35.9 4.59 0.0827632751901275
35.9 4.68 0.07148628970250451
35.9 4.7700000000000005 0.06076783408512396
35.9 4.86 0.05074703228616596
35.9 4.95 0.04152904731011746
35.9 5.040000000000001 0.0334007186448739
35.9 5.13 0.026307702560120615
35.9 5.22 0.020309261619123227
35.9 5.31 0.015409043286169214
35.9 5.3999999999999995 0.01147427326680819
35.9 5.49 0.008381930977691208
35.9 5.58 0.0059916141609646706
35.9 5.67 0.004190594340010064
35.9 5.76 0.0028920839269283034
35.9 5.8500000000000005 0.0019566245303568033
35.9 5.94 0.001302891349669006
35.9 6.03 0.0008545976768521859
35.9 6.12 0.0005437110764329371
35.9 6.209999999999999 0.0003432755969017054
35.9 6.3 0.00021152637156632726
36.2 1.44 1.3900185179213055e-7
36.2 1.53 1.7881641801057834e-6
36.2 1.6199999999999999 2.2622757157820143e-5
36.2 1.71 5.128786484470181e-5
36.2 1.8 0.00015146905575081824
36.2 1.89 0.0003668576949109817
36.2 1.98 0.0008126212208747813
36.2 2.0700000000000003 0.001650093231771364
36.2 2.16 0.0031173466657313754
36.2 2.25 0.00531525326212687
36.2 2.34 0.008213990056963492
36.2 2.43 0.01195723823851335
36.2 2.5200000000000005 0.016597236456722883
36.2 2.61 0.022166507390556492
36.2 2.6999999999999997 0.028777481537003692
36.2 2.79 0.036369317586268386
36.2 2.88 0.0445572873854197
36.2 2.97 0.05328378627003298
36.2 3.06 0.062216576378793735
36.2 3.15 0.0714565772691761
36.2 3.2399999999999998 0.08026915449100956
36.2 3.33 0.088473660169209
36.2 3.42 0.09560449186441074
36.2 3.5100000000000002 0.10128277167102219
36.2 3.6 0.10529519378208332
36.2 3.69 0.10757724245589159
36.2 3.78 0.10800176818129546
36.2 3.87 0.10709074538124523
36.2 3.96 0.10431843945558149
36.2 4.05 0.10038066361815932
36.2 4.140000000000001 0.09540299973107425
36.2 4.2299999999999995 0.08892867067940674
36.2 4.32 0.0819375608994277
36.2 4.41 0.07443873169601095
36.2 4.5 0.0666885189590866
36.2 4.59 0.05852718455324628
36.2 4.68 0.050435668381678005
36.2 4.7700000000000005 0.04277489732641116
36.2 4.86 0.035646059074587795
36.2 4.95 0.0290717529883567
36.2 5.040000000000001 0.023294445812402826
36.2 5.13 0.01828119455344982
36.2 5.22 0.014057195061126534
36.2 5.31 0.010621205449703046
36.2 5.3999999999999995 0.007875289658243165
36.2 5.49 0.005726333636347101
36.2 5.58 0.0040736065312527705
36.2 5.67 0.00283804398512572
36.2 5.76 0.001945293647199333
36.2 5.8500000000000005 0.001308611741387934
36.2 5.94 0.0008664898885922146
36.2 6.03 0.00056492520513003
36.2 6.12 0.000357382572180307
36.2 6.209999999999999 0.00022412383694997637
36.2 6.3 0.00013716382957723545
36.5 1.44 1.1954007157259762e-7
36.5 1.53 1.3834047751700652e-6
36.5 1.6199999999999999 8.537488352177714e-6
36.5 1.71 3.330069916853134e-5
36.5 1.8 9.417865859891438e-5
36.5 1.89 0.00022721832121946458
36.5 1.98 0.0005110772973931691
36.5 2.0700000000000003 0.0010388596317913743
36.5 2.16 0.0019447638546647523
36.5 2.25 0.0032737527389225508
36.5 2.34 0.005034594437394468
36.5 2.43 0.007280285972596899
36.5 2.5200000000000005 0.010117878910938963
36.5 2.61 0.013564853359358852
36.5 2.6999999999999997 0.01769289715296386
36.5 2.79 0.02242856415971592
36.5 2.88 0.02759213841059916
36.5 2.97 0.033176628001183046
36.5 3.06 0.038928652433018296
36.5 3.15 0.04487260595549045
36.5 3.2399999999999998 0.05059663072648544
36.5 3.33 0.05591972259376178
36.5 3.42 0.06055129390364669
36.5 3.5100000000000002 0.06428266389842442
36.5 3.6 0.06688693062545732
36.5 3.69 0.06838605212055056
36.5 3.78 0.0686752417009562
36.5 3.87 0.06826269426523192
36.5 3.96 0.06654004982321753
36.5 4.05 0.06409541819912398
36.5 4.140000000000001 0.0610053015743354
36.5 4.2299999999999995 0.05684097287999538
36.5 4.32 0.05238036512247983
36.5 4.41 0.04760322160370208
36.5 4.5 0.04260828304619132
36.5 4.59 0.037336641143764504
36.5 4.68 0.032080046744633606
36.5 4.7700000000000005 0.027144904823679268
36.5 4.86 0.022552745171168433
36.5 4.95 0.018325708453745225
36.5 5.040000000000001 0.014621699816908012
36.5 5.13 0.011427618387756485
36.5 5.22 0.008747779987381563
36.5 5.31 0.006577343607166229
36.5 5.3999999999999995 0.004852888520600879
36.5 5.49 0.003509778090688812
36.5 5.58 0.0024836637581201236
36.5 5.67 0.0017194217825781807
36.5 5.76 0.001171622648521774
36.5 5.8500000000000005 0.0007831279128200866
36.5 5.94 0.0005151905889363252
36.5 6.03 0.00033375831162923096
36.5 6.12 0.00020967492091711722
36.5 6.209999999999999 0.00013054981537233114
36.5 6.3 7.934577807579815e-5
36.800000000000004 1.44 8.93410573533078e-8
36.800000000000004 1.53 9.286346684545079e-7
36.800000000000004 1.6199999999999999 5.199971204896775e-6
36.800000000000004 1.71 1.906208574949654e-5
36.800000000000004 1.8 5.2310084006313494e-5
36.800000000000004 1.89 0.00012693240822973814
36.800000000000004 1.98 0.0002884665696205313
36.800000000000004 2.0700000000000003 0.0005908021626195652
36.800000000000004 2.16 0.001091643689905461
36.800000000000004 2.25 0.0018082251866859593
36.800000000000004 2.34 0.0027630177803302795
36.800000000000004 2.43 0.0039889346352851695
36.800000000000004 2.5200000000000005 0.0055548765944051035
36.800000000000004 2.61 0.007480745295403821
36.800000000000004 2.6999999999999997 0.00980038957500191
36.800000000000004 2.79 0.012481295683801937
36.800000000000004 2.88 0.015431917466806359
36.800000000000004 2.97 0.018659880561683224
36.800000000000004 3.06 0.022039736934197134
36.800000000000004 3.15 0.0255096092043986
36.800000000000004 3.2399999999999998 0.028854892400101154
36.800000000000004 3.33 0.031977875767211845
36.800000000000004 3.42 0.034677319606768786
36.800000000000004 3.5100000000000002 0.03687461912322083
36.800000000000004 3.6 0.038390306790211964
36.800000000000004 3.69 0.03926535087564482
36.800000000000004 3.78 0.039418610563938826
36.800000000000004 3.87 0.03926183222991073
36.800000000000004 3.96 0.038333806457613466
36.800000000000004 4.05 0.03693173087990112
36.800000000000004 4.140000000000001 0.03522596934550844
36.800000000000004 4.2299999999999995 0.03277985752186101
36.800000000000004 4.32 0.030155825973071385
36.800000000000004 4.41 0.027449104937356354
36.800000000000004 4.5 0.024527797395386162
36.800000000000004 4.59 0.02143981952821407
36.800000000000004 4.68 0.018371513745993055
36.800000000000004 4.7700000000000005 0.015502698342037678
36.800000000000004 4.86 0.012832573806330906
36.800000000000004 4.95 0.010384888193094684
36.800000000000004 5.040000000000001 0.008245777741196034
36.800000000000004 5.13 0.0064136486040833685
36.800000000000004 5.22 0.004884612289644445
36.800000000000004 5.31 0.003651806988903412
36.800000000000004 5.3999999999999995 0.0026791954176300335
36.800000000000004 5.49 0.001925892007222641
36.800000000000004 5.58 0.0013546696561113774
36.800000000000004 5.67 0.0009315490033823239
36.800000000000004 5.76 0.0006298362504350821
36.800000000000004 5.8500000000000005 0.00041907382251986196
36.800000000000004 5.94 0.0002733590335594999
36.800000000000004 6.03 0.00017586203375531562
36.800000000000004 6.12 0.00010965811715247349
36.800000000000004 6.209999999999999 6.781156720298292e-5
36.800000000000004 6.3 4.0883167591070167e-5
37.099999999999994 1.44 5.8076584618071164e-8
37.099999999999994 1.53 5.422849617662985e-7
37.099999999999994 1.6199999999999999 2.806907602182097e-6
37.099999999999994 1.71 1.050393145103837e-5
37.099999999999994 1.8 2.61086166412776e-5
37.099999999999994 1.89 6.441970867129055e-5
37.099999999999994 1.98 0.00014783753353347692
37.099999999999994 2.0700000000000003 0.00030128525510060355
37.099999999999994 2.16 0.000549141514600534
37.099999999999994 2.25 0.0008990740096964704
37.099999999999994 2.34 0.0013599139841687985
37.099999999999994 2.43 0.0019660854289998784
37.099999999999994 2.5200000000000005 0.0027465800147000756
37.099999999999994 2.61 0.003716771880693919
37.099999999999994 2.6999999999999997 0.004890196424165037
37.099999999999994 2.79 0.006261098491043782
37.099999999999994 2.88 0.007797708264875034
37.099999999999994 2.97 0.009480435573687825
37.099999999999994 3.06 0.011290368087815316
37.099999999999994 3.15 0.01311691350600731
37.099999999999994 3.2399999999999998 0.014886181013795529
37.099999999999994 3.33 0.016538353066841864
37.099999999999994 3.42 0.017945531133442837
37.099999999999994 3.5100000000000002 0.01909804409909547
37.099999999999994 3.6 0.01988484465885833
37.099999999999994 3.69 0.020339424818877398
37.099999999999994 3.78 0.020404368398274905
37.099999999999994 3.87 0.02035555716007277
37.099999999999994 3.96 0.019896315909710457
37.099999999999994 4.05 0.019179918355800754
37.099999999999994 4.140000000000001 0.018322109373909008
37.099999999999994 4.2299999999999995 0.017044637060727313
37.099999999999994 4.32 0.015653959263204394
37.099999999999994 4.41 0.014255537310474986
37.099999999999994 4.5 0.012712430719602274
37.099999999999994 4.59 0.01108107236673028
37.099999999999994 4.68 0.00945878430964108
37.099999999999994 4.7700000000000005 0.00795165834909445
37.099999999999994 4.86 0.006545263958350615
37.099999999999994 4.95 0.005281136856332974
37.099999999999994 5.040000000000001 0.004169822746224029
37.099999999999994 5.13 0.0032255785141553704
37.099999999999994 5.22 0.002442559955795953
37.099999999999994 5.31 0.0018142363192871255
37.099999999999994 5.3999999999999995 0.0013226349753304987
37.099999999999994 5.49 0.0009443291412805199
37.099999999999994 5.58 0.00065981566994156
37.099999999999994 5.67 0.0004505054101322188
37.099999999999994 5.76 0.0003021629742180849
37.099999999999994 5.8500000000000005 0.00019964967514865718
37.099999999999994 5.94 0.00012924308490299094
37.099999999999994 6.03 8.252922990833339e-5
37.099999999999994 6.12 5.1382574767410834e-5
37.099999999999994 6.209999999999999 3.134788211927103e-5
37.099999999999994 6.3 1.8742808343481714e-5
37.4 1.44 3.286794179061154e-8
37.4 1.53 2.7654991559285867e-7
37.4 1.6199999999999999 1.3167434899117312e-6
37.4 1.71 4.7984715936179805e-6
37.4 1.8 1.177607978717243e-5
37.4 1.89 2.9687941542291926e-5
37.4 1.98 6.852495600031734e-5
37.4 2.0700000000000003 0.00013792128668971154
37.4 2.16 0.0002475835060820809
37.4 2.25 0.00039985990980441824
37.4 2.34 0.0006010877847857378
37.4 2.43 0.000871045844754838
37.4 2.5200000000000005 0.001221974268066356
37.4 2.61 0.0016644863644853045
37.4 2.6999999999999997 0.002200819575250166
37.4 2.79 0.0028382614972995643
37.4 2.88 0.0035657425924803007
37.4 2.97 0.004365304468324306
37.4 3.06 0.0052289137905782
37.4 3.15 0.006100271529844069
37.4 3.2399999999999998 0.006944027387499224
37.4 3.33 0.007727678015683265
37.4 3.42 0.008386994387194481
37.4 3.5100000000000002 0.008918703914683307
37.4 3.6 0.009281399571957824
37.4 3.69 0.009492955115209752
37.4 3.78 0.009520915648905988
37.4 3.87 0.009492921612801627
37.4 3.96 0.009300865420160868
37.4 4.05 0.008970168768546685
37.4 4.140000000000001 0.008582858872191762
37.4 4.2299999999999995 0.007989038416126923
37.4 4.32 0.007309820230034308
37.4 4.41 0.0066595923206766066
37.4 4.5 0.0059224555038884675
37.4 4.59 0.005152143024388526
37.4 4.68 0.0043717819876392125
37.4 4.7700000000000005 0.0036586176807177485
37.4 4.86 0.0029975530698967677
37.4 4.95 0.002405783386616521
37.4 5.040000000000001 0.0018875868655728462
37.4 5.13 0.001451122033335235
37.4 5.22 0.0010918743326373032
37.4 5.31 0.0008051589983545397
37.4 5.3999999999999995 0.0005829047034045519
37.4 5.49 0.00041313025474137887
37.4 5.58 0.0002865570129928942
37.4 5.67 0.00019419648981415524
37.4 5.76 0.00012916582257020242
37.4 5.8500000000000005 8.469178798609892e-5
37.4 5.94 5.4386130196160145e-5
37.4 6.03 3.446547074449249e-5
37.4 6.12 2.1284939354673603e-5
37.4 6.209999999999999 1.288716186265651e-5
37.4 6.3 7.640382117839232e-6
37.7 1.44 1.6209387699153532e-8
37.7 1.53 1.23322610305957e-7
37.7 1.6199999999999999 5.413500930805528e-7
37.7 1.71 1.7527805233592116e-6
37.7 1.8 4.823449533492494e-6
37.7 1.89 1.241938004580828e-5
37.7 1.98 2.861680313631352e-5
37.7 2.0700000000000003 5.659111195219456e-5
37.7 2.16 9.96428256104625e-5
37.7 2.25 0.00015920902367689332
37.7 2.34 0.0002385408734543458
37.7 2.43 0.00034713769962919954
37.7 2.5200000000000005 0.0004901109567457601
37.7 2.61 0.0006719206478928064
37.7 2.6999999999999997 0.0008941121210744124
37.7 2.79 0.0011632229945010176
37.7 2.88 0.001476529467914538
37.7 2.97 0.0018182646012801298
37.7 3.06 0.0021886171271661473
37.7 3.15 0.0025644197136273444
37.7 3.2399999999999998 0.0029268551969859977
37.7 3.33 0.0032605897257058656
37.7 3.42 0.0035340692170949244
37.7 3.5100000000000002 0.00375115290720422
37.7 3.6 0.003898988533100695
37.7 3.69 0.003986943203044533
37.7 3.78 0.0039995854070246995
37.7 3.87 0.003988291891848294
37.7 3.96 0.0039131466516194495
37.7 4.05 0.003774527397550159
37.7 4.140000000000001 0.0036121637201194275
37.7 4.2299999999999995 0.003366296126697886
37.7 4.32 0.0030674918797165694
37.7 4.41 0.0027944774865968584
37.7 4.5 0.0024768535482313065
37.7 4.59 0.0021459448138712437
37.7 4.68 0.0018111299110330859
37.7 4.7700000000000005 0.0015083467429413903
37.7 4.86 0.0012285871965790722
37.7 4.95 0.0009801515422170296
37.7 5.040000000000001 0.0007637055738799818
37.7 5.13 0.0005830798953220992
37.7 5.22 0.00043567505346398975
37.7 5.31 0.00031878994008660523
37.7 5.3999999999999995 0.00022904521525078197
37.7 5.49 0.00016104537962255503
37.7 5.58 0.0001108510216722493
37.7 5.67 7.454629334541527e-5
37.7 5.76 4.912789386100224e-5
37.7 5.8500000000000005 3.196740962126055e-5
37.7 5.94 2.0361885921697317e-5
37.7 6.03 1.2802967529107747e-5
37.7 6.12 7.840911266826291e-6
37.7 6.209999999999999 4.709828319367594e-6
37.7 6.3 2.768632945423919e-6
38.0 1.44 6.975385040310243e-9
38.0 1.53 4.8073892787678764e-8
38.0 1.6199999999999999 1.9955472062495177e-7
38.0 1.71 6.393574627420582e-7
38.0 1.8 1.7991739192074934e-6
38.0 1.89 4.7033983742904975e-6
38.0 1.98 1.073257982727593e-5
38.0 2.0700000000000003 2.076234859657157e-5
38.0 2.16 3.5844403222035084e-5
38.0 2.25 5.667058902276794e-5
38.0 2.34 8.507881157629633e-5
38.0 2.43 0.0001245346063326678
38.0 2.5200000000000005 0.00017714998245126586
38.0 2.61 0.000244683244151179
38.0 2.6999999999999997 0.0003283733835455782
38.0 2.79 0.00043139580412104205
38.0 2.88 0.0005531560660826145
38.0 2.97 0.0006866987283473577
38.0 3.06 0.0008296369511275321
38.0 3.15 0.0009745886217176875
38.0 3.2399999999999998 0.0011133188459972912
38.0 3.33 0.0012394332557507071
38.0 3.42 0.0013415121742085354
38.0 3.5100000000000002 0.001419275585743469
38.0 3.6 0.0014725838229938395
38.0 3.69 0.0015052558595611094
38.0 3.78 0.0015113563195898684
38.0 3.87 0.001507366899170233
38.0 3.96 0.0014810114848412131
38.0 4.05 0.0014283269782188446
38.0 4.140000000000001 0.001368214279483811
38.0 4.2299999999999995 0.0012747717320097727
38.0 4.32 0.0011557819965984392
38.0 4.41 0.0010518888886629728
38.0 4.5 0.0009286931574662806
38.0 4.59 0.000800845409512562
38.0 4.68 0.000671509083880516
38.0 4.7700000000000005 0.0005562988319754681
38.0 4.86 0.0004500161862928073
38.0 4.95 0.0003564057398928319
38.0 5.040000000000001 0.0002757836168112389
38.0 5.13 0.00020900439012193448
38.0 5.22 0.00015499643192975655
38.0 5.31 0.00011249982429567906
38.0 5.3999999999999995 8.017094700831793e-5
38.0 5.49 5.591282101308104e-5
38.0 5.58 3.817011632508018e-5
38.0 5.67 2.5466005044672813e-5
38.0 5.76 1.6625239768967197e-5
38.0 5.8500000000000005 1.0732618236954765e-5
38.0 5.94 6.779534280394036e-6
38.0 6.03 4.2283097156999436e-6
38.0 6.12 2.568219341770725e-6
38.0 6.209999999999999 1.5301653109972652e-6
38.0 6.3 8.918876175273725e-7
38.3 1.44 2.6213747007817004e-9
38.3 1.53 1.6414614451358087e-8
38.3 1.6199999999999999 6.501115543693441e-8
38.3 1.71 2.1111762183954848e-7
38.3 1.8 6.108274293801276e-7
38.3 1.89 1.6095282012384704e-6
38.3 1.98 3.6102424879759245e-6
38.3 2.0700000000000003 6.797348413133892e-6
38.3 2.16 1.1468344159570933e-5
38.3 2.25 1.811139786153832e-5
38.3 2.34 2.7294083422317312e-5
38.3 2.43 4.022502039111256e-5
38.3 2.5200000000000005 5.7706730057746095e-5
38.3 2.61 8.042937719041657e-5
38.3 2.6999999999999997 0.00010913599707543175
38.3 2.79 0.00014498306311584017
38.3 2.88 0.00018752683099035667
38.3 2.97 0.00023494777411748658
38.3 3.06 0.00028436233557884393
38.3 3.15 0.0003347279191816437
38.3 3.2399999999999998 0.000382083001525547
38.3 3.33 0.0004234858162786778
38.3 3.42 0.0004577937980105064
38.3 3.5100000000000002 0.00048241862080037587
38.3 3.6 0.0004994848189632308
38.3 3.69 0.0005105397833221546
38.3 3.78 0.0005133069097232728
38.3 3.87 0.0005122222486789865
38.3 3.96 0.0005039701878994974
38.3 4.05 0.00048616692806727516
38.3 4.140000000000001 0.0004654902770335108
38.3 4.2299999999999995 0.00043385994754914785
38.3 4.32 0.00039047032347002986
38.3 4.41 0.00035336821979918304
38.3 4.5 0.00031169738493667416
38.3 4.59 0.00026733549591513036
38.3 4.68 0.00022253692429693149
38.3 4.7700000000000005 0.00018315519509809136
38.3 4.86 0.0001471440751026432
38.3 4.95 0.00011565329735672313
38.3 5.040000000000001 8.882462486171305e-5
38.3 5.13 6.677470139333196e-5
38.3 5.22 4.913222617945637e-5
38.3 5.31 3.536188323344448e-5
38.3 5.3999999999999995 2.4982735082347252e-5
38.3 5.49 1.727835355476501e-5
38.3 5.58 1.1695502858486116e-5
38.3 5.67 7.739545700789664e-6
38.3 5.76 5.0034687705474345e-6
38.3 5.8500000000000005 3.204919474740735e-6
38.3 5.94 2.007429887358318e-6
38.3 6.03 1.2418721017559429e-6
38.3 6.12 7.480135974542292e-7
38.3 6.209999999999999 4.420219080160725e-7
38.3 6.3 2.554839833584342e-7
38.6 1.44 8.641413077335368e-10
38.6 1.53 4.94311207952342e-9
38.6 1.6199999999999999 1.9094331085485214e-8
38.6 1.71 6.343639130333297e-8
38.6 1.8 1.8786100451578132e-7
38.6 1.89 4.942953631972313e-7
38.6 1.98 1.0748191966577431e-6
38.6 2.0700000000000003 1.981707527045092e-6
38.6 2.16 3.3203942506131995e-6
38.6 2.25 5.199965948895485e-6
38.6 2.34 7.86679894658417e-6
38.6 2.43 1.1711249651908418e-5
38.6 2.5200000000000005 1.697721006890286e-5
38.6 2.61 2.3916877911972756e-5
38.6 2.6999999999999997 3.285607720907468e-5
38.6 2.79 4.4082252869115684e-5
38.6 2.88 5.7554571508849e-5
38.6 2.97 7.256304979601263e-5
38.6 3.06 8.81458598703566e-5
38.6 3.15 0.00010367123137388657
38.6 3.2399999999999998 0.00011797661647325776
38.6 3.33 0.00013001281471039514
38.6 3.42 0.00014023509556483597
38.6 3.5100000000000002 0.00014716303661376604
38.6 3.6 0.00015209084546164372
38.6 3.69 0.00015551282719451746
38.6 3.78 0.0001566316623058322
38.6 3.87 0.00015643185330106363
38.6 3.96 0.0001541140512756095
38.6 4.05 0.00014875639983426484
38.6 4.140000000000001 0.0001421049033627859
38.6 4.2299999999999995 0.00013221628275849928
38.6 4.32 0.00011838976574001323
38.6 4.41 0.00010655206159091357
38.6 4.5 9.353141712117905e-5
38.6 4.59 7.972484814900795e-5
38.6 4.68 6.582575116665065e-5
38.6 4.7700000000000005 5.367835047767946e-5
38.6 4.86 4.2916110832391435e-5
38.6 4.95 3.3466356552508195e-5
38.6 5.040000000000001 2.5495796727619397e-5
38.6 5.13 1.9003582455475497e-5
38.6 5.22 1.3867204998322445e-5
38.6 5.31 9.896266633726306e-6
38.6 5.3999999999999995 6.929270763745411e-6
38.6 5.49 4.751570374691912e-6
38.6 5.58 3.188537441162839e-6
38.6 5.67 2.092567370956116e-6
38.6 5.76 1.3405095421265516e-6
38.6 5.8500000000000005 8.515570191501625e-7
38.6 5.94 5.287299899586267e-7
38.6 6.03 3.244266715267929e-7
38.6 6.12 1.9379400715281945e-7
38.6 6.209999999999999 1.1357682193388573e-7
38.6 6.3 6.511186432009628e-8
38.9 1.44 2.4810447549212126e-10
38.9 1.53 1.3172848180765404e-9
38.9 1.6199999999999999 5.058839761692559e-9
38.9 1.71 1.722134635472085e-8
38.9 1.8 5.2478639534567976e-8
38.9 1.89 1.359850629613971e-7
38.9 1.98 2.8592625961444617e-7
38.9 2.0700000000000003 5.16335137230509e-7
38.9 2.16 8.53815318928219e-7
38.9 2.25 1.3391905051991463e-6
38.9 2.34 2.0451178853487384e-6
38.9 2.43 3.077716407465428e-6
38.9 2.5200000000000005 4.514092905485393e-6
38.9 2.61 6.438219007866464e-6
38.9 2.6999999999999997 8.96670219325324e-6
38.9 2.79 1.2146902109545895e-5
38.9 2.88 1.5966739360124793e-5
38.9 2.97 2.0277004572843476e-5
38.9 3.06 2.4644092489890533e-5
38.9 3.15 2.891080067582488e-5
38.9 3.2399999999999998 3.2735509509754785e-5
38.9 3.33 3.581560357923153e-5
38.9 3.42 3.851439641100984e-5
38.9 3.5100000000000002 4.0260116804937566e-5
38.9 3.6 4.155443615530882e-5
38.9 3.69 4.252641284597697e-5
38.9 3.78 4.294007344798719e-5
38.9 3.87 4.2922542364996996e-5
38.9 3.96 4.2332879632234755e-5
38.9 4.05 4.0848377473338854e-5
38.9 4.140000000000001 3.8885857850373797e-5
38.9 4.2299999999999995 3.60803058801695e-5
38.9 4.32 3.2194146322054445e-5
38.9 4.41 2.872751670169514e-5
38.9 4.5 2.5065866280424305e-5
38.9 4.59 2.1219161902862222e-5
38.9 4.68 1.7380807824520503e-5
38.9 4.7700000000000005 1.4053607008154869e-5
38.9 4.86 1.1157756306467613e-5
38.9 4.95 8.628593073181891e-6
38.9 5.040000000000001 6.519317922693545e-6
38.9 5.13 4.816230552628008e-6
38.9 5.22 3.484646939690907e-6
38.9 5.31 2.465416638759734e-6
38.9 5.3999999999999995 1.7104787001891253e-6
38.9 5.49 1.1628771298964968e-6
38.9 5.58 7.735652400203089e-7
38.9 5.67 5.034278407721377e-7
38.9 5.76 3.1967060061804035e-7
38.9 5.8500000000000005 2.012448512870617e-7
38.9 5.94 1.2392361686980898e-7
38.9 6.03 7.541394282255902e-8
38.9 6.12 4.4662744099254095e-8
38.9 6.209999999999999 2.5971877033477055e-8
38.9 6.3 1.4771597437041484e-8
39.2 1.44 6.260319714065321e-11
39.2 1.53 3.1208603126255565e-10
39.2 1.6199999999999999 1.2080122311178019e-9
39.2 1.71 4.294743532726359e-9
39.2 1.8 1.3202213326051681e-8
39.2 1.89 3.3280421109702846e-8
39.2 1.98 6.844931840743947e-8
39.2 2.0700000000000003 1.2012355278882997e-7
39.2 2.16 1.9542368025533993e-7
39.2 2.25 3.1077443562807706e-7
39.2 2.34 4.794794044211085e-7
39.2 2.43 7.307081808437909e-7
39.2 2.5200000000000005 1.086294779335272e-6
39.2 2.61 1.5718100076657083e-6
39.2 2.6999999999999997 2.2172765070461277e-6
39.2 2.79 3.031808346454654e-6
39.2 2.88 4.020706608617402e-6
39.2 2.97 5.121004358813195e-6
39.2 3.06 6.204009424653608e-6
39.2 3.15 7.243496858413315e-6
39.2 3.2399999999999998 8.140541940136193e-6
39.2 3.33 8.845031560625492e-6
39.2 3.42 9.478655976253549e-6
39.2 3.5100000000000002 9.875933103815462e-6
39.2 3.6 1.0188298296718926e-5
39.2 3.69 1.0441039169689961e-5
39.2 3.78 1.0571178071569779e-5
39.2 3.87 1.0577127063209566e-5
39.2 3.96 1.0437513602521134e-5
39.2 4.05 1.0057704653409187e-5
39.2 4.140000000000001 9.526358391188825e-6
39.2 4.2299999999999995 8.81412056456936e-6
39.2 4.32 7.830227236596725e-6
39.2 4.41 6.916647337200352e-6
39.2 4.5 5.994184427639756e-6
39.2 4.59 5.037608339252064e-6
39.2 4.68 4.095007691660142e-6
39.2 4.7700000000000005 3.279904623569991e-6
39.2 4.86 2.584484717356352e-6
39.2 4.95 1.9816691876458886e-6
39.2 5.040000000000001 1.4847719192860488e-6
39.2 5.13 1.0869787503429462e-6
39.2 5.22 7.796213504135289e-7
39.2 5.31 5.46790999512696e-7
39.2 5.3999999999999995 3.758625966867446e-7
39.2 5.49 2.533350055812464e-7
39.2 5.58 1.6705769840737446e-7
39.2 5.67 1.0780682986773648e-7
39.2 5.76 6.788111780259421e-8
39.2 5.8500000000000005 4.233396082900557e-8
39.2 5.94 2.5859964664228126e-8
39.2 6.03 1.560938939514467e-8
39.2 6.12 9.169295287528645e-9
39.2 6.209999999999999 5.2889428939102445e-9
39.2 6.3 2.985056024128205e-9
39.5 1.44 1.3864828918842901e-11
39.5 1.53 6.610090026986063e-11
39.5 1.6199999999999999 2.617682400445333e-10
39.5 1.71 9.719826313202461e-10
39.5 1.8 2.987392429324309e-9
39.5 1.89 7.2551918089022305e-9
39.5 1.98 1.4486056877309906e-8
39.5 2.0700000000000003 2.4873736455365518e-8
39.5 2.16 4.0385857978579406e-8
39.5 2.25 6.478577862231833e-8
39.5 2.34 1.0150431274154726e-7
39.5 2.43 1.5695542112048677e-7
39.5 2.5200000000000005 2.3689411272332772e-7
39.5 2.61 3.479942401844522e-7
39.5 2.6999999999999997 4.969796215891676e-7
39.5 2.79 6.857393789593985e-7
39.5 2.88 9.123913102115338e-7
39.5 2.97 1.16634756090234e-6
39.5 3.06 1.4031569837373865e-6
39.5 3.15 1.6267075667324175e-6
39.5 3.2399999999999998 1.8125276013833102e-6
39.5 3.33 1.9560386532829475e-6
39.5 3.42 2.0895676568839867e-6
39.5 3.5100000000000002 2.1722721420212397e-6
39.5 3.6 2.241810589917202e-6
39.5 3.69 2.301976858263052e-6
39.5 3.78 2.3374400396650207e-6
39.5 3.87 2.3396866914241207e-6
39.5 3.96 2.30800521571308e-6
39.5 4.05 2.2182549664448802e-6
39.5 4.140000000000001 2.089072763577437e-6
39.5 4.2299999999999995 1.923074568663432e-6
39.5 4.32 1.7004385593528482e-6
39.5 4.41 1.4867505901305634e-6
39.5 4.5 1.2786739709290085e-6
39.5 4.59 1.0661803305081718e-6
39.5 4.68 8.602775153844484e-7
39.5 4.7700000000000005 6.821810506276026e-7
39.5 4.86 5.331271398307302e-7
39.5 4.95 4.054453761715539e-7
39.5 5.040000000000001 3.012229449781717e-7
39.5 5.13 2.1850751802688206e-7
39.5 5.22 1.553292481434985e-7
39.5 5.31 1.0798893996790604e-7
39.5 5.3999999999999995 7.354879136061377e-8
39.5 5.49 4.914639759899895e-8
39.5 5.58 3.212848738661782e-8
39.5 5.67 2.0559805945065706e-8
39.5 5.76 1.2840972329471335e-8
39.5 5.8500000000000005 7.931108320194782e-9
39.5 5.94 4.807468048387879e-9
39.5 6.03 2.878239015611859e-9
39.5 6.12 1.6775635300769956e-9
39.5 6.209999999999999 9.598686190717416e-10
39.5 6.3 5.376920887111866e-10
39.8 1.44 2.7054930585441995e-12
39.8 1.53 1.2664464448410379e-11
39.8 1.6199999999999999 5.183934362448559e-11
39.8 1.71 1.9961594821088695e-10
39.8 1.8 6.021487168488767e-10
39.8 1.89 1.4094615351217284e-9
39.8 1.98 2.7216394565340543e-9
39.8 2.0700000000000003 4.606554310671695e-9
39.8 2.16 7.470932768471723e-9
39.8 2.25 1.2177605974765626e-8
39.8 2.34 1.9425771070133e-8
39.8 2.43 3.051352377431306e-8
39.8 2.5200000000000005 4.68466584336303e-8
39.8 2.61 6.990683689398719e-8
39.8 2.6999999999999997 1.009618689994861e-7
39.8 2.79 1.404775705154697e-7
39.8 2.88 1.8720552550224312e-7
39.8 2.97 2.3834118177746793e-7
39.8 3.06 2.848634832165211e-7
39.8 3.15 3.2674084689492856e-7
39.8 3.2399999999999998 3.611265714663185e-7
39.8 3.33 3.871932179095639e-7
39.8 3.42 4.122829750301732e-7
39.8 3.5100000000000002 4.284726589128698e-7
39.8 3.6 4.4286502374787455e-7
39.8 3.69 4.5578281734326367e-7
39.8 3.78 4.640769391442772e-7
39.8 3.87 4.643541146051396e-7
39.8 3.96 4.5729191786897735e-7
39.8 4.05 4.380996733789342e-7
39.8 4.140000000000001 4.097695130767036e-7
39.8 4.2299999999999995 3.7512502426059535e-7
39.8 4.32 3.303322486638496e-7
39.8 4.41 2.8518440497260617e-7
39.8 4.5 2.4320865014710177e-7
39.8 4.59 2.0121567084971234e-7
39.8 4.68 1.6169290706142992e-7
39.8 4.7700000000000005 1.2643909372312847e-7
39.8 4.86 9.799789406311953e-8
39.8 4.95 7.39004100934236e-8
39.8 5.040000000000001 5.444743017388226e-8
39.8 5.13 3.914174160293924e-8
39.8 5.22 2.757065380306941e-8
39.8 5.31 1.8999427861763003e-8
39.8 5.3999999999999995 1.2822259664347016e-8
39.8 5.49 8.494476849868452e-9
39.8 5.58 5.505648326786224e-9
39.8 5.67 3.4939256934565286e-9
39.8 5.76 2.1650213491769206e-9
39.8 5.8500000000000005 1.3241780748060657e-9
39.8 5.94 7.967174329907583e-10
39.8 6.03 4.731308615808056e-10
39.8 6.12 2.7365219198270356e-10
39.8 6.209999999999999 1.5537449717712517e-10
39.8 6.3 8.638989918097808e-11
