0.5 0.5 0.0
0.5 0.56 0.0
0.5 0.62 0.0
0.5 0.6799999999999999 0.0
0.5 0.74 0.0
0.5 0.8 0.0
0.5 0.86 0.0
0.5 0.92 0.0
0.5 0.98 0.0
0.5 1.04 0.0
0.5 1.1 0.0
0.5 1.1600000000000001 0.0
0.5 1.22 0.0
0.5 1.28 0.0
0.5 1.34 0.0
0.5 1.4 0.0
0.5 1.46 0.0
0.5 1.52 0.0
0.5 1.58 0.0
0.5 1.6400000000000001 0.0
0.5 1.7000000000000002 0.0
0.5 1.76 0.0
0.5 1.82 0.0
0.5 1.8800000000000001 0.0
0.5 1.94 0.0
0.5 2.0 0.0
0.5 2.06 0.0
0.5 2.12 0.0
0.5 2.18 0.0
0.5 2.2399999999999998 0.0
0.5 2.3000000000000003 0.0
0.5 2.36 0.0
0.5 2.4200000000000004 0.0
0.5 2.48 0.0
0.5 2.5400000000000005 0.0
0.5 2.5999999999999996 0.0
0.5 2.66 0.0
0.5 2.7199999999999998 0.0
0.5 2.7800000000000002 0.0
0.5 2.84 0.0
0.5 2.9000000000000004 0.0
0.5 2.9599999999999995 0.0
0.5 3.02 0.0
0.5 3.0799999999999996 0.0
0.5 3.14 0.0
0.5 3.1999999999999997 0.0
0.5 3.2600000000000002 0.0
0.5 3.3200000000000003 0.0
0.5 3.38 0.0
0.5 3.4399999999999995 0.0
0.5 3.5 0.0
0.56 0.5 0.0
0.56 0.56 0.0
0.56 0.62 0.0
0.56 0.6799999999999999 0.0
0.56 0.74 0.0
0.56 0.8 0.0
0.56 0.86 0.0
0.56 0.92 0.0
0.56 0.98 0.0
0.56 1.04 0.0
0.56 1.1 0.0
0.56 1.1600000000000001 0.0
0.56 1.22 0.0
0.56 1.28 0.0
0.56 1.34 0.0
0.56 1.4 0.0
0.56 1.46 0.0
0.56 1.52 0.0
0.56 1.58 0.0
0.56 1.6400000000000001 0.0
0.56 1.7000000000000002 0.0
0.56 1.76 0.0
0.56 1.82 0.0
0.56 1.8800000000000001 0.0
0.56 1.94 0.0
0.56 2.0 0.0
0.56 2.06 0.0
0.56 2.12 0.0
0.56 2.18 0.0
0.56 2.2399999999999998 0.0
0.56 2.3000000000000003 0.0
0.56 2.36 0.0
0.56 2.4200000000000004 0.0
0.56 2.48 0.0
0.56 2.5400000000000005 0.0
0.56 2.5999999999999996 0.0
0.56 2.66 0.0
0.56 2.7199999999999998 0.0
0.56 2.7800000000000002 0.0
0.56 2.84 0.0
0.56 2.9000000000000004 0.0
0.56 2.9599999999999995 0.0
0.56 3.02 0.0
0.56 3.0799999999999996 0.0
0.56 3.14 0.0
0.56 3.1999999999999997 0.0
0.56 3.2600000000000002 0.0
0.56 3.3200000000000003 0.0
0.56 3.38 0.0
0.56 3.4399999999999995 0.0
0.56 3.5 0.0
0.62 0.5 0.0
0.62 0.56 0.0
0.62 0.62 0.0
0.62 0.6799999999999999 0.0
0.62 0.74 0.0
0.62 0.8 0.0
0.62 0.86 0.0
0.62 0.92 0.0
0.62 0.98 0.0
0.62 1.04 0.0
0.62 1.1 0.0
0.62 1.1600000000000001 0.0
0.62 1.22 0.0
0.62 1.28 0.0
0.62 1.34 0.0
0.62 1.4 0.0
0.62 1.46 0.0
0.62 1.52 0.0
0.62 1.58 0.0
0.62 1.6400000000000001 0.0
0.62 1.7000000000000002 0.0
0.62 1.76 0.0
0.62 1.82 0.0
0.62 1.8800000000000001 0.0
0.62 1.94 0.0
0.62 2.0 0.0
0.62 2.06 0.0
0.62 2.12 0.0
0.62 2.18 0.0
0.62 2.2399999999999998 0.0
0.62 2.3000000000000003 0.0
0.62 2.36 0.0
0.62 2.4200000000000004 0.0
0.62 2.48 0.0
0.62 2.5400000000000005 0.0
0.62 2.5999999999999996 0.0
0.62 2.66 0.0
0.62 2.7199999999999998 0.0
0.62 2.7800000000000002 0.0
0.62 2.84 0.0
0.62 2.9000000000000004 0.0
0.62 2.9599999999999995 0.0
0.62 3.02 0.0
0.62 3.0799999999999996 0.0
0.62 3.14 0.0
0.62 3.1999999999999997 0.0
0.62 3.2600000000000002 0.0
0.62 3.3200000000000003 0.0
0.62 3.38 0.0
0.62 3.4399999999999995 0.0
0.62 3.5 0.0
0.6799999999999999 0.5 0.0
0.6799999999999999 0.56 0.0
0.6799999999999999 0.62 0.0
0.6799999999999999 0.6799999999999999 0.0
0.6799999999999999 0.74 0.0
0.6799999999999999 0.8 0.0
0.6799999999999999 0.86 0.0
0.6799999999999999 0.92 0.0
0.6799999999999999 0.98 0.0
0.6799999999999999 1.04 0.0
0.6799999999999999 1.1 0.0
0.6799999999999999 1.1600000000000001 0.0
0.6799999999999999 1.22 0.0
0.6799999999999999 1.28 0.0
0.6799999999999999 1.34 0.0
0.6799999999999999 1.4 0.0
0.6799999999999999 1.46 0.0
0.6799999999999999 1.52 0.0
0.6799999999999999 1.58 0.0
0.6799999999999999 1.6400000000000001 0.0
0.6799999999999999 1.7000000000000002 0.0
0.6799999999999999 1.76 0.0
0.6799999999999999 1.82 0.0
0.6799999999999999 1.8800000000000001 0.0
0.6799999999999999 1.94 0.0
0.6799999999999999 2.0 0.0
0.6799999999999999 2.06 0.0
0.6799999999999999 2.12 0.0
0.6799999999999999 2.18 0.0
0.6799999999999999 2.2399999999999998 0.0
0.6799999999999999 2.3000000000000003 0.0
0.6799999999999999 2.36 0.0
0.6799999999999999 2.4200000000000004 0.0
0.6799999999999999 2.48 0.0
0.6799999999999999 2.5400000000000005 0.0
0.6799999999999999 2.5999999999999996 0.0
0.6799999999999999 2.66 0.0
0.6799999999999999 2.7199999999999998 0.0
0.6799999999999999 2.7800000000000002 0.0
0.6799999999999999 2.84 0.0
0.6799999999999999 2.9000000000000004 0.0
0.6799999999999999 2.9599999999999995 0.0
0.6799999999999999 3.02 0.0
0.6799999999999999 3.0799999999999996 0.0
0.6799999999999999 3.14 0.0
0.6799999999999999 3.1999999999999997 0.0
0.6799999999999999 3.2600000000000002 0.0
0.6799999999999999 3.3200000000000003 0.0
0.6799999999999999 3.38 0.0
0.6799999999999999 3.4399999999999995 0.0
0.6799999999999999 3.5 0.0
0.74 0.5 0.0
0.74 0.56 0.0
0.74 0.62 0.0
0.74 0.6799999999999999 0.0
0.74 0.74 0.0
0.74 0.8 0.0
0.74 0.86 0.0
0.74 0.92 0.0
0.74 0.98 0.0
0.74 1.04 0.0
0.74 1.1 0.0
0.74 1.1600000000000001 0.0
0.74 1.22 0.0
0.74 1.28 0.0
0.74 1.34 0.0
0.74 1.4 0.0
0.74 1.46 0.0
0.74 1.52 0.0
0.74 1.58 0.0
0.74 1.6400000000000001 0.0
0.74 1.7000000000000002 0.0
0.74 1.76 0.0
0.74 1.82 0.0
0.74 1.8800000000000001 0.0
0.74 1.94 0.0
0.74 2.0 0.0
0.74 2.06 0.0
0.74 2.12 0.0
0.74 2.18 0.0
0.74 2.2399999999999998 0.0
0.74 2.3000000000000003 0.0
0.74 2.36 0.0
0.74 2.4200000000000004 0.0
0.74 2.48 0.0
0.74 2.5400000000000005 0.0
0.74 2.5999999999999996 0.0
0.74 2.66 0.0
0.74 2.7199999999999998 0.0
0.74 2.7800000000000002 0.0
0.74 2.84 0.0
0.74 2.9000000000000004 0.0
0.74 2.9599999999999995 0.0
0.74 3.02 0.0
0.74 3.0799999999999996 0.0
0.74 3.14 0.0
0.74 3.1999999999999997 0.0
0.74 3.2600000000000002 0.0
0.74 3.3200000000000003 0.0
0.74 3.38 0.0
0.74 3.4399999999999995 0.0
0.74 3.5 0.0
0.8 0.5 0.0
0.8 0.56 0.0
0.8 0.62 0.0
0.8 0.6799999999999999 0.0
0.8 0.74 0.0
0.8 0.8 0.0
0.8 0.86 0.0
0.8 0.92 0.0
0.8 0.98 0.0
0.8 1.04 0.0
0.8 1.1 0.0
0.8 1.1600000000000001 0.0
0.8 1.22 0.0
0.8 1.28 0.0
0.8 1.34 0.0
0.8 1.4 0.0
0.8 1.46 0.0
0.8 1.52 0.0
0.8 1.58 0.0
0.8 1.6400000000000001 0.0
0.8 1.7000000000000002 0.0
0.8 1.76 0.0
0.8 1.82 0.0
0.8 1.8800000000000001 0.0
0.8 1.94 0.0
0.8 2.0 0.0
0.8 2.06 0.0
0.8 2.12 0.0
0.8 2.18 0.0
0.8 2.2399999999999998 0.0
0.8 2.3000000000000003 0.0
0.8 2.36 0.0
0.8 2.4200000000000004 0.0
0.8 2.48 0.0
0.8 2.5400000000000005 0.0
0.8 2.5999999999999996 0.0
0.8 2.66 0.0
0.8 2.7199999999999998 0.0
0.8 2.7800000000000002 0.0
0.8 2.84 0.0
0.8 2.9000000000000004 0.0
0.8 2.9599999999999995 0.0
0.8 3.02 0.0
0.8 3.0799999999999996 0.0
0.8 3.14 0.0
0.8 3.1999999999999997 0.0
0.8 3.2600000000000002 0.0
0.8 3.3200000000000003 0.0
0.8 3.38 0.0
0.8 3.4399999999999995 0.0
0.8 3.5 0.0
0.86 0.5 0.0
0.86 0.56 0.0
0.86 0.62 0.0
0.86 0.6799999999999999 0.0
0.86 0.74 0.0
0.86 0.8 0.0
0.86 0.86 0.0
0.86 0.92 0.0
0.86 0.98 0.0
0.86 1.04 0.0
0.86 1.1 0.0
0.86 1.1600000000000001 0.0
0.86 1.22 0.0
0.86 1.28 0.0
0.86 1.34 0.0
0.86 1.4 0.0
0.86 1.46 0.0
0.86 1.52 0.0
0.86 1.58 0.0
0.86 1.6400000000000001 0.0
0.86 1.7000000000000002 0.0
0.86 1.76 0.0
0.86 1.82 0.0
0.86 1.8800000000000001 0.0
0.86 1.94 0.0
0.86 2.0 0.0
0.86 2.06 0.0
0.86 2.12 0.0
0.86 2.18 0.0
0.86 2.2399999999999998 0.0
0.86 2.3000000000000003 0.0
0.86 2.36 0.0
0.86 2.4200000000000004 0.0
0.86 2.48 0.0
0.86 2.5400000000000005 0.0
0.86 2.5999999999999996 0.0
0.86 2.66 0.0
0.86 2.7199999999999998 0.0
0.86 2.7800000000000002 0.0
0.86 2.84 0.0
0.86 2.9000000000000004 0.0
0.86 2.9599999999999995 0.0
0.86 3.02 0.0
0.86 3.0799999999999996 0.0
0.86 3.14 0.0
0.86 3.1999999999999997 0.0
0.86 3.2600000000000002 0.0
0.86 3.3200000000000003 0.0
0.86 3.38 0.0
0.86 3.4399999999999995 0.0
0.86 3.5 0.0
0.92 0.5 0.0
0.92 0.56 0.0
0.92 0.62 0.0
0.92 0.6799999999999999 0.0
0.92 0.74 0.0
0.92 0.8 0.0
0.92 0.86 0.0
0.92 0.92 0.0
0.92 0.98 0.0
0.92 1.04 0.0
0.92 1.1 0.0
0.92 1.1600000000000001 0.0
0.92 1.22 0.0
0.92 1.28 0.0
0.92 1.34 0.0
0.92 1.4 0.0
0.92 1.46 0.0
0.92 1.52 0.0
0.92 1.58 0.0
0.92 1.6400000000000001 0.0
0.92 1.7000000000000002 0.0
0.92 1.76 0.0
0.92 1.82 0.0
0.92 1.8800000000000001 0.0
0.92 1.94 0.0
0.92 2.0 0.0
0.92 2.06 0.0
0.92 2.12 0.0
0.92 2.18 0.0
0.92 2.2399999999999998 0.0
0.92 2.3000000000000003 0.0
0.92 2.36 0.0
0.92 2.4200000000000004 0.0
0.92 2.48 0.0
0.92 2.5400000000000005 0.0
0.92 2.5999999999999996 0.0
0.92 2.66 0.0
0.92 2.7199999999999998 0.0
0.92 2.7800000000000002 0.0
0.92 2.84 0.0
0.92 2.9000000000000004 0.0
0.92 2.9599999999999995 0.0
0.92 3.02 0.0
0.92 3.0799999999999996 0.0
0.92 3.14 0.0
0.92 3.1999999999999997 0.0
0.92 3.2600000000000002 0.0
0.92 3.3200000000000003 0.0
0.92 3.38 0.0
0.92 3.4399999999999995 0.0
0.92 3.5 0.0
0.98 0.5 0.0
0.98 0.56 0.0
0.98 0.62 0.0
0.98 0.6799999999999999 0.0
0.98 0.74 0.0
0.98 0.8 0.0
0.98 0.86 0.0
0.98 0.92 0.0
0.98 0.98 0.0
0.98 1.04 0.0
0.98 1.1 0.0
0.98 1.1600000000000001 0.0
0.98 1.22 0.0
0.98 1.28 0.0
0.98 1.34 0.0
0.98 1.4 0.0
0.98 1.46 0.0
0.98 1.52 0.0
0.98 1.58 0.0
0.98 1.6400000000000001 0.0
0.98 1.7000000000000002 0.0
0.98 1.76 0.0
0.98 1.82 0.0
0.98 1.8800000000000001 0.0
0.98 1.94 0.0
0.98 2.0 0.0
0.98 2.06 0.0
0.98 2.12 0.0
0.98 2.18 0.0
0.98 2.2399999999999998 0.0
0.98 2.3000000000000003 0.0
0.98 2.36 0.0
0.98 2.4200000000000004 0.0
0.98 2.48 0.0
0.98 2.5400000000000005 0.0
0.98 2.5999999999999996 0.0
0.98 2.66 0.0
0.98 2.7199999999999998 0.0
0.98 2.7800000000000002 0.0
0.98 2.84 0.0
0.98 2.9000000000000004 0.0
0.98 2.9599999999999995 0.0
0.98 3.02 0.0
0.98 3.0799999999999996 0.0
0.98 3.14 0.0
0.98 3.1999999999999997 0.0
0.98 3.2600000000000002 0.0
0.98 3.3200000000000003 0.0
0.98 3.38 0.0
0.98 3.4399999999999995 0.0
0.98 3.5 0.0
1.04 0.5 0.0
1.04 0.56 0.0
1.04 0.62 0.0
1.04 0.6799999999999999 0.0
1.04 0.74 0.0
1.04 0.8 0.0
1.04 0.86 0.0
1.04 0.92 0.0
1.04 0.98 0.0
1.04 1.04 0.0
1.04 1.1 0.0
1.04 1.1600000000000001 0.0
1.04 1.22 0.0
1.04 1.28 0.0
1.04 1.34 0.0
1.04 1.4 0.0
1.04 1.46 0.0
1.04 1.52 0.0
1.04 1.58 0.0
1.04 1.6400000000000001 0.0
1.04 1.7000000000000002 0.0
1.04 1.76 0.0
1.04 1.82 0.0
1.04 1.8800000000000001 0.0
1.04 1.94 0.0
1.04 2.0 0.0
1.04 2.06 0.0
1.04 2.12 0.0
1.04 2.18 0.0
1.04 2.2399999999999998 0.0
1.04 2.3000000000000003 0.0
1.04 2.36 0.0
1.04 2.4200000000000004 0.0
1.04 2.48 0.0
1.04 2.5400000000000005 0.0
1.04 2.5999999999999996 0.0
1.04 2.66 0.0
1.04 2.7199999999999998 0.0
1.04 2.7800000000000002 0.0
1.04 2.84 0.0
1.04 2.9000000000000004 0.0
1.04 2.9599999999999995 0.0
1.04 3.02 0.0
1.04 3.0799999999999996 0.0
1.04 3.14 0.0
1.04 3.1999999999999997 0.0
1.04 3.2600000000000002 0.0
1.04 3.3200000000000003 0.0
1.04 3.38 0.0
1.04 3.4399999999999995 0.0
1.04 3.5 0.0
1.1 0.5 0.0
1.1 0.56 0.0
1.1 0.62 0.0
1.1 0.6799999999999999 0.0
1.1 0.74 0.0
1.1 0.8 0.0
1.1 0.86 0.0
1.1 0.92 0.0
1.1 0.98 0.0
1.1 1.04 0.0
1.1 1.1 0.0
1.1 1.1600000000000001 0.0
1.1 1.22 0.0
1.1 1.28 0.0
1.1 1.34 0.0
1.1 1.4 0.0
1.1 1.46 0.0
1.1 1.52 0.0
1.1 1.58 0.0
1.1 1.6400000000000001 0.0
1.1 1.7000000000000002 0.0
1.1 1.76 0.0
1.1 1.82 0.0
1.1 1.8800000000000001 0.0
1.1 1.94 0.0
1.1 2.0 0.0
1.1 2.06 0.0
1.1 2.12 0.0
1.1 2.18 0.0
1.1 2.2399999999999998 0.0
1.1 2.3000000000000003 0.0
1.1 2.36 0.0
1.1 2.4200000000000004 0.0
1.1 2.48 0.0
1.1 2.5400000000000005 0.0
1.1 2.5999999999999996 0.0
1.1 2.66 0.0
1.1 2.7199999999999998 0.0
1.1 2.7800000000000002 0.0
1.1 2.84 0.0
1.1 2.9000000000000004 0.0
1.1 2.9599999999999995 0.0
1.1 3.02 0.0
1.1 3.0799999999999996 0.0
1.1 3.14 0.0
1.1 3.1999999999999997 0.0
1.1 3.2600000000000002 0.0
1.1 3.3200000000000003 0.0
1.1 3.38 0.0
1.1 3.4399999999999995 0.0
1.1 3.5 0.0
1.1600000000000001 0.5 0.0
1.1600000000000001 0.56 0.0
1.1600000000000001 0.62 0.0
1.1600000000000001 0.6799999999999999 0.0
1.1600000000000001 0.74 0.0
1.1600000000000001 0.8 0.0
1.1600000000000001 0.86 0.0
1.1600000000000001 0.92 0.0
1.1600000000000001 0.98 0.0
1.1600000000000001 1.04 0.0
1.1600000000000001 1.1 0.0
1.1600000000000001 1.1600000000000001 0.0
1.1600000000000001 1.22 0.0
1.1600000000000001 1.28 0.0
1.1600000000000001 1.34 0.0
1.1600000000000001 1.4 0.0
1.1600000000000001 1.46 0.0
1.1600000000000001 1.52 0.0
1.1600000000000001 1.58 0.0
1.1600000000000001 1.6400000000000001 0.0
1.1600000000000001 1.7000000000000002 0.0
1.1600000000000001 1.76 0.0
1.1600000000000001 1.82 0.0
1.1600000000000001 1.8800000000000001 0.0
1.1600000000000001 1.94 0.0
1.1600000000000001 2.0 0.0
1.1600000000000001 2.06 0.0
1.1600000000000001 2.12 0.0
1.1600000000000001 2.18 0.0
1.1600000000000001 2.2399999999999998 0.0
1.1600000000000001 2.3000000000000003 0.0
1.1600000000000001 2.36 0.0
1.1600000000000001 2.4200000000000004 0.0
1.1600000000000001 2.48 0.0
1.1600000000000001 2.5400000000000005 0.0
1.1600000000000001 2.5999999999999996 0.0
1.1600000000000001 2.66 0.0
1.1600000000000001 2.7199999999999998 0.0
1.1600000000000001 2.7800000000000002 0.0
1.1600000000000001 2.84 0.0
1.1600000000000001 2.9000000000000004 0.0
1.1600000000000001 2.9599999999999995 0.0
1.1600000000000001 3.02 0.0
1.1600000000000001 3.0799999999999996 0.0
1.1600000000000001 3.14 0.0
1.1600000000000001 3.1999999999999997 0.0
1.1600000000000001 3.2600000000000002 0.0
1.1600000000000001 3.3200000000000003 0.0
1.1600000000000001 3.38 0.0
1.1600000000000001 3.4399999999999995 0.0
1.1600000000000001 3.5 0.0
1.22 0.5 0.0
1.22 0.56 0.0
1.22 0.62 0.0
1.22 0.6799999999999999 0.0
1.22 0.74 0.0
1.22 0.8 0.0
1.22 0.86 0.0
1.22 0.92 0.0
1.22 0.98 0.0
1.22 1.04 0.0
1.22 1.1 0.0
1.22 1.1600000000000001 0.0
1.22 1.22 0.00033925791043693584
1.22 1.28 0.021446432052588078
1.22 1.34 0.024910535407661447
1.22 1.4 0.003214339090182661
1.22 1.46 0.0039044432389070513
1.22 1.52 5.346220220275751e-7
1.22 1.58 3.940811082549575e-10
1.22 1.6400000000000001 1.0079745364258425e-16
1.22 1.7000000000000002 3.464571613973075e-17
1.22 1.76 -2.1184973057748317e-20
1.22 1.82 2.429622557422277e-19
1.22 1.8800000000000001 1.23246987904305e-19
1.22 1.94 4.678419377967321e-19
1.22 2.0 3.819604233200174e-19
1.22 2.06 7.87553539173656e-19
1.22 2.12 8.241109330478476e-20
1.22 2.18 3.908124096617118e-20
1.22 2.2399999999999998 1.317511238361935e-18
1.22 2.3000000000000003 3.7240604654369893e-19
1.22 2.36 1.328669362985365e-18
1.22 2.4200000000000004 0.0
1.22 2.48 0.0
1.22 2.5400000000000005 0.0
1.22 2.5999999999999996 0.0
1.22 2.66 0.0
1.22 2.7199999999999998 0.0
1.22 2.7800000000000002 0.0
1.22 2.84 0.0
1.22 2.9000000000000004 0.0
1.22 2.9599999999999995 0.0
1.22 3.02 0.0
1.22 3.0799999999999996 0.0
1.22 3.14 0.0
1.22 3.1999999999999997 0.0
1.22 3.2600000000000002 0.0
1.22 3.3200000000000003 0.0
1.22 3.38 0.0
1.22 3.4399999999999995 0.0
1.22 3.5 0.0
1.28 0.5 0.0
1.28 0.56 0.0
1.28 0.62 0.0
1.28 0.6799999999999999 0.0
1.28 0.74 0.0
1.28 0.8 0.0
1.28 0.86 0.0
1.28 0.92 0.0
1.28 0.98 0.0
1.28 1.04 0.0
1.28 1.1 0.0
1.28 1.1600000000000001 0.0
1.28 1.22 0.0004653373194158526
1.28 1.28 -0.002665909860543222
1.28 1.34 0.07855758780491584
1.28 1.4 0.11006741864930679
1.28 1.46 0.02233180402274822
1.28 1.52 0.007970807261242982
1.28 1.58 0.00033972506994217356
1.28 1.6400000000000001 2.3979559017658786e-11
1.28 1.7000000000000002 -1.1245234643684594e-17
1.28 1.76 -7.21199349486578e-20
1.28 1.82 7.590773901436476e-19
1.28 1.8800000000000001 3.8107371380089315e-20
1.28 1.94 1.4529196841360603e-18
1.28 2.0 -2.4595564662800055e-16
1.28 2.06 -3.952026116514189e-15
1.28 2.12 2.5932335376298736e-14
1.28 2.18 8.220304131683367e-18
1.28 2.2399999999999998 1.3483004976388973e-17
1.28 2.3000000000000003 5.231216338615394e-16
1.28 2.36 5.675344423847118e-18
1.28 2.4200000000000004 0.0
1.28 2.48 0.0
1.28 2.5400000000000005 0.0
1.28 2.5999999999999996 0.0
1.28 2.66 0.0
1.28 2.7199999999999998 0.0
1.28 2.7800000000000002 0.0
1.28 2.84 0.0
1.28 2.9000000000000004 0.0
1.28 2.9599999999999995 0.0
1.28 3.02 0.0
1.28 3.0799999999999996 0.0
1.28 3.14 0.0
1.28 3.1999999999999997 0.0
1.28 3.2600000000000002 0.0
1.28 3.3200000000000003 0.0
1.28 3.38 0.0
1.28 3.4399999999999995 0.0
1.28 3.5 0.0
1.34 0.5 0.0
1.34 0.56 0.0
1.34 0.62 0.0
1.34 0.6799999999999999 0.0
1.34 0.74 0.0
1.34 0.8 0.0
1.34 0.86 0.0
1.34 0.92 0.0
1.34 0.98 0.0
1.34 1.04 0.0
1.34 1.1 0.0
1.34 1.1600000000000001 0.0
1.34 1.22 -0.0002192547233772422
1.34 1.28 0.004134102226361707
1.34 1.34 0.022418722577847754
1.34 1.4 0.2150432778197433
1.34 1.46 0.26662804916130056
1.34 1.52 0.03180332406164484
1.34 1.58 0.023872538515802916
1.34 1.6400000000000001 -3.453349632767523e-5
1.34 1.7000000000000002 4.276021519265277e-10
1.34 1.76 1.376321907986652e-16
1.34 1.82 -2.5668404555796093e-21
1.34 1.8800000000000001 1.8416340905301075e-17
1.34 1.94 -1.2432279975401988e-20
1.34 2.0 -1.8728898480178285e-12
1.34 2.06 -2.153148396416967e-13
1.34 2.12 -3.1329766482011925e-17
1.34 2.18 1.5212818893656565e-16
1.34 2.2399999999999998 9.565117145649556e-17
1.34 2.3000000000000003 -9.337867804176951e-17
1.34 2.36 -3.026775701615957e-15
1.34 2.4200000000000004 0.0
1.34 2.48 0.0
1.34 2.5400000000000005 0.0
1.34 2.5999999999999996 0.0
1.34 2.66 0.0
1.34 2.7199999999999998 0.0
1.34 2.7800000000000002 0.0
1.34 2.84 0.0
1.34 2.9000000000000004 0.0
1.34 2.9599999999999995 0.0
1.34 3.02 0.0
1.34 3.0799999999999996 0.0
1.34 3.14 0.0
1.34 3.1999999999999997 0.0
1.34 3.2600000000000002 0.0
1.34 3.3200000000000003 0.0
1.34 3.38 0.0
1.34 3.4399999999999995 0.0
1.34 3.5 0.0
1.4 0.5 0.0
1.4 0.56 0.0
1.4 0.62 0.0
1.4 0.6799999999999999 0.0
1.4 0.74 0.0
1.4 0.8 0.0
1.4 0.86 0.0
1.4 0.92 -6.804912291123848e-19
1.4 0.98 8.741037029079861e-5
1.4 1.04 0.0005239036870677248
1.4 1.1 0.0020481197918881732
1.4 1.1600000000000001 0.00017987977256326827
1.4 1.22 0.002326985713930215
1.4 1.28 -0.001241546063469058
1.4 1.34 0.011745139225319515
1.4 1.4 0.09353151825796834
1.4 1.46 0.526118234331433
1.4 1.52 0.5000989551712456
1.4 1.58 0.0074291879710586105
1.4 1.6400000000000001 0.00011614360969114474
1.4 1.7000000000000002 2.4750693533651834e-6
1.4 1.76 2.9307733861049788e-9
1.4 1.82 1.4064314707431146e-10
1.4 1.8800000000000001 5.874553568834694e-12
1.4 1.94 5.495306993760463e-11
1.4 2.0 2.4489810018688915e-12
1.4 2.06 7.333208334100786e-15
1.4 2.12 1.2630288403320054e-11
1.4 2.18 -3.333268507198059e-11
1.4 2.2399999999999998 3.0341518993077855e-15
1.4 2.3000000000000003 3.0361011630945658e-12
1.4 2.36 2.391097201529551e-16
1.4 2.4200000000000004 2.9459328083232454e-15
1.4 2.48 -5.179572917921958e-19
1.4 2.5400000000000005 1.1221913334897566e-11
1.4 2.5999999999999996 -3.337094548606793e-18
1.4 2.66 5.62689205729383e-19
1.4 2.7199999999999998 4.699416552865342e-19
1.4 2.7800000000000002 0.0
1.4 2.84 0.0
1.4 2.9000000000000004 0.0
1.4 2.9599999999999995 0.0
1.4 3.02 0.0
1.4 3.0799999999999996 0.0
1.4 3.14 0.0
1.4 3.1999999999999997 0.0
1.4 3.2600000000000002 0.0
1.4 3.3200000000000003 0.0
1.4 3.38 0.0
1.4 3.4399999999999995 0.0
1.4 3.5 0.0
1.46 0.5 0.0
1.46 0.56 0.0
1.46 0.62 0.0
1.46 0.6799999999999999 0.0
1.46 0.74 0.0
1.46 0.8 0.0
1.46 0.86 0.0
1.46 0.92 1.381158194146869e-16
1.46 0.98 6.095834103136671e-14
1.46 1.04 5.454163622348941e-5
1.46 1.1 0.0062831829094422455
1.46 1.1600000000000001 0.011920218734932868
1.46 1.22 0.0009879714637020184
1.46 1.28 0.009534531101173303
1.46 1.34 -0.0024076679786044315
1.46 1.4 0.024620795372006423
1.46 1.46 0.3104723875358534
1.46 1.52 0.9171397975421316
1.46 1.58 0.7351279578614169
1.46 1.6400000000000001 0.06282801153090808
1.46 1.7000000000000002 -0.0013503718510518904
1.46 1.76 3.726353856512733e-8
1.46 1.82 -4.171899975440507e-8
1.46 1.8800000000000001 1.4378633580465565e-12
1.46 1.94 -7.1159704308084556e-9
1.46 2.0 -6.486365405989807e-12
1.46 2.06 3.7670533526312336e-11
1.46 2.12 -4.27460342489206e-9
1.46 2.18 -6.726258932244486e-11
1.46 2.2399999999999998 2.309471677085176e-12
1.46 2.3000000000000003 2.735545569306412e-13
1.46 2.36 1.2921800169623178e-15
1.46 2.4200000000000004 -1.465024686186813e-14
1.46 2.48 -1.1861836829738313e-17
1.46 2.5400000000000005 2.571308343256554e-11
1.46 2.5999999999999996 2.206653210683105e-16
1.46 2.66 -3.3642804864131043e-16
1.46 2.7199999999999998 8.477146165855449e-17
1.46 2.7800000000000002 0.0
1.46 2.84 0.0
1.46 2.9000000000000004 0.0
1.46 2.9599999999999995 0.0
1.46 3.02 0.0
1.46 3.0799999999999996 0.0
1.46 3.14 0.0
1.46 3.1999999999999997 0.0
1.46 3.2600000000000002 0.0
1.46 3.3200000000000003 0.0
1.46 3.38 0.0
1.46 3.4399999999999995 0.0
1.46 3.5 0.0
1.52 0.5 0.0
1.52 0.56 0.0
1.52 0.62 0.0
1.52 0.6799999999999999 0.0
1.52 0.74 0.0
1.52 0.8 0.0
1.52 0.86 0.0
1.52 0.92 1.0062566280312889e-15
1.52 0.98 -1.0667019060617331e-14
1.52 1.04 3.266266219750299e-7
1.52 1.1 9.411906400428054e-5
1.52 1.1600000000000001 0.020046658005018255
1.52 1.22 0.05566427708437246
1.52 1.28 0.006876528480324769
1.52 1.34 0.03857483354885943
1.52 1.4 0.00015684070077938688
1.52 1.46 0.05005868658527497
1.52 1.52 0.8841523452348548
1.52 1.58 1.6876270907853788
1.52 1.6400000000000001 0.8845468841597643
1.52 1.7000000000000002 0.07715818283307765
1.52 1.76 1.2849543898743967e-5
1.52 1.82 2.9530384417168264e-5
1.52 1.8800000000000001 -3.581151615926728e-9
1.52 1.94 -7.022672872906298e-8
1.52 2.0 -1.42277672584335e-9
1.52 2.06 -5.876106823957538e-12
1.52 2.12 -2.454158201197056e-8
1.52 2.18 -4.599134261273908e-11
1.52 2.2399999999999998 -1.7874348863866614e-11
1.52 2.3000000000000003 8.798027772798402e-12
1.52 2.36 5.405909702760366e-11
1.52 2.4200000000000004 -1.6496897099903107e-13
1.52 2.48 2.227523357357959e-16
1.52 2.5400000000000005 -1.6108104577783257e-8
1.52 2.5999999999999996 1.4681987426086606e-15
1.52 2.66 -1.6094187065191598e-15
1.52 2.7199999999999998 3.4151446307573917e-16
1.52 2.7800000000000002 0.0
1.52 2.84 0.0
1.52 2.9000000000000004 0.0
1.52 2.9599999999999995 0.0
1.52 3.02 0.0
1.52 3.0799999999999996 0.0
1.52 3.14 0.0
1.52 3.1999999999999997 0.0
1.52 3.2600000000000002 0.0
1.52 3.3200000000000003 0.0
1.52 3.38 0.0
1.52 3.4399999999999995 0.0
1.52 3.5 0.0
1.58 0.5 0.0
1.58 0.56 0.0
1.58 0.62 0.0
1.58 0.6799999999999999 0.0
1.58 0.74 0.0
1.58 0.8 0.0
1.58 0.86 0.0
1.58 0.92 -3.32610075083484e-15
1.58 0.98 2.8165686519338915e-15
1.58 1.04 2.7328120112716946e-15
1.58 1.1 4.13920709430396e-9
1.58 1.1600000000000001 0.004907683940883573
1.58 1.22 0.031095179010187556
1.58 1.28 0.15569546924757255
1.58 1.34 0.04092218557984777
1.58 1.4 0.1378118249506138
1.58 1.46 0.02551573898243615
1.58 1.52 0.12240595443622747
1.58 1.58 1.9696978798023506
1.58 1.6400000000000001 2.3629365612766766
1.58 1.7000000000000002 0.7418943284714283
1.58 1.76 0.09948827886816708
1.58 1.82 -0.0003140234372635919
1.58 1.8800000000000001 3.1269128572239953e-6
1.58 1.94 1.6007824932633894e-7
1.58 2.0 9.952229257687729e-9
1.58 2.06 1.2253690921833142e-9
1.58 2.12 8.364165892878172e-8
1.58 2.18 1.4227821902836463e-8
1.58 2.2399999999999998 2.0244260651103324e-8
1.58 2.3000000000000003 -1.872945511167524e-10
1.58 2.36 -7.742180263443392e-11
1.58 2.4200000000000004 5.461795098114183e-13
1.58 2.48 -6.821163980326088e-16
1.58 2.5400000000000005 1.4031211507973725e-9
1.58 2.5999999999999996 -4.771729179255909e-15
1.58 2.66 5.238975089832332e-15
1.58 2.7199999999999998 -1.1240453924853089e-15
1.58 2.7800000000000002 0.0
1.58 2.84 0.0
1.58 2.9000000000000004 0.0
1.58 2.9599999999999995 0.0
1.58 3.02 0.0
1.58 3.0799999999999996 0.0
1.58 3.14 0.0
1.58 3.1999999999999997 0.0
1.58 3.2600000000000002 0.0
1.58 3.3200000000000003 0.0
1.58 3.38 0.0
1.58 3.4399999999999995 0.0
1.58 3.5 0.0
1.6400000000000001 0.5 0.0
1.6400000000000001 0.56 0.0
1.6400000000000001 0.62 0.0
1.6400000000000001 0.6799999999999999 0.0
1.6400000000000001 0.74 0.0
1.6400000000000001 0.8 0.0
1.6400000000000001 0.86 0.0
1.6400000000000001 0.92 -5.968481615349049e-14
1.6400000000000001 0.98 5.361260476010142e-14
1.6400000000000001 1.04 7.127163764924456e-15
1.6400000000000001 1.1 -6.064461138455139e-12
1.6400000000000001 1.1600000000000001 8.295256837385808e-12
1.6400000000000001 1.22 0.004303269847423612
1.6400000000000001 1.28 0.25439887852802445
1.6400000000000001 1.34 0.3559399501031695
1.6400000000000001 1.4 0.1291539836946496
1.6400000000000001 1.46 0.434097230699761
1.6400000000000001 1.52 0.0929088522802271
1.6400000000000001 1.58 0.32347211841402346
1.6400000000000001 1.6400000000000001 3.4319784181845017
1.6400000000000001 1.7000000000000002 2.872685152179456
1.6400000000000001 1.76 0.2639348585699463
1.6400000000000001 1.82 0.07613347494357214
1.6400000000000001 1.8800000000000001 -0.0009557295457168374
1.6400000000000001 1.94 3.482299378369434e-5
1.6400000000000001 2.0 -8.76221812741378e-7
1.6400000000000001 2.06 8.560133507631988e-7
1.6400000000000001 2.12 2.190634362458829e-6
1.6400000000000001 2.18 -6.217766363176238e-8
1.6400000000000001 2.2399999999999998 4.756418519085013e-8
1.6400000000000001 2.3000000000000003 1.9303798382411144e-7
1.6400000000000001 2.36 4.720703620596355e-9
1.6400000000000001 2.4200000000000004 3.674020406286252e-12
1.6400000000000001 2.48 1.3189354815541847e-14
1.6400000000000001 2.5400000000000005 -1.9797209742067762e-7
1.6400000000000001 2.5999999999999996 -9.88574396822752e-14
1.6400000000000001 2.66 1.8376710969700609e-13
1.6400000000000001 2.7199999999999998 -4.965298327713632e-14
1.6400000000000001 2.7800000000000002 0.0
1.6400000000000001 2.84 0.0
1.6400000000000001 2.9000000000000004 0.0
1.6400000000000001 2.9599999999999995 0.0
1.6400000000000001 3.02 0.0
1.6400000000000001 3.0799999999999996 0.0
1.6400000000000001 3.14 0.0
1.6400000000000001 3.1999999999999997 0.0
1.6400000000000001 3.2600000000000002 0.0
1.6400000000000001 3.3200000000000003 0.0
1.6400000000000001 3.38 0.0
1.6400000000000001 3.4399999999999995 0.0
1.6400000000000001 3.5 0.0
1.7000000000000002 0.5 0.0
1.7000000000000002 0.56 0.0
1.7000000000000002 0.62 0.0
1.7000000000000002 0.6799999999999999 0.0
1.7000000000000002 0.74 0.0
1.7000000000000002 0.8 0.0
1.7000000000000002 0.86 0.0
1.7000000000000002 0.92 1.1002158463347394e-12
1.7000000000000002 0.98 -5.393668150648464e-13
1.7000000000000002 1.04 -2.52271048939145e-13
1.7000000000000002 1.1 -1.5030688277959636e-13
1.7000000000000002 1.1600000000000001 -4.070051672408004e-12
1.7000000000000002 1.22 2.8354986750252776e-10
1.7000000000000002 1.28 0.06006291812017044
1.7000000000000002 1.34 0.5984948907664165
1.7000000000000002 1.4 1.0459373044026776
1.7000000000000002 1.46 0.3346542683639834
1.7000000000000002 1.52 1.233238691208315
1.7000000000000002 1.58 0.24338026490204212
1.7000000000000002 1.6400000000000001 0.651972885736867
1.7000000000000002 1.7000000000000002 4.935141970543729
1.7000000000000002 1.76 2.9939487513722822
1.7000000000000002 1.82 0.6424770210797724
1.7000000000000002 1.8800000000000001 0.07192898669777867
1.7000000000000002 1.94 -0.00022057088700719362
1.7000000000000002 2.0 -3.006243278307811e-5
1.7000000000000002 2.06 -6.86062074336601e-7
1.7000000000000002 2.12 -2.251762643157528e-5
1.7000000000000002 2.18 2.1782522377209434e-6
1.7000000000000002 2.2399999999999998 -1.0355973711316612e-7
1.7000000000000002 2.3000000000000003 3.469594820573886e-8
1.7000000000000002 2.36 9.022951639564883e-7
1.7000000000000002 2.4200000000000004 -2.3564214754198787e-10
1.7000000000000002 2.48 4.583881428772719e-13
1.7000000000000002 2.5400000000000005 1.4170620701861345e-5
1.7000000000000002 2.5999999999999996 1.513375829619368e-12
1.7000000000000002 2.66 -8.631166693957703e-13
1.7000000000000002 2.7199999999999998 9.881959534962804e-14
1.7000000000000002 2.7800000000000002 0.0
1.7000000000000002 2.84 0.0
1.7000000000000002 2.9000000000000004 0.0
1.7000000000000002 2.9599999999999995 0.0
1.7000000000000002 3.02 0.0
1.7000000000000002 3.0799999999999996 0.0
1.7000000000000002 3.14 0.0
1.7000000000000002 3.1999999999999997 0.0
1.7000000000000002 3.2600000000000002 0.0
1.7000000000000002 3.3200000000000003 0.0
1.7000000000000002 3.38 0.0
1.7000000000000002 3.4399999999999995 0.0
1.7000000000000002 3.5 0.0
1.76 0.5 0.0
1.76 0.56 0.0
1.76 0.62 0.0
1.76 0.6799999999999999 0.0
1.76 0.74 0.0
1.76 0.8 0.0
1.76 0.86 0.0
1.76 0.92 -6.276726094410929e-16
1.76 0.98 -5.721720663135486e-13
1.76 1.04 -1.0127203501326875e-12
1.76 1.1 -1.1982027672913725e-12
1.76 1.1600000000000001 -9.020226434270041e-12
1.76 1.22 -3.760913162428598e-13
1.76 1.28 5.389351401934346e-10
1.76 1.34 -0.007445376387738732
1.76 1.4 1.1828108892936486
1.76 1.46 1.8053541043361965
1.76 1.52 0.7430967602676595
1.76 1.58 2.7915245343551214
1.76 1.6400000000000001 0.6059946895168893
1.76 1.7000000000000002 1.2517960545223035
1.76 1.76 7.116301694761841
1.76 1.82 2.58893723606522
1.76 1.8800000000000001 0.5576855907171954
1.76 1.94 0.031224112664365606
1.76 2.0 -6.99698400073522e-5
1.76 2.06 -0.00017927737967548334
1.76 2.12 -8.577411072351584e-6
1.76 2.18 4.397888839704142e-6
1.76 2.2399999999999998 2.9677762137804985e-5
1.76 2.3000000000000003 4.899848057479486e-6
1.76 2.36 -6.477449102790418e-7
1.76 2.4200000000000004 -1.0555236714339267e-12
1.76 2.48 -2.383218156144174e-13
1.76 2.5400000000000005 0.0002811990893571577
1.76 2.5999999999999996 5.2398942177806544e-14
1.76 2.66 5.199868141901322e-13
1.76 2.7199999999999998 -2.9194552657510186e-16
1.76 2.7800000000000002 0.0
1.76 2.84 0.0
1.76 2.9000000000000004 0.0
1.76 2.9599999999999995 0.0
1.76 3.02 0.0
1.76 3.0799999999999996 0.0
1.76 3.14 0.0
1.76 3.1999999999999997 0.0
1.76 3.2600000000000002 0.0
1.76 3.3200000000000003 0.0
1.76 3.38 0.0
1.76 3.4399999999999995 0.0
1.76 3.5 0.0
1.82 0.5 0.0
1.82 0.56 0.0
1.82 0.62 0.0
1.82 0.6799999999999999 0.0
1.82 0.74 0.0
1.82 0.8 0.0
1.82 0.86 0.0
1.82 0.92 -7.248163571343264e-16
1.82 0.98 9.575937610931905e-15
1.82 1.04 -2.1952275956624695e-14
1.82 1.1 -1.6238384881465447e-14
1.82 1.1600000000000001 2.7339620633547527e-13
1.82 1.22 -4.2837314327490805e-15
1.82 1.28 4.0961904303761037e-13
1.82 1.34 2.0416150733549717e-8
1.82 1.4 0.082785148546843
1.82 1.46 1.6348843302210678
1.82 1.52 3.233676665684982
1.82 1.58 1.3024445737465729
1.82 1.6400000000000001 5.004905550654666
1.82 1.7000000000000002 1.2286489095791355
1.82 1.76 2.070555190922341
1.82 1.82 10.466710894691731
1.82 1.8800000000000001 2.063543711956978
1.82 1.94 0.6674734432792849
1.82 2.0 0.009278308108147346
1.82 2.06 7.944385144554951e-5
1.82 2.12 -0.0004515561883895647
1.82 2.18 -0.00025703407316698674
1.82 2.2399999999999998 -1.4603365275138931e-5
1.82 2.3000000000000003 9.308219743797653e-5
1.82 2.36 3.8011944334237366e-5
1.82 2.4200000000000004 -9.345631463878951e-13
1.82 2.48 -6.861059186374699e-15
1.82 2.5400000000000005 2.2151450406749143e-6
1.82 2.5999999999999996 1.7674244375794442e-15
1.82 2.66 5.7681102566126326e-15
1.82 2.7199999999999998 -1.7820356183734714e-16
1.82 2.7800000000000002 0.0
1.82 2.84 0.0
1.82 2.9000000000000004 0.0
1.82 2.9599999999999995 0.0
1.82 3.02 0.0
1.82 3.0799999999999996 0.0
1.82 3.14 0.0
1.82 3.1999999999999997 0.0
1.82 3.2600000000000002 0.0
1.82 3.3200000000000003 0.0
1.82 3.38 0.0
1.82 3.4399999999999995 0.0
1.82 3.5 0.0
1.8800000000000001 0.5 0.0
1.8800000000000001 0.56 0.0
1.8800000000000001 0.62 0.0
1.8800000000000001 0.6799999999999999 0.0
1.8800000000000001 0.74 0.0
1.8800000000000001 0.8 0.0
1.8800000000000001 0.86 0.0
1.8800000000000001 0.92 -1.5614576232063299e-15
1.8800000000000001 0.98 -1.175190329074312e-15
1.8800000000000001 1.04 4.7283391662001397e-14
1.8800000000000001 1.1 6.905321845819372e-14
1.8800000000000001 1.1600000000000001 6.544801674252576e-14
1.8800000000000001 1.22 1.649445459311204e-12
1.8800000000000001 1.28 -3.6955444688939175e-12
1.8800000000000001 1.34 -3.6554842080149044e-10
1.8800000000000001 1.4 6.261654043466991e-7
1.8800000000000001 1.46 0.10593168146264287
1.8800000000000001 1.52 1.935106202150529
1.8800000000000001 1.58 4.379592661360595
1.8800000000000001 1.6400000000000001 1.8557638723617993
1.8800000000000001 1.7000000000000002 6.821501584899133
1.8800000000000001 1.76 2.081679529339066
1.8800000000000001 1.82 2.99019048073187
1.8800000000000001 1.8800000000000001 13.699949746365345
1.8800000000000001 1.94 2.3850745500139663
1.8800000000000001 2.0 0.6976628825148476
1.8800000000000001 2.06 0.007600323023937206
1.8800000000000001 2.12 0.0034481953679052976
1.8800000000000001 2.18 0.0006638309911307134
1.8800000000000001 2.2399999999999998 -0.0004994256002344474
1.8800000000000001 2.3000000000000003 -0.00029891497626660136
1.8800000000000001 2.36 -1.2438326216589559e-5
1.8800000000000001 2.4200000000000004 -1.1180471289942884e-11
1.8800000000000001 2.48 2.940395502664247e-15
1.8800000000000001 2.5400000000000005 2.7189242635278657e-7
1.8800000000000001 2.5999999999999996 6.372982999682781e-15
1.8800000000000001 2.66 -4.762214875847695e-15
1.8800000000000001 2.7199999999999998 -4.1181932435702284e-15
1.8800000000000001 2.7800000000000002 0.0
1.8800000000000001 2.84 0.0
1.8800000000000001 2.9000000000000004 0.0
1.8800000000000001 2.9599999999999995 0.0
1.8800000000000001 3.02 0.0
1.8800000000000001 3.0799999999999996 0.0
1.8800000000000001 3.14 0.0
1.8800000000000001 3.1999999999999997 0.0
1.8800000000000001 3.2600000000000002 0.0
1.8800000000000001 3.3200000000000003 0.0
1.8800000000000001 3.38 0.0
1.8800000000000001 3.4399999999999995 0.0
1.8800000000000001 3.5 0.0
1.94 0.5 0.0
1.94 0.56 0.0
1.94 0.62 0.0
1.94 0.6799999999999999 0.0
1.94 0.74 0.0
1.94 0.8 0.0
1.94 0.86 0.0
1.94 0.92 8.05961015905581e-17
1.94 0.98 1.1096515897187463e-15
1.94 1.04 4.041929012898961e-16
1.94 1.1 -2.685278404901185e-16
1.94 1.1600000000000001 2.0650960583535363e-16
1.94 1.22 1.2882469496736897e-12
1.94 1.28 -1.6914050000172857e-12
1.94 1.34 -5.848498260012148e-12
1.94 1.4 -5.627574038733349e-12
1.94 1.46 8.454971719772615e-7
1.94 1.52 0.30151761199512617
1.94 1.58 1.923697148947848
1.94 1.6400000000000001 5.018514661848809
1.94 1.7000000000000002 2.369070533853581
1.94 1.76 8.128073419880625
1.94 1.82 3.042860372021761
1.94 1.8800000000000001 3.814742667590621
1.94 1.94 15.27253789777105
1.94 2.0 2.966503775906608
1.94 2.06 0.7068317974487711
1.94 2.12 0.029629428121021276
1.94 2.18 0.01136308467865413
1.94 2.2399999999999998 0.002819511440902025
1.94 2.3000000000000003 0.0006504677019367188
1.94 2.36 0.00023027088712010896
1.94 2.4200000000000004 -1.538270965067961e-12
1.94 2.48 1.664992567288172e-16
1.94 2.5400000000000005 -7.886911912722265e-11
1.94 2.5999999999999996 1.3203045062051297e-15
1.94 2.66 -1.5929948764729267e-16
1.94 2.7199999999999998 -1.2505025915850056e-16
1.94 2.7800000000000002 0.0
1.94 2.84 0.0
1.94 2.9000000000000004 0.0
1.94 2.9599999999999995 0.0
1.94 3.02 0.0
1.94 3.0799999999999996 0.0
1.94 3.14 0.0
1.94 3.1999999999999997 0.0
1.94 3.2600000000000002 0.0
1.94 3.3200000000000003 0.0
1.94 3.38 0.0
1.94 3.4399999999999995 0.0
1.94 3.5 0.0
2.0 0.5 0.0
2.0 0.56 0.0
2.0 0.62 0.0
2.0 0.6799999999999999 0.0
2.0 0.74 0.0
2.0 0.8 0.0
2.0 0.86 0.0
2.0 0.92 -2.8833397243608094e-15
2.0 0.98 -5.1329297881230416e-14
2.0 1.04 -3.984759157539863e-14
2.0 1.1 -3.9286027282167415e-14
2.0 1.1600000000000001 -1.7557923935498316e-14
2.0 1.22 -8.356169543845331e-7
2.0 1.28 1.1085424782039007e-6
2.0 1.34 3.767681085131213e-6
2.0 1.4 -4.68804131289401e-6
2.0 1.46 -3.6635001748256516e-7
2.0 1.52 0.00011977645614312495
2.0 1.58 0.4845284942758359
2.0 1.6400000000000001 1.344409481849992
2.0 1.7000000000000002 4.995665789864317
2.0 1.76 2.5517110452283065
2.0 1.82 8.124858999331448
2.0 1.8800000000000001 3.598606705631869
2.0 1.94 4.431169498769876
2.0 2.0 13.335561696910354
2.0 2.06 3.078301008271083
2.0 2.12 0.5339635864355248
2.0 2.18 0.0649063370408459
2.0 2.2399999999999998 0.023167662897586244
2.0 2.3000000000000003 0.010937200442722115
2.0 2.36 0.002997666973795107
2.0 2.4200000000000004 8.169303157082646e-11
2.0 2.48 -4.938012229214426e-15
2.0 2.5400000000000005 2.4291179510024852e-12
2.0 2.5999999999999996 -7.591832064214219e-14
2.0 2.66 -1.347452196710383e-15
2.0 2.7199999999999998 1.2665544382870998e-14
2.0 2.7800000000000002 0.0
2.0 2.84 0.0
2.0 2.9000000000000004 0.0
2.0 2.9599999999999995 0.0
2.0 3.02 0.0
2.0 3.0799999999999996 0.0
2.0 3.14 0.0
2.0 3.1999999999999997 0.0
2.0 3.2600000000000002 0.0
2.0 3.3200000000000003 0.0
2.0 3.38 0.0
2.0 3.4399999999999995 0.0
2.0 3.5 0.0
2.06 0.5 0.0
2.06 0.56 0.0
2.06 0.62 0.0
2.06 0.6799999999999999 0.0
2.06 0.74 0.0
2.06 0.8 0.0
2.06 0.86 0.0
2.06 0.92 -3.446649197261471e-16
2.06 0.98 2.0644193911500718e-16
2.06 1.04 2.5986469568764146e-16
2.06 1.1 1.6551710169186373e-16
2.06 1.1600000000000001 4.795687499080324e-16
2.06 1.22 -5.575505727858617e-5
2.06 1.28 7.396552772896677e-5
2.06 1.34 0.0002513918813673692
2.06 1.4 -0.0003126642503338641
2.06 1.46 -2.2109601375672206e-5
2.06 1.52 5.4568807055749e-6
2.06 1.58 0.00057469028644459
2.06 1.6400000000000001 0.39384837095052716
2.06 1.7000000000000002 0.6676819841345958
2.06 1.76 4.256861067979803
2.06 1.82 2.132294221331825
2.06 1.8800000000000001 6.9893043228133145
2.06 1.94 3.636432831933335
2.06 2.0 4.402613803101189
2.06 2.06 7.563690344744091
2.06 2.12 2.6166024001049335
2.06 2.18 0.3577779269356494
2.06 2.2399999999999998 0.08327327995571188
2.06 2.3000000000000003 0.031063129401901524
2.06 2.36 0.007473425510491965
2.06 2.4200000000000004 -6.424580313321895e-13
2.06 2.48 7.731436918948942e-17
2.06 2.5400000000000005 -2.6679790725990606e-12
2.06 2.5999999999999996 6.268412773918996e-16
2.06 2.66 -8.08900432302548e-17
2.06 2.7199999999999998 -2.478618843363008e-16
2.06 2.7800000000000002 0.0
2.06 2.84 0.0
2.06 2.9000000000000004 0.0
2.06 2.9599999999999995 0.0
2.06 3.02 0.0
2.06 3.0799999999999996 0.0
2.06 3.14 0.0
2.06 3.1999999999999997 0.0
2.06 3.2600000000000002 0.0
2.06 3.3200000000000003 0.0
2.06 3.38 0.0
2.06 3.4399999999999995 0.0
2.06 3.5 0.0
2.12 0.5 0.0
2.12 0.56 0.0
2.12 0.62 0.0
2.12 0.6799999999999999 0.0
2.12 0.74 0.0
2.12 0.8 0.0
2.12 0.86 0.0
2.12 0.92 -7.978307101442682e-17
2.12 0.98 -6.905853589112982e-17
2.12 1.04 3.627718953742917e-17
2.12 1.1 -2.1393360159844238e-16
2.12 1.1600000000000001 3.2694436298988296e-16
2.12 1.22 -1.1593167122287412e-8
2.12 1.28 1.5379676462233567e-8
2.12 1.34 5.227199691914959e-8
2.12 1.4 -6.500808644669012e-8
2.12 1.46 2.986493341098602e-10
2.12 1.52 1.1345661072264245e-9
2.12 1.58 6.045094233769387e-9
2.12 1.6400000000000001 0.00015382499707392022
2.12 1.7000000000000002 0.10919226291834853
2.12 1.76 0.2866617416084266
2.12 1.82 2.7907178593752757
2.12 1.8800000000000001 1.544724574918365
2.12 1.94 4.997730870177962
2.12 2.0 2.9902766306150355
2.12 2.06 3.5184936505638644
2.12 2.12 2.7391047399400783
2.12 2.18 1.670273358342206
2.12 2.2399999999999998 0.11910959419432943
2.12 2.3000000000000003 0.01663343377606924
2.12 2.36 0.016302255529910284
2.12 2.4200000000000004 8.004032790779028e-9
2.12 2.48 2.6943524285329007e-17
2.12 2.5400000000000005 8.208250790588139e-12
2.12 2.5999999999999996 -6.57673405150561e-17
2.12 2.66 -2.565019134405264e-18
2.12 2.7199999999999998 -1.755416792752498e-17
2.12 2.7800000000000002 0.0
2.12 2.84 0.0
2.12 2.9000000000000004 0.0
2.12 2.9599999999999995 0.0
2.12 3.02 0.0
2.12 3.0799999999999996 0.0
2.12 3.14 0.0
2.12 3.1999999999999997 0.0
2.12 3.2600000000000002 0.0
2.12 3.3200000000000003 0.0
2.12 3.38 0.0
2.12 3.4399999999999995 0.0
2.12 3.5 0.0
2.18 0.5 0.0
2.18 0.56 0.0
2.18 0.62 0.0
2.18 0.6799999999999999 0.0
2.18 0.74 0.0
2.18 0.8 0.0
2.18 0.86 0.0
2.18 0.92 8.701069166309768e-16
2.18 0.98 -8.218957292023807e-16
2.18 1.04 -4.859718739931285e-16
2.18 1.1 -6.310889736249965e-16
2.18 1.1600000000000001 5.585325888197068e-12
2.18 1.22 -9.118780530827345e-10
2.18 1.28 1.2097170250595104e-9
2.18 1.34 4.126777566245069e-9
2.18 1.4 -5.339185537049687e-9
2.18 1.46 -7.776050182420068e-8
2.18 1.52 9.03170114561579e-11
2.18 1.58 -2.578589312096188e-9
2.18 1.6400000000000001 3.875969715115868e-7
2.18 1.7000000000000002 0.0006970354651701802
2.18 1.76 0.03701217572792898
2.18 1.82 0.0896575121005571
2.18 1.8800000000000001 1.560985075167748
2.18 1.94 0.8588853029283496
2.18 2.0 2.988641470212884
2.18 2.06 2.0275893860786534
2.18 2.12 2.2625812776106744
2.18 2.18 1.05897330729791
2.18 2.2399999999999998 0.7896303621080779
2.18 2.3000000000000003 0.0569941185189018
2.18 2.36 0.05328152886033955
2.18 2.4200000000000004 1.6926261911627374e-6
2.18 2.48 -3.560464021162447e-10
2.18 2.5400000000000005 1.1472179843758533e-7
2.18 2.5999999999999996 1.7532669285980377e-15
2.18 2.66 -1.3732190016643662e-15
2.18 2.7199999999999998 3.4665225030669454e-16
2.18 2.7800000000000002 0.0
2.18 2.84 0.0
2.18 2.9000000000000004 0.0
2.18 2.9599999999999995 0.0
2.18 3.02 0.0
2.18 3.0799999999999996 0.0
2.18 3.14 0.0
2.18 3.1999999999999997 0.0
2.18 3.2600000000000002 0.0
2.18 3.3200000000000003 0.0
2.18 3.38 0.0
2.18 3.4399999999999995 0.0
2.18 3.5 0.0
2.2399999999999998 0.5 0.0
2.2399999999999998 0.56 0.0
2.2399999999999998 0.62 0.0
2.2399999999999998 0.6799999999999999 0.0
2.2399999999999998 0.74 0.0
2.2399999999999998 0.8 0.0
2.2399999999999998 0.86 0.0
2.2399999999999998 0.92 -2.9697648622400287e-17
2.2399999999999998 0.98 1.655341817655635e-16
2.2399999999999998 1.04 -9.876554507238191e-16
2.2399999999999998 1.1 -1.531725872579363e-14
2.2399999999999998 1.1600000000000001 2.3325656946544746e-13
2.2399999999999998 1.22 -5.715009309727971e-11
2.2399999999999998 1.28 4.2873628276665455e-11
2.2399999999999998 1.34 1.9219853745403214e-10
2.2399999999999998 1.4 -1.5129330684686495e-8
2.2399999999999998 1.46 -9.424671869941689e-9
2.2399999999999998 1.52 1.1394314225721879e-10
2.2399999999999998 1.58 -6.143165776332604e-9
2.2399999999999998 1.6400000000000001 1.3579084861991935e-8
2.2399999999999998 1.7000000000000002 9.476401192225636e-8
2.2399999999999998 1.76 0.0016495590164807047
2.2399999999999998 1.82 0.010118079118033436
2.2399999999999998 1.8800000000000001 0.031179400280447828
2.2399999999999998 1.94 0.6981391653962452
2.2399999999999998 2.0 0.39953392751321215
2.2399999999999998 2.06 1.469778889605943
2.2399999999999998 2.12 1.1261579662995351
2.2399999999999998 2.18 1.121112464784137
2.2399999999999998 2.2399999999999998 0.3193080281342443
2.2399999999999998 2.3000000000000003 0.24916619350943126
2.2399999999999998 2.36 0.009188798593728877
2.2399999999999998 2.4200000000000004 0.00017550261604082254
2.2399999999999998 2.48 5.796032584995802e-8
2.2399999999999998 2.5400000000000005 2.2959609474825756e-7
2.2399999999999998 2.5999999999999996 5.455088178775955e-16
2.2399999999999998 2.66 3.2513718969358247e-16
2.2399999999999998 2.7199999999999998 3.690567539449997e-17
2.2399999999999998 2.7800000000000002 0.0
2.2399999999999998 2.84 0.0
2.2399999999999998 2.9000000000000004 0.0
2.2399999999999998 2.9599999999999995 0.0
2.2399999999999998 3.02 0.0
2.2399999999999998 3.0799999999999996 0.0
2.2399999999999998 3.14 0.0
2.2399999999999998 3.1999999999999997 0.0
2.2399999999999998 3.2600000000000002 0.0
2.2399999999999998 3.3200000000000003 0.0
2.2399999999999998 3.38 0.0
2.2399999999999998 3.4399999999999995 0.0
2.2399999999999998 3.5 0.0
2.3000000000000003 0.5 0.0
2.3000000000000003 0.56 0.0
2.3000000000000003 0.62 0.0
2.3000000000000003 0.6799999999999999 0.0
2.3000000000000003 0.74 0.0
2.3000000000000003 0.8 0.0
2.3000000000000003 0.86 0.0
2.3000000000000003 0.92 9.90556218558693e-16
2.3000000000000003 0.98 -5.073291320338405e-16
2.3000000000000003 1.04 -9.115168885605328e-16
2.3000000000000003 1.1 -7.36449334839691e-13
2.3000000000000003 1.1600000000000001 2.0591590711059785e-15
2.3000000000000003 1.22 1.6733038190285124e-15
2.3000000000000003 1.28 1.4492996792320322e-15
2.3000000000000003 1.34 7.449841539874997e-12
2.3000000000000003 1.4 -5.456008635052066e-10
2.3000000000000003 1.46 -6.137981192438081e-8
2.3000000000000003 1.52 5.6722062294772675e-9
2.3000000000000003 1.58 -5.025226657012646e-9
2.3000000000000003 1.6400000000000001 -3.000946499547284e-10
2.3000000000000003 1.7000000000000002 1.8908103813606317e-8
2.3000000000000003 1.76 -6.503510690932874e-8
2.3000000000000003 1.82 0.0013668040159982785
2.3000000000000003 1.8800000000000001 0.0007077502320858859
2.3000000000000003 1.94 0.011869698277939461
2.3000000000000003 2.0 0.2004882991789328
2.3000000000000003 2.06 0.14294483164461386
2.3000000000000003 2.12 0.48993508705517963
2.3000000000000003 2.18 0.5414566163649193
2.3000000000000003 2.2399999999999998 0.3827244798555943
2.3000000000000003 2.3000000000000003 0.09881992645337134
2.3000000000000003 2.36 0.036472226972821674
2.3000000000000003 2.4200000000000004 0.0008206545125657909
2.3000000000000003 2.48 1.8275954431451573e-5
2.3000000000000003 2.5400000000000005 1.8433226898008952e-7
2.3000000000000003 2.5999999999999996 1.4279090757507644e-15
2.3000000000000003 2.66 -4.614859744947498e-16
2.3000000000000003 2.7199999999999998 1.2666322769435342e-16
2.3000000000000003 2.7800000000000002 0.0
2.3000000000000003 2.84 0.0
2.3000000000000003 2.9000000000000004 0.0
2.3000000000000003 2.9599999999999995 0.0
2.3000000000000003 3.02 0.0
2.3000000000000003 3.0799999999999996 0.0
2.3000000000000003 3.14 0.0
2.3000000000000003 3.1999999999999997 0.0
2.3000000000000003 3.2600000000000002 0.0
2.3000000000000003 3.3200000000000003 0.0
2.3000000000000003 3.38 0.0
2.3000000000000003 3.4399999999999995 0.0
2.3000000000000003 3.5 0.0
2.36 0.5 0.0
2.36 0.56 0.0
2.36 0.62 0.0
2.36 0.6799999999999999 0.0
2.36 0.74 0.0
2.36 0.8 0.0
2.36 0.86 0.0
2.36 0.92 1.7502576653291227e-17
2.36 0.98 -6.169434897861822e-17
2.36 1.04 -2.232547318049352e-16
2.36 1.1 -8.094853235730227e-16
2.36 1.1600000000000001 -6.478524817303586e-16
2.36 1.22 -1.6067964256454225e-17
2.36 1.28 -9.548687649092772e-17
2.36 1.34 -4.723714214621014e-13
2.36 1.4 -1.37564095860558e-11
2.36 1.46 -4.147629045096362e-10
2.36 1.52 1.9920267982530073e-13
2.36 1.58 -2.4863240550462184e-9
2.36 1.6400000000000001 -7.618414492593491e-13
2.36 1.7000000000000002 1.223566956303988e-10
2.36 1.76 7.678956910400804e-11
2.36 1.82 3.840288200261759e-9
2.36 1.8800000000000001 9.221633842181587e-5
2.36 1.94 0.00037566288403425647
2.36 2.0 0.005744400741044028
2.36 2.06 0.08552919307529223
2.36 2.12 0.04445977728690087
2.36 2.18 0.12959395820226774
2.36 2.2399999999999998 0.1819806374349236
2.36 2.3000000000000003 0.09586555617230924
2.36 2.36 0.0159425766898518
2.36 2.4200000000000004 0.005243891089686739
2.36 2.48 2.054449824348405e-7
2.36 2.5400000000000005 9.273908603006647e-8
2.36 2.5999999999999996 9.463342233611029e-13
2.36 2.66 1.6564190500592954e-16
2.36 2.7199999999999998 2.7476996229626133e-17
2.36 2.7800000000000002 0.0
2.36 2.84 0.0
2.36 2.9000000000000004 0.0
2.36 2.9599999999999995 0.0
2.36 3.02 0.0
2.36 3.0799999999999996 0.0
2.36 3.14 0.0
2.36 3.1999999999999997 0.0
2.36 3.2600000000000002 0.0
2.36 3.3200000000000003 0.0
2.36 3.38 0.0
2.36 3.4399999999999995 0.0
2.36 3.5 0.0
2.4200000000000004 0.5 0.0
2.4200000000000004 0.56 0.0
2.4200000000000004 0.62 0.0
2.4200000000000004 0.6799999999999999 0.0
2.4200000000000004 0.74 0.0
2.4200000000000004 0.8 0.0
2.4200000000000004 0.86 0.0
2.4200000000000004 0.92 1.1606273627987053e-17
2.4200000000000004 0.98 -4.314200588409969e-16
2.4200000000000004 1.04 -1.5526176525440752e-17
2.4200000000000004 1.1 -6.1441096209519145e-18
2.4200000000000004 1.1600000000000001 -1.3267895651647567e-16
2.4200000000000004 1.22 -8.881965221522075e-16
2.4200000000000004 1.28 -6.076596489694962e-17
2.4200000000000004 1.34 -2.0660572407893668e-13
2.4200000000000004 1.4 1.1204670948048297e-11
2.4200000000000004 1.46 8.821422532951861e-12
2.4200000000000004 1.52 1.842981366504938e-14
2.4200000000000004 1.58 -8.610885139038801e-11
2.4200000000000004 1.6400000000000001 1.753351121530714e-12
2.4200000000000004 1.7000000000000002 1.312664487549483e-10
2.4200000000000004 1.76 4.333717477428705e-11
2.4200000000000004 1.82 6.557494662630468e-10
2.4200000000000004 1.8800000000000001 5.451014436206306e-8
2.4200000000000004 1.94 3.0882412039140566e-5
2.4200000000000004 2.0 0.0001341645934748205
2.4200000000000004 2.06 0.0014134262001362222
2.4200000000000004 2.12 0.020997549519380116
2.4200000000000004 2.18 0.011971038800246542
2.4200000000000004 2.2399999999999998 0.03669501098567664
2.4200000000000004 2.3000000000000003 0.043156208266135705
2.4200000000000004 2.36 0.01055031062947672
2.4200000000000004 2.4200000000000004 0.003598511253558267
2.4200000000000004 2.48 0.0004740196486155832
2.4200000000000004 2.5400000000000005 6.011545254525671e-6
2.4200000000000004 2.5999999999999996 1.7557440798623262e-12
2.4200000000000004 2.66 2.031404908935727e-18
2.4200000000000004 2.7199999999999998 2.0504405747407903e-18
2.4200000000000004 2.7800000000000002 0.0
2.4200000000000004 2.84 0.0
2.4200000000000004 2.9000000000000004 0.0
2.4200000000000004 2.9599999999999995 0.0
2.4200000000000004 3.02 0.0
2.4200000000000004 3.0799999999999996 0.0
2.4200000000000004 3.14 0.0
2.4200000000000004 3.1999999999999997 0.0
2.4200000000000004 3.2600000000000002 0.0
2.4200000000000004 3.3200000000000003 0.0
2.4200000000000004 3.38 0.0
2.4200000000000004 3.4399999999999995 0.0
2.4200000000000004 3.5 0.0
2.48 0.5 0.0
2.48 0.56 0.0
2.48 0.62 0.0
2.48 0.6799999999999999 0.0
2.48 0.74 0.0
2.48 0.8 0.0
2.48 0.86 0.0
2.48 0.92 3.177479933696045e-18
2.48 0.98 -2.898604572429279e-17
2.48 1.04 -4.225814551573137e-18
2.48 1.1 2.0829953592730007e-16
2.48 1.1600000000000001 1.029831100341705e-16
2.48 1.22 1.5993332774607804e-16
2.48 1.28 1.7877274773758266e-16
2.48 1.34 9.925782875060949e-15
2.48 1.4 -5.209252122190417e-12
2.48 1.46 -8.013685871670551e-14
2.48 1.52 -2.7151173089518542e-15
2.48 1.58 1.5478231907940906e-11
2.48 1.6400000000000001 7.068737463109747e-13
2.48 1.7000000000000002 6.710701406255637e-13
2.48 1.76 -3.290823832956208e-11
2.48 1.82 -1.186381955478102e-8
2.48 1.8800000000000001 -2.4779973672284352e-12
2.48 1.94 1.1751231149161732e-8
2.48 2.0 5.446012370111011e-6
2.48 2.06 0.00042983854530453746
2.48 2.12 0.0002402304094055653
2.48 2.18 0.005148225421868009
2.48 2.2399999999999998 0.0027600859956652996
2.48 2.3000000000000003 0.00901734685442773
2.48 2.36 0.009893204700098735
2.48 2.4200000000000004 0.0007803616276834343
2.48 2.48 0.0005355000446406262
2.48 2.5400000000000005 1.4801114845533275e-5
2.48 2.5999999999999996 1.0501384887576362e-12
2.48 2.66 2.3615821088197825e-16
2.48 2.7199999999999998 2.5317152953932914e-19
2.48 2.7800000000000002 0.0
2.48 2.84 0.0
2.48 2.9000000000000004 0.0
2.48 2.9599999999999995 0.0
2.48 3.02 0.0
2.48 3.0799999999999996 0.0
2.48 3.14 0.0
2.48 3.1999999999999997 0.0
2.48 3.2600000000000002 0.0
2.48 3.3200000000000003 0.0
2.48 3.38 0.0
2.48 3.4399999999999995 0.0
2.48 3.5 0.0
2.5400000000000005 0.5 0.0
2.5400000000000005 0.56 0.0
2.5400000000000005 0.62 0.0
2.5400000000000005 0.6799999999999999 0.0
2.5400000000000005 0.74 0.0
2.5400000000000005 0.8 0.0
2.5400000000000005 0.86 0.0
2.5400000000000005 0.92 8.535988633256581e-19
2.5400000000000005 0.98 -4.951090670796505e-16
2.5400000000000005 1.04 8.609314363017106e-18
2.5400000000000005 1.1 -1.965963871846153e-16
2.5400000000000005 1.1600000000000001 -2.2697695333051473e-16
2.5400000000000005 1.22 -1.154472002960694e-16
2.5400000000000005 1.28 -3.7872680178842737e-16
2.5400000000000005 1.34 1.1331286220576286e-14
2.5400000000000005 1.4 -1.7428384753875365e-14
2.5400000000000005 1.46 9.843741018243905e-14
2.5400000000000005 1.52 2.4069408511074083e-15
2.5400000000000005 1.58 1.078846418103443e-12
2.5400000000000005 1.6400000000000001 -1.0715034056825832e-14
2.5400000000000005 1.7000000000000002 -2.6728994055293434e-13
2.5400000000000005 1.76 7.074736214124855e-11
2.5400000000000005 1.82 2.5265838940203383e-8
2.5400000000000005 1.8800000000000001 1.7450930391054587e-12
2.5400000000000005 1.94 1.463377821092848e-11
2.5400000000000005 2.0 3.518601917243544e-8
2.5400000000000005 2.06 1.48201357916245e-5
2.5400000000000005 2.12 0.0002890720403831758
2.5400000000000005 2.18 3.0212028795148098e-5
2.5400000000000005 2.2399999999999998 0.0010440936852643666
2.5400000000000005 2.3000000000000003 0.0006619093661480182
2.5400000000000005 2.36 0.0012252956616118943
2.5400000000000005 2.4200000000000004 0.0012994787427387127
2.5400000000000005 2.48 3.425546629509603e-5
2.5400000000000005 2.5400000000000005 1.5228450189708319e-5
2.5400000000000005 2.5999999999999996 4.447261289637166e-9
2.5400000000000005 2.66 1.1382998863395063e-15
2.5400000000000005 2.7199999999999998 1.1301809435682757e-19
2.5400000000000005 2.7800000000000002 0.0
2.5400000000000005 2.84 0.0
2.5400000000000005 2.9000000000000004 0.0
2.5400000000000005 2.9599999999999995 0.0
2.5400000000000005 3.02 0.0
2.5400000000000005 3.0799999999999996 0.0
2.5400000000000005 3.14 0.0
2.5400000000000005 3.1999999999999997 0.0
2.5400000000000005 3.2600000000000002 0.0
2.5400000000000005 3.3200000000000003 0.0
2.5400000000000005 3.38 0.0
2.5400000000000005 3.4399999999999995 0.0
2.5400000000000005 3.5 0.0
2.5999999999999996 0.5 0.0
2.5999999999999996 0.56 0.0
2.5999999999999996 0.62 0.0
2.5999999999999996 0.6799999999999999 0.0
2.5999999999999996 0.74 0.0
2.5999999999999996 0.8 0.0
2.5999999999999996 0.86 0.0
2.5999999999999996 0.92 0.0
2.5999999999999996 0.98 0.0
2.5999999999999996 1.04 0.0
2.5999999999999996 1.1 0.0
2.5999999999999996 1.1600000000000001 0.0
2.5999999999999996 1.22 0.0
2.5999999999999996 1.28 0.0
2.5999999999999996 1.34 0.0
2.5999999999999996 1.4 0.0
2.5999999999999996 1.46 0.0
2.5999999999999996 1.52 0.0
2.5999999999999996 1.58 0.0
2.5999999999999996 1.6400000000000001 0.0
2.5999999999999996 1.7000000000000002 0.0
2.5999999999999996 1.76 0.0
2.5999999999999996 1.82 0.0
2.5999999999999996 1.8800000000000001 0.0
2.5999999999999996 1.94 0.0
2.5999999999999996 2.0 0.0
2.5999999999999996 2.06 0.0
2.5999999999999996 2.12 0.0
2.5999999999999996 2.18 0.0
2.5999999999999996 2.2399999999999998 0.0
2.5999999999999996 2.3000000000000003 0.0
2.5999999999999996 2.36 0.0
2.5999999999999996 2.4200000000000004 0.0
2.5999999999999996 2.48 0.0
2.5999999999999996 2.5400000000000005 0.0
2.5999999999999996 2.5999999999999996 0.0
2.5999999999999996 2.66 0.0
2.5999999999999996 2.7199999999999998 0.0
2.5999999999999996 2.7800000000000002 0.0
2.5999999999999996 2.84 0.0
2.5999999999999996 2.9000000000000004 0.0
2.5999999999999996 2.9599999999999995 0.0
2.5999999999999996 3.02 0.0
2.5999999999999996 3.0799999999999996 0.0
2.5999999999999996 3.14 0.0
2.5999999999999996 3.1999999999999997 0.0
2.5999999999999996 3.2600000000000002 0.0
2.5999999999999996 3.3200000000000003 0.0
2.5999999999999996 3.38 0.0
2.5999999999999996 3.4399999999999995 0.0
2.5999999999999996 3.5 0.0
2.66 0.5 0.0
2.66 0.56 0.0
2.66 0.62 0.0
2.66 0.6799999999999999 0.0
2.66 0.74 0.0
2.66 0.8 0.0
2.66 0.86 0.0
2.66 0.92 0.0
2.66 0.98 0.0
2.66 1.04 0.0
2.66 1.1 0.0
2.66 1.1600000000000001 0.0
2.66 1.22 0.0
2.66 1.28 0.0
2.66 1.34 0.0
2.66 1.4 0.0
2.66 1.46 0.0
2.66 1.52 0.0
2.66 1.58 0.0
2.66 1.6400000000000001 0.0
2.66 1.7000000000000002 0.0
2.66 1.76 0.0
2.66 1.82 0.0
2.66 1.8800000000000001 0.0
2.66 1.94 0.0
2.66 2.0 0.0
2.66 2.06 0.0
2.66 2.12 0.0
2.66 2.18 0.0
2.66 2.2399999999999998 0.0
2.66 2.3000000000000003 0.0
2.66 2.36 0.0
2.66 2.4200000000000004 0.0
2.66 2.48 0.0
2.66 2.5400000000000005 0.0
2.66 2.5999999999999996 0.0
2.66 2.66 0.0
2.66 2.7199999999999998 0.0
2.66 2.7800000000000002 0.0
2.66 2.84 0.0
2.66 2.9000000000000004 0.0
2.66 2.9599999999999995 0.0
2.66 3.02 0.0
2.66 3.0799999999999996 0.0
2.66 3.14 0.0
2.66 3.1999999999999997 0.0
2.66 3.2600000000000002 0.0
2.66 3.3200000000000003 0.0
2.66 3.38 0.0
2.66 3.4399999999999995 0.0
2.66 3.5 0.0
2.7199999999999998 0.5 0.0
2.7199999999999998 0.56 0.0
2.7199999999999998 0.62 0.0
2.7199999999999998 0.6799999999999999 0.0
2.7199999999999998 0.74 0.0
2.7199999999999998 0.8 0.0
2.7199999999999998 0.86 0.0
2.7199999999999998 0.92 0.0
2.7199999999999998 0.98 0.0
2.7199999999999998 1.04 0.0
2.7199999999999998 1.1 0.0
2.7199999999999998 1.1600000000000001 0.0
2.7199999999999998 1.22 0.0
2.7199999999999998 1.28 0.0
2.7199999999999998 1.34 0.0
2.7199999999999998 1.4 0.0
2.7199999999999998 1.46 0.0
2.7199999999999998 1.52 0.0
2.7199999999999998 1.58 0.0
2.7199999999999998 1.6400000000000001 0.0
2.7199999999999998 1.7000000000000002 0.0
2.7199999999999998 1.76 0.0
2.7199999999999998 1.82 0.0
2.7199999999999998 1.8800000000000001 0.0
2.7199999999999998 1.94 0.0
2.7199999999999998 2.0 0.0
2.7199999999999998 2.06 0.0
2.7199999999999998 2.12 0.0
2.7199999999999998 2.18 0.0
2.7199999999999998 2.2399999999999998 0.0
2.7199999999999998 2.3000000000000003 0.0
2.7199999999999998 2.36 0.0
2.7199999999999998 2.4200000000000004 0.0
2.7199999999999998 2.48 0.0
2.7199999999999998 2.5400000000000005 0.0
2.7199999999999998 2.5999999999999996 0.0
2.7199999999999998 2.66 0.0
2.7199999999999998 2.7199999999999998 0.0
2.7199999999999998 2.7800000000000002 0.0
2.7199999999999998 2.84 0.0
2.7199999999999998 2.9000000000000004 0.0
2.7199999999999998 2.9599999999999995 0.0
2.7199999999999998 3.02 0.0
2.7199999999999998 3.0799999999999996 0.0
2.7199999999999998 3.14 0.0
2.7199999999999998 3.1999999999999997 0.0
2.7199999999999998 3.2600000000000002 0.0
2.7199999999999998 3.3200000000000003 0.0
2.7199999999999998 3.38 0.0
2.7199999999999998 3.4399999999999995 0.0
2.7199999999999998 3.5 0.0
2.7800000000000002 0.5 0.0
2.7800000000000002 0.56 0.0
2.7800000000000002 0.62 0.0
2.7800000000000002 0.6799999999999999 0.0
2.7800000000000002 0.74 0.0
2.7800000000000002 0.8 0.0
2.7800000000000002 0.86 0.0
2.7800000000000002 0.92 0.0
2.7800000000000002 0.98 0.0
2.7800000000000002 1.04 0.0
2.7800000000000002 1.1 0.0
2.7800000000000002 1.1600000000000001 0.0
2.7800000000000002 1.22 0.0
2.7800000000000002 1.28 0.0
2.7800000000000002 1.34 0.0
2.7800000000000002 1.4 0.0
2.7800000000000002 1.46 0.0
2.7800000000000002 1.52 0.0
2.7800000000000002 1.58 0.0
2.7800000000000002 1.6400000000000001 0.0
2.7800000000000002 1.7000000000000002 0.0
2.7800000000000002 1.76 0.0
2.7800000000000002 1.82 0.0
2.7800000000000002 1.8800000000000001 0.0
2.7800000000000002 1.94 0.0
2.7800000000000002 2.0 0.0
2.7800000000000002 2.06 0.0
2.7800000000000002 2.12 0.0
2.7800000000000002 2.18 0.0
2.7800000000000002 2.2399999999999998 0.0
2.7800000000000002 2.3000000000000003 0.0
2.7800000000000002 2.36 0.0
2.7800000000000002 2.4200000000000004 0.0
2.7800000000000002 2.48 0.0
2.7800000000000002 2.5400000000000005 0.0
2.7800000000000002 2.5999999999999996 0.0
2.7800000000000002 2.66 0.0
2.7800000000000002 2.7199999999999998 0.0
2.7800000000000002 2.7800000000000002 0.0
2.7800000000000002 2.84 0.0
2.7800000000000002 2.9000000000000004 0.0
2.7800000000000002 2.9599999999999995 0.0
2.7800000000000002 3.02 0.0
2.7800000000000002 3.0799999999999996 0.0
2.7800000000000002 3.14 0.0
2.7800000000000002 3.1999999999999997 0.0
2.7800000000000002 3.2600000000000002 0.0
2.7800000000000002 3.3200000000000003 0.0
2.7800000000000002 3.38 0.0
2.7800000000000002 3.4399999999999995 0.0
2.7800000000000002 3.5 0.0
2.84 0.5 0.0
2.84 0.56 0.0
2.84 0.62 0.0
2.84 0.6799999999999999 0.0
2.84 0.74 0.0
2.84 0.8 0.0
2.84 0.86 0.0
2.84 0.92 0.0
2.84 0.98 0.0
2.84 1.04 0.0
2.84 1.1 0.0
2.84 1.1600000000000001 0.0
2.84 1.22 0.0
2.84 1.28 0.0
2.84 1.34 0.0
2.84 1.4 0.0
2.84 1.46 0.0
2.84 1.52 0.0
2.84 1.58 0.0
2.84 1.6400000000000001 0.0
2.84 1.7000000000000002 0.0
2.84 1.76 0.0
2.84 1.82 0.0
2.84 1.8800000000000001 0.0
2.84 1.94 0.0
2.84 2.0 0.0
2.84 2.06 0.0
2.84 2.12 0.0
2.84 2.18 0.0
2.84 2.2399999999999998 0.0
2.84 2.3000000000000003 0.0
2.84 2.36 0.0
2.84 2.4200000000000004 0.0
2.84 2.48 0.0
2.84 2.5400000000000005 0.0
2.84 2.5999999999999996 0.0
2.84 2.66 0.0
2.84 2.7199999999999998 0.0
2.84 2.7800000000000002 0.0
2.84 2.84 0.0
2.84 2.9000000000000004 0.0
2.84 2.9599999999999995 0.0
2.84 3.02 0.0
2.84 3.0799999999999996 0.0
2.84 3.14 0.0
2.84 3.1999999999999997 0.0
2.84 3.2600000000000002 0.0
2.84 3.3200000000000003 0.0
2.84 3.38 0.0
2.84 3.4399999999999995 0.0
2.84 3.5 0.0
2.9000000000000004 0.5 0.0
2.9000000000000004 0.56 0.0
2.9000000000000004 0.62 0.0
2.9000000000000004 0.6799999999999999 0.0
2.9000000000000004 0.74 0.0
2.9000000000000004 0.8 0.0
2.9000000000000004 0.86 0.0
2.9000000000000004 0.92 0.0
2.9000000000000004 0.98 0.0
2.9000000000000004 1.04 0.0
2.9000000000000004 1.1 0.0
2.9000000000000004 1.1600000000000001 0.0
2.9000000000000004 1.22 0.0
2.9000000000000004 1.28 0.0
2.9000000000000004 1.34 0.0
2.9000000000000004 1.4 0.0
2.9000000000000004 1.46 0.0
2.9000000000000004 1.52 0.0
2.9000000000000004 1.58 0.0
2.9000000000000004 1.6400000000000001 0.0
2.9000000000000004 1.7000000000000002 0.0
2.9000000000000004 1.76 0.0
2.9000000000000004 1.82 0.0
2.9000000000000004 1.8800000000000001 0.0
2.9000000000000004 1.94 0.0
2.9000000000000004 2.0 0.0
2.9000000000000004 2.06 0.0
2.9000000000000004 2.12 0.0
2.9000000000000004 2.18 0.0
2.9000000000000004 2.2399999999999998 0.0
2.9000000000000004 2.3000000000000003 0.0
2.9000000000000004 2.36 0.0
2.9000000000000004 2.4200000000000004 0.0
2.9000000000000004 2.48 0.0
2.9000000000000004 2.5400000000000005 0.0
2.9000000000000004 2.5999999999999996 0.0
2.9000000000000004 2.66 0.0
2.9000000000000004 2.7199999999999998 0.0
2.9000000000000004 2.7800000000000002 0.0
2.9000000000000004 2.84 0.0
2.9000000000000004 2.9000000000000004 0.0
2.9000000000000004 2.9599999999999995 0.0
2.9000000000000004 3.02 0.0
2.9000000000000004 3.0799999999999996 0.0
2.9000000000000004 3.14 0.0
2.9000000000000004 3.1999999999999997 0.0
2.9000000000000004 3.2600000000000002 0.0
2.9000000000000004 3.3200000000000003 0.0
2.9000000000000004 3.38 0.0
2.9000000000000004 3.4399999999999995 0.0
2.9000000000000004 3.5 0.0
2.9599999999999995 0.5 0.0
2.9599999999999995 0.56 0.0
2.9599999999999995 0.62 0.0
2.9599999999999995 0.6799999999999999 0.0
2.9599999999999995 0.74 0.0
2.9599999999999995 0.8 0.0
2.9599999999999995 0.86 0.0
2.9599999999999995 0.92 0.0
2.9599999999999995 0.98 0.0
2.9599999999999995 1.04 0.0
2.9599999999999995 1.1 0.0
2.9599999999999995 1.1600000000000001 0.0
2.9599999999999995 1.22 0.0
2.9599999999999995 1.28 0.0
2.9599999999999995 1.34 0.0
2.9599999999999995 1.4 0.0
2.9599999999999995 1.46 0.0
2.9599999999999995 1.52 0.0
2.9599999999999995 1.58 0.0
2.9599999999999995 1.6400000000000001 0.0
2.9599999999999995 1.7000000000000002 0.0
2.9599999999999995 1.76 0.0
2.9599999999999995 1.82 0.0
2.9599999999999995 1.8800000000000001 0.0
2.9599999999999995 1.94 0.0
2.9599999999999995 2.0 0.0
2.9599999999999995 2.06 0.0
2.9599999999999995 2.12 0.0
2.9599999999999995 2.18 0.0
2.9599999999999995 2.2399999999999998 0.0
2.9599999999999995 2.3000000000000003 0.0
2.9599999999999995 2.36 0.0
2.9599999999999995 2.4200000000000004 0.0
2.9599999999999995 2.48 0.0
2.9599999999999995 2.5400000000000005 0.0
2.9599999999999995 2.5999999999999996 0.0
2.9599999999999995 2.66 0.0
2.9599999999999995 2.7199999999999998 0.0
2.9599999999999995 2.7800000000000002 0.0
2.9599999999999995 2.84 0.0
2.9599999999999995 2.9000000000000004 0.0
2.9599999999999995 2.9599999999999995 0.0
2.9599999999999995 3.02 0.0
2.9599999999999995 3.0799999999999996 0.0
2.9599999999999995 3.14 0.0
2.9599999999999995 3.1999999999999997 0.0
2.9599999999999995 3.2600000000000002 0.0
2.9599999999999995 3.3200000000000003 0.0
2.9599999999999995 3.38 0.0
2.9599999999999995 3.4399999999999995 0.0
2.9599999999999995 3.5 0.0
3.02 0.5 0.0
3.02 0.56 0.0
3.02 0.62 0.0
3.02 0.6799999999999999 0.0
3.02 0.74 0.0
3.02 0.8 0.0
3.02 0.86 0.0
3.02 0.92 0.0
3.02 0.98 0.0
3.02 1.04 0.0
3.02 1.1 0.0
3.02 1.1600000000000001 0.0
3.02 1.22 0.0
3.02 1.28 0.0
3.02 1.34 0.0
3.02 1.4 0.0
3.02 1.46 0.0
3.02 1.52 0.0
3.02 1.58 0.0
3.02 1.6400000000000001 0.0
3.02 1.7000000000000002 0.0
3.02 1.76 0.0
3.02 1.82 0.0
3.02 1.8800000000000001 0.0
3.02 1.94 0.0
3.02 2.0 0.0
3.02 2.06 0.0
3.02 2.12 0.0
3.02 2.18 0.0
3.02 2.2399999999999998 0.0
3.02 2.3000000000000003 0.0
3.02 2.36 0.0
3.02 2.4200000000000004 0.0
3.02 2.48 0.0
3.02 2.5400000000000005 0.0
3.02 2.5999999999999996 0.0
3.02 2.66 0.0
3.02 2.7199999999999998 0.0
3.02 2.7800000000000002 0.0
3.02 2.84 0.0
3.02 2.9000000000000004 0.0
3.02 2.9599999999999995 0.0
3.02 3.02 0.0
3.02 3.0799999999999996 0.0
3.02 3.14 0.0
3.02 3.1999999999999997 0.0
3.02 3.2600000000000002 0.0
3.02 3.3200000000000003 0.0
3.02 3.38 0.0
3.02 3.4399999999999995 0.0
3.02 3.5 0.0
3.0799999999999996 0.5 0.0
3.0799999999999996 0.56 0.0
3.0799999999999996 0.62 0.0
3.0799999999999996 0.6799999999999999 0.0
3.0799999999999996 0.74 0.0
3.0799999999999996 0.8 0.0
3.0799999999999996 0.86 0.0
3.0799999999999996 0.92 0.0
3.0799999999999996 0.98 0.0
3.0799999999999996 1.04 0.0
3.0799999999999996 1.1 0.0
3.0799999999999996 1.1600000000000001 0.0
3.0799999999999996 1.22 0.0
3.0799999999999996 1.28 0.0
3.0799999999999996 1.34 0.0
3.0799999999999996 1.4 0.0
3.0799999999999996 1.46 0.0
3.0799999999999996 1.52 0.0
3.0799999999999996 1.58 0.0
3.0799999999999996 1.6400000000000001 0.0
3.0799999999999996 1.7000000000000002 0.0
3.0799999999999996 1.76 0.0
3.0799999999999996 1.82 0.0
3.0799999999999996 1.8800000000000001 0.0
3.0799999999999996 1.94 0.0
3.0799999999999996 2.0 0.0
3.0799999999999996 2.06 0.0
3.0799999999999996 2.12 0.0
3.0799999999999996 2.18 0.0
3.0799999999999996 2.2399999999999998 0.0
3.0799999999999996 2.3000000000000003 0.0
3.0799999999999996 2.36 0.0
3.0799999999999996 2.4200000000000004 0.0
3.0799999999999996 2.48 0.0
3.0799999999999996 2.5400000000000005 0.0
3.0799999999999996 2.5999999999999996 0.0
3.0799999999999996 2.66 0.0
3.0799999999999996 2.7199999999999998 0.0
3.0799999999999996 2.7800000000000002 0.0
3.0799999999999996 2.84 0.0
3.0799999999999996 2.9000000000000004 0.0
3.0799999999999996 2.9599999999999995 0.0
3.0799999999999996 3.02 0.0
3.0799999999999996 3.0799999999999996 0.0
3.0799999999999996 3.14 0.0
3.0799999999999996 3.1999999999999997 0.0
3.0799999999999996 3.2600000000000002 0.0
3.0799999999999996 3.3200000000000003 0.0
3.0799999999999996 3.38 0.0
3.0799999999999996 3.4399999999999995 0.0
3.0799999999999996 3.5 0.0
3.14 0.5 0.0
3.14 0.56 0.0
3.14 0.62 0.0
3.14 0.6799999999999999 0.0
3.14 0.74 0.0
3.14 0.8 0.0
3.14 0.86 0.0
3.14 0.92 0.0
3.14 0.98 0.0
3.14 1.04 0.0
3.14 1.1 0.0
3.14 1.1600000000000001 0.0
3.14 1.22 0.0
3.14 1.28 0.0
3.14 1.34 0.0
3.14 1.4 0.0
3.14 1.46 0.0
3.14 1.52 0.0
3.14 1.58 0.0
3.14 1.6400000000000001 0.0
3.14 1.7000000000000002 0.0
3.14 1.76 0.0
3.14 1.82 0.0
3.14 1.8800000000000001 0.0
3.14 1.94 0.0
3.14 2.0 0.0
3.14 2.06 0.0
3.14 2.12 0.0
3.14 2.18 0.0
3.14 2.2399999999999998 0.0
3.14 2.3000000000000003 0.0
3.14 2.36 0.0
3.14 2.4200000000000004 0.0
3.14 2.48 0.0
3.14 2.5400000000000005 0.0
3.14 2.5999999999999996 0.0
3.14 2.66 0.0
3.14 2.7199999999999998 0.0
3.14 2.7800000000000002 0.0
3.14 2.84 0.0
3.14 2.9000000000000004 0.0
3.14 2.9599999999999995 0.0
3.14 3.02 0.0
3.14 3.0799999999999996 0.0
3.14 3.14 0.0
3.14 3.1999999999999997 0.0
3.14 3.2600000000000002 0.0
3.14 3.3200000000000003 0.0
3.14 3.38 0.0
3.14 3.4399999999999995 0.0
3.14 3.5 0.0
3.1999999999999997 0.5 0.0
3.1999999999999997 0.56 0.0
3.1999999999999997 0.62 0.0
3.1999999999999997 0.6799999999999999 0.0
3.1999999999999997 0.74 0.0
3.1999999999999997 0.8 0.0
3.1999999999999997 0.86 0.0
3.1999999999999997 0.92 0.0
3.1999999999999997 0.98 0.0
3.1999999999999997 1.04 0.0
3.1999999999999997 1.1 0.0
3.1999999999999997 1.1600000000000001 0.0
3.1999999999999997 1.22 0.0
3.1999999999999997 1.28 0.0
3.1999999999999997 1.34 0.0
3.1999999999999997 1.4 0.0
3.1999999999999997 1.46 0.0
3.1999999999999997 1.52 0.0
3.1999999999999997 1.58 0.0
3.1999999999999997 1.6400000000000001 0.0
3.1999999999999997 1.7000000000000002 0.0
3.1999999999999997 1.76 0.0
3.1999999999999997 1.82 0.0
3.1999999999999997 1.8800000000000001 0.0
3.1999999999999997 1.94 0.0
3.1999999999999997 2.0 0.0
3.1999999999999997 2.06 0.0
3.1999999999999997 2.12 0.0
3.1999999999999997 2.18 0.0
3.1999999999999997 2.2399999999999998 0.0
3.1999999999999997 2.3000000000000003 0.0
3.1999999999999997 2.36 0.0
3.1999999999999997 2.4200000000000004 0.0
3.1999999999999997 2.48 0.0
3.1999999999999997 2.5400000000000005 0.0
3.1999999999999997 2.5999999999999996 0.0
3.1999999999999997 2.66 0.0
3.1999999999999997 2.7199999999999998 0.0
3.1999999999999997 2.7800000000000002 0.0
3.1999999999999997 2.84 0.0
3.1999999999999997 2.9000000000000004 0.0
3.1999999999999997 2.9599999999999995 0.0
3.1999999999999997 3.02 0.0
3.1999999999999997 3.0799999999999996 0.0
3.1999999999999997 3.14 0.0
3.1999999999999997 3.1999999999999997 0.0
3.1999999999999997 3.2600000000000002 0.0
3.1999999999999997 3.3200000000000003 0.0
3.1999999999999997 3.38 0.0
3.1999999999999997 3.4399999999999995 0.0
3.1999999999999997 3.5 0.0
3.2600000000000002 0.5 0.0
3.2600000000000002 0.56 0.0
3.2600000000000002 0.62 0.0
3.2600000000000002 0.6799999999999999 0.0
3.2600000000000002 0.74 0.0
3.2600000000000002 0.8 0.0
3.2600000000000002 0.86 0.0
3.2600000000000002 0.92 0.0
3.2600000000000002 0.98 0.0
3.2600000000000002 1.04 0.0
3.2600000000000002 1.1 0.0
3.2600000000000002 1.1600000000000001 0.0
3.2600000000000002 1.22 0.0
3.2600000000000002 1.28 0.0
3.2600000000000002 1.34 0.0
3.2600000000000002 1.4 0.0
3.2600000000000002 1.46 0.0
3.2600000000000002 1.52 0.0
3.2600000000000002 1.58 0.0
3.2600000000000002 1.6400000000000001 0.0
3.2600000000000002 1.7000000000000002 0.0
3.2600000000000002 1.76 0.0
3.2600000000000002 1.82 0.0
3.2600000000000002 1.8800000000000001 0.0
3.2600000000000002 1.94 0.0
3.2600000000000002 2.0 0.0
3.2600000000000002 2.06 0.0
3.2600000000000002 2.12 0.0
3.2600000000000002 2.18 0.0
3.2600000000000002 2.2399999999999998 0.0
3.2600000000000002 2.3000000000000003 0.0
3.2600000000000002 2.36 0.0
3.2600000000000002 2.4200000000000004 0.0
3.2600000000000002 2.48 0.0
3.2600000000000002 2.5400000000000005 0.0
3.2600000000000002 2.5999999999999996 0.0
3.2600000000000002 2.66 0.0
3.2600000000000002 2.7199999999999998 0.0
3.2600000000000002 2.7800000000000002 0.0
3.2600000000000002 2.84 0.0
3.2600000000000002 2.9000000000000004 0.0
3.2600000000000002 2.9599999999999995 0.0
3.2600000000000002 3.02 0.0
3.2600000000000002 3.0799999999999996 0.0
3.2600000000000002 3.14 0.0
3.2600000000000002 3.1999999999999997 0.0
3.2600000000000002 3.2600000000000002 0.0
3.2600000000000002 3.3200000000000003 0.0
3.2600000000000002 3.38 0.0
3.2600000000000002 3.4399999999999995 0.0
3.2600000000000002 3.5 0.0
3.3200000000000003 0.5 0.0
3.3200000000000003 0.56 0.0
3.3200000000000003 0.62 0.0
3.3200000000000003 0.6799999999999999 0.0
3.3200000000000003 0.74 0.0
3.3200000000000003 0.8 0.0
3.3200000000000003 0.86 0.0
3.3200000000000003 0.92 0.0
3.3200000000000003 0.98 0.0
3.3200000000000003 1.04 0.0
3.3200000000000003 1.1 0.0
3.3200000000000003 1.1600000000000001 0.0
3.3200000000000003 1.22 0.0
3.3200000000000003 1.28 0.0
3.3200000000000003 1.34 0.0
3.3200000000000003 1.4 0.0
3.3200000000000003 1.46 0.0
3.3200000000000003 1.52 0.0
3.3200000000000003 1.58 0.0
3.3200000000000003 1.6400000000000001 0.0
3.3200000000000003 1.7000000000000002 0.0
3.3200000000000003 1.76 0.0
3.3200000000000003 1.82 0.0
3.3200000000000003 1.8800000000000001 0.0
3.3200000000000003 1.94 0.0
3.3200000000000003 2.0 0.0
3.3200000000000003 2.06 0.0
3.3200000000000003 2.12 0.0
3.3200000000000003 2.18 0.0
3.3200000000000003 2.2399999999999998 0.0
3.3200000000000003 2.3000000000000003 0.0
3.3200000000000003 2.36 0.0
3.3200000000000003 2.4200000000000004 0.0
3.3200000000000003 2.48 0.0
3.3200000000000003 2.5400000000000005 0.0
3.3200000000000003 2.5999999999999996 0.0
3.3200000000000003 2.66 0.0
3.3200000000000003 2.7199999999999998 0.0
3.3200000000000003 2.7800000000000002 0.0
3.3200000000000003 2.84 0.0
3.3200000000000003 2.9000000000000004 0.0
3.3200000000000003 2.9599999999999995 0.0
3.3200000000000003 3.02 0.0
3.3200000000000003 3.0799999999999996 0.0
3.3200000000000003 3.14 0.0
3.3200000000000003 3.1999999999999997 0.0
3.3200000000000003 3.2600000000000002 0.0
3.3200000000000003 3.3200000000000003 0.0
3.3200000000000003 3.38 0.0
3.3200000000000003 3.4399999999999995 0.0
3.3200000000000003 3.5 0.0
3.38 0.5 0.0
3.38 0.56 0.0
3.38 0.62 0.0
3.38 0.6799999999999999 0.0
3.38 0.74 0.0
3.38 0.8 0.0
3.38 0.86 0.0
3.38 0.92 0.0
3.38 0.98 0.0
3.38 1.04 0.0
3.38 1.1 0.0
3.38 1.1600000000000001 0.0
3.38 1.22 0.0
3.38 1.28 0.0
3.38 1.34 0.0
3.38 1.4 0.0
3.38 1.46 0.0
3.38 1.52 0.0
3.38 1.58 0.0
3.38 1.6400000000000001 0.0
3.38 1.7000000000000002 0.0
3.38 1.76 0.0
3.38 1.82 0.0
3.38 1.8800000000000001 0.0
3.38 1.94 0.0
3.38 2.0 0.0
3.38 2.06 0.0
3.38 2.12 0.0
3.38 2.18 0.0
3.38 2.2399999999999998 0.0
3.38 2.3000000000000003 0.0
3.38 2.36 0.0
3.38 2.4200000000000004 0.0
3.38 2.48 0.0
3.38 2.5400000000000005 0.0
3.38 2.5999999999999996 0.0
3.38 2.66 0.0
3.38 2.7199999999999998 0.0
3.38 2.7800000000000002 0.0
3.38 2.84 0.0
3.38 2.9000000000000004 0.0
3.38 2.9599999999999995 0.0
3.38 3.02 0.0
3.38 3.0799999999999996 0.0
3.38 3.14 0.0
3.38 3.1999999999999997 0.0
3.38 3.2600000000000002 0.0
3.38 3.3200000000000003 0.0
3.38 3.38 0.0
3.38 3.4399999999999995 0.0
3.38 3.5 0.0
3.4399999999999995 0.5 0.0
3.4399999999999995 0.56 0.0
3.4399999999999995 0.62 0.0
3.4399999999999995 0.6799999999999999 0.0
3.4399999999999995 0.74 0.0
3.4399999999999995 0.8 0.0
3.4399999999999995 0.86 0.0
3.4399999999999995 0.92 0.0
3.4399999999999995 0.98 0.0
3.4399999999999995 1.04 0.0
3.4399999999999995 1.1 0.0
3.4399999999999995 1.1600000000000001 0.0
3.4399999999999995 1.22 0.0
3.4399999999999995 1.28 0.0
3.4399999999999995 1.34 0.0
3.4399999999999995 1.4 0.0
3.4399999999999995 1.46 0.0
3.4399999999999995 1.52 0.0
3.4399999999999995 1.58 0.0
3.4399999999999995 1.6400000000000001 0.0
3.4399999999999995 1.7000000000000002 0.0
3.4399999999999995 1.76 0.0
3.4399999999999995 1.82 0.0
3.4399999999999995 1.8800000000000001 0.0
3.4399999999999995 1.94 0.0
3.4399999999999995 2.0 0.0
3.4399999999999995 2.06 0.0
3.4399999999999995 2.12 0.0
3.4399999999999995 2.18 0.0
3.4399999999999995 2.2399999999999998 0.0
3.4399999999999995 2.3000000000000003 0.0
3.4399999999999995 2.36 0.0
3.4399999999999995 2.4200000000000004 0.0
3.4399999999999995 2.48 0.0
3.4399999999999995 2.5400000000000005 0.0
3.4399999999999995 2.5999999999999996 0.0
3.4399999999999995 2.66 0.0
3.4399999999999995 2.7199999999999998 0.0
3.4399999999999995 2.7800000000000002 0.0
3.4399999999999995 2.84 0.0
3.4399999999999995 2.9000000000000004 0.0
3.4399999999999995 2.9599999999999995 0.0
3.4399999999999995 3.02 0.0
3.4399999999999995 3.0799999999999996 0.0
3.4399999999999995 3.14 0.0
3.4399999999999995 3.1999999999999997 0.0
3.4399999999999995 3.2600000000000002 0.0
3.4399999999999995 3.3200000000000003 0.0
3.4399999999999995 3.38 0.0
3.4399999999999995 3.4399999999999995 0.0
3.4399999999999995 3.5 0.0
3.5 0.5 0.0
3.5 0.56 0.0
3.5 0.62 0.0
3.5 0.6799999999999999 0.0
3.5 0.74 0.0
3.5 0.8 0.0
3.5 0.86 0.0
3.5 0.92 0.0
3.5 0.98 0.0
3.5 1.04 0.0
3.5 1.1 0.0
3.5 1.1600000000000001 0.0
3.5 1.22 0.0
3.5 1.28 0.0
3.5 1.34 0.0
3.5 1.4 0.0
3.5 1.46 0.0
3.5 1.52 0.0
3.5 1.58 0.0
3.5 1.6400000000000001 0.0
3.5 1.7000000000000002 0.0
3.5 1.76 0.0
3.5 1.82 0.0
3.5 1.8800000000000001 0.0
3.5 1.94 0.0
3.5 2.0 0.0
3.5 2.06 0.0
3.5 2.12 0.0
3.5 2.18 0.0
3.5 2.2399999999999998 0.0
3.5 2.3000000000000003 0.0
3.5 2.36 0.0
3.5 2.4200000000000004 0.0
3.5 2.48 0.0
3.5 2.5400000000000005 0.0
3.5 2.5999999999999996 0.0
3.5 2.66 0.0
3.5 2.7199999999999998 0.0
3.5 2.7800000000000002 0.0
3.5 2.84 0.0
3.5 2.9000000000000004 0.0
3.5 2.9599999999999995 0.0
3.5 3.02 0.0
3.5 3.0799999999999996 0.0
3.5 3.14 0.0
3.5 3.1999999999999997 0.0
3.5 3.2600000000000002 0.0
3.5 3.3200000000000003 0.0
3.5 3.38 0.0
3.5 3.4399999999999995 0.0
3.5 3.5 0.0
