0.5 0.5 0.0
0.5 0.56 0.0
0.5 0.62 0.0
0.5 0.6799999999999999 0.0
0.5 0.74 0.0
0.5 0.8 0.0
0.5 0.86 0.0
0.5 0.92 0.0
0.5 0.98 0.0
0.5 1.04 0.0
0.5 1.1 0.0
0.5 1.1600000000000001 0.0
0.5 1.22 0.0
0.5 1.28 0.0
0.5 1.34 0.0
0.5 1.4 0.0
0.5 1.46 0.0
0.5 1.52 0.0
0.5 1.58 0.0
0.5 1.6400000000000001 0.0
0.5 1.7000000000000002 0.0
0.5 1.76 0.0
0.5 1.82 0.0
0.5 1.8800000000000001 0.0
0.5 1.94 0.0
0.5 2.0 0.0
0.5 2.06 0.0
0.5 2.12 0.0
0.5 2.18 0.0
0.5 2.2399999999999998 0.0
0.5 2.3000000000000003 0.0
0.5 2.36 0.0
0.5 2.4200000000000004 0.0
0.5 2.48 0.0
0.5 2.5400000000000005 0.0
0.5 2.5999999999999996 0.0
0.5 2.66 0.0
0.5 2.7199999999999998 0.0
0.5 2.7800000000000002 0.0
0.5 2.84 0.0
0.5 2.9000000000000004 0.0
0.5 2.9599999999999995 0.0
0.5 3.02 0.0
0.5 3.0799999999999996 0.0
0.5 3.14 0.0
0.5 3.1999999999999997 0.0
0.5 3.2600000000000002 0.0
0.5 3.3200000000000003 0.0
0.5 3.38 0.0
0.5 3.4399999999999995 0.0
0.5 3.5 0.0
0.56 0.5 0.0
0.56 0.56 0.0
0.56 0.62 0.0
0.56 0.6799999999999999 0.0
0.56 0.74 0.0
0.56 0.8 0.0
0.56 0.86 0.0
0.56 0.92 0.0
0.56 0.98 0.0
0.56 1.04 0.0
0.56 1.1 0.0
0.56 1.1600000000000001 0.0
0.56 1.22 0.0
0.56 1.28 0.0
0.56 1.34 0.0
0.56 1.4 0.0
0.56 1.46 0.0
0.56 1.52 0.0
0.56 1.58 0.0
0.56 1.6400000000000001 0.0
0.56 1.7000000000000002 0.0
0.56 1.76 0.0
0.56 1.82 0.0
0.56 1.8800000000000001 0.0
0.56 1.94 0.0
0.56 2.0 0.0
0.56 2.06 0.0
0.56 2.12 0.0
0.56 2.18 0.0
0.56 2.2399999999999998 0.0
0.56 2.3000000000000003 0.0
0.56 2.36 0.0
0.56 2.4200000000000004 0.0
0.56 2.48 0.0
0.56 2.5400000000000005 0.0
0.56 2.5999999999999996 0.0
0.56 2.66 0.0
0.56 2.7199999999999998 0.0
0.56 2.7800000000000002 0.0
0.56 2.84 0.0
0.56 2.9000000000000004 0.0
0.56 2.9599999999999995 0.0
0.56 3.02 0.0
0.56 3.0799999999999996 0.0
0.56 3.14 0.0
0.56 3.1999999999999997 0.0
0.56 3.2600000000000002 0.0
0.56 3.3200000000000003 0.0
0.56 3.38 0.0
0.56 3.4399999999999995 0.0
0.56 3.5 0.0
0.62 0.5 0.0
0.62 0.56 0.0
0.62 0.62 0.0
0.62 0.6799999999999999 0.0
0.62 0.74 0.0
0.62 0.8 0.0
0.62 0.86 0.0
0.62 0.92 0.0
0.62 0.98 0.0
0.62 1.04 0.0
0.62 1.1 0.0
0.62 1.1600000000000001 0.0
0.62 1.22 0.0
0.62 1.28 0.0
0.62 1.34 0.0
0.62 1.4 0.0
0.62 1.46 0.0
0.62 1.52 0.0
0.62 1.58 0.0
0.62 1.6400000000000001 0.0
0.62 1.7000000000000002 0.0
0.62 1.76 0.0
0.62 1.82 0.0
0.62 1.8800000000000001 0.0
0.62 1.94 0.0
0.62 2.0 0.0
0.62 2.06 0.0
0.62 2.12 0.0
0.62 2.18 0.0
0.62 2.2399999999999998 0.0
0.62 2.3000000000000003 0.0
0.62 2.36 0.0
0.62 2.4200000000000004 0.0
0.62 2.48 0.0
0.62 2.5400000000000005 0.0
0.62 2.5999999999999996 0.0
0.62 2.66 0.0
0.62 2.7199999999999998 0.0
0.62 2.7800000000000002 0.0
0.62 2.84 0.0
0.62 2.9000000000000004 0.0
0.62 2.9599999999999995 0.0
0.62 3.02 0.0
0.62 3.0799999999999996 0.0
0.62 3.14 0.0
0.62 3.1999999999999997 0.0
0.62 3.2600000000000002 0.0
0.62 3.3200000000000003 0.0
0.62 3.38 0.0
0.62 3.4399999999999995 0.0
0.62 3.5 0.0
0.6799999999999999 0.5 0.0
0.6799999999999999 0.56 0.0
0.6799999999999999 0.62 0.0
0.6799999999999999 0.6799999999999999 0.0
0.6799999999999999 0.74 0.0
0.6799999999999999 0.8 0.0
0.6799999999999999 0.86 0.0
0.6799999999999999 0.92 0.0
0.6799999999999999 0.98 0.0
0.6799999999999999 1.04 0.0
0.6799999999999999 1.1 0.0
0.6799999999999999 1.1600000000000001 0.0
0.6799999999999999 1.22 0.0
0.6799999999999999 1.28 0.0
0.6799999999999999 1.34 0.0
0.6799999999999999 1.4 0.0
0.6799999999999999 1.46 0.0
0.6799999999999999 1.52 0.0
0.6799999999999999 1.58 0.0
0.6799999999999999 1.6400000000000001 0.0
0.6799999999999999 1.7000000000000002 0.0
0.6799999999999999 1.76 0.0
0.6799999999999999 1.82 0.0
0.6799999999999999 1.8800000000000001 0.0
0.6799999999999999 1.94 0.0
0.6799999999999999 2.0 0.0
0.6799999999999999 2.06 0.0
0.6799999999999999 2.12 0.0
0.6799999999999999 2.18 0.0
0.6799999999999999 2.2399999999999998 0.0
0.6799999999999999 2.3000000000000003 0.0
0.6799999999999999 2.36 0.0
0.6799999999999999 2.4200000000000004 0.0
0.6799999999999999 2.48 0.0
0.6799999999999999 2.5400000000000005 0.0
0.6799999999999999 2.5999999999999996 0.0
0.6799999999999999 2.66 0.0
0.6799999999999999 2.7199999999999998 0.0
0.6799999999999999 2.7800000000000002 0.0
0.6799999999999999 2.84 0.0
0.6799999999999999 2.9000000000000004 0.0
0.6799999999999999 2.9599999999999995 0.0
0.6799999999999999 3.02 0.0
0.6799999999999999 3.0799999999999996 0.0
0.6799999999999999 3.14 0.0
0.6799999999999999 3.1999999999999997 0.0
0.6799999999999999 3.2600000000000002 0.0
0.6799999999999999 3.3200000000000003 0.0
0.6799999999999999 3.38 0.0
0.6799999999999999 3.4399999999999995 0.0
0.6799999999999999 3.5 0.0
0.74 0.5 0.0
0.74 0.56 0.0
0.74 0.62 0.0
0.74 0.6799999999999999 0.0
0.74 0.74 0.0
0.74 0.8 0.0
0.74 0.86 0.0
0.74 0.92 0.0
0.74 0.98 0.0
0.74 1.04 0.0
0.74 1.1 0.0
0.74 1.1600000000000001 0.0
0.74 1.22 0.0
0.74 1.28 0.0
0.74 1.34 0.0
0.74 1.4 0.0
0.74 1.46 0.0
0.74 1.52 0.0
0.74 1.58 0.0
0.74 1.6400000000000001 0.0
0.74 1.7000000000000002 0.0
0.74 1.76 0.0
0.74 1.82 0.0
0.74 1.8800000000000001 0.0
0.74 1.94 0.0
0.74 2.0 0.0
0.74 2.06 0.0
0.74 2.12 0.0
0.74 2.18 0.0
0.74 2.2399999999999998 0.0
0.74 2.3000000000000003 0.0
0.74 2.36 0.0
0.74 2.4200000000000004 0.0
0.74 2.48 0.0
0.74 2.5400000000000005 0.0
0.74 2.5999999999999996 0.0
0.74 2.66 0.0
0.74 2.7199999999999998 0.0
0.74 2.7800000000000002 0.0
0.74 2.84 0.0
0.74 2.9000000000000004 0.0
0.74 2.9599999999999995 0.0
0.74 3.02 0.0
0.74 3.0799999999999996 0.0
0.74 3.14 0.0
0.74 3.1999999999999997 0.0
0.74 3.2600000000000002 0.0
0.74 3.3200000000000003 0.0
0.74 3.38 0.0
0.74 3.4399999999999995 0.0
0.74 3.5 0.0
0.8 0.5 0.0
0.8 0.56 0.0
0.8 0.62 0.0
0.8 0.6799999999999999 0.0
0.8 0.74 0.0
0.8 0.8 0.0
0.8 0.86 0.0
0.8 0.92 0.0
0.8 0.98 0.0
0.8 1.04 0.0
0.8 1.1 0.0
0.8 1.1600000000000001 0.0
0.8 1.22 0.0
0.8 1.28 0.0
0.8 1.34 0.0
0.8 1.4 0.0
0.8 1.46 0.0
0.8 1.52 0.0
0.8 1.58 0.0
0.8 1.6400000000000001 0.0
0.8 1.7000000000000002 0.0
0.8 1.76 0.0
0.8 1.82 0.0
0.8 1.8800000000000001 0.0
0.8 1.94 0.0
0.8 2.0 0.0
0.8 2.06 0.0
0.8 2.12 0.0
0.8 2.18 0.0
0.8 2.2399999999999998 0.0
0.8 2.3000000000000003 0.0
0.8 2.36 0.0
0.8 2.4200000000000004 0.0
0.8 2.48 0.0
0.8 2.5400000000000005 0.0
0.8 2.5999999999999996 0.0
0.8 2.66 0.0
0.8 2.7199999999999998 0.0
0.8 2.7800000000000002 0.0
0.8 2.84 0.0
0.8 2.9000000000000004 0.0
0.8 2.9599999999999995 0.0
0.8 3.02 0.0
0.8 3.0799999999999996 0.0
0.8 3.14 0.0
0.8 3.1999999999999997 0.0
0.8 3.2600000000000002 0.0
0.8 3.3200000000000003 0.0
0.8 3.38 0.0
0.8 3.4399999999999995 0.0
0.8 3.5 0.0
0.86 0.5 0.0
0.86 0.56 0.0
0.86 0.62 0.0
0.86 0.6799999999999999 0.0
0.86 0.74 0.0
0.86 0.8 0.0
0.86 0.86 0.0
0.86 0.92 0.0
0.86 0.98 0.0
0.86 1.04 0.0
0.86 1.1 0.0
0.86 1.1600000000000001 0.0
0.86 1.22 0.0
0.86 1.28 0.0
0.86 1.34 0.0
0.86 1.4 0.0
0.86 1.46 0.0
0.86 1.52 0.0
0.86 1.58 0.0
0.86 1.6400000000000001 0.0
0.86 1.7000000000000002 0.0
0.86 1.76 0.0
0.86 1.82 0.0
0.86 1.8800000000000001 0.0
0.86 1.94 0.0
0.86 2.0 0.0
0.86 2.06 0.0
0.86 2.12 0.0
0.86 2.18 0.0
0.86 2.2399999999999998 0.0
0.86 2.3000000000000003 0.0
0.86 2.36 0.0
0.86 2.4200000000000004 0.0
0.86 2.48 0.0
0.86 2.5400000000000005 0.0
0.86 2.5999999999999996 0.0
0.86 2.66 0.0
0.86 2.7199999999999998 0.0
0.86 2.7800000000000002 0.0
0.86 2.84 0.0
0.86 2.9000000000000004 0.0
0.86 2.9599999999999995 0.0
0.86 3.02 0.0
0.86 3.0799999999999996 0.0
0.86 3.14 0.0
0.86 3.1999999999999997 0.0
0.86 3.2600000000000002 0.0
0.86 3.3200000000000003 0.0
0.86 3.38 0.0
0.86 3.4399999999999995 0.0
0.86 3.5 0.0
0.92 0.5 0.0
0.92 0.56 0.0
0.92 0.62 0.0
0.92 0.6799999999999999 0.0
0.92 0.74 0.0
0.92 0.8 0.0
0.92 0.86 0.0
0.92 0.92 0.0
0.92 0.98 0.0
0.92 1.04 0.0
0.92 1.1 -3.2035824633269357e-49
0.92 1.1600000000000001 1.4021605434071636e-16
0.92 1.22 5.819350501407315e-49
0.92 1.28 2.133044632589676e-39
0.92 1.34 4.3080491394516025e-69
0.92 1.4 7.338606905471066e-66
0.92 1.46 -2.121638319605747e-43
0.92 1.52 -3.217362825922195e-52
0.92 1.58 9.626534948245038e-52
0.92 1.6400000000000001 1.817324881184199e-100
0.92 1.7000000000000002 -2.9885199290075408e-50
0.92 1.76 1.0713456549540491e-50
0.92 1.82 -1.0467003961534357e-50
0.92 1.8800000000000001 -2.5081521157741043e-24
0.92 1.94 -1.2301989347900494e-43
0.92 2.0 -1.2287926593324361e-42
0.92 2.06 -1.1131401047739055e-42
0.92 2.12 7.309827781146998e-42
0.92 2.18 -4.3918685857009295e-36
0.92 2.2399999999999998 -9.326173646755134e-43
0.92 2.3000000000000003 1.3192328634367746e-33
0.92 2.36 5.211918046113247e-37
0.92 2.4200000000000004 -2.2506450122316e-34
0.92 2.48 1.3509182891775412e-42
0.92 2.5400000000000005 3.203576617895353e-45
0.92 2.5999999999999996 0.0
0.92 2.66 0.0
0.92 2.7199999999999998 0.0
0.92 2.7800000000000002 0.0
0.92 2.84 0.0
0.92 2.9000000000000004 0.0
0.92 2.9599999999999995 0.0
0.92 3.02 0.0
0.92 3.0799999999999996 0.0
0.92 3.14 0.0
0.92 3.1999999999999997 0.0
0.92 3.2600000000000002 0.0
0.92 3.3200000000000003 0.0
0.92 3.38 0.0
0.92 3.4399999999999995 0.0
0.92 3.5 0.0
0.98 0.5 0.0
0.98 0.56 0.0
0.98 0.62 0.0
0.98 0.6799999999999999 0.0
0.98 0.74 0.0
0.98 0.8 0.0
0.98 0.86 0.0
0.98 0.92 0.0
0.98 0.98 0.0
0.98 1.04 0.0
0.98 1.1 1.307789076421542e-52
0.98 1.1600000000000001 -6.350677436813909e-16
0.98 1.22 -1.2191822199509615e-17
0.98 1.28 9.946220619582366e-26
0.98 1.34 -3.042872315951647e-54
0.98 1.4 -2.8746670320914384e-69
0.98 1.46 8.659611309983369e-47
0.98 1.52 1.915345476370893e-50
0.98 1.58 -3.3609750479391553e-50
0.98 1.6400000000000001 -3.6522582607819765e-59
0.98 1.7000000000000002 -1.2125194702855424e-50
0.98 1.76 2.9301514210333175e-53
0.98 1.82 2.0151903788841795e-50
0.98 1.8800000000000001 2.6273562948319186e-17
0.98 1.94 -6.976527528311537e-37
0.98 2.0 -4.6467597211353054e-38
0.98 2.06 1.827342755246949e-37
0.98 2.12 -7.65725980746709e-35
0.98 2.18 1.7928802625904777e-39
0.98 2.2399999999999998 3.807424928506884e-46
0.98 2.3000000000000003 -5.385465639823444e-37
0.98 2.36 -2.1276460261900155e-40
0.98 2.4200000000000004 9.187742146769144e-38
0.98 2.48 -5.514769875995435e-46
0.98 2.5400000000000005 -1.3008090526974433e-48
0.98 2.5999999999999996 0.0
0.98 2.66 0.0
0.98 2.7199999999999998 0.0
0.98 2.7800000000000002 0.0
0.98 2.84 0.0
0.98 2.9000000000000004 0.0
0.98 2.9599999999999995 0.0
0.98 3.02 0.0
0.98 3.0799999999999996 0.0
0.98 3.14 0.0
0.98 3.1999999999999997 0.0
0.98 3.2600000000000002 0.0
0.98 3.3200000000000003 0.0
0.98 3.38 0.0
0.98 3.4399999999999995 0.0
0.98 3.5 0.0
1.04 0.5 0.0
1.04 0.56 0.0
1.04 0.62 0.0
1.04 0.6799999999999999 0.0
1.04 0.74 0.0
1.04 0.8 0.0
1.04 0.86 0.0
1.04 0.92 0.0
1.04 0.98 0.0
1.04 1.04 0.0
1.04 1.1 2.0596779040424707e-38
1.04 1.1600000000000001 6.430438857369366e-6
1.04 1.22 -7.110122385198562e-18
1.04 1.28 0.0001310629189270578
1.04 1.34 7.962119791912737e-7
1.04 1.4 1.9937071975787385e-40
1.04 1.46 3.710312645291405e-36
1.04 1.52 1.2092748326044347e-38
1.04 1.58 -6.006135104168598e-38
1.04 1.6400000000000001 -1.965540483256722e-38
1.04 1.7000000000000002 3.52932690191273e-37
1.04 1.76 1.313463514004473e-38
1.04 1.82 3.830763714769658e-36
1.04 1.8800000000000001 3.085004354715303e-16
1.04 1.94 -8.205856137746788e-36
1.04 2.0 1.081162194814436e-36
1.04 2.06 1.3749337653348327e-36
1.04 2.12 -9.003061369715232e-34
1.04 2.18 -6.82563918896592e-30
1.04 2.2399999999999998 1.9817386697680285e-32
1.04 2.3000000000000003 -4.7615721250260744e-30
1.04 2.36 -2.132259982791141e-37
1.04 2.4200000000000004 7.316175291826847e-30
1.04 2.48 -5.909247620354034e-38
1.04 2.5400000000000005 -1.3194141352107658e-45
1.04 2.5999999999999996 0.0
1.04 2.66 0.0
1.04 2.7199999999999998 0.0
1.04 2.7800000000000002 0.0
1.04 2.84 0.0
1.04 2.9000000000000004 0.0
1.04 2.9599999999999995 0.0
1.04 3.02 0.0
1.04 3.0799999999999996 0.0
1.04 3.14 0.0
1.04 3.1999999999999997 0.0
1.04 3.2600000000000002 0.0
1.04 3.3200000000000003 0.0
1.04 3.38 0.0
1.04 3.4399999999999995 0.0
1.04 3.5 0.0
1.1 0.5 0.0
1.1 0.56 0.0
1.1 0.62 0.0
1.1 0.6799999999999999 0.0
1.1 0.74 0.0
1.1 0.8 0.0
1.1 0.86 0.0
1.1 0.92 0.0
1.1 0.98 0.0
1.1 1.04 0.0
1.1 1.1 -1.0271972196190202e-48
1.1 1.1600000000000001 1.1703091687473335e-5
1.1 1.22 -3.6485390280122745e-17
1.1 1.28 6.839397895335786e-39
1.1 1.34 -2.9114337224193413e-67
1.1 1.4 2.4393752228097736e-25
1.1 1.46 1.1012015467199455e-21
1.1 1.52 -2.421826507990298e-48
1.1 1.58 4.250983781710045e-48
1.1 1.6400000000000001 1.1161060795241346e-50
1.1 1.7000000000000002 1.427010399118241e-48
1.1 1.76 3.009544615829359e-50
1.1 1.82 -2.5800272776052012e-48
1.1 1.8800000000000001 -3.3207243325574003e-15
1.1 1.94 8.81765628988901e-35
1.1 2.0 5.873051128215943e-36
1.1 2.06 -2.3095849101820784e-35
1.1 2.12 9.678039438934598e-33
1.1 2.18 -1.4078356960187784e-35
1.1 2.2399999999999998 3.3969365442154704e-41
1.1 2.3000000000000003 4.22999253408937e-33
1.1 2.36 1.673778237961382e-36
1.1 2.4200000000000004 -7.2164715710774045e-34
1.1 2.48 -7.793569491141719e-41
1.1 2.5400000000000005 1.0271071547478418e-44
1.1 2.5999999999999996 0.0
1.1 2.66 0.0
1.1 2.7199999999999998 0.0
1.1 2.7800000000000002 0.0
1.1 2.84 0.0
1.1 2.9000000000000004 0.0
1.1 2.9599999999999995 0.0
1.1 3.02 0.0
1.1 3.0799999999999996 0.0
1.1 3.14 0.0
1.1 3.1999999999999997 0.0
1.1 3.2600000000000002 0.0
1.1 3.3200000000000003 0.0
1.1 3.38 0.0
1.1 3.4399999999999995 0.0
1.1 3.5 0.0
1.1600000000000001 0.5 0.0
1.1600000000000001 0.56 0.0
1.1600000000000001 0.62 0.0
1.1600000000000001 0.6799999999999999 0.0
1.1600000000000001 0.74 0.0
1.1600000000000001 0.8 0.0
1.1600000000000001 0.86 0.0
1.1600000000000001 0.92 0.0
1.1600000000000001 0.98 0.0
1.1600000000000001 1.04 0.0
1.1600000000000001 1.1 -2.0912594237979656e-50
1.1600000000000001 1.1600000000000001 1.1121425635227279e-7
1.1600000000000001 1.22 1.024349304525273e-17
1.1600000000000001 1.28 6.279204396071849e-19
1.1600000000000001 1.34 1.4406535874647038e-20
1.1600000000000001 1.4 3.469687417303723e-19
1.1600000000000001 1.46 2.7055450199563464e-10
1.1600000000000001 1.52 1.6036872444072877e-16
1.1600000000000001 1.58 1.2401573460954448e-33
1.1600000000000001 1.6400000000000001 -1.9866599204239132e-49
1.1600000000000001 1.7000000000000002 6.2186810351847716e-43
1.1600000000000001 1.76 -1.3245239456010227e-42
1.1600000000000001 1.82 2.4480617893694865e-46
1.1600000000000001 1.8800000000000001 4.651013376672051e-16
1.1600000000000001 1.94 -1.2350027878605502e-35
1.1600000000000001 2.0 -8.225770646833595e-37
1.1600000000000001 2.06 3.234809044835515e-36
1.1600000000000001 2.12 -1.3554886348181436e-33
1.1600000000000001 2.18 -1.7863085477522416e-34
1.1600000000000001 2.2399999999999998 1.9250994019625353e-27
1.1600000000000001 2.3000000000000003 9.887554937312374e-35
1.1600000000000001 2.36 5.188193651388365e-34
1.1600000000000001 2.4200000000000004 -1.6762957312026933e-35
1.1600000000000001 2.48 2.8615687735611044e-39
1.1600000000000001 2.5400000000000005 3.415575274867026e-46
1.1600000000000001 2.5999999999999996 0.0
1.1600000000000001 2.66 0.0
1.1600000000000001 2.7199999999999998 0.0
1.1600000000000001 2.7800000000000002 0.0
1.1600000000000001 2.84 0.0
1.1600000000000001 2.9000000000000004 0.0
1.1600000000000001 2.9599999999999995 0.0
1.1600000000000001 3.02 0.0
1.1600000000000001 3.0799999999999996 0.0
1.1600000000000001 3.14 0.0
1.1600000000000001 3.1999999999999997 0.0
1.1600000000000001 3.2600000000000002 0.0
1.1600000000000001 3.3200000000000003 0.0
1.1600000000000001 3.38 0.0
1.1600000000000001 3.4399999999999995 0.0
1.1600000000000001 3.5 0.0
1.22 0.5 0.0
1.22 0.56 0.0
1.22 0.62 0.0
1.22 0.6799999999999999 0.0
1.22 0.74 0.0
1.22 0.8 0.0
1.22 0.86 0.0
1.22 0.92 0.0
1.22 0.98 0.0
1.22 1.04 0.0
1.22 1.1 4.098373667922921e-36
1.22 1.1600000000000001 2.186526236405072e-16
1.22 1.22 0.00014229218753264965
1.22 1.28 0.0005143847345458729
1.22 1.34 0.014735775573171643
1.22 1.4 2.469832977654646e-36
1.22 1.46 0.0020026304706433685
1.22 1.52 8.993735399591989e-11
1.22 1.58 2.2700187450865968e-18
1.22 1.6400000000000001 -1.4703580962712472e-42
1.22 1.7000000000000002 -2.9660482866485077e-21
1.22 1.76 -9.71796243352765e-36
1.22 1.82 2.5571665317810396e-35
1.22 1.8800000000000001 -3.470808460383806e-15
1.22 1.94 9.035177351604132e-35
1.22 2.0 4.917270177954474e-35
1.22 2.06 -2.3838603542192184e-22
1.22 2.12 1.0108025307232645e-32
1.22 2.18 -1.3710349604324555e-27
1.22 2.2399999999999998 1.4249478102937835e-20
1.22 2.3000000000000003 -3.2590293522733796e-29
1.22 2.36 2.887166197453498e-28
1.22 2.4200000000000004 4.9109544380720837e-29
1.22 2.48 2.1139831385223287e-34
1.22 2.5400000000000005 8.958682362522721e-37
1.22 2.5999999999999996 0.0
1.22 2.66 0.0
1.22 2.7199999999999998 0.0
1.22 2.7800000000000002 0.0
1.22 2.84 0.0
1.22 2.9000000000000004 0.0
1.22 2.9599999999999995 0.0
1.22 3.02 0.0
1.22 3.0799999999999996 0.0
1.22 3.14 0.0
1.22 3.1999999999999997 0.0
1.22 3.2600000000000002 0.0
1.22 3.3200000000000003 0.0
1.22 3.38 0.0
1.22 3.4399999999999995 0.0
1.22 3.5 0.0
1.28 0.5 0.0
1.28 0.56 0.0
1.28 0.62 0.0
1.28 0.6799999999999999 0.0
1.28 0.74 0.0
1.28 0.8 0.0
1.28 0.86 0.0
1.28 0.92 0.0
1.28 0.98 0.0
1.28 1.04 0.0
1.28 1.1 1.0265176879248276e-36
1.28 1.1600000000000001 1.1472929154950256e-15
1.28 1.22 1.1592932297957364e-6
1.28 1.28 0.006435402349410997
1.28 1.34 5.649824933508553e-5
1.28 1.4 5.790213070852884e-7
1.28 1.46 8.942687092792975e-29
1.28 1.52 1.0485727561245506e-30
1.28 1.58 6.309828596509846e-13
1.28 1.6400000000000001 2.524886023652882e-30
1.28 1.7000000000000002 -1.8155564773482816e-15
1.28 1.76 6.298670713956522e-37
1.28 1.82 1.880966554902037e-34
1.28 1.8800000000000001 4.3256120975313387e-16
1.28 1.94 -1.217981853900955e-35
1.28 2.0 7.911236409236608e-35
1.28 2.06 -8.790851681112446e-17
1.28 2.12 -3.129099123357001e-34
1.28 2.18 -2.9793257442717247e-28
1.28 2.2399999999999998 9.902848578582512e-31
1.28 2.3000000000000003 -2.0931416861577831e-29
1.28 2.36 -1.0361646962501446e-36
1.28 2.4200000000000004 3.8555663737332383e-28
1.28 2.48 7.05455350994821e-30
1.28 2.5400000000000005 7.5757810397970645e-34
1.28 2.5999999999999996 0.0
1.28 2.66 0.0
1.28 2.7199999999999998 0.0
1.28 2.7800000000000002 0.0
1.28 2.84 0.0
1.28 2.9000000000000004 0.0
1.28 2.9599999999999995 0.0
1.28 3.02 0.0
1.28 3.0799999999999996 0.0
1.28 3.14 0.0
1.28 3.1999999999999997 0.0
1.28 3.2600000000000002 0.0
1.28 3.3200000000000003 0.0
1.28 3.38 0.0
1.28 3.4399999999999995 0.0
1.28 3.5 0.0
1.34 0.5 0.0
1.34 0.56 0.0
1.34 0.62 0.0
1.34 0.6799999999999999 0.0
1.34 0.74 0.0
1.34 0.8 0.0
1.34 0.86 0.0
1.34 0.92 0.0
1.34 0.98 0.0
1.34 1.04 0.0
1.34 1.1 1.4888973315181663e-42
1.34 1.1600000000000001 -5.560556397096822e-18
1.34 1.22 -1.2475952610549657e-16
1.34 1.28 1.1419431267547605e-11
1.34 1.34 2.316800630547127e-22
1.34 1.4 3.836377365390454e-12
1.34 1.46 0.0017108580335666776
1.34 1.52 0.010522659870495771
1.34 1.58 5.916748337092916e-37
1.34 1.6400000000000001 2.2057945512345758e-12
1.34 1.7000000000000002 -1.8856528706410524e-18
1.34 1.76 2.408931950397002e-34
1.34 1.82 -1.643518107508859e-36
1.34 1.8800000000000001 -8.948497935114677e-17
1.34 1.94 -1.176310329277682e-34
1.34 2.0 -1.6246782220416586e-31
1.34 2.06 -4.720729573230739e-16
1.34 2.12 3.4240658362670095e-27
1.34 2.18 2.4897127367066934e-29
1.34 2.2399999999999998 6.669395339970056e-28
1.34 2.3000000000000003 6.609777092287929e-26
1.34 2.36 1.1719965451189856e-21
1.34 2.4200000000000004 8.713909576419045e-28
1.34 2.48 8.162426865171153e-29
1.34 2.5400000000000005 1.744745285694139e-30
1.34 2.5999999999999996 0.0
1.34 2.66 0.0
1.34 2.7199999999999998 0.0
1.34 2.7800000000000002 0.0
1.34 2.84 0.0
1.34 2.9000000000000004 0.0
1.34 2.9599999999999995 0.0
1.34 3.02 0.0
1.34 3.0799999999999996 0.0
1.34 3.14 0.0
1.34 3.1999999999999997 0.0
1.34 3.2600000000000002 0.0
1.34 3.3200000000000003 0.0
1.34 3.38 0.0
1.34 3.4399999999999995 0.0
1.34 3.5 0.0
1.4 0.5 0.0
1.4 0.56 0.0
1.4 0.62 0.0
1.4 0.6799999999999999 0.0
1.4 0.74 0.0
1.4 0.8 0.0
1.4 0.86 0.0
1.4 0.92 0.0
1.4 0.98 0.0
1.4 1.04 0.0
1.4 1.1 8.677949537021092e-36
1.4 1.1600000000000001 8.190365599705157e-16
1.4 1.22 -7.334822941186788e-16
1.4 1.28 3.3506175964937454e-22
1.4 1.34 5.011086740396636e-10
1.4 1.4 0.1506436757410042
1.4 1.46 2.896164555772828e-12
1.4 1.52 0.04881506098622299
1.4 1.58 0.0049364720357541695
1.4 1.6400000000000001 2.1219881242906004e-6
1.4 1.7000000000000002 7.336288484958576e-20
1.4 1.76 2.651472944521424e-23
1.4 1.82 -7.117169276338888e-36
1.4 1.8800000000000001 1.7097220965753415e-15
1.4 1.94 1.1996797487045095e-32
1.4 2.0 -1.043647086132684e-34
1.4 2.06 4.416288723674855e-24
1.4 2.12 2.4443657031362337e-24
1.4 2.18 8.166399452783522e-25
1.4 2.2399999999999998 2.1456884981874675e-21
1.4 2.3000000000000003 8.717131527232175e-23
1.4 2.36 1.5720732014224846e-19
1.4 2.4200000000000004 4.175632936701256e-23
1.4 2.48 -2.3672810791896007e-24
1.4 2.5400000000000005 1.0818439885854424e-24
1.4 2.5999999999999996 0.0
1.4 2.66 0.0
1.4 2.7199999999999998 0.0
1.4 2.7800000000000002 0.0
1.4 2.84 0.0
1.4 2.9000000000000004 0.0
1.4 2.9599999999999995 0.0
1.4 3.02 0.0
1.4 3.0799999999999996 0.0
1.4 3.14 0.0
1.4 3.1999999999999997 0.0
1.4 3.2600000000000002 0.0
1.4 3.3200000000000003 0.0
1.4 3.38 0.0
1.4 3.4399999999999995 0.0
1.4 3.5 0.0
1.46 0.5 0.0
1.46 0.56 0.0
1.46 0.62 0.0
1.46 0.6799999999999999 0.0
1.46 0.74 0.0
1.46 0.8 0.0
1.46 0.86 0.0
1.46 0.92 0.0
1.46 0.98 0.0
1.46 1.04 0.0
1.46 1.1 4.0243562852689085e-34
1.46 1.1600000000000001 7.399768266587367e-19
1.46 1.22 -1.14876162292547e-17
1.46 1.28 -2.3305331167278696e-21
1.46 1.34 4.8427118134991385e-20
1.46 1.4 1.4206024170820151e-8
1.46 1.46 1.129299910686706
1.46 1.52 0.16829682229647444
1.46 1.58 1.3781451621800367
1.46 1.6400000000000001 0.3481940251558703
1.46 1.7000000000000002 0.23015442521831886
1.46 1.76 8.428219978607326e-13
1.46 1.82 2.471164590292359e-18
1.46 1.8800000000000001 -1.583278647529178e-16
1.46 1.94 5.398263754277149e-22
1.46 2.0 1.375095411380725e-18
1.46 2.06 2.3031558184747435e-16
1.46 2.12 4.833208686751358e-29
1.46 2.18 2.0220409102908855e-18
1.46 2.2399999999999998 4.163636930844588e-18
1.46 2.3000000000000003 -3.763193523364963e-20
1.46 2.36 5.408427964155633e-19
1.46 2.4200000000000004 3.8229262384993445e-21
1.46 2.48 -4.3575395954305994e-20
1.46 2.5400000000000005 1.3535110109260471e-21
1.46 2.5999999999999996 0.0
1.46 2.66 0.0
1.46 2.7199999999999998 0.0
1.46 2.7800000000000002 0.0
1.46 2.84 0.0
1.46 2.9000000000000004 0.0
1.46 2.9599999999999995 0.0
1.46 3.02 0.0
1.46 3.0799999999999996 0.0
1.46 3.14 0.0
1.46 3.1999999999999997 0.0
1.46 3.2600000000000002 0.0
1.46 3.3200000000000003 0.0
1.46 3.38 0.0
1.46 3.4399999999999995 0.0
1.46 3.5 0.0
1.52 0.5 0.0
1.52 0.56 0.0
1.52 0.62 0.0
1.52 0.6799999999999999 0.0
1.52 0.74 0.0
1.52 0.8 0.0
1.52 0.86 0.0
1.52 0.92 0.0
1.52 0.98 0.0
1.52 1.04 0.0
1.52 1.1 8.134502585432591e-34
1.52 1.1600000000000001 2.3643407891390855e-21
1.52 1.22 -4.343775114441532e-19
1.52 1.28 -3.847614788297991e-18
1.52 1.34 -6.937636676360418e-20
1.52 1.4 6.033772711364567e-16
1.52 1.46 3.0613770797292607e-9
1.52 1.52 1.4477725840252926
1.52 1.58 0.5615818094169406
1.52 1.6400000000000001 0.7290053100993031
1.52 1.7000000000000002 0.23009033829598574
1.52 1.76 3.661499070932491e-5
1.52 1.82 6.495950925768534e-5
1.52 1.8800000000000001 2.070366640855811e-13
1.52 1.94 6.0090626861125215e-22
1.52 2.0 5.888676530853802e-26
1.52 2.06 3.07895014648243e-16
1.52 2.12 1.940685870056824e-15
1.52 2.18 1.961034098038747e-21
1.52 2.2399999999999998 -3.9509632749214364e-25
1.52 2.3000000000000003 1.9418726420069e-21
1.52 2.36 -1.2705591850484167e-18
1.52 2.4200000000000004 4.514356407763468e-18
1.52 2.48 -4.80918058514347e-17
1.52 2.5400000000000005 1.4960135158210347e-19
1.52 2.5999999999999996 0.0
1.52 2.66 0.0
1.52 2.7199999999999998 0.0
1.52 2.7800000000000002 0.0
1.52 2.84 0.0
1.52 2.9000000000000004 0.0
1.52 2.9599999999999995 0.0
1.52 3.02 0.0
1.52 3.0799999999999996 0.0
1.52 3.14 0.0
1.52 3.1999999999999997 0.0
1.52 3.2600000000000002 0.0
1.52 3.3200000000000003 0.0
1.52 3.38 0.0
1.52 3.4399999999999995 0.0
1.52 3.5 0.0
1.58 0.5 0.0
1.58 0.56 0.0
1.58 0.62 0.0
1.58 0.6799999999999999 0.0
1.58 0.74 0.0
1.58 0.8 0.0
1.58 0.86 0.0
1.58 0.92 0.0
1.58 0.98 0.0
1.58 1.04 0.0
1.58 1.1 -6.146264600499157e-24
1.58 1.1600000000000001 -6.920550921452192e-17
1.58 1.22 1.137011569113345e-34
1.58 1.28 -3.5339806675183506e-19
1.58 1.34 -4.618448915505362e-21
1.58 1.4 -9.562717328274178e-28
1.58 1.46 8.633515895917671e-14
1.58 1.52 0.0002444702580855241
1.58 1.58 2.955830539896489
1.58 1.6400000000000001 7.256289683587092e-5
1.58 1.7000000000000002 1.3747876845126974e-6
1.58 1.76 2.6783495397935324
1.58 1.82 0.22330642901183093
1.58 1.8800000000000001 1.6629259287071573e-5
1.58 1.94 5.3878474643884e-9
1.58 2.0 3.74556810129508e-16
1.58 2.06 3.586314571544383e-17
1.58 2.12 3.2113906030893475e-23
1.58 2.18 -6.656455122041788e-20
1.58 2.2399999999999998 -3.026834541334636e-20
1.58 2.3000000000000003 8.568716445272718e-18
1.58 2.36 4.0547315472162606e-15
1.58 2.4200000000000004 2.628639777297081e-23
1.58 2.48 4.17176906170484e-16
1.58 2.5400000000000005 -1.535081107136295e-19
1.58 2.5999999999999996 0.0
1.58 2.66 0.0
1.58 2.7199999999999998 0.0
1.58 2.7800000000000002 0.0
1.58 2.84 0.0
1.58 2.9000000000000004 0.0
1.58 2.9599999999999995 0.0
1.58 3.02 0.0
1.58 3.0799999999999996 0.0
1.58 3.14 0.0
1.58 3.1999999999999997 0.0
1.58 3.2600000000000002 0.0
1.58 3.3200000000000003 0.0
1.58 3.38 0.0
1.58 3.4399999999999995 0.0
1.58 3.5 0.0
1.6400000000000001 0.5 0.0
1.6400000000000001 0.56 0.0
1.6400000000000001 0.62 0.0
1.6400000000000001 0.6799999999999999 0.0
1.6400000000000001 0.74 0.0
1.6400000000000001 0.8 0.0
1.6400000000000001 0.86 0.0
1.6400000000000001 0.92 0.0
1.6400000000000001 0.98 0.0
1.6400000000000001 1.04 0.0
1.6400000000000001 1.1 -1.6728483261468966e-22
1.6400000000000001 1.1600000000000001 1.3876463232787537e-15
1.6400000000000001 1.22 3.1039674474436446e-33
1.6400000000000001 1.28 -4.785378502099409e-17
1.6400000000000001 1.34 -8.367530947481916e-19
1.6400000000000001 1.4 2.240225651829629e-17
1.6400000000000001 1.46 1.5460351674469685e-13
1.6400000000000001 1.52 9.560754284153772e-18
1.6400000000000001 1.58 0.42505305715986774
1.6400000000000001 1.6400000000000001 10.181979462890691
1.6400000000000001 1.7000000000000002 8.590430684785074
1.6400000000000001 1.76 1.3581251658113196
1.6400000000000001 1.82 4.573102313133381
1.6400000000000001 1.8800000000000001 5.38787301113471
1.6400000000000001 1.94 0.0014430264535596666
1.6400000000000001 2.0 5.489155187635315e-18
1.6400000000000001 2.06 4.3724452169058926e-17
1.6400000000000001 2.12 2.7792482231192614e-21
1.6400000000000001 2.18 3.925776086912647e-14
1.6400000000000001 2.2399999999999998 4.4222117928562726e-12
1.6400000000000001 2.3000000000000003 9.60309302588688e-16
1.6400000000000001 2.36 -5.447851361253164e-18
1.6400000000000001 2.4200000000000004 2.3903275414598974e-13
1.6400000000000001 2.48 -5.511161300971295e-16
1.6400000000000001 2.5400000000000005 3.608208070512212e-20
1.6400000000000001 2.5999999999999996 0.0
1.6400000000000001 2.66 0.0
1.6400000000000001 2.7199999999999998 0.0
1.6400000000000001 2.7800000000000002 0.0
1.6400000000000001 2.84 0.0
1.6400000000000001 2.9000000000000004 0.0
1.6400000000000001 2.9599999999999995 0.0
1.6400000000000001 3.02 0.0
1.6400000000000001 3.0799999999999996 0.0
1.6400000000000001 3.14 0.0
1.6400000000000001 3.1999999999999997 0.0
1.6400000000000001 3.2600000000000002 0.0
1.6400000000000001 3.3200000000000003 0.0
1.6400000000000001 3.38 0.0
1.6400000000000001 3.4399999999999995 0.0
1.6400000000000001 3.5 0.0
1.7000000000000002 0.5 0.0
1.7000000000000002 0.56 0.0
1.7000000000000002 0.62 0.0
1.7000000000000002 0.6799999999999999 0.0
1.7000000000000002 0.74 0.0
1.7000000000000002 0.8 0.0
1.7000000000000002 0.86 0.0
1.7000000000000002 0.92 0.0
1.7000000000000002 0.98 0.0
1.7000000000000002 1.04 0.0
1.7000000000000002 1.1 -8.442958812779024e-22
1.7000000000000002 1.1600000000000001 2.188555853868679e-19
1.7000000000000002 1.22 1.9735963295409777e-32
1.7000000000000002 1.28 -4.4437708569942505e-17
1.7000000000000002 1.34 -5.988004675535744e-19
1.7000000000000002 1.4 9.277330484338228e-14
1.7000000000000002 1.46 1.0346345360671564e-7
1.7000000000000002 1.52 1.3671834508863132e-18
1.7000000000000002 1.58 1.4031205245375896e-12
1.7000000000000002 1.6400000000000001 0.4215048301359385
1.7000000000000002 1.7000000000000002 14.929409457110719
1.7000000000000002 1.76 8.821232391552831
1.7000000000000002 1.82 0.8664532639223147
1.7000000000000002 1.8800000000000001 6.391800083739035
1.7000000000000002 1.94 5.964092982766643
1.7000000000000002 2.0 0.001432334362307912
1.7000000000000002 2.06 1.5961818574705915e-8
1.7000000000000002 2.12 3.611788832748261e-12
1.7000000000000002 2.18 2.2384294374443166e-17
1.7000000000000002 2.2399999999999998 4.333545531973838e-17
1.7000000000000002 2.3000000000000003 3.8506391899363064e-11
1.7000000000000002 2.36 7.672706924904479e-12
1.7000000000000002 2.4200000000000004 -7.370756458776267e-23
1.7000000000000002 2.48 2.5120024342275623e-13
1.7000000000000002 2.5400000000000005 6.499299784212364e-17
1.7000000000000002 2.5999999999999996 0.0
1.7000000000000002 2.66 0.0
1.7000000000000002 2.7199999999999998 0.0
1.7000000000000002 2.7800000000000002 0.0
1.7000000000000002 2.84 0.0
1.7000000000000002 2.9000000000000004 0.0
1.7000000000000002 2.9599999999999995 0.0
1.7000000000000002 3.02 0.0
1.7000000000000002 3.0799999999999996 0.0
1.7000000000000002 3.14 0.0
1.7000000000000002 3.1999999999999997 0.0
1.7000000000000002 3.2600000000000002 0.0
1.7000000000000002 3.3200000000000003 0.0
1.7000000000000002 3.38 0.0
1.7000000000000002 3.4399999999999995 0.0
1.7000000000000002 3.5 0.0
1.76 0.5 0.0
1.76 0.56 0.0
1.76 0.62 0.0
1.76 0.6799999999999999 0.0
1.76 0.74 0.0
1.76 0.8 0.0
1.76 0.86 0.0
1.76 0.92 0.0
1.76 0.98 0.0
1.76 1.04 0.0
1.76 1.1 -1.9379406425514602e-21
1.76 1.1600000000000001 1.428366742997283e-15
1.76 1.22 7.010411078719453e-32
1.76 1.28 -8.162429576730278e-17
1.76 1.34 -1.0665442863210845e-18
1.76 1.4 3.472514996270449e-14
1.76 1.46 3.862622466183589e-9
1.76 1.52 3.5921452267039875e-9
1.76 1.58 2.5741818516735137e-12
1.76 1.6400000000000001 8.868864865828857e-10
1.76 1.7000000000000002 0.7582838588000994
1.76 1.76 18.8095273615506
1.76 1.82 5.886800038981695
1.76 1.8800000000000001 1.1509594063217017
1.76 1.94 7.883970538510092
1.76 2.0 4.233705391138547
1.76 2.06 6.460639111113462e-6
1.76 2.12 8.77605666349096e-7
1.76 2.18 1.1971124852954662e-9
1.76 2.2399999999999998 -6.147114061928058e-17
1.76 2.3000000000000003 4.62767486963682e-19
1.76 2.36 1.715410386793779e-11
1.76 2.4200000000000004 5.21190964256382e-10
1.76 2.48 1.8387727400066796e-18
1.76 2.5400000000000005 1.739718307883612e-12
1.76 2.5999999999999996 0.0
1.76 2.66 0.0
1.76 2.7199999999999998 0.0
1.76 2.7800000000000002 0.0
1.76 2.84 0.0
1.76 2.9000000000000004 0.0
1.76 2.9599999999999995 0.0
1.76 3.02 0.0
1.76 3.0799999999999996 0.0
1.76 3.14 0.0
1.76 3.1999999999999997 0.0
1.76 3.2600000000000002 0.0
1.76 3.3200000000000003 0.0
1.76 3.38 0.0
1.76 3.4399999999999995 0.0
1.76 3.5 0.0
1.82 0.5 0.0
1.82 0.56 0.0
1.82 0.62 0.0
1.82 0.6799999999999999 0.0
1.82 0.74 0.0
1.82 0.8 0.0
1.82 0.86 0.0
1.82 0.92 0.0
1.82 0.98 0.0
1.82 1.04 0.0
1.82 1.1 -2.440534219276493e-22
1.82 1.1600000000000001 -6.954007101548683e-21
1.82 1.22 1.4659305226537353e-31
1.82 1.28 -9.842767040002508e-18
1.82 1.34 -1.2861056685905573e-19
1.82 1.4 8.48187546261773e-16
1.82 1.46 1.9885473573610192e-10
1.82 1.52 1.5880172782407694e-8
1.82 1.58 8.981403930031968e-8
1.82 1.6400000000000001 0.0002608765874883367
1.82 1.7000000000000002 2.9398068762270585e-7
1.82 1.76 2.3098252144249543
1.82 1.82 20.998907309173827
1.82 1.8800000000000001 2.4410186240147547
1.82 1.94 2.202382572355772
1.82 2.0 7.828105550101508
1.82 2.06 0.22555938214851354
1.82 2.12 3.219002185055687e-5
1.82 2.18 7.836595860862258e-6
1.82 2.2399999999999998 5.467416596879493e-8
1.82 2.3000000000000003 6.230559907489991e-14
1.82 2.36 7.576133741919496e-14
1.82 2.4200000000000004 2.0721526672183635e-9
1.82 2.48 1.025900987987382e-9
1.82 2.5400000000000005 -9.423982954362706e-17
1.82 2.5999999999999996 0.0
1.82 2.66 0.0
1.82 2.7199999999999998 0.0
1.82 2.7800000000000002 0.0
1.82 2.84 0.0
1.82 2.9000000000000004 0.0
1.82 2.9599999999999995 0.0
1.82 3.02 0.0
1.82 3.0799999999999996 0.0
1.82 3.14 0.0
1.82 3.1999999999999997 0.0
1.82 3.2600000000000002 0.0
1.82 3.3200000000000003 0.0
1.82 3.38 0.0
1.82 3.4399999999999995 0.0
1.82 3.5 0.0
1.8800000000000001 0.5 0.0
1.8800000000000001 0.56 0.0
1.8800000000000001 0.62 0.0
1.8800000000000001 0.6799999999999999 0.0
1.8800000000000001 0.74 0.0
1.8800000000000001 0.8 0.0
1.8800000000000001 0.86 0.0
1.8800000000000001 0.92 0.0
1.8800000000000001 0.98 0.0
1.8800000000000001 1.04 0.0
1.8800000000000001 1.1 -4.413078144524824e-33
1.8800000000000001 1.1600000000000001 -2.3801246852675466e-15
1.8800000000000001 1.22 2.1130823010195386e-30
1.8800000000000001 1.28 4.033948956924001e-31
1.8800000000000001 1.34 3.4345851590013944e-34
1.8800000000000001 1.4 1.067008425020494e-19
1.8800000000000001 1.46 9.812613117077238e-11
1.8800000000000001 1.52 3.951592224982055e-10
1.8800000000000001 1.58 2.871808816881446e-7
1.8800000000000001 1.6400000000000001 0.0008664402801811507
1.8800000000000001 1.7000000000000002 0.0010759400680875838
1.8800000000000001 1.76 0.0004330443499939328
1.8800000000000001 1.82 2.7923270032965606
1.8800000000000001 1.8800000000000001 25.176422038783073
1.8800000000000001 1.94 1.2348508217109544
1.8800000000000001 2.0 2.690359319159852
1.8800000000000001 2.06 6.461938140090362
1.8800000000000001 2.12 2.349693817346587
1.8800000000000001 2.18 0.0005805979228699767
1.8800000000000001 2.2399999999999998 7.720912841603121e-6
1.8800000000000001 2.3000000000000003 1.903328051751786e-7
1.8800000000000001 2.36 2.0747557925166706e-12
1.8800000000000001 2.4200000000000004 -2.4372115534538097e-13
1.8800000000000001 2.48 1.9334474213721912e-11
1.8800000000000001 2.5400000000000005 7.5472036214152e-10
1.8800000000000001 2.5999999999999996 0.0
1.8800000000000001 2.66 0.0
1.8800000000000001 2.7199999999999998 0.0
1.8800000000000001 2.7800000000000002 0.0
1.8800000000000001 2.84 0.0
1.8800000000000001 2.9000000000000004 0.0
1.8800000000000001 2.9599999999999995 0.0
1.8800000000000001 3.02 0.0
1.8800000000000001 3.0799999999999996 0.0
1.8800000000000001 3.14 0.0
1.8800000000000001 3.1999999999999997 0.0
1.8800000000000001 3.2600000000000002 0.0
1.8800000000000001 3.3200000000000003 0.0
1.8800000000000001 3.38 0.0
1.8800000000000001 3.4399999999999995 0.0
1.8800000000000001 3.5 0.0
1.94 0.5 0.0
1.94 0.56 0.0
1.94 0.62 0.0
1.94 0.6799999999999999 0.0
1.94 0.74 0.0
1.94 0.8 0.0
1.94 0.86 0.0
1.94 0.92 0.0
1.94 0.98 0.0
1.94 1.04 0.0
1.94 1.1 -6.049411159645846e-31
1.94 1.1600000000000001 4.3164893798557444e-18
1.94 1.22 2.869704316443032e-30
1.94 1.28 3.397531507877641e-27
1.94 1.34 -1.3796939747230426e-35
1.94 1.4 -6.642513029528629e-26
1.94 1.46 2.662366459377685e-11
1.94 1.52 1.0279206976024177e-10
1.94 1.58 7.388388792232738e-9
1.94 1.6400000000000001 6.171727638331166e-5
1.94 1.7000000000000002 0.0003469384200995173
1.94 1.76 1.8559644766540693e-11
1.94 1.82 0.029552290315994652
1.94 1.8800000000000001 2.595213710829515
1.94 1.94 25.639270894519814
1.94 2.0 0.9242923111889756
1.94 2.06 2.82860332085757
1.94 2.12 0.035369372189109634
1.94 2.18 0.006341459871890701
1.94 2.2399999999999998 0.0001924508634008534
1.94 2.3000000000000003 1.2189436936547846e-5
1.94 2.36 1.0063606428785135e-6
1.94 2.4200000000000004 9.277813754405083e-11
1.94 2.48 2.4342051759406364e-17
1.94 2.5400000000000005 5.799601319032628e-15
1.94 2.5999999999999996 0.0
1.94 2.66 0.0
1.94 2.7199999999999998 0.0
1.94 2.7800000000000002 0.0
1.94 2.84 0.0
1.94 2.9000000000000004 0.0
1.94 2.9599999999999995 0.0
1.94 3.02 0.0
1.94 3.0799999999999996 0.0
1.94 3.14 0.0
1.94 3.1999999999999997 0.0
1.94 3.2600000000000002 0.0
1.94 3.3200000000000003 0.0
1.94 3.38 0.0
1.94 3.4399999999999995 0.0
1.94 3.5 0.0
2.0 0.5 0.0
2.0 0.56 0.0
2.0 0.62 0.0
2.0 0.6799999999999999 0.0
2.0 0.74 0.0
2.0 0.8 0.0
2.0 0.86 0.0
2.0 0.92 0.0
2.0 0.98 0.0
2.0 1.04 0.0
2.0 1.1 -1.1298907472775893e-31
2.0 1.1600000000000001 3.0275295737795965e-17
2.0 1.22 1.6654042604084722e-28
2.0 1.28 2.99261830989532e-25
2.0 1.34 -1.049529121505767e-36
2.0 1.4 4.2130205795549296e-19
2.0 1.46 7.007782800078996e-15
2.0 1.52 3.028049587446172e-11
2.0 1.58 1.5891536769991201e-9
2.0 1.6400000000000001 6.842908071471635e-7
2.0 1.7000000000000002 7.763556805210951e-5
2.0 1.76 0.0015571372048473018
2.0 1.82 9.6961281343345e-15
2.0 1.8800000000000001 0.1504872697308947
2.0 1.94 1.7042299302204282
2.0 2.0 23.259768728737626
2.0 2.06 0.9472563667371445
2.0 2.12 0.011826076864936034
2.0 2.18 0.019155113705573084
2.0 2.2399999999999998 0.010361424762434584
2.0 2.3000000000000003 0.0004879356130882156
2.0 2.36 0.00012760364099581145
2.0 2.4200000000000004 2.483221415401439e-5
2.0 2.48 7.154305046421509e-7
2.0 2.5400000000000005 1.5607728799093982e-10
2.0 2.5999999999999996 0.0
2.0 2.66 0.0
2.0 2.7199999999999998 0.0
2.0 2.7800000000000002 0.0
2.0 2.84 0.0
2.0 2.9000000000000004 0.0
2.0 2.9599999999999995 0.0
2.0 3.02 0.0
2.0 3.0799999999999996 0.0
2.0 3.14 0.0
2.0 3.1999999999999997 0.0
2.0 3.2600000000000002 0.0
2.0 3.3200000000000003 0.0
2.0 3.38 0.0
2.0 3.4399999999999995 0.0
2.0 3.5 0.0
2.06 0.5 0.0
2.06 0.56 0.0
2.06 0.62 0.0
2.06 0.6799999999999999 0.0
2.06 0.74 0.0
2.06 0.8 0.0
2.06 0.86 0.0
2.06 0.92 0.0
2.06 0.98 0.0
2.06 1.04 0.0
2.06 1.1 2.1955935401802794e-29
2.06 1.1600000000000001 -2.1838656391873306e-19
2.06 1.22 1.344588706683107e-26
2.06 1.28 4.6125098701998723e-23
2.06 1.34 -4.5003645117769933e-38
2.06 1.4 6.060556682388612e-22
2.06 1.46 -9.605846083249945e-19
2.06 1.52 8.597469318280946e-14
2.06 1.58 7.499282953816979e-10
2.06 1.6400000000000001 2.6053762244537837e-7
2.06 1.7000000000000002 9.854294653029365e-6
2.06 1.76 -2.9741215173358798e-5
2.06 1.82 2.4747353783712016e-6
2.06 1.8800000000000001 6.58790213775867e-14
2.06 1.94 0.003299834006160452
2.06 2.0 0.14654463907796345
2.06 2.06 12.072004626236849
2.06 2.12 3.0713009657686428
2.06 2.18 0.9987417964768439
2.06 2.2399999999999998 0.09942376856922047
2.06 2.3000000000000003 0.059148590128905165
2.06 2.36 0.014390648912568724
2.06 2.4200000000000004 0.005555735635039735
2.06 2.48 0.0011837970635765905
2.06 2.5400000000000005 6.337084765608852e-5
2.06 2.5999999999999996 0.0
2.06 2.66 0.0
2.06 2.7199999999999998 0.0
2.06 2.7800000000000002 0.0
2.06 2.84 0.0
2.06 2.9000000000000004 0.0
2.06 2.9599999999999995 0.0
2.06 3.02 0.0
2.06 3.0799999999999996 0.0
2.06 3.14 0.0
2.06 3.1999999999999997 0.0
2.06 3.2600000000000002 0.0
2.06 3.3200000000000003 0.0
2.06 3.38 0.0
2.06 3.4399999999999995 0.0
2.06 3.5 0.0
2.12 0.5 0.0
2.12 0.56 0.0
2.12 0.62 0.0
2.12 0.6799999999999999 0.0
2.12 0.74 0.0
2.12 0.8 0.0
2.12 0.86 0.0
2.12 0.92 0.0
2.12 0.98 0.0
2.12 1.04 0.0
2.12 1.1 4.372657909049506e-29
2.12 1.1600000000000001 4.798479329920748e-17
2.12 1.22 9.733483616553063e-28
2.12 1.28 2.4336584200717446e-22
2.12 1.34 -1.3070460999669327e-37
2.12 1.4 3.918226703470382e-20
2.12 1.46 1.1770749562603306e-18
2.12 1.52 6.480667569824622e-19
2.12 1.58 2.973677719454857e-11
2.12 1.6400000000000001 8.820903287591602e-7
2.12 1.7000000000000002 2.1152495805305204e-6
2.12 1.76 0.0003232194783257372
2.12 1.82 0.0038563499632882476
2.12 1.8800000000000001 0.003755356748061303
2.12 1.94 -5.330182776459314e-18
2.12 2.0 0.322481651425792
2.12 2.06 0.16072213630609514
2.12 2.12 3.3956663907183007
2.12 2.18 0.680802358054221
2.12 2.2399999999999998 0.008721173563625742
2.12 2.3000000000000003 0.18948858084526063
2.12 2.36 0.037109940029618725
2.12 2.4200000000000004 0.010411853563593034
2.12 2.48 0.004091044755751347
2.12 2.5400000000000005 0.0010679712965562527
2.12 2.5999999999999996 0.0
2.12 2.66 0.0
2.12 2.7199999999999998 0.0
2.12 2.7800000000000002 0.0
2.12 2.84 0.0
2.12 2.9000000000000004 0.0
2.12 2.9599999999999995 0.0
2.12 3.02 0.0
2.12 3.0799999999999996 0.0
2.12 3.14 0.0
2.12 3.1999999999999997 0.0
2.12 3.2600000000000002 0.0
2.12 3.3200000000000003 0.0
2.12 3.38 0.0
2.12 3.4399999999999995 0.0
2.12 3.5 0.0
2.18 0.5 0.0
2.18 0.56 0.0
2.18 0.62 0.0
2.18 0.6799999999999999 0.0
2.18 0.74 0.0
2.18 0.8 0.0
2.18 0.86 0.0
2.18 0.92 0.0
2.18 0.98 0.0
2.18 1.04 0.0
2.18 1.1 1.120171475418554e-31
2.18 1.1600000000000001 -5.977801846874034e-19
2.18 1.22 1.7838320737868785e-28
2.18 1.28 6.755620659537873e-22
2.18 1.34 -1.6120315413152133e-37
2.18 1.4 2.4175168685708725e-27
2.18 1.46 -6.08891559758411e-21
2.18 1.52 2.197402334040961e-14
2.18 1.58 7.531229463861824e-17
2.18 1.6400000000000001 3.048359105223641e-7
2.18 1.7000000000000002 3.2659894881442427e-7
2.18 1.76 0.00011395976109964057
2.18 1.82 0.0016740164748084256
2.18 1.8800000000000001 0.0497596352367267
2.18 1.94 3.5239101654899054e-13
2.18 2.0 1.3474494977948413e-11
2.18 2.06 1.0075155756607557e-17
2.18 2.12 0.004394518152823725
2.18 2.18 1.691452767517307
2.18 2.2399999999999998 0.3157350987770295
2.18 2.3000000000000003 0.009190734392164987
2.18 2.36 0.17529370250673681
2.18 2.4200000000000004 0.03515749218532195
2.18 2.48 0.012763383741675478
2.18 2.5400000000000005 0.00010526483189599836
2.18 2.5999999999999996 0.0
2.18 2.66 0.0
2.18 2.7199999999999998 0.0
2.18 2.7800000000000002 0.0
2.18 2.84 0.0
2.18 2.9000000000000004 0.0
2.18 2.9599999999999995 0.0
2.18 3.02 0.0
2.18 3.0799999999999996 0.0
2.18 3.14 0.0
2.18 3.1999999999999997 0.0
2.18 3.2600000000000002 0.0
2.18 3.3200000000000003 0.0
2.18 3.38 0.0
2.18 3.4399999999999995 0.0
2.18 3.5 0.0
2.2399999999999998 0.5 0.0
2.2399999999999998 0.56 0.0
2.2399999999999998 0.62 0.0
2.2399999999999998 0.6799999999999999 0.0
2.2399999999999998 0.74 0.0
2.2399999999999998 0.8 0.0
2.2399999999999998 0.86 0.0
2.2399999999999998 0.92 0.0
2.2399999999999998 0.98 0.0
2.2399999999999998 1.04 0.0
2.2399999999999998 1.1 1.1487476332032092e-34
2.2399999999999998 1.1600000000000001 -3.6167405786333994e-16
2.2399999999999998 1.22 8.326353640207602e-26
2.2399999999999998 1.28 5.390383453738558e-24
2.2399999999999998 1.34 -2.4674047352385436e-38
2.2399999999999998 1.4 -1.599752618161567e-28
2.2399999999999998 1.46 -6.3527495370216096e-18
2.2399999999999998 1.52 4.910845972106279e-16
2.2399999999999998 1.58 4.739715266843449e-15
2.2399999999999998 1.6400000000000001 1.875462047521349e-11
2.2399999999999998 1.7000000000000002 4.222468449881093e-7
2.2399999999999998 1.76 5.606926371730703e-6
2.2399999999999998 1.82 0.0005262124569425361
2.2399999999999998 1.8800000000000001 0.0005448502912337772
2.2399999999999998 1.94 2.982609306390225e-5
2.2399999999999998 2.0 -5.0903253997822437e-26
2.2399999999999998 2.06 2.39622726119847e-16
2.2399999999999998 2.12 3.2232875623233865e-29
2.2399999999999998 2.18 0.007183506297156642
2.2399999999999998 2.2399999999999998 0.3077991824227553
2.2399999999999998 2.3000000000000003 0.018878927083938297
2.2399999999999998 2.36 0.0022143867564109717
2.2399999999999998 2.4200000000000004 1.423200522769302e-7
2.2399999999999998 2.48 8.811912978478837e-5
2.2399999999999998 2.5400000000000005 1.6296928185232416e-10
2.2399999999999998 2.5999999999999996 0.0
2.2399999999999998 2.66 0.0
2.2399999999999998 2.7199999999999998 0.0
2.2399999999999998 2.7800000000000002 0.0
2.2399999999999998 2.84 0.0
2.2399999999999998 2.9000000000000004 0.0
2.2399999999999998 2.9599999999999995 0.0
2.2399999999999998 3.02 0.0
2.2399999999999998 3.0799999999999996 0.0
2.2399999999999998 3.14 0.0
2.2399999999999998 3.1999999999999997 0.0
2.2399999999999998 3.2600000000000002 0.0
2.2399999999999998 3.3200000000000003 0.0
2.2399999999999998 3.38 0.0
2.2399999999999998 3.4399999999999995 0.0
2.2399999999999998 3.5 0.0
2.3000000000000003 0.5 0.0
2.3000000000000003 0.56 0.0
2.3000000000000003 0.62 0.0
2.3000000000000003 0.6799999999999999 0.0
2.3000000000000003 0.74 0.0
2.3000000000000003 0.8 0.0
2.3000000000000003 0.86 0.0
2.3000000000000003 0.92 0.0
2.3000000000000003 0.98 0.0
2.3000000000000003 1.04 0.0
2.3000000000000003 1.1 -2.487621284289735e-35
2.3000000000000003 1.1600000000000001 3.8912530778113185e-18
2.3000000000000003 1.22 1.9740347475540318e-28
2.3000000000000003 1.28 6.462588969623182e-27
2.3000000000000003 1.34 4.6459649423039454e-39
2.3000000000000003 1.4 -3.235367510318573e-29
2.3000000000000003 1.46 -1.5061871178253725e-20
2.3000000000000003 1.52 1.460331126027468e-20
2.3000000000000003 1.58 1.0316702465465012e-14
2.3000000000000003 1.6400000000000001 3.360452823361478e-14
2.3000000000000003 1.7000000000000002 2.216884099576723e-8
2.3000000000000003 1.76 6.154829091526382e-7
2.3000000000000003 1.82 0.00010212783905536552
2.3000000000000003 1.8800000000000001 4.132368840030886e-5
2.3000000000000003 1.94 0.000854341505221797
2.3000000000000003 2.0 3.624550022349352e-30
2.3000000000000003 2.06 -2.0135712153338334e-18
2.3000000000000003 2.12 4.3074503291957076e-30
2.3000000000000003 2.18 -1.3016262499197836e-22
2.3000000000000003 2.2399999999999998 0.001052411210419964
2.3000000000000003 2.3000000000000003 0.00020978189780779385
2.3000000000000003 2.36 1.1071497388972205e-6
2.3000000000000003 2.4200000000000004 0.009524940442791783
2.3000000000000003 2.48 2.206573522673092e-5
2.3000000000000003 2.5400000000000005 0.006202910174732052
2.3000000000000003 2.5999999999999996 0.0
2.3000000000000003 2.66 0.0
2.3000000000000003 2.7199999999999998 0.0
2.3000000000000003 2.7800000000000002 0.0
2.3000000000000003 2.84 0.0
2.3000000000000003 2.9000000000000004 0.0
2.3000000000000003 2.9599999999999995 0.0
2.3000000000000003 3.02 0.0
2.3000000000000003 3.0799999999999996 0.0
2.3000000000000003 3.14 0.0
2.3000000000000003 3.1999999999999997 0.0
2.3000000000000003 3.2600000000000002 0.0
2.3000000000000003 3.3200000000000003 0.0
2.3000000000000003 3.38 0.0
2.3000000000000003 3.4399999999999995 0.0
2.3000000000000003 3.5 0.0
2.36 0.5 0.0
2.36 0.56 0.0
2.36 0.62 0.0
2.36 0.6799999999999999 0.0
2.36 0.74 0.0
2.36 0.8 0.0
2.36 0.86 0.0
2.36 0.92 0.0
2.36 0.98 0.0
2.36 1.04 0.0
2.36 1.1 -1.0599291701441123e-36
2.36 1.1600000000000001 -1.0900470846112838e-15
2.36 1.22 -8.541731432137081e-39
2.36 1.28 1.4847930680174325e-23
2.36 1.34 -4.192076073703044e-40
2.36 1.4 -3.0345762529198945e-29
2.36 1.46 1.0360826898411094e-26
2.36 1.52 8.149564053792033e-23
2.36 1.58 7.934633794202533e-16
2.36 1.6400000000000001 6.019525396097802e-13
2.36 1.7000000000000002 1.4049054355896707e-12
2.36 1.76 5.558663295794655e-7
2.36 1.82 3.1084498958342936e-6
2.36 1.8800000000000001 7.509440817968303e-5
2.36 1.94 0.0003537480420661349
2.36 2.0 -1.1747025688145803e-31
2.36 2.06 8.796953063190388e-21
2.36 2.12 3.7175201818718274e-30
2.36 2.18 3.291287188384774e-24
2.36 2.2399999999999998 -7.555927418062744e-21
2.36 2.3000000000000003 1.6279363217289835e-6
2.36 2.36 0.0021619425320788905
2.36 2.4200000000000004 6.917680887931512e-11
2.36 2.48 0.005870321055944134
2.36 2.5400000000000005 0.0017102709603700487
2.36 2.5999999999999996 0.0
2.36 2.66 0.0
2.36 2.7199999999999998 0.0
2.36 2.7800000000000002 0.0
2.36 2.84 0.0
2.36 2.9000000000000004 0.0
2.36 2.9599999999999995 0.0
2.36 3.02 0.0
2.36 3.0799999999999996 0.0
2.36 3.14 0.0
2.36 3.1999999999999997 0.0
2.36 3.2600000000000002 0.0
2.36 3.3200000000000003 0.0
2.36 3.38 0.0
2.36 3.4399999999999995 0.0
2.36 3.5 0.0
2.4200000000000004 0.5 0.0
2.4200000000000004 0.56 0.0
2.4200000000000004 0.62 0.0
2.4200000000000004 0.6799999999999999 0.0
2.4200000000000004 0.74 0.0
2.4200000000000004 0.8 0.0
2.4200000000000004 0.86 0.0
2.4200000000000004 0.92 0.0
2.4200000000000004 0.98 0.0
2.4200000000000004 1.04 0.0
2.4200000000000004 1.1 -8.635409390450176e-37
2.4200000000000004 1.1600000000000001 -3.739911115835894e-16
2.4200000000000004 1.22 1.8116114014727264e-38
2.4200000000000004 1.28 -2.0819146347087414e-29
2.4200000000000004 1.34 8.183717014764235e-41
2.4200000000000004 1.4 -2.7294868778237076e-47
2.4200000000000004 1.46 4.0793262834880673e-39
2.4200000000000004 1.52 4.17234443720728e-40
2.4200000000000004 1.58 -1.8820840032739313e-37
2.4200000000000004 1.6400000000000001 -5.819022910349148e-49
2.4200000000000004 1.7000000000000002 3.842329496887703e-36
2.4200000000000004 1.76 9.211346482643289e-37
2.4200000000000004 1.82 -1.0502936597617777e-37
2.4200000000000004 1.8800000000000001 -2.814199407582885e-17
2.4200000000000004 1.94 6.37722003848806e-33
2.4200000000000004 2.0 1.0638646589142357e-31
2.4200000000000004 2.06 2.6686649295381543e-32
2.4200000000000004 2.12 1.6282244881284782e-34
2.4200000000000004 2.18 -3.062573822316281e-24
2.4200000000000004 2.2399999999999998 -1.0868077797063835e-32
2.4200000000000004 2.3000000000000003 9.533973843780791e-21
2.4200000000000004 2.36 4.6046691911610935e-22
2.4200000000000004 2.4200000000000004 0.00027485335296260796
2.4200000000000004 2.48 2.0721228612893103e-10
2.4200000000000004 2.5400000000000005 0.0002670569016001426
2.4200000000000004 2.5999999999999996 0.0
2.4200000000000004 2.66 0.0
2.4200000000000004 2.7199999999999998 0.0
2.4200000000000004 2.7800000000000002 0.0
2.4200000000000004 2.84 0.0
2.4200000000000004 2.9000000000000004 0.0
2.4200000000000004 2.9599999999999995 0.0
2.4200000000000004 3.02 0.0
2.4200000000000004 3.0799999999999996 0.0
2.4200000000000004 3.14 0.0
2.4200000000000004 3.1999999999999997 0.0
2.4200000000000004 3.2600000000000002 0.0
2.4200000000000004 3.3200000000000003 0.0
2.4200000000000004 3.38 0.0
2.4200000000000004 3.4399999999999995 0.0
2.4200000000000004 3.5 0.0
2.48 0.5 0.0
2.48 0.56 0.0
2.48 0.62 0.0
2.48 0.6799999999999999 0.0
2.48 0.74 0.0
2.48 0.8 0.0
2.48 0.86 0.0
2.48 0.92 0.0
2.48 0.98 0.0
2.48 1.04 0.0
2.48 1.1 1.287777678365564e-49
2.48 1.1600000000000001 -9.990706702382105e-17
2.48 1.22 2.728605735660404e-46
2.48 1.28 -9.569997015545067e-53
2.48 1.34 -3.211832979133511e-50
2.48 1.4 -2.025937943863264e-50
2.48 1.46 1.7503458249653524e-40
2.48 1.52 -1.7243397006952282e-41
2.48 1.58 8.762638244038421e-42
2.48 1.6400000000000001 3.119876324126947e-54
2.48 1.7000000000000002 1.0516341681110103e-54
2.48 1.76 9.490867216460403e-43
2.48 1.82 -1.7456911783513534e-54
2.48 1.8800000000000001 -2.2764734619451525e-21
2.48 1.94 6.1323779969714e-41
2.48 2.0 6.641423691621544e-42
2.48 2.06 -2.0027406550865942e-41
2.48 2.12 6.816327103126117e-39
2.48 2.18 -1.2338463220381876e-33
2.48 2.2399999999999998 -1.763244169779134e-41
2.48 2.3000000000000003 -2.25055149284102e-28
2.48 2.36 9.83787964126719e-27
2.48 2.4200000000000004 -9.413572404883524e-29
2.48 2.48 3.87887499600037e-21
2.48 2.5400000000000005 1.1460203022036327e-5
2.48 2.5999999999999996 0.0
2.48 2.66 0.0
2.48 2.7199999999999998 0.0
2.48 2.7800000000000002 0.0
2.48 2.84 0.0
2.48 2.9000000000000004 0.0
2.48 2.9599999999999995 0.0
2.48 3.02 0.0
2.48 3.0799999999999996 0.0
2.48 3.14 0.0
2.48 3.1999999999999997 0.0
2.48 3.2600000000000002 0.0
2.48 3.3200000000000003 0.0
2.48 3.38 0.0
2.48 3.4399999999999995 0.0
2.48 3.5 0.0
2.5400000000000005 0.5 0.0
2.5400000000000005 0.56 0.0
2.5400000000000005 0.62 0.0
2.5400000000000005 0.6799999999999999 0.0
2.5400000000000005 0.74 0.0
2.5400000000000005 0.8 0.0
2.5400000000000005 0.86 0.0
2.5400000000000005 0.92 0.0
2.5400000000000005 0.98 0.0
2.5400000000000005 1.04 0.0
2.5400000000000005 1.1 4.084917576830456e-113
2.5400000000000005 1.1600000000000001 -2.6039978838350866e-17
2.5400000000000005 1.22 2.0517157776025952e-48
2.5400000000000005 1.28 5.0080336728875574e-49
2.5400000000000005 1.34 6.80614744054263e-79
2.5400000000000005 1.4 1.2401993218493076e-68
2.5400000000000005 1.46 -1.5257694831024887e-48
2.5400000000000005 1.52 1.960525882456141e-48
2.5400000000000005 1.58 -3.4402392595200083e-48
2.5400000000000005 1.6400000000000001 -2.483393232267705e-62
2.5400000000000005 1.7000000000000002 -1.2423784548396793e-48
2.5400000000000005 1.76 3.446962206122201e-51
2.5400000000000005 1.82 2.0623027583108203e-48
2.5400000000000005 1.8800000000000001 2.689350513586385e-15
2.5400000000000005 1.94 -7.141143334956878e-35
2.5400000000000005 2.0 -4.756403158019135e-36
2.5400000000000005 2.06 1.8704601157811897e-35
2.5400000000000005 2.12 -7.837937944807065e-33
2.5400000000000005 2.18 3.7045312930394496e-44
2.5400000000000005 2.2399999999999998 2.3170944030873138e-48
2.5400000000000005 2.3000000000000003 3.348510667235244e-48
2.5400000000000005 2.36 -1.6628736639244517e-47
2.5400000000000005 2.4200000000000004 -9.931421937933433e-48
2.5400000000000005 2.48 -3.8083051306637304e-51
2.5400000000000005 2.5400000000000005 7.142279456426064e-49
2.5400000000000005 2.5999999999999996 0.0
2.5400000000000005 2.66 0.0
2.5400000000000005 2.7199999999999998 0.0
2.5400000000000005 2.7800000000000002 0.0
2.5400000000000005 2.84 0.0
2.5400000000000005 2.9000000000000004 0.0
2.5400000000000005 2.9599999999999995 0.0
2.5400000000000005 3.02 0.0
2.5400000000000005 3.0799999999999996 0.0
2.5400000000000005 3.14 0.0
2.5400000000000005 3.1999999999999997 0.0
2.5400000000000005 3.2600000000000002 0.0
2.5400000000000005 3.3200000000000003 0.0
2.5400000000000005 3.38 0.0
2.5400000000000005 3.4399999999999995 0.0
2.5400000000000005 3.5 0.0
2.5999999999999996 0.5 0.0
2.5999999999999996 0.56 0.0
2.5999999999999996 0.62 0.0
2.5999999999999996 0.6799999999999999 0.0
2.5999999999999996 0.74 0.0
2.5999999999999996 0.8 0.0
2.5999999999999996 0.86 0.0
2.5999999999999996 0.92 0.0
2.5999999999999996 0.98 0.0
2.5999999999999996 1.04 0.0
2.5999999999999996 1.1 7.873065038965892e-192
2.5999999999999996 1.1600000000000001 3.7480661869581597e-17
2.5999999999999996 1.22 -3.8360427603720746e-54
2.5999999999999996 1.28 -9.363397954188329e-55
2.5999999999999996 1.34 -9.765733173617154e-79
2.5999999999999996 1.4 -2.25908757526048e-74
2.5999999999999996 1.46 2.8526938494819223e-54
2.5999999999999996 1.52 -3.665547245879131e-54
2.5999999999999996 1.58 6.432131121419264e-54
2.5999999999999996 1.6400000000000001 3.5744737968353877e-62
2.5999999999999996 1.7000000000000002 2.3228445458496022e-54
2.5999999999999996 1.76 -6.444700850095653e-57
2.5999999999999996 1.82 -3.855836979017821e-54
2.5999999999999996 1.8800000000000001 -5.028212816007407e-21
2.5999999999999996 1.94 1.3351620867706324e-40
2.5999999999999996 2.0 8.892930540822827e-42
2.5999999999999996 2.06 -3.4971534868690424e-41
2.5999999999999996 2.12 1.4654400691188936e-38
2.5999999999999996 2.18 -6.926271466236351e-50
2.5999999999999996 2.2399999999999998 -4.3322142091083955e-54
2.5999999999999996 2.3000000000000003 -9.759953373971527e-53
2.5999999999999996 2.36 8.424879896398237e-51
2.5999999999999996 2.4200000000000004 1.4021984172892124e-52
2.5999999999999996 2.48 -2.634641265662348e-52
2.5999999999999996 2.5400000000000005 -1.33537450462031e-54
2.5999999999999996 2.5999999999999996 0.0
2.5999999999999996 2.66 0.0
2.5999999999999996 2.7199999999999998 0.0
2.5999999999999996 2.7800000000000002 0.0
2.5999999999999996 2.84 0.0
2.5999999999999996 2.9000000000000004 0.0
2.5999999999999996 2.9599999999999995 0.0
2.5999999999999996 3.02 0.0
2.5999999999999996 3.0799999999999996 0.0
2.5999999999999996 3.14 0.0
2.5999999999999996 3.1999999999999997 0.0
2.5999999999999996 3.2600000000000002 0.0
2.5999999999999996 3.3200000000000003 0.0
2.5999999999999996 3.38 0.0
2.5999999999999996 3.4399999999999995 0.0
2.5999999999999996 3.5 0.0
2.66 0.5 0.0
2.66 0.56 0.0
2.66 0.62 0.0
2.66 0.6799999999999999 0.0
2.66 0.74 0.0
2.66 0.8 0.0
2.66 0.86 0.0
2.66 0.92 0.0
2.66 0.98 0.0
2.66 1.04 0.0
2.66 1.1 8.086314882359277e-294
2.66 1.1600000000000001 1.6952644878890708e-15
2.66 1.22 -3.1111107045797696e-50
2.66 1.28 -7.59391107613458e-51
2.66 1.34 -4.417081202970636e-77
2.66 1.4 -1.8803012100191644e-70
2.66 1.46 2.3135942236345794e-50
2.66 1.52 -2.972835285519951e-50
2.66 1.58 5.216592523899456e-50
2.66 1.6400000000000001 1.616747994405866e-60
2.66 1.7000000000000002 1.8838754138617467e-50
2.66 1.76 -5.226786836078921e-53
2.66 1.82 -3.1271642288398543e-50
2.66 1.8800000000000001 -4.077985490252595e-17
2.66 1.94 1.0828443059634207e-36
2.66 2.0 7.212352189201021e-38
2.66 2.06 -2.8362644340026707e-37
2.66 2.12 1.1885024674526037e-34
2.66 2.18 -5.6173506520931616e-46
2.66 2.2399999999999998 -3.5135164798630875e-50
2.66 2.3000000000000003 -5.490533882735444e-50
2.66 2.36 6.3171549377334886e-49
2.66 2.4200000000000004 1.5609576442048445e-49
2.66 2.48 -1.1856396722310464e-50
2.66 2.5400000000000005 -1.0830165812709008e-50
2.66 2.5999999999999996 0.0
2.66 2.66 0.0
2.66 2.7199999999999998 0.0
2.66 2.7800000000000002 0.0
2.66 2.84 0.0
2.66 2.9000000000000004 0.0
2.66 2.9599999999999995 0.0
2.66 3.02 0.0
2.66 3.0799999999999996 0.0
2.66 3.14 0.0
2.66 3.1999999999999997 0.0
2.66 3.2600000000000002 0.0
2.66 3.3200000000000003 0.0
2.66 3.38 0.0
2.66 3.4399999999999995 0.0
2.66 3.5 0.0
2.7199999999999998 0.5 0.0
2.7199999999999998 0.56 0.0
2.7199999999999998 0.62 0.0
2.7199999999999998 0.6799999999999999 0.0
2.7199999999999998 0.74 0.0
2.7199999999999998 0.8 0.0
2.7199999999999998 0.86 0.0
2.7199999999999998 0.92 0.0
2.7199999999999998 0.98 0.0
2.7199999999999998 1.04 0.0
2.7199999999999998 1.1 0.0
2.7199999999999998 1.1600000000000001 2.9146413656561205e-48
2.7199999999999998 1.22 1.1543400422332612e-49
2.7199999999999998 1.28 2.8176289642913476e-50
2.7199999999999998 1.34 1.2000185675460877e-82
2.7199999999999998 1.4 6.977632092388698e-70
2.7199999999999998 1.46 -8.584311866143343e-50
2.7199999999999998 1.52 1.1030346184685696e-49
2.7199999999999998 1.58 -1.9355536353905485e-49
2.7199999999999998 1.6400000000000001 -5.179577008111778e-194
2.7199999999999998 1.7000000000000002 -6.989892136546895e-50
2.7199999999999998 1.76 1.9393361117693067e-52
2.7199999999999998 1.82 1.1602965084705755e-49
2.7199999999999998 1.8800000000000001 1.5130872508378489e-16
2.7199999999999998 1.94 -4.0177629810402384e-36
2.7199999999999998 2.0 -2.6760561488306216e-37
2.7199999999999998 2.06 1.0523616538980002e-36
2.7199999999999998 2.12 -4.409794824896424e-34
2.7199999999999998 2.18 2.0842500973786862e-45
2.7199999999999998 2.2399999999999998 1.3036478445586706e-49
2.7199999999999998 2.3000000000000003 1.8839094257363188e-49
2.7199999999999998 2.36 -9.352408870678583e-49
2.7199999999999998 2.4200000000000004 -5.587587024269608e-49
2.7199999999999998 2.48 -2.2456228350483402e-52
2.7199999999999998 2.5400000000000005 4.0184021877564114e-50
2.7199999999999998 2.5999999999999996 0.0
2.7199999999999998 2.66 0.0
2.7199999999999998 2.7199999999999998 0.0
2.7199999999999998 2.7800000000000002 0.0
2.7199999999999998 2.84 0.0
2.7199999999999998 2.9000000000000004 0.0
2.7199999999999998 2.9599999999999995 0.0
2.7199999999999998 3.02 0.0
2.7199999999999998 3.0799999999999996 0.0
2.7199999999999998 3.14 0.0
2.7199999999999998 3.1999999999999997 0.0
2.7199999999999998 3.2600000000000002 0.0
2.7199999999999998 3.3200000000000003 0.0
2.7199999999999998 3.38 0.0
2.7199999999999998 3.4399999999999995 0.0
2.7199999999999998 3.5 0.0
2.7800000000000002 0.5 0.0
2.7800000000000002 0.56 0.0
2.7800000000000002 0.62 0.0
2.7800000000000002 0.6799999999999999 0.0
2.7800000000000002 0.74 0.0
2.7800000000000002 0.8 0.0
2.7800000000000002 0.86 0.0
2.7800000000000002 0.92 0.0
2.7800000000000002 0.98 0.0
2.7800000000000002 1.04 0.0
2.7800000000000002 1.1 0.0
2.7800000000000002 1.1600000000000001 0.0
2.7800000000000002 1.22 0.0
2.7800000000000002 1.28 0.0
2.7800000000000002 1.34 0.0
2.7800000000000002 1.4 0.0
2.7800000000000002 1.46 0.0
2.7800000000000002 1.52 0.0
2.7800000000000002 1.58 0.0
2.7800000000000002 1.6400000000000001 0.0
2.7800000000000002 1.7000000000000002 0.0
2.7800000000000002 1.76 0.0
2.7800000000000002 1.82 0.0
2.7800000000000002 1.8800000000000001 0.0
2.7800000000000002 1.94 0.0
2.7800000000000002 2.0 0.0
2.7800000000000002 2.06 0.0
2.7800000000000002 2.12 0.0
2.7800000000000002 2.18 0.0
2.7800000000000002 2.2399999999999998 0.0
2.7800000000000002 2.3000000000000003 0.0
2.7800000000000002 2.36 0.0
2.7800000000000002 2.4200000000000004 0.0
2.7800000000000002 2.48 0.0
2.7800000000000002 2.5400000000000005 0.0
2.7800000000000002 2.5999999999999996 0.0
2.7800000000000002 2.66 0.0
2.7800000000000002 2.7199999999999998 0.0
2.7800000000000002 2.7800000000000002 0.0
2.7800000000000002 2.84 0.0
2.7800000000000002 2.9000000000000004 0.0
2.7800000000000002 2.9599999999999995 0.0
2.7800000000000002 3.02 0.0
2.7800000000000002 3.0799999999999996 0.0
2.7800000000000002 3.14 0.0
2.7800000000000002 3.1999999999999997 0.0
2.7800000000000002 3.2600000000000002 0.0
2.7800000000000002 3.3200000000000003 0.0
2.7800000000000002 3.38 0.0
2.7800000000000002 3.4399999999999995 0.0
2.7800000000000002 3.5 0.0
2.84 0.5 0.0
2.84 0.56 0.0
2.84 0.62 0.0
2.84 0.6799999999999999 0.0
2.84 0.74 0.0
2.84 0.8 0.0
2.84 0.86 0.0
2.84 0.92 0.0
2.84 0.98 0.0
2.84 1.04 0.0
2.84 1.1 0.0
2.84 1.1600000000000001 0.0
2.84 1.22 0.0
2.84 1.28 0.0
2.84 1.34 0.0
2.84 1.4 0.0
2.84 1.46 0.0
2.84 1.52 0.0
2.84 1.58 0.0
2.84 1.6400000000000001 0.0
2.84 1.7000000000000002 0.0
2.84 1.76 0.0
2.84 1.82 0.0
2.84 1.8800000000000001 0.0
2.84 1.94 0.0
2.84 2.0 0.0
2.84 2.06 0.0
2.84 2.12 0.0
2.84 2.18 0.0
2.84 2.2399999999999998 0.0
2.84 2.3000000000000003 0.0
2.84 2.36 0.0
2.84 2.4200000000000004 0.0
2.84 2.48 0.0
2.84 2.5400000000000005 0.0
2.84 2.5999999999999996 0.0
2.84 2.66 0.0
2.84 2.7199999999999998 0.0
2.84 2.7800000000000002 0.0
2.84 2.84 0.0
2.84 2.9000000000000004 0.0
2.84 2.9599999999999995 0.0
2.84 3.02 0.0
2.84 3.0799999999999996 0.0
2.84 3.14 0.0
2.84 3.1999999999999997 0.0
2.84 3.2600000000000002 0.0
2.84 3.3200000000000003 0.0
2.84 3.38 0.0
2.84 3.4399999999999995 0.0
2.84 3.5 0.0
2.9000000000000004 0.5 0.0
2.9000000000000004 0.56 0.0
2.9000000000000004 0.62 0.0
2.9000000000000004 0.6799999999999999 0.0
2.9000000000000004 0.74 0.0
2.9000000000000004 0.8 0.0
2.9000000000000004 0.86 0.0
2.9000000000000004 0.92 0.0
2.9000000000000004 0.98 0.0
2.9000000000000004 1.04 0.0
2.9000000000000004 1.1 0.0
2.9000000000000004 1.1600000000000001 0.0
2.9000000000000004 1.22 0.0
2.9000000000000004 1.28 0.0
2.9000000000000004 1.34 0.0
2.9000000000000004 1.4 0.0
2.9000000000000004 1.46 0.0
2.9000000000000004 1.52 0.0
2.9000000000000004 1.58 0.0
2.9000000000000004 1.6400000000000001 0.0
2.9000000000000004 1.7000000000000002 0.0
2.9000000000000004 1.76 0.0
2.9000000000000004 1.82 0.0
2.9000000000000004 1.8800000000000001 0.0
2.9000000000000004 1.94 0.0
2.9000000000000004 2.0 0.0
2.9000000000000004 2.06 0.0
2.9000000000000004 2.12 0.0
2.9000000000000004 2.18 0.0
2.9000000000000004 2.2399999999999998 0.0
2.9000000000000004 2.3000000000000003 0.0
2.9000000000000004 2.36 0.0
2.9000000000000004 2.4200000000000004 0.0
2.9000000000000004 2.48 0.0
2.9000000000000004 2.5400000000000005 0.0
2.9000000000000004 2.5999999999999996 0.0
2.9000000000000004 2.66 0.0
2.9000000000000004 2.7199999999999998 0.0
2.9000000000000004 2.7800000000000002 0.0
2.9000000000000004 2.84 0.0
2.9000000000000004 2.9000000000000004 0.0
2.9000000000000004 2.9599999999999995 0.0
2.9000000000000004 3.02 0.0
2.9000000000000004 3.0799999999999996 0.0
2.9000000000000004 3.14 0.0
2.9000000000000004 3.1999999999999997 0.0
2.9000000000000004 3.2600000000000002 0.0
2.9000000000000004 3.3200000000000003 0.0
2.9000000000000004 3.38 0.0
2.9000000000000004 3.4399999999999995 0.0
2.9000000000000004 3.5 0.0
2.9599999999999995 0.5 0.0
2.9599999999999995 0.56 0.0
2.9599999999999995 0.62 0.0
2.9599999999999995 0.6799999999999999 0.0
2.9599999999999995 0.74 0.0
2.9599999999999995 0.8 0.0
2.9599999999999995 0.86 0.0
2.9599999999999995 0.92 0.0
2.9599999999999995 0.98 0.0
2.9599999999999995 1.04 0.0
2.9599999999999995 1.1 0.0
2.9599999999999995 1.1600000000000001 0.0
2.9599999999999995 1.22 0.0
2.9599999999999995 1.28 0.0
2.9599999999999995 1.34 0.0
2.9599999999999995 1.4 0.0
2.9599999999999995 1.46 0.0
2.9599999999999995 1.52 0.0
2.9599999999999995 1.58 0.0
2.9599999999999995 1.6400000000000001 0.0
2.9599999999999995 1.7000000000000002 0.0
2.9599999999999995 1.76 0.0
2.9599999999999995 1.82 0.0
2.9599999999999995 1.8800000000000001 0.0
2.9599999999999995 1.94 0.0
2.9599999999999995 2.0 0.0
2.9599999999999995 2.06 0.0
2.9599999999999995 2.12 0.0
2.9599999999999995 2.18 0.0
2.9599999999999995 2.2399999999999998 0.0
2.9599999999999995 2.3000000000000003 0.0
2.9599999999999995 2.36 0.0
2.9599999999999995 2.4200000000000004 0.0
2.9599999999999995 2.48 0.0
2.9599999999999995 2.5400000000000005 0.0
2.9599999999999995 2.5999999999999996 0.0
2.9599999999999995 2.66 0.0
2.9599999999999995 2.7199999999999998 0.0
2.9599999999999995 2.7800000000000002 0.0
2.9599999999999995 2.84 0.0
2.9599999999999995 2.9000000000000004 0.0
2.9599999999999995 2.9599999999999995 0.0
2.9599999999999995 3.02 0.0
2.9599999999999995 3.0799999999999996 0.0
2.9599999999999995 3.14 0.0
2.9599999999999995 3.1999999999999997 0.0
2.9599999999999995 3.2600000000000002 0.0
2.9599999999999995 3.3200000000000003 0.0
2.9599999999999995 3.38 0.0
2.9599999999999995 3.4399999999999995 0.0
2.9599999999999995 3.5 0.0
3.02 0.5 0.0
3.02 0.56 0.0
3.02 0.62 0.0
3.02 0.6799999999999999 0.0
3.02 0.74 0.0
3.02 0.8 0.0
3.02 0.86 0.0
3.02 0.92 0.0
3.02 0.98 0.0
3.02 1.04 0.0
3.02 1.1 0.0
3.02 1.1600000000000001 0.0
3.02 1.22 0.0
3.02 1.28 0.0
3.02 1.34 0.0
3.02 1.4 0.0
3.02 1.46 0.0
3.02 1.52 0.0
3.02 1.58 0.0
3.02 1.6400000000000001 0.0
3.02 1.7000000000000002 0.0
3.02 1.76 0.0
3.02 1.82 0.0
3.02 1.8800000000000001 0.0
3.02 1.94 0.0
3.02 2.0 0.0
3.02 2.06 0.0
3.02 2.12 0.0
3.02 2.18 0.0
3.02 2.2399999999999998 0.0
3.02 2.3000000000000003 0.0
3.02 2.36 0.0
3.02 2.4200000000000004 0.0
3.02 2.48 0.0
3.02 2.5400000000000005 0.0
3.02 2.5999999999999996 0.0
3.02 2.66 0.0
3.02 2.7199999999999998 0.0
3.02 2.7800000000000002 0.0
3.02 2.84 0.0
3.02 2.9000000000000004 0.0
3.02 2.9599999999999995 0.0
3.02 3.02 0.0
3.02 3.0799999999999996 0.0
3.02 3.14 0.0
3.02 3.1999999999999997 0.0
3.02 3.2600000000000002 0.0
3.02 3.3200000000000003 0.0
3.02 3.38 0.0
3.02 3.4399999999999995 0.0
3.02 3.5 0.0
3.0799999999999996 0.5 0.0
3.0799999999999996 0.56 0.0
3.0799999999999996 0.62 0.0
3.0799999999999996 0.6799999999999999 0.0
3.0799999999999996 0.74 0.0
3.0799999999999996 0.8 0.0
3.0799999999999996 0.86 0.0
3.0799999999999996 0.92 0.0
3.0799999999999996 0.98 0.0
3.0799999999999996 1.04 0.0
3.0799999999999996 1.1 0.0
3.0799999999999996 1.1600000000000001 0.0
3.0799999999999996 1.22 0.0
3.0799999999999996 1.28 0.0
3.0799999999999996 1.34 0.0
3.0799999999999996 1.4 0.0
3.0799999999999996 1.46 0.0
3.0799999999999996 1.52 0.0
3.0799999999999996 1.58 0.0
3.0799999999999996 1.6400000000000001 0.0
3.0799999999999996 1.7000000000000002 0.0
3.0799999999999996 1.76 0.0
3.0799999999999996 1.82 0.0
3.0799999999999996 1.8800000000000001 0.0
3.0799999999999996 1.94 0.0
3.0799999999999996 2.0 0.0
3.0799999999999996 2.06 0.0
3.0799999999999996 2.12 0.0
3.0799999999999996 2.18 0.0
3.0799999999999996 2.2399999999999998 0.0
3.0799999999999996 2.3000000000000003 0.0
3.0799999999999996 2.36 0.0
3.0799999999999996 2.4200000000000004 0.0
3.0799999999999996 2.48 0.0
3.0799999999999996 2.5400000000000005 0.0
3.0799999999999996 2.5999999999999996 0.0
3.0799999999999996 2.66 0.0
3.0799999999999996 2.7199999999999998 0.0
3.0799999999999996 2.7800000000000002 0.0
3.0799999999999996 2.84 0.0
3.0799999999999996 2.9000000000000004 0.0
3.0799999999999996 2.9599999999999995 0.0
3.0799999999999996 3.02 0.0
3.0799999999999996 3.0799999999999996 0.0
3.0799999999999996 3.14 0.0
3.0799999999999996 3.1999999999999997 0.0
3.0799999999999996 3.2600000000000002 0.0
3.0799999999999996 3.3200000000000003 0.0
3.0799999999999996 3.38 0.0
3.0799999999999996 3.4399999999999995 0.0
3.0799999999999996 3.5 0.0
3.14 0.5 0.0
3.14 0.56 0.0
3.14 0.62 0.0
3.14 0.6799999999999999 0.0
3.14 0.74 0.0
3.14 0.8 0.0
3.14 0.86 0.0
3.14 0.92 0.0
3.14 0.98 0.0
3.14 1.04 0.0
3.14 1.1 0.0
3.14 1.1600000000000001 0.0
3.14 1.22 0.0
3.14 1.28 0.0
3.14 1.34 0.0
3.14 1.4 0.0
3.14 1.46 0.0
3.14 1.52 0.0
3.14 1.58 0.0
3.14 1.6400000000000001 0.0
3.14 1.7000000000000002 0.0
3.14 1.76 0.0
3.14 1.82 0.0
3.14 1.8800000000000001 0.0
3.14 1.94 0.0
3.14 2.0 0.0
3.14 2.06 0.0
3.14 2.12 0.0
3.14 2.18 0.0
3.14 2.2399999999999998 0.0
3.14 2.3000000000000003 0.0
3.14 2.36 0.0
3.14 2.4200000000000004 0.0
3.14 2.48 0.0
3.14 2.5400000000000005 0.0
3.14 2.5999999999999996 0.0
3.14 2.66 0.0
3.14 2.7199999999999998 0.0
3.14 2.7800000000000002 0.0
3.14 2.84 0.0
3.14 2.9000000000000004 0.0
3.14 2.9599999999999995 0.0
3.14 3.02 0.0
3.14 3.0799999999999996 0.0
3.14 3.14 0.0
3.14 3.1999999999999997 0.0
3.14 3.2600000000000002 0.0
3.14 3.3200000000000003 0.0
3.14 3.38 0.0
3.14 3.4399999999999995 0.0
3.14 3.5 0.0
3.1999999999999997 0.5 0.0
3.1999999999999997 0.56 0.0
3.1999999999999997 0.62 0.0
3.1999999999999997 0.6799999999999999 0.0
3.1999999999999997 0.74 0.0
3.1999999999999997 0.8 0.0
3.1999999999999997 0.86 0.0
3.1999999999999997 0.92 0.0
3.1999999999999997 0.98 0.0
3.1999999999999997 1.04 0.0
3.1999999999999997 1.1 0.0
3.1999999999999997 1.1600000000000001 0.0
3.1999999999999997 1.22 0.0
3.1999999999999997 1.28 0.0
3.1999999999999997 1.34 0.0
3.1999999999999997 1.4 0.0
3.1999999999999997 1.46 0.0
3.1999999999999997 1.52 0.0
3.1999999999999997 1.58 0.0
3.1999999999999997 1.6400000000000001 0.0
3.1999999999999997 1.7000000000000002 0.0
3.1999999999999997 1.76 0.0
3.1999999999999997 1.82 0.0
3.1999999999999997 1.8800000000000001 0.0
3.1999999999999997 1.94 0.0
3.1999999999999997 2.0 0.0
3.1999999999999997 2.06 0.0
3.1999999999999997 2.12 0.0
3.1999999999999997 2.18 0.0
3.1999999999999997 2.2399999999999998 0.0
3.1999999999999997 2.3000000000000003 0.0
3.1999999999999997 2.36 0.0
3.1999999999999997 2.4200000000000004 0.0
3.1999999999999997 2.48 0.0
3.1999999999999997 2.5400000000000005 0.0
3.1999999999999997 2.5999999999999996 0.0
3.1999999999999997 2.66 0.0
3.1999999999999997 2.7199999999999998 0.0
3.1999999999999997 2.7800000000000002 0.0
3.1999999999999997 2.84 0.0
3.1999999999999997 2.9000000000000004 0.0
3.1999999999999997 2.9599999999999995 0.0
3.1999999999999997 3.02 0.0
3.1999999999999997 3.0799999999999996 0.0
3.1999999999999997 3.14 0.0
3.1999999999999997 3.1999999999999997 0.0
3.1999999999999997 3.2600000000000002 0.0
3.1999999999999997 3.3200000000000003 0.0
3.1999999999999997 3.38 0.0
3.1999999999999997 3.4399999999999995 0.0
3.1999999999999997 3.5 0.0
3.2600000000000002 0.5 0.0
3.2600000000000002 0.56 0.0
3.2600000000000002 0.62 0.0
3.2600000000000002 0.6799999999999999 0.0
3.2600000000000002 0.74 0.0
3.2600000000000002 0.8 0.0
3.2600000000000002 0.86 0.0
3.2600000000000002 0.92 0.0
3.2600000000000002 0.98 0.0
3.2600000000000002 1.04 0.0
3.2600000000000002 1.1 0.0
3.2600000000000002 1.1600000000000001 0.0
3.2600000000000002 1.22 0.0
3.2600000000000002 1.28 0.0
3.2600000000000002 1.34 0.0
3.2600000000000002 1.4 0.0
3.2600000000000002 1.46 0.0
3.2600000000000002 1.52 0.0
3.2600000000000002 1.58 0.0
3.2600000000000002 1.6400000000000001 0.0
3.2600000000000002 1.7000000000000002 0.0
3.2600000000000002 1.76 0.0
3.2600000000000002 1.82 0.0
3.2600000000000002 1.8800000000000001 0.0
3.2600000000000002 1.94 0.0
3.2600000000000002 2.0 0.0
3.2600000000000002 2.06 0.0
3.2600000000000002 2.12 0.0
3.2600000000000002 2.18 0.0
3.2600000000000002 2.2399999999999998 0.0
3.2600000000000002 2.3000000000000003 0.0
3.2600000000000002 2.36 0.0
3.2600000000000002 2.4200000000000004 0.0
3.2600000000000002 2.48 0.0
3.2600000000000002 2.5400000000000005 0.0
3.2600000000000002 2.5999999999999996 0.0
3.2600000000000002 2.66 0.0
3.2600000000000002 2.7199999999999998 0.0
3.2600000000000002 2.7800000000000002 0.0
3.2600000000000002 2.84 0.0
3.2600000000000002 2.9000000000000004 0.0
3.2600000000000002 2.9599999999999995 0.0
3.2600000000000002 3.02 0.0
3.2600000000000002 3.0799999999999996 0.0
3.2600000000000002 3.14 0.0
3.2600000000000002 3.1999999999999997 0.0
3.2600000000000002 3.2600000000000002 0.0
3.2600000000000002 3.3200000000000003 0.0
3.2600000000000002 3.38 0.0
3.2600000000000002 3.4399999999999995 0.0
3.2600000000000002 3.5 0.0
3.3200000000000003 0.5 0.0
3.3200000000000003 0.56 0.0
3.3200000000000003 0.62 0.0
3.3200000000000003 0.6799999999999999 0.0
3.3200000000000003 0.74 0.0
3.3200000000000003 0.8 0.0
3.3200000000000003 0.86 0.0
3.3200000000000003 0.92 0.0
3.3200000000000003 0.98 0.0
3.3200000000000003 1.04 0.0
3.3200000000000003 1.1 0.0
3.3200000000000003 1.1600000000000001 0.0
3.3200000000000003 1.22 0.0
3.3200000000000003 1.28 0.0
3.3200000000000003 1.34 0.0
3.3200000000000003 1.4 0.0
3.3200000000000003 1.46 0.0
3.3200000000000003 1.52 0.0
3.3200000000000003 1.58 0.0
3.3200000000000003 1.6400000000000001 0.0
3.3200000000000003 1.7000000000000002 0.0
3.3200000000000003 1.76 0.0
3.3200000000000003 1.82 0.0
3.3200000000000003 1.8800000000000001 0.0
3.3200000000000003 1.94 0.0
3.3200000000000003 2.0 0.0
3.3200000000000003 2.06 0.0
3.3200000000000003 2.12 0.0
3.3200000000000003 2.18 0.0
3.3200000000000003 2.2399999999999998 0.0
3.3200000000000003 2.3000000000000003 0.0
3.3200000000000003 2.36 0.0
3.3200000000000003 2.4200000000000004 0.0
3.3200000000000003 2.48 0.0
3.3200000000000003 2.5400000000000005 0.0
3.3200000000000003 2.5999999999999996 0.0
3.3200000000000003 2.66 0.0
3.3200000000000003 2.7199999999999998 0.0
3.3200000000000003 2.7800000000000002 0.0
3.3200000000000003 2.84 0.0
3.3200000000000003 2.9000000000000004 0.0
3.3200000000000003 2.9599999999999995 0.0
3.3200000000000003 3.02 0.0
3.3200000000000003 3.0799999999999996 0.0
3.3200000000000003 3.14 0.0
3.3200000000000003 3.1999999999999997 0.0
3.3200000000000003 3.2600000000000002 0.0
3.3200000000000003 3.3200000000000003 0.0
3.3200000000000003 3.38 0.0
3.3200000000000003 3.4399999999999995 0.0
3.3200000000000003 3.5 0.0
3.38 0.5 0.0
3.38 0.56 0.0
3.38 0.62 0.0
3.38 0.6799999999999999 0.0
3.38 0.74 0.0
3.38 0.8 0.0
3.38 0.86 0.0
3.38 0.92 0.0
3.38 0.98 0.0
3.38 1.04 0.0
3.38 1.1 0.0
3.38 1.1600000000000001 0.0
3.38 1.22 0.0
3.38 1.28 0.0
3.38 1.34 0.0
3.38 1.4 0.0
3.38 1.46 0.0
3.38 1.52 0.0
3.38 1.58 0.0
3.38 1.6400000000000001 0.0
3.38 1.7000000000000002 0.0
3.38 1.76 0.0
3.38 1.82 0.0
3.38 1.8800000000000001 0.0
3.38 1.94 0.0
3.38 2.0 0.0
3.38 2.06 0.0
3.38 2.12 0.0
3.38 2.18 0.0
3.38 2.2399999999999998 0.0
3.38 2.3000000000000003 0.0
3.38 2.36 0.0
3.38 2.4200000000000004 0.0
3.38 2.48 0.0
3.38 2.5400000000000005 0.0
3.38 2.5999999999999996 0.0
3.38 2.66 0.0
3.38 2.7199999999999998 0.0
3.38 2.7800000000000002 0.0
3.38 2.84 0.0
3.38 2.9000000000000004 0.0
3.38 2.9599999999999995 0.0
3.38 3.02 0.0
3.38 3.0799999999999996 0.0
3.38 3.14 0.0
3.38 3.1999999999999997 0.0
3.38 3.2600000000000002 0.0
3.38 3.3200000000000003 0.0
3.38 3.38 0.0
3.38 3.4399999999999995 0.0
3.38 3.5 0.0
3.4399999999999995 0.5 0.0
3.4399999999999995 0.56 0.0
3.4399999999999995 0.62 0.0
3.4399999999999995 0.6799999999999999 0.0
3.4399999999999995 0.74 0.0
3.4399999999999995 0.8 0.0
3.4399999999999995 0.86 0.0
3.4399999999999995 0.92 0.0
3.4399999999999995 0.98 0.0
3.4399999999999995 1.04 0.0
3.4399999999999995 1.1 0.0
3.4399999999999995 1.1600000000000001 0.0
3.4399999999999995 1.22 0.0
3.4399999999999995 1.28 0.0
3.4399999999999995 1.34 0.0
3.4399999999999995 1.4 0.0
3.4399999999999995 1.46 0.0
3.4399999999999995 1.52 0.0
3.4399999999999995 1.58 0.0
3.4399999999999995 1.6400000000000001 0.0
3.4399999999999995 1.7000000000000002 0.0
3.4399999999999995 1.76 0.0
3.4399999999999995 1.82 0.0
3.4399999999999995 1.8800000000000001 0.0
3.4399999999999995 1.94 0.0
3.4399999999999995 2.0 0.0
3.4399999999999995 2.06 0.0
3.4399999999999995 2.12 0.0
3.4399999999999995 2.18 0.0
3.4399999999999995 2.2399999999999998 0.0
3.4399999999999995 2.3000000000000003 0.0
3.4399999999999995 2.36 0.0
3.4399999999999995 2.4200000000000004 0.0
3.4399999999999995 2.48 0.0
3.4399999999999995 2.5400000000000005 0.0
3.4399999999999995 2.5999999999999996 0.0
3.4399999999999995 2.66 0.0
3.4399999999999995 2.7199999999999998 0.0
3.4399999999999995 2.7800000000000002 0.0
3.4399999999999995 2.84 0.0
3.4399999999999995 2.9000000000000004 0.0
3.4399999999999995 2.9599999999999995 0.0
3.4399999999999995 3.02 0.0
3.4399999999999995 3.0799999999999996 0.0
3.4399999999999995 3.14 0.0
3.4399999999999995 3.1999999999999997 0.0
3.4399999999999995 3.2600000000000002 0.0
3.4399999999999995 3.3200000000000003 0.0
3.4399999999999995 3.38 0.0
3.4399999999999995 3.4399999999999995 0.0
3.4399999999999995 3.5 0.0
3.5 0.5 0.0
3.5 0.56 0.0
3.5 0.62 0.0
3.5 0.6799999999999999 0.0
3.5 0.74 0.0
3.5 0.8 0.0
3.5 0.86 0.0
3.5 0.92 0.0
3.5 0.98 0.0
3.5 1.04 0.0
3.5 1.1 0.0
3.5 1.1600000000000001 0.0
3.5 1.22 0.0
3.5 1.28 0.0
3.5 1.34 0.0
3.5 1.4 0.0
3.5 1.46 0.0
3.5 1.52 0.0
3.5 1.58 0.0
3.5 1.6400000000000001 0.0
3.5 1.7000000000000002 0.0
3.5 1.76 0.0
3.5 1.82 0.0
3.5 1.8800000000000001 0.0
3.5 1.94 0.0
3.5 2.0 0.0
3.5 2.06 0.0
3.5 2.12 0.0
3.5 2.18 0.0
3.5 2.2399999999999998 0.0
3.5 2.3000000000000003 0.0
3.5 2.36 0.0
3.5 2.4200000000000004 0.0
3.5 2.48 0.0
3.5 2.5400000000000005 0.0
3.5 2.5999999999999996 0.0
3.5 2.66 0.0
3.5 2.7199999999999998 0.0
3.5 2.7800000000000002 0.0
3.5 2.84 0.0
3.5 2.9000000000000004 0.0
3.5 2.9599999999999995 0.0
3.5 3.02 0.0
3.5 3.0799999999999996 0.0
3.5 3.14 0.0
3.5 3.1999999999999997 0.0
3.5 3.2600000000000002 0.0
3.5 3.3200000000000003 0.0
3.5 3.38 0.0
3.5 3.4399999999999995 0.0
3.5 3.5 0.0
