2.096 2.156 1.9939999999999998 15.395999999999999 19.855 10.104000000000001 4.1080000000000005 1.01
1.862 1.862 2.084 15.69 19.414 9.957 4.148 1.0144
1.9820000000000002 1.976 1.9699999999999998 15.2 19.904 9.81 4.056 1.008
1.874 1.844 1.9699999999999998 15.2 19.904 9.908 4.14 1.0130000000000001
1.952 1.9459999999999997 2.1020000000000003 15.151 19.316 9.712 4.148 1.0084
1.844 1.832 1.964 15.2 19.463 9.614 4.156 1.01
1.868 1.868 2.024 15.69 19.61 9.663 4.024 1.0068
2.036 2.048 2.072 15.151 19.512 9.614 4.208 1.0130000000000001
1.9340000000000002 1.916 2.0 15.395999999999999 19.904 9.663 4.312 1.0192
2.024 2.042 1.9699999999999998 15.2 19.561 9.565 4.048 1.0028
1.964 1.952 2.024 15.298 19.561 10.055 4.088 1.008
2.012 1.9820000000000002 2.0060000000000002 19.708000000000002 9.957 16.082 3.9080000000000004 1.0014
1.952 1.928 2.0 15.395999999999999 19.61 10.006 3.976 0.9987999999999999
1.826 1.832 2.042 15.69 19.708000000000002 9.565 4.1 1.0098
1.832 1.784 1.9699999999999998 15.101999999999999 19.806 10.006 4.148 1.016
1.9699999999999998 1.964 1.814 10.055 15.151 19.855 3.9719999999999995 1.0012
1.952 1.928 1.94 15.641 19.512 9.761 3.9800000000000004 1.0034
1.952 1.9340000000000002 1.964 15.886 20.002000000000002 10.006 4.104 1.0182
1.976 1.9459999999999997 1.952 15.543 19.169 9.859 4.132 1.012
1.9699999999999998 2.036 2.1020000000000003 15.837 19.806 9.614 4.016 1.0064
1.9340000000000002 1.916 2.0540000000000003 15.101999999999999 19.757 9.957 4.168 1.0134
2.024 2.024 1.988 9.663 15.69 19.463 4.0600000000000005 1.0052
1.9939999999999998 1.9939999999999998 1.9580000000000002 15.248999999999999 20.491999999999997 9.761 3.9360000000000004 1.0006
2.072 2.066 1.9459999999999997 9.81 15.935 20.198 3.984 1.0096
1.874 1.85 1.874 9.663 15.445 19.855 4.032 1.0062
2.0 1.9820000000000002 2.09 15.248999999999999 19.806 9.81 4.04 1.0050000000000001
2.036 2.018 1.8980000000000001 15.151 19.708000000000002 9.859 4.1 1.0064
1.814 1.802 1.9580000000000002 15.739 19.218 9.859 4.1 1.0094
1.9040000000000001 1.8920000000000001 2.06 15.151 19.904 9.761 4.0280000000000005 1.0038
1.916 1.8980000000000001 2.066 15.543 19.806 10.153 4.036 1.0064
1.916 1.8980000000000001 2.06 15.494 19.659 10.006 4.112 1.0142
1.862 1.832 1.9939999999999998 15.739 19.659 10.006 4.008 1.006
1.988 1.9939999999999998 1.988 15.543 19.61 9.859 4.152 1.0154
1.868 1.85 1.988 15.886 20.051000000000002 9.908 3.9800000000000004 1.0068
1.9340000000000002 1.916 1.8980000000000001 9.957 15.052999999999999 19.904 4.128 1.0112
1.952 1.94 1.8800000000000001 9.859 15.739 19.659 4.056 1.0058
2.0780000000000003 2.18 1.952 15.445 19.806 9.565 4.0920000000000005 1.0096
1.9040000000000001 1.874 1.82 15.347 20.051000000000002 10.055 3.8680000000000003 0.995
1.916 1.9040000000000001 2.1260000000000003 15.395999999999999 19.757 9.908 4.024 1.0078
1.8980000000000001 1.874 1.9939999999999998 15.592 19.855 9.761 3.9120000000000004 0.9976
1.964 1.9459999999999997 1.9100000000000001 15.347 19.463 9.761 4.0280000000000005 1.0022
2.018 2.012 2.072 15.2 19.463 10.153 4.148 1.0126
1.868 1.862 2.024 15.298 20.198 9.712 4.0440000000000005 1.0056
1.9459999999999997 1.988 1.85 15.543 19.12 9.81 4.16 1.011
1.868 1.862 1.8860000000000001 9.712 15.935 19.708000000000002 4.0760000000000005 1.01
1.856 1.85 1.832 14.562999999999999 19.414 9.81 4.26 1.0164
1.9459999999999997 1.928 2.066 15.592 19.561 9.81 4.004 1.0014
1.964 1.9459999999999997 1.928 15.445 19.659 9.712 4.0760000000000005 1.0074
1.9340000000000002 1.916 2.036 15.543 20.051000000000002 10.055 4.088 1.0118
2.012 2.0300000000000002 1.862 15.886 19.512 9.908 3.984 1.0052
1.916 1.8980000000000001 2.114 15.151 19.855 9.859 4.236 1.0166
1.9820000000000002 1.9040000000000001 1.868 9.859 15.298 20.198 4.0760000000000005 1.0124
1.9699999999999998 1.9580000000000002 1.928 15.543 19.267 9.712 4.04 1.0038
2.06 2.09 2.12 15.052999999999999 19.806 9.859 4.164 1.011
1.868 1.9820000000000002 2.1500000000000004 15.592 20.002000000000002 9.908 4.088 1.0118
1.862 1.874 2.084 15.052999999999999 19.904 10.006 4.1 1.0084
1.916 1.8980000000000001 1.9040000000000001 15.2 20.051000000000002 9.908 4.148 1.0132
2.0060000000000002 1.9939999999999998 2.0060000000000002 9.565 16.033 20.345 4.016 1.0096
1.85 1.844 1.8920000000000001 19.757 9.908 15.298 3.968 0.9996
1.862 1.856 2.06 15.347 19.855 9.712 4.136 1.0118
2.036 2.0 2.0060000000000002 9.614 15.151 19.757 4.072 1.0022
1.796 1.814 1.988 15.347 19.659 9.712 4.236 1.0168
2.0 1.964 1.952 9.712 16.131 19.316 4.0 1.0052
1.9100000000000001 1.8920000000000001 1.976 15.347 19.365 9.859 4.172 1.0084
1.9699999999999998 1.952 2.138 14.955 19.659 9.712 4.2 1.011
1.856 1.838 1.916 16.033 19.953000000000003 9.859 3.9200000000000004 1.0024
2.024 2.018 2.018 15.886 20.002000000000002 9.908 3.9879999999999995 1.008
1.8920000000000001 1.874 1.844 19.708000000000002 9.859 16.082 3.9080000000000004 1.0012
2.036 2.024 2.18 15.151 19.414 9.908 4.256 1.0186
1.856 1.85 1.8920000000000001 9.957 15.052999999999999 19.512 4.192 1.0116
1.8980000000000001 1.874 1.94 15.395999999999999 19.659 9.859 4.068 1.0082
1.868 1.9699999999999998 1.8860000000000001 19.953000000000003 9.957 15.592 3.8880000000000003 0.9948
2.0060000000000002 2.0780000000000003 1.844 19.61 9.761 15.298 4.056 1.0068
1.862 1.8860000000000001 1.868 9.908 15.592 19.953000000000003 3.992 1.0048
2.048 2.09 1.868 15.837 19.659 9.957 3.9200000000000004 0.9992000000000001
2.012 2.1740000000000004 2.1500000000000004 15.151 19.855 9.859 4.156 1.0114
1.8920000000000001 1.868 2.0 15.347 19.561 9.859 4.192 1.0158
2.0 2.0 1.814 15.052999999999999 19.904 9.957 4.096 1.0142
1.856 1.844 1.862 9.32 15.641 19.512 4.14 1.0106
1.952 2.0 2.024 15.347 20.198 9.614 4.1240000000000006 1.0072
1.9040000000000001 1.874 2.042 15.395999999999999 19.806 9.908 3.96 1.0008
1.874 1.9939999999999998 1.9459999999999997 9.81 15.347 20.149 3.9320000000000004 1.0
1.868 1.9699999999999998 2.156 15.151 20.051000000000002 9.859 4.084 1.0068
2.072 2.168 1.8860000000000001 9.614 16.327 19.855 3.944 1.0046
1.856 1.85 2.012 16.033 19.757 10.055 4.0280000000000005 1.0104
1.916 1.8860000000000001 1.862 9.81 15.445 19.512 4.04 1.0064
1.8860000000000001 1.868 1.976 15.543 19.659 9.859 3.9960000000000004 1.0028
2.048 2.0300000000000002 2.084 15.788 19.855 9.81 3.9040000000000004 0.9982
1.9580000000000002 1.952 1.9100000000000001 16.082 19.61 9.712 4.0760000000000005 1.01
1.862 1.856 1.8920000000000001 19.953000000000003 9.859 15.788 3.9480000000000004 1.0018
1.8860000000000001 1.8800000000000001 2.018 15.641 19.659 9.81 3.9960000000000004 1.0016
1.874 1.856 2.024 15.298 19.806 9.908 3.9800000000000004 1.0008
2.024 2.042 2.0 15.739 19.757 10.104000000000001 4.048 1.0108
1.9459999999999997 1.9219999999999997 1.856 9.908 15.445 20.002000000000002 3.9719999999999995 1.004
1.862 1.826 1.976 15.052999999999999 19.659 9.908 4.152 1.0134
1.9040000000000001 1.8860000000000001 1.802 10.104000000000001 15.298 19.904 3.9800000000000004 1.004
1.802 1.796 1.916 15.445 19.904 9.859 4.0280000000000005 1.0056
2.0300000000000002 2.156 2.1260000000000003 9.712 15.837 19.561 3.9879999999999995 1.0012
1.9820000000000002 1.976 1.8920000000000001 15.347 20.198 9.859 4.02 1.0058
1.8920000000000001 1.8980000000000001 2.0540000000000003 15.494 19.169 9.761 4.188 1.01
2.168 2.3480000000000003 2.0780000000000003 15.543 19.708000000000002 9.81 4.176 1.0146
2.042 2.036 2.018 9.908 15.641 19.855 3.9960000000000004 1.0052
2.096 1.8980000000000001 1.9219999999999997 9.565 15.886 19.953000000000003 3.984 1.0048
2.0780000000000003 2.114 2.096 15.641 19.61 9.957 4.02 1.0038
1.868 1.952 2.108 15.641 19.757 9.761 4.144 1.0088
1.802 1.784 1.9580000000000002 15.395999999999999 20.296000000000003 9.614 4.0600000000000005 1.0112
2.0540000000000003 1.988 2.024 9.663 15.248999999999999 19.512 4.02 0.9994000000000001
2.0 2.0060000000000002 1.802 9.957 15.592 19.463 4.0440000000000005 1.0064
1.802 1.76 1.82 9.565 15.445 19.708000000000002 4.0760000000000005 1.0062
1.9459999999999997 1.976 1.9699999999999998 10.055 15.543 19.757 3.9200000000000004 0.998
1.844 1.82 1.9820000000000002 15.395999999999999 20.442999999999998 9.957 3.8880000000000003 0.9987999999999999
1.802 1.796 2.0780000000000003 14.955 19.512 9.957 4.1240000000000006 1.0102
1.8980000000000001 1.8980000000000001 2.084 15.151 19.414 9.81 4.216 1.016
1.8980000000000001 1.952 1.8800000000000001 15.395999999999999 19.022 9.663 4.224 1.0150000000000001
1.862 1.838 1.976 15.543 19.61 9.859 4.088 1.0112
1.8800000000000001 1.8860000000000001 2.1260000000000003 14.709999999999999 19.708000000000002 9.761 4.148 1.008
2.036 2.018 2.042 15.494 19.561 9.516 4.024 1.0002
1.9040000000000001 1.916 2.066 15.739 19.757 9.663 4.0920000000000005 1.009
1.9219999999999997 1.916 1.964 9.516 15.886 19.414 3.96 0.9962
1.856 1.856 1.9219999999999997 15.886 19.659 9.712 4.0760000000000005 1.008
1.868 1.8800000000000001 2.1020000000000003 15.592 19.414 10.055 4.0920000000000005 1.0076
2.0300000000000002 2.09 2.264 9.81 15.101999999999999 19.806 4.068 1.0050000000000001
1.832 1.82 2.108 15.052999999999999 20.051000000000002 9.761 4.272 1.0204
2.024 2.18 1.874 10.006 14.808 19.659 3.9640000000000004 0.9962
1.916 1.8980000000000001 1.9459999999999997 15.151 19.414 9.81 4.16 1.0076
1.94 1.916 1.976 15.2 20.198 9.859 4.104 1.0082
1.988 1.9820000000000002 2.0780000000000003 15.641 19.757 9.712 4.04 1.0064
1.9580000000000002 1.94 2.018 15.543 19.61 9.81 4.08 1.0114
1.9820000000000002 1.9820000000000002 1.9580000000000002 15.788 20.296000000000003 9.908 3.9559999999999995 1.0048
2.0540000000000003 1.964 1.952 9.81 15.494 19.757 4.088 1.0102
1.9820000000000002 2.0780000000000003 1.8920000000000001 9.908 15.69 19.855 3.9360000000000004 1.0008
1.814 1.796 1.868 20.002000000000002 9.81 15.788 3.8760000000000003 0.9936
1.8800000000000001 1.862 1.832 9.859 15.641 19.61 4.0 1.0042
1.9939999999999998 1.9939999999999998 1.964 15.248999999999999 19.61 9.908 4.208 1.011
2.06 2.0780000000000003 2.0540000000000003 15.2 19.561 10.006 4.168 1.0124
1.826 1.796 1.988 15.101999999999999 19.512 10.104000000000001 4.232 1.0192
1.802 1.79 1.856 9.761 15.395999999999999 19.757 4.036 1.0026
2.0540000000000003 1.9040000000000001 1.9219999999999997 9.761 15.592 19.904 4.104 1.0074
1.874 1.856 1.916 15.592 19.855 9.81 4.0120000000000005 1.0050000000000001
1.9100000000000001 1.8860000000000001 2.048 15.052999999999999 19.757 9.81 4.128 1.0076
1.9040000000000001 1.9100000000000001 2.06 14.955 19.512 9.957 4.156 1.0158
1.814 1.802 1.952 15.543 19.708000000000002 10.055 4.1080000000000005 1.0138
1.9040000000000001 1.8980000000000001 2.018 15.984 19.512 9.859 3.968 1.0036
1.9219999999999997 1.8860000000000001 1.802 9.957 15.494 20.442999999999998 3.9240000000000004 0.9998
1.9820000000000002 1.9820000000000002 2.096 15.2 19.708000000000002 9.663 4.172 1.0128
2.012 1.9820000000000002 2.1260000000000003 15.2 19.855 9.908 4.172 1.0112
1.94 1.916 2.018 15.2 20.1 9.81 4.1080000000000005 1.0114
1.9219999999999997 1.94 1.844 15.984 19.561 9.859 4.0280000000000005 1.0102
1.9100000000000001 1.8800000000000001 2.0060000000000002 15.101999999999999 19.855 10.006 4.192 1.0154
2.042 2.036 2.114 15.101999999999999 19.855 9.614 4.26 1.0182
1.952 1.9340000000000002 2.084 15.543 20.541 9.859 3.9240000000000004 0.9989999999999999
1.814 1.808 1.8920000000000001 15.935 19.316 9.565 4.072 1.0068
1.874 1.8860000000000001 2.084 15.395999999999999 19.708000000000002 9.761 4.248 1.02
1.8800000000000001 1.856 1.814 9.859 15.445 19.463 4.144 1.0132
1.9340000000000002 1.916 2.09 15.592 19.316 9.957 4.192 1.0172
1.9820000000000002 1.976 1.9580000000000002 15.69 20.198 10.006 3.952 1.0012
1.8920000000000001 1.874 1.832 9.663 15.837 19.316 4.04 1.0064
1.9040000000000001 1.874 1.9040000000000001 15.151 20.1 10.153 4.024 1.0044
1.9340000000000002 1.9100000000000001 1.9580000000000002 15.641 19.806 10.006 4.1080000000000005 1.0154
2.0 1.9939999999999998 2.06 15.445 19.659 9.761 4.048 1.0042
1.826 1.814 1.964 15.739 20.149 9.908 3.9280000000000004 1.0016
2.048 1.9580000000000002 1.9340000000000002 10.006 15.592 19.414 3.976 1.0022
1.928 1.8980000000000001 1.9820000000000002 15.004 19.806 9.908 4.14 1.0138
1.8860000000000001 1.8980000000000001 2.108 15.543 19.512 10.006 4.088 1.0098
1.964 1.9459999999999997 2.066 15.837 19.561 9.859 3.984 1.0022
1.9580000000000002 1.94 1.976 15.248999999999999 20.149 9.712 4.136 1.014
1.8860000000000001 1.862 2.0540000000000003 15.395999999999999 19.708000000000002 9.957 3.9719999999999995 1.0014
1.868 1.9699999999999998 1.928 9.908 15.347 19.855 3.9000000000000004 0.9956
2.0 1.988 2.048 15.052999999999999 19.757 9.761 4.084 1.008
1.8920000000000001 1.862 2.0060000000000002 15.543 20.002000000000002 10.006 4.0280000000000005 1.0088
1.856 1.85 1.988 15.837 20.442999999999998 9.908 3.984 1.0050000000000001
1.868 1.85 1.9219999999999997 15.101999999999999 19.757 9.516 4.168 1.0116
1.94 1.9699999999999998 2.012 9.565 16.229 19.806 3.9160000000000004 0.9996
1.862 1.856 2.024 15.543 20.491999999999997 9.663 4.04 1.0078
1.9820000000000002 1.9580000000000002 2.108 15.347 19.708000000000002 9.859 4.016 1.0052
1.8800000000000001 1.862 2.012 15.592 20.051000000000002 9.663 3.9080000000000004 0.9969999999999999
1.808 1.82 2.048 15.445 19.512 9.712 4.248 1.014
1.868 1.862 1.874 15.445 19.561 9.81 4.0760000000000005 1.0104
2.06 2.084 2.09 15.886 20.247000000000003 9.908 3.992 1.008
1.9340000000000002 1.9100000000000001 1.952 15.004 19.855 9.957 4.056 1.0104
1.8980000000000001 1.8980000000000001 1.856 9.761 15.69 19.561 4.084 1.0102
2.012 2.024 1.9699999999999998 15.592 19.757 9.663 4.132 1.0148
1.9219999999999997 1.9219999999999997 1.9100000000000001 15.347 19.218 9.957 4.14 1.0128
1.9939999999999998 2.12 2.048 15.641 19.463 9.614 4.14 1.0096
1.808 1.814 1.9340000000000002 15.592 19.904 9.761 3.9719999999999995 1.0030000000000001
2.018 2.048 1.9459999999999997 15.2 19.904 9.663 3.9719999999999995 0.9992000000000001
2.0060000000000002 2.0060000000000002 2.096 15.494 19.806 9.859 4.244 1.0152
1.8980000000000001 1.874 1.952 15.788 20.051000000000002 9.957 3.9360000000000004 1.0002
2.0060000000000002 2.018 1.9040000000000001 9.908 16.229 20.051000000000002 3.9240000000000004 1.0042
2.072 1.9699999999999998 2.1260000000000003 15.641 19.561 9.859 4.184 1.0188
1.868 1.8860000000000001 1.9040000000000001 9.516 15.886 19.61 4.084 1.0084
1.964 1.9459999999999997 1.976 9.712 16.229 19.561 3.984 1.0056
1.856 1.85 2.0300000000000002 15.395999999999999 19.855 9.957 4.0600000000000005 1.0066
1.9100000000000001 1.8920000000000001 1.964 15.347 19.267 9.908 4.172 1.009
1.976 1.8860000000000001 1.844 10.104000000000001 15.101999999999999 19.463 4.116 1.0104
1.862 1.862 2.096 15.101999999999999 19.414 9.81 4.192 1.0106
2.066 2.156 1.868 19.953000000000003 9.859 16.082 3.9640000000000004 1.0062
1.826 1.82 1.838 15.592 19.806 10.055 4.02 1.0058
1.8980000000000001 1.8920000000000001 2.036 15.052999999999999 19.561 9.957 4.168 1.0128
1.952 1.964 1.844 10.055 15.739 19.953000000000003 3.8760000000000003 0.9978
2.036 2.018 2.0780000000000003 15.543 20.002000000000002 9.957 4.156 1.0174
1.8980000000000001 1.8920000000000001 2.186 15.395999999999999 20.002000000000002 9.957 4.024 1.0102
1.9820000000000002 1.9699999999999998 2.138 15.101999999999999 19.512 9.957 4.18 1.0114
1.916 1.8980000000000001 2.036 15.347 20.149 10.104000000000001 4.188 1.0188
1.94 1.9820000000000002 2.084 15.445 19.904 9.712 4.1240000000000006 1.0118
1.868 1.856 1.844 9.957 16.033 20.1 3.8680000000000003 0.998
1.9939999999999998 1.976 2.12 15.151 19.316 9.761 4.196 1.0138
1.868 1.832 1.802 9.761 15.248999999999999 19.855 4.004 1.0006
2.096 2.144 2.0300000000000002 16.082 20.051000000000002 9.81 3.8360000000000003 0.9954000000000001
1.85 1.868 2.072 15.788 19.61 9.565 4.056 1.0098
1.856 1.8800000000000001 1.874 9.761 15.69 20.198 3.9360000000000004 1.0038
1.9219999999999997 1.9040000000000001 2.0300000000000002 15.347 20.1 9.761 3.9719999999999995 1.0034
1.9040000000000001 1.868 1.832 9.663 16.131 20.442999999999998 3.96 1.0056
2.0300000000000002 2.066 2.114 9.81 15.984 19.806 3.9719999999999995 1.004
1.964 2.036 1.952 15.984 19.659 9.614 3.9719999999999995 1.0002
1.862 1.85 1.874 15.592 19.708000000000002 9.81 4.02 1.0050000000000001
1.85 1.868 2.096 15.248999999999999 19.757 9.663 4.02 1.0016
1.808 1.796 1.964 15.739 20.1 10.055 3.984 1.0072
1.9699999999999998 2.0 1.874 15.592 19.855 9.957 4.02 1.0068
1.844 1.868 2.114 15.347 19.904 9.957 3.952 0.9954000000000001
1.85 1.85 2.018 15.788 20.051000000000002 10.055 3.9879999999999995 1.008
1.8800000000000001 1.856 1.952 15.788 20.247000000000003 9.957 3.8480000000000003 0.996
2.0 2.0060000000000002 1.94 16.131 19.316 9.761 3.8520000000000003 0.9932000000000001
2.0 2.0 1.916 15.543 19.708000000000002 9.663 4.144 1.0104
1.874 1.874 2.186 14.905999999999999 19.561 9.81 4.156 1.012
1.9820000000000002 1.9699999999999998 1.814 9.957 15.641 19.512 3.984 1.0030000000000001
1.988 1.988 1.9459999999999997 15.641 19.463 9.712 4.096 1.0072
2.024 2.0 1.988 9.663 15.592 19.267 4.148 1.0098
1.832 1.79 1.928 15.298 20.149 9.957 4.1080000000000005 1.0158
1.8800000000000001 2.042 1.9580000000000002 9.712 15.2 19.904 4.112 1.0068
1.85 1.868 2.06 15.494 19.561 9.516 4.1 1.008
1.9820000000000002 1.988 1.9040000000000001 15.837 20.002000000000002 10.104000000000001 4.064 1.0144
1.8920000000000001 1.874 1.862 19.806 9.908 15.543 3.9280000000000004 0.9978
1.9939999999999998 1.9939999999999998 2.024 15.151 19.757 9.859 4.104 1.0092
1.784 1.814 1.9219999999999997 15.445 19.904 9.859 4.052 1.011
2.06 1.988 2.1020000000000003 15.837 20.296000000000003 9.859 3.9120000000000004 1.0008
1.832 1.808 2.0300000000000002 15.004 19.463 9.761 4.224 1.0226
1.826 1.784 1.79 10.104000000000001 15.395999999999999 19.561 3.9559999999999995 1.0002
2.012 2.012 2.072 15.837 20.1 9.467 3.9480000000000004 1.0014
1.952 1.9340000000000002 2.0780000000000003 15.69 19.365 9.81 4.088 1.0084
1.8920000000000001 1.856 2.096 16.033 19.953000000000003 10.055 3.9040000000000004 1.0010000000000001
1.808 1.814 1.8800000000000001 9.565 15.543 19.659 4.064 1.0050000000000001
1.9580000000000002 1.94 2.012 15.543 19.708000000000002 10.153 4.16 1.0154
1.856 1.85 1.8800000000000001 15.592 19.512 9.81 3.984 1.0016
2.0540000000000003 2.018 1.9459999999999997 9.565 15.445 20.002000000000002 4.052 1.0084
1.9219999999999997 1.8980000000000001 2.018 14.661 20.002000000000002 9.761 4.104 1.0028
1.9219999999999997 1.9040000000000001 2.018 15.052999999999999 19.855 9.859 4.268 1.0168
1.814 1.772 1.79 9.957 15.347 19.659 4.02 1.006
2.0540000000000003 2.1260000000000003 1.9820000000000002 15.788 19.61 9.957 4.04 1.0096
1.856 1.85 1.85 9.957 15.984 19.953000000000003 3.8800000000000003 0.9992000000000001
2.012 1.988 1.9820000000000002 9.516 15.494 19.757 4.096 1.0052
1.94 1.9699999999999998 1.964 10.202 15.641 19.561 3.968 1.002
2.0780000000000003 1.9699999999999998 2.1260000000000003 15.395999999999999 19.070999999999998 9.908 4.0920000000000005 1.0048
1.9699999999999998 1.9219999999999997 1.8980000000000001 9.908 15.739 19.953000000000003 3.9559999999999995 1.0056
1.8920000000000001 1.8800000000000001 1.9580000000000002 15.69 19.561 9.81 4.072 1.0084
2.012 1.9939999999999998 2.0780000000000003 15.445 19.61 10.055 4.016 1.004
2.012 2.0 2.12 15.298 19.708000000000002 9.957 4.172 1.0132
1.8860000000000001 2.0540000000000003 1.8860000000000001 9.908 15.347 19.855 3.9800000000000004 1.0030000000000001
2.012 1.9939999999999998 1.9820000000000002 9.614 16.18 19.708000000000002 3.984 1.0082
1.916 1.8860000000000001 2.012 15.298 19.365 10.055 4.112 1.011
1.952 1.9459999999999997 2.084 15.445 19.561 9.712 4.224 1.019
2.0540000000000003 2.108 1.9340000000000002 15.592 19.61 9.712 4.164 1.018
1.808 1.808 1.8920000000000001 15.494 19.953000000000003 9.908 4.004 1.0028
2.0 1.9939999999999998 1.9820000000000002 9.908 15.298 19.904 4.036 1.0056
1.856 1.832 1.9340000000000002 15.592 20.002000000000002 9.712 3.976 1.0056
2.012 2.144 1.9820000000000002 9.81 15.739 19.463 4.0 1.0018
1.9100000000000001 1.8920000000000001 2.06 15.347 19.512 9.81 4.084 1.0096
1.844 1.856 1.85 9.908 15.004 19.561 3.9960000000000004 0.9982
1.862 1.856 2.0060000000000002 15.101999999999999 19.512 9.859 4.24 1.0170000000000001
1.94 1.916 2.048 14.955 19.904 10.006 4.072 1.0084
1.862 1.844 1.916 15.101999999999999 19.414 10.006 4.096 1.0082
1.868 1.838 2.018 15.052999999999999 19.61 10.006 4.1080000000000005 1.0074
2.0060000000000002 1.9939999999999998 2.018 15.445 20.002000000000002 9.859 3.8960000000000004 0.9952000000000001
1.928 1.9100000000000001 2.0540000000000003 15.395999999999999 20.149 9.957 4.1080000000000005 1.0128
1.862 1.862 2.024 15.69 19.855 9.761 4.1240000000000006 1.0148
1.916 1.9100000000000001 1.916 9.761 16.082 19.708000000000002 3.968 1.0032
1.796 1.814 1.9939999999999998 15.494 19.267 9.957 4.008 1.0016
1.82 1.79 1.9219999999999997 19.806 9.761 15.592 3.9080000000000004 0.9952000000000001
1.988 1.9820000000000002 1.8920000000000001 10.006 15.395999999999999 19.463 4.04 1.0032
1.94 1.9219999999999997 2.012 15.543 19.904 9.81 4.088 1.0118
1.928 1.928 1.862 20.002000000000002 10.055 15.395999999999999 4.0120000000000005 1.0050000000000001
2.0060000000000002 1.988 1.9820000000000002 20.051000000000002 9.761 16.18 3.9719999999999995 1.0068
2.012 1.9820000000000002 2.048 15.543 19.512 9.859 3.984 1.0052
1.952 1.928 1.9340000000000002 10.006 15.445 20.247000000000003 3.992 1.0092
1.9939999999999998 2.0060000000000002 1.928 9.712 15.886 19.512 4.0280000000000005 1.0052
2.018 2.0300000000000002 2.09 9.663 16.082 19.953000000000003 4.036 1.0084
1.9100000000000001 1.8920000000000001 1.9820000000000002 15.248999999999999 19.806 10.055 4.072 1.0048
1.868 1.8920000000000001 1.868 19.855 10.055 15.69 3.976 1.0036
1.814 1.802 1.874 15.592 20.051000000000002 9.761 4.084 1.0106
1.868 1.868 2.0 9.565 15.935 20.051000000000002 4.024 1.0068
1.9100000000000001 1.8920000000000001 1.9040000000000001 15.494 19.855 9.712 3.9559999999999995 0.9989999999999999
1.844 1.862 2.168 9.859 16.033 19.365 3.9480000000000004 1.0012
1.85 1.82 2.0300000000000002 15.248999999999999 19.904 9.859 4.0280000000000005 1.0026
1.874 1.874 2.084 15.151 19.806 9.565 4.1080000000000005 1.0084
1.874 2.012 2.1500000000000004 15.298 19.561 9.908 4.204 1.0122
1.9699999999999998 1.964 1.964 9.614 15.592 20.051000000000002 4.032 1.0038
2.0060000000000002 2.0 2.168 15.543 19.806 10.104000000000001 4.004 1.0046
1.8920000000000001 1.8980000000000001 2.066 15.347 19.659 9.614 4.168 1.0124
1.844 1.844 1.8980000000000001 9.32 15.592 19.953000000000003 4.112 1.011
1.868 1.832 2.0 14.905999999999999 20.491999999999997 9.81 4.0 1.0078
1.82 1.862 2.1260000000000003 15.494 19.61 9.859 4.02 1.0038
1.9939999999999998 1.988 1.988 9.663 16.033 20.051000000000002 4.0 1.0050000000000001
2.0 2.0060000000000002 1.928 16.033 19.708000000000002 9.81 3.9200000000000004 1.0002
1.8980000000000001 1.8920000000000001 2.06 15.151 19.904 9.81 4.244 1.0188
1.952 1.94 1.9100000000000001 10.153 14.758999999999999 19.267 4.184 1.0112
2.018 2.186 2.2579999999999996 9.663 15.592 19.659 4.068 1.009
1.862 1.862 1.856 9.957 15.69 19.512 3.9640000000000004 1.0014
1.844 1.832 2.0 15.592 19.953000000000003 9.859 4.0280000000000005 1.0076
2.0060000000000002 2.066 1.838 9.614 16.033 19.12 4.04 1.0048
1.844 1.82 1.916 15.641 19.316 9.81 4.048 1.0078
1.952 1.928 1.9459999999999997 10.104000000000001 14.661 19.561 4.0920000000000005 1.0050000000000001
1.838 1.832 1.8860000000000001 19.806 9.859 16.425 3.9399999999999995 1.0062
1.9459999999999997 1.928 2.072 15.395999999999999 20.149 9.663 4.032 1.0082
1.8920000000000001 1.8800000000000001 2.024 15.248999999999999 20.198 9.908 3.944 0.9992000000000001
1.856 1.844 1.8920000000000001 15.347 19.953000000000003 9.663 4.016 1.0032
2.0 2.0060000000000002 1.9100000000000001 15.886 19.806 9.614 4.144 1.0130000000000001
1.814 1.808 1.868 10.153 15.543 19.463 3.96 1.0002
1.8920000000000001 1.868 1.9459999999999997 15.101999999999999 20.149 9.663 4.0120000000000005 1.0042
1.82 1.814 1.9340000000000002 15.298 20.002000000000002 9.712 3.9960000000000004 0.9998
1.79 1.82 2.018 15.69 19.855 9.663 4.116 1.009
1.856 1.856 1.9040000000000001 19.757 10.055 15.395999999999999 4.0120000000000005 1.0044
2.06 2.024 1.9580000000000002 9.81 15.543 19.12 3.952 0.9969999999999999
1.9699999999999998 1.9459999999999997 2.096 15.151 19.904 9.859 4.0440000000000005 1.0050000000000001
1.9459999999999997 2.0 1.928 15.739 19.61 9.516 4.0600000000000005 1.0024
1.8920000000000001 1.8800000000000001 2.012 15.641 19.806 9.859 4.2 1.0154
2.066 2.09 2.06 15.592 20.394000000000002 9.761 3.9360000000000004 1.0022
1.8980000000000001 1.8920000000000001 1.8800000000000001 9.663 15.788 19.904 3.9160000000000004 0.9994000000000001
1.8920000000000001 1.8980000000000001 2.096 15.004 19.512 9.761 4.22 1.0130000000000001
1.832 1.814 1.874 9.957 15.494 19.806 4.0280000000000005 1.0058
1.9939999999999998 1.9939999999999998 2.0060000000000002 9.663 15.886 19.904 3.9879999999999995 1.0042
1.928 1.9040000000000001 2.138 15.494 19.806 9.859 4.04 1.0054
1.9340000000000002 1.976 1.9820000000000002 10.055 16.033 19.757 3.9399999999999995 1.0044
1.976 1.9699999999999998 1.9820000000000002 9.663 15.151 19.708000000000002 4.116 1.0052
1.9040000000000001 1.8980000000000001 1.8920000000000001 9.859 15.788 19.218 4.0440000000000005 1.0064
1.8920000000000001 1.8800000000000001 2.066 15.298 19.806 9.859 4.0920000000000005 1.01
2.0 1.988 2.0300000000000002 15.837 19.708000000000002 9.957 4.0120000000000005 1.0084
1.9939999999999998 1.868 1.8980000000000001 15.788 19.953000000000003 9.957 3.96 1.0052
2.072 1.976 2.1500000000000004 15.298 19.708000000000002 9.859 4.136 1.0106
1.778 1.814 1.838 9.908 15.837 20.198 3.9200000000000004 1.0008
1.79 1.82 2.1020000000000003 14.758999999999999 20.1 9.859 4.036 1.004
1.9580000000000002 2.06 2.06 14.808 19.757 9.712 4.156 1.0136
2.036 2.0 2.012 9.761 15.984 19.365 4.02 1.0044
1.814 1.814 1.9580000000000002 15.592 19.169 9.908 4.224 1.02
1.874 1.856 1.9939999999999998 15.052999999999999 20.051000000000002 9.663 4.172 1.0124
1.9340000000000002 1.916 2.0300000000000002 15.101999999999999 19.659 9.859 4.14 1.0096
1.8980000000000001 2.096 1.85 9.859 15.788 20.002000000000002 3.96 1.0024
1.832 1.832 1.874 15.641 19.904 10.055 4.1 1.0148
2.0540000000000003 2.066 2.06 15.395999999999999 19.463 9.663 4.112 1.007
1.8920000000000001 1.874 1.874 15.69 20.051000000000002 10.006 4.024 1.0098
1.988 1.9820000000000002 2.1020000000000003 15.2 19.267 9.81 4.128 1.0058
1.9100000000000001 1.8980000000000001 1.976 15.592 19.757 9.663 4.12 1.0106
2.024 2.042 1.9219999999999997 15.543 19.61 9.614 4.052 1.0078
1.8860000000000001 1.8920000000000001 2.084 15.101999999999999 19.414 9.663 4.228 1.0132
1.916 1.8800000000000001 1.9100000000000001 15.641 19.512 9.957 3.9960000000000004 1.0036
1.808 1.808 1.9580000000000002 15.739 19.806 10.006 4.016 1.009
2.066 1.9820000000000002 2.018 9.859 15.494 19.463 4.1240000000000006 1.0126
1.9340000000000002 1.916 1.8920000000000001 9.663 16.082 19.316 4.02 1.0038
1.844 1.808 1.988 15.395999999999999 20.149 9.957 4.0600000000000005 1.0132
1.952 1.9459999999999997 2.108 15.347 19.659 9.81 4.004 1.009
1.844 1.832 1.9040000000000001 15.592 19.218 9.859 3.9320000000000004 0.9918
1.8920000000000001 1.874 1.826 9.859 15.347 19.757 4.016 1.0032
1.9100000000000001 1.874 1.8980000000000001 19.708000000000002 10.055 16.082 3.9040000000000004 1.0006
2.012 2.09 1.8980000000000001 15.641 19.757 9.663 4.232 1.016
1.8920000000000001 1.868 1.976 15.248999999999999 19.561 9.761 4.072 1.0058
1.8800000000000001 1.844 2.0060000000000002 14.955 19.855 9.908 4.14 1.0142
1.802 1.796 1.856 19.659 10.006 15.445 4.004 1.0036
1.8980000000000001 1.874 2.0300000000000002 15.347 19.806 9.859 3.8920000000000003 0.9952000000000001
1.952 1.9340000000000002 1.976 9.614 15.788 19.512 4.144 1.0118
1.976 2.0300000000000002 2.096 15.641 19.61 9.957 4.16 1.0196
1.832 1.832 1.85 10.153 15.347 20.002000000000002 3.952 1.0008
1.964 1.952 1.9100000000000001 15.494 19.512 9.81 4.196 1.0156
1.94 1.9219999999999997 1.9699999999999998 9.957 15.298 19.953000000000003 4.096 1.0072
2.048 2.012 2.114 15.052999999999999 20.149 10.055 4.136 1.0132
2.156 1.988 1.9820000000000002 10.006 15.395999999999999 19.806 4.192 1.0166
2.048 2.0060000000000002 2.042 9.663 15.592 19.708000000000002 4.0440000000000005 1.0032
1.868 1.868 2.048 16.033 19.757 9.81 3.8600000000000003 0.9952000000000001
2.156 2.018 2.012 9.712 16.033 19.904 3.8880000000000003 1.0002
1.94 1.9459999999999997 1.85 15.248999999999999 20.296000000000003 10.006 4.0280000000000005 1.0082
1.9820000000000002 2.0780000000000003 2.108 15.739 20.442999999999998 10.055 4.0600000000000005 1.0128
2.036 2.0060000000000002 2.09 15.347 19.218 9.908 4.216 1.0138
2.0060000000000002 2.168 2.096 9.859 15.984 19.512 4.0760000000000005 1.0136
2.042 2.0300000000000002 2.012 9.859 15.395999999999999 19.904 4.036 1.0074
1.802 1.778 1.9100000000000001 15.101999999999999 19.757 9.859 4.048 1.004
1.94 1.916 2.0300000000000002 15.101999999999999 19.708000000000002 9.761 4.224 1.0184
2.0300000000000002 2.018 2.0060000000000002 15.347 19.512 9.908 4.1240000000000006 1.0096
1.868 1.832 1.8980000000000001 15.347 19.659 9.957 3.96 0.9989999999999999
1.9820000000000002 2.072 2.024 15.543 20.051000000000002 9.614 4.048 1.0068
1.868 1.9699999999999998 1.9040000000000001 10.104000000000001 15.886 19.757 3.968 1.0064
2.048 2.012 2.138 15.004 19.757 9.859 4.232 1.0138
1.844 1.874 1.8860000000000001 9.81 15.641 19.316 4.072 1.0056
1.85 1.844 2.084 15.052999999999999 19.757 9.859 4.1240000000000006 1.0122
1.8920000000000001 1.874 1.976 15.347 19.218 9.81 4.148 1.0076
1.952 1.9340000000000002 1.952 10.055 15.984 19.904 3.8960000000000004 1.0
1.9580000000000002 1.9459999999999997 1.9100000000000001 9.712 14.562999999999999 19.512 4.256 1.0156
2.048 2.0060000000000002 2.0780000000000003 15.543 19.904 9.957 4.136 1.014
2.012 2.018 2.1020000000000003 15.2 19.953000000000003 9.81 4.164 1.0118
1.964 1.9580000000000002 1.94 9.565 15.592 19.512 4.184 1.0124
1.9820000000000002 1.9699999999999998 2.012 15.2 19.757 9.908 4.268 1.0218
1.9699999999999998 1.9459999999999997 2.0780000000000003 15.494 20.247000000000003 9.859 4.12 1.016
1.862 1.856 1.9939999999999998 15.592 20.002000000000002 9.761 3.9559999999999995 0.9992000000000001
1.844 1.808 1.9459999999999997 15.543 20.002000000000002 9.908 4.02 1.0082
1.832 1.808 1.832 9.81 15.641 19.659 4.032 1.007
2.096 2.084 2.024 15.347 19.708000000000002 9.712 4.152 1.01
1.796 1.784 1.802 10.153 15.69 20.247000000000003 3.8480000000000003 0.9978
1.8860000000000001 1.8920000000000001 1.8980000000000001 9.516 15.248999999999999 19.855 4.016 1.0004
1.856 1.856 1.85 10.104000000000001 15.347 20.051000000000002 3.976 1.0042
1.82 1.802 1.9820000000000002 15.445 19.708000000000002 10.104000000000001 4.088 1.0102
1.838 1.838 1.9939999999999998 15.788 19.512 9.761 4.128 1.0136
2.0 1.964 1.988 15.052999999999999 19.561 9.859 4.052 1.0044
1.8980000000000001 1.8860000000000001 1.9820000000000002 15.788 19.757 9.908 4.056 1.006
2.024 2.042 1.8980000000000001 15.935 19.757 9.957 3.9160000000000004 1.0004
1.8980000000000001 1.8860000000000001 2.09 15.788 19.561 9.957 4.0280000000000005 1.0066
1.856 1.856 1.964 15.494 19.512 9.712 4.224 1.0164
1.9100000000000001 1.8920000000000001 2.024 15.445 20.345 9.908 3.9640000000000004 1.0012
1.9699999999999998 1.9580000000000002 1.9459999999999997 15.052999999999999 19.757 9.81 4.216 1.0174
2.012 2.024 1.826 9.712 15.347 19.659 4.096 1.009
2.012 2.0060000000000002 1.9939999999999998 9.712 15.788 19.904 4.0440000000000005 1.0064
1.8920000000000001 1.862 1.9820000000000002 15.101999999999999 19.267 9.81 4.24 1.0174
1.9459999999999997 1.9219999999999997 1.8920000000000001 15.592 20.541 9.957 3.9719999999999995 1.0066
1.862 1.844 1.9939999999999998 15.395999999999999 19.61 9.81 4.08 1.0078
1.874 1.832 1.964 15.101999999999999 20.59 9.957 4.0440000000000005 1.0104
2.042 2.018 2.138 15.739 19.659 9.908 4.08 1.0128
2.018 2.0300000000000002 2.108 9.957 15.151 19.659 4.0920000000000005 1.0056
1.9100000000000001 1.8920000000000001 1.826 9.761 15.886 20.051000000000002 3.8920000000000003 1.0
2.018 2.042 1.916 15.739 20.051000000000002 9.81 3.9399999999999995 1.0026
2.072 2.144 2.108 15.298 19.855 9.859 4.0920000000000005 1.0054
1.8860000000000001 2.036 2.162 9.565 15.837 20.247000000000003 4.0440000000000005 1.01
1.9820000000000002 1.964 2.108 15.69 19.61 10.006 4.084 1.0112
1.832 1.808 1.9699999999999998 15.395999999999999 19.561 10.153 4.172 1.0138
2.024 2.0540000000000003 2.108 10.006 14.905999999999999 19.757 4.068 1.0028
2.0 1.964 1.94 9.957 15.347 19.757 4.0280000000000005 1.0052
1.82 1.85 2.108 15.543 19.953000000000003 9.859 3.9360000000000004 0.9998
1.868 1.9040000000000001 1.9100000000000001 10.055 15.837 19.904 3.9280000000000004 1.0016
1.838 1.796 1.9580000000000002 15.004 19.659 9.957 4.12 1.0118
1.9820000000000002 2.0300000000000002 2.1260000000000003 14.808 20.198 9.663 4.1080000000000005 1.0072
1.952 1.928 2.0780000000000003 15.248999999999999 19.512 10.006 4.116 1.0108
1.838 1.79 1.952 15.052999999999999 20.051000000000002 9.957 4.0 1.0030000000000001
2.012 1.9820000000000002 2.024 15.395999999999999 19.953000000000003 9.761 4.02 1.0086
1.9939999999999998 1.964 1.9459999999999997 9.908 15.101999999999999 19.855 4.016 1.0022
1.868 1.844 1.8920000000000001 15.837 19.659 9.859 3.976 1.0036
2.0060000000000002 2.0 2.0540000000000003 15.641 19.953000000000003 9.761 3.9800000000000004 1.0024
1.8980000000000001 1.9100000000000001 1.8980000000000001 9.712 15.298 19.855 4.096 1.0088
2.018 2.036 2.036 15.2 19.365 9.908 4.144 1.0118
1.73 1.856 1.9459999999999997 9.859 15.494 19.463 4.056 1.006
2.036 2.0300000000000002 2.072 15.445 19.806 9.81 4.056 1.0092
1.916 1.9040000000000001 2.048 15.935 19.757 9.81 3.9160000000000004 0.9994000000000001
1.826 1.814 2.0060000000000002 15.739 19.757 9.614 4.056 1.0086
1.928 1.9040000000000001 1.796 9.712 15.641 20.1 3.9080000000000004 1.0014
2.0 1.976 2.1020000000000003 15.494 19.561 9.957 4.104 1.012
1.826 1.784 1.928 15.543 19.659 9.908 4.008 1.0056
1.952 1.928 1.9820000000000002 15.445 19.904 9.712 3.8680000000000003 0.9934000000000001
2.042 2.024 2.114 15.2 20.149 9.712 4.016 1.0032
1.8980000000000001 1.8980000000000001 2.09 15.543 19.904 9.614 4.0 1.0048
2.0060000000000002 2.06 1.9580000000000002 15.494 19.463 9.859 4.148 1.0148
1.94 1.9219999999999997 1.988 15.248999999999999 19.806 9.761 4.168 1.0132
1.9040000000000001 1.8920000000000001 1.9100000000000001 15.837 19.512 9.761 4.0120000000000005 1.0052
1.94 1.916 1.988 15.395999999999999 19.855 10.104000000000001 4.016 1.0068
2.0060000000000002 2.018 1.976 15.886 18.973000000000003 10.153 4.116 1.0082
2.042 1.9699999999999998 1.9459999999999997 9.957 15.739 19.659 4.048 1.0092
1.838 1.838 2.066 15.151 20.1 9.712 4.18 1.0138
1.976 1.9580000000000002 2.024 15.298 19.512 9.859 4.02 1.0
1.8800000000000001 1.9040000000000001 2.036 15.494 19.659 10.202 4.0920000000000005 1.0142
1.9040000000000001 1.8920000000000001 1.9820000000000002 15.298 19.61 9.614 4.112 1.007
1.9100000000000001 1.868 1.9939999999999998 15.298 19.61 10.055 3.992 1.0048
1.9340000000000002 1.916 2.0540000000000003 15.052999999999999 19.659 10.153 4.22 1.0164
1.9459999999999997 1.9219999999999997 2.0060000000000002 15.248999999999999 19.708000000000002 9.761 4.196 1.0194
2.066 2.096 2.1020000000000003 15.347 20.051000000000002 9.81 4.196 1.0184
1.874 2.0060000000000002 2.12 16.033 20.198 9.908 3.9360000000000004 1.0006
1.9939999999999998 1.964 2.048 15.445 19.855 10.202 4.056 1.0056
1.928 1.9100000000000001 2.036 14.857 19.757 9.81 4.244 1.0186
1.8920000000000001 1.8980000000000001 2.042 15.984 19.855 9.761 3.9200000000000004 0.9966
1.916 1.9040000000000001 1.9820000000000002 15.641 19.512 9.908 4.068 1.0066
1.9219999999999997 1.9040000000000001 2.012 15.151 19.806 9.712 4.204 1.0184
1.988 1.976 1.862 15.592 19.708000000000002 9.761 3.9360000000000004 1.0004
1.988 1.9820000000000002 1.8920000000000001 9.859 15.886 19.414 3.9960000000000004 1.0022
1.9459999999999997 2.0060000000000002 1.8860000000000001 10.006 15.494 19.512 4.064 1.0064
1.844 1.862 2.0540000000000003 16.082 19.659 9.761 3.9200000000000004 0.9987999999999999
1.9459999999999997 1.928 1.976 15.543 19.806 9.859 4.0440000000000005 1.009
1.952 1.928 1.9699999999999998 9.565 15.395999999999999 19.953000000000003 4.0120000000000005 1.0030000000000001
2.048 2.024 2.018 9.957 15.052999999999999 19.806 4.12 1.0074
1.9939999999999998 1.964 2.048 15.494 20.149 9.957 4.0 1.0074
2.066 2.096 2.12 15.395999999999999 19.708000000000002 10.055 4.068 1.0086
2.024 1.9939999999999998 2.0060000000000002 9.614 15.543 20.002000000000002 4.048 1.006
2.0300000000000002 2.0300000000000002 1.85 15.788 19.708000000000002 9.957 3.9879999999999995 1.004
1.8980000000000001 1.9100000000000001 1.838 19.757 9.859 15.052999999999999 4.12 1.0104
2.06 2.084 2.1020000000000003 15.298 19.904 9.908 4.1080000000000005 1.0086
1.856 1.874 2.072 15.347 19.365 9.565 4.172 1.0088
1.8980000000000001 1.874 1.9040000000000001 16.033 19.757 9.81 3.944 1.0030000000000001
1.9580000000000002 1.94 2.0 15.543 20.002000000000002 10.006 4.1080000000000005 1.0136
1.856 1.832 1.8920000000000001 15.445 19.218 9.712 4.004 1.0014
1.9340000000000002 1.9100000000000001 2.108 15.248999999999999 20.051000000000002 9.663 4.02 1.0032
1.862 1.844 2.024 15.445 19.218 10.153 4.0600000000000005 1.0054
1.85 1.85 1.9340000000000002 15.788 19.659 9.859 4.032 1.0068
1.9040000000000001 1.8980000000000001 2.036 15.69 19.659 9.81 4.152 1.0156
1.856 1.856 1.8920000000000001 9.908 15.445 19.708000000000002 3.9320000000000004 0.9974
1.928 1.9100000000000001 1.94 15.69 19.61 9.81 4.04 1.0068
1.9459999999999997 1.9219999999999997 1.9699999999999998 9.859 15.395999999999999 19.757 4.064 1.0094
1.952 1.9340000000000002 2.0 15.347 19.659 10.006 4.204 1.0176
1.976 1.976 1.9939999999999998 15.739 19.463 10.006 4.0600000000000005 1.0094
1.9459999999999997 1.9219999999999997 1.9340000000000002 19.659 9.859 15.592 4.048 1.0088
1.826 1.808 1.9040000000000001 15.494 19.218 9.761 3.9280000000000004 0.9948
1.8980000000000001 1.874 1.814 15.298 19.855 10.153 4.112 1.0158
1.9219999999999997 1.8980000000000001 1.94 9.859 16.229 19.904 3.8520000000000003 0.9964
1.9580000000000002 1.976 1.868 9.761 15.788 19.659 3.8800000000000003 0.9934000000000001
1.976 1.952 1.9820000000000002 15.052999999999999 19.659 9.81 4.016 1.0016
1.838 1.814 1.916 15.739 20.002000000000002 9.761 4.056 1.0122
2.0060000000000002 2.0 2.096 15.543 19.953000000000003 9.761 4.032 1.0052
2.0060000000000002 2.132 2.108 9.761 15.494 19.512 4.032 1.0
1.862 1.862 1.9699999999999998 15.641 19.61 9.761 4.12 1.01
1.952 1.928 2.024 15.347 20.1 10.006 4.144 1.0150000000000001
1.9100000000000001 1.8920000000000001 1.8920000000000001 15.494 19.561 9.859 4.016 1.0018
1.952 2.0 2.09 15.788 19.659 9.516 3.9800000000000004 1.0038
1.802 1.79 1.988 15.494 20.394000000000002 9.957 4.0280000000000005 1.0114
1.832 1.832 2.0 15.004 19.561 10.055 4.184 1.0138
1.844 1.862 2.048 15.788 19.855 9.81 4.104 1.0094
2.042 2.0780000000000003 2.12 9.761 15.543 19.659 3.9960000000000004 1.0012
1.9100000000000001 1.8920000000000001 2.0 14.955 19.561 9.957 4.244 1.0150000000000001
1.916 1.8980000000000001 1.8800000000000001 9.81 15.004 20.002000000000002 4.192 1.0150000000000001
1.9340000000000002 1.9699999999999998 1.862 15.543 19.904 9.908 3.9559999999999995 1.0038
1.9820000000000002 1.9580000000000002 1.9459999999999997 10.006 15.641 19.904 3.9640000000000004 1.0022
1.874 1.844 1.9699999999999998 15.248999999999999 19.806 9.859 4.232 1.0204
1.814 1.814 1.8800000000000001 15.543 20.442999999999998 9.81 3.984 1.0078
1.8920000000000001 1.874 1.9459999999999997 15.347 19.659 9.663 4.008 1.0018
1.9939999999999998 2.0060000000000002 2.0 15.101999999999999 19.904 9.712 4.112 1.008
1.964 1.952 1.928 15.543 19.61 9.908 4.02 1.0014
1.874 1.9939999999999998 1.952 9.81 15.2 19.806 4.12 1.007
1.952 1.9340000000000002 2.096 15.347 19.316 9.908 3.9719999999999995 0.9994000000000001
1.8980000000000001 1.8860000000000001 1.9340000000000002 15.69 19.806 9.859 4.008 1.0044
2.066 2.132 1.9219999999999997 15.543 19.169 9.761 4.0 0.9987999999999999
1.9580000000000002 1.94 1.916 15.395999999999999 19.61 9.565 4.068 1.0074
1.9699999999999998 1.9580000000000002 1.94 15.445 20.1 9.81 4.048 1.007
2.018 2.036 1.952 15.69 19.855 9.712 4.0760000000000005 1.0102
1.784 1.814 1.838 9.81 15.151 19.855 3.9719999999999995 0.9989999999999999
2.1020000000000003 2.168 2.018 15.298 19.806 9.712 4.016 1.0050000000000001
1.9820000000000002 1.988 1.8800000000000001 15.151 19.904 9.957 4.0920000000000005 1.0122
1.9699999999999998 1.9580000000000002 1.8980000000000001 15.347 20.1 9.859 3.9280000000000004 0.9968
1.916 1.9040000000000001 2.084 15.494 19.953000000000003 10.055 4.004 1.004
1.9100000000000001 1.8800000000000001 1.844 9.712 15.641 19.12 4.1 1.006
1.964 1.9459999999999997 2.024 15.298 19.708000000000002 9.908 4.036 1.0062
1.9580000000000002 1.94 1.9939999999999998 15.592 19.659 10.006 4.0920000000000005 1.0124
1.9100000000000001 1.8920000000000001 1.862 15.592 19.365 9.81 4.088 1.0122
2.012 2.036 2.1260000000000003 9.467 15.445 19.61 3.9960000000000004 0.9972000000000001
2.042 2.072 2.114 9.859 15.494 20.149 3.9879999999999995 1.0050000000000001
1.976 1.9699999999999998 2.012 15.641 20.247000000000003 9.908 3.9640000000000004 1.004
1.868 1.9040000000000001 1.928 9.859 15.739 19.757 3.9719999999999995 1.0034
1.952 1.928 2.0 15.248999999999999 19.757 9.908 4.084 1.0078
2.0060000000000002 2.0 2.042 15.69 19.659 9.81 4.008 1.0054
1.8920000000000001 1.8920000000000001 1.868 15.886 19.659 9.81 4.008 1.0074
1.9040000000000001 1.8860000000000001 1.814 9.81 14.955 19.708000000000002 3.984 0.9969999999999999
1.8920000000000001 1.8800000000000001 2.0 9.565 16.18 19.12 3.9879999999999995 1.0006
1.9040000000000001 1.8860000000000001 2.042 15.837 20.296000000000003 9.908 3.8840000000000003 1.0006
1.916 1.8980000000000001 2.066 15.395999999999999 19.463 10.104000000000001 4.032 1.0042
1.8920000000000001 1.9100000000000001 2.1020000000000003 15.347 19.708000000000002 9.712 4.14 1.0094
1.814 1.802 1.85 9.663 15.739 19.904 3.9200000000000004 0.9976
2.072 2.0540000000000003 2.0780000000000003 15.445 19.953000000000003 9.859 4.084 1.0098
1.9459999999999997 1.916 1.826 10.055 15.445 19.61 3.9960000000000004 1.0026
1.916 1.8860000000000001 1.82 9.761 16.033 20.002000000000002 3.952 1.0036
1.964 1.9459999999999997 1.9459999999999997 15.837 20.051000000000002 9.957 4.04 1.0124
1.874 1.838 1.9340000000000002 15.69 20.002000000000002 9.957 4.04 1.0132
1.8860000000000001 1.874 1.9580000000000002 15.445 20.051000000000002 9.761 4.064 1.0072
1.9699999999999998 1.9219999999999997 1.8980000000000001 10.006 15.641 19.414 4.152 1.0142
2.018 2.042 1.952 15.445 20.1 9.712 4.008 1.0050000000000001
1.964 2.048 2.048 15.641 19.708000000000002 9.614 4.072 1.0062
1.988 1.9820000000000002 1.868 19.904 9.859 15.298 3.976 0.9996
1.9219999999999997 1.8980000000000001 2.024 15.248999999999999 19.61 10.055 4.288 1.023
1.844 1.952 2.096 15.248999999999999 20.1 9.712 4.084 1.0058
1.856 1.838 1.988 15.935 19.904 9.81 4.0280000000000005 1.011
1.9040000000000001 1.916 1.8800000000000001 9.957 15.052999999999999 19.12 4.08 1.0048
2.018 2.048 1.844 15.69 20.345 9.908 3.9640000000000004 1.0078
1.9939999999999998 2.0 1.94 15.2 20.247000000000003 9.908 4.016 1.0066
1.844 1.832 1.9100000000000001 15.052999999999999 20.051000000000002 9.614 4.056 1.0050000000000001
1.814 1.79 1.808 9.81 15.395999999999999 19.855 4.0600000000000005 1.007
2.0060000000000002 1.988 1.9040000000000001 9.565 15.788 19.561 4.1080000000000005 1.009
1.8800000000000001 1.874 2.036 15.395999999999999 20.1 9.614 4.176 1.0184
1.802 1.802 1.9100000000000001 15.543 19.806 9.761 4.08 1.009
1.9040000000000001 1.9100000000000001 1.8920000000000001 10.104000000000001 15.641 19.806 3.9960000000000004 1.0048
1.8800000000000001 2.042 1.85 9.859 15.395999999999999 19.512 4.116 1.0088
1.868 1.868 2.024 15.984 19.61 9.957 3.9960000000000004 1.0048
1.9040000000000001 1.8980000000000001 2.066 15.445 19.463 9.859 4.024 1.0024
2.096 2.024 2.144 15.004 19.855 10.153 4.024 1.0026
1.9100000000000001 1.8980000000000001 2.066 15.641 19.708000000000002 9.908 3.976 1.0062
1.928 1.9100000000000001 2.042 14.905999999999999 19.414 9.663 4.128 1.007
2.0 2.012 1.952 19.757 9.859 15.935 3.9960000000000004 1.0074
1.796 1.79 1.874 15.445 19.659 10.104000000000001 4.136 1.0142
1.8980000000000001 2.072 2.156 14.758999999999999 19.806 9.81 4.096 1.0068
1.952 1.9340000000000002 1.976 15.641 19.855 10.006 4.0280000000000005 1.0082
1.808 1.82 2.0300000000000002 15.592 19.659 9.712 4.156 1.0094
1.8980000000000001 1.874 1.928 9.614 16.18 19.806 4.024 1.0118
1.832 1.862 1.844 15.739 19.806 9.761 4.0 1.0058
1.862 1.838 2.0 15.347 19.904 9.859 3.9160000000000004 0.9982
1.94 1.9219999999999997 1.928 15.592 20.051000000000002 9.663 4.0440000000000005 1.0084
2.0 1.976 2.066 15.641 19.708000000000002 9.957 4.0600000000000005 1.011
2.0780000000000003 2.114 1.988 19.561 9.908 15.543 4.036 1.0078
1.9699999999999998 1.9219999999999997 1.916 9.663 15.69 20.149 3.9000000000000004 0.9966
1.9340000000000002 1.916 2.012 15.543 19.757 9.957 3.976 1.0018
1.94 1.9219999999999997 2.06 15.298 19.708000000000002 9.957 4.048 1.007
1.928 1.8980000000000001 1.8920000000000001 9.712 15.543 19.169 4.128 1.0066
1.85 1.844 2.0540000000000003 15.543 19.855 9.614 4.0280000000000005 1.0028
1.928 1.9100000000000001 2.036 15.248999999999999 19.953000000000003 10.055 4.04 1.0044
1.856 1.8800000000000001 1.94 9.516 16.082 20.296000000000003 3.992 1.0064
1.9040000000000001 1.8980000000000001 1.856 15.788 20.1 9.957 3.952 1.0036
2.0540000000000003 2.018 1.9820000000000002 19.904 9.859 15.543 4.064 1.0098
1.928 1.9040000000000001 1.9939999999999998 15.837 19.953000000000003 10.202 4.048 1.0124
1.826 1.784 1.796 10.055 15.592 19.316 4.0 1.0014
1.8800000000000001 1.9040000000000001 1.9219999999999997 15.69 19.904 9.859 3.9360000000000004 0.9987999999999999
2.018 2.018 2.12 15.052999999999999 19.463 9.712 4.164 1.0116
1.8980000000000001 1.8980000000000001 2.108 15.101999999999999 20.002000000000002 9.859 4.172 1.0164
1.874 1.85 1.814 9.957 15.298 20.198 3.96 0.9989999999999999
2.018 2.012 2.012 9.712 15.151 20.051000000000002 4.14 1.0126
2.066 1.9580000000000002 1.9340000000000002 9.81 15.592 19.806 3.9480000000000004 1.0026
1.9699999999999998 1.9580000000000002 1.9820000000000002 15.2 19.316 9.761 4.14 1.0114
2.018 1.9939999999999998 1.9580000000000002 15.641 19.414 9.712 3.984 1.0018
1.9820000000000002 1.964 2.042 15.494 20.051000000000002 9.859 3.952 0.9982
1.832 1.82 1.832 9.761 15.2 19.659 4.136 1.0104
1.9040000000000001 1.8860000000000001 1.9699999999999998 15.739 19.659 10.055 4.0760000000000005 1.0108
1.928 1.9100000000000001 1.9219999999999997 10.006 14.857 20.1 4.068 1.0076
1.844 1.808 1.9100000000000001 15.151 19.708000000000002 9.81 4.048 1.0082
1.82 1.802 1.94 15.543 19.463 9.712 3.968 0.9982
2.012 2.036 1.9340000000000002 15.592 20.002000000000002 9.957 3.9719999999999995 1.0018
1.826 1.85 2.114 15.69 20.002000000000002 10.055 4.008 1.0096
1.9100000000000001 1.8920000000000001 2.0300000000000002 14.955 20.1 9.859 4.156 1.0096
1.832 1.82 2.018 15.052999999999999 19.708000000000002 9.908 4.12 1.0094
1.9459999999999997 1.952 1.85 9.81 15.641 20.002000000000002 3.8760000000000003 0.9948
1.988 1.976 1.9820000000000002 15.298 19.659 9.81 4.1 1.0116
1.868 1.85 2.024 15.004 19.806 9.957 4.0760000000000005 1.0036
1.916 1.8860000000000001 1.964 15.837 20.247000000000003 9.761 3.8880000000000003 0.9987999999999999
2.0780000000000003 1.9699999999999998 2.09 15.837 19.365 10.006 4.052 1.0088
1.9699999999999998 1.9219999999999997 1.9100000000000001 9.663 15.935 20.002000000000002 3.8760000000000003 0.9996
1.916 1.9040000000000001 1.988 9.712 15.543 19.953000000000003 3.944 0.9962
1.952 1.928 2.114 15.347 20.149 9.957 4.1240000000000006 1.0192
2.018 2.012 2.114 15.543 19.806 9.957 4.064 1.0076
1.838 1.826 1.85 15.2 20.149 9.859 3.8680000000000003 0.9916
1.778 1.814 1.916 15.395999999999999 19.61 9.957 4.008 1.0042
1.814 1.856 2.084 15.494 19.708000000000002 9.614 4.14 1.0096
1.928 1.9459999999999997 1.8860000000000001 10.251000000000001 14.857 20.198 3.9640000000000004 1.0004
1.8920000000000001 1.874 1.9820000000000002 15.248999999999999 19.659 9.81 4.0600000000000005 1.0030000000000001
1.808 1.814 1.874 15.739 19.806 10.006 3.8720000000000003 0.9946
1.868 1.862 1.8980000000000001 9.859 15.788 19.806 3.9640000000000004 1.0034
2.0060000000000002 2.018 1.9459999999999997 15.935 19.414 10.055 4.004 1.0022
1.8920000000000001 1.9100000000000001 2.1020000000000003 15.248999999999999 19.61 9.663 4.296 1.019
1.8860000000000001 1.862 1.928 15.641 19.855 9.859 3.992 1.0048
1.952 1.9340000000000002 1.9100000000000001 15.543 20.002000000000002 9.712 4.02 1.0052
1.988 1.9580000000000002 2.066 14.808 19.659 9.761 4.232 1.0158
1.916 1.8860000000000001 2.0060000000000002 15.641 19.708000000000002 9.908 4.0760000000000005 1.0128
1.94 1.9820000000000002 1.8980000000000001 9.761 15.886 19.61 3.9399999999999995 1.0006
1.8860000000000001 1.856 1.9459999999999997 15.004 20.1 9.761 4.072 1.0082
1.862 1.832 1.9459999999999997 15.2 19.757 9.957 4.184 1.0170000000000001
1.856 1.838 1.9580000000000002 15.494 19.904 9.614 4.064 1.0096
1.94 1.9219999999999997 1.94 9.712 15.788 19.512 3.952 0.995
2.012 2.036 1.928 15.69 19.953000000000003 9.565 4.104 1.009
1.8860000000000001 1.85 1.802 10.006 15.543 19.806 3.9719999999999995 1.0006
1.772 1.814 1.856 9.81 15.837 19.512 4.1080000000000005 1.0078
1.874 1.874 2.042 16.033 19.463 9.761 4.136 1.0158
1.826 1.808 1.9939999999999998 14.955 20.149 9.614 4.112 1.0064
1.9459999999999997 1.928 2.072 15.004 19.708000000000002 9.712 4.136 1.0092
1.9699999999999998 1.9580000000000002 1.874 15.543 19.708000000000002 10.104000000000001 4.02 1.0038
2.0060000000000002 2.0 2.09 15.395999999999999 19.904 9.663 4.0120000000000005 1.0042
1.8920000000000001 1.8920000000000001 1.9820000000000002 15.445 19.806 9.614 4.0760000000000005 1.0072
2.012 2.012 1.82 9.957 15.543 19.463 4.0120000000000005 1.0050000000000001
1.9699999999999998 1.9699999999999998 2.09 15.248999999999999 19.806 9.761 4.128 1.008
2.0060000000000002 2.0780000000000003 1.94 15.298 19.904 9.81 4.032 1.0038
2.0060000000000002 2.084 2.114 9.908 15.984 20.296000000000003 3.8320000000000003 0.9944
1.952 1.9040000000000001 2.114 14.905999999999999 19.806 9.908 4.004 1.0024
2.048 1.9939999999999998 2.1260000000000003 15.837 19.512 10.006 4.128 1.0164
1.916 1.8920000000000001 1.9340000000000002 15.395999999999999 20.198 9.957 4.0 1.0084
1.826 1.832 2.018 15.641 19.61 9.81 4.144 1.0148
1.8920000000000001 1.8980000000000001 1.976 9.663 15.837 19.953000000000003 3.8920000000000003 0.9958
1.874 2.0060000000000002 1.928 9.908 15.248999999999999 19.953000000000003 4.036 1.006
2.048 2.0060000000000002 2.018 9.859 15.395999999999999 20.247000000000003 4.0 1.0058
1.94 1.988 2.114 15.2 19.708000000000002 9.859 4.144 1.0122
1.9100000000000001 1.874 1.916 14.955 19.708000000000002 9.957 4.292 1.0212
1.976 1.9580000000000002 1.964 10.055 15.298 19.365 4.132 1.011
1.8860000000000001 1.874 1.85 9.761 15.837 19.904 3.9719999999999995 1.0012
1.832 1.808 1.82 10.006 15.788 20.1 3.9480000000000004 1.007
1.9340000000000002 1.916 2.012 15.248999999999999 19.708000000000002 9.908 4.112 1.01
1.862 1.8860000000000001 1.862 15.739 20.198 9.663 4.056 1.0088
1.868 1.844 2.0060000000000002 14.955 19.806 9.614 4.148 1.0106
1.8860000000000001 1.85 1.8980000000000001 15.004 20.002000000000002 10.104000000000001 4.068 1.0078
1.9100000000000001 1.8980000000000001 1.8860000000000001 9.614 15.739 19.757 3.992 1.0016
1.832 1.82 1.868 15.543 19.414 9.565 4.136 1.0096
2.072 2.186 1.952 15.641 19.708000000000002 9.761 3.9280000000000004 0.9994000000000001
1.862 1.874 2.096 15.592 19.855 9.957 4.188 1.0194
1.9219999999999997 1.8860000000000001 1.916 15.101999999999999 19.708000000000002 10.055 4.096 1.0078
1.9580000000000002 1.94 2.0060000000000002 9.712 15.984 19.757 3.9719999999999995 1.0010000000000001
1.814 1.814 1.94 15.739 19.512 9.761 4.0600000000000005 1.007
2.0540000000000003 2.096 1.9699999999999998 15.69 20.002000000000002 10.006 3.9640000000000004 1.0046
1.94 1.916 2.024 9.614 15.886 19.561 4.08 1.0068
2.018 2.024 2.09 15.543 19.855 9.859 4.08 1.0062
1.9820000000000002 1.976 1.868 15.69 19.561 9.712 4.1080000000000005 1.0082
2.024 2.0780000000000003 2.048 15.788 19.512 9.908 4.116 1.0122
1.916 1.8800000000000001 1.826 9.565 15.494 20.149 3.984 1.0
1.868 1.862 1.862 15.543 19.708000000000002 9.614 4.18 1.0136
1.85 1.85 1.964 15.69 19.708000000000002 9.761 4.128 1.0122
1.856 1.832 1.9219999999999997 15.298 19.659 9.908 4.0440000000000005 1.0042
1.9459999999999997 1.9219999999999997 2.048 15.151 20.247000000000003 10.055 3.9879999999999995 1.0054
2.0060000000000002 1.988 1.9820000000000002 15.69 19.806 9.712 3.968 0.996
1.976 1.952 1.976 9.565 15.592 20.002000000000002 4.02 1.0032
1.9040000000000001 1.8860000000000001 1.9459999999999997 15.445 19.855 9.761 4.176 1.0182
1.988 1.976 2.06 15.543 20.198 9.761 4.024 1.0072
2.018 2.21 1.964 9.81 15.641 19.757 3.9360000000000004 1.0014
2.036 2.012 2.06 15.592 20.149 9.761 4.052 1.0052
1.928 1.8980000000000001 1.9040000000000001 9.467 15.592 20.247000000000003 4.088 1.0098
2.072 2.18 1.856 15.69 19.659 10.055 4.0760000000000005 1.0136
2.066 1.9939999999999998 1.976 9.761 15.248999999999999 19.61 4.024 1.0016
1.9820000000000002 1.9699999999999998 2.096 15.543 19.365 10.104000000000001 4.064 1.0066
2.036 2.024 2.042 15.101999999999999 20.002000000000002 9.81 3.9800000000000004 1.0032
1.862 1.9580000000000002 1.8800000000000001 20.002000000000002 9.81 16.375999999999998 3.8440000000000003 0.9969999999999999
1.964 1.9459999999999997 1.8860000000000001 9.663 15.298 19.512 4.084 1.0022
1.9820000000000002 1.976 2.024 14.955 19.953000000000003 9.81 4.0280000000000005 1.002
2.0060000000000002 2.0 2.1020000000000003 15.445 19.855 9.663 4.024 1.0038
1.85 1.844 1.808 10.006 15.984 19.512 3.9800000000000004 1.0046
2.0540000000000003 2.0 2.108 15.494 19.316 9.761 4.18 1.0156
1.94 1.9219999999999997 1.9100000000000001 15.984 19.512 9.712 3.9280000000000004 1.0002
1.796 1.82 1.862 15.935 20.051000000000002 9.81 3.9960000000000004 1.0094
1.964 1.988 1.874 9.81 15.543 20.051000000000002 4.02 1.0056
1.8860000000000001 1.8860000000000001 2.042 15.395999999999999 20.002000000000002 9.565 4.104 1.0094
1.952 1.928 2.066 15.298 19.806 10.104000000000001 4.1240000000000006 1.0112
2.0780000000000003 1.9699999999999998 2.108 15.494 19.463 9.859 4.22 1.0186
2.012 2.036 1.9580000000000002 15.445 19.463 9.859 4.048 1.0034
2.0540000000000003 2.0 2.1020000000000003 15.347 19.806 9.908 4.008 1.0004
1.8800000000000001 1.868 1.8800000000000001 15.347 19.855 9.761 4.0440000000000005 1.0052
1.9100000000000001 1.8800000000000001 2.018 15.739 19.806 9.761 4.048 1.0102
1.952 1.928 1.976 9.908 15.739 19.806 3.9399999999999995 1.002
1.868 1.988 1.952 9.859 16.131 19.708000000000002 3.984 1.0072
2.0780000000000003 2.072 2.084 14.709999999999999 20.198 9.761 4.064 1.0024
1.8860000000000001 1.868 1.9100000000000001 15.395999999999999 19.806 9.761 4.004 1.0012
1.9699999999999998 1.9580000000000002 1.988 9.663 15.592 20.002000000000002 4.096 1.01
2.018 2.1020000000000003 2.2039999999999997 15.592 19.659 10.006 4.132 1.018
1.826 1.814 1.856 9.761 15.592 19.708000000000002 4.0120000000000005 1.0044
1.838 1.832 1.85 10.006 15.69 19.904 3.9240000000000004 1.0002
2.06 1.988 2.018 10.055 15.69 20.247000000000003 3.9120000000000004 1.0
1.928 1.9100000000000001 2.036 15.2 19.757 9.81 4.0920000000000005 1.0076
1.976 1.9580000000000002 1.988 15.592 20.002000000000002 9.957 4.064 1.011
2.072 1.976 2.048 15.2 19.365 10.006 4.152 1.0114
1.808 1.82 1.964 15.641 19.904 9.957 3.9280000000000004 0.9962
1.9040000000000001 1.8860000000000001 1.814 9.957 15.445 19.512 4.008 1.0022
1.8920000000000001 1.874 1.8800000000000001 15.739 19.61 9.908 4.0120000000000005 1.0032
1.9699999999999998 1.952 1.874 15.298 20.345 10.006 4.0280000000000005 1.008
2.066 2.0540000000000003 1.862 9.859 15.837 19.757 4.024 1.0064
1.8860000000000001 1.8920000000000001 2.042 15.69 19.757 9.712 4.204 1.0166
1.9100000000000001 1.8980000000000001 1.964 9.957 15.298 19.414 4.12 1.0086
1.9820000000000002 1.964 2.048 15.052999999999999 19.512 9.614 4.116 1.0072
2.0 2.018 1.9459999999999997 14.857 20.394000000000002 9.565 3.9879999999999995 0.9978
1.9820000000000002 1.964 2.156 15.2 19.904 9.908 4.12 1.0118
1.868 1.8860000000000001 2.042 15.69 19.561 9.663 4.104 1.0082
1.802 1.778 1.814 9.761 15.298 20.198 4.132 1.016
2.0060000000000002 2.018 1.838 15.347 19.806 9.712 3.976 1.0026
1.9699999999999998 1.952 2.048 15.69 19.806 10.006 4.032 1.0096
1.916 1.9340000000000002 1.9699999999999998 9.614 15.592 19.757 4.136 1.0098
1.868 1.838 1.928 15.641 20.247000000000003 9.908 4.064 1.0136
2.0780000000000003 2.12 2.0780000000000003 15.837 19.708000000000002 9.908 3.9320000000000004 0.9987999999999999
1.964 1.9219999999999997 2.06 14.709999999999999 20.198 9.712 4.116 1.0106
1.838 1.796 1.814 9.663 15.984 19.953000000000003 3.9559999999999995 0.9992000000000001
1.8860000000000001 1.8980000000000001 1.9040000000000001 9.712 16.229 19.561 3.8760000000000003 0.996
1.928 1.9100000000000001 1.952 9.81 15.69 19.953000000000003 4.0 1.006
1.9820000000000002 1.964 2.1020000000000003 15.641 19.757 9.663 3.9320000000000004 0.9978
1.9580000000000002 1.94 1.988 15.248999999999999 19.806 9.859 4.128 1.0130000000000001
1.844 1.826 1.916 15.788 19.267 9.761 4.0600000000000005 1.0082
2.036 2.0 2.0780000000000003 15.395999999999999 19.561 10.006 4.1 1.0114
2.012 2.024 1.976 15.543 19.365 9.565 4.032 1.0068
1.964 1.94 1.9459999999999997 9.516 15.788 20.002000000000002 4.008 1.0056
1.874 1.874 2.1020000000000003 15.151 19.953000000000003 10.104000000000001 4.112 1.0096
2.012 2.012 2.0540000000000003 15.592 19.022 9.81 4.156 1.0082
1.9040000000000001 1.8860000000000001 1.928 15.2 19.757 9.663 4.0440000000000005 1.0034
2.024 2.012 2.072 15.445 19.218 9.81 4.164 1.0082
2.0060000000000002 2.0060000000000002 1.9340000000000002 15.69 19.169 9.957 4.0 0.9956
2.06 2.138 1.928 15.543 19.512 9.859 4.1 1.0094
1.952 1.9459999999999997 2.0780000000000003 15.298 19.953000000000003 9.761 4.136 1.0088
2.066 1.976 1.9580000000000002 9.859 15.298 20.394000000000002 3.96 1.0016
1.9459999999999997 1.928 2.096 15.004 20.1 9.761 4.224 1.0192
1.916 1.9040000000000001 2.024 15.837 18.875 9.908 4.024 1.0004
1.8860000000000001 1.8920000000000001 2.0540000000000003 15.592 19.463 9.565 4.064 1.0050000000000001
2.0060000000000002 2.156 1.94 19.904 9.859 16.327 4.004 1.012
1.8800000000000001 2.048 2.114 15.641 19.708000000000002 9.761 4.132 1.0108
2.042 2.0 1.9820000000000002 15.641 19.561 9.859 4.036 1.0086
1.802 1.802 1.8800000000000001 15.445 19.414 9.81 4.18 1.0152
1.9219999999999997 1.9040000000000001 2.132 15.739 19.561 9.859 4.0600000000000005 1.0096
2.018 2.048 2.132 9.614 16.18 19.855 3.8680000000000003 0.9964
1.988 1.9580000000000002 2.0780000000000003 15.052999999999999 19.806 9.908 4.084 1.0046
1.988 1.9820000000000002 1.9040000000000001 15.69 20.002000000000002 9.761 4.02 1.0086
1.9100000000000001 1.8800000000000001 1.9219999999999997 15.592 20.051000000000002 9.859 4.0600000000000005 1.0138
1.9459999999999997 1.928 1.964 9.81 14.857 19.708000000000002 4.02 0.9996
1.964 1.9219999999999997 2.036 14.808 19.806 9.859 4.14 1.0124
1.82 1.778 1.784 10.202 15.543 19.953000000000003 4.016 1.0066
1.874 1.856 1.8920000000000001 16.082 19.708000000000002 9.957 3.9399999999999995 1.0030000000000001
1.964 1.964 1.9820000000000002 9.712 15.886 19.512 4.08 1.0066
1.826 1.82 1.838 19.757 9.712 15.788 3.9280000000000004 0.9998
2.012 2.0060000000000002 2.048 15.494 19.757 9.712 4.132 1.0136
1.9459999999999997 1.928 1.8860000000000001 9.712 15.445 19.708000000000002 4.064 1.0054
2.036 2.048 2.09 15.298 19.806 9.565 4.132 1.01
1.964 1.9459999999999997 2.024 15.004 19.806 9.712 4.184 1.0150000000000001
1.9100000000000001 1.8800000000000001 1.874 9.761 15.2 19.904 4.1080000000000005 1.009
1.8860000000000001 1.868 1.976 15.2 19.316 9.565 4.26 1.0194
1.952 1.964 1.8800000000000001 15.69 20.1 10.055 3.9040000000000004 0.9996
1.9939999999999998 2.1020000000000003 1.874 10.104000000000001 15.101999999999999 19.512 4.1080000000000005 1.0084
1.802 1.772 1.796 10.055 15.347 19.267 4.148 1.0138
1.9340000000000002 1.916 1.8980000000000001 14.905999999999999 19.61 9.712 4.24 1.0152
2.0780000000000003 1.856 1.862 9.908 15.248999999999999 19.463 3.9559999999999995 0.9956
1.8800000000000001 1.862 1.952 15.788 19.904 9.908 3.8600000000000003 0.9968
1.856 1.832 1.856 9.81 15.298 19.708000000000002 4.132 1.0104
1.82 1.802 1.9699999999999998 15.641 19.757 9.957 4.112 1.0154
2.096 2.0780000000000003 2.1260000000000003 14.905999999999999 20.051000000000002 10.055 4.128 1.0142
2.018 1.964 1.9340000000000002 9.957 15.347 19.512 4.016 1.0046
1.916 1.8920000000000001 1.9340000000000002 15.347 19.806 9.859 3.9399999999999995 0.9976
1.9939999999999998 1.9820000000000002 2.018 15.298 19.561 9.859 4.064 1.0054
1.844 1.826 1.9340000000000002 16.18 19.659 9.761 3.9000000000000004 0.9982
1.856 1.832 1.868 15.935 19.365 9.761 4.04 1.0088
1.9100000000000001 1.874 1.796 9.908 15.543 19.267 3.9960000000000004 1.0016
1.94 1.9219999999999997 2.0060000000000002 15.395999999999999 19.512 10.055 4.024 1.0036
1.916 1.8920000000000001 1.8920000000000001 9.712 15.739 19.904 3.9480000000000004 0.9992000000000001
1.868 1.85 1.952 15.494 19.218 9.712 4.172 1.0138
2.018 2.036 1.814 9.859 15.543 20.149 3.9280000000000004 0.9994000000000001
2.066 2.018 2.024 9.516 15.592 19.708000000000002 3.9480000000000004 0.9987999999999999
1.79 1.82 2.042 9.565 15.739 20.051000000000002 4.016 1.0044
1.9459999999999997 1.9219999999999997 2.1500000000000004 15.052999999999999 19.806 9.712 4.144 1.0086
2.018 2.0300000000000002 1.9820000000000002 15.641 20.051000000000002 9.957 3.9040000000000004 0.9944
1.976 1.9580000000000002 2.06 15.395999999999999 19.904 9.663 3.9960000000000004 1.0024
1.9820000000000002 1.9699999999999998 1.9459999999999997 15.101999999999999 19.414 9.663 4.188 1.0116
1.964 1.94 2.0060000000000002 15.445 19.953000000000003 9.614 4.088 1.0126
1.862 1.856 1.8980000000000001 15.788 19.61 9.761 3.9480000000000004 0.9994000000000001
1.844 1.832 2.0 15.2 19.757 10.006 4.04 1.0066
1.8920000000000001 1.8800000000000001 2.114 15.543 19.561 9.859 4.052 1.0066
1.874 1.8860000000000001 1.9040000000000001 9.565 15.984 19.169 4.056 1.0044
1.8800000000000001 1.9040000000000001 2.06 15.592 19.855 9.565 4.232 1.0178
1.856 1.832 1.916 15.69 19.904 9.908 4.0 1.0062
1.808 1.826 1.85 15.984 20.051000000000002 9.81 4.016 1.0122
2.024 2.0 1.9820000000000002 15.347 19.365 9.761 4.052 1.0046
1.9820000000000002 1.9699999999999998 2.084 15.641 19.561 9.957 4.024 1.0048
2.0 1.9939999999999998 1.988 19.855 9.859 15.445 3.9360000000000004 0.9968
1.796 1.79 1.9219999999999997 15.739 19.953000000000003 9.663 4.1240000000000006 1.0092
2.066 2.1260000000000003 1.8920000000000001 9.957 15.788 19.953000000000003 4.052 1.0104
1.9580000000000002 1.9340000000000002 2.024 15.248999999999999 19.904 10.006 4.18 1.016
1.9459999999999997 1.916 1.85 9.712 15.984 19.659 4.016 1.0084
1.868 1.862 1.8920000000000001 9.516 16.033 19.806 3.968 1.0018
1.874 1.868 1.8860000000000001 9.663 16.131 19.561 4.048 1.0092
1.856 1.85 1.8980000000000001 15.445 19.414 9.467 4.084 1.0054
1.988 1.988 1.976 9.712 15.494 20.296000000000003 4.072 1.0082
2.0060000000000002 2.0780000000000003 1.8860000000000001 15.395999999999999 19.61 10.006 4.1240000000000006 1.0118
1.9820000000000002 1.9699999999999998 1.9939999999999998 15.641 19.512 9.957 3.96 1.0016
1.814 1.808 2.12 15.445 19.904 9.712 4.072 1.0050000000000001
1.9219999999999997 1.9459999999999997 1.94 9.859 15.248999999999999 20.002000000000002 3.9719999999999995 1.0006
1.8800000000000001 1.8860000000000001 2.1260000000000003 15.004 19.757 9.712 4.188 1.0166
1.9219999999999997 1.8980000000000001 1.976 15.445 19.512 10.006 4.116 1.0112
1.94 1.916 2.1500000000000004 15.052999999999999 19.708000000000002 9.908 4.212 1.0150000000000001
1.874 1.868 1.808 9.957 15.739 19.806 4.024 1.0086
1.988 1.9699999999999998 2.0300000000000002 15.494 19.61 9.81 4.036 1.0046
2.042 2.024 2.1020000000000003 15.101999999999999 19.953000000000003 9.663 4.036 1.0024
1.8980000000000001 1.8860000000000001 1.8860000000000001 9.614 15.886 19.904 4.104 1.0114
1.802 1.802 1.8860000000000001 15.69 19.757 9.761 3.9879999999999995 1.0050000000000001
1.952 1.9699999999999998 1.862 15.395999999999999 19.904 9.663 3.8800000000000003 0.9926
1.9040000000000001 1.9100000000000001 1.9100000000000001 9.614 15.641 19.757 4.04 1.008
1.9699999999999998 1.964 1.9100000000000001 16.033 19.904 9.761 3.9480000000000004 0.9989999999999999
1.796 1.796 1.9100000000000001 16.033 20.1 9.81 3.8840000000000003 0.9978
2.0060000000000002 2.06 2.066 10.153 15.248999999999999 19.365 4.04 1.0048
1.778 1.82 1.928 15.052999999999999 20.296000000000003 9.81 4.128 1.0130000000000001
1.988 1.9939999999999998 1.928 15.543 19.463 9.663 4.096 1.0098
2.096 1.9459999999999997 2.132 15.151 19.316 9.712 4.136 1.0072
2.048 2.018 2.09 15.347 19.806 9.859 4.104 1.0098
1.952 1.9340000000000002 2.036 15.494 20.1 9.859 3.9640000000000004 1.0026
2.0540000000000003 1.988 2.042 15.395999999999999 19.659 9.81 4.0440000000000005 1.0074
1.952 1.928 1.8980000000000001 9.516 15.984 20.149 3.9360000000000004 1.0036
2.06 1.874 1.874 9.908 15.543 19.708000000000002 4.04 1.0062
1.784 1.802 1.94 15.151 19.757 9.957 4.18 1.0158
2.018 2.042 2.0780000000000003 15.641 19.659 9.712 4.08 1.0064
1.862 1.8800000000000001 1.862 10.006 15.445 19.512 3.9719999999999995 1.0026
2.012 2.024 1.976 15.739 19.512 10.055 4.0920000000000005 1.0118
1.8980000000000001 1.8920000000000001 2.0540000000000003 15.248999999999999 19.708000000000002 9.859 3.968 0.9998
1.9820000000000002 1.988 1.9459999999999997 15.984 19.414 9.81 3.952 1.0
2.072 2.168 1.814 9.908 15.739 19.806 3.9360000000000004 1.0030000000000001
1.964 1.94 2.0 15.347 19.757 9.81 4.008 1.0036
1.952 1.9340000000000002 2.12 15.445 19.463 9.761 4.216 1.0128
1.8800000000000001 1.856 1.9580000000000002 15.248999999999999 20.247000000000003 9.859 3.9320000000000004 0.9996
1.8920000000000001 1.8800000000000001 2.072 15.494 20.002000000000002 10.055 4.096 1.0150000000000001
1.82 1.814 1.9699999999999998 15.298 19.561 10.006 4.148 1.009
1.844 1.826 1.952 15.788 19.757 9.712 3.9240000000000004 1.0
1.9040000000000001 1.8980000000000001 1.8980000000000001 16.033 19.61 9.957 3.952 1.0022
1.976 1.964 1.988 15.837 19.806 9.908 4.016 1.009
2.024 2.012 2.12 15.248999999999999 19.757 9.957 4.132 1.0162
1.9100000000000001 1.9040000000000001 1.8920000000000001 15.543 20.247000000000003 9.81 4.0120000000000005 1.0064
1.868 1.862 1.9459999999999997 15.592 19.414 9.663 4.116 1.0102
1.9459999999999997 1.928 1.814 10.055 15.445 19.953000000000003 3.992 1.0062
1.9459999999999997 1.964 1.868 15.739 19.855 9.761 3.8760000000000003 0.9958
1.9100000000000001 1.8860000000000001 1.9459999999999997 15.151 19.806 9.859 4.148 1.014
1.952 1.928 1.874 9.859 15.739 20.247000000000003 3.96 1.0038
1.928 1.9100000000000001 1.976 15.543 19.855 10.055 4.004 1.004
1.874 1.844 1.9459999999999997 15.004 19.953000000000003 9.908 4.128 1.0104
1.874 1.856 1.9939999999999998 15.69 19.806 10.104000000000001 4.116 1.0150000000000001
1.9939999999999998 1.9820000000000002 2.042 15.494 19.953000000000003 9.565 4.0440000000000005 1.008
2.042 2.024 2.036 15.151 19.561 10.006 4.024 1.0014
1.862 1.838 1.874 15.886 19.953000000000003 9.859 3.8800000000000003 1.0008
1.814 1.814 1.952 15.739 19.365 9.957 4.008 1.0046
1.928 1.9100000000000001 2.09 9.614 15.739 19.365 4.096 1.0066
1.9040000000000001 1.8860000000000001 1.988 15.347 19.463 9.859 4.12 1.0072
2.0060000000000002 2.0 2.096 15.2 19.806 9.565 4.0600000000000005 1.0050000000000001
1.9219999999999997 1.9040000000000001 1.874 15.101999999999999 19.365 9.908 4.036 1.0022
1.874 1.838 1.832 9.565 15.886 19.953000000000003 4.0 1.0062
2.0 1.9939999999999998 2.096 15.592 19.659 9.81 4.0120000000000005 1.0038
1.9459999999999997 1.928 2.114 15.347 19.463 9.859 4.248 1.0164
1.868 1.862 1.874 9.663 15.739 20.002000000000002 3.9640000000000004 1.0032
1.8800000000000001 1.856 2.0 15.739 19.855 9.957 4.192 1.0212
1.856 1.814 1.814 9.663 15.837 20.149 3.9080000000000004 1.0004
2.072 1.9699999999999998 2.1260000000000003 15.347 19.757 9.467 4.14 1.0154
1.808 1.832 2.048 15.543 19.561 9.516 4.1240000000000006 1.0102
1.9459999999999997 1.928 2.066 15.641 19.708000000000002 9.957 4.056 1.0096
1.862 1.838 1.82 9.614 15.395999999999999 19.218 4.0920000000000005 1.0066
1.9939999999999998 1.976 2.0 15.2 19.316 9.81 4.144 1.016
1.85 1.844 1.808 9.81 15.445 18.973000000000003 4.128 1.011
1.814 1.808 1.856 15.494 19.904 10.006 4.0760000000000005 1.0104
1.976 1.988 1.988 9.761 15.395999999999999 20.1 4.0760000000000005 1.0116
1.838 1.814 1.8860000000000001 9.663 16.425 20.198 3.8800000000000003 1.0
1.82 1.814 1.8920000000000001 9.859 15.494 19.708000000000002 4.036 1.008
1.82 1.808 1.9820000000000002 15.298 20.002000000000002 9.761 4.116 1.0078
1.862 1.874 2.084 15.445 19.414 10.055 4.16 1.0142
2.066 2.1500000000000004 2.012 15.248999999999999 20.198 10.055 4.128 1.0126
1.8800000000000001 1.862 1.784 10.055 15.984 19.463 4.02 1.008
1.916 1.8980000000000001 2.06 15.543 20.198 9.81 3.8600000000000003 0.9954000000000001
1.9939999999999998 1.964 2.0300000000000002 15.837 19.708000000000002 9.957 4.024 1.0112
1.826 1.82 1.82 9.859 15.347 19.463 4.14 1.0104
2.066 2.048 2.132 9.859 15.004 19.757 3.984 0.9996
1.9459999999999997 1.94 2.072 15.592 19.659 9.516 4.056 1.0082
1.8860000000000001 1.8800000000000001 1.862 9.908 15.494 19.708000000000002 4.084 1.011
2.0780000000000003 1.9580000000000002 2.0060000000000002 9.859 15.592 19.806 3.968 1.0032
1.832 1.814 1.832 9.908 16.131 19.708000000000002 4.004 1.0082
1.802 1.784 1.868 9.908 15.69 19.512 3.968 1.0016
1.9459999999999997 1.928 1.928 10.104000000000001 15.494 19.414 4.056 1.0078
2.0060000000000002 2.036 1.832 15.935 19.61 9.81 3.9120000000000004 0.9992000000000001
1.9100000000000001 1.8920000000000001 2.036 15.101999999999999 20.051000000000002 9.761 4.1240000000000006 1.0102
1.832 1.79 1.9459999999999997 14.857 20.051000000000002 10.006 4.008 1.0032
1.802 1.79 1.8920000000000001 15.298 19.316 9.565 4.196 1.0136
1.808 1.82 1.8860000000000001 9.957 15.347 19.806 4.088 1.0112
1.868 1.928 1.952 9.712 15.494 19.953000000000003 3.9640000000000004 0.9996
2.012 2.18 2.132 9.81 15.788 19.218 4.024 1.0016
2.066 1.976 1.9699999999999998 9.81 15.739 19.757 4.052 1.0066
2.0540000000000003 2.024 2.09 15.2 20.002000000000002 9.908 4.156 1.0138
1.808 1.784 1.802 9.712 15.788 19.806 4.048 1.0104
1.9939999999999998 2.0 1.9040000000000001 15.347 19.267 9.908 4.264 1.0158
1.976 1.9699999999999998 1.9219999999999997 15.395999999999999 20.149 10.055 4.016 1.008
2.072 1.9699999999999998 2.036 15.2 20.1 10.055 4.12 1.0134
2.0540000000000003 1.9040000000000001 2.072 15.641 19.659 10.006 3.96 0.9994000000000001
1.82 1.778 1.82 9.712 15.395999999999999 19.708000000000002 4.104 1.0068
2.0060000000000002 2.0060000000000002 2.168 15.004 19.512 9.81 4.216 1.0152
2.0060000000000002 2.168 2.096 15.739 19.218 9.81 4.068 1.0052
1.862 1.826 1.9040000000000001 15.788 19.708000000000002 9.908 4.02 1.0098
1.8800000000000001 1.856 1.826 9.859 15.984 19.659 4.008 1.0050000000000001
1.9820000000000002 1.964 2.036 15.2 19.757 9.908 4.02 1.0006
1.9100000000000001 1.8920000000000001 2.042 15.248999999999999 19.61 9.859 3.9719999999999995 0.9974
2.096 2.0780000000000003 1.94 9.81 15.395999999999999 19.070999999999998 4.0760000000000005 1.0050000000000001
1.868 1.85 2.042 15.101999999999999 19.806 9.908 4.172 1.0148
2.096 2.3480000000000003 2.0780000000000003 15.395999999999999 19.708000000000002 9.957 3.9879999999999995 1.0048
1.9340000000000002 1.916 1.916 15.641 19.757 9.663 3.944 0.996
1.952 1.9340000000000002 2.036 15.004 19.855 9.712 4.144 1.0128
2.072 1.976 2.1500000000000004 15.248999999999999 19.757 9.663 4.0440000000000005 1.0046
1.964 1.9580000000000002 1.832 9.957 15.886 19.463 4.0120000000000005 1.0068
1.868 1.862 2.012 15.347 19.463 9.663 4.164 1.0102
1.916 1.8860000000000001 1.9580000000000002 15.2 19.953000000000003 9.712 3.9640000000000004 0.9962
2.066 2.09 2.108 15.445 19.757 9.908 4.04 1.0042
1.9340000000000002 1.9100000000000001 1.862 15.052999999999999 19.904 9.957 4.0280000000000005 1.0032
1.8920000000000001 1.8800000000000001 1.964 16.131 19.61 9.761 3.9399999999999995 1.002
1.748 1.808 1.862 9.859 15.739 19.708000000000002 4.0280000000000005 1.0068
1.8980000000000001 1.8860000000000001 2.0300000000000002 15.151 19.708000000000002 9.859 4.08 1.0042
2.012 2.0060000000000002 2.096 15.101999999999999 19.708000000000002 9.81 4.148 1.0076
1.832 1.856 2.0780000000000003 15.395999999999999 19.365 9.761 4.164 1.0108
1.862 1.856 1.952 15.641 19.316 9.712 4.156 1.0082
1.874 1.844 1.9340000000000002 9.565 15.445 20.149 3.9559999999999995 0.9958
1.9699999999999998 1.9699999999999998 2.0540000000000003 15.592 19.61 9.712 4.1240000000000006 1.0086
2.018 2.036 1.964 15.69 20.051000000000002 10.006 4.1240000000000006 1.0170000000000001
1.826 1.82 1.8860000000000001 15.298 19.708000000000002 9.859 4.0920000000000005 1.0098
1.868 1.928 2.114 15.641 19.757 9.614 4.16 1.0144
1.8980000000000001 1.874 1.952 15.298 19.757 9.565 4.1240000000000006 1.0112
2.0060000000000002 2.018 1.9100000000000001 15.886 20.1 9.761 3.9200000000000004 1.0012
1.8800000000000001 1.8920000000000001 2.1020000000000003 15.641 19.463 9.957 4.08 1.0088
2.06 2.144 1.976 15.347 19.855 10.006 4.036 1.004
1.928 1.9040000000000001 1.964 15.052999999999999 19.806 9.957 4.184 1.0146
2.06 2.024 2.0 14.709999999999999 19.953000000000003 9.81 4.016 1.0024
1.964 1.9459999999999997 1.9699999999999998 15.052999999999999 19.757 9.81 4.056 1.0042
1.9100000000000001 1.8800000000000001 1.9699999999999998 15.788 19.708000000000002 9.761 4.02 1.0078
1.9939999999999998 2.12 1.862 15.935 20.296000000000003 9.957 3.9120000000000004 1.0032
2.042 2.024 2.042 9.712 15.984 20.002000000000002 4.12 1.0156
1.9820000000000002 1.952 2.072 15.151 19.953000000000003 10.055 4.084 1.0076
1.9699999999999998 1.9580000000000002 2.042 15.837 19.659 9.908 4.072 1.0122
1.844 1.832 2.012 15.543 19.855 9.859 4.056 1.01
1.9340000000000002 1.916 2.1020000000000003 15.592 19.953000000000003 9.908 3.9719999999999995 1.0052
1.8800000000000001 1.8800000000000001 2.018 15.543 19.904 9.761 4.0760000000000005 1.0068
2.036 2.024 2.186 15.69 19.61 10.251000000000001 3.9800000000000004 1.0038
2.066 1.9820000000000002 2.0540000000000003 15.641 19.61 10.006 3.992 1.0038
1.808 1.808 1.8920000000000001 9.467 15.248999999999999 19.365 4.148 1.0064
1.8920000000000001 1.862 1.9040000000000001 15.543 19.659 9.957 4.084 1.0130000000000001
1.814 1.814 1.8920000000000001 15.935 19.806 10.006 4.004 1.0074
2.0540000000000003 2.066 2.036 15.837 19.806 9.418 4.016 1.0058
1.9699999999999998 1.964 1.826 9.908 15.248999999999999 19.904 3.9879999999999995 1.0012
1.8920000000000001 1.874 1.856 15.592 19.61 9.957 4.068 1.0128
1.8920000000000001 1.874 1.964 15.69 20.247000000000003 9.859 3.9399999999999995 1.0006
1.9939999999999998 1.8920000000000001 1.8980000000000001 9.81 15.494 19.757 4.12 1.0082
2.0060000000000002 2.024 1.85 15.347 19.316 9.761 3.9480000000000004 0.9972000000000001
1.9459999999999997 1.928 1.988 9.859 16.18 20.1 3.9160000000000004 1.0030000000000001
1.8920000000000001 1.856 1.9040000000000001 19.708000000000002 10.006 15.592 3.9360000000000004 0.9992000000000001
1.8920000000000001 1.85 1.796 9.859 15.641 19.904 3.9399999999999995 1.0
2.018 2.0300000000000002 1.9100000000000001 15.935 19.806 9.908 4.0120000000000005 1.0078
2.06 2.0 1.976 9.957 15.395999999999999 19.806 4.064 1.0088
1.868 1.9219999999999997 2.114 15.395999999999999 19.561 9.663 4.256 1.016
