0.6000000000000001 0.0172 -1.4031977165953668e-27
0.6000000000000001 0.018000000000000002 -1.8731216236808276e-28
0.6000000000000001 0.0188 1.3272904515673014e-28
0.6000000000000001 0.0196 -1.8607001190701268e-26
0.6000000000000001 0.0204 -4.895006923967172e-22
0.6000000000000001 0.021200000000000004 -7.553020664125097e-19
0.6000000000000001 0.022 -1.0609986314188139e-16
0.6000000000000001 0.0228 -1.5920010594473487e-15
0.6000000000000001 0.0236 2.070318248433876e-28
0.6000000000000001 0.024399999999999998 3.828335650207254e-28
0.6000000000000001 0.025200000000000004 3.568455434078369e-28
0.6000000000000001 0.026000000000000002 2.1219832895547425e-28
0.6000000000000001 0.0268 6.730042368618203e-29
0.6000000000000001 0.027600000000000003 1.1177208593740443e-29
0.6000000000000001 0.0284 -2.97401247047095e-14
0.6000000000000001 0.0292 5.985594083838526e-14
0.6000000000000001 0.030000000000000002 -3.0561993433334397e-30
0.6000000000000001 0.0308 5.781589857465346e-31
0.6000000000000001 0.0316 3.471928072787354e-32
0.6000000000000001 0.032400000000000005 2.1212346194023444e-30
0.6000000000000001 0.0332 -1.7987491407952932e-30
0.6000000000000001 0.034 -1.9839615617039313e-31
0.6000000000000001 0.0348 3.7035999741213686e-30
0.6000000000000001 0.0356 3.7498441639062407e-31
0.6000000000000001 0.0364 -6.001974823493006e-31
0.6000000000000001 0.037200000000000004 -1.1728800917135068e-18
0.6000000000000001 0.038 -4.767241404116105e-18
0.6000000000000001 0.0388 -3.929501477599972e-19
0.6000000000000001 0.039599999999999996 -2.310492889962435e-20
0.6000000000000001 0.040400000000000005 -5.749787909544234e-21
0.6200000000000001 0.0172 4.686656334916687e-27
0.6200000000000001 0.018000000000000002 4.689693203988223e-28
0.6200000000000001 0.0188 -4.225614762510095e-28
0.6200000000000001 0.0196 6.714969891222849e-26
0.6200000000000001 0.0204 1.766389423725166e-21
0.6200000000000001 0.021200000000000004 2.7257085596664053e-18
0.6200000000000001 0.022 3.8295553983812094e-16
0.6200000000000001 0.0228 5.7488816910237436e-15
0.6200000000000001 0.0236 8.824738827825571e-24
0.6200000000000001 0.024399999999999998 2.1331433847139355e-23
0.6200000000000001 0.025200000000000004 2.7566861215888834e-23
0.6200000000000001 0.026000000000000002 1.9751483739271114e-23
0.6200000000000001 0.0268 8.354721889769643e-24
0.6200000000000001 0.027600000000000003 2.4141585000401015e-24
0.6200000000000001 0.0284 3.2568365257898817e-13
0.6200000000000001 0.0292 -7.886033135821534e-15
0.6200000000000001 0.030000000000000002 9.073078494087604e-27
0.6200000000000001 0.0308 8.744209059539643e-28
0.6200000000000001 0.0316 8.289975252593158e-29
0.6200000000000001 0.032400000000000005 -7.258030001077477e-30
0.6200000000000001 0.0332 8.922059201852777e-30
0.6200000000000001 0.034 -3.097381908221318e-30
0.6200000000000001 0.0348 -2.3905455054226582e-29
0.6200000000000001 0.0356 -1.2840598369775369e-30
0.6200000000000001 0.0364 -8.602478345354892e-31
0.6200000000000001 0.037200000000000004 2.304569404581965e-18
0.6200000000000001 0.038 1.1431299827581563e-17
0.6200000000000001 0.0388 9.509686713223094e-19
0.6200000000000001 0.039599999999999996 5.546597334339499e-20
0.6200000000000001 0.040400000000000005 1.3956703936733458e-20
0.64 0.0172 -1.169833048951779e-26
0.64 0.018000000000000002 -1.1829346897971616e-27
0.64 0.0188 1.0563879542003378e-27
0.64 0.0196 -1.6721762430837039e-25
0.64 0.0204 -4.398711106842559e-21
0.64 0.021200000000000004 -6.7876216945119e-18
0.64 0.022 -9.53639648215859e-16
0.64 0.0228 -1.4315710349897915e-14
0.64 0.0236 1.8928521941412853e-19
0.64 0.024399999999999998 5.958935615020495e-19
0.64 0.025200000000000004 9.391458522228102e-19
0.64 0.026000000000000002 8.143586859542176e-19
0.64 0.0268 4.150476540271402e-19
0.64 0.027600000000000003 1.3863710574513646e-19
0.64 0.0284 -7.951008234139973e-13
0.64 0.0292 3.481582325300013e-14
0.64 0.030000000000000002 7.530234965599457e-22
0.64 0.0308 8.201233137973691e-23
0.64 0.0316 7.476993190643984e-24
0.64 0.032400000000000005 5.828334578196338e-25
0.64 0.0332 3.9758879525685747e-26
0.64 0.034 2.473689984602596e-27
0.64 0.0348 1.9112721705537633e-28
0.64 0.0356 9.632838944706453e-30
0.64 0.0364 2.203812395603215e-30
0.64 0.037200000000000004 -5.879506276258137e-18
0.64 0.038 -2.888748340223654e-17
0.64 0.0388 -2.402189836280535e-18
0.64 0.039599999999999996 -1.4015845716133583e-19
0.64 0.040400000000000005 -3.525072038615935e-20
0.6599999999999999 0.0172 -1.2969822254675757e-27
0.6599999999999999 0.018000000000000002 -1.0750214631992381e-28
0.6599999999999999 0.0188 1.1428507378113653e-28
0.6599999999999999 0.0196 -1.8452629679053666e-26
0.6599999999999999 0.0204 -4.846082992635798e-22
0.6599999999999999 0.021200000000000004 -7.43678731133688e-19
0.6599999999999999 0.022 -1.025316662561785e-16
0.6599999999999999 0.0228 -1.4018029932115138e-15
0.6599999999999999 0.0236 2.17683901205558e-15
0.6599999999999999 0.024399999999999998 6.980028945390401e-15
0.6599999999999999 0.025200000000000004 1.12531857302689e-14
0.6599999999999999 0.026000000000000002 1.052271253010765e-14
0.6599999999999999 0.0268 5.909763593732139e-15
0.6599999999999999 0.027600000000000003 2.2116881892674876e-15
0.6599999999999999 0.0284 -1.2262154264480072e-13
0.6599999999999999 0.0292 -2.552168022617038e-14
0.6599999999999999 0.030000000000000002 1.4355324782206928e-17
0.6599999999999999 0.0308 1.6551116020365917e-18
0.6599999999999999 0.0316 1.6107993783567028e-19
0.6599999999999999 0.032400000000000005 1.3586590456273556e-20
0.6599999999999999 0.0332 1.0190072935378898e-21
0.6599999999999999 0.034 6.773044666997828e-23
0.6599999999999999 0.0348 4.161086052581822e-24
0.6599999999999999 0.0356 2.4314567935602972e-25
0.6599999999999999 0.0364 1.2674935460132452e-26
0.6599999999999999 0.037200000000000004 -4.06263767241487e-19
0.6599999999999999 0.038 -2.5239224874926842e-18
0.6599999999999999 0.0388 -2.1172501124787251e-19
0.6599999999999999 0.039599999999999996 -1.2258968315382418e-20
0.6599999999999999 0.040400000000000005 -3.1156968083418643e-21
0.6799999999999999 0.0172 1.4173107051056995e-26
0.6799999999999999 0.018000000000000002 -9.560539155480983e-28
0.6799999999999999 0.0188 5.6975794630540145e-28
0.6799999999999999 0.0196 2.522820670911763e-24
0.6799999999999999 0.0204 6.827320106668102e-20
0.6799999999999999 0.021200000000000004 1.1565467763668486e-16
0.6799999999999999 0.022 2.1205049702543386e-14
0.6799999999999999 0.0228 6.809469327249236e-13
0.6799999999999999 0.0236 6.24461475754939e-12
0.6799999999999999 0.024399999999999998 2.470864595581532e-11
0.6799999999999999 0.025200000000000004 4.740257755784265e-11
0.6799999999999999 0.026000000000000002 4.426309722624195e-11
0.6799999999999999 0.0268 2.3878970444357414e-11
0.6799999999999999 0.027600000000000003 8.688001494844333e-12
0.6799999999999999 0.0284 1.3456395054160192e-12
0.6799999999999999 0.0292 4.1296473303672456e-13
0.6799999999999999 0.030000000000000002 5.949277709412718e-14
0.6799999999999999 0.0308 6.9127171548219815e-15
0.6799999999999999 0.0316 6.903147199322521e-16
0.6799999999999999 0.032400000000000005 5.970215266724186e-17
0.6799999999999999 0.0332 4.623006407791532e-18
0.6799999999999999 0.034 3.2763978047884795e-19
0.6799999999999999 0.0348 2.1714444248625408e-20
0.6799999999999999 0.0356 1.3262882900024046e-21
0.6799999999999999 0.0364 7.759797182290582e-23
0.6799999999999999 0.037200000000000004 -5.544316411315993e-18
0.6799999999999999 0.038 -2.6552883117796612e-17
0.6799999999999999 0.0388 -2.2076002147427578e-18
0.6799999999999999 0.039599999999999996 -1.291405537257174e-19
0.6799999999999999 0.040400000000000005 -3.239902183068071e-20
0.7 0.0172 3.458274969582506e-23
0.7 0.018000000000000002 7.2475644608618455e-25
0.7 0.0188 -1.0702625921011e-24
0.7 0.0196 2.1339700899908345e-21
0.7 0.0204 5.837217993568043e-17
0.7 0.021200000000000004 1.0203876916800327e-13
0.7 0.022 2.0118924492438183e-11
0.7 0.0228 7.303102917036398e-10
0.7 0.0236 7.509500759186967e-9
0.7 0.024399999999999998 2.993026626028611e-8
0.7 0.025200000000000004 5.4095387752904965e-8
0.7 0.026000000000000002 5.084245511363987e-8
0.7 0.0268 2.876212025265661e-8
0.7 0.027600000000000003 9.62704018054907e-9
0.7 0.0284 2.3602886681912976e-9
0.7 0.0292 4.2414457282361197e-10
0.7 0.030000000000000002 5.967796096441285e-11
0.7 0.0308 6.605475738891825e-12
0.7 0.0316 6.604697531856695e-13
0.7 0.032400000000000005 5.531041166955491e-14
0.7 0.0332 4.323658762053221e-15
0.7 0.034 3.0876685364853164e-16
0.7 0.0348 2.075946824919984e-17
0.7 0.0356 1.336360292910755e-18
0.7 0.0364 8.254149678275365e-20
0.7 0.037200000000000004 1.8629887520298876e-15
0.7 0.038 1.3056187777457045e-14
0.7 0.0388 1.0943014857986568e-15
0.7 0.039599999999999996 6.260084469359662e-17
0.7 0.040400000000000005 1.6083712692509795e-17
0.72 0.0172 9.96004104176284e-21
0.72 0.018000000000000002 7.234304711358918e-23
0.72 0.0188 -1.3207180232997295e-22
0.72 0.0196 7.713279407600842e-19
0.72 0.0204 2.12280486388622e-14
0.72 0.021200000000000004 3.7761452167325815e-11
0.72 0.022 7.72064477778515e-9
0.72 0.0228 2.940785552618823e-7
0.72 0.0236 3.0986234689555754e-6
0.72 0.024399999999999998 1.2080977123710538e-5
0.72 0.025200000000000004 2.1059766106583408e-5
0.72 0.026000000000000002 1.884836079331073e-5
0.72 0.0268 9.72984694702895e-6
0.72 0.027600000000000003 3.1809975178122448e-6
0.72 0.0284 7.257994266185651e-7
0.72 0.0292 1.206804765251663e-7
0.72 0.030000000000000002 1.5695145595818042e-8
0.72 0.0308 1.671099764127618e-9
0.72 0.0316 1.5273421035208187e-10
0.72 0.032400000000000005 1.2056664129256693e-11
0.72 0.0332 8.957967845785134e-13
0.72 0.034 6.065198131668051e-14
0.72 0.0348 3.975051376665912e-15
0.72 0.0356 2.485134225723947e-16
0.72 0.0364 1.5269693005166755e-17
0.72 0.037200000000000004 4.124368072766916e-14
0.72 0.038 1.8026897182002216e-13
0.72 0.0388 1.493943751682061e-14
0.72 0.039599999999999996 8.785993140480209e-16
0.72 0.040400000000000005 2.1906680706848432e-16
0.74 0.0172 1.400123982988637e-18
0.74 0.018000000000000002 1.1215995344948523e-20
0.74 0.0188 -1.5473909087121436e-20
0.74 0.0196 1.1739415486193109e-16
0.74 0.0204 3.23117121397784e-12
0.74 0.021200000000000004 5.748765916478036e-9
0.74 0.022 1.174825696649119e-6
0.74 0.0228 4.45249393041609e-5
0.74 0.0236 0.0004608880747668969
0.74 0.024399999999999998 0.0017340521735225646
0.74 0.025200000000000004 0.0028707683397727877
0.74 0.026000000000000002 0.0024050854008180293
0.74 0.0268 0.0011514918201962889
0.74 0.027600000000000003 0.00034594908937242745
0.74 0.0284 7.13696956573011e-5
0.74 0.0292 1.0809710447024851e-5
0.74 0.030000000000000002 1.2789359980642005e-6
0.74 0.0308 1.2520133590375227e-7
0.74 0.0316 1.0486957552382082e-8
0.74 0.032400000000000005 7.718722594350947e-10
0.74 0.0332 5.3049993990518265e-11
0.74 0.034 3.344300198602607e-12
0.74 0.0348 2.0268307459024114e-13
0.74 0.0356 1.1798541454092943e-14
0.74 0.0364 6.805077183775388e-16
0.74 0.037200000000000004 3.751646839232223e-12
0.74 0.038 2.4432936181282174e-11
0.74 0.0388 2.0467328790246196e-12
0.74 0.039599999999999996 1.1769305923639764e-13
0.74 0.040400000000000005 3.0087480071067665e-14
0.76 0.0172 7.199312632821246e-17
0.76 0.018000000000000002 5.960109113991104e-19
0.76 0.0188 -5.873519808628321e-19
0.76 0.0196 6.796711380714261e-15
0.76 0.0204 1.8726727729088394e-10
0.76 0.021200000000000004 3.3410781145389803e-7
0.76 0.022 6.859604645337589e-5
0.76 0.0228 0.0026015372157596754
0.76 0.0236 0.026454056165810803
0.76 0.024399999999999998 0.09501013287025907
0.76 0.025200000000000004 0.14695271851039626
0.76 0.026000000000000002 0.11379780956666502
0.76 0.0268 0.05013957300015963
0.76 0.027600000000000003 0.01398435745016303
0.76 0.0284 0.0026865332286376328
0.76 0.0292 0.0003819860799440488
0.76 0.030000000000000002 4.291585416060047e-5
0.76 0.0308 3.9586347402133506e-6
0.76 0.0316 3.1955224255578803e-7
0.76 0.032400000000000005 2.2996957716962432e-8
0.76 0.0332 1.5184839889682271e-9
0.76 0.034 9.449518612740733e-11
0.76 0.0348 5.659798362537139e-12
0.76 0.0356 3.269918953622198e-13
0.76 0.0364 1.833586460625148e-14
0.76 0.037200000000000004 -6.012443991450276e-13
0.76 0.038 -7.210570427652307e-11
0.76 0.0388 -6.215526281606112e-12
0.76 0.039599999999999996 -3.4787581518327246e-13
0.76 0.040400000000000005 -9.218295205150091e-14
0.7799999999999999 0.0172 1.4979811842581435e-15
0.7799999999999999 0.018000000000000002 1.455460401399472e-17
0.7799999999999999 0.0188 -1.1290175116193696e-17
0.7799999999999999 0.0196 1.7082264981767358e-13
0.7799999999999999 0.0204 4.697185917834697e-9
0.7799999999999999 0.021200000000000004 8.3320617702946e-6
0.7799999999999999 0.022 0.0016885092431970104
0.7799999999999999 0.0228 0.06251654261527322
0.7799999999999999 0.0236 0.6116834121264032
0.7799999999999999 0.024399999999999998 2.0828158692486722
0.7799999999999999 0.025200000000000004 3.0354489078385716
0.7799999999999999 0.026000000000000002 2.2314911152121852
0.7799999999999999 0.0268 0.944922611690283
0.7799999999999999 0.027600000000000003 0.2545796533288525
0.7799999999999999 0.0284 0.048191412054817084
0.7799999999999999 0.0292 0.006872363831252378
0.7799999999999999 0.030000000000000002 0.0007874332652000953
0.7799999999999999 0.0308 7.594890729837095e-5
0.7799999999999999 0.0316 6.476004019036446e-6
0.7799999999999999 0.032400000000000005 5.000553374173067e-7
0.7799999999999999 0.0332 3.5885520791638905e-8
0.7799999999999999 0.034 2.435981702672102e-9
0.7799999999999999 0.0348 1.594343286468027e-10
0.7799999999999999 0.0356 9.964666654582336e-12
0.7799999999999999 0.0364 6.061364501004984e-13
0.7799999999999999 0.037200000000000004 2.4467290529341573e-9
0.7799999999999999 0.038 1.2777081277469091e-8
0.7799999999999999 0.0388 1.0652916321823132e-9
0.7799999999999999 0.039599999999999996 6.203710359099306e-11
0.7799999999999999 0.040400000000000005 1.5646273671591474e-11
0.7999999999999999 0.0172 1.3749540687174327e-14
0.7999999999999999 0.018000000000000002 1.2829383772405135e-16
0.7999999999999999 0.0188 -9.062761130131358e-17
0.7999999999999999 0.0196 1.8396477987328523e-12
0.7999999999999999 0.0204 5.0442626995998306e-8
0.7999999999999999 0.021200000000000004 8.875537414899843e-5
0.7999999999999999 0.022 0.017673225507742123
0.7999999999999999 0.0228 0.6361512919133624
0.7999999999999999 0.0236 6.01950156248038
0.7999999999999999 0.024399999999999998 19.890136556513557
0.7999999999999999 0.025200000000000004 28.43950364152836
0.7999999999999999 0.026000000000000002 20.824768648119672
0.7999999999999999 0.0268 8.920322461002295
0.7999999999999999 0.027600000000000003 2.4976780184732403
0.7999999999999999 0.0284 0.5022015333711765
0.7999999999999999 0.0292 0.07829874710558729
0.7999999999999999 0.030000000000000002 0.010115765793005623
0.7999999999999999 0.0308 0.0011267108868974977
0.7999999999999999 0.0316 0.00011185965343836772
0.7999999999999999 0.032400000000000005 1.0016557196765378e-5
0.7999999999999999 0.0332 8.297245968284026e-7
0.7999999999999999 0.034 6.342966534995633e-8
0.7999999999999999 0.0348 4.548053122431981e-9
0.7999999999999999 0.0356 3.0979369255456304e-10
0.7999999999999999 0.0364 2.022004623486045e-11
0.7999999999999999 0.037200000000000004 -2.0458081581195316e-8
0.7999999999999999 0.038 -1.9989709065637622e-7
0.7999999999999999 0.0388 -1.6845751781752436e-8
0.7999999999999999 0.039599999999999996 -9.515787878139483e-10
0.7999999999999999 0.040400000000000005 -2.4788253888031066e-10
0.8200000000000001 0.0172 6.392077961411538e-14
0.8200000000000001 0.018000000000000002 5.315341093681171e-16
0.8200000000000001 0.0188 -5.214906728396478e-16
0.8200000000000001 0.0196 8.18915018729608e-12
0.8200000000000001 0.0204 2.2449888450747023e-7
0.8200000000000001 0.021200000000000004 0.00039480087048745317
0.8200000000000001 0.022 0.07855025089030854
0.8200000000000001 0.0228 2.8292866365774825
0.8200000000000001 0.0236 26.964305833949574
0.8200000000000001 0.024399999999999998 90.89246310174218
0.8200000000000001 0.025200000000000004 134.7691360362027
0.8200000000000001 0.026000000000000002 104.29751560347611
0.8200000000000001 0.0268 48.36529779524573
0.8200000000000001 0.027600000000000003 15.170261280467058
0.8200000000000001 0.0284 3.555624550546833
0.8200000000000001 0.0292 0.6713945111676813
0.8200000000000001 0.030000000000000002 0.10642454776247691
0.8200000000000001 0.0308 0.014372990825521658
0.8200000000000001 0.0316 0.0016799522435637084
0.8200000000000001 0.032400000000000005 0.0001709806024220686
0.8200000000000001 0.0332 1.5488250722535904e-5
0.8200000000000001 0.034 1.2729063876126669e-6
0.8200000000000001 0.0348 9.624914122791966e-8
0.8200000000000001 0.0356 6.832585846690764e-9
0.8200000000000001 0.0364 4.597669384558934e-10
0.8200000000000001 0.037200000000000004 -1.6218534256354882e-7
0.8200000000000001 0.038 -1.4352730914690288e-6
0.8200000000000001 0.0388 -1.2082273795688348e-7
0.8200000000000001 0.039599999999999996 -6.852603616156827e-9
0.8200000000000001 0.040400000000000005 -1.7776719917457991e-9
0.8400000000000001 0.0172 1.6398436944019513e-13
0.8400000000000001 0.018000000000000002 1.0172180462545e-15
0.8400000000000001 0.0188 -2.3471492988794e-15
0.8400000000000001 0.0196 1.6036639543285543e-11
0.8400000000000001 0.0204 4.408973625231412e-7
0.8400000000000001 0.021200000000000004 0.0007818623219309435
0.8400000000000001 0.022 0.15856261977762437
0.8400000000000001 0.0228 5.918507487368532
0.8400000000000001 0.0236 59.70443825871291
0.8400000000000001 0.024399999999999998 217.74443094408045
0.8400000000000001 0.025200000000000004 356.04490027483644
0.8400000000000001 0.026000000000000002 311.41622695559016
0.8400000000000001 0.0268 169.88564297908746
0.8400000000000001 0.027600000000000003 65.6164675070136
0.8400000000000001 0.0284 19.541899181396072
0.8400000000000001 0.0292 4.6378021887920085
0.8400000000000001 0.030000000000000002 0.8867987303190692
0.8400000000000001 0.0308 0.13847375111205779
0.8400000000000001 0.0316 0.0181817853683596
0.8400000000000001 0.032400000000000005 0.0020570030153226272
0.8400000000000001 0.0332 0.00020474229346452476
0.8400000000000001 0.034 1.8255495945159747e-5
0.8400000000000001 0.0348 1.5072362118230226e-6
0.8400000000000001 0.0356 1.1560394541895207e-7
0.8400000000000001 0.0364 8.340090439621893e-9
0.8400000000000001 0.037200000000000004 -2.2016896834596122e-7
0.8400000000000001 0.038 -2.624137790011484e-6
0.8400000000000001 0.0388 -2.2179220906022428e-7
0.8400000000000001 0.039599999999999996 -1.2469316122399522e-8
0.8400000000000001 0.040400000000000005 -3.2662553641965216e-9
0.8600000000000001 0.0172 2.3594260043493245e-13
0.8600000000000001 0.018000000000000002 -2.302402193046245e-16
0.8600000000000001 0.0188 -7.26515233628427e-15
0.8600000000000001 0.0196 1.4394581601332795e-11
0.8600000000000001 0.0204 3.9886336257378084e-7
0.8600000000000001 0.021200000000000004 0.0007232970803841798
0.8600000000000001 0.022 0.15401518464593453
0.8600000000000001 0.0228 6.249194601576762
0.8600000000000001 0.0236 70.88307604377147
0.8600000000000001 0.024399999999999998 297.9336115399655
0.8600000000000001 0.025200000000000004 574.6636718998508
0.8600000000000001 0.026000000000000002 617.4354499171061
0.8600000000000001 0.0268 432.99712250656324
0.8600000000000001 0.027600000000000003 218.94593862388047
0.8600000000000001 0.0284 82.74789959035046
0.8600000000000001 0.0292 23.72818041181539
0.8600000000000001 0.030000000000000002 5.3023030892001
0.8600000000000001 0.0308 0.9585369716450456
0.8600000000000001 0.0316 0.14478369998915114
0.8600000000000001 0.032400000000000005 0.018818868346044557
0.8600000000000001 0.0332 0.002143904586203817
0.8600000000000001 0.034 0.00021786923403108597
0.8600000000000001 0.0348 2.020375585583166e-5
0.8600000000000001 0.0356 1.7247745194701183e-6
0.8600000000000001 0.0364 1.3825610240847917e-7
0.8600000000000001 0.037200000000000004 -1.2988481324142633e-6
0.8600000000000001 0.038 -1.2323962083427741e-5
0.8600000000000001 0.0388 -1.0360127405420977e-6
0.8600000000000001 0.039599999999999996 -5.837169998661605e-8
0.8600000000000001 0.040400000000000005 -1.5228477504458802e-8
0.8799999999999999 0.0172 2.088158758015747e-13
0.8799999999999999 0.018000000000000002 -4.763890731429122e-15
0.8799999999999999 0.0188 -1.845473987226562e-14
0.8799999999999999 0.0196 7.081165724303323e-12
0.8799999999999999 0.0204 1.9761864566513506e-7
0.8799999999999999 0.021200000000000004 0.0003658865792179626
0.8799999999999999 0.022 0.08177356022921187
0.8799999999999999 0.0228 3.658996016155975
0.8799999999999999 0.0236 48.85979588930992
0.8799999999999999 0.024399999999999998 253.4257744716886
0.8799999999999999 0.025200000000000004 623.398528170062
0.8799999999999999 0.026000000000000002 891.0250808535064
0.8799999999999999 0.0268 840.737353636598
0.8799999999999999 0.027600000000000003 548.87838256688
0.8799999999999999 0.0284 255.57698797106042
0.8799999999999999 0.0292 88.60803879817838
0.8799999999999999 0.030000000000000002 23.772542237614484
0.8799999999999999 0.0308 5.151070001148935
0.8799999999999999 0.0316 0.923198601965585
0.8799999999999999 0.032400000000000005 0.14025607647366672
0.8799999999999999 0.0332 0.018474316148319115
0.8799999999999999 0.034 0.002146964070902161
0.8799999999999999 0.0348 0.00022108076219847056
0.8799999999999999 0.0356 2.0716875989501683e-5
0.8799999999999999 0.0364 1.7664562062217483e-6
0.8799999999999999 0.037200000000000004 -4.263705813672759e-6
0.8799999999999999 0.038 -2.346864052833739e-5
0.8799999999999999 0.0388 -1.958739313731332e-6
0.8799999999999999 0.039599999999999996 -1.1398178987930863e-7
0.8799999999999999 0.040400000000000005 -2.8779851997486198e-8
0.8999999999999999 0.0172 9.537441327704978e-14
0.8999999999999999 0.018000000000000002 -1.5409997995942157e-14
0.8999999999999999 0.0188 -3.375732649115739e-14
0.8999999999999999 0.0196 2.509901187814752e-12
0.8999999999999999 0.0204 6.934873624046076e-8
0.8999999999999999 0.021200000000000004 0.00012552287300060291
0.8999999999999999 0.022 0.027344134679421293
0.8999999999999999 0.0228 1.283264326866538
0.8999999999999999 0.0236 20.823072075467188
0.8999999999999999 0.024399999999999998 142.78579193757895
0.8999999999999999 0.025200000000000004 483.6048839413716
0.8999999999999999 0.026000000000000002 966.8128964179106
0.8999999999999999 0.0268 1221.5143213882006
0.8999999999999999 0.027600000000000003 1015.1114632670527
0.8999999999999999 0.0284 589.632205366628
0.8999999999999999 0.0292 254.41832791120515
0.8999999999999999 0.030000000000000002 84.16982377196234
0.8999999999999999 0.0308 22.04493556816201
0.8999999999999999 0.0316 4.69626955799689
0.8999999999999999 0.032400000000000005 0.833406254154927
0.8999999999999999 0.0332 0.1265534825825735
0.8999999999999999 0.034 0.01670335568910926
0.8999999999999999 0.0348 0.0019398242395783202
0.8999999999999999 0.0356 0.00019949715960661184
0.8999999999999999 0.0364 1.8481003459381004e-5
0.8999999999999999 0.037200000000000004 -1.3608141435295964e-5
0.8999999999999999 0.038 -4.4184608486654356e-5
0.8999999999999999 0.0388 -3.7998014161748234e-6
0.8999999999999999 0.039599999999999996 -2.5228942718082563e-7
0.8999999999999999 0.040400000000000005 -5.7176729851797216e-8
0.9199999999999999 0.0172 1.667712976687694e-14
0.9199999999999999 0.018000000000000002 -3.370587751067929e-14
0.9199999999999999 0.0188 -4.8586539457263586e-14
0.9199999999999999 0.0196 1.0406096470623282e-12
0.9199999999999999 0.0204 2.7692821187624423e-8
0.9199999999999999 0.021200000000000004 4.556872722136336e-5
0.9199999999999999 0.022 0.00807534700326857
0.9199999999999999 0.0228 0.3074882939641319
0.9199999999999999 0.0236 5.72363904951248
0.9199999999999999 0.024399999999999998 56.058916049457004
0.9199999999999999 0.025200000000000004 279.6303654131502
0.9199999999999999 0.026000000000000002 788.3839145178205
0.9199999999999999 0.0268 1322.9109351800098
0.9199999999999999 0.027600000000000003 1429.9591706891683
0.9199999999999999 0.0284 1069.8128414821726
0.9199999999999999 0.0292 579.0610970213783
0.9199999999999999 0.030000000000000002 234.40967232870833
0.9199999999999999 0.0308 73.9550046173591
0.9199999999999999 0.0316 18.711116785279245
0.9199999999999999 0.032400000000000005 3.9348471123412594
0.9199999999999999 0.0332 0.6961176953008745
0.9199999999999999 0.034 0.10507835158333256
0.9199999999999999 0.0348 0.013590007669069743
0.9199999999999999 0.0356 0.001531918417371392
0.9199999999999999 0.0364 0.00015073261817754953
0.9199999999999999 0.037200000000000004 -3.761106476036298e-5
0.9199999999999999 0.038 -6.50983862288554e-5
0.9199999999999999 0.0388 -5.291604057074317e-6
0.9199999999999999 0.039599999999999996 -3.957143548415653e-7
0.9199999999999999 0.040400000000000005 -7.922529715314116e-8
0.94 0.0172 3.432383535922723e-14
0.94 0.018000000000000002 -4.8459944020812075e-14
0.94 0.0188 -5.5422837301565525e-14
0.94 0.0196 6.930769354652468e-13
0.94 0.0204 1.7919837423551293e-8
0.94 0.021200000000000004 2.778219716672219e-5
0.94 0.022 0.004030528882637769
0.94 0.0228 0.08376659041329874
0.94 0.0236 1.0554422359916067
0.94 0.024399999999999998 16.187946052430807
0.94 0.025200000000000004 121.93649235674498
0.94 0.026000000000000002 481.3208878244439
0.94 0.0268 1096.596878119511
0.94 0.027600000000000003 1582.226005889463
0.94 0.0284 1522.829700594933
0.94 0.0292 1026.7101815326575
0.94 0.030000000000000002 511.5683656683314
0.94 0.0308 196.07047632099324
0.94 0.0316 60.25215200260717
0.94 0.032400000000000005 14.959928908817982
0.94 0.0332 3.0733462247838825
0.94 0.034 0.5253620417814352
0.94 0.0348 0.07558912468436971
0.94 0.0356 0.00933128958110877
0.94 0.0364 0.0010228693648024758
0.94 0.037200000000000004 -0.00021334836930996277
0.94 0.038 0.0001720519543149076
0.94 0.0388 8.10078489841257e-6
0.94 0.039599999999999996 -1.1589568264706006e-6
0.94 0.040400000000000005 4.3258619129185526e-8
0.96 0.0172 4.951342201528006e-14
0.96 0.018000000000000002 -6.457442119751205e-14
0.96 0.0188 -4.6365832704229934e-14
0.96 0.0196 3.950415335649621e-13
0.96 0.0204 9.957698944748096e-9
0.96 0.021200000000000004 1.5345021073049972e-5
0.96 0.022 0.0021536895035353266
0.96 0.0228 0.03395522042479462
0.96 0.0236 0.13877953302485438
0.96 0.024399999999999998 3.520147608708729
0.96 0.025200000000000004 39.766278833367736
0.96 0.026000000000000002 224.586264155545
0.96 0.0268 714.0614405493175
0.96 0.027600000000000003 1364.6582348377704
0.96 0.0284 1675.6418109803224
0.96 0.0292 1430.3853801476928
0.96 0.030000000000000002 892.5919494355854
0.96 0.0308 420.0016580117994
0.96 0.0316 154.5466352390114
0.96 0.032400000000000005 45.483338425063884
0.96 0.0332 10.877906843369095
0.96 0.034 2.1245120962596773
0.96 0.0348 0.3521794859447361
0.96 0.0356 0.05003068536222739
0.96 0.0364 0.006263893609341942
0.96 0.037200000000000004 -0.0012701065405519452
0.96 0.038 4.8900780322668985e-5
0.96 0.0388 -1.674559081389579e-5
0.96 0.039599999999999996 -8.648804401064519e-6
0.96 0.040400000000000005 -5.833020849446326e-7
0.98 0.0172 5.49242644057719e-14
0.98 0.018000000000000002 -7.317229518560408e-14
0.98 0.0188 -2.977510104701039e-14
0.98 0.0196 3.932780354203696e-13
0.98 0.0204 1.0058106457046978e-8
0.98 0.021200000000000004 1.5517103626474342e-5
0.98 0.022 0.002178957869981799
0.98 0.0228 0.03276906350391906
0.98 0.0236 0.01372739318159646
0.98 0.024399999999999998 0.5717820149934119
0.98 0.025200000000000004 9.873000011385725
0.98 0.026000000000000002 82.49806453520824
0.98 0.0268 361.37619783788506
0.98 0.027600000000000003 902.1941185248262
0.98 0.0284 1447.4865211211163
0.98 0.0292 1594.2320485776384
0.98 0.030000000000000002 1247.5213994556484
0.98 0.0308 720.3996629783909
0.98 0.0316 317.963946794729
0.98 0.032400000000000005 110.6279681040394
0.98 0.0332 31.05399626299086
0.98 0.034 7.163458069250572
0.98 0.0348 1.3747870317043729
0.98 0.0356 0.22751013020135827
0.98 0.0364 0.03262627396142275
0.98 0.037200000000000004 -0.00018049785203682643
0.98 0.038 -1.3921778919189893e-5
0.98 0.0388 -4.7127826978241445e-5
0.98 0.039599999999999996 -1.8799039109891975e-5
0.98 0.040400000000000005 -1.659838586506856e-6
1.0 0.0172 7.181641543909626e-14
1.0 0.018000000000000002 -5.3199207782287946e-14
1.0 0.0188 -2.000023335581058e-14
1.0 0.0196 6.650670749290633e-13
1.0 0.0204 1.7697684546895534e-8
1.0 0.021200000000000004 2.7306732314159626e-5
1.0 0.022 0.0038354158053935674
1.0 0.0228 0.05753564850694295
1.0 0.0236 0.0009913136359813177
1.0 0.024399999999999998 0.06958413865109345
1.0 0.025200000000000004 1.9367982877460255
1.0 0.026000000000000002 23.516782956732595
1.0 0.0268 137.29593574917314
1.0 0.027600000000000003 462.0298137325175
1.0 0.0284 996.5912546439797
1.0 0.0292 1408.5699760819118
1.0 0.030000000000000002 1382.2118300750215
1.0 0.0308 984.7715303008462
1.0 0.0316 526.4942813129676
1.0 0.032400000000000005 218.8297819332608
1.0 0.0332 73.01177159665477
1.0 0.034 19.8355775834905
1.0 0.0348 4.442411413919403
1.0 0.0356 0.8410691136862145
1.0 0.0364 0.13715202395184356
1.0 0.037200000000000004 0.008104459118648285
1.0 0.038 0.0012597015367689897
1.0 0.0388 1.758940109972519e-5
1.0 0.039599999999999996 -3.741229220334526e-5
1.0 0.040400000000000005 -3.3118606345825386e-6
1.02 0.0172 1.7580660421403605e-14
1.02 0.018000000000000002 -3.2855312139424636e-14
1.02 0.0188 -1.5654666147106716e-14
1.02 0.0196 1.410628382070168e-13
1.02 0.0204 4.484180050821312e-9
1.02 0.021200000000000004 6.920566046384426e-6
1.02 0.022 0.0009726096990013652
1.02 0.0228 0.014612869672195246
1.02 0.0236 5.416051397258245e-5
1.02 0.024399999999999998 0.00675397466041849
1.02 0.025200000000000004 0.29645900859642016
1.02 0.026000000000000002 4.921187816470939
1.02 0.0268 39.265399991021845
1.02 0.027600000000000003 186.39276985759446
1.02 0.0284 536.8386948728237
1.02 0.0292 973.9113577222807
1.02 0.030000000000000002 1210.895003909262
1.02 0.0308 1068.9349404872828
1.02 0.0316 697.3306580791677
1.02 0.032400000000000005 352.3694392812379
1.02 0.0332 141.06612906456323
1.02 0.034 45.07283216536428
1.02 0.0348 11.745346131581043
1.02 0.0356 2.5705809701049214
1.02 0.0364 0.4818089670104336
1.02 0.037200000000000004 0.05479207604287759
1.02 0.038 0.0076709180228786995
1.02 0.0388 0.0006486508334736487
1.02 0.039599999999999996 -1.4311211803557607e-5
1.02 0.040400000000000005 -2.001630519679996e-6
1.0399999999999998 0.0172 -1.4511026301467645e-14
1.0399999999999998 0.018000000000000002 -5.145477573777253e-14
1.0399999999999998 0.0188 -1.5693768474684608e-14
1.0399999999999998 0.0196 -1.9032565005802045e-13
1.0399999999999998 0.0204 -3.9920517325938495e-9
1.0399999999999998 0.021200000000000004 -6.1581649732475255e-6
1.0399999999999998 0.022 -0.0008645306311667731
1.0399999999999998 0.0228 -0.012950178144525818
1.0399999999999998 0.0236 2.408501723189256e-6
1.0399999999999998 0.024399999999999998 0.000529527573345561
1.0399999999999998 0.025200000000000004 0.03305089561576522
1.0399999999999998 0.026000000000000002 0.7414834028733112
1.0399999999999998 0.0268 8.686055164972288
1.0399999999999998 0.027600000000000003 58.29629852052031
1.0399999999999998 0.0284 222.79843754184253
1.0399999999999998 0.0292 530.4942181775826
1.0399999999999998 0.030000000000000002 840.5778682139342
1.0399999999999998 0.0308 925.030234270322
1.0399999999999998 0.0316 749.9145164290647
1.0399999999999998 0.032400000000000005 463.6226113223626
1.0399999999999998 0.0332 221.8803180580309
1.0399999999999998 0.034 84.2785265008953
1.0399999999999998 0.0348 25.578137524109973
1.0399999999999998 0.0356 6.496081205654001
1.0399999999999998 0.0364 1.4058714099557794
1.0399999999999998 0.037200000000000004 0.24923117971011688
1.0399999999999998 0.038 0.036395565815112954
1.0399999999999998 0.0388 0.004272857276466954
1.0399999999999998 0.039599999999999996 0.00039747408318013307
1.0399999999999998 0.040400000000000005 3.3720826013959755e-5
1.0599999999999998 0.0172 -1.8297699757357173e-14
1.0599999999999998 0.018000000000000002 -3.757940114373074e-14
1.0599999999999998 0.0188 -1.1391182594949529e-14
1.0599999999999998 0.0196 -2.354983420320757e-13
1.0599999999999998 0.0204 -5.333285497346985e-9
1.0599999999999998 0.021200000000000004 -8.228182140248078e-6
1.0599999999999998 0.022 -0.0011554695059771687
1.0599999999999998 0.0228 -0.01732213586971443
1.0599999999999998 0.0236 8.483635926357189e-8
1.0599999999999998 0.024399999999999998 3.0017264032444275e-5
1.0599999999999998 0.025200000000000004 0.0025290533296945723
1.0599999999999998 0.026000000000000002 0.0825558663861492
1.0599999999999998 0.0268 1.4805318111359718
1.0599999999999998 0.027600000000000003 13.808443480258978
1.0599999999999998 0.0284 72.054547690251
1.0599999999999998 0.0292 228.24303847509117
1.0599999999999998 0.030000000000000002 463.23191208654083
1.0599999999999998 0.0308 652.7069164485266
1.0599999999999998 0.0316 664.9833842823638
1.0599999999999998 0.032400000000000005 499.93054638933353
1.0599999999999998 0.0332 286.20945630883256
1.0599999999999998 0.034 127.90107470797597
1.0599999999999998 0.0348 45.46283037177629
1.0599999999999998 0.0356 13.36211263264896
1.0599999999999998 0.0364 3.278866338011094
1.0599999999999998 0.037200000000000004 0.6555122222695519
1.0599999999999998 0.038 0.10144690093547745
1.0599999999999998 0.0388 0.012529683920517693
1.0599999999999998 0.039599999999999996 0.0012634706846868628
1.0599999999999998 0.040400000000000005 0.00011031815466645423
1.0799999999999998 0.0172 -2.2020184063538128e-14
1.0799999999999998 0.018000000000000002 -4.689437714684513e-14
1.0799999999999998 0.0188 -1.694012343311701e-14
1.0799999999999998 0.0196 -2.734675361766897e-13
1.0799999999999998 0.0204 -6.65868224398019e-9
1.0799999999999998 0.021200000000000004 -1.0273065978581907e-5
1.0799999999999998 0.022 -0.001442596149747803
1.0799999999999998 0.0228 -0.021625218606089545
1.0799999999999998 0.0236 2.299943495268843e-9
1.0799999999999998 0.024399999999999998 1.1211823894177193e-6
1.0799999999999998 0.025200000000000004 0.00013156622078768697
1.0799999999999998 0.026000000000000002 0.006865578593619025
1.0799999999999998 0.0268 0.18864821391804523
1.0799999999999998 0.027600000000000003 2.510914929876896
1.0799999999999998 0.0284 18.49493853933817
1.0799999999999998 0.0292 77.90224196193172
1.0799999999999998 0.030000000000000002 206.5708237305964
1.0799999999999998 0.0308 376.32937412503406
1.0799999999999998 0.0316 479.6965921020659
1.0799999999999998 0.032400000000000005 439.6836986160479
1.0799999999999998 0.0332 299.67412650552865
1.0799999999999998 0.034 157.42196656696143
1.0799999999999998 0.0348 65.67797867707628
1.0799999999999998 0.0356 21.96236315427095
1.0799999999999998 0.0364 5.792962506820812
1.0799999999999998 0.037200000000000004 1.1890669712679858
1.0799999999999998 0.038 0.18273457919674768
1.0799999999999998 0.0388 0.022278248045397908
1.0799999999999998 0.039599999999999996 0.0022180055818562523
1.0799999999999998 0.040400000000000005 0.00018710164284227375
1.0999999999999999 0.0172 -8.71737156592814e-15
1.0999999999999999 0.018000000000000002 -4.16902142014338e-14
1.0999999999999999 0.0188 -2.2660776223104944e-14
1.0999999999999999 0.0196 -1.1148081442446641e-13
1.0999999999999999 0.0204 -2.6858801240895213e-9
1.0999999999999999 0.021200000000000004 -4.143660384720167e-6
1.0999999999999999 0.022 -0.0005818192113663718
1.0999999999999999 0.0228 -0.008719491666033165
1.0999999999999999 0.0236 4.1513590830996854e-11
1.0999999999999999 0.024399999999999998 2.6217182992998996e-8
1.0999999999999999 0.025200000000000004 4.941916599845959e-6
1.0999999999999999 0.026000000000000002 0.0004436741434007583
1.0999999999999999 0.0268 0.01777290915123321
1.0999999999999999 0.027600000000000003 0.3605628334967674
1.0999999999999999 0.0284 3.758689659227663
1.0999999999999999 0.0292 21.174411533323873
1.0999999999999999 0.030000000000000002 74.85014771550817
1.0999999999999999 0.0308 175.3291155944092
1.0999999999999999 0.0316 279.1407021714082
1.0999999999999999 0.032400000000000005 310.8259566360692
1.0999999999999999 0.0332 252.48129568129553
1.0999999999999999 0.034 157.50136677606267
1.0999999999999999 0.0348 76.00391934028491
1.0999999999999999 0.0356 27.520799908742145
1.0999999999999999 0.0364 7.367968733814162
1.0999999999999999 0.037200000000000004 1.464424709929343
1.0999999999999999 0.038 0.21743959883864056
1.0999999999999999 0.0388 0.02531896777516558
1.0999999999999999 0.039599999999999996 0.0023712675082397704
1.0999999999999999 0.040400000000000005 0.00018719038599664743
1.12 0.0172 4.826082869057862e-15
1.12 0.018000000000000002 -3.873638299135446e-14
1.12 0.0188 -1.9892568631641737e-14
1.12 0.0196 5.002478176186231e-14
1.12 0.0204 1.399600073891728e-9
1.12 0.021200000000000004 2.159463482225566e-6
1.12 0.022 0.00030328864704987443
1.12 0.0228 0.00454834128589493
1.12 0.0236 4.687830513478707e-13
1.12 0.024399999999999998 4.201448156289678e-10
1.12 0.025200000000000004 1.337291655654313e-7
1.12 0.026000000000000002 2.0750050428554927e-5
1.12 0.0268 0.001335382990192596
1.12 0.027600000000000003 0.04145938587951601
1.12 0.0284 0.5961871771656376
1.12 0.0292 4.590799802289358
1.12 0.030000000000000002 21.72605071572217
1.12 0.0308 65.6709475172136
1.12 0.0316 130.28459052943938
1.12 0.032400000000000005 175.4316567731575
1.12 0.0332 172.7379939864271
1.12 0.034 128.08722268167585
1.12 0.0348 68.27517471252843
1.12 0.0356 25.433892155330973
1.12 0.0364 6.732259468536811
1.12 0.037200000000000004 1.2949203731403685
1.12 0.038 0.1859983055083048
1.12 0.0388 0.02096452844443429
1.12 0.039599999999999996 0.001878491614438013
1.12 0.040400000000000005 0.0001405971598739337
1.1400000000000001 0.0172 8.244226432547315e-15
1.1400000000000001 0.018000000000000002 -4.2770382165689824e-14
1.1400000000000001 0.0188 -1.134658406921259e-14
1.1400000000000001 0.0196 9.402906143234728e-14
1.1400000000000001 0.0204 2.483035636951829e-9
1.1400000000000001 0.021200000000000004 3.830958081014214e-6
1.1400000000000001 0.022 0.0005379904593819314
1.1400000000000001 0.0228 0.008065892740949989
1.1400000000000001 0.0236 3.01743860813363e-15
1.1400000000000001 0.024399999999999998 4.356706742417763e-12
1.1400000000000001 0.025200000000000004 2.7280976256550334e-9
1.1400000000000001 0.026000000000000002 7.039033720005721e-7
1.1400000000000001 0.0268 7.963664913260175e-5
1.1400000000000001 0.027600000000000003 0.0037001545893283324
1.1400000000000001 0.0284 0.07327227074591276
1.1400000000000001 0.0292 0.787628200096292
1.1400000000000001 0.030000000000000002 5.024258575908357
1.1400000000000001 0.0308 19.715766560359572
1.1400000000000001 0.0316 48.45781224582183
1.1400000000000001 0.032400000000000005 80.61308278348092
1.1400000000000001 0.0332 97.56812025733639
1.1400000000000001 0.034 83.02518355070725
1.1400000000000001 0.0348 46.41586144826722
1.1400000000000001 0.0356 17.25095285535203
1.1400000000000001 0.0364 4.428138187126456
1.1400000000000001 0.037200000000000004 0.821826972788043
1.1400000000000001 0.038 0.11232086944568472
1.1400000000000001 0.0388 0.012043357859797163
1.1400000000000001 0.039599999999999996 0.0010348216904960434
1.1400000000000001 0.040400000000000005 7.0672996696302e-5
1.16 0.0172 1.3404010600226062e-15
1.16 0.018000000000000002 -2.048673289882391e-14
1.16 0.0188 -5.309917655141357e-15
1.16 0.0196 1.5209645375010833e-14
1.16 0.0204 3.9852927992254644e-10
1.16 0.021200000000000004 6.148714820830857e-7
1.16 0.022 8.634751949132721e-5
1.16 0.0228 0.0012945628933054073
1.16 0.0236 -2.6860343086413726e-16
1.16 0.024399999999999998 3.487231578678493e-14
1.16 0.025200000000000004 4.049865103502973e-11
1.16 0.026000000000000002 1.8829472069235723e-8
1.16 0.0268 3.495422471389881e-6
1.16 0.027600000000000003 0.00025232478174967
1.16 0.0284 0.006995122478049175
1.16 0.0292 0.10624592798418812
1.16 0.030000000000000002 0.9296452853100612
1.16 0.0308 4.701851706555336
1.16 0.0316 14.536800956100329
1.16 0.032400000000000005 30.932047214871083
1.16 0.0332 44.80789049295775
1.16 0.034 41.644793013481056
1.16 0.0348 23.761430245689574
1.16 0.0356 8.674991580682683
1.16 0.0364 2.1544147072885287
1.16 0.037200000000000004 0.380771905923649
1.16 0.038 0.049833722400057234
1.16 0.0388 0.005104397866687596
1.16 0.039599999999999996 0.0004051000527362194
1.16 0.040400000000000005 2.4840332187420142e-5
1.18 0.0172 6.428697086517063e-16
1.18 0.018000000000000002 -7.847695260690292e-15
1.18 0.0188 -1.7278357370119616e-15
1.18 0.0196 7.538873512572317e-15
1.18 0.0204 1.9491397932725442e-10
1.18 0.021200000000000004 3.0072110624325674e-7
1.18 0.022 4.223004336007536e-5
1.18 0.0228 0.0006331010122012272
1.18 0.0236 -1.6722759522640372e-17
1.18 0.024399999999999998 1.0840238974739466e-15
1.18 0.025200000000000004 4.4502213805781006e-13
1.18 0.026000000000000002 4.313830939037091e-10
1.18 0.0268 1.2816410529249008e-7
1.18 0.027600000000000003 1.2939336662150243e-5
1.18 0.0284 0.0005196767078727813
1.18 0.0292 0.011413996187836239
1.18 0.030000000000000002 0.13707640848129773
1.18 0.0308 0.8904733538736239
1.18 0.0316 3.6239451578949007
1.18 0.032400000000000005 9.86397289755
1.18 0.0332 16.22457093894477
1.18 0.034 15.790842972302569
1.18 0.0348 9.096359445755477
1.18 0.0356 3.288296992700974
1.18 0.0364 0.7923181896411392
1.18 0.037200000000000004 0.13308061330645443
1.18 0.038 0.01637354250455251
1.18 0.0388 0.001518901651186595
1.18 0.039599999999999996 0.00010240721001122308
1.18 0.040400000000000005 4.192125765141458e-6
1.2 0.0172 1.030565428839377e-15
1.2 0.018000000000000002 -1.1607356367007025e-15
1.2 0.0188 -3.5420802569171816e-16
1.2 0.0196 1.197853031050548e-14
1.2 0.0204 3.132359302260041e-10
1.2 0.021200000000000004 4.832734734836479e-7
1.2 0.022 6.786606600807389e-5
1.2 0.0228 0.001017442690037615
1.2 0.0236 -2.9743432181668465e-17
1.2 0.024399999999999998 2.5305245017208305e-16
1.2 0.025200000000000004 3.2753100434502093e-15
1.2 0.026000000000000002 7.698401275212374e-12
1.2 0.0268 3.6312110944662778e-9
1.2 0.027600000000000003 5.220180271883982e-7
1.2 0.0284 3.016440861951762e-5
1.2 0.0292 0.0009782368044122828
1.2 0.030000000000000002 0.01596358947182523
1.2 0.0308 0.13802513537016947
1.2 0.0316 0.7616747010016183
1.2 0.032400000000000005 2.5230278569736044
1.2 0.0332 4.533727232297264
1.2 0.034 4.488838749931149
1.2 0.0348 2.5931561544698893
1.2 0.0356 0.9318364594823492
1.2 0.0364 0.22115824330477532
1.2 0.037200000000000004 0.03592366337429753
1.2 0.038 0.004298144935284848
1.2 0.0388 0.0003707682855099107
1.2 0.039599999999999996 2.0823914861663968e-5
1.2 0.040400000000000005 3.884165406589218e-7
1.22 0.0172 2.846178036550248e-16
1.22 0.018000000000000002 -4.678466484758496e-16
1.22 0.0188 -5.785628672219097e-17
1.22 0.0196 3.3230133219658376e-15
1.22 0.0204 8.68399983279582e-11
1.22 0.021200000000000004 1.3398034856489758e-7
1.22 0.022 1.8814843183067797e-5
1.22 0.0228 0.0002820702490992065
1.22 0.0236 -7.745642400877709e-18
1.22 0.024399999999999998 5.005865061387907e-17
1.22 0.025200000000000004 -1.3673279979677414e-16
1.22 0.026000000000000002 1.0623499524513596e-13
1.22 0.0268 6.566408241241057e-11
1.22 0.027600000000000003 1.3899964666146296e-8
1.22 0.0284 1.4372939355639815e-6
1.22 0.0292 6.728247325644628e-5
1.22 0.030000000000000002 0.001475007687924839
1.22 0.0308 0.018017900201146134
1.22 0.0316 0.13361087221567158
1.22 0.032400000000000005 0.5092977277104542
1.22 0.0332 0.9606464308685666
1.22 0.034 0.9617323178730701
1.22 0.0348 0.5540272150916091
1.22 0.0356 0.19914852596422272
1.22 0.0364 0.04695788034822841
1.22 0.037200000000000004 0.0076764594527028995
1.22 0.038 0.0008980778963787912
1.22 0.0388 7.457501332921204e-5
1.22 0.039599999999999996 4.237400594397098e-6
1.22 0.040400000000000005 4.081891064542421e-8
1.24 0.0172 4.4199290148002595e-17
1.24 0.018000000000000002 -3.6337996920810594e-17
1.24 0.0188 -1.0781318006404301e-17
1.24 0.0196 5.13787643704178e-16
1.24 0.0204 1.344603092243425e-11
1.24 0.021200000000000004 2.0745102528674454e-8
1.24 0.022 2.9132357380508776e-6
1.24 0.0228 4.367509012218922e-5
1.24 0.0236 -1.8964241241723857e-18
1.24 0.024399999999999998 9.030556182930675e-18
1.24 0.025200000000000004 -2.5754115744044174e-17
1.24 0.026000000000000002 1.0601853967782763e-15
1.24 0.0268 9.095930426044638e-13
1.24 0.027600000000000003 3.1214694553911294e-10
1.24 0.0284 5.277358528914253e-8
1.24 0.0292 3.62671208440465e-6
1.24 0.030000000000000002 0.00011257872780531698
1.24 0.0308 0.0020090463688876466
1.24 0.0316 0.0186148922297032
1.24 0.032400000000000005 0.0779560865668584
1.24 0.0332 0.15324013306401552
1.24 0.034 0.15565360476856205
1.24 0.0348 0.08986689942371684
1.24 0.0356 0.03199073702057359
1.24 0.0364 0.007554035943588843
1.24 0.037200000000000004 0.0012295027747209243
1.24 0.038 0.00014834515206072968
1.24 0.0388 1.323300639349864e-5
1.24 0.039599999999999996 8.016902673525838e-7
1.24 0.040400000000000005 2.502833671955624e-8
1.26 0.0172 4.965950276693041e-18
1.26 0.018000000000000002 -4.3555537394486626e-18
1.26 0.0188 -1.5236958631390747e-18
1.26 0.0196 5.77326297489959e-17
1.26 0.0204 1.5114815308299978e-12
1.26 0.021200000000000004 2.331978254121973e-9
1.26 0.022 3.274801955127604e-7
1.26 0.0228 4.909582995966585e-6
1.26 0.0236 -2.6701103960738465e-19
1.26 0.024399999999999998 1.01117977669744e-18
1.26 0.025200000000000004 -3.1013779478282694e-18
1.26 0.026000000000000002 1.1725116441910959e-17
1.26 0.0268 9.804592657444684e-15
1.26 0.027600000000000003 5.793991739993826e-12
1.26 0.0284 1.582089029943218e-9
1.26 0.0292 1.6971436483293456e-7
1.26 0.030000000000000002 7.335069303425936e-6
1.26 0.0308 0.00018615336745426463
1.26 0.0316 0.0020130510166037232
1.26 0.032400000000000005 0.009026965861161631
1.26 0.0332 0.01840174750337689
1.26 0.034 0.01909725683570152
1.26 0.0348 0.011117220853556873
1.26 0.0356 0.003950373040339364
1.26 0.0364 0.00092471702879235
1.26 0.037200000000000004 0.00014725163512823317
1.26 0.038 1.7344917357953834e-5
1.26 0.0388 1.485845602481428e-6
1.26 0.039599999999999996 7.933079519435353e-8
1.26 0.040400000000000005 1.1699599762260814e-9
1.28 0.0172 4.958970618086203e-19
1.28 0.018000000000000002 -4.617372062008972e-19
1.28 0.0188 -1.5461241746007656e-19
1.28 0.0196 5.7736431807537735e-18
1.28 0.0204 1.5119278137773173e-13
1.28 0.021200000000000004 2.3326674792130133e-10
1.28 0.022 3.27577263197887e-8
1.28 0.0228 4.91104981255131e-7
1.28 0.0236 -3.2559882258760107e-20
1.28 0.024399999999999998 1.0409649839593153e-19
1.28 0.025200000000000004 -2.8887954040661084e-19
1.28 0.026000000000000002 5.301515536444961e-19
1.28 0.0268 7.413282065154765e-17
1.28 0.027600000000000003 8.460402124704395e-14
1.28 0.0284 3.7184686392565125e-11
1.28 0.0292 5.343198442923083e-9
1.28 0.030000000000000002 3.83122307804239e-7
1.28 0.0308 1.3686930537531694e-5
1.28 0.0316 0.0001652015948886837
1.28 0.032400000000000005 0.0007875706141370263
1.28 0.0332 0.0016741705770933128
1.28 0.034 0.0017854679508400076
1.28 0.0348 0.0010562320502624522
1.28 0.0356 0.00037747389725884255
1.28 0.0364 8.702943798454879e-5
1.28 0.037200000000000004 1.3250044987709874e-5
1.28 0.038 1.4536850968905826e-6
1.28 0.0388 1.0448144056973685e-7
1.28 0.039599999999999996 2.651644289793146e-9
1.28 0.040400000000000005 -4.218805298011579e-10
1.3 0.0172 2.8533807813932165e-20
1.3 0.018000000000000002 -2.4918570670646264e-20
1.3 0.0188 -1.3607589659677824e-20
1.3 0.0196 3.318749183437272e-19
1.3 0.0204 8.697608118640094e-15
1.3 0.021200000000000004 1.3419049768828282e-11
1.3 0.022 1.88444343846305e-9
1.3 0.0228 2.8251718878232205e-8
1.3 0.0236 -2.2531140922139787e-21
1.3 0.024399999999999998 6.877914969022178e-21
1.3 0.025200000000000004 -2.0305530938731072e-20
1.3 0.026000000000000002 3.477565615753379e-20
1.3 0.0268 4.661640229112319e-19
1.3 0.027600000000000003 9.978081058540605e-16
1.3 0.0284 5.668886156622557e-13
1.3 0.0292 1.5418454122358776e-10
1.3 0.030000000000000002 1.8580267566651563e-8
1.3 0.0308 8.355211651679599e-7
1.3 0.0316 1.022223661909981e-5
1.3 0.032400000000000005 5.181917912001253e-5
1.3 0.0332 0.00011555240846417558
1.3 0.034 0.00012766489191265364
1.3 0.0348 7.717191048096624e-5
1.3 0.0356 2.779357610169369e-5
1.3 0.0364 6.38013266544931e-6
1.3 0.037200000000000004 9.396640198334167e-7
1.3 0.038 9.902208508541298e-8
1.3 0.0388 6.276485923357465e-9
1.3 0.039599999999999996 -2.1360791093836515e-11
1.3 0.040400000000000005 -5.347079560642913e-11
1.32 0.0172 1.0893978952462048e-21
1.32 0.018000000000000002 -5.998073404710978e-22
1.32 0.0188 -9.330173487569001e-22
1.32 0.0196 1.2652622550259978e-20
1.32 0.0204 3.3226531244934776e-16
1.32 0.021200000000000004 5.126347181553778e-13
1.32 0.022 7.199005537077932e-11
1.32 0.0228 1.0793019789896145e-9
1.32 0.0236 -5.709899556517733e-23
1.32 0.024399999999999998 3.7692412463615325e-22
1.32 0.025200000000000004 -1.034692816614424e-21
1.32 0.026000000000000002 1.8292534509822127e-21
1.32 0.0268 2.4328499261922436e-21
1.32 0.027600000000000003 9.374264733916751e-18
1.32 0.0284 5.515936500615989e-14
1.32 0.0292 4.019621973075792e-12
1.32 0.030000000000000002 6.34348751344383e-10
1.32 0.0308 3.172957982437322e-8
1.32 0.0316 4.70638142547764e-7
1.32 0.032400000000000005 2.5826612530984517e-6
1.32 0.0332 6.086537052593788e-6
1.32 0.034 7.008644623251434e-6
1.32 0.0348 4.351441613117408e-6
1.32 0.0356 1.586068865312717e-6
1.32 0.0364 3.65035650189495e-7
1.32 0.037200000000000004 5.242480591096986e-8
1.32 0.038 5.39583470453924e-9
1.32 0.0388 3.097025432889535e-10
1.32 0.039599999999999996 -1.0249905918294359e-11
1.32 0.040400000000000005 -3.983176499170799e-12
1.3399999999999999 0.0172 1.6484401406434243e-23
1.3399999999999999 0.018000000000000002 3.9352226900560225e-25
1.3399999999999999 0.0188 -4.8875136183854573e-23
1.3399999999999999 0.0196 1.9023072583496472e-22
1.3399999999999999 0.0204 5.041249974727687e-18
1.3399999999999999 0.021200000000000004 7.777965969462882e-15
1.3399999999999999 0.022 1.0923063074690216e-12
1.3399999999999999 0.0228 1.6377715319055862e-11
1.3399999999999999 0.0236 -6.496478804120043e-25
1.3399999999999999 0.024399999999999998 1.499410971919045e-23
1.3399999999999999 0.025200000000000004 -4.469821076237247e-23
1.3399999999999999 0.026000000000000002 7.5856891471314e-23
1.3399999999999999 0.0268 1.2069195271707012e-23
1.3399999999999999 0.027600000000000003 6.849033264841412e-20
1.3399999999999999 0.0284 2.0303066280730807e-13
1.3399999999999999 0.0292 8.91235696574568e-14
1.3399999999999999 0.030000000000000002 1.6922172903014626e-11
1.3399999999999999 0.0308 9.316830941951854e-10
1.3399999999999999 0.0316 1.6299202409899298e-8
1.3399999999999999 0.032400000000000005 9.762087897957305e-8
1.3399999999999999 0.0332 2.4534041178251387e-7
1.3399999999999999 0.034 2.967274922257334e-7
1.3399999999999999 0.0348 1.900468251683376e-7
1.3399999999999999 0.0356 7.039528982051678e-8
1.3399999999999999 0.0364 1.6329061790637847e-8
1.3399999999999999 0.037200000000000004 2.310706336558477e-9
1.3399999999999999 0.038 2.352200082912986e-10
1.3399999999999999 0.0388 1.2643774520214962e-11
1.3399999999999999 0.039599999999999996 -7.247299657348395e-13
1.3399999999999999 0.040400000000000005 -2.0613574447985404e-13
