0.0116 0.6200000000000001 1.4436987404180013e-27
0.0116 0.64 3.972565130014117e-30
0.0116 0.6599999999999999 -1.8523720471711545e-27
0.0116 0.6799999999999999 7.21225766497327e-26
0.0116 0.7 3.439128542693892e-23
0.0116 0.72 5.166333805581411e-21
0.0116 0.74 2.479245572896272e-19
0.0116 0.76 3.53690214817455e-18
0.0116 0.7799999999999999 1.274968196343533e-17
0.0116 0.7999999999999999 3.600199555193865e-17
0.0116 0.8200000000000001 2.1912010007514445e-16
0.0116 0.8400000000000001 3.377389761480408e-16
0.0116 0.8600000000000001 -9.429570332457001e-17
0.0116 0.8799999999999999 -4.521237291807291e-15
0.0116 0.8999999999999999 -2.0529047253268782e-14
0.0116 0.9199999999999999 7.726317711929326e-15
0.0116 0.94 6.735723263196855e-15
0.0116 0.96 -9.549922413541625e-14
0.0116 0.98 2.5965698500547816e-15
0.0116 1.0 5.101393379750163e-14
0.0116 1.02 -1.534494251034793e-14
0.0116 1.0399999999999998 -4.333980494339255e-15
0.0116 1.0599999999999998 -1.5594331776161182e-15
0.0116 1.0799999999999998 -1.9115285650974272e-16
0.0116 1.0999999999999999 -1.9309671790264367e-17
0.0116 1.12 5.1398379312347345e-17
0.0116 1.1400000000000001 1.680877080008086e-16
0.0116 1.16 1.124782796962944e-16
0.0116 1.18 9.720577645323594e-18
0.0116 1.2 -1.3114868476990305e-17
0.0116 1.22 -6.019129724170763e-18
0.0116 1.24 -1.3311135560017806e-18
0.0116 1.26 -1.810375628707824e-19
0.0116 1.28 -1.6695971652556628e-20
0.0116 1.3 -1.1071217347501992e-21
0.012400000000000001 0.6200000000000001 -1.9792168638060905e-27
0.012400000000000001 0.64 9.891525604923335e-30
0.012400000000000001 0.6599999999999999 3.7758083364227217e-28
0.012400000000000001 0.6799999999999999 -8.95851927721273e-26
0.012400000000000001 0.7 -4.272801082598445e-23
0.012400000000000001 0.72 -6.418621130713621e-21
0.012400000000000001 0.74 -3.080615217281469e-19
0.012400000000000001 0.76 -4.403269108013142e-18
0.012400000000000001 0.7799999999999999 -1.623569595906665e-17
0.012400000000000001 0.7999999999999999 -4.93265242877371e-17
0.012400000000000001 0.8200000000000001 -2.814268753534866e-16
0.012400000000000001 0.8400000000000001 -3.8757664649493657e-16
0.012400000000000001 0.8600000000000001 2.761035113401767e-16
0.012400000000000001 0.8799999999999999 4.921315522882163e-15
0.012400000000000001 0.8999999999999999 1.969286347472761e-14
0.012400000000000001 0.9199999999999999 -8.905657252599285e-15
0.012400000000000001 0.94 -9.718344024379797e-15
0.012400000000000001 0.96 9.80740516393796e-14
0.012400000000000001 0.98 -4.517570252353024e-15
0.012400000000000001 1.0 -4.281827970099518e-14
0.012400000000000001 1.02 2.660292851207273e-14
0.012400000000000001 1.0399999999999998 3.1823767335788297e-15
0.012400000000000001 1.0599999999999998 -6.817528926716668e-15
0.012400000000000001 1.0799999999999998 3.63002405651263e-15
0.012400000000000001 1.0999999999999999 5.144555714096725e-15
0.012400000000000001 1.12 2.16667651234192e-15
0.012400000000000001 1.1400000000000001 8.523829571562079e-16
0.012400000000000001 1.16 5.521370703423758e-16
0.012400000000000001 1.18 3.588336463503796e-16
0.012400000000000001 1.2 1.566406697825506e-16
0.012400000000000001 1.22 4.4964093470172465e-17
0.012400000000000001 1.24 8.680474197551424e-18
0.012400000000000001 1.26 1.1337802113346798e-18
0.012400000000000001 1.28 1.0403621436131254e-19
0.012400000000000001 1.3 6.979246752886063e-21
0.0132 0.6200000000000001 5.2685956263374725e-27
0.0132 0.64 -1.67006319792227e-29
0.0132 0.6599999999999999 -2.3608782280720142e-27
0.0132 0.6799999999999999 2.4429851890142856e-25
0.0132 0.7 1.165124942285527e-22
0.0132 0.72 1.7502610610271562e-20
0.0132 0.74 8.400084710301721e-19
0.0132 0.76 1.2000790746902228e-17
0.0132 0.7799999999999999 4.39985145227991e-17
0.0132 0.7999999999999999 1.3132375237890425e-16
0.0132 0.8200000000000001 7.610454985869752e-16
0.0132 0.8400000000000001 1.0790284069508684e-15
0.0132 0.8600000000000001 -6.428820612869591e-16
0.0132 0.8799999999999999 -1.3901235327490404e-14
0.0132 0.8999999999999999 -5.772198258402475e-14
0.0132 0.9199999999999999 2.4764296648833143e-14
0.0132 0.94 2.5566098266593776e-14
0.0132 0.96 -2.816711952207579e-13
0.0132 0.98 1.1424900323483725e-14
0.0132 1.0 1.309911563868903e-13
0.0132 1.02 -6.730466525156527e-14
0.0132 1.0399999999999998 -1.017586746844578e-14
0.0132 1.0599999999999998 1.2515058689857109e-14
0.0132 1.0799999999999998 -7.543679172268043e-15
0.0132 1.0999999999999999 -1.0299177303561479e-14
0.0132 1.12 -4.022968137499481e-15
0.0132 1.1400000000000001 -1.2641538017313792e-15
0.0132 1.16 -8.252301582223397e-16
0.0132 1.18 -6.350121854587707e-16
0.0132 1.2 -3.0367593696137364e-16
0.0132 1.22 -9.096779470664433e-17
0.0132 1.24 -1.7917863525048535e-17
0.0132 1.26 -2.362570109426808e-18
0.0132 1.28 -2.178155209294276e-19
0.0132 1.3 -1.4647984324169658e-20
0.014000000000000002 0.6200000000000001 8.83592968608711e-27
0.014000000000000002 0.64 -4.915380291391263e-27
0.014000000000000002 0.6599999999999999 1.7095590009692156e-26
0.014000000000000002 0.6799999999999999 9.225582478168871e-26
0.014000000000000002 0.7 6.20518715418087e-23
0.014000000000000002 0.72 9.312525905405515e-21
0.014000000000000002 0.74 4.477808255063384e-19
0.014000000000000002 0.76 6.586142742035846e-18
0.014000000000000002 0.7799999999999999 3.238899380745385e-17
0.014000000000000002 0.7999999999999999 1.7742874225832636e-16
0.014000000000000002 0.8200000000000001 6.923794971929544e-16
0.014000000000000002 0.8400000000000001 3.137295706837918e-16
0.014000000000000002 0.8600000000000001 -5.9219060417871446e-15
0.014000000000000002 0.8799999999999999 -1.6788376854546007e-14
0.014000000000000002 0.8999999999999999 3.7591708668785644e-14
0.014000000000000002 0.9199999999999999 6.21047735107114e-14
0.014000000000000002 0.94 1.2717920724319084e-13
0.014000000000000002 0.96 -2.5313154435558633e-14
0.014000000000000002 0.98 1.26738561159237e-13
0.014000000000000002 1.0 3.6632447144614376e-13
0.014000000000000002 1.02 9.431501659838224e-13
0.014000000000000002 1.0399999999999998 2.5435346418718515e-12
0.014000000000000002 1.0599999999999998 5.749908565575379e-12
0.014000000000000002 1.0799999999999998 2.1889246785760906e-11
0.014000000000000002 1.0999999999999999 4.734363174674644e-11
0.014000000000000002 1.12 5.851727457445483e-11
0.014000000000000002 1.1400000000000001 4.766523228508909e-11
0.014000000000000002 1.16 2.7256687766479913e-11
0.014000000000000002 1.18 1.1153383263428138e-11
0.014000000000000002 1.2 3.2574003586958243e-12
0.014000000000000002 1.22 6.832501569948856e-13
0.014000000000000002 1.24 1.0383459907785706e-13
0.014000000000000002 1.26 1.1440894595120606e-14
0.014000000000000002 1.28 9.252595166759386e-16
0.014000000000000002 1.3 5.596987436429094e-17
0.0148 0.6200000000000001 8.163706484501212e-23
0.0148 0.64 -4.075280297755361e-23
0.0148 0.6599999999999999 1.438904636739748e-22
0.0148 0.6799999999999999 1.6698148271063403e-21
0.0148 0.7 9.039771377963789e-19
0.0148 0.72 1.3572930478782027e-16
0.0148 0.74 6.523101585158841e-15
0.0148 0.76 9.534896660135155e-14
0.0148 0.7799999999999999 4.4439348078917066e-13
0.0148 0.7999999999999999 2.253731853065355e-12
0.0148 0.8200000000000001 9.09115741634252e-12
0.0148 0.8400000000000001 4.6378545569197005e-12
0.0148 0.8600000000000001 -5.90282509055544e-11
0.0148 0.8799999999999999 -1.4063969571427734e-10
0.0148 0.8999999999999999 4.307621898437683e-10
0.0148 0.9199999999999999 4.994408410509873e-10
0.0148 0.94 1.2155127096082336e-9
0.0148 0.96 -5.617001136819051e-11
0.0148 0.98 9.793093691505578e-10
0.0148 1.0 5.548361195670612e-10
0.0148 1.02 -4.216006791190959e-9
0.0148 1.0399999999999998 2.5635210343322225e-8
0.0148 1.0599999999999998 1.3283976436307152e-7
0.0148 1.0799999999999998 3.0601092884607464e-7
0.0148 1.0999999999999999 4.297823117290458e-7
0.0148 1.12 4.0974606004209386e-7
0.0148 1.1400000000000001 2.8014743676477397e-7
0.0148 1.16 1.3822241195611246e-7
0.0148 1.18 4.920269034024207e-8
0.0148 1.2 1.2669755591683803e-8
0.0148 1.22 2.3784656983235272e-9
0.0148 1.24 3.2849960615094097e-10
0.0148 1.26 3.3511444498645685e-11
0.0148 1.28 2.545981779371119e-12
0.0148 1.3 1.4585304733327477e-13
0.015600000000000001 0.6200000000000001 -5.9272231572224564e-21
0.015600000000000001 0.64 -8.010761351805012e-21
0.015600000000000001 0.6599999999999999 6.229544284568179e-21
0.015600000000000001 0.6799999999999999 5.482725803355158e-19
0.015600000000000001 0.7 3.032669560360652e-16
0.015600000000000001 0.72 4.552654405516654e-14
0.015600000000000001 0.74 2.187006818464168e-12
0.015600000000000001 0.76 3.1810073913774637e-11
0.015600000000000001 0.7799999999999999 1.418833004748329e-10
0.015600000000000001 0.7999999999999999 6.71090068372567e-10
0.015600000000000001 0.8200000000000001 2.8093247529329523e-9
0.015600000000000001 0.8400000000000001 1.6858432229327406e-9
0.015600000000000001 0.8600000000000001 -1.2008693352742928e-8
0.015600000000000001 0.8799999999999999 -1.8972137153844718e-8
0.015600000000000001 0.8999999999999999 1.0442756110731023e-7
0.015600000000000001 0.9199999999999999 3.651975184506067e-8
0.015600000000000001 0.94 1.7837440928795757e-7
0.015600000000000001 0.96 -6.437046806641164e-8
0.015600000000000001 0.98 2.290194568103017e-7
0.015600000000000001 1.0 6.022304386490046e-7
0.015600000000000001 1.02 4.715535342157664e-6
0.015600000000000001 1.0399999999999998 4.8711003453850265e-5
0.015600000000000001 1.0599999999999998 0.0001590843745555379
0.015600000000000001 1.0799999999999998 0.0002721630432864165
0.015600000000000001 1.0999999999999999 0.00030851250656744277
0.015600000000000001 1.12 0.0002551291851885148
0.015600000000000001 1.1400000000000001 0.00015516994489010917
0.015600000000000001 1.16 6.739881897444858e-5
0.015600000000000001 1.18 2.0642458760843712e-5
0.015600000000000001 1.2 4.489854742329482e-6
0.015600000000000001 1.22 7.005478236223819e-7
0.015600000000000001 1.24 7.91970600956505e-8
0.015600000000000001 1.26 6.579953838520282e-9
0.015600000000000001 1.28 4.046409627339042e-10
0.015600000000000001 1.3 1.831481918042608e-11
0.016399999999999998 0.6200000000000001 -5.27752076896938e-18
0.016399999999999998 0.64 1.754966235042476e-18
0.016399999999999998 0.6599999999999999 -4.485659352807523e-18
0.016399999999999998 0.6799999999999999 -6.029071138743378e-18
0.016399999999999998 0.7 -1.572027332060383e-15
0.016399999999999998 0.72 -2.3784471232524943e-13
0.016399999999999998 0.74 -1.1600595572248803e-11
0.016399999999999998 0.76 -2.018446424553775e-10
0.016399999999999998 0.7799999999999999 -2.2864198814332988e-9
0.016399999999999998 0.7999999999999999 -2.20781528525323e-8
0.016399999999999998 0.8200000000000001 -7.00851850067783e-8
0.016399999999999998 0.8400000000000001 -3.852321682281337e-9
0.016399999999999998 0.8600000000000001 1.4601656429099428e-6
0.016399999999999998 0.8799999999999999 5.173453321498793e-6
0.016399999999999998 0.8999999999999999 -7.6037316248671806e-6
0.016399999999999998 0.9199999999999999 -2.2846301344337888e-5
0.016399999999999998 0.94 -4.235263416576809e-5
0.016399999999999998 0.96 4.879489821861593e-6
0.016399999999999998 0.98 8.599865863841963e-5
0.016399999999999998 1.0 0.0006310306906755608
0.016399999999999998 1.02 0.00338411957789558
0.016399999999999998 1.0399999999999998 0.01183566274333919
0.016399999999999998 1.0599999999999998 0.025450609529795314
0.016399999999999998 1.0799999999999998 0.0346561737087706
0.016399999999999998 1.0999999999999999 0.034202900180698284
0.016399999999999998 1.12 0.025673972709252132
0.016399999999999998 1.1400000000000001 0.01409856133485422
0.016399999999999998 1.16 0.005395526003731437
0.016399999999999998 1.18 0.0014141911720646045
0.016399999999999998 1.2 0.00025405683457780916
0.016399999999999998 1.22 3.1004835847578864e-5
0.016399999999999998 1.24 2.462621346256833e-6
0.016399999999999998 1.26 1.1057647626128481e-7
0.016399999999999998 1.28 2.2484254555435275e-10
0.016399999999999998 1.3 -3.7039326396296813e-10
0.0172 0.6200000000000001 -1.0654370947037464e-16
0.0172 0.64 6.826260600415552e-17
0.0172 0.6599999999999999 -1.592105967303111e-17
0.0172 0.6799999999999999 6.987005310533881e-16
0.0172 0.7 3.1105676522535225e-13
0.0172 0.72 4.6686318241805156e-11
0.0172 0.74 2.2373714272671157e-9
0.0172 0.76 3.126300042084364e-8
0.0172 0.7799999999999999 8.404505478270062e-8
0.0172 0.7999999999999999 -6.245220867611421e-8
0.0172 0.8200000000000001 5.473058267323311e-7
0.0172 0.8400000000000001 1.150002074887588e-6
0.0172 0.8600000000000001 3.084022966629153e-5
0.0172 0.8799999999999999 0.000135044307905114
0.0172 0.8999999999999999 -0.00011067606668358581
0.0172 0.9199999999999999 -0.000578590912257008
0.0172 0.94 -0.0005222482539893521
0.0172 0.96 0.004403381705793516
0.0172 0.98 0.020839406863147704
0.0172 1.0 0.07623342833084956
0.0172 1.02 0.2438130969586543
0.0172 1.0399999999999998 0.5721628724849336
0.0172 1.0599999999999998 0.9310732346280471
0.0172 1.0799999999999998 1.0722588227836596
0.0172 1.0999999999999999 0.9426130658477232
0.0172 1.12 0.6429446273871272
0.0172 1.1400000000000001 0.3282567751845677
0.0172 1.16 0.12271590260358993
0.0172 1.18 0.034169811861247755
0.0172 1.2 0.007303071010485707
0.0172 1.22 0.0012270060033575975
0.0172 1.24 0.0001626958259883739
0.0172 1.26 1.6669532559083952e-5
0.0172 1.28 1.303875466868827e-6
0.0172 1.3 7.807242739520329e-8
0.018000000000000002 0.6200000000000001 -1.0083731126391581e-15
0.018000000000000002 0.64 4.4256010073711895e-16
0.018000000000000002 0.6599999999999999 5.938682305335284e-16
0.018000000000000002 0.6799999999999999 1.9860935563318532e-14
0.018000000000000002 0.7 9.27947751010086e-12
0.018000000000000002 0.72 1.3934717500417436e-9
0.018000000000000002 0.74 6.689464043859678e-8
0.018000000000000002 0.76 9.596446094839523e-7
0.018000000000000002 0.7799999999999999 3.688970296405424e-6
0.018000000000000002 0.7999999999999999 1.2470512971543568e-5
0.018000000000000002 0.8200000000000001 6.031672039507124e-5
0.018000000000000002 0.8400000000000001 4.0272094310488804e-5
0.018000000000000002 0.8600000000000001 -1.8346264324708812e-6
0.018000000000000002 0.8799999999999999 0.0007558994982828644
0.018000000000000002 0.8999999999999999 0.0020490621336310025
0.018000000000000002 0.9199999999999999 0.003693823175110812
0.018000000000000002 0.94 0.058032829992443115
0.018000000000000002 0.96 0.29942879598008765
0.018000000000000002 0.98 0.9345546471657302
0.018000000000000002 1.0 2.304810816094128
0.018000000000000002 1.02 4.98605241992914
0.018000000000000002 1.0399999999999998 8.635687091195699
0.018000000000000002 1.0599999999999998 11.32670203773339
0.018000000000000002 1.0799999999999998 11.414737015416444
0.018000000000000002 1.0999999999999999 9.103760614511856
0.018000000000000002 1.12 5.763316444618383
0.018000000000000002 1.1400000000000001 2.8792530499880833
0.018000000000000002 1.16 1.1475478487773851
0.018000000000000002 1.18 0.369086609208187
0.018000000000000002 1.2 0.09410834918968014
0.018000000000000002 1.22 0.018532843904669673
0.018000000000000002 1.24 0.0027573649911654848
0.018000000000000002 1.26 0.00030330485003670515
0.018000000000000002 1.28 2.4694620710511044e-5
0.018000000000000002 1.3 1.5101851275453578e-6
0.0188 0.6200000000000001 -6.929831159056157e-15
0.0188 0.64 1.3868349264850186e-15
0.0188 0.6599999999999999 2.4094804654401502e-15
0.0188 0.6799999999999999 1.2425027363192443e-13
0.0188 0.7 5.92871690732771e-11
0.0188 0.72 8.903637861532148e-9
0.0188 0.74 4.276507976816117e-7
0.0188 0.76 6.183675923096608e-6
0.0188 0.7799999999999999 2.5882501321988185e-5
0.0188 0.7999999999999999 0.00010760971054672835
0.0188 0.8200000000000001 0.00046734649238241766
0.0188 0.8400000000000001 0.0002405280625108562
0.0188 0.8600000000000001 -0.0014971146507431377
0.0188 0.8799999999999999 0.004839052015550021
0.0188 0.8999999999999999 0.07591897780147047
0.0188 0.9199999999999999 0.3702686526263411
0.0188 0.94 1.8039186262609577
0.0188 0.96 5.796781348360413
0.0188 0.98 13.273279399456786
0.0188 1.0 24.46480678480834
0.0188 1.02 39.377009642586614
0.0188 1.0399999999999998 53.99557515715321
0.0188 1.0599999999999998 60.29544457262755
0.0188 1.0799999999999998 54.75136778336292
0.0188 1.0999999999999999 40.53429915042607
0.0188 1.12 24.713949495123668
0.0188 1.1400000000000001 12.741260447005637
0.0188 1.16 5.5892309290474085
0.0188 1.18 1.9987375982239084
0.0188 1.2 0.5484669903948612
0.0188 1.22 0.11185816248471125
0.0188 1.24 0.016781926280659026
0.0188 1.26 0.001837938278187262
0.0188 1.28 0.00014820894582761546
0.0188 1.3 8.953387387128523e-6
0.0196 0.6200000000000001 -6.127541985476058e-14
0.0196 0.64 6.0615851981880875e-15
0.0196 0.6599999999999999 -1.9648021108501518e-15
0.0196 0.6799999999999999 4.169501919916115e-13
0.0196 0.7 1.9870989393968913e-10
0.0196 0.72 2.9850317671306795e-8
0.0196 0.74 1.4334460281644436e-6
0.0196 0.76 2.0565088706887102e-5
0.0196 0.7799999999999999 7.846756565511223e-5
0.0196 0.7999999999999999 0.0002518062003505865
0.0196 0.8200000000000001 0.0011228206866011438
0.0196 0.8400000000000001 0.0008520357725122367
0.0196 0.8600000000000001 0.021395866808199035
0.0196 0.8799999999999999 0.26825879392416235
0.0196 0.8999999999999999 1.5083774890028339
0.0196 0.9199999999999999 5.815862640609518
0.0196 0.94 18.631467872710257
0.0196 0.96 44.25992093931886
0.0196 0.98 79.44713805090099
0.0196 1.0 117.30598374265305
0.0196 1.02 152.0792667002129
0.0196 1.0399999999999998 174.67740811907683
0.0196 1.0599999999999998 174.2360807365217
0.0196 1.0799999999999998 146.7918997782619
0.0196 1.0999999999999999 103.5706772973238
0.0196 1.12 62.97696935358757
0.0196 1.1400000000000001 33.95481626364
0.0196 1.16 15.71135362245545
0.0196 1.18 5.785557482658466
0.0196 1.2 1.596276689454225
0.0196 1.22 0.32289282275224357
0.0196 1.24 0.04777861279286509
0.0196 1.26 0.005160266150454451
0.0196 1.28 0.0004108810043544484
0.0196 1.3 2.4530108921046414e-5
0.0204 0.6200000000000001 -3.1724062128618366e-14
0.0204 0.64 1.4000822706588737e-14
0.0204 0.6599999999999999 2.1590770382318885e-14
0.0204 0.6799999999999999 1.233302024401702e-12
0.0204 0.7 5.912882982050488e-10
0.0204 0.72 8.880855599354347e-8
0.0204 0.74 4.261764807547412e-6
0.0204 0.76 6.100862662509204e-5
0.0204 0.7799999999999999 0.00023009339094583008
0.0204 0.7999999999999999 0.0007399053242080259
0.0204 0.8200000000000001 0.005021117639775077
0.0204 0.8400000000000001 0.04492601094149858
0.0204 0.8600000000000001 0.5283584095631407
0.0204 0.8799999999999999 3.602569809843574
0.0204 0.8999999999999999 14.534130702737688
0.0204 0.9199999999999999 41.09323504203122
0.0204 0.94 93.59368467812003
0.0204 0.96 171.48540899089207
0.0204 0.98 255.18632907182692
0.0204 1.0 320.1466171247183
0.0204 1.02 356.7630248075813
0.0204 1.0399999999999998 361.2963415505248
0.0204 1.0599999999999998 326.2342061867797
0.0204 1.0799999999999998 258.15557633762927
0.0204 1.0999999999999999 179.19697599381928
0.0204 1.12 110.48938002997318
0.0204 1.1400000000000001 59.86241706992408
0.0204 1.16 26.98126719365062
0.0204 1.18 9.49058105152938
0.0204 1.2 2.49733617819952
0.0204 1.22 0.48430940023953634
0.0204 1.24 0.0691573499706434
0.0204 1.26 0.007262271956787098
0.0204 1.28 0.0005654465259049901
0.0204 1.3 3.3116440277087845e-5
0.021200000000000004 0.6200000000000001 -2.0398210867250923e-13
0.021200000000000004 0.64 1.959179545299587e-14
0.021200000000000004 0.6599999999999999 -1.9286800965646487e-14
0.021200000000000004 0.6799999999999999 -1.3607507114141775e-12
0.021200000000000004 0.7 -6.416623020702176e-10
0.021200000000000004 0.72 -9.713013811304205e-8
0.021200000000000004 0.74 -4.780653707888406e-6
0.021200000000000004 0.76 -7.461675576161272e-5
0.021200000000000004 0.7799999999999999 -0.0003941408359628937
0.021200000000000004 0.7999999999999999 -9.774496837524592e-5
0.021200000000000004 0.8200000000000001 0.05222909125268716
0.021200000000000004 0.8400000000000001 0.7563896153904827
0.021200000000000004 0.8600000000000001 5.46547673611144
0.021200000000000004 0.8799999999999999 24.181848696348546
0.021200000000000004 0.8999999999999999 70.13816912415986
0.021200000000000004 0.9199999999999999 152.5372038162716
0.021200000000000004 0.94 272.48307670324874
0.021200000000000004 0.96 411.56539742913776
0.021200000000000004 0.98 528.8593444455217
0.021200000000000004 1.0 592.4505199085685
0.021200000000000004 1.02 593.4681956748826
0.021200000000000004 1.0399999999999998 540.1562376862677
0.021200000000000004 1.0599999999999998 447.6330708904815
0.021200000000000004 1.0799999999999998 338.1247102808164
0.021200000000000004 1.0999999999999999 232.00684518126195
0.021200000000000004 1.12 141.30610349169768
0.021200000000000004 1.1400000000000001 73.0092953734767
0.021200000000000004 1.16 30.348981942922062
0.021200000000000004 1.18 9.736786790308102
0.021200000000000004 1.2 2.3539123332654412
0.021200000000000004 1.22 0.42464364799724696
0.021200000000000004 1.24 0.05708797023664618
0.021200000000000004 1.26 0.0057138661074849
0.021200000000000004 1.28 0.0004280351282179575
0.021200000000000004 1.3 2.424734259393011e-5
0.022 0.6200000000000001 -2.5581746424814006e-13
0.022 0.64 1.709880949187107e-14
0.022 0.6599999999999999 -5.462168728153208e-14
0.022 0.6799999999999999 -1.7621731793182537e-11
0.022 0.7 -8.405095245997694e-9
0.022 0.72 -1.2696691279597519e-6
0.022 0.74 -6.156306282594907e-5
0.022 0.76 -0.0008533004720426309
0.022 0.7799999999999999 -0.00041060474201548103
0.022 0.7999999999999999 0.05867159015594941
0.022 0.8200000000000001 0.7651975759269867
0.022 0.8400000000000001 5.934032888606294
0.022 0.8600000000000001 28.042191624062415
0.022 0.8799999999999999 88.21128117087085
0.022 0.8999999999999999 199.13530492166993
0.022 0.9199999999999999 355.803097438312
0.022 0.94 537.8412603433488
0.022 0.96 708.2398017594197
0.022 0.98 817.3026796892826
0.022 1.0 837.8837143429582
0.022 1.02 772.1602388646912
0.022 1.0399999999999998 647.2570049959528
0.022 1.0599999999999998 501.8401687631965
0.022 1.0799999999999998 364.007105589799
0.022 1.0999999999999999 241.67053861154884
0.022 1.12 138.80093549376184
0.022 1.1400000000000001 65.19549013639086
0.022 1.16 24.130453651641197
0.022 1.18 6.894109226440339
0.022 1.2 1.5038213231985316
0.022 1.22 0.24857138669102852
0.022 1.24 0.031021194232760427
0.022 1.26 0.0029188451955320252
0.022 1.28 0.00020754489628084445
0.022 1.3 1.1213596013627987e-5
0.0228 0.6200000000000001 -1.8035181689026301e-13
0.0228 0.64 1.0125110081485521e-14
0.0228 0.6599999999999999 -7.043056855751357e-14
0.0228 0.6799999999999999 -5.0248079259494885e-11
0.0228 0.7 -2.3867731137580997e-8
0.0228 0.72 -3.532573524216802e-6
0.0228 0.74 -0.0001560729587581479
0.0228 0.76 -0.0009761285983292838
0.0228 0.7799999999999999 0.04192082123161269
0.0228 0.7999999999999999 0.7081979497469459
0.0228 0.8200000000000001 5.312570046875498
0.0228 0.8400000000000001 25.64190680216311
0.0228 0.8600000000000001 85.65177636055482
0.0228 0.8799999999999999 207.68195710482243
0.0228 0.8999999999999999 389.4347191924888
0.0228 0.9199999999999999 602.3533852598772
0.0228 0.94 809.5274021654485
0.0228 0.96 964.9130403804795
0.0228 0.98 1020.4001684921874
0.0228 1.0 966.6640386327098
0.0228 1.02 828.6084186488797
0.0228 1.0399999999999998 650.7638292096394
0.0228 1.0599999999999998 477.5843127090141
0.0228 1.0799999999999998 329.81979198697246
0.0228 1.0999999999999999 206.3233878829232
0.0228 1.12 108.95599029208111
0.0228 1.1400000000000001 45.841008946330824
0.0228 1.16 14.959197747596972
0.0228 1.18 3.7689164577899437
0.0228 1.2 0.7352820288073361
0.0228 1.22 0.11094690568196383
0.0228 1.24 0.01288950146826028
0.0228 1.26 0.001147907497298669
0.0228 1.28 7.819197004151873e-5
0.0228 1.3 4.075146003297534e-6
0.0236 0.6200000000000001 -9.292180755595114e-14
0.0236 0.64 5.579999464429661e-16
0.0236 0.6599999999999999 -1.3010736389179359e-13
0.0236 0.6799999999999999 -1.7154379468983197e-10
0.0236 0.7 -8.00339900741359e-8
0.0236 0.72 -1.1052084454210115e-5
0.0236 0.74 -0.0003524133755397053
0.0236 0.76 0.0063806384219554715
0.0236 0.7799999999999999 0.3292111386838666
0.0236 0.7999999999999999 3.730012367510984
0.0236 0.8200000000000001 20.271902153263564
0.0236 0.8400000000000001 70.60258649712227
0.0236 0.8600000000000001 180.03062957264274
0.0236 0.8799999999999999 354.79266006997676
0.0236 0.8999999999999999 576.6793602674328
0.0236 0.9199999999999999 806.4802722277714
0.0236 0.94 993.7284637458779
0.0236 0.96 1087.8701573972314
0.0236 0.98 1065.3117465622017
0.0236 1.0 942.9870781777164
0.0236 1.02 763.2792055422944
0.0236 1.0399999999999998 572.8731088915456
0.0236 1.0599999999999998 400.5088010746562
0.0236 1.0799999999999998 258.33806013764746
0.0236 1.0999999999999999 148.01746749111965
0.0236 1.12 70.48450808801834
0.0236 1.1400000000000001 26.313302331163385
0.0236 1.16 7.509661272891345
0.0236 1.18 1.6400912704812636
0.0236 1.2 0.27693377726254553
0.0236 1.22 0.03624258576272485
0.0236 1.24 0.0036476428111140713
0.0236 1.26 0.0002805749575847982
0.0236 1.28 1.6349158104447085e-5
0.0236 1.3 7.080759917920304e-7
0.024399999999999998 0.6200000000000001 -1.077014727201319e-13
0.024399999999999998 0.64 -7.25176237248818e-15
0.024399999999999998 0.6599999999999999 -1.2503352827273672e-13
0.024399999999999998 0.6799999999999999 -1.3737105656264838e-10
0.024399999999999998 0.7 -5.528126553593059e-8
0.024399999999999998 0.72 -2.875619538768144e-6
0.024399999999999998 0.74 0.0007799962220891573
0.024399999999999998 0.76 0.06214710096412194
0.024399999999999998 0.7799999999999999 1.3713606448127973
0.024399999999999998 0.7999999999999999 11.752643717541726
0.024399999999999998 0.8200000000000001 50.0011279572839
0.024399999999999998 0.8400000000000001 135.08713224563783
0.024399999999999998 0.8600000000000001 280.4985253486219
0.024399999999999998 0.8799999999999999 480.272378220675
0.024399999999999998 0.8999999999999999 705.3171367962761
0.024399999999999998 0.9199999999999999 902.6738250721734
0.024399999999999998 0.94 1023.3830526264392
0.024399999999999998 0.96 1042.8806144343941
0.024399999999999998 0.98 959.5169882642901
0.024399999999999998 1.0 802.0611694659813
0.024399999999999998 1.02 616.9407752535869
0.024399999999999998 1.0399999999999998 443.8961720377297
0.024399999999999998 1.0599999999999998 294.3880854503289
0.024399999999999998 1.0799999999999998 174.6281514755192
0.024399999999999998 1.0999999999999999 89.93872453805669
0.024399999999999998 1.12 38.29021836714807
0.024399999999999998 1.1400000000000001 12.73063613890678
0.024399999999999998 1.16 3.1981456211043846
0.024399999999999998 1.18 0.600008420090484
0.024399999999999998 1.2 0.08299243948538239
0.024399999999999998 1.22 0.007994800206340254
0.024399999999999998 1.24 0.00042993745332464147
0.024399999999999998 1.26 -4.42472971733821e-6
0.024399999999999998 1.28 -3.171523115717214e-6
0.024399999999999998 1.3 -3.241351055792454e-7
0.025200000000000004 0.6200000000000001 -4.3203640611515314e-14
0.025200000000000004 0.64 -1.2279508829348293e-14
0.025200000000000004 0.6599999999999999 4.151427521555058e-13
0.025200000000000004 0.6799999999999999 7.214932365809958e-10
0.025200000000000004 0.7 3.7462815489425804e-7
0.025200000000000004 0.72 7.222825054643278e-5
0.025200000000000004 0.74 0.006065398967400746
0.025200000000000004 0.76 0.22048561369352068
0.025200000000000004 0.7799999999999999 3.48562882415565
0.025200000000000004 0.7999999999999999 24.453147440319924
0.025200000000000004 0.8200000000000001 86.9985238961598
0.025200000000000004 0.8400000000000001 197.05735952229378
0.025200000000000004 0.8600000000000001 355.0150692420977
0.025200000000000004 0.8799999999999999 545.9754178599711
0.025200000000000004 0.8999999999999999 731.6565322358156
0.025200000000000004 0.9199999999999999 864.8271549412699
0.025200000000000004 0.94 911.7489958913195
0.025200000000000004 0.96 873.0668802456469
0.025200000000000004 0.98 760.8045430396833
0.025200000000000004 1.0 603.8183928058328
0.025200000000000004 1.02 443.0453765142773
0.025200000000000004 1.0399999999999998 303.5991037741356
0.025200000000000004 1.0599999999999998 188.5498050004479
0.025200000000000004 1.0799999999999998 102.0260232105764
0.025200000000000004 1.0999999999999999 47.164259308676634
0.025200000000000004 1.12 18.00208242313776
0.025200000000000004 1.1400000000000001 5.3762555680633906
0.025200000000000004 1.16 1.190288053685371
0.025200000000000004 1.18 0.17864345759874098
0.025200000000000004 1.2 0.012311815799501953
0.025200000000000004 1.22 -0.0018004939710944432
0.025200000000000004 1.24 -0.0006959696147907905
0.025200000000000004 1.26 -0.00010888387899917161
0.025200000000000004 1.28 -1.079444910081687e-5
0.025200000000000004 1.3 -7.570034072512204e-7
0.026000000000000002 0.6200000000000001 -1.690632809353255e-14
0.026000000000000002 0.64 -1.2648994766579502e-14
0.026000000000000002 0.6599999999999999 1.4822741159198422e-12
0.026000000000000002 0.6799999999999999 2.386794524045749e-9
0.026000000000000002 0.7 1.1951093767735924e-6
0.026000000000000002 0.72 0.00020898759382322318
0.026000000000000002 0.74 0.014745550543407211
0.026000000000000002 0.76 0.44424090446113934
0.026000000000000002 0.7799999999999999 6.003573955539712
0.026000000000000002 0.7999999999999999 37.09113440914325
0.026000000000000002 0.8200000000000001 116.16236387748945
0.026000000000000002 0.8400000000000001 231.21141475777995
0.026000000000000002 0.8600000000000001 375.54537175910986
0.026000000000000002 0.8799999999999999 530.8933816262805
0.026000000000000002 0.8999999999999999 658.2030228277309
0.026000000000000002 0.9199999999999999 724.5447437434478
0.026000000000000002 0.94 712.6154902192269
0.026000000000000002 0.96 645.6021897524686
0.026000000000000002 0.98 539.6769389582162
0.026000000000000002 1.0 408.3161848593321
0.026000000000000002 1.02 283.1952631573467
0.026000000000000002 1.0399999999999998 182.6655749316981
0.026000000000000002 1.0599999999999998 105.18291788115579
0.026000000000000002 1.0799999999999998 51.82275167470313
0.026000000000000002 1.0999999999999999 21.630597545172353
0.026000000000000002 1.12 7.457852955967518
0.026000000000000002 1.1400000000000001 2.005242972156388
0.026000000000000002 1.16 0.39016885031557474
0.026000000000000002 1.18 0.04620956844172288
0.026000000000000002 1.2 -0.0001689344904519165
0.026000000000000002 1.22 -0.0015219480572921402
0.026000000000000002 1.24 -0.00038265301481450254
0.026000000000000002 1.26 -5.449657835895133e-5
0.026000000000000002 1.28 -5.218176518374449e-6
0.026000000000000002 1.3 -3.603824915104719e-7
0.0268 0.6200000000000001 1.244276570496477e-14
0.0268 0.64 -1.1189275232941563e-14
0.0268 0.6599999999999999 2.8755774348808775e-12
0.0268 0.6799999999999999 4.538526093289357e-9
0.0268 0.7 2.2444935575803464e-6
0.0268 0.72 0.0003784357129281325
0.0268 0.74 0.024686139065780162
0.0268 0.76 0.6667886239191319
0.0268 0.7799999999999999 8.038312294545163
0.0268 0.7999999999999999 44.877786265189556
0.0268 0.8200000000000001 127.39546491769157
0.0268 0.8400000000000001 229.39050426397043
0.0268 0.8600000000000001 339.87969993910434
0.0268 0.8799999999999999 446.0188118316599
0.0268 0.8999999999999999 521.0987763490684
0.0268 0.9199999999999999 540.5195754921795
0.0268 0.94 500.3200624649891
0.0268 0.96 431.9934350616158
0.0268 0.98 346.3998534052985
0.0268 1.0 247.75692239010576
0.0268 1.02 160.265263942775
0.0268 1.0399999999999998 96.5548328496406
0.0268 1.0599999999999998 51.60371857640857
0.0268 1.0799999999999998 23.37170263763475
0.0268 1.0999999999999999 8.89453459270703
0.0268 1.12 2.799654014050373
0.0268 1.1400000000000001 0.6895490755954516
0.0268 1.16 0.11811488219268977
0.0268 1.18 0.007968164085604643
0.0268 1.2 -0.002802998615045385
0.0268 1.22 -0.0012336153919461181
0.0268 1.24 -0.00026354620327438655
0.0268 1.26 -3.576751939052469e-5
0.0268 1.28 -3.354137517998903e-6
0.0268 1.3 -2.2888616591622677e-7
0.027600000000000003 0.6200000000000001 8.417565531012913e-15
0.027600000000000003 0.64 -8.50887149499382e-15
0.027600000000000003 0.6599999999999999 3.748864345546954e-12
0.027600000000000003 0.6799999999999999 5.882418467600749e-9
0.027600000000000003 0.7 2.894277120828607e-6
0.027600000000000003 0.72 0.00048045269752719386
0.027600000000000003 0.74 0.030217465592649116
0.027600000000000003 0.76 0.7696157079101799
0.027600000000000003 0.7799999999999999 8.619818963687464
0.027600000000000003 0.7999999999999999 44.59247259182511
0.027600000000000003 0.8200000000000001 117.05571217301235
0.027600000000000003 0.8400000000000001 194.85139134049814
0.027600000000000003 0.8600000000000001 267.2907836681612
0.027600000000000003 0.8799999999999999 331.32773799166705
0.027600000000000003 0.8999999999999999 372.9796367575254
0.027600000000000003 0.9199999999999999 366.6573293480801
0.027600000000000003 0.94 317.65248488347993
0.027600000000000003 0.96 261.7626979305756
0.027600000000000003 0.98 201.60498027193262
0.027600000000000003 1.0 135.86788529526493
0.027600000000000003 1.02 81.74582315188354
0.027600000000000003 1.0399999999999998 45.7321334071507
0.027600000000000003 1.0599999999999998 22.578629078673387
0.027600000000000003 1.0799999999999998 9.410570390138384
0.027600000000000003 1.0999999999999999 3.279278608726095
0.027600000000000003 1.12 0.9477025534535259
0.027600000000000003 1.1400000000000001 0.21889104280676674
0.027600000000000003 1.16 0.03722240819108405
0.027600000000000003 1.18 0.003583185421865308
0.027600000000000003 1.2 -0.0002558817524605422
0.027600000000000003 1.22 -0.00019760787461868624
0.027600000000000003 1.24 -4.585918573453164e-5
0.027600000000000003 1.26 -6.430357786015636e-6
0.027600000000000003 1.28 -6.154456194682897e-7
0.027600000000000003 1.3 -4.271348018899282e-8
0.0284 0.6200000000000001 1.8133811078909134e-14
0.0284 0.64 -5.789117450443917e-15
0.0284 0.6599999999999999 4.0614866442185895e-12
0.0284 0.6799999999999999 6.358812758343423e-9
0.0284 0.7 3.1158543377864425e-6
0.0284 0.72 0.0005107130527207001
0.0284 0.74 0.031143736457386283
0.0284 0.76 0.7523273541090356
0.0284 0.7799999999999999 7.850619702763703
0.0284 0.7999999999999999 37.728049038049576
0.0284 0.8200000000000001 92.39019077937724
0.0284 0.8400000000000001 144.36343566197763
0.0284 0.8600000000000001 186.29002371508773
0.0284 0.8799999999999999 222.6675408505249
0.0284 0.8999999999999999 243.695112468182
0.0284 0.9199999999999999 226.15424660797112
0.0284 0.94 183.25805159161132
0.0284 0.96 144.87756429661172
0.0284 0.98 107.08153525385163
0.0284 1.0 67.64740821260592
0.0284 1.02 37.74818013147473
0.0284 1.0399999999999998 19.596224469732974
0.0284 1.0599999999999998 8.950749049376148
0.0284 1.0799999999999998 3.4487730796762253
0.0284 1.0999999999999999 1.1101026899950048
0.0284 1.12 0.29729310620898924
0.0284 1.1400000000000001 0.06617965096774207
0.0284 1.16 0.012368386539245765
0.0284 1.18 0.0020349280285099774
0.0284 1.2 0.00031564040372609114
0.0284 1.22 4.58667404457031e-5
0.0284 1.24 5.738583167108502e-6
0.0284 1.26 5.674248148217921e-7
0.0284 1.28 4.2337138708999977e-8
0.0284 1.3 2.351645455225533e-9
0.0292 0.6200000000000001 1.117363291916378e-14
0.0292 0.64 -3.3180507477675337e-15
0.0292 0.6599999999999999 3.7348278690103276e-12
0.0292 0.6799999999999999 5.8367282928221905e-9
0.0292 0.7 2.8505979929629937e-6
0.0292 0.72 0.0004624367363382473
0.0292 0.74 0.02747792839011715
0.0292 0.76 0.6332988906066863
0.0292 0.7799999999999999 6.177678591457947
0.0292 0.7999999999999999 27.613215988448577
0.0292 0.8200000000000001 63.387895247373756
0.0292 0.8400000000000001 93.93403014639738
0.0292 0.8600000000000001 115.99566939048185
0.0292 0.8799999999999999 137.37271756824134
0.0292 0.8999999999999999 146.9023519844626
0.0292 0.9199999999999999 127.43413435042214
0.0292 0.94 96.66574204275078
0.0292 0.96 73.3142397733087
0.0292 0.98 51.75036255053361
0.0292 1.0 30.652872665785264
0.0292 1.02 15.914761541787136
0.0292 1.0399999999999998 7.678110777621608
0.0292 1.0599999999999998 3.2780931021107294
0.0292 1.0799999999999998 1.175386082718585
0.0292 1.0999999999999999 0.3482750891717267
0.0292 1.12 0.08600925325563485
0.0292 1.1400000000000001 0.017571562151590808
0.0292 1.16 0.002867835692733215
0.0292 1.18 0.0003887481070756909
0.0292 1.2 5.310560595284193e-5
0.0292 1.22 7.673863697487837e-6
0.0292 1.24 9.427428320555471e-7
0.0292 1.26 8.416974382340541e-8
0.0292 1.28 4.9423612910017844e-9
0.0292 1.3 1.5371312584598826e-10
0.030000000000000002 0.6200000000000001 8.587122961495587e-15
0.030000000000000002 0.64 -1.6502548264185648e-15
0.030000000000000002 0.6599999999999999 2.9142252980222357e-12
0.030000000000000002 0.6799999999999999 4.551999815657252e-9
0.030000000000000002 0.7 2.2173890071510774e-6
0.030000000000000002 0.72 0.00035678523174718815
0.030000000000000002 0.74 0.020758268657348235
0.030000000000000002 0.76 0.45965704814861075
0.030000000000000002 0.7799999999999999 4.217359804332336
0.030000000000000002 0.7999999999999999 17.609192490646755
0.030000000000000002 0.8200000000000001 38.22879436330273
0.030000000000000002 0.8400000000000001 54.817760805577855
0.030000000000000002 0.8600000000000001 66.7332367464309
0.030000000000000002 0.8799999999999999 79.30172753965412
0.030000000000000002 0.8999999999999999 81.8079423579374
0.030000000000000002 0.9199999999999999 65.89087667183725
0.030000000000000002 0.94 46.94026668798742
0.030000000000000002 0.96 34.17552178963767
0.030000000000000002 0.98 22.993459347543183
0.030000000000000002 1.0 12.767860065456036
0.030000000000000002 1.02 6.196826933756624
0.030000000000000002 1.0399999999999998 2.782441859257852
0.030000000000000002 1.0599999999999998 1.11712010655598
0.030000000000000002 1.0799999999999998 0.3773875984254154
0.030000000000000002 1.0999999999999999 0.10426191301352504
0.030000000000000002 1.12 0.02383829946676215
0.030000000000000002 1.1400000000000001 0.004298490798906519
0.030000000000000002 1.16 0.00046961476128083945
0.030000000000000002 1.18 -3.4067213336832347e-6
0.030000000000000002 1.2 -1.1100797642861756e-5
0.030000000000000002 1.22 -2.4987228827889897e-6
0.030000000000000002 1.24 -4.1948250375570667e-7
0.030000000000000002 1.26 -5.570213268149805e-8
0.030000000000000002 1.28 -5.656345205971727e-9
0.030000000000000002 1.3 -4.3518825435865834e-10
0.0308 0.6200000000000001 6.052612729903891e-15
0.0308 0.64 -7.123567161962444e-16
0.0308 0.6599999999999999 1.901127364479333e-12
0.0308 0.6799999999999999 2.968104552498717e-9
0.0308 0.7 1.4433720091858355e-6
0.0308 0.72 0.00023099002095924019
0.0308 0.74 0.013249530906491362
0.0308 0.76 0.2852410128669265
0.0308 0.7799999999999999 2.4993352147067154
0.0308 0.7999999999999999 9.881464554371272
0.0308 0.8200000000000001 20.528886987453006
0.0308 0.8400000000000001 28.981536895880687
0.0308 0.8600000000000001 35.70544134861611
0.0308 0.8799999999999999 42.74178124289626
0.0308 0.8999999999999999 42.0676692414584
0.0308 0.9199999999999999 31.51234078566948
0.0308 0.94 21.24823565680755
0.0308 0.96 14.85644989759055
0.0308 0.98 9.536336088905475
0.0308 1.0 4.960679479241726
0.0308 1.02 2.278518758606758
0.0308 1.0399999999999998 0.955064525522741
0.0308 1.0599999999999998 0.35510747654476155
0.0308 1.0799999999999998 0.11493017684795323
0.0308 1.0999999999999999 0.03254292436456768
0.0308 1.12 0.007739536390583669
0.0308 1.1400000000000001 0.0017523830051346194
0.0308 1.16 0.0005127359342486458
0.0308 1.18 0.00018083798712658952
0.0308 1.2 5.677287108403529e-5
0.0308 1.22 1.388637371621002e-5
0.0308 1.24 2.4980604846982665e-6
0.0308 1.26 3.1714352933546664e-7
0.0308 1.28 2.880830245288127e-8
0.0308 1.3 1.9294008531139585e-9
0.0316 0.6200000000000001 3.353679963551393e-15
0.0316 0.64 -2.7282423616678463e-16
0.0316 0.6599999999999999 1.0723811414449996e-12
0.0316 0.6799999999999999 1.673724305404928e-9
0.0316 0.7 8.12986920035904e-7
0.0316 0.72 0.00012963017438941975
0.0316 0.74 0.007363230009848724
0.0316 0.76 0.15538755286303826
0.0316 0.7799999999999999 1.3155202445557854
0.0316 0.7999999999999999 4.980028159677167
0.0316 0.8200000000000001 9.99289024754732
0.0316 0.8400000000000001 14.112071518728749
0.0316 0.8600000000000001 17.985559994765822
0.0316 0.8799999999999999 21.6317011437477
0.0316 0.8999999999999999 20.17248606635986
0.0316 0.9199999999999999 14.06741461648683
0.0316 0.94 9.042414877426479
0.0316 0.96 6.083188952034603
0.0316 0.98 3.7203069842521206
0.0316 1.0 1.8239216417038877
0.0316 1.02 0.790093494307772
0.0316 1.0399999999999998 0.3100408836030403
0.0316 1.0599999999999998 0.10745602240431776
0.0316 1.0799999999999998 0.03331527074542044
0.0316 1.0999999999999999 0.009638713603916167
0.0316 1.12 0.002364547503960922
0.0316 1.1400000000000001 0.0005915562130682253
0.0316 1.16 0.00021208525801287505
0.0316 1.18 7.935991922264902e-5
0.0316 1.2 2.3769168748503942e-5
0.0316 1.22 5.538260470599333e-6
0.0316 1.24 9.745917276335166e-7
0.0316 1.26 1.231911150027951e-7
0.0316 1.28 1.1239510978882831e-8
0.0316 1.3 7.595588298531303e-10
0.032400000000000005 0.6200000000000001 1.5370063914077112e-15
0.032400000000000005 0.64 -9.79033924973888e-17
0.032400000000000005 0.6599999999999999 5.377659921842317e-13
0.032400000000000005 0.6799999999999999 8.392796158646113e-10
0.032400000000000005 0.7 4.0734843272615614e-7
0.032400000000000005 0.72 6.478901930788448e-5
0.032400000000000005 0.74 0.003655473888722632
0.032400000000000005 0.76 0.07607467468542595
0.032400000000000005 0.7799999999999999 0.6283915813112193
0.032400000000000005 0.7999999999999999 2.305361173789844
0.032400000000000005 0.8200000000000001 4.529602036122417
0.032400000000000005 0.8400000000000001 6.508138919133169
0.032400000000000005 0.8600000000000001 8.657103124993867
0.032400000000000005 0.8799999999999999 10.337174426065024
0.032400000000000005 0.8999999999999999 9.062283586598161
0.032400000000000005 0.9199999999999999 5.890600563762083
0.032400000000000005 0.94 3.6211691146412273
0.032400000000000005 0.96 2.35481567725638
0.032400000000000005 0.98 1.3732519061170252
0.032400000000000005 1.0 0.6338171600691057
0.032400000000000005 1.02 0.26177132652675184
0.032400000000000005 1.0399999999999998 0.09622490822368575
0.032400000000000005 1.0599999999999998 0.03113161402370259
0.032400000000000005 1.0799999999999998 0.009460068200463644
0.032400000000000005 1.0999999999999999 0.002887243504012587
0.032400000000000005 1.12 0.0007552036337216248
0.032400000000000005 1.1400000000000001 0.00023035716659376799
0.032400000000000005 1.16 0.00011016259232743338
0.032400000000000005 1.18 5.082251590289622e-5
0.032400000000000005 1.2 1.7672610352051465e-5
0.032400000000000005 1.22 4.511926013269644e-6
0.032400000000000005 1.24 8.284467218475239e-7
0.032400000000000005 1.26 1.0627775984052096e-7
0.032400000000000005 1.28 9.714311782694636e-9
0.032400000000000005 1.3 6.535610125661709e-10
0.0332 0.6200000000000001 5.826615329172706e-16
0.0332 0.64 -3.537125286341047e-17
0.0332 0.6599999999999999 2.38126085371961e-13
0.0332 0.6799999999999999 3.715619960837168e-10
0.0332 0.7 1.8026667875664885e-7
0.0332 0.72 2.8634528510277664e-5
0.0332 0.74 0.001609972235477792
0.0332 0.76 0.033261819363057964
0.0332 0.7799999999999999 0.27119451250393356
0.0332 0.7999999999999999 0.9794471945445722
0.0332 0.8200000000000001 1.9210297067979534
0.0332 0.8400000000000001 2.871241105068298
0.0332 0.8600000000000001 3.9985889826136094
0.0332 0.8799999999999999 4.664353243754775
0.0332 0.8999999999999999 3.82368668414378
0.0332 0.9199999999999999 2.334542345665987
0.0332 0.94 1.3890274610524076
0.0332 0.96 0.8744255111036272
0.0332 0.98 0.4835827904804418
0.0332 1.0 0.2109696725259669
0.0332 1.02 0.08243442518254494
0.0332 1.0399999999999998 0.028979441132362397
0.0332 1.0599999999999998 0.009146933266073267
0.0332 1.0799999999999998 0.0026983930568449045
0.0332 1.0999999999999999 0.0007745088598314178
0.0332 1.12 0.00018861303546663477
0.0332 1.1400000000000001 4.546358275305377e-5
0.0332 1.16 1.7944559093961614e-5
0.0332 1.18 8.947135002509727e-6
0.0332 1.2 3.4779161266363124e-6
0.0332 1.22 9.501742035311958e-7
0.0332 1.24 1.7996422467336123e-7
0.0332 1.26 2.335918381612376e-8
0.0332 1.28 2.1415062937592445e-9
0.0332 1.3 1.438958223188284e-10
0.034 0.6200000000000001 2.1019254209786021e-16
0.034 0.64 -1.361441280797094e-17
0.034 0.6599999999999999 9.709254417019532e-14
0.034 0.6799999999999999 1.5149563172163946e-10
0.034 0.7 7.347812172293089e-8
0.034 0.72 1.1660815849728526e-5
0.034 0.74 0.0006539873899995343
0.034 0.76 0.013441323449641418
0.034 0.7799999999999999 0.10862613349318732
0.034 0.7999999999999999 0.3893262436806861
0.034 0.8200000000000001 0.7747211857756877
0.034 0.8400000000000001 1.223839885925435
0.034 0.8600000000000001 1.7678366446671963
0.034 0.8799999999999999 1.994294792109438
0.034 0.8999999999999999 1.5320872240607677
0.034 0.9199999999999999 0.8841866684628614
0.034 0.94 0.5118219646269506
0.034 0.96 0.3137444647520016
0.034 0.98 0.165356757172917
0.034 1.0 0.06821298038792216
0.034 1.02 0.025100406056109106
0.034 1.0399999999999998 0.008330063633659443
0.034 1.0599999999999998 0.0025368709713025133
0.034 1.0799999999999998 0.0006970049351672344
0.034 1.0999999999999999 0.00016636271812230208
0.034 1.12 3.431149116059737e-5
0.034 1.1400000000000001 7.209309254041728e-6
0.034 1.16 2.9201719152460435e-6
0.034 1.18 2.053467070102414e-6
0.034 1.2 9.918065771725347e-7
0.034 1.22 2.978102228831244e-7
0.034 1.24 5.834222691199829e-8
0.034 1.26 7.638233648553165e-9
0.034 1.28 6.989092813093087e-10
0.034 1.3 4.662611700568594e-11
0.0348 0.6200000000000001 7.28156372622866e-17
0.0348 0.64 -5.764748951072675e-18
0.0348 0.6599999999999999 3.69622921901407e-14
0.0348 0.6799999999999999 5.7675436041568776e-11
0.0348 0.7 2.796940842501908e-8
0.0348 0.72 4.436548040802238e-6
0.0348 0.74 0.0002485005032982474
0.0348 0.76 0.00509430243508474
0.0348 0.7799999999999999 0.04101955570020991
0.0348 0.7999999999999999 0.1472974011383644
0.0348 0.8200000000000001 0.3023689745827024
0.0348 0.8400000000000001 0.5095820609629805
0.0348 0.8600000000000001 0.752342239924871
0.0348 0.8799999999999999 0.8116811374426964
0.0348 0.8999999999999999 0.5847254195616575
0.0348 0.9199999999999999 0.32170499661588264
0.0348 0.94 0.18229768402006497
0.0348 0.96 0.1086946668680525
0.0348 0.98 0.054452202520320625
0.0348 1.0 0.021295081797394828
0.0348 1.02 0.007607048551983239
0.0348 1.0399999999999998 0.0024103948203917807
0.0348 1.0599999999999998 0.0007097522221862676
0.0348 1.0799999999999998 0.00019477169304020242
0.0348 1.0999999999999999 4.4838304763044e-5
0.0348 1.12 8.757828656632224e-6
0.0348 1.1400000000000001 1.4112068632697545e-6
0.0348 1.16 5.39390890444808e-7
0.0348 1.18 6.361409966867889e-7
0.0348 1.2 3.6736507665622773e-7
0.0348 1.22 1.1722046666485604e-7
0.0348 1.24 2.3471065000835323e-8
0.0348 1.26 3.0959674725881254e-9
0.0348 1.28 2.837912244493386e-10
0.0348 1.3 1.8915621079791296e-11
0.0356 0.6200000000000001 2.6366176382992087e-17
0.0356 0.64 -2.59479152552614e-18
0.0356 0.6599999999999999 1.3368491046918388e-14
0.0356 0.6799999999999999 2.0861380340260452e-11
0.0356 0.7 1.0115584199457478e-8
0.0356 0.72 1.6040352675782598e-6
0.0356 0.74 8.977233585293301e-5
0.0356 0.76 0.0018378637755849575
0.0356 0.7799999999999999 0.014794327144514244
0.0356 0.7999999999999999 0.05373739446383796
0.0356 0.8200000000000001 0.11594877596469698
0.0356 0.8400000000000001 0.20889903494887568
0.0356 0.8600000000000001 0.3090175723503799
0.0356 0.8799999999999999 0.3161572582861559
0.0356 0.8999999999999999 0.2141940162578794
0.0356 0.9199999999999999 0.11323716182826947
0.0356 0.94 0.0630128996060331
0.0356 0.96 0.036475294293450235
0.0356 0.98 0.0174690264769419
0.0356 1.0 0.006514019760414535
0.0356 1.02 0.0022756366040248177
0.0356 1.0399999999999998 0.0006820446890086826
0.0356 1.0599999999999998 0.00019061237494806497
0.0356 1.0799999999999998 5.323208118576333e-5
0.0356 1.0999999999999999 1.3110475878052226e-5
0.0356 1.12 2.740827046191927e-6
0.0356 1.1400000000000001 4.515058705751563e-7
0.0356 1.16 2.0003651750961182e-7
0.0356 1.18 2.44633972525402e-7
0.0356 1.2 1.4078752326281783e-7
0.0356 1.22 4.485251661291698e-8
0.0356 1.24 8.982004073572554e-9
0.0356 1.26 1.1856115341569583e-9
0.0356 1.28 1.087840815674647e-10
0.0356 1.3 7.25932486095428e-12
0.0364 0.6200000000000001 8.818819463367344e-18
0.0364 0.64 -1.1698123369059701e-18
0.0364 0.6599999999999999 4.661708978495265e-15
0.0364 0.6799999999999999 7.2756743428670264e-12
0.0364 0.7 3.527553760164466e-9
0.0364 0.72 5.591805888647739e-7
0.0364 0.74 3.1270669742447466e-5
0.0364 0.76 0.0006395757698026536
0.0364 0.7799999999999999 0.005159009262901432
0.0364 0.7999999999999999 0.019129507458084557
0.0364 0.8200000000000001 0.044030602923960147
0.0364 0.8400000000000001 0.08414426263861015
0.0364 0.8600000000000001 0.12251581415858322
0.0364 0.8799999999999999 0.11840014502647243
0.0364 0.8999999999999999 0.07571956267130313
0.0364 0.9199999999999999 0.03866739213459326
0.0364 0.94 0.021223997003008612
0.0364 0.96 0.01194991432237125
0.0364 0.98 0.005493772883843207
0.0364 1.0 0.001949686502735873
0.0364 1.02 0.0006779812250792737
0.0364 1.0399999999999998 0.00018799784311395443
0.0364 1.0599999999999998 4.893953606969703e-5
0.0364 1.0799999999999998 1.4581048725103301e-5
0.0364 1.0999999999999999 3.869999475600291e-6
0.0364 1.12 8.723806182947945e-7
0.0364 1.1400000000000001 1.6086576189139448e-7
0.0364 1.16 1.0655840993657628e-7
0.0364 1.18 1.3711638708384964e-7
0.0364 1.2 7.848390506293971e-8
0.0364 1.22 2.4927601609037337e-8
0.0364 1.24 4.985676904963418e-9
0.0364 1.26 6.577867748314451e-10
0.0364 1.28 6.034492421690817e-11
0.0364 1.3 4.026904049534636e-12
0.037200000000000004 0.6200000000000001 3.3519811794840032e-18
0.037200000000000004 0.64 -5.138665145270996e-19
0.037200000000000004 0.6599999999999999 1.5835504121255214e-15
0.037200000000000004 0.6799999999999999 2.4717673075667107e-12
0.037200000000000004 0.7 1.1982550255603342e-9
0.037200000000000004 0.72 1.8986848680502197e-7
0.037200000000000004 0.74 1.060822853284019e-5
0.037200000000000004 0.76 0.0002167961790964582
0.037200000000000004 0.7799999999999999 0.0017560621000617096
0.037200000000000004 0.7999999999999999 0.006703933923174363
0.037200000000000004 0.8200000000000001 0.016602596452408545
0.037200000000000004 0.8400000000000001 0.03325107379311436
0.037200000000000004 0.8600000000000001 0.04704550656565624
0.037200000000000004 0.8799999999999999 0.0427548755196303
0.037200000000000004 0.8999999999999999 0.02591205574941766
0.037200000000000004 0.9199999999999999 0.01292154720550052
0.037200000000000004 0.94 0.007020654010666806
0.037200000000000004 0.96 0.003813841120848443
0.037200000000000004 0.98 0.0016703507511029716
0.037200000000000004 1.0 0.0005637797182902265
0.037200000000000004 1.02 0.00019778698246835472
0.037200000000000004 1.0399999999999998 5.129943573899935e-5
0.037200000000000004 1.0599999999999998 1.1104878914659994e-5
0.037200000000000004 1.0799999999999998 3.935695032563988e-6
0.037200000000000004 1.0999999999999999 1.8732460379510617e-6
0.037200000000000004 1.12 6.263530182140452e-7
0.037200000000000004 1.1400000000000001 2.2983583320095774e-7
0.037200000000000004 1.16 1.4352042661831286e-7
0.037200000000000004 1.18 8.96459403032698e-8
0.037200000000000004 1.2 3.825887948514526e-8
0.037200000000000004 1.22 1.0868499941178006e-8
0.037200000000000004 1.24 2.0891469282121357e-9
0.037200000000000004 1.26 2.724250880186671e-10
0.037200000000000004 1.28 2.4985681766218e-11
0.037200000000000004 1.3 1.6762387982149827e-12
