3.36 0.974 1.8272266105895553e-15
3.36 0.976 -9.315490636217796e-17
3.36 0.978 -3.4036073768439954e-19
3.36 0.98 2.356798200202796e-19
3.36 0.982 3.5222982821877056e-20
3.36 0.984 4.62844816219678e-22
3.36 0.986 1.6683061621420313e-25
3.36 0.988 -1.4010882036516005e-28
3.36 0.99 -9.798539350660443e-29
3.36 0.992 4.840187308102737e-28
3.36 0.994 1.3149212156578694e-26
3.36 0.996 4.1426590121887007e-26
3.36 0.998 -1.0695178522930105e-26
3.36 1.0 -2.1899213986061392e-24
3.36 1.002 -5.181603947838047e-24
3.36 1.004 7.027656727361625e-24
3.36 1.006 4.523900116950183e-23
3.36 1.008 -1.7820403809146577e-21
3.36 1.01 -5.339280711184918e-19
3.36 1.012 -2.992725118793945e-17
3.36 1.014 -1.4592698264052668e-16
3.36 1.016 -9.88972395487503e-18
3.36 1.018 -2.8465565993114466e-20
3.36 1.02 -1.2085966327254039e-17
3.36 1.022 -5.62368659298728e-16
3.36 1.024 -1.1709627029542949e-14
3.36 1.026 -1.2087849700191287e-15
3.36 1.028 -1.8737413914567443e-18
3.36 1.03 2.6175482544792172e-20
3.36 1.032 9.668088161649604e-17
3.36 1.034 1.517700343057171e-15
3.36 1.036 1.3172025938695376e-16
3.36 1.038 9.168500691993906e-19
3.36 1.04 1.2731551804555336e-19
3.36 1.042 2.120973227397264e-19
3.36 1.044 2.7165122040856156e-20
3.36 1.046 1.6979326510925286e-22
3.36 1.048 2.0028705662381508e-25
3.4000000000000004 0.974 5.1536026976374773e-14
3.4000000000000004 0.976 3.3721342309276924e-15
3.4000000000000004 0.978 3.684517593377187e-16
3.4000000000000004 0.98 1.901185081873156e-15
3.4000000000000004 0.982 1.216887622715756e-16
3.4000000000000004 0.984 5.560035745890741e-19
3.4000000000000004 0.986 5.262209461396811e-22
3.4000000000000004 0.988 5.043162629901328e-25
3.4000000000000004 0.99 -4.790452500877065e-25
3.4000000000000004 0.992 -6.960767019250139e-26
3.4000000000000004 0.994 2.8907629765918524e-26
3.4000000000000004 0.996 2.008349132220906e-26
3.4000000000000004 0.998 -6.2114987335145385e-27
3.4000000000000004 1.0 -9.581532927210535e-25
3.4000000000000004 1.002 -2.267632748581776e-24
3.4000000000000004 1.004 3.075351705164595e-24
3.4000000000000004 1.006 1.9797010290081296e-23
3.4000000000000004 1.008 -7.798376621660709e-22
3.4000000000000004 1.01 -2.3365195483388947e-19
3.4000000000000004 1.012 -1.3096447107966167e-17
3.4000000000000004 1.014 -6.38590225936594e-17
3.4000000000000004 1.016 -4.327836388122459e-18
3.4000000000000004 1.018 -1.2456800898016641e-20
3.4000000000000004 1.02 -5.288933466942313e-18
3.4000000000000004 1.022 -2.4609783306262003e-16
3.4000000000000004 1.024 -5.124243122032419e-15
3.4000000000000004 1.026 -5.289756926909809e-16
3.4000000000000004 1.028 -8.203345638231867e-19
3.4000000000000004 1.03 -7.904454051077525e-21
3.4000000000000004 1.032 -2.8400654978304904e-17
3.4000000000000004 1.034 -4.458336203274611e-16
3.4000000000000004 1.036 -3.869361974619477e-17
3.4000000000000004 1.038 -2.693302314087171e-19
3.4000000000000004 1.04 -3.7399700440126356e-20
3.4000000000000004 1.042 -6.23048663370361e-20
3.4000000000000004 1.044 -7.979918256024816e-21
3.4000000000000004 1.046 -4.9877794547175514e-23
3.4000000000000004 1.048 -5.883552962315606e-26
3.44 0.974 2.8895396912123676e-8
3.44 0.976 1.2605020650135818e-9
3.44 0.978 2.7467440215212713e-11
3.44 0.98 -5.579399460989943e-13
3.44 0.982 -6.399513628558509e-14
3.44 0.984 -1.7221550378086232e-16
3.44 0.986 -5.174925190470893e-19
3.44 0.988 4.117784536392914e-20
3.44 0.99 7.887315858929053e-21
3.44 0.992 -9.875923679117232e-23
3.44 0.994 -3.5705240244818184e-22
3.44 0.996 -2.504217733845583e-22
3.44 0.998 -1.569058472284097e-23
3.44 1.0 3.374717575942124e-23
3.44 1.002 -2.0710219233970956e-23
3.44 1.004 -2.45412347606103e-24
3.44 1.006 6.529146010884946e-24
3.44 1.008 -2.2944484090741237e-22
3.44 1.01 -6.860812994838468e-20
3.44 1.012 -3.845503969852172e-18
3.44 1.014 -1.8750893802622192e-17
3.44 1.016 -1.2707804908520278e-18
3.44 1.018 -3.657683574835862e-21
3.44 1.02 -1.552986917088718e-18
3.44 1.022 -7.226158673778849e-17
3.44 1.024 -1.50462902275885e-15
3.44 1.026 -1.5532287610423675e-16
3.44 1.028 -2.4084816021591667e-19
3.44 1.03 -9.372724112995984e-22
3.44 1.032 -3.285278966481488e-18
3.44 1.034 -5.1572219122624636e-17
3.44 1.036 -4.475920479723201e-18
3.44 1.038 -3.1155025271980985e-20
3.44 1.04 -4.32624615998579e-21
3.44 1.042 -7.207175372126707e-21
3.44 1.044 -9.230847457364432e-22
3.44 1.046 -5.769802938701493e-24
3.44 1.048 -6.862175247045536e-27
3.4800000000000004 0.974 6.27581541470871e-8
3.4800000000000004 0.976 1.6773846546383944e-6
3.4800000000000004 0.978 1.3988461480622122e-7
3.4800000000000004 0.98 6.03245443298292e-8
3.4800000000000004 0.982 3.0536500627662454e-9
3.4800000000000004 0.984 3.829807421985583e-11
3.4800000000000004 0.986 2.971843475919804e-13
3.4800000000000004 0.988 2.492348412765737e-15
3.4800000000000004 0.99 8.722424629623604e-18
3.4800000000000004 0.992 -1.9835363179458066e-17
3.4800000000000004 0.994 -1.523602310918027e-18
3.4800000000000004 0.996 -1.2754005331606694e-18
3.4800000000000004 0.998 -8.026857917353624e-19
3.4800000000000004 1.0 -4.0919885201569944e-19
3.4800000000000004 1.002 -9.21313562408344e-20
3.4800000000000004 1.004 -5.3452236374245625e-21
3.4800000000000004 1.006 -5.812933755454786e-21
3.4800000000000004 1.008 9.679092181127318e-22
3.4800000000000004 1.01 -1.0092003815533057e-19
3.4800000000000004 1.012 -5.93355967327091e-18
3.4800000000000004 1.014 -2.8946125173440754e-17
3.4800000000000004 1.016 -1.961759596849333e-18
3.4800000000000004 1.018 -5.654974327090743e-21
3.4800000000000004 1.02 -2.3973666688030005e-18
3.4800000000000004 1.022 -1.1155120143655314e-16
3.4800000000000004 1.024 -2.322716977647228e-15
3.4800000000000004 1.026 -2.39774107539908e-16
3.4800000000000004 1.028 -3.707173355463656e-19
3.4800000000000004 1.03 5.559420702099671e-20
3.4800000000000004 1.032 2.0327116335961042e-16
3.4800000000000004 1.034 3.1909562509589768e-15
3.4800000000000004 1.036 2.769410886799455e-16
3.4800000000000004 1.038 1.9276720307098296e-18
3.4800000000000004 1.04 2.676801539345683e-19
3.4800000000000004 1.042 4.459334014644339e-19
3.4800000000000004 1.044 5.711449801294642e-20
3.4800000000000004 1.046 3.569920710083886e-22
3.4800000000000004 1.048 4.183682620037203e-25
3.5199999999999996 0.974 6.499742327448067e-6
3.5199999999999996 0.976 1.070464418023835e-5
3.5199999999999996 0.978 2.101636617664729e-6
3.5199999999999996 0.98 -9.37727213465705e-6
3.5199999999999996 0.982 2.803387227639418e-7
3.5199999999999996 0.984 9.117672306782975e-8
3.5199999999999996 0.986 1.1309552257491143e-9
3.5199999999999996 0.988 2.8666391668406646e-10
3.5199999999999996 0.99 9.2905636297186e-12
3.5199999999999996 0.992 1.2934437363834886e-14
3.5199999999999996 0.994 4.610342663870228e-15
3.5199999999999996 0.996 3.0988408211919565e-15
3.5199999999999996 0.998 2.95688804564404e-15
3.5199999999999996 1.0 1.9151877851126322e-15
3.5199999999999996 1.002 1.5378774669343066e-16
3.5199999999999996 1.004 -1.3853097968255176e-17
3.5199999999999996 1.006 2.971311436034547e-17
3.5199999999999996 1.008 -9.706261498542063e-18
3.5199999999999996 1.01 -2.907432043266484e-17
3.5199999999999996 1.012 1.3537549951387077e-18
3.5199999999999996 1.014 8.7104751338211e-17
3.5199999999999996 1.016 6.0880928407886535e-18
3.5199999999999996 1.018 6.357341677707631e-20
3.5199999999999996 1.02 7.160859680471123e-18
3.5199999999999996 1.022 3.3290285459301455e-16
3.5199999999999996 1.024 6.931687860647727e-15
3.5199999999999996 1.026 7.155582349673947e-16
3.5199999999999996 1.028 1.10920608194641e-18
3.5199999999999996 1.03 -1.2541701178200612e-20
3.5199999999999996 1.032 -4.466483101152183e-17
3.5199999999999996 1.034 -7.011450486922124e-16
3.5199999999999996 1.036 -6.085195097724085e-17
3.5199999999999996 1.038 -4.2357740169191076e-19
3.5199999999999996 1.04 -5.876803181709261e-20
3.5199999999999996 1.042 -9.797410327196819e-20
3.5199999999999996 1.044 -1.1889714121623211e-20
3.5199999999999996 1.046 -9.679458319356071e-23
3.5199999999999996 1.048 -5.265079586432947e-24
3.5600000000000005 0.974 0.00044169911751190514
3.5600000000000005 0.976 0.0014736009440560085
3.5600000000000005 0.978 0.0005681286945817362
3.5600000000000005 0.98 -3.6634805677304645e-5
3.5600000000000005 0.982 1.2140756596237676e-5
3.5600000000000005 0.984 4.141823512134487e-6
3.5600000000000005 0.986 9.121459918278121e-8
3.5600000000000005 0.988 2.7048168832431683e-8
3.5600000000000005 0.99 1.6836072608649595e-9
3.5600000000000005 0.992 8.538211537568926e-10
3.5600000000000005 0.994 2.2616734793734027e-10
3.5600000000000005 0.996 1.6138880953631678e-12
3.5600000000000005 0.998 1.9252898454868446e-13
3.5600000000000005 1.0 5.219296248129501e-13
3.5600000000000005 1.002 1.4714240492045074e-14
3.5600000000000005 1.004 -1.540803321303761e-15
3.5600000000000005 1.006 2.1925626893061272e-15
3.5600000000000005 1.008 3.201693205731078e-15
3.5600000000000005 1.01 1.3668180709652298e-15
3.5600000000000005 1.012 6.45273835853264e-16
3.5600000000000005 1.014 2.7290568301005118e-17
3.5600000000000005 1.016 1.375724623972707e-19
3.5600000000000005 1.018 -2.1989885685881653e-18
3.5600000000000005 1.02 -8.128065346688639e-20
3.5600000000000005 1.022 1.624252420916603e-17
3.5600000000000005 1.024 3.3562455375103773e-16
3.5600000000000005 1.026 3.464815790384275e-17
3.5600000000000005 1.028 5.284459135114967e-20
3.5600000000000005 1.03 -2.6543788656890058e-20
3.5600000000000005 1.032 -4.4710978254312384e-17
3.5600000000000005 1.034 -7.01712658034218e-16
3.5600000000000005 1.036 -6.085757676996682e-17
3.5600000000000005 1.038 -4.2327368805657173e-19
3.5600000000000005 1.04 -5.696072074771641e-20
3.5600000000000005 1.042 -9.777121207578457e-20
3.5600000000000005 1.044 1.8252851513632482e-20
3.5600000000000005 1.046 -1.407855816522083e-22
3.5600000000000005 1.048 -1.3338699655602538e-22
3.5999999999999996 0.974 0.0008212173042077958
3.5999999999999996 0.976 0.004861760984577832
3.5999999999999996 0.978 0.009531017714732287
3.5999999999999996 0.98 0.010493477684965839
3.5999999999999996 0.982 0.009008961045307082
3.5999999999999996 0.984 0.0026999863009942557
3.5999999999999996 0.986 0.00047902236651148285
3.5999999999999996 0.988 0.00020236297191912261
3.5999999999999996 0.99 6.714084717639696e-6
3.5999999999999996 0.992 1.2951605884455822e-6
3.5999999999999996 0.994 3.505983092779705e-7
3.5999999999999996 0.996 8.864461496631715e-9
3.5999999999999996 0.998 6.783134906938023e-10
3.5999999999999996 1.0 8.887688653201118e-10
3.5999999999999996 1.002 1.7461516415523992e-10
3.5999999999999996 1.004 1.3014010218081425e-11
3.5999999999999996 1.006 2.254708139323162e-11
3.5999999999999996 1.008 -4.811176568112564e-12
3.5999999999999996 1.01 -1.8632530321997707e-11
3.5999999999999996 1.012 -1.0437864048657539e-11
3.5999999999999996 1.014 4.2460013863254163e-13
3.5999999999999996 1.016 1.4455033876192523e-13
3.5999999999999996 1.018 3.000004298715946e-14
3.5999999999999996 1.02 3.954902685077774e-15
3.5999999999999996 1.022 1.1537291381514483e-16
3.5999999999999996 1.024 -1.130596330884143e-17
3.5999999999999996 1.026 1.2409666710173341e-18
3.5999999999999996 1.028 1.8926515385213278e-20
3.5999999999999996 1.03 -2.2926811344342074e-19
3.5999999999999996 1.032 -1.842482907680648e-16
3.5999999999999996 1.034 -2.8927822932274824e-15
3.5999999999999996 1.036 -2.509221798919359e-16
3.5999999999999996 1.038 -1.7258111064385003e-18
3.5999999999999996 1.04 -1.7138559718853218e-19
3.5999999999999996 1.042 -3.838427447761087e-19
3.5999999999999996 1.044 5.757024331810385e-19
3.5999999999999996 1.046 -6.437747031398346e-21
3.5999999999999996 1.048 -7.195255947353435e-20
3.64 0.974 0.011914443088947674
3.64 0.976 0.022195112036483996
3.64 0.978 0.027455426631560337
3.64 0.98 0.07469981298800882
3.64 0.982 0.03863100287926346
3.64 0.984 0.026073299913441275
3.64 0.986 0.0054655448931803415
3.64 0.988 -0.0022344382351430323
3.64 0.99 0.000636822020910153
3.64 0.992 0.00016442263650905491
3.64 0.994 5.967365285123176e-5
3.64 0.996 1.2060946222243601e-5
3.64 0.998 7.269190620331997e-8
3.64 1.0 1.0151851847573147e-6
3.64 1.002 1.9802420827230643e-8
3.64 1.004 1.2509532282354679e-9
3.64 1.006 3.2128664640651285e-9
3.64 1.008 1.4934413562799703e-11
3.64 1.01 -3.331113116763182e-9
3.64 1.012 -1.8715116221974372e-9
3.64 1.014 1.9749523512288622e-10
3.64 1.016 4.3412431567664576e-11
3.64 1.018 4.033740983761626e-12
3.64 1.02 5.773922446545212e-13
3.64 1.022 2.7015465060286783e-14
3.64 1.024 -4.814734621787113e-15
3.64 1.026 -6.268405141124494e-17
3.64 1.028 1.8665345313654205e-17
3.64 1.03 1.320380380768344e-18
3.64 1.032 9.053566096318633e-16
3.64 1.034 1.4210265155892221e-14
3.64 1.036 1.233475444098187e-15
3.64 1.038 8.865803163934475e-18
3.64 1.04 1.5036928280277958e-18
3.64 1.042 2.5063552717080707e-18
3.64 1.044 1.1635008177567473e-18
3.64 1.046 8.26278927622611e-21
3.64 1.048 -5.571899558867142e-19
3.6799999999999997 0.974 0.0343677458248532
3.6799999999999997 0.976 0.03318437782802283
3.6799999999999997 0.978 0.128368468841562
3.6799999999999997 0.98 0.3673645343664282
3.6799999999999997 0.982 0.24058285516442152
3.6799999999999997 0.984 0.4520172630008642
3.6799999999999997 0.986 0.31613933018610485
3.6799999999999997 0.988 0.1115933801336227
3.6799999999999997 0.99 0.07788520534850013
3.6799999999999997 0.992 0.01957005419272187
3.6799999999999997 0.994 0.003573915187296987
3.6799999999999997 0.996 -0.0008741467490823146
3.6799999999999997 0.998 -0.00013672746236220067
3.6799999999999997 1.0 4.957262856102876e-5
3.6799999999999997 1.002 -1.3498243975589626e-5
3.6799999999999997 1.004 -1.8562707182103924e-6
3.6799999999999997 1.006 2.574197036362944e-7
3.6799999999999997 1.008 -2.0138566920958048e-7
3.6799999999999997 1.01 -4.6216309852950234e-7
3.6799999999999997 1.012 -2.5381786801690373e-7
3.6799999999999997 1.014 1.5380399064104738e-8
3.6799999999999997 1.016 4.216560213242037e-9
3.6799999999999997 1.018 7.192680330986785e-10
3.6799999999999997 1.02 9.93108823582909e-11
3.6799999999999997 1.022 5.982632212841122e-12
3.6799999999999997 1.024 -5.325441579807721e-13
3.6799999999999997 1.026 2.2683660801990664e-15
3.6799999999999997 1.028 -5.633766828930102e-16
3.6799999999999997 1.03 1.801012588215234e-16
3.6799999999999997 1.032 -8.079477729699602e-19
3.6799999999999997 1.034 -6.721414795310136e-18
3.6799999999999997 1.036 7.947484745570162e-19
3.6799999999999997 1.038 1.4637097222714102e-18
3.6799999999999997 1.04 1.5054517748238068e-18
3.6799999999999997 1.042 5.849821215233816e-18
3.6799999999999997 1.044 4.795489266365479e-18
3.6799999999999997 1.046 -9.312635979237967e-20
3.6799999999999997 1.048 -8.259294811062929e-19
3.7199999999999998 0.974 0.03588490510144653
3.7199999999999998 0.976 0.02937517398145178
3.7199999999999998 0.978 0.16109467440017264
3.7199999999999998 0.98 0.339627130821884
3.7199999999999998 0.982 0.7111860805716669
3.7199999999999998 0.984 2.2504127894382258
3.7199999999999998 0.986 2.5671814415313845
3.7199999999999998 0.988 1.4659109244042314
3.7199999999999998 0.99 1.398781703808461
3.7199999999999998 0.992 0.40757894362580166
3.7199999999999998 0.994 0.07815574481201289
3.7199999999999998 0.996 -0.04727685061774113
3.7199999999999998 0.998 0.006054443029050411
3.7199999999999998 1.0 0.0074791145935173345
3.7199999999999998 1.002 -4.099404228631073e-5
3.7199999999999998 1.004 0.00012414983869976962
3.7199999999999998 1.006 -0.00011153984463811637
3.7199999999999998 1.008 -1.6176865303577611e-6
3.7199999999999998 1.01 4.2323265781628844e-5
3.7199999999999998 1.012 2.4456145658348197e-5
3.7199999999999998 1.014 -5.967337684732608e-7
3.7199999999999998 1.016 -2.688667619450721e-7
3.7199999999999998 1.018 -6.267175757017552e-8
3.7199999999999998 1.02 -8.314068595604684e-9
3.7199999999999998 1.022 -7.742889135150153e-10
3.7199999999999998 1.024 -8.915222041466901e-11
3.7199999999999998 1.026 -2.0727039255341836e-11
3.7199999999999998 1.028 -5.364091812260173e-13
3.7199999999999998 1.03 -2.4213322716624437e-15
3.7199999999999998 1.032 -2.335667718967947e-16
3.7199999999999998 1.034 -1.2765286720895252e-15
3.7199999999999998 1.036 -1.0493119568099774e-16
3.7199999999999998 1.038 -7.047833501268666e-18
3.7199999999999998 1.04 1.0322101883250766e-18
3.7199999999999998 1.042 5.351653009855198e-17
3.7199999999999998 1.044 2.5093076980197362e-17
3.7199999999999998 1.046 -5.88564254386735e-19
3.7199999999999998 1.048 -4.300439818232133e-17
3.76 0.974 0.001282587563441252
3.76 0.976 0.0060185447934673845
3.76 0.978 0.08252938002409693
3.76 0.98 0.2735712837736075
3.76 0.982 1.0618481453223014
3.76 0.984 3.1340798738177225
3.76 0.986 4.6622673747569605
3.76 0.988 6.695108243302466
3.76 0.99 10.237422429167333
3.76 0.992 3.8977310802142426
3.76 0.994 2.054449416541528
3.76 0.996 0.3015703951237393
3.76 0.998 0.40689770114415325
3.76 1.0 0.21340927705951004
3.76 1.002 0.0410833584198523
3.76 1.004 0.01361055676430416
3.76 1.006 -0.0043942325133052235
3.76 1.008 0.0011085251526723962
3.76 1.01 0.002731376102753789
3.76 1.012 0.001523978204996689
3.76 1.014 -3.8035701343933874e-5
3.76 1.016 -1.638696837672597e-5
3.76 1.018 -4.028119727343534e-6
3.76 1.02 -5.814070838802807e-7
3.76 1.022 -3.092295549676021e-8
3.76 1.024 2.92868910232741e-10
3.76 1.026 -4.0188085541976453e-10
3.76 1.028 -8.060712198515104e-12
3.76 1.03 -4.737329625889611e-13
3.76 1.032 -1.2053764657304658e-14
3.76 1.034 2.8254429428930506e-15
3.76 1.036 2.5232173410005847e-16
3.76 1.038 -2.580422859246173e-16
3.76 1.04 2.243038895611876e-17
3.76 1.042 1.0204758006639116e-15
3.76 1.044 2.123141321118105e-17
3.76 1.046 -5.721005829740963e-19
3.76 1.048 -2.1698794491859998e-16
3.8 0.974 0.0021521802203502438
3.8 0.976 0.0028735262280467876
3.8 0.978 0.016542394097324522
3.8 0.98 0.09321535751927128
3.8 0.982 0.612111605217107
3.8 0.984 2.4363366998142384
3.8 0.986 4.215070498818278
3.8 0.988 11.611542688866916
3.8 0.99 24.27462631691913
3.8 0.992 17.49463250180774
3.8 0.994 16.84646484126808
3.8 0.996 8.48206156309857
3.8 0.998 3.8456606341850277
3.8 1.0 1.6422043618267503
3.8 1.002 0.6181396507200111
3.8 1.004 0.29851015999095887
3.8 1.006 0.003323596790103726
3.8 1.008 0.027600239468022182
3.8 1.01 0.018640343404537005
3.8 1.012 0.009032357479810404
3.8 1.014 0.0001143108932225254
3.8 1.016 -5.257325897905614e-6
3.8 1.018 -2.26116293701399e-6
3.8 1.02 -1.248432666331099e-6
3.8 1.022 -4.390187815838193e-7
3.8 1.024 -4.4011790855273165e-8
3.8 1.026 -7.590694167855204e-9
3.8 1.028 -6.188384958279265e-11
3.8 1.03 -1.1167718633047003e-12
3.8 1.032 -1.3521843651005892e-15
3.8 1.034 4.650015925543308e-15
3.8 1.036 3.591228794293346e-16
3.8 1.038 -6.293922676788575e-16
3.8 1.04 2.2036647264879205e-17
3.8 1.042 3.1122119284417388e-15
3.8 1.044 4.336611834286626e-17
3.8 1.046 1.7367348970617518e-16
3.8 1.048 -3.3909191386472365e-16
3.8400000000000003 0.974 9.155414694514511e-5
3.8400000000000003 0.976 0.0004401574129765385
3.8400000000000003 0.978 0.005970998138006326
3.8400000000000003 0.98 0.02456446435126266
3.8400000000000003 0.982 0.17691988167166584
3.8400000000000003 0.984 0.7281298585777979
3.8400000000000003 0.986 2.360396958925815
3.8400000000000003 0.988 8.76169422331829
3.8400000000000003 0.99 27.510134421967738
3.8400000000000003 0.992 34.6417672112477
3.8400000000000003 0.994 55.35685530251038
3.8400000000000003 0.996 48.855738391870986
3.8400000000000003 0.998 28.92242901344932
3.8400000000000003 1.0 17.951827372728083
3.8400000000000003 1.002 6.105204310997831
3.8400000000000003 1.004 2.7296973742415855
3.8400000000000003 1.006 0.9623672433728905
3.8400000000000003 1.008 0.5040248604529997
3.8400000000000003 1.01 0.0868792594196628
3.8400000000000003 1.012 0.017558294144844094
3.8400000000000003 1.014 0.002448949226866279
3.8400000000000003 1.016 0.0006896475791602568
3.8400000000000003 1.018 0.00025069209567665866
3.8400000000000003 1.02 2.6001049547342246e-5
3.8400000000000003 1.022 -6.813027024302151e-7
3.8400000000000003 1.024 -1.835991778056785e-7
3.8400000000000003 1.026 -1.0234698671573588e-8
3.8400000000000003 1.028 -1.0801267567015442e-10
3.8400000000000003 1.03 5.361369446747821e-12
3.8400000000000003 1.032 1.6908049796216893e-13
3.8400000000000003 1.034 -9.764090617434885e-16
3.8400000000000003 1.036 -1.1993138101128532e-16
3.8400000000000003 1.038 -1.0002999477102905e-15
3.8400000000000003 1.04 1.7090304759426969e-16
3.8400000000000003 1.042 3.014266263922591e-15
3.8400000000000003 1.044 -5.368951300915501e-16
3.8400000000000003 1.046 5.703159827460246e-16
3.8400000000000003 1.048 -2.4847068731670703e-16
3.8800000000000003 0.974 5.2824448104895733e-5
3.8800000000000003 0.976 9.080245117116227e-5
3.8800000000000003 0.978 0.0006247333406731774
3.8800000000000003 0.98 -0.003576077875427532
3.8800000000000003 0.982 -0.034308385708308894
3.8800000000000003 0.984 -0.01613081152690462
3.8800000000000003 0.986 0.8852037946156568
3.8800000000000003 0.988 3.6258203573535592
3.8800000000000003 0.99 16.903554267780915
3.8800000000000003 0.992 34.19368068716342
3.8800000000000003 0.994 79.47095217615127
3.8800000000000003 0.996 91.48730102620424
3.8800000000000003 0.998 86.33334455300917
3.8800000000000003 1.0 78.12738018055725
3.8800000000000003 1.002 44.174051061357545
3.8800000000000003 1.004 27.333403397767317
3.8800000000000003 1.006 11.672561896170917
3.8800000000000003 1.008 4.354344248861781
3.8800000000000003 1.01 0.06904198972886938
3.8800000000000003 1.012 -0.232875339597489
3.8800000000000003 1.014 0.061705293663882395
3.8800000000000003 1.016 0.01623628007411161
3.8800000000000003 1.018 0.0034973604734422794
3.8800000000000003 1.02 0.0004797896211721932
3.8800000000000003 1.022 3.170140391457758e-5
3.8800000000000003 1.024 -1.002469067342077e-6
3.8800000000000003 1.026 1.19773620634858e-8
3.8800000000000003 1.028 -2.383419328519381e-8
3.8800000000000003 1.03 -9.445137963153143e-10
3.8800000000000003 1.032 -2.6515537276643116e-11
3.8800000000000003 1.034 -9.196822963241055e-14
3.8800000000000003 1.036 -6.213600066750227e-16
3.8800000000000003 1.038 -2.154720730522196e-15
3.8800000000000003 1.04 4.648366350257961e-16
3.8800000000000003 1.042 1.120666973395882e-15
3.8800000000000003 1.044 -2.3981206028535267e-15
3.8800000000000003 1.046 8.858799553305261e-17
3.8800000000000003 1.048 -3.363750904015542e-16
3.9200000000000004 0.974 1.6641580591689646e-5
3.9200000000000004 0.976 1.5852377072536417e-5
3.9200000000000004 0.978 7.356996157405717e-5
3.9200000000000004 0.98 0.00013747889052254718
3.9200000000000004 0.982 0.00158196166611773
3.9200000000000004 0.984 0.03158256056000871
3.9200000000000004 0.986 0.2551753581010658
3.9200000000000004 0.988 0.5876316823167911
3.9200000000000004 0.99 3.867294507629861
3.9200000000000004 0.992 14.991848431130435
3.9200000000000004 0.994 52.82248717276269
3.9200000000000004 0.996 103.00513393594044
3.9200000000000004 0.998 155.66606909102728
3.9200000000000004 1.0 155.5875361162487
3.9200000000000004 1.002 129.2604750754763
3.9200000000000004 1.004 113.23722901563572
3.9200000000000004 1.006 58.94168863803832
3.9200000000000004 1.008 27.52292649775169
3.9200000000000004 1.01 5.890511998940176
3.9200000000000004 1.012 1.2149138720975625
3.9200000000000004 1.014 0.09185157937734362
3.9200000000000004 1.016 -0.06071791254355017
3.9200000000000004 1.018 -0.0485361352796637
3.9200000000000004 1.02 -0.00702539876987683
3.9200000000000004 1.022 0.0016293130554069172
3.9200000000000004 1.024 0.00018795186702208559
3.9200000000000004 1.026 2.324182205533957e-5
3.9200000000000004 1.028 -1.522616104178041e-7
3.9200000000000004 1.03 1.540025435359751e-8
3.9200000000000004 1.032 4.075438297808772e-10
3.9200000000000004 1.034 5.50290316718584e-13
3.9200000000000004 1.036 -6.8440068174695365e-15
3.9200000000000004 1.038 -7.542342517728893e-15
3.9200000000000004 1.04 1.4052427503263768e-15
3.9200000000000004 1.042 1.9618059468142735e-16
3.9200000000000004 1.044 -4.447251086152821e-15
3.9200000000000004 1.046 -2.4071760528093046e-15
3.9200000000000004 1.048 -3.427980411478003e-16
3.96 0.974 3.0183436029132887e-7
3.96 0.976 4.6163767739739243e-7
3.96 0.978 1.4983782047709535e-5
3.96 0.98 0.0002472998416089465
3.96 0.982 0.002197011151600601
3.96 0.984 0.008312961845176879
3.96 0.986 0.013297443543395144
3.96 0.988 0.09892537099280772
3.96 0.99 0.9522928488747028
3.96 0.992 5.866933255219243
3.96 0.994 16.358150148764526
3.96 0.996 43.273758214937644
3.96 0.998 125.92571136215984
3.96 1.0 220.02662978589612
3.96 1.002 218.55639594507767
3.96 1.004 181.39929605071976
3.96 1.006 112.32343295551541
3.96 1.008 73.57561170371537
3.96 1.01 26.05240331162396
3.96 1.012 8.681057956100409
3.96 1.014 2.1358921856659734
3.96 1.016 0.29122217530766864
3.96 1.018 -0.0682712041327146
3.96 1.02 0.002514178861984886
3.96 1.022 0.005895622679856924
3.96 1.024 0.00036578088878986485
3.96 1.026 1.7859591586324266e-5
3.96 1.028 2.5047501861035808e-6
3.96 1.03 -4.554204426955509e-8
3.96 1.032 -2.8329678458965897e-8
3.96 1.034 -2.932234248419587e-10
3.96 1.036 -6.107881223348666e-12
3.96 1.038 -7.921156860755867e-15
3.96 1.04 1.841449793885311e-15
3.96 1.042 -6.3827351034992e-16
3.96 1.044 1.5338743807262903e-17
3.96 1.046 -6.26759208929874e-16
3.96 1.048 -1.7487894437007566e-15
4.0 0.974 -9.78658465934658e-7
4.0 0.976 -7.291940512461982e-7
4.0 0.978 -3.6180949297807393e-6
4.0 0.98 -6.279354817003163e-5
4.0 0.982 -0.0006231186585064506
4.0 0.984 -0.002776641562892176
4.0 0.986 -0.008840403542535246
4.0 0.988 -0.015894907527870355
4.0 0.99 0.19364728600708683
4.0 0.992 1.157591100403542
4.0 0.994 3.888273107998954
4.0 0.996 16.04365639003249
4.0 0.998 44.94789621355537
4.0 1.0 82.95379866948772
4.0 1.002 219.3352768738781
4.0 1.004 380.3603551067696
4.0 1.006 287.9892340011303
4.0 1.008 143.68939638342508
4.0 1.01 72.78857313896698
4.0 1.012 52.13122297129574
4.0 1.014 31.50535731717489
4.0 1.016 5.804917504910361
4.0 1.018 0.5999542885385952
4.0 1.02 0.049671469699766664
4.0 1.022 0.03314437592350004
4.0 1.024 0.003251648219537239
4.0 1.026 0.000404122472312994
4.0 1.028 -3.6213322750201397e-6
4.0 1.03 3.614628216213542e-7
4.0 1.032 -7.49850569062287e-8
4.0 1.034 -8.679632611173864e-10
4.0 1.036 -2.0686848700605598e-11
4.0 1.038 -6.331353061155963e-14
4.0 1.04 6.211626995402765e-15
4.0 1.042 -9.207089085031076e-16
4.0 1.044 -3.145289494896466e-15
4.0 1.046 1.296070350597553e-15
4.0 1.048 -3.517441503353364e-16
4.04 0.974 -2.931905893303484e-7
4.04 0.976 -2.688915147686024e-7
4.04 0.978 -2.931886047069658e-6
4.04 0.98 -4.1909367209521764e-5
4.04 0.982 -0.00037800008490691535
4.04 0.984 -0.001245572338628349
4.04 0.986 -0.00013297672808653936
4.04 0.988 -0.006737190457092746
4.04 0.99 0.04038755757771747
4.04 0.992 0.30862736630548976
4.04 0.994 2.631485518335286
4.04 0.996 4.3305737079318085
4.04 0.998 18.08710957704503
4.04 1.0 35.094880649213344
4.04 1.002 85.87231840384936
4.04 1.004 166.87704581742247
4.04 1.006 326.8827037783409
4.04 1.008 478.84315965172493
4.04 1.01 245.71518898467002
4.04 1.012 81.0535399780306
4.04 1.014 27.957753870017964
4.04 1.016 28.25636850362507
4.04 1.018 9.582358824730242
4.04 1.02 1.216177512020728
4.04 1.022 0.07718843424388895
4.04 1.024 0.0042261633122271615
4.04 1.026 0.0019082476784774243
4.04 1.028 0.00028935340656683386
4.04 1.03 9.161749421864693e-7
4.04 1.032 -1.0509680085733242e-5
4.04 1.034 -7.322486380697978e-8
4.04 1.036 2.5778164966716873e-8
4.04 1.038 3.9821351761890744e-10
4.04 1.04 6.941549277879584e-12
4.04 1.042 6.0796251160870565e-15
4.04 1.044 -5.622061031503627e-15
4.04 1.046 -2.8133106666032496e-15
4.04 1.048 -2.12173749955779e-16
4.08 0.974 -2.104757418584135e-9
4.08 0.976 -4.1515084055462696e-10
4.08 0.978 8.103004039296531e-8
4.08 0.98 1.4305063716509285e-6
4.08 0.982 1.4930242174060546e-5
4.08 0.984 0.00011079991594490146
4.08 0.986 0.0009185325454084438
4.08 0.988 0.0026745396091259178
4.08 0.99 0.008108121993014807
4.08 0.992 0.07441004100798011
4.08 0.994 0.7535733578160246
4.08 0.996 2.3255445311720453
4.08 0.998 8.882582736119923
4.08 1.0 7.668094963630666
4.08 1.002 49.93672550648609
4.08 1.004 138.7239917631423
4.08 1.006 166.0576604107937
4.08 1.008 161.9950973697073
4.08 1.01 359.9142353190255
4.08 1.012 395.9525023371231
4.08 1.014 118.68085960356402
4.08 1.016 29.879936436590924
4.08 1.018 8.355181886766346
4.08 1.02 4.896324089503597
4.08 1.022 3.9781005937218192
4.08 1.024 0.45629694036394686
4.08 1.026 0.05475791263003366
4.08 1.028 0.002718231895441123
4.08 1.03 0.00017341639471461494
4.08 1.032 1.3132402434144015e-5
4.08 1.034 1.4503368597136785e-6
4.08 1.036 1.3306102691218473e-6
4.08 1.038 1.9619395323799452e-8
4.08 1.04 7.250678916329403e-10
4.08 1.042 4.1408521338277704e-11
4.08 1.044 7.946753776134582e-13
4.08 1.046 3.0324634512327566e-15
4.08 1.048 2.667340454598673e-16
4.12 0.974 8.788160638716109e-10
4.12 0.976 7.005154944144403e-10
4.12 0.978 1.1111581632026175e-9
4.12 0.98 5.6243328070386434e-9
4.12 0.982 9.255859388781897e-8
4.12 0.984 1.719997836357507e-6
4.12 0.986 2.1699402143671448e-5
4.12 0.988 9.385267975694581e-5
4.12 0.99 0.0003381441768819453
4.12 0.992 0.004252879951229268
4.12 0.994 0.011555970832088201
4.12 0.996 0.08847679499712352
4.12 0.998 0.46653963871490645
4.12 1.0 3.8588753359268373
4.12 1.002 14.855766304106186
4.12 1.004 44.659284225075275
4.12 1.006 183.2046344295957
4.12 1.008 247.85276171809267
4.12 1.01 173.4964131704823
4.12 1.012 131.01728299926253
4.12 1.014 309.72972209636373
4.12 1.016 164.2292626076922
4.12 1.018 31.574414352800613
4.12 1.02 8.484266651224258
4.12 1.022 1.735307803255225
4.12 1.024 1.0700635661598819
4.12 1.026 0.38052272913394325
4.12 1.028 0.04035467096819364
4.12 1.03 0.0012159650937522792
4.12 1.032 -0.0003355519021882847
4.12 1.034 -4.563418682059483e-8
4.12 1.036 -5.226027628544116e-7
4.12 1.038 1.3364666673047162e-8
4.12 1.04 -1.6161858160797462e-9
4.12 1.042 -2.1734067647869565e-10
4.12 1.044 -1.2550783136066957e-12
4.12 1.046 -3.1986704958465612e-15
4.12 1.048 -9.963073311280264e-16
4.16 0.974 3.446931906037624e-10
4.16 0.976 3.8697940853958543e-10
4.16 0.978 7.970568936938103e-9
4.16 0.98 1.2034370417942346e-7
4.16 0.982 9.170219393708733e-7
4.16 0.984 8.96468723933198e-7
4.16 0.986 -2.9364145178503824e-5
4.16 0.988 -7.507434491912735e-5
4.16 0.99 -0.00019967863426152748
4.16 0.992 -0.0018808419071062157
4.16 0.994 -0.0263307540041121
4.16 0.996 -0.04420054258689355
4.16 0.998 -0.0932730591778207
4.16 1.0 0.6869981271182773
4.16 1.002 2.1738008684673993
4.16 1.004 6.1627962946748
4.16 1.006 24.11313140713275
4.16 1.008 108.82316517576926
4.16 1.01 349.4188804037251
4.16 1.012 233.69626398119345
4.16 1.014 109.52368411040392
4.16 1.016 103.46043676633373
4.16 1.018 175.806619351729
4.16 1.02 51.61532723099121
4.16 1.022 8.346172184444683
4.16 1.024 0.7187558869942252
4.16 1.026 0.17302129728621843
4.16 1.028 0.05412630138360725
4.16 1.03 0.006185663877176057
4.16 1.032 -0.00021502754081454106
4.16 1.034 -5.7430284674735496e-5
4.16 1.036 -8.865352974991515e-5
4.16 1.038 -9.507413438101453e-7
4.16 1.04 -6.654474566317312e-9
4.16 1.042 9.560341387712496e-10
4.16 1.044 7.255614406682008e-10
4.16 1.046 1.5428924288401368e-12
4.16 1.048 6.962364551301973e-14
4.2 0.974 -4.655837876149002e-10
4.2 0.976 -4.730175179609191e-10
4.2 0.978 -7.739434326856105e-9
4.2 0.98 -1.1849227931319863e-7
4.2 0.982 -9.270650121758713e-7
4.2 0.984 -9.611625599167648e-7
4.2 0.986 2.6059510716290512e-5
4.2 0.988 6.267213628478966e-5
4.2 0.99 0.00018486108589049077
4.2 0.992 0.0016984779680860838
4.2 0.994 0.024267097203466686
4.2 0.996 0.03803094635000271
4.2 0.998 0.1488241001864081
4.2 1.0 -0.376151312513173
4.2 1.002 -0.30629174317221525
4.2 1.004 1.9241620337978347
4.2 1.006 4.14937390711762
4.2 1.008 10.48309519830569
4.2 1.01 41.51139639934478
4.2 1.012 251.41238975491606
4.2 1.014 422.3338740882466
4.2 1.016 126.32689129397278
4.2 1.018 46.94872665581669
4.2 1.02 60.539893745428785
4.2 1.022 57.83004806561916
4.2 1.024 9.943065472716752
4.2 1.026 0.9515958866933493
4.2 1.028 -0.07734308546242083
4.2 1.03 0.01014012009814051
4.2 1.032 0.002186259594732177
4.2 1.034 -2.91601144021063e-5
4.2 1.036 -0.00033317141216310914
4.2 1.038 -3.050780013362202e-6
4.2 1.04 -2.1318607501351353e-7
4.2 1.042 -2.2316612056927664e-8
4.2 1.044 1.335638585643128e-10
4.2 1.046 -9.087551457665077e-14
4.2 1.048 2.893990973314087e-14
4.24 0.974 -1.1766417595820972e-11
4.24 0.976 -1.0557576369584579e-11
4.24 0.978 -9.801852820909623e-11
4.24 0.98 -1.2920969076499726e-9
4.24 0.982 -1.1833232432576942e-8
4.24 0.984 -6.253642413880542e-8
4.24 0.986 -3.516115027568625e-7
4.24 0.988 -8.596774799307067e-7
4.24 0.99 1.513689624877745e-6
4.24 0.992 7.840872553650213e-6
4.24 0.994 -0.00047483429052349365
4.24 0.996 -0.008622972266305127
4.24 0.998 -0.023500930851903856
4.24 1.0 0.0998850949454449
4.24 1.002 0.4014872366573733
4.24 1.004 0.4028450768197228
4.24 1.006 3.493485602198121
4.24 1.008 9.440368599903161
4.24 1.01 9.375957117373545
4.24 1.012 21.779007658429833
4.24 1.014 93.47314681854292
4.24 1.016 331.7681614799922
4.24 1.018 246.90861081248386
4.24 1.02 45.697884242234736
4.24 1.022 17.379575391672898
4.24 1.024 22.25111075357351
4.24 1.026 9.539537999639956
4.24 1.028 1.3768639215758942
4.24 1.03 0.08066810189524812
4.24 1.032 -0.00997431001093777
4.24 1.034 0.00887820660839441
4.24 1.036 0.0022713838087848643
4.24 1.038 0.0002846354928788351
4.24 1.04 7.993760465613598e-6
4.24 1.042 2.1170160869925114e-7
4.24 1.044 -1.2845251572514813e-8
4.24 1.046 -4.1143050775421807e-10
4.24 1.048 -1.953000188221319e-12
4.28 0.974 1.291472344052109e-10
4.28 0.976 1.3294293288643083e-10
4.28 0.978 2.2664782491601165e-9
4.28 0.98 3.490820582834458e-8
4.28 0.982 2.711676028231221e-7
4.28 0.984 2.297579033974453e-7
4.28 0.986 -8.347352579063516e-6
4.28 0.988 -2.008685104664146e-5
4.28 0.99 -5.536232323481285e-5
4.28 0.992 -0.0005444286480772031
4.28 0.994 -0.008144561920034217
4.28 0.996 -0.02695690707336194
4.28 0.998 -0.08593099310337945
4.28 1.0 0.29059005153356465
4.28 1.002 0.8402802319266466
4.28 1.004 -0.09069514849553664
4.28 1.006 1.88855672274627
4.28 1.008 2.5951915103312757
4.28 1.01 15.277604651839763
4.28 1.012 18.053610640898484
4.28 1.014 25.38020757560891
4.28 1.016 36.88961277662449
4.28 1.018 137.79004890373218
4.28 1.02 165.50301439635905
4.28 1.022 70.46041842404763
4.28 1.024 22.30877563063395
4.28 1.026 14.155777488715124
4.28 1.028 4.043387558466635
4.28 1.03 0.3294800557572998
4.28 1.032 0.03857578529039002
4.28 1.034 0.022422908851848736
4.28 1.036 0.012997159884470325
4.28 1.038 0.0008324016891045204
4.28 1.04 5.400317355833303e-5
4.28 1.042 2.8958608692708997e-6
4.28 1.044 -1.9247400311634142e-7
4.28 1.046 1.607469940741658e-10
4.28 1.048 -5.929944786735786e-12
4.32 0.974 1.9581703720218643e-11
4.32 0.976 1.9925823501005427e-11
4.32 0.978 3.2802600963628094e-10
4.32 0.98 5.022956367869018e-9
4.32 0.982 3.926852460807589e-8
4.32 0.984 4.032546763644637e-8
4.32 0.986 -1.111401530827413e-6
4.32 0.988 -2.669348738697341e-6
4.32 0.99 -7.744804025051186e-6
4.32 0.992 -7.116128160627154e-5
4.32 0.994 -0.0010494756504990494
4.32 0.996 -0.001967277913434511
4.32 0.998 -0.007253011052608231
4.32 1.0 0.021994693539926096
4.32 1.002 0.04905314701015327
4.32 1.004 -0.012583458992010738
4.32 1.006 0.17126329783276914
4.32 1.008 0.4327208208407679
4.32 1.01 1.3510890710292671
4.32 1.012 6.211829920878792
4.32 1.014 21.183259065531562
4.32 1.016 5.460261408907466
4.32 1.018 8.111321249700008
4.32 1.02 34.787402726556955
4.32 1.022 94.69186673749694
4.32 1.024 51.75122173526127
4.32 1.026 15.404876721669064
4.32 1.028 5.742907789633193
4.32 1.03 1.2537149788244006
4.32 1.032 0.18892214083437808
4.32 1.034 0.035951579604542414
4.32 1.036 0.015572831568862574
4.32 1.038 0.0010236058629123535
4.32 1.04 0.0018635660996310559
4.32 1.042 9.805154531098264e-5
4.32 1.044 6.556461037809154e-6
4.32 1.046 1.5409065773806205e-8
4.32 1.048 1.0311815857449037e-9
4.36 0.974 3.35641705419076e-11
4.36 0.976 3.4285530346153706e-11
4.36 0.978 5.728447278376942e-10
4.36 0.98 8.851658916780466e-9
4.36 0.982 6.862113509051097e-8
4.36 0.984 4.8205244068349205e-8
4.36 0.986 -2.2180784487313877e-6
4.36 0.988 -5.4688855584441965e-6
4.36 0.99 -1.5308452940904157e-5
4.36 0.992 -0.0001356992057876737
4.36 0.994 -0.0022249741180301727
4.36 0.996 -0.0010571325580312882
4.36 0.998 -0.005453378427752859
4.36 1.0 -0.009343374606730868
4.36 1.002 -0.07218054746752015
4.36 1.004 0.13308723032316244
4.36 1.006 0.11484402660479132
4.36 1.008 0.12824476258369832
4.36 1.01 0.8873774516342118
4.36 1.012 1.7873313270744104
4.36 1.014 5.006674304363287
4.36 1.016 22.722461461210685
4.36 1.018 23.418110489038177
4.36 1.02 15.45719677593008
4.36 1.022 18.79493284650043
4.36 1.024 31.549640742919646
4.36 1.026 25.013085244234844
4.36 1.028 3.6651932181548585
4.36 1.03 0.9478343642602503
4.36 1.032 0.562907271557761
4.36 1.034 0.3980939923703778
4.36 1.036 0.081898908979408
4.36 1.038 0.013865924521549297
4.36 1.04 0.0010150194801154424
4.36 1.042 4.634747894968118e-5
4.36 1.044 -2.2961631601820353e-6
4.36 1.046 7.380936661687142e-7
4.36 1.048 8.440819985295768e-9
4.4 0.974 1.3350046125290005e-11
4.4 0.976 1.3595781679435128e-11
4.4 0.978 2.2503068885946992e-10
4.4 0.98 3.453096669345185e-9
4.4 0.982 2.693937617563509e-8
4.4 0.984 2.567008239443318e-8
4.4 0.986 -7.878353389309224e-7
4.4 0.988 -1.9021328426480104e-6
4.4 0.99 -5.451556373891379e-6
4.4 0.992 -5.02912281758772e-5
4.4 0.994 -0.0007523965715758939
4.4 0.996 -0.0013170749460564633
4.4 0.998 -0.004789511542643167
4.4 1.0 0.013274246470998816
4.4 1.002 0.028142673988807484
4.4 1.004 0.011196774512681657
4.4 1.006 0.09027472900133394
4.4 1.008 0.005584135883078405
4.4 1.01 0.12018530226563562
4.4 1.012 0.23609344800528756
4.4 1.014 -0.1124442304384966
4.4 1.016 2.0575506822641745
4.4 1.018 11.462030192757064
4.4 1.02 19.37092392840607
4.4 1.022 23.325628147229537
4.4 1.024 10.503957973588614
4.4 1.026 14.327219511041507
4.4 1.028 11.486466024546969
4.4 1.03 3.6909336103520225
4.4 1.032 0.3327939053535529
4.4 1.034 0.17954785487364752
4.4 1.036 0.056240524344368
4.4 1.038 0.014571439165475266
4.4 1.04 0.002659282226759871
4.4 1.042 0.00015613137285489212
4.4 1.044 4.3880938534360966e-5
4.4 1.046 4.348549837700411e-7
4.4 1.048 1.1076208046769238e-8
4.4399999999999995 0.974 2.5294483998503197e-12
4.4399999999999995 0.976 2.594222301606783e-12
4.4399999999999995 0.978 4.320210628799847e-11
4.4399999999999995 0.98 6.631249802273721e-10
4.4399999999999995 0.982 5.172188165297408e-9
4.4399999999999995 0.984 4.950817647653282e-9
4.4399999999999995 0.986 -1.5123596352193597e-7
4.4399999999999995 0.988 -3.6353556531565847e-7
4.4399999999999995 0.99 -1.0342470933462135e-6
4.4399999999999995 0.992 -9.732104077350665e-6
4.4399999999999995 0.994 -0.0001448913925537144
4.4399999999999995 0.996 -0.00034761690899536067
4.4399999999999995 0.998 -0.0011951143632614872
4.4399999999999995 1.0 0.0037710152475788983
4.4399999999999995 1.002 0.00962412138170369
4.4399999999999995 1.004 -0.001687791744788222
4.4399999999999995 1.006 0.01837870340371966
4.4399999999999995 1.008 0.0026052506047993295
4.4399999999999995 1.01 0.006714869868916567
4.4399999999999995 1.012 0.08539058433644625
4.4399999999999995 1.014 0.4734275748458182
4.4399999999999995 1.016 0.12758589685588875
4.4399999999999995 1.018 0.7046650628899559
4.4399999999999995 1.02 6.099370116056365
4.4399999999999995 1.022 19.35483413899555
4.4399999999999995 1.024 13.330434799116688
4.4399999999999995 1.026 11.064519735825462
4.4399999999999995 1.028 4.694283706098313
4.4399999999999995 1.03 7.406898650375332
4.4399999999999995 1.032 2.352579994786932
4.4399999999999995 1.034 0.6788705032313989
4.4399999999999995 1.036 0.20156447509951658
4.4399999999999995 1.038 0.03189719855601184
4.4399999999999995 1.04 0.0017855809403574125
4.4399999999999995 1.042 0.00012086364878700091
4.4399999999999995 1.044 2.3516431384897103e-5
4.4399999999999995 1.046 -8.154564140092152e-7
4.4399999999999995 1.048 -4.330791059512785e-9
4.48 0.974 2.325152255982618e-13
4.48 0.976 2.327842396892148e-13
4.48 0.978 3.849890280099716e-12
4.48 0.98 5.899781357305067e-11
4.48 0.982 4.610747505338015e-10
4.48 0.984 4.689133157729374e-10
4.48 0.986 -1.3113048060064245e-8
4.48 0.988 -3.143734463096401e-8
4.48 0.99 -9.062251558221357e-8
4.48 0.992 -8.439345027587449e-7
4.48 0.994 -1.2416022683960387e-5
4.48 0.996 -2.7652478136794452e-5
4.48 0.998 -9.875283862481653e-5
4.48 1.0 0.00030851450434443055
4.48 1.002 0.0007848128148533216
4.48 1.004 7.144191188090741e-5
4.48 1.006 0.002305795457705926
4.48 1.008 0.0006545405993671761
4.48 1.01 0.0023016929548881466
4.48 1.012 0.015746030958849255
4.48 1.014 0.048838141073087836
4.48 1.016 0.2532502124472379
4.48 1.018 0.4509345477626076
4.48 1.02 0.7423986796051898
4.48 1.022 2.9875029046387027
4.48 1.024 7.678586718265699
4.48 1.026 8.196177866878735
4.48 1.028 4.3085877965147015
4.48 1.03 3.378540662710393
4.48 1.032 3.196615281341235
4.48 1.034 2.8730053790344994
4.48 1.036 1.2235676362964791
4.48 1.038 0.11200871481846267
4.48 1.04 0.07065011009182018
4.48 1.042 0.004640849468439942
4.48 1.044 -0.0009521377244792553
4.48 1.046 -5.447408277982322e-5
4.48 1.048 -4.524514741070032e-8
4.52 0.974 6.008766489492145e-14
4.52 0.976 5.844850585815767e-14
4.52 0.978 9.940450461262697e-13
4.52 0.98 1.5355727691293095e-11
4.52 0.982 1.1904609799560217e-10
4.52 0.984 8.349656172718538e-11
4.52 0.986 -3.8485736507170895e-9
4.52 0.988 -9.503414462858802e-9
4.52 0.99 -2.6695734200380087e-8
4.52 0.992 -2.3530546950985966e-7
4.52 0.994 -3.849401968197912e-6
4.52 0.996 -1.0461346732730687e-6
4.52 0.998 -6.950597811112793e-6
4.52 1.0 -2.5395640642405743e-5
4.52 1.002 -0.00016182743777171734
4.52 1.004 0.0002377766145088125
4.52 1.006 8.977291405723571e-5
4.52 1.008 0.00012530522058747145
4.52 1.01 0.0014983754282137795
4.52 1.012 -0.0015630954189738504
4.52 1.014 -0.02279335936804064
4.52 1.016 0.011170499295572825
4.52 1.018 0.15673905023125556
4.52 1.02 0.23479004443175266
4.52 1.022 0.4003256321052129
4.52 1.024 0.5758841210505935
4.52 1.026 1.0919883560079853
4.52 1.028 0.757899519006482
4.52 1.03 1.8684368550179309
4.52 1.032 1.5925041170769951
4.52 1.034 1.7730826354808074
4.52 1.036 0.6941073821909711
4.52 1.038 0.11664353693646518
4.52 1.04 0.04719199407773397
4.52 1.042 0.0034106125495465705
4.52 1.044 0.000561550544541211
4.52 1.046 3.428876344696102e-5
4.52 1.048 8.329212282919335e-7
4.5600000000000005 0.974 -3.113682969720778e-15
4.5600000000000005 0.976 4.250268337727482e-15
4.5600000000000005 0.978 1.5177197438427518e-13
4.5600000000000005 0.98 2.336781635452228e-12
4.5600000000000005 0.982 1.8181275884202122e-11
4.5600000000000005 0.984 1.5257053565154848e-11
4.5600000000000005 0.986 -5.565062779210816e-10
4.5600000000000005 0.988 -1.3600943080214917e-9
4.5600000000000005 0.99 -3.873432589535168e-9
4.5600000000000005 0.992 -3.463677248597029e-8
4.5600000000000005 0.994 -5.436253536220809e-7
4.5600000000000005 0.996 -4.263173888933988e-7
4.5600000000000005 0.998 -1.882556559105208e-6
4.5600000000000005 1.0 1.4184944666549844e-6
4.5600000000000005 1.002 -6.712847803786903e-6
4.5600000000000005 1.004 2.410482178219322e-5
4.5600000000000005 1.006 3.5156650496076424e-5
4.5600000000000005 1.008 2.1103301136817218e-5
4.5600000000000005 1.01 0.00021385019930463095
4.5600000000000005 1.012 -0.0011292774674009738
4.5600000000000005 1.014 -0.0114736477439334
4.5600000000000005 1.016 0.0022007602288600663
4.5600000000000005 1.018 0.06773722585477482
4.5600000000000005 1.02 0.13284576934197972
4.5600000000000005 1.022 0.16025741897860157
4.5600000000000005 1.024 0.19131145066593744
4.5600000000000005 1.026 0.4528269944346559
4.5600000000000005 1.028 0.9754397013008751
4.5600000000000005 1.03 1.115530820412498
4.5600000000000005 1.032 0.41529804258156333
4.5600000000000005 1.034 0.2927852402364568
4.5600000000000005 1.036 0.6098334825323382
4.5600000000000005 1.038 0.3592940118584058
4.5600000000000005 1.04 0.21095904622448045
4.5600000000000005 1.042 0.010191814841561297
4.5600000000000005 1.044 0.0018195896099577023
4.5600000000000005 1.046 9.591437905816744e-5
4.5600000000000005 1.048 3.150458671388733e-6
4.6 0.974 -3.043381514092811e-15
4.6 0.976 1.2424400266070727e-14
4.6 0.978 -6.9465037957334565e-15
4.6 0.98 -1.0758691018378037e-13
4.6 0.982 -8.510006890375397e-13
4.6 0.984 -1.033456838181343e-12
4.6 0.986 2.1861813224363547e-11
4.6 0.988 5.230102366675406e-11
4.6 0.99 1.6115132994809624e-10
4.6 0.992 1.37179492094557e-9
4.6 0.994 1.9724232744249105e-8
4.6 0.996 1.304831858280594e-9
4.6 0.998 4.708914022459278e-8
4.6 1.0 -5.515814256117763e-8
4.6 1.002 3.586952985969497e-7
4.6 1.004 -1.34477657965474e-6
4.6 1.006 -3.2505374919193206e-6
4.6 1.008 -4.642548533292162e-6
4.6 1.01 -4.903171035468405e-6
4.6 1.012 0.0006290518601142066
4.6 1.014 0.006277120730564173
4.6 1.016 -0.002100362794813338
4.6 1.018 -0.022116710028873814
4.6 1.02 0.06119494215873328
4.6 1.022 0.2915528670849806
4.6 1.024 0.2374922650403703
4.6 1.026 0.23650514738682824
4.6 1.028 0.2684584401040433
4.6 1.03 0.4562675047768761
4.6 1.032 1.0160410904955284
4.6 1.034 1.3535836733442668
4.6 1.036 0.642541657035304
4.6 1.038 0.14902999719186003
4.6 1.04 0.07762875018710014
4.6 1.042 0.010382163420064584
4.6 1.044 0.0014099262735300527
4.6 1.046 9.883076744513408e-5
4.6 1.048 3.150564585324582e-6
4.64 0.974 -1.3383801480523533e-16
4.64 0.976 4.98032857254606e-15
4.64 0.978 -7.612937529956231e-16
4.64 0.98 -1.2969922036445534e-14
4.64 0.982 -9.914860088617946e-14
4.64 0.984 -1.3525753719420693e-13
4.64 0.986 2.341335991000971e-12
4.64 0.988 5.569681270883918e-12
4.64 0.99 1.8059052534930903e-11
4.64 0.992 1.4505835095852757e-10
4.64 0.994 2.017967522894083e-9
4.64 0.996 -2.876122111354958e-9
4.64 0.998 -2.5978040844313557e-9
4.64 1.0 2.1400944255236163e-8
4.64 1.002 1.4147902173211193e-7
4.64 1.004 -1.7704124475091892e-7
4.64 1.006 -1.9958877522377695e-7
4.64 1.008 -2.432323347638734e-7
4.64 1.01 -1.531269726221941e-7
4.64 1.012 4.185766308910232e-6
4.64 1.014 3.8981878042127116e-5
4.64 1.016 8.423106916429266e-5
4.64 1.018 6.092955795473789e-5
4.64 1.02 0.013044662673282845
4.64 1.022 0.12276410499866303
4.64 1.024 0.19880866802654423
4.64 1.026 0.11443955240876551
4.64 1.028 0.03740435709322273
4.64 1.03 0.29102521839909523
4.64 1.032 0.4842530061181754
4.64 1.034 0.5448715341729503
4.64 1.036 0.4302517055866366
4.64 1.038 0.11317566161253995
4.64 1.04 0.09818264556262589
4.64 1.042 0.010409910854590277
4.64 1.044 0.003327921088462692
4.64 1.046 0.0005287607105012143
4.64 1.048 7.837685094490649e-6
4.680000000000001 0.974 4.9968285895132334e-14
4.680000000000001 0.976 2.937241179251789e-15
4.680000000000001 0.978 -1.3068422731544766e-16
4.680000000000001 0.98 4.5572406201096175e-15
4.680000000000001 0.982 -1.1246366858758267e-14
4.680000000000001 0.984 -1.672175180346216e-14
4.680000000000001 0.986 2.845769585613873e-13
4.680000000000001 0.988 6.763767553536246e-13
4.680000000000001 0.99 2.2025254480319363e-12
4.680000000000001 0.992 1.7628689156212578e-11
4.680000000000001 0.994 2.4412853498664507e-10
4.680000000000001 0.996 -3.7071935693563185e-10
4.680000000000001 0.998 -3.6535534135063895e-10
4.680000000000001 1.0 2.7341868994898437e-9
4.680000000000001 1.002 1.7686887334031193e-8
4.680000000000001 1.004 -2.3477244455791408e-8
4.680000000000001 1.006 -3.383147238380986e-8
4.680000000000001 1.008 -1.9514655956333644e-8
4.680000000000001 1.01 6.329582448621871e-7
4.680000000000001 1.012 9.986651838517307e-7
4.680000000000001 1.014 -5.4236712240879195e-6
4.680000000000001 1.016 8.745607018361449e-6
4.680000000000001 1.018 7.252981705479013e-5
4.680000000000001 1.02 0.00033004015386373434
4.680000000000001 1.022 0.0016001215196242713
4.680000000000001 1.024 0.0063195016575982995
4.680000000000001 1.026 0.02616621672107442
4.680000000000001 1.028 0.04626957612149247
4.680000000000001 1.03 0.11542105073584887
4.680000000000001 1.032 0.12076244520609417
4.680000000000001 1.034 0.09631140986816641
4.680000000000001 1.036 0.07876388517285554
4.680000000000001 1.038 0.03623740337022634
4.680000000000001 1.04 0.017542228085896477
4.680000000000001 1.042 0.0053104621708096305
4.680000000000001 1.044 0.001436354174798148
4.680000000000001 1.046 0.00014052456908065708
4.680000000000001 1.048 5.819498078828017e-6
4.72 0.974 6.712739447592208e-15
4.72 0.976 1.0559540013224494e-15
4.72 0.978 2.2848380790501733e-17
4.72 0.98 -1.4608665115200877e-15
4.72 0.982 3.2372845060067835e-16
4.72 0.984 4.966479869068693e-16
4.72 0.986 -1.6297620703198746e-14
4.72 0.988 -3.986560686016304e-14
4.72 0.99 -1.1605305011085178e-13
4.72 0.992 -1.0004202413496802e-12
4.72 0.994 -1.5744639895730548e-11
4.72 0.996 8.846696689849173e-13
4.72 0.998 -1.980436950866786e-11
4.72 1.0 -1.0921428551878588e-10
4.72 1.002 -7.230171466206833e-10
4.72 1.004 1.520834301675272e-9
4.72 1.006 3.960009046458275e-9
4.72 1.008 3.1221535766833916e-8
4.72 1.01 1.783155125240543e-7
4.72 1.012 3.117435647714198e-8
4.72 1.014 -3.2488752881449757e-6
4.72 1.016 4.152898863031121e-6
4.72 1.018 7.119952756475677e-5
4.72 1.02 0.0002567240367342022
4.72 1.022 0.0007210663031737974
4.72 1.024 0.0033796540369535237
4.72 1.026 0.019707361199112143
4.72 1.028 0.07142153782644099
4.72 1.03 0.3409248051060252
4.72 1.032 0.3440606777986079
4.72 1.034 0.2919484919941137
4.72 1.036 0.15030348973897917
4.72 1.038 0.12765021956062464
4.72 1.04 0.08675564381284671
4.72 1.042 0.025279446718755563
4.72 1.044 0.008876632996835271
4.72 1.046 0.0011510636593667807
4.72 1.048 1.843205106164106e-5
4.760000000000001 0.974 2.0302454529015013e-14
4.760000000000001 0.976 -5.16312252489281e-16
4.760000000000001 0.978 -4.527369586458353e-18
4.760000000000001 0.98 -1.3973825695475504e-16
4.760000000000001 0.982 2.4035331867940656e-18
4.760000000000001 0.984 1.717063054730527e-17
4.760000000000001 0.986 -6.539796546670947e-16
4.760000000000001 0.988 -1.6049756444843915e-15
4.760000000000001 0.99 -4.5879436917660445e-15
4.760000000000001 0.992 -4.024463397945066e-14
4.760000000000001 0.994 -6.409052011197049e-13
4.760000000000001 0.996 -1.5945885285729527e-13
4.760000000000001 0.998 -1.2346756792151737e-12
4.760000000000001 1.0 -2.9925317748828754e-12
4.760000000000001 1.002 -2.290306074889009e-11
4.760000000000001 1.004 7.313185297298061e-11
4.760000000000001 1.006 -4.023701905155899e-11
4.760000000000001 1.008 -4.449107455486064e-9
4.760000000000001 1.01 1.5114704984480783e-8
4.760000000000001 1.012 3.471303751479062e-8
4.760000000000001 1.014 5.068917804195522e-8
4.760000000000001 1.016 -4.780295896152649e-7
4.760000000000001 1.018 3.889732106077085e-6
4.760000000000001 1.02 2.726677145541133e-5
4.760000000000001 1.022 5.7414232466345527e-5
4.760000000000001 1.024 2.545946665513842e-5
4.760000000000001 1.026 9.975030423689344e-5
4.760000000000001 1.028 0.0020691359950475033
4.760000000000001 1.03 0.017817773951652998
4.760000000000001 1.032 0.20680849599226603
4.760000000000001 1.034 0.22882403760610348
4.760000000000001 1.036 0.11817620784988113
4.760000000000001 1.038 0.08366637040387517
4.760000000000001 1.04 0.05618867523843157
4.760000000000001 1.042 0.006759965629343113
4.760000000000001 1.044 0.002800502043941689
4.760000000000001 1.046 0.00025267531030753276
4.760000000000001 1.048 6.697612439932049e-6
4.8 0.974 -2.7567234156595924e-15
4.8 0.976 -4.01951099194143e-15
4.8 0.978 -6.574593328646855e-17
4.8 0.98 2.100861799182314e-15
4.8 0.982 3.1717382880668497e-16
4.8 0.984 4.159973282406822e-18
4.8 0.986 1.1028321157378417e-18
4.8 0.988 7.438762876823283e-19
4.8 0.99 7.898741967315039e-18
4.8 0.992 6.940478686011878e-17
4.8 0.994 1.094088431129312e-15
4.8 0.996 1.2944747249392639e-16
4.8 0.998 1.808170489633088e-15
4.8 1.0 9.42632079649622e-15
4.8 1.002 3.3542573828061306e-13
4.8 1.004 1.1235422063620595e-11
4.8 1.006 6.727474824829624e-11
4.8 1.008 1.277207106267138e-10
4.8 1.01 4.312298929136126e-10
4.8 1.012 -4.0776571962244043e-10
4.8 1.014 -7.527352038459921e-9
4.8 1.016 -1.6093446871239912e-8
4.8 1.018 -3.3201160192856814e-8
4.8 1.02 6.482461143307351e-6
4.8 1.022 5.095184412209279e-5
4.8 1.024 9.797361225983486e-5
4.8 1.026 0.00013556012985174569
4.8 1.028 0.00030679959350666457
4.8 1.03 0.0022076590355284116
4.8 1.032 0.007631747019494717
4.8 1.034 0.025620829344410182
4.8 1.036 0.0593134496638499
4.8 1.038 0.03922660308668507
4.8 1.04 0.005460714530840181
4.8 1.042 0.0034018738123922855
4.8 1.044 0.0009964360451583823
4.8 1.046 0.0002722030359270084
4.8 1.048 3.762232735418609e-5
4.840000000000001 0.974 1.1748494082530544e-14
4.840000000000001 0.976 3.821824226126344e-16
4.840000000000001 0.978 8.044425619239933e-18
4.840000000000001 0.98 -5.407889370339204e-16
4.840000000000001 0.982 -7.988967068263403e-17
4.840000000000001 0.984 -1.0370355977492845e-18
4.840000000000001 0.986 -6.663937879910627e-19
4.840000000000001 0.988 -1.6766694896016438e-18
4.840000000000001 0.99 -4.600257410394156e-18
4.840000000000001 0.992 -4.0975084239897573e-17
4.840000000000001 0.994 -6.612294743040867e-16
4.840000000000001 0.996 -1.7820180743463608e-16
4.840000000000001 0.998 -1.2524902916569299e-15
4.840000000000001 1.0 -3.0193133977773776e-15
4.840000000000001 1.002 4.7997820659999036e-14
4.840000000000001 1.004 2.9601942841732906e-12
4.840000000000001 1.006 1.8757718196374467e-11
4.840000000000001 1.008 5.5534626207250564e-11
4.840000000000001 1.01 5.31022914447378e-11
4.840000000000001 1.012 -2.6342041344191975e-10
4.840000000000001 1.014 -2.3055523591364395e-9
4.840000000000001 1.016 -1.6273315734065506e-9
4.840000000000001 1.018 -1.2984278824093565e-8
4.840000000000001 1.02 1.6598091591551873e-6
4.840000000000001 1.022 1.334935768103781e-5
4.840000000000001 1.024 2.2286011671798927e-5
4.840000000000001 1.026 1.9281970253198088e-5
4.840000000000001 1.028 9.621143978845273e-6
4.840000000000001 1.03 -0.0011466670939700684
4.840000000000001 1.032 0.004263780998706643
4.840000000000001 1.034 0.0033142158018886407
4.840000000000001 1.036 0.008399552541753385
4.840000000000001 1.038 0.01327342585268191
4.840000000000001 1.04 0.005790006789812384
4.840000000000001 1.042 0.0024239538752090185
4.840000000000001 1.044 0.0010361126612407413
4.840000000000001 1.046 0.001417665085851344
4.840000000000001 1.048 0.00015592471581722913
4.879999999999999 0.974 3.6201944350236936e-15
4.879999999999999 0.976 5.082640925057441e-16
4.879999999999999 0.978 3.671580868557175e-18
4.879999999999999 0.98 1.3940522936596897e-16
4.879999999999999 0.982 1.98950095325513e-17
4.879999999999999 0.984 2.6408584127469525e-19
4.879999999999999 0.986 -1.1980159240998106e-19
4.879999999999999 0.988 -1.2807699051066605e-19
4.879999999999999 0.99 -5.38551359565262e-19
4.879999999999999 0.992 -4.715170911084711e-18
4.879999999999999 0.994 -7.624351427359343e-17
4.879999999999999 0.996 -2.9502764255283646e-17
4.879999999999999 0.998 -1.710014310564278e-16
4.879999999999999 1.0 -2.5737433016363183e-16
4.879999999999999 1.002 -1.2524558525130685e-15
4.879999999999999 1.004 5.363511291997325e-14
4.879999999999999 1.006 3.1911587109204553e-13
4.879999999999999 1.008 9.37818920312775e-13
4.879999999999999 1.01 9.021705489355812e-13
4.879999999999999 1.012 -4.456140668795757e-12
4.879999999999999 1.014 -3.8682722365123814e-11
4.879999999999999 1.016 -1.873994920913637e-11
4.879999999999999 1.018 -3.1557807914768224e-10
4.879999999999999 1.02 7.143742677262362e-9
4.879999999999999 1.022 1.0473486663926611e-7
4.879999999999999 1.024 2.9476633977960414e-6
4.879999999999999 1.026 3.6297933344960585e-5
4.879999999999999 1.028 0.0002850423831408547
4.879999999999999 1.03 0.002111130018318837
4.879999999999999 1.032 0.0018405361145255935
4.879999999999999 1.034 0.001956446621857696
4.879999999999999 1.036 0.0009031260380952887
4.879999999999999 1.038 0.00139627462575392
4.879999999999999 1.04 0.002871690292101893
4.879999999999999 1.042 0.004334663261442714
4.879999999999999 1.044 0.0007134838773415215
4.879999999999999 1.046 0.0005746494597777013
4.879999999999999 1.048 0.00010518544986459191
4.92 0.974 -1.0762306682805751e-15
4.92 0.976 -7.795722301153178e-15
4.92 0.978 -9.099288487108573e-17
4.92 0.98 -1.0158965397199436e-15
4.92 0.982 -1.217096448350313e-16
4.92 0.984 -1.5876375920317192e-18
4.92 0.986 1.0007689898597737e-20
4.92 0.988 1.213484867178316e-19
4.92 0.99 1.106213932363637e-19
4.92 0.992 1.0227485306951355e-18
4.92 0.994 1.4954947016336564e-17
4.92 0.996 3.968019884510246e-18
4.92 0.998 2.795354717285787e-17
4.92 1.0 8.785421409832702e-17
4.92 1.002 5.956708793770999e-16
4.92 1.004 -9.377154322615258e-16
4.92 1.006 -5.53744741248768e-16
4.92 1.008 -3.2987252276286493e-16
4.92 1.01 -3.0972047271647442e-15
4.92 1.012 -2.520645632938808e-15
4.92 1.014 2.885413616926777e-14
4.92 1.016 7.485088678778795e-13
4.92 1.018 3.5097624589331553e-13
4.92 1.02 6.1367233205182995e-12
4.92 1.022 3.9908121237385935e-9
4.92 1.024 1.998753716652715e-7
4.92 1.026 8.271036397009681e-7
4.92 1.028 4.234294074834937e-6
4.92 1.03 1.3696865919595112e-5
4.92 1.032 0.0003346056073191526
4.92 1.034 0.0003067443644488285
4.92 1.036 0.00023635130481728666
4.92 1.038 0.0023685771425419706
4.92 1.04 0.0023762230038472097
4.92 1.042 0.0019369094508711925
4.92 1.044 0.0006194837441827282
4.92 1.046 0.0031557922789159183
4.92 1.048 0.0003437858340971035
