8.585 8.585 -3.014153591842556e-35
8.585 8.83 -5.753517024868191e-29
8.585 9.075 -2.6888547396145025e-23
8.585 9.32 -1.2299523367504309e-20
8.585 9.565 -1.4462020178943621e-18
8.585 9.81 -5.101484132597132e-19
8.585 10.055 -1.2139469356492929e-20
8.585 10.3 -1.1456146848725279e-20
8.585 10.545 -8.88937069125848e-25
8.585 10.79 -2.8916163871057983e-29
8.585 11.035 -6.881064521797642e-35
8.585 13.975000000000001 -9.874597755045605e-38
8.585 14.220000000000002 -1.5641971170259802e-37
8.585 14.464999999999998 -3.4614320924950584e-38
8.585 14.709999999999999 -6.880752828673417e-35
8.585 14.955 5.32408621470172e-40
8.585 15.2 -1.6930245212707441e-40
8.585 15.445 -1.105198775668478e-38
8.585 15.69 3.6354261469498673e-38
8.585 15.935 -2.2641092569950414e-36
8.585 16.18 -1.6821370257583415e-37
8.585 16.425 -5.238411581748086e-35
8.585 16.67 2.6907436646727312e-37
8.585 16.915 -4.748602309766139e-37
8.585 17.895 6.335239549966944e-32
8.585 18.14 2.2361433316482087e-28
8.585 18.385 1.5383368082527205e-25
8.585 18.63 1.962971842376587e-23
8.585 18.875 -9.133337325261118e-22
8.585 19.12 -7.725535887093844e-20
8.585 19.365 -4.1492409529126664e-19
8.585 19.61 6.22889757026783e-20
8.585 19.855 -1.7627778010416922e-19
8.585 20.1 -2.1452391996202577e-18
8.585 20.345 -1.6444919353779697e-18
8.585 20.59 -1.4198962781253182e-19
8.585 20.835 -7.992182777243324e-22
8.585 21.08 -4.089597943721767e-24
8.585 21.325 -3.2651856607847986e-26
8.585 21.57 -1.8055641918756547e-29
8.83 8.585 -1.15633117927027e-36
8.83 8.83 -1.7137540384906176e-29
8.83 9.075 -6.94814608112339e-24
8.83 9.32 -3.66657438686635e-21
8.83 9.565 -4.3054356802992795e-19
8.83 9.81 -4.719182714608229e-21
8.83 10.055 5.085301755777575e-21
8.83 10.3 -4.458778914529453e-22
8.83 10.545 -2.467597176151095e-25
8.83 10.79 -8.893409845733909e-30
8.83 11.035 -2.181390843475316e-35
8.83 13.975000000000001 -5.751175716067613e-38
8.83 14.220000000000002 2.1466760726246372e-39
8.83 14.464999999999998 -1.0202658133632994e-38
8.83 14.709999999999999 -3.1479511160856424e-36
8.83 14.955 -8.647985002590732e-34
8.83 15.2 -2.382115394132233e-26
8.83 15.445 -2.0129880576349163e-26
8.83 15.69 -1.785050630076183e-29
8.83 15.935 1.1589737117135782e-34
8.83 16.18 -3.477608207173034e-38
8.83 16.425 -1.584014041368459e-35
8.83 16.67 9.390472497242516e-39
8.83 16.915 -8.768658564374522e-38
8.83 17.895 2.517401893814459e-35
8.83 18.14 -6.740190611628084e-31
8.83 18.385 -9.743347501945367e-28
8.83 18.63 -8.87274182388318e-26
8.83 18.875 6.345414678380279e-25
8.83 19.12 4.5242911650297754e-23
8.83 19.365 5.024525827538662e-23
8.83 19.61 -2.5275546422765646e-21
8.83 19.855 -7.89418710377835e-21
8.83 20.1 -1.8704264008633147e-21
8.83 20.345 2.998305981576057e-22
8.83 20.59 4.992323843948025e-23
8.83 20.835 2.073938564018357e-24
8.83 21.08 8.570031460538836e-26
8.83 21.325 6.985443281888412e-28
8.83 21.57 3.860989124403211e-31
9.075 8.585 -1.5703666539781364e-34
9.075 8.83 -2.8206906943156796e-31
9.075 9.075 -2.163089863203156e-23
9.075 9.32 7.948599350107787e-25
9.075 9.565 -1.1648159447407136e-20
9.075 9.81 -2.9861226100122242e-18
9.075 10.055 -1.763839000486763e-19
9.075 10.3 -6.016995334009936e-20
9.075 10.545 -3.6953839867496827e-25
9.075 10.79 5.540069655728427e-30
9.075 11.035 -1.0211385469264799e-34
9.075 13.975000000000001 2.3727749758691114e-35
9.075 14.220000000000002 5.8981060068706244e-36
9.075 14.464999999999998 1.8281306108703433e-36
9.075 14.709999999999999 2.2732460821368216e-33
9.075 14.955 1.6342629519132638e-20
9.075 15.2 4.5016306762041407e-13
9.075 15.445 3.8008038487319553e-13
9.075 15.69 -5.0631798634464035e-21
9.075 15.935 -2.974344592375575e-21
9.075 16.18 -3.4648092038327664e-35
9.075 16.425 -5.362331985463703e-34
9.075 16.67 -1.516591307634446e-36
9.075 16.915 1.8641161531509233e-35
9.075 17.895 -3.7031638778844538e-34
9.075 18.14 2.302807090624111e-36
9.075 18.385 -4.606099476844813e-35
9.075 18.63 -8.599124922517408e-34
9.075 18.875 7.803091272239004e-33
9.075 19.12 4.729364613884182e-31
9.075 19.365 6.675051410075081e-31
9.075 19.61 -2.5893757487549556e-29
9.075 19.855 -8.734628864865987e-29
9.075 20.1 -2.5239499605795044e-29
9.075 20.345 2.1350486065759838e-30
9.075 20.59 3.6890278347342683e-31
9.075 20.835 1.246730266759733e-32
9.075 21.08 5.085563942122617e-34
9.075 21.325 4.272922769630419e-36
9.075 21.57 -2.8999698852278494e-36
9.32 8.585 2.1738795933132715e-32
9.32 8.83 -3.4923487253609886e-27
9.32 9.075 -1.6914179498973473e-22
9.32 9.32 -9.096202459924304e-20
9.32 9.565 -1.0679363480227391e-17
9.32 9.81 3.290824968869907e-19
9.32 10.055 1.52511817189309e-19
9.32 10.3 -2.0715085274046493e-21
9.32 10.545 -6.063859306860344e-24
9.32 10.79 -3.45908585906852e-27
9.32 11.035 -3.433642190483946e-27
9.32 13.975000000000001 7.692915206141406e-28
9.32 14.220000000000002 1.9591744887160728e-28
9.32 14.464999999999998 6.077864020826777e-29
9.32 14.709999999999999 7.593891166460388e-26
9.32 14.955 5.428331247839476e-13
9.32 15.2 1.4952515712140012e-5
9.32 15.445 1.2624966218643834e-5
9.32 15.69 3.111294546685809e-10
9.32 15.935 -9.807456510170424e-14
9.32 16.18 -1.141009916082329e-27
9.32 16.425 -1.796234280657531e-26
9.32 16.67 -5.0062539767061646e-29
9.32 16.915 6.555093091838697e-28
9.32 17.895 -1.2291708567211289e-26
9.32 18.14 9.752652688623776e-29
9.32 18.385 -1.2913212494920007e-27
9.32 18.63 -1.4895222211138929e-30
9.32 18.875 1.2790771017308755e-26
9.32 19.12 1.6674620244775796e-28
9.32 19.365 5.455792512698106e-28
9.32 19.61 7.580703283076248e-24
9.32 19.855 -2.6086783264324008e-27
9.32 20.1 -1.861085097626484e-28
9.32 20.345 1.3320108709954867e-29
9.32 20.59 4.9291254628635983e-26
9.32 20.835 -7.875003758069058e-27
9.32 21.08 4.1998771885042625e-29
9.32 21.325 3.3947398110877904e-30
9.32 21.57 -1.8924859517876015e-38
9.565 8.585 3.602410373367076e-29
9.565 8.83 -1.5429388823926992e-24
9.565 9.075 -1.4547516297337314e-23
9.565 9.32 -7.341864407408541e-21
9.565 9.565 -8.616558015815112e-19
9.565 9.81 2.6738307600745314e-20
9.565 10.055 1.2307491597530916e-20
9.565 10.3 -1.6536492647827624e-22
9.565 10.545 1.5977283024792912e-24
9.565 10.79 -1.947409331353566e-24
9.565 11.035 -1.7164320163923163e-27
9.565 13.975000000000001 4.9284502255732e-25
9.565 14.220000000000002 1.8235001935038264e-25
9.565 14.464999999999998 -3.0452824259626796e-26
9.565 14.709999999999999 3.9713393557528715e-23
9.565 14.955 2.8388272922609614e-10
9.565 15.2 0.007819645042805478
9.565 15.445 0.009908106594998458
9.565 15.69 0.0034165281036894943
9.565 15.935 7.856995248386845e-9
9.565 16.18 -5.69729773278222e-24
9.565 16.425 -9.26936483376612e-24
9.565 16.67 -6.090699213924709e-26
9.565 16.915 4.880840697974217e-25
9.565 17.895 -6.043277685421357e-24
9.565 18.14 -6.111289584543067e-26
9.565 18.385 -1.2585602163591389e-24
9.565 18.63 9.697652198846954e-27
9.565 18.875 5.113196873146339e-24
9.565 19.12 -4.34445962483096e-26
9.565 19.365 -1.007158799549624e-24
9.565 19.61 3.964465735338094e-21
9.565 19.855 -1.3560986158269736e-24
9.565 20.1 -9.667227081225543e-26
9.565 20.345 6.974240094062935e-27
9.565 20.59 2.5777633223003783e-23
9.565 20.835 -4.1183565566008724e-24
9.565 21.08 2.1963916704558683e-26
9.565 21.325 1.7753323647906084e-27
9.565 21.57 2.3373382387305697e-36
9.81 8.585 4.5487221830294846e-27
9.81 8.83 1.1269253798525261e-23
9.81 9.075 -5.2463655043427117e-23
9.81 9.32 -9.113478965381997e-23
9.81 9.565 1.1051791393674208e-21
9.81 9.81 -1.0465665474751913e-22
9.81 10.055 4.344083133369864e-21
9.81 10.3 8.043350180708509e-23
9.81 10.545 1.2984966277002083e-22
9.81 10.79 -4.692128533313555e-23
9.81 11.035 3.3098382665335865e-22
9.81 13.975000000000001 1.6707419513692554e-23
9.81 14.220000000000002 1.4741592360052044e-23
9.81 14.464999999999998 -1.1483111060839626e-23
9.81 14.709999999999999 3.423724896987167e-25
9.81 14.955 2.4473739954933675e-12
9.81 15.2 6.788417855621197e-5
9.81 15.445 0.6099828181572957
9.81 15.69 0.6303461850055369
9.81 15.935 1.459140070238627e-6
9.81 16.18 -9.411038671039195e-22
9.81 16.425 2.28554995922071e-23
9.81 16.67 -6.40745135346726e-24
9.81 16.915 2.6807448853393365e-23
9.81 17.895 7.095348923622006e-23
9.81 18.14 -2.0685773559265297e-23
9.81 18.385 -1.07618981306002e-22
9.81 18.63 1.9330126864851774e-24
9.81 18.875 -2.90713540845919e-22
9.81 19.12 -2.4104648050654736e-23
9.81 19.365 -2.384697949488749e-22
9.81 19.61 3.845562813939471e-23
9.81 19.855 1.4917681684216337e-24
9.81 20.1 1.2019207736172124e-25
9.81 20.345 1.5896838290863785e-27
9.81 20.59 2.2811113838121874e-25
9.81 20.835 -3.645601446690996e-26
9.81 21.08 1.9463674249883148e-28
9.81 21.325 1.5717647007928376e-29
9.81 21.57 1.572757433534394e-36
10.055 8.585 1.8807965439422454e-29
10.055 8.83 4.665562539991839e-26
10.055 9.075 -3.126685238483039e-25
10.055 9.32 -3.766924641609721e-25
10.055 9.565 -4.73994919647295e-23
10.055 9.81 -1.3219187986348135e-20
10.055 10.055 -7.628352331627664e-22
10.055 10.3 -2.660237308568285e-22
10.055 10.545 5.352249731687372e-25
10.055 10.79 -1.939514970904311e-25
10.055 11.035 1.3686413583898301e-24
10.055 13.975000000000001 6.906831031964895e-26
10.055 14.220000000000002 6.095084211814773e-26
10.055 14.464999999999998 -4.748235354401408e-26
10.055 14.709999999999999 -3.7851489907736204e-29
10.055 14.955 -2.7058477364800746e-16
10.055 15.2 -5.508043772349071e-9
10.055 15.445 0.0025219590027635687
10.055 15.69 0.0026064005544452753
10.055 15.935 6.033358764644847e-9
10.055 16.18 -3.89132184572802e-24
10.055 16.425 9.484836731462302e-26
10.055 16.67 -2.6493030623955597e-26
10.055 16.915 1.1083281300764553e-25
10.055 17.895 2.9361884093556688e-25
10.055 18.14 -8.553488504138665e-26
10.055 18.385 -4.449659564657488e-25
10.055 18.63 7.992787837490384e-27
10.055 18.875 -1.2023079971336502e-24
10.055 19.12 -9.967281711385461e-26
10.055 19.365 -9.86052433583811e-25
10.055 19.61 1.3909731786879808e-26
10.055 19.855 6.2182016033621514e-27
10.055 20.1 5.005410434993059e-28
10.055 20.345 6.318183488434523e-30
10.055 20.59 -2.5485516551821172e-31
10.055 20.835 -8.492635044563805e-33
10.055 21.08 9.15449145994533e-34
10.055 21.325 1.3031261316966217e-35
10.055 21.57 -6.429656913340425e-39
10.3 8.585 -9.118646301056233e-36
10.3 8.83 -1.4540557741610343e-32
10.3 9.075 -1.6817156894385884e-24
10.3 9.32 1.1260841604843762e-27
10.3 9.565 -9.126595276266235e-22
10.3 9.81 -2.3214326954777267e-19
10.3 10.055 -1.371211954894642e-20
10.3 10.3 -4.677660247985156e-21
10.3 10.545 -2.873215974277228e-26
10.3 10.79 3.986890246320729e-31
10.3 11.035 2.248250466062381e-31
10.3 13.975000000000001 1.1345806167709948e-32
10.3 14.220000000000002 1.001231609121076e-32
10.3 14.464999999999998 -7.799865041052223e-33
10.3 14.709999999999999 -7.235638198751333e-36
10.3 14.955 -4.450847167748848e-23
10.3 15.2 -9.06448110428065e-16
10.3 15.445 4.142789467195054e-10
10.3 15.69 4.281500527447356e-10
10.3 15.935 9.91092051808124e-16
10.3 16.18 -6.3922243772934105e-31
10.3 16.425 1.5580973813577213e-32
10.3 16.67 -4.351976655610672e-33
10.3 16.915 1.8206277976000656e-32
10.3 17.895 4.823236899389801e-32
10.3 18.14 -1.4050753560345734e-32
10.3 18.385 -7.309376825464803e-32
10.3 18.63 1.3153562172190573e-33
10.3 18.875 -1.975009787983647e-31
10.3 19.12 -1.6373125276676726e-32
10.3 19.365 -1.619775972786465e-31
10.3 19.61 2.286351902932896e-33
10.3 19.855 1.0214750572833335e-33
10.3 20.1 8.221199116321372e-35
10.3 20.345 1.1592392693089006e-36
10.3 20.59 -4.324167460672721e-37
10.3 20.835 -4.158969601228948e-38
10.3 21.08 -1.8438920029121484e-39
10.3 21.325 2.9416149492084736e-39
10.3 21.57 -2.256235084356763e-37
10.545 8.585 -9.068389664501226e-36
10.545 8.83 -1.6493833320045957e-32
10.545 9.075 -1.2491968189830362e-24
10.545 9.32 8.365136281738868e-28
10.545 9.565 -6.779335002812285e-22
10.545 9.81 -1.7243856487317953e-19
10.545 10.055 -1.0185512685788899e-20
10.545 10.3 -3.4746172986529724e-21
10.545 10.545 -2.1342628664917503e-26
10.545 10.79 3.198166572432174e-31
10.545 11.035 7.283827542362168e-38
10.545 13.975000000000001 3.2777839264795716e-38
10.545 14.220000000000002 2.7912928050472062e-42
10.545 14.464999999999998 -1.0927910171572447e-40
10.545 14.709999999999999 -7.4982960407607394e-37
10.545 14.955 -1.243344721499737e-32
10.545 15.2 -2.5339884789853816e-25
10.545 15.445 1.1549234131345288e-19
10.545 15.69 1.1935931736229737e-19
10.545 15.935 2.76295821967991e-25
10.545 16.18 -1.81169902307001e-38
10.545 16.425 2.6224394385338556e-37
10.545 16.67 -5.493981683576745e-40
10.545 16.915 -6.313145960666058e-38
10.545 17.895 -1.4942625859362012e-38
10.545 18.14 -3.599878944125503e-38
10.545 18.385 1.5936414797920273e-37
10.545 18.63 1.7762710013189764e-36
10.545 18.875 4.489319493758515e-37
10.545 19.12 -2.458667439289684e-40
10.545 19.365 -2.7903397297537166e-38
10.545 19.61 1.674431895991045e-36
10.545 19.855 1.3982539594977428e-38
10.545 20.1 -8.364099169544488e-39
10.545 20.345 9.014820536417031e-38
10.545 20.59 -2.860687394035287e-37
10.545 20.835 -3.0502069090069077e-38
10.545 21.08 -1.4779266188830574e-39
10.545 21.325 2.1837518345050764e-39
10.545 21.57 -1.6759561564673617e-37
10.79 8.585 -1.3048336744717274e-33
10.79 8.83 -2.3732669122171296e-30
10.79 9.075 -1.7974460026571365e-22
10.79 9.32 1.2036438568211492e-25
10.79 9.565 -9.754658686530028e-20
10.79 9.81 -2.4811863465002853e-17
10.79 10.055 -1.4655744222106781e-18
10.79 10.3 -4.999562022029079e-19
10.79 10.545 -3.070951030053221e-24
10.79 10.79 4.6017822285899106e-29
10.79 11.035 1.0471678469334283e-35
10.79 13.975000000000001 4.715893767614922e-36
10.79 14.220000000000002 5.945381003722266e-42
10.79 14.464999999999998 -1.5415714050823144e-38
10.79 14.709999999999999 -1.0789158289225167e-34
10.79 14.955 -2.644150009539995e-32
10.79 15.2 -5.388984623783857e-25
10.79 15.445 2.4559905019386044e-19
10.79 15.69 2.5382232835690094e-19
10.79 15.935 5.87554037565701e-25
10.79 16.18 -2.58155774732137e-36
10.79 16.425 3.7733176191273324e-35
10.79 16.67 -7.887988682860407e-38
10.79 16.915 -9.084587487943218e-36
10.79 17.895 -2.1519727165173066e-36
10.79 18.14 -5.179243380905837e-36
10.79 18.385 2.2933498692057435e-35
10.79 18.63 2.555842693679693e-34
10.79 18.875 6.460378614035843e-35
10.79 19.12 -3.4730238341351426e-38
10.79 19.365 -4.008566409025699e-36
10.79 19.61 2.409307921248727e-34
10.79 19.855 2.0118811737592267e-36
10.79 20.1 -1.2034978781608173e-36
10.79 20.345 1.2971257083257052e-35
10.79 20.59 -4.116189733153531e-35
10.79 20.835 -4.3888858285552214e-36
10.79 21.08 -2.1265610454908434e-37
10.79 21.325 3.1421597830526095e-37
10.79 21.57 -2.411502053394026e-35
11.035 8.585 -3.015280267730614e-35
11.035 8.83 -5.484273613161554e-32
11.035 9.075 -4.1536354940486765e-24
11.035 9.32 2.781445361081941e-27
11.035 9.565 -2.2541593178768794e-21
11.035 9.81 -5.733659682091941e-19
11.035 10.055 -3.3867286862944157e-20
11.035 10.3 -1.155325847825146e-20
11.035 10.545 -7.09651982872252e-26
11.035 10.79 1.0634047405210062e-30
11.035 11.035 2.419821331040982e-37
11.035 13.975000000000001 1.0897726982459076e-37
11.035 14.220000000000002 2.3160407194666483e-46
11.035 14.464999999999998 -3.5612781331559186e-40
11.035 14.709999999999999 -2.493217084310221e-36
11.035 14.955 -2.9726027476891933e-38
11.035 15.2 -6.139664481631214e-31
11.035 15.445 2.7981073810130667e-25
11.035 15.69 2.8917951021467386e-25
11.035 15.935 6.693977434970599e-31
11.035 16.18 -5.964727683970193e-38
11.035 16.425 8.719584417858409e-37
11.035 16.67 -1.822739494524482e-39
11.035 16.915 -2.0993181331978304e-37
11.035 17.895 -4.972961083062479e-38
11.035 18.14 -1.1968456638145423e-37
11.035 18.385 5.2996069984006405e-37
11.035 18.63 5.906179591292481e-36
11.035 18.875 1.4929019568532128e-36
11.035 19.12 -8.023408488971459e-40
11.035 19.365 -9.262990295664516e-38
11.035 19.61 5.567559095955242e-36
11.035 19.855 4.649162492586365e-38
11.035 20.1 -2.7811081383304807e-38
11.035 20.345 2.9974682822874454e-37
11.035 20.59 -9.511913988279519e-37
11.035 20.835 -1.0142074882843413e-37
11.035 21.08 -4.9141723455157004e-39
11.035 21.325 7.261072868706997e-39
11.035 21.57 -5.572629446526603e-37
11.28 8.585 6.464476622171391e-35
11.28 8.83 1.1757765585272518e-31
11.28 9.075 8.905002906581509e-24
11.28 9.32 -5.963156627590699e-27
11.28 9.565 4.832705061951729e-21
11.28 9.81 1.2292425805666901e-18
11.28 10.055 7.260827012496949e-20
11.28 10.3 2.4769096969805276e-20
11.28 10.545 1.5214269473556938e-25
11.28 10.79 -2.279839508974771e-30
11.28 11.035 -5.1878687967878455e-37
11.28 13.975000000000001 -2.3363699242783994e-37
11.28 14.220000000000002 -4.820391732837023e-46
11.28 14.464999999999998 7.635044457610165e-40
11.28 14.709999999999999 5.345222375514726e-36
11.28 14.955 -8.549152005360878e-40
11.28 15.2 -1.0109728223397243e-39
11.28 15.445 4.6077046985798045e-34
11.28 15.69 4.7521203878118395e-34
11.28 15.935 4.1819483641379556e-36
11.28 16.18 1.2787813724714286e-37
11.28 16.425 -1.869396693463562e-36
11.28 16.67 3.907781627387037e-39
11.28 16.915 4.500740160239468e-37
11.28 17.895 1.066155973278066e-37
11.28 18.14 2.5659242678909896e-37
11.28 18.385 -1.1361857774114216e-36
11.28 18.63 -1.2662292226316303e-35
11.28 18.875 -3.2006410493301635e-36
11.28 19.12 1.7201431139679335e-39
11.28 19.365 1.9858977882698962e-37
11.28 19.61 -1.1936321808466084e-35
11.28 19.855 -9.967366074455973e-38
11.28 20.1 5.962433653815853e-38
11.28 20.345 -6.4262894046433404e-37
11.28 20.59 2.0392646835319485e-36
11.28 20.835 2.174365238353038e-37
11.28 21.08 1.0535522214927159e-38
11.28 21.325 -1.5567055677702224e-38
11.28 21.57 1.19471921620765e-36
14.464999999999998 8.585 1.043547194698944e-38
14.464999999999998 8.83 1.8980319691089772e-35
14.464999999999998 9.075 1.4375163443359576e-27
14.464999999999998 9.32 -9.626201367841697e-31
14.464999999999998 9.565 7.801336604591415e-25
14.464999999999998 9.81 1.9843410712559465e-22
14.464999999999998 10.055 1.1721004039365559e-23
14.464999999999998 10.3 3.99842449262107e-24
14.464999999999998 10.545 2.4560082983471544e-29
14.464999999999998 10.79 -3.6802981324036462e-34
14.464999999999998 11.035 -8.374670133052006e-41
14.464999999999998 13.975000000000001 -3.771554021709427e-41
14.464999999999998 14.220000000000002 -7.781459464456975e-50
14.464999999999998 14.464999999999998 1.232509558130985e-43
14.464999999999998 14.709999999999999 8.628682785980555e-40
14.464999999999998 14.955 -1.3800719835550736e-43
14.464999999999998 15.2 -1.2530713943821882e-50
14.464999999999998 15.445 4.359028879877297e-42
14.464999999999998 15.69 -1.5469417661207955e-40
14.464999999999998 15.935 6.749054081741815e-40
14.464999999999998 16.18 2.064310526391203e-41
14.464999999999998 16.425 -3.01772871844359e-40
14.464999999999998 16.67 6.308251685479914e-43
14.464999999999998 16.915 7.265452476350915e-41
14.464999999999998 17.895 1.7210737079832222e-41
14.464999999999998 18.14 4.142118901211569e-41
14.464999999999998 18.385 -1.8341207326014483e-40
14.464999999999998 18.63 -2.0440334362338586e-39
14.464999999999998 18.875 -5.154911914890044e-40
14.464999999999998 19.12 8.117185944495629e-41
14.464999999999998 19.365 -1.5337316888778964e-39
14.464999999999998 19.61 -2.4075532379665205e-37
14.464999999999998 19.855 -2.042212026751271e-36
14.464999999999998 20.1 -1.8519972773145716e-36
14.464999999999998 20.345 -2.1452026978788074e-37
14.464999999999998 20.59 -3.959682807107618e-38
14.464999999999998 20.835 -2.801312219324304e-39
14.464999999999998 21.08 -1.2222756852468024e-40
14.464999999999998 21.325 -3.523230405747943e-42
14.464999999999998 21.57 1.928605128712257e-40
14.709999999999999 8.585 1.454512965804257e-34
14.709999999999999 8.83 2.645507670955352e-31
14.709999999999999 9.075 2.003633541457025e-23
14.709999999999999 9.32 -1.3417155229867436e-26
14.709999999999999 9.565 1.0873629194370215e-20
14.709999999999999 9.81 2.7658066941115654e-18
14.709999999999999 10.055 1.6336925089832296e-19
14.709999999999999 10.3 5.573068757071847e-20
14.709999999999999 10.545 3.4232241073671533e-25
14.709999999999999 10.79 -5.129659088538854e-30
14.709999999999999 11.035 -1.1672900255109266e-36
14.709999999999999 13.975000000000001 -5.256853026216001e-37
14.709999999999999 14.220000000000002 -1.03756924961415e-45
14.709999999999999 14.464999999999998 1.717893098509439e-39
14.709999999999999 14.709999999999999 1.2026798593746625e-35
14.709999999999999 14.955 -1.9235665396885642e-39
14.709999999999999 15.2 -2.1583285152638367e-46
14.709999999999999 15.445 6.075683337676592e-38
14.709999999999999 15.69 -2.1561524826197518e-36
14.709999999999999 15.935 9.406940786869039e-36
14.709999999999999 16.18 2.8772694146961845e-37
14.709999999999999 16.425 -4.206159118090752e-36
14.709999999999999 16.67 8.79254325491243e-39
14.709999999999999 16.915 1.0126705225914968e-36
14.709999999999999 17.895 2.3989352280033483e-37
14.709999999999999 18.14 5.9736748501222026e-37
14.709999999999999 18.385 7.027978999304201e-36
14.709999999999999 18.63 1.6436434206834615e-33
14.709999999999999 18.875 -1.3229907607990852e-31
14.709999999999999 19.12 -2.28725890873167e-29
14.709999999999999 19.365 5.278213968372826e-28
14.709999999999999 19.61 7.760289224743867e-26
14.709999999999999 19.855 6.632847988310449e-25
14.709999999999999 20.1 6.0150150112667885e-25
14.709999999999999 20.345 6.963896824518082e-26
14.709999999999999 20.59 1.2967314447069855e-26
14.709999999999999 20.835 9.212199177177785e-28
14.709999999999999 21.08 4.024986322638157e-29
14.709999999999999 21.325 3.2811980076641124e-31
14.709999999999999 21.57 1.840455481848067e-34
14.955 8.585 -1.2430704720873405e-34
14.955 8.83 -2.260911569053337e-31
14.955 9.075 -1.7123463739599432e-23
14.955 9.32 1.1466576415825645e-26
14.955 9.565 -9.292826825620654e-21
14.955 9.81 -2.3637152032762214e-18
14.955 10.055 -1.3961871699795543e-19
14.955 10.3 -4.7628590161561756e-20
14.955 10.545 -2.9255576262869484e-25
14.955 10.79 4.379521253748696e-30
14.955 11.035 -1.879692347599263e-31
14.955 13.975000000000001 -2.7371078330488613e-36
14.955 14.220000000000002 5.914119911800074e-37
14.955 14.464999999999998 1.6756362690143375e-35
14.955 14.709999999999999 1.1359037778688026e-32
14.955 14.955 1.5379031695597254e-36
14.955 15.2 -5.181392756435405e-37
14.955 15.445 -6.448550555759149e-36
14.955 15.69 -1.2310206047339553e-35
14.955 15.935 -7.693805199503319e-36
14.955 16.18 -2.2534572978309726e-37
14.955 16.425 4.981116270192836e-36
14.955 16.67 -2.503270807022546e-37
14.955 16.915 4.973920914113028e-38
14.955 17.895 9.741643566773465e-32
14.955 18.14 2.606650753630403e-28
14.955 18.385 1.2470433177511504e-25
14.955 18.63 2.189695564055612e-23
14.955 18.875 -1.6284023243198682e-21
14.955 19.12 -2.870875244903051e-19
14.955 19.365 6.638605261249288e-18
14.955 19.61 9.75650761447162e-16
14.955 19.855 8.339009293231249e-15
14.955 20.1 7.562250298674449e-15
14.955 20.345 8.755212228455019e-16
14.955 20.59 1.6302881999152613e-16
14.955 20.835 1.158184250365614e-17
14.955 21.08 5.06032888664289e-19
14.955 21.325 4.125217208738899e-21
14.955 21.57 2.2800777816274266e-24
15.2 8.585 -1.7086472592087767e-31
15.2 8.83 -8.628407078026048e-29
15.2 9.075 -1.5604760833735557e-26
15.2 9.32 3.957175871875945e-28
15.2 9.565 -8.49092474046314e-24
15.2 9.81 -2.158637365522144e-21
15.2 10.055 -1.2750576311430508e-22
15.2 10.3 -4.346582673842497e-23
15.2 10.545 -2.0935869328655707e-28
15.2 10.79 -5.936820713198508e-25
15.2 11.035 -2.5414936549059813e-23
15.2 13.975000000000001 -4.308202122573569e-28
15.2 14.220000000000002 7.996458094196468e-29
15.2 14.464999999999998 2.2657812271543137e-27
15.2 14.709999999999999 1.5372164538622833e-24
15.2 14.955 2.077132307578825e-28
15.2 15.2 -7.00562931466049e-29
15.2 15.445 -8.290764138066707e-28
15.2 15.69 -1.8765963455250787e-27
15.2 15.935 4.6722381181869896e-29
15.2 16.18 2.7786821593659725e-30
15.2 16.425 1.8745790111053268e-28
15.2 16.67 -3.284439205773325e-29
15.2 16.915 1.2374001316106408e-28
15.2 17.895 1.3159840158646536e-23
15.2 18.14 3.5212320640752104e-20
15.2 18.385 1.6845510177385707e-17
15.2 18.63 2.9580685609359715e-15
15.2 18.875 -2.199752371329877e-13
15.2 19.12 -3.878455808314776e-11
15.2 19.365 8.982216372648972e-10
15.2 19.61 1.319174351466254e-7
15.2 19.855 1.127497136385727e-6
15.2 20.1 1.0224722532651797e-6
15.2 20.345 1.1837709321963868e-7
15.2 20.59 2.2042700213403285e-8
15.2 20.835 1.5659493440705327e-9
15.2 21.08 6.841931171115884e-11
15.2 21.325 5.577592379990695e-13
15.2 21.57 3.082830264064723e-16
15.445 8.585 1.4320735748277345e-25
15.445 8.83 -4.765704493801307e-24
15.445 9.075 2.5577174630580927e-22
15.445 9.32 2.2493231090336013e-23
15.445 9.565 1.3757483525684765e-19
15.445 9.81 3.505443995467072e-17
15.445 10.055 2.0705522875721124e-18
15.445 10.3 7.085896444526874e-19
15.445 10.545 7.52402332009774e-24
15.445 10.79 -3.4547853558822105e-20
15.445 11.035 -1.4019782623013195e-18
15.445 13.975000000000001 -2.3765660024958245e-23
15.445 14.220000000000002 4.4251629301996184e-24
15.445 14.464999999999998 1.2508919593867252e-22
15.445 14.709999999999999 8.476302681817018e-20
15.445 14.955 1.1448400126875687e-23
15.445 15.2 -3.8674372188574005e-24
15.445 15.445 -4.251802843735087e-23
15.445 15.69 -1.0144114837767749e-22
15.445 15.935 2.5899111227252556e-24
15.445 16.18 1.4864267920138613e-25
15.445 16.425 1.03684174277337e-23
15.445 16.67 -1.9503004987805976e-24
15.445 16.915 6.821737470129297e-24
15.445 17.895 -2.110682022025478e-20
15.445 18.14 -5.908512699635427e-17
15.445 18.385 -3.028230825933547e-14
15.445 18.63 -4.457773604857777e-12
15.445 18.875 4.824511017917475e-10
15.445 19.12 2.7286833020641866e-7
15.445 19.365 0.00010282291493964527
15.445 19.61 0.007484443016281543
15.445 19.855 0.06242831535437883
15.445 20.1 0.056501734594400284
15.445 20.345 0.006547246163032126
15.445 20.59 0.0012173271746840275
15.445 20.835 8.641245390601163e-5
15.445 21.08 3.7743315397309307e-6
15.445 21.325 3.076799390592581e-8
15.445 21.57 1.7005986268533504e-11
15.69 8.585 1.9865576105878137e-21
15.69 8.83 -9.513341646389536e-24
15.69 9.075 1.0758605351312714e-23
15.69 9.32 1.8109039971355014e-20
15.69 9.565 1.8632561374752972e-21
15.69 9.81 -2.472549825752012e-19
15.69 10.055 -1.5607695330903091e-21
15.69 10.3 -2.9056071441637475e-20
15.69 10.545 -5.966461175991911e-24
15.69 10.79 -2.9730406135869464e-18
15.69 11.035 6.364120399751642e-22
15.69 13.975000000000001 -1.4154210824975945e-24
15.69 14.220000000000002 7.221440600232203e-24
15.69 14.464999999999998 1.6675549772349332e-22
15.69 14.709999999999999 3.24193148263545e-19
15.69 14.955 -2.0126595088753948e-23
15.69 15.2 -4.667031299719624e-24
15.69 15.445 -2.6430670548951364e-20
15.69 15.69 -2.9384241583729096e-20
15.69 15.935 1.9864420258681663e-23
15.69 16.18 -6.84105213757257e-24
15.69 16.425 4.637470449745115e-23
15.69 16.67 -1.7829125732300937e-21
15.69 16.915 -8.808811213232188e-24
15.69 17.895 -3.975216127735814e-18
15.69 18.14 -5.5994236098230355e-15
15.69 18.385 3.197294412764602e-11
15.69 18.63 7.920555286597433e-8
15.69 18.875 4.4028255156677395e-5
15.69 19.12 0.004724236318377944
15.69 19.365 0.0925125874399263
15.69 19.61 0.3478939830050571
15.69 19.855 0.39105710041173103
15.69 20.1 0.17891356384926074
15.69 20.345 0.039100410878004525
15.69 20.59 0.003189060277198283
15.69 20.835 5.2909263427952945e-5
15.69 21.08 1.307278801728437e-7
15.69 21.325 9.66558601745701e-12
15.69 21.57 -7.513515587008806e-15
15.935 8.585 3.9109527667815764e-22
15.935 8.83 8.30215652678719e-26
15.935 9.075 -3.130983975253194e-25
15.935 9.32 3.55755121008203e-21
15.935 9.565 -4.397005574264671e-22
15.935 9.81 -2.652826644930502e-19
15.935 10.055 -1.3106252295840721e-20
15.935 10.3 -8.113263893488721e-20
15.935 10.545 8.212325605027684e-26
15.935 10.79 -2.263250064847625e-18
15.935 11.035 5.705075759571297e-19
15.935 13.975000000000001 -2.770923336506028e-25
15.935 14.220000000000002 -3.6496077729340933e-20
15.935 14.464999999999998 9.964150616995669e-26
15.935 14.709999999999999 6.579757071890878e-19
15.935 14.955 -8.96776572877647e-25
15.935 15.2 5.592407836156729e-25
15.935 15.445 -2.4977891861238557e-19
15.935 15.69 -2.5814501493356717e-19
15.935 15.935 -7.674843349356984e-25
15.935 16.18 1.834683392724359e-25
15.935 16.425 1.933839203996915e-25
15.935 16.67 -3.504443962373257e-22
15.935 16.915 -4.258282496339155e-25
15.935 17.895 4.92764757633808e-14
15.935 18.14 1.445854878040089e-10
15.935 18.385 8.112180848706472e-8
15.935 18.63 1.4761067968752988e-5
15.935 18.875 0.0005139849710033268
15.935 19.12 0.006473176955065402
15.935 19.365 0.04049666091983625
15.935 19.61 0.12265208135870537
15.935 19.855 0.19736148185337607
15.935 20.1 0.06386465752980641
15.935 20.345 0.001991803904558971
15.935 20.59 2.526542396377512e-6
15.935 20.835 -1.526900664649333e-8
15.935 21.08 -3.5484645218680257e-10
15.935 21.325 -3.001654138698466e-12
15.935 21.57 -1.6607379250795555e-15
16.18 8.585 1.4655226517858828e-27
16.18 8.83 3.4730924530568586e-31
16.18 9.075 -8.726633133865086e-26
16.18 9.32 1.338925556072056e-26
16.18 9.565 -4.7360047278807474e-23
16.18 9.81 -1.2047034739217751e-20
16.18 10.055 -7.115784625205112e-22
16.18 10.3 2.2662269733472384e-22
16.18 10.545 -1.4905706718096182e-27
16.18 10.79 -7.488722853888437e-21
16.18 11.035 1.888038303243718e-21
16.18 13.975000000000001 -1.1452740008855931e-30
16.18 14.220000000000002 -1.2056598600372373e-22
16.18 14.464999999999998 -4.8519446747501164e-32
16.18 14.709999999999999 3.8130744760690434e-23
16.18 14.955 -3.217933413038835e-30
16.18 15.2 -3.2259363134400824e-26
16.18 15.445 1.8138557871885467e-20
16.18 15.69 1.8745876145437738e-20
16.18 15.935 4.339265726786883e-26
16.18 16.18 7.3429747210315585e-31
16.18 16.425 5.025502703330595e-31
16.18 16.67 -1.3131859778410656e-27
16.18 16.915 -1.5221928766185498e-30
16.18 17.895 1.607450351808733e-18
16.18 18.14 4.595251311351766e-14
16.18 18.385 5.865751691687923e-11
16.18 18.63 5.8065631965027e-9
16.18 18.875 2.6380467782105074e-9
16.18 19.12 -1.7608390606352755e-6
16.18 19.365 1.650959872893998e-6
16.18 19.61 0.00015675752873449254
16.18 19.855 0.0005282896986240144
16.18 20.1 0.0001870077252231851
16.18 20.345 -1.5366745725137887e-6
16.18 20.59 -6.592323173260726e-7
16.18 20.835 -3.56841967177774e-9
16.18 21.08 -1.047618554948007e-11
16.18 21.325 -8.29833728451681e-14
16.18 21.57 -4.591697734793007e-17
16.425 8.585 8.5422413124245e-37
16.425 8.83 -4.400881548684594e-33
16.425 9.075 -3.333105225842504e-25
16.425 9.32 2.2319848043115298e-28
16.425 9.565 -1.8088612284496829e-22
16.425 9.81 -4.6010034045996434e-20
16.425 10.055 -2.7176970870392693e-21
16.425 10.3 -9.270967701360185e-22
16.425 10.545 -5.694637230516996e-27
16.425 10.79 -2.185362196073651e-27
16.425 11.035 5.50999927227098e-28
16.425 13.975000000000001 6.186406074416059e-39
16.425 14.220000000000002 -3.5183431787698404e-29
16.425 14.464999999999998 -1.3976448732881605e-40
16.425 14.709999999999999 7.094604588440244e-34
16.425 14.955 -3.078784967473497e-36
16.425 15.2 -8.573310009868921e-29
16.425 15.445 -1.4572742725562748e-24
16.425 15.69 -1.5059899060342798e-24
16.425 15.935 -3.486101268871801e-30
16.425 16.18 -3.1460932648377005e-39
16.425 16.425 7.109212985957241e-38
16.425 16.67 -2.933689754981873e-36
16.425 16.915 -2.0254481107860714e-38
16.425 17.895 -4.864006743305451e-25
16.425 18.14 1.0850710730733996e-20
16.425 18.385 1.587648660748188e-17
16.425 18.63 1.439926666751892e-15
16.425 18.875 -9.23708696460912e-15
16.425 19.12 -6.48668380972361e-13
16.425 19.365 -2.8626689265114667e-13
16.425 19.61 4.4288324757532003e-11
16.425 19.855 1.5346499549866084e-10
16.425 20.1 5.449759443997349e-11
16.425 20.345 -4.5153113895651773e-13
16.425 20.59 -1.9249671403786266e-13
16.425 20.835 -1.0426670367081696e-15
16.425 21.08 -3.1464085767833854e-18
16.425 21.325 -2.4976584580620644e-20
16.425 21.57 -1.3820185432903437e-23
16.67 8.585 2.4208733616875455e-35
16.67 8.83 4.403150191761048e-32
16.67 9.075 3.334822843200297e-24
16.67 9.32 -2.2331346938217073e-27
16.67 9.565 1.809793371671463e-21
16.67 9.81 4.603374395845018e-19
16.67 10.055 2.71909757198449e-20
16.67 10.3 9.275746594007451e-21
16.67 10.545 5.69757179366264e-26
16.67 10.79 -8.537770792232186e-31
16.67 11.035 1.7585598306840034e-36
16.67 13.975000000000001 -8.746143228985709e-38
16.67 14.220000000000002 -5.16125785469441e-40
16.67 14.464999999999998 2.7962864713119617e-40
16.67 14.709999999999999 1.2050163057169133e-36
16.67 14.955 -3.3421046606132077e-40
16.67 15.2 4.835245188987611e-34
16.67 15.445 1.615986169265467e-30
16.67 15.69 1.6696680968096264e-30
16.67 15.935 5.430682433494218e-36
16.67 16.18 4.788088613472779e-38
16.67 16.425 -7.000366171734686e-37
16.67 16.67 1.4630770761215896e-39
16.67 16.915 1.685314698262159e-37
16.67 17.895 -5.032514959053031e-32
16.67 18.14 -1.346042582095424e-28
16.67 18.385 -6.509082366966838e-26
16.67 18.63 -1.3334284319260198e-23
16.67 18.875 -4.945621276829954e-22
16.67 19.12 -3.0053808300553543e-21
16.67 19.365 4.838652957984222e-20
16.67 19.61 2.5940848613080607e-19
16.67 19.855 2.6333563457383677e-19
16.67 20.1 8.014260527388599e-20
16.67 20.345 1.7789494438673227e-20
16.67 20.59 4.616293769485505e-22
16.67 20.835 -7.211981175241821e-23
16.67 21.08 -5.103605181163981e-24
16.67 21.325 -4.2655601294432197e-26
16.67 21.57 -2.3589390526046e-29
17.65 8.585 -1.3051899132183105e-31
17.65 8.83 -8.383022477008064e-28
17.65 9.075 -9.277727904134809e-23
17.65 9.32 1.4570055020731621e-18
17.65 9.565 -1.1625936904527953e-17
17.65 9.81 5.121294943133307e-16
17.65 10.055 1.3322664016179044e-17
17.65 10.3 1.2111641394497418e-17
17.65 10.545 4.51354818318552e-20
17.65 10.79 1.569539965259846e-23
17.65 11.035 6.420064561514134e-31
17.65 13.975000000000001 3.8104306779442025e-34
17.65 14.220000000000002 -3.941945331140903e-33
17.65 14.464999999999998 -1.6199630971460458e-33
17.65 14.709999999999999 1.0971294874472834e-32
17.65 14.955 5.2411040685184345e-34
17.65 15.2 4.4440906248263015e-33
17.65 15.445 2.9096174815043543e-34
17.65 15.69 -2.8248644801048735e-32
17.65 15.935 2.6091236958103933e-33
17.65 16.18 6.630983806616448e-35
17.65 16.425 -7.838156615349933e-33
17.65 16.67 4.308625814343498e-33
17.65 16.915 1.7811896938337122e-35
17.65 17.895 -3.9878536064216585e-34
17.65 18.14 1.3904562082348496e-32
17.65 18.385 -2.6401871547473028e-33
17.65 18.63 2.0329834056899454e-33
17.65 18.875 7.811687709187899e-33
17.65 19.12 -1.0001447452732745e-33
17.65 19.365 -1.5209121074831625e-34
17.65 19.61 -9.231093902003056e-34
17.65 19.855 3.414897623335308e-35
17.65 20.1 5.059298974989874e-34
17.65 20.345 3.926980573176846e-34
17.65 20.59 -5.366079719836285e-34
17.65 20.835 2.2129953720083985e-34
17.65 21.08 2.375549714200895e-32
17.65 21.325 -3.572536489241114e-33
17.65 21.57 2.6938121575008632e-34
17.895 8.585 -1.191418578206862e-27
17.895 8.83 -8.223748065318905e-24
17.895 9.075 -1.1224528539805255e-18
17.895 9.32 1.3592754613676729e-14
17.895 9.565 -9.797433626933174e-14
17.895 9.81 5.393886623155338e-12
17.895 10.055 1.8340489569430144e-13
17.895 10.3 1.216038639197605e-13
17.895 10.545 4.410596933139777e-16
17.895 10.79 1.4095203128607486e-19
17.895 11.035 -9.183874947709557e-27
17.895 13.975000000000001 2.7857191211100442e-30
17.895 14.220000000000002 -3.803234261712373e-29
17.895 14.464999999999998 -9.888248665277222e-30
17.895 14.709999999999999 1.2109518724251085e-28
17.895 14.955 5.493337025983987e-30
17.895 15.2 4.8261434303073165e-29
17.895 15.445 2.8764434532942302e-30
17.895 15.69 -2.6699827965559577e-28
17.895 15.935 2.830446987361966e-29
17.895 16.18 3.698555088213134e-30
17.895 16.425 -8.604574317432255e-29
17.895 16.67 4.012530576388908e-29
17.895 16.915 1.4992845915660543e-30
17.895 17.895 -2.8367548955332613e-30
17.895 18.14 1.3249078980552697e-28
17.895 18.385 -2.551815296687183e-29
17.895 18.63 2.2157336800736413e-29
17.895 18.875 8.539797223508411e-29
17.895 19.12 -9.384994309127452e-30
17.895 19.365 -1.4692954129562738e-30
17.895 19.61 -9.901677506021759e-30
17.895 19.855 6.817831120689324e-31
17.895 20.1 3.917306561543761e-30
17.895 20.345 4.169784785568273e-30
17.895 20.59 -5.7719605723192414e-30
17.895 20.835 1.8191992791590766e-30
17.895 21.08 2.208463121888851e-28
17.895 21.325 -3.236940742869606e-29
17.895 21.57 2.5427908982774254e-30
18.14 8.585 -1.4634711722457036e-24
18.14 8.83 -7.894985237430717e-21
18.14 9.075 9.794592502590712e-17
18.14 9.32 2.2648814391154348e-11
18.14 9.565 -1.0092787444205026e-10
18.14 9.81 1.1270284795903744e-8
18.14 10.055 7.524715553515639e-10
18.14 10.3 2.3158920063204292e-10
18.14 10.545 7.78781759036999e-13
18.14 10.79 1.6310552646805347e-16
18.14 11.035 -1.1517806673660404e-22
18.14 13.975000000000001 -1.0849586819990846e-27
18.14 14.220000000000002 -6.069503079453371e-26
18.14 14.464999999999998 1.8019254365877305e-26
18.14 14.709999999999999 2.8460532352663115e-25
18.14 14.955 1.0381151751385305e-26
18.14 15.2 9.505250763810946e-26
18.14 15.445 -1.3909449976425449e-27
18.14 15.69 -3.9512053649804382e-25
18.14 15.935 6.100511536108945e-26
18.14 16.18 -3.409937324014396e-26
18.14 16.425 -1.8809486536321406e-25
18.14 16.67 6.253726861839738e-26
18.14 16.915 -3.995097968311272e-26
18.14 17.895 -5.015612618917016e-27
18.14 18.14 2.0124436148657747e-25
18.14 18.385 -3.8448842550107944e-26
18.14 18.63 4.372403874089228e-26
18.14 18.875 1.7728787593001875e-25
18.14 19.12 -1.3330848722014448e-26
18.14 19.365 1.6496955565563992e-27
18.14 19.61 -2.0122768934920265e-26
18.14 19.855 1.8285717291212466e-27
18.14 20.1 -7.477891455096344e-28
18.14 20.345 5.160742550614929e-27
18.14 20.59 -1.1706176952256577e-26
18.14 20.835 7.109989945686483e-28
18.14 21.08 2.9912284186810266e-25
18.14 21.325 -3.8341971845503115e-26
18.14 21.57 3.83218590921726e-27
18.385 8.585 -7.402612915107678e-23
18.385 8.83 -4.995553035685383e-19
18.385 9.075 1.0693527694223531e-12
18.385 9.32 1.0146682533723751e-8
18.385 9.565 4.1209609638196796e-8
18.385 9.81 4.578660606554544e-6
18.385 10.055 6.661752393122689e-7
18.385 10.3 1.2114778445956816e-7
18.385 10.545 3.69899099428994e-10
18.385 10.79 8.375419249049809e-16
18.385 11.035 -9.930005834603542e-20
18.385 13.975000000000001 -4.415429598447018e-24
18.385 14.220000000000002 -1.4115157862964578e-23
18.385 14.464999999999998 1.4325213212550932e-23
18.385 14.709999999999999 1.2832876483485424e-22
18.385 14.955 4.02788738031473e-24
18.385 15.2 3.5396128945345335e-23
18.385 15.445 -1.0051441176577933e-23
18.385 15.69 -7.271228074230015e-23
18.385 15.935 2.41219731709265e-23
18.385 16.18 -9.134367735933718e-23
18.385 16.425 -8.02877094428922e-23
18.385 16.67 2.322915587575185e-23
18.385 16.915 -8.570295052207522e-23
18.385 17.895 -5.7398414704994836e-24
18.385 18.14 4.184329888972579e-23
18.385 18.385 -5.419271245935324e-24
18.385 18.63 1.57346623171584e-23
18.385 18.875 7.216478569556408e-23
18.385 19.12 -2.6840960023748127e-24
18.385 19.365 8.532061988803513e-24
18.385 19.61 -7.590155113287376e-24
18.385 19.855 -7.067521133660104e-25
18.385 20.1 -5.114341841976771e-24
18.385 20.345 -2.8724580798447865e-24
18.385 20.59 -4.807010255407743e-24
18.385 20.835 -1.2791357894400667e-24
18.385 21.08 3.655188657715317e-23
18.385 21.325 -1.146485783361717e-24
18.385 21.57 6.607525077342687e-25
18.63 8.585 1.880200587520065e-20
18.63 8.83 1.7463486311462845e-16
18.63 9.075 3.158003211583952e-10
18.63 9.32 1.9861287250723593e-6
18.63 9.565 1.1274879444788388e-5
18.63 9.81 0.0005137091610195901
18.63 10.055 0.0001478363452057107
18.63 10.3 2.2614344213191103e-5
18.63 10.545 6.790813763926926e-8
18.63 10.79 1.421165490950191e-12
18.63 11.035 -6.4492288431454345e-18
18.63 13.975000000000001 -8.085973752450381e-22
18.63 14.220000000000002 -7.88659111649389e-22
18.63 14.464999999999998 6.981145075690771e-22
18.63 14.709999999999999 1.301929681712396e-20
18.63 14.955 3.0646001997421385e-22
18.63 15.2 2.1655098997225878e-21
18.63 15.445 -2.6546317508403473e-21
18.63 15.69 -1.786555984197798e-21
18.63 15.935 1.7247796277086205e-21
18.63 16.18 -2.5128050795554572e-20
18.63 16.425 -7.593015855612463e-21
18.63 16.67 3.057340828690907e-21
18.63 16.915 -2.2895130500113306e-20
18.63 17.895 -1.3698080531050344e-21
18.63 18.14 1.9659765215067512e-21
18.63 18.385 6.094597358135951e-22
18.63 18.63 7.7208364873181e-22
18.63 18.875 4.8143327808078266e-21
18.63 19.12 -1.4753918459909585e-22
18.63 19.365 2.8200750084655657e-21
18.63 19.61 -4.652332768169165e-22
18.63 19.855 -5.774641886921439e-22
18.63 20.1 -9.043545863710943e-22
18.63 20.345 -1.3618183520285362e-21
18.63 20.59 -5.198444260775733e-22
18.63 20.835 -2.0439916211157182e-22
18.63 21.08 -1.082277063405322e-21
18.63 21.325 5.35784751602847e-22
18.63 21.57 1.471171165578894e-24
18.875 8.585 2.1065070084334664e-19
18.875 8.83 4.592528791113321e-14
18.875 9.075 1.2512569072050106e-8
18.875 9.32 7.307901407526942e-5
18.875 9.565 0.00134000646432626
18.875 9.81 0.017035916035758398
18.875 10.055 0.007346788785675919
18.875 10.3 0.0009087383504874489
18.875 10.545 2.558682213838803e-6
18.875 10.79 4.3784774402847195e-10
18.875 11.035 4.449163375730939e-16
18.875 13.975000000000001 -2.841901677923348e-20
18.875 14.220000000000002 -3.0839293472050574e-20
18.875 14.464999999999998 3.572243857860638e-20
18.875 14.709999999999999 2.441032888850126e-19
18.875 14.955 2.1690533232320347e-20
18.875 15.2 5.778452028261691e-21
18.875 15.445 -6.753502182259536e-20
18.875 15.69 -1.378896651647023e-20
18.875 15.935 1.5323475447485333e-20
18.875 16.18 -7.55454005965559e-19
18.875 16.425 -1.562783821602384e-19
18.875 16.67 3.022929072853604e-20
18.875 16.915 -7.154715353371778e-19
18.875 17.895 -1.4113459033923033e-20
18.875 18.14 5.4021748446227975e-20
18.875 18.385 2.548024571154639e-20
18.875 18.63 -9.859574751373318e-21
18.875 18.875 -5.0968914148085407e-20
18.875 19.12 -1.0758448577469156e-20
18.875 19.365 1.2963687462412114e-19
18.875 19.61 -3.0619548801815296e-22
18.875 19.855 -3.6616350067153196e-20
18.875 20.1 -2.751084352310048e-20
18.875 20.345 -5.268012801005631e-20
18.875 20.59 -1.4096875805020422e-20
18.875 20.835 -3.792944898156072e-21
18.875 21.08 1.8042485389225546e-20
18.875 21.325 1.6165253993051627e-21
18.875 21.57 -6.959718242572324e-22
19.12 8.585 -3.2350876083994875e-19
19.12 8.83 8.789556572795869e-12
19.12 9.075 1.455079748778728e-7
19.12 9.32 0.00035331946570389943
19.12 9.565 0.05174880535956117
19.12 9.81 0.19959209516480425
19.12 10.055 0.11027650627340642
19.12 10.3 0.008236641370436866
19.12 10.545 1.471489921001266e-5
19.12 10.79 6.591687867595345e-9
19.12 11.035 8.594155575760585e-15
19.12 13.975000000000001 -2.988022872182763e-19
19.12 14.220000000000002 -5.118230991983764e-19
19.12 14.464999999999998 6.765057991352827e-19
19.12 14.709999999999999 8.636666152212002e-21
19.12 14.955 4.0356646307852455e-19
19.12 15.2 -5.585755231891895e-19
19.12 15.445 3.691971917206744e-19
19.12 15.69 -3.0726660374214154e-19
19.12 15.935 7.472003442640124e-20
19.12 16.18 1.3089966562966863e-18
19.12 16.425 -1.1910551839814e-18
19.12 16.67 -1.1831999068473748e-18
19.12 16.915 3.2619597288263523e-19
19.12 17.895 4.8333146964505645e-19
19.12 18.14 4.350074710509813e-19
19.12 18.385 -1.6052325910280816e-19
19.12 18.63 -3.056953320515659e-20
19.12 18.875 -1.3345583426705073e-18
19.12 19.12 -2.9102488553956444e-19
19.12 19.365 1.2232848638083317e-18
19.12 19.61 -5.555049277337201e-21
19.12 19.855 -7.384106416273367e-19
19.12 20.1 -2.0939804899690553e-19
19.12 20.345 -1.6672896642034782e-19
19.12 20.59 -1.2464634232187534e-20
19.12 20.835 -1.9233297795548045e-20
19.12 21.08 1.0562453553840451e-18
19.12 21.325 -9.131807397531139e-20
19.12 21.57 -1.2424319834017376e-20
19.365 8.585 8.173305598419452e-19
19.365 8.83 4.2525392294044473e-10
19.365 9.075 7.319886415535132e-7
19.365 9.32 0.0017253390976003757
19.365 9.565 0.36871509201963565
19.365 9.81 1.0074744642885267
19.365 10.055 0.6089727914501633
19.365 10.3 0.026400075050743436
19.365 10.545 1.764706866897055e-5
19.365 10.79 3.5653294855995854e-9
19.365 11.035 4.041884647790802e-16
19.365 13.975000000000001 2.340050676482763e-18
19.365 14.220000000000002 -9.122306903759035e-19
19.365 14.464999999999998 -8.769477283315439e-18
19.365 14.709999999999999 8.985594783914734e-20
19.365 14.955 -7.617824138255611e-18
19.365 15.2 -7.516325706679241e-18
19.365 15.445 1.7211987895068324e-18
19.365 15.69 -8.583533444907618e-19
19.365 15.935 9.010888945421442e-19
19.365 16.18 9.17327072732328e-18
19.365 16.425 -3.349392975203846e-18
19.365 16.67 -1.5982623667784634e-18
19.365 16.915 3.128538261409627e-18
19.365 17.895 3.1515691694215163e-19
19.365 18.14 -2.973725140277905e-18
19.365 18.385 -2.849152696815863e-18
19.365 18.63 -1.2150302408174227e-19
19.365 18.875 -1.3025650369115631e-18
19.365 19.12 -1.9085927241308863e-18
19.365 19.365 4.335688468894154e-18
19.365 19.61 -6.35255964312609e-20
19.365 19.855 -6.675981815691418e-18
19.365 20.1 -7.625568829660912e-20
19.365 20.345 -5.4666501457897834e-21
19.365 20.59 -2.643511095856622e-19
19.365 20.835 -3.000876679765252e-19
19.365 21.08 7.273743353778904e-19
19.365 21.325 -3.583282619849401e-21
19.365 21.57 2.7073945974226212e-21
19.61 8.585 3.5348534466962276e-17
19.61 8.83 5.043740362196458e-9
19.61 9.075 4.301317195852521e-6
19.61 9.32 0.005937872794107466
19.61 9.565 0.9138084538545015
19.61 9.81 2.430352102078224
19.61 10.055 1.2891876147542394
19.61 10.3 0.03528837859305316
19.61 10.545 1.055428813677201e-5
19.61 10.79 1.04520446659293e-9
19.61 11.035 5.194219070126858e-17
19.61 13.975000000000001 1.3514568534869954e-17
19.61 14.220000000000002 -1.5929406938250841e-18
19.61 14.464999999999998 -3.1908991019376176e-17
19.61 14.709999999999999 1.5101551812190338e-19
19.61 14.955 -4.6758113585351e-17
19.61 15.2 -9.104463709199288e-18
19.61 15.445 -7.3539705081564e-18
19.61 15.69 1.5831096995000735e-17
19.61 15.935 2.205016838269982e-18
19.61 16.18 -1.4884882439590027e-17
19.61 16.425 -2.117387836053828e-18
19.61 16.67 1.166061206866444e-18
19.61 16.915 -1.2342711114283036e-17
19.61 17.895 1.080245696267194e-18
19.61 18.14 -1.9287863314486427e-17
19.61 18.385 -4.218640089090586e-18
19.61 18.63 -3.330693262992236e-19
19.61 18.875 -6.080071721420258e-18
19.61 19.12 -5.179998033087104e-18
19.61 19.365 2.303924182919228e-18
19.61 19.61 -2.7002664444455494e-19
19.61 19.855 -1.2603757217408964e-17
19.61 20.1 1.6452986228604902e-19
19.61 20.345 -7.24670239248491e-21
19.61 20.59 -3.2969682144254685e-18
19.61 20.835 -5.361846726931938e-19
19.61 21.08 -2.760753819829113e-18
19.61 21.325 -1.1844220219336382e-20
19.61 21.57 2.6649783343295575e-20
19.855 8.585 3.9496843396409263e-16
19.855 8.83 1.4315723047176302e-8
19.855 9.075 1.3738649912457318e-5
19.855 9.32 0.0058436550711538585
19.855 9.565 0.8099345204528422
19.855 9.81 2.4838102233795163
19.855 10.055 1.0719394760849035
19.855 10.3 0.01790894973181343
19.855 10.545 7.455705457594842e-6
19.855 10.79 7.846694715782834e-11
19.855 11.035 3.2516602206212298e-18
19.855 13.975000000000001 1.1517625660419156e-17
19.855 14.220000000000002 -7.222606429939719e-18
19.855 14.464999999999998 -2.5732511226042358e-17
19.855 14.709999999999999 4.641743981913217e-20
19.855 14.955 -3.98225413008102e-17
19.855 15.2 5.097010053886793e-18
19.855 15.445 1.5179854859996476e-18
19.855 15.69 3.330808153161991e-17
19.855 15.935 7.093561501899178e-18
19.855 16.18 -5.501006074657556e-18
19.855 16.425 -4.487779471950834e-19
19.855 16.67 1.9319141021535322e-19
19.855 16.915 1.0751924627644086e-17
19.855 17.895 2.7670161932449378e-18
19.855 18.14 -2.087593080953731e-17
19.855 18.385 -2.433367257105383e-18
19.855 18.63 -1.4485740289786887e-19
19.855 18.875 -1.2340514804995309e-17
19.855 19.12 4.897074778820057e-18
19.855 19.365 -7.392472783448802e-19
19.855 19.61 -1.1893031767049576e-19
19.855 19.855 -5.703298862369529e-18
19.855 20.1 -7.963328465638828e-19
19.855 20.345 2.907933824668187e-20
19.855 20.59 -4.0314157644157755e-18
19.855 20.835 -4.2787844904344437e-19
19.855 21.08 -3.7912375840875016e-18
19.855 21.325 4.650024945095543e-18
19.855 21.57 -1.1415397346931092e-19
20.1 8.585 2.0790593941106187e-16
20.1 8.83 8.931663132525802e-9
20.1 9.075 1.1001173188571733e-5
20.1 9.32 0.003938091817990029
20.1 9.565 0.3015240294143285
20.1 9.81 1.116599465352545
20.1 10.055 0.44409059637198983
20.1 10.3 0.0020497506483206744
20.1 10.545 1.5087067656711888e-6
20.1 10.79 -3.760311422819164e-10
20.1 11.035 -4.874481239615503e-16
20.1 13.975000000000001 6.802237914742545e-18
20.1 14.220000000000002 -5.379196811932391e-18
20.1 14.464999999999998 -3.3078189928291476e-17
20.1 14.709999999999999 -6.173893311196166e-19
20.1 14.955 -1.262148791766295e-17
20.1 15.2 -1.0117821717714145e-19
20.1 15.445 3.595136934558862e-18
20.1 15.69 8.183450411817977e-18
20.1 15.935 1.258605993016814e-18
20.1 16.18 -1.810734077587503e-18
20.1 16.425 -1.3781599959108898e-19
20.1 16.67 -1.128552395222806e-18
20.1 16.915 7.012161792608438e-18
20.1 17.895 1.419702601596399e-19
20.1 18.14 -7.990833407234676e-19
20.1 18.385 -2.2253419155577802e-18
20.1 18.63 -3.810606919023065e-20
20.1 18.875 1.1529812464619152e-18
20.1 19.12 1.5020852968934255e-18
20.1 19.365 2.9597111206681025e-19
20.1 19.61 -2.6219229653781352e-20
20.1 19.855 -6.129743090763842e-19
20.1 20.1 9.454639547737436e-19
20.1 20.345 2.2032307357342946e-20
20.1 20.59 -7.256954937053518e-19
20.1 20.835 -1.3297713877499568e-18
20.1 21.08 -1.476135159279229e-18
20.1 21.325 2.7417234155702244e-18
20.1 21.57 -7.495456043658973e-20
20.345 8.585 7.524550214318645e-18
20.345 8.83 9.723349767366663e-10
20.345 9.075 2.2446870270605895e-6
20.345 9.32 0.0008827172221990793
20.345 9.565 0.08076423820659784
20.345 9.81 0.19529525593858432
20.345 10.055 0.1010740212686073
20.345 10.3 0.00028954982398558316
20.345 10.545 6.450464581552855e-8
20.345 10.79 -3.021050260429076e-11
20.345 11.035 -4.208600348702716e-17
20.345 13.975000000000001 1.776465768039675e-18
20.345 14.220000000000002 -9.110751160447789e-19
20.345 14.464999999999998 -6.652775078694596e-18
20.345 14.709999999999999 1.0642567667000442e-19
20.345 14.955 -1.2539143580441964e-18
20.345 15.2 2.996041221215558e-19
20.345 15.445 -2.4806283327560262e-18
20.345 15.69 1.0975127888299571e-18
20.345 15.935 1.226410428714462e-19
20.345 16.18 -1.0639741001468268e-18
20.345 16.425 -1.537367456968023e-22
20.345 16.67 -3.423905799487839e-19
20.345 16.915 2.3275285219270276e-18
20.345 17.895 -1.807768220171885e-19
20.345 18.14 2.128728956163441e-19
20.345 18.385 -4.405423577098002e-19
20.345 18.63 -1.6469844840335962e-20
20.345 18.875 -7.612743014984765e-20
20.345 19.12 -2.530256491431137e-19
20.345 19.365 -1.7645857115031282e-19
20.345 19.61 -2.2267458612727842e-20
20.345 19.855 1.0087352743802703e-19
20.345 20.1 2.230856737792307e-19
20.345 20.345 3.2480593024689532e-21
20.345 20.59 -1.6875360056310785e-19
20.345 20.835 -3.564655062844989e-19
20.345 21.08 -2.5493288668202556e-19
20.345 21.325 2.29823610611144e-19
20.345 21.57 -3.551294976441991e-20
20.59 8.585 5.239066238055878e-18
20.59 8.83 1.8799074544886887e-12
20.59 9.075 2.2395893647239592e-7
20.59 9.32 5.607962753553125e-5
20.59 9.565 0.008722902038049174
20.59 9.81 0.022617268749478395
20.59 10.055 0.010921246255200657
20.59 10.3 1.676994480171367e-5
20.59 10.545 -2.655529313484876e-7
20.59 10.79 -1.729531165902977e-10
20.59 11.035 -2.6216580350480383e-16
20.59 13.975000000000001 3.1464083831946765e-19
20.59 14.220000000000002 -1.3135158746800252e-19
20.59 14.464999999999998 -1.263185212225849e-18
20.59 14.709999999999999 -6.163682550319131e-21
20.59 14.955 -1.056084379508095e-19
20.59 15.2 1.3868481020660186e-20
20.59 15.445 -3.5620360414233715e-19
20.59 15.69 1.4981576199801154e-19
20.59 15.935 3.86926701755543e-20
20.59 16.18 4.455187830979736e-20
20.59 16.425 3.1647566752858957e-22
20.59 16.67 -7.645921114765105e-20
20.59 16.915 3.360086165854365e-19
20.59 17.895 1.3454614146781621e-20
20.59 18.14 7.462662721451344e-20
20.59 18.385 1.5967541291056201e-21
20.59 18.63 -6.5735643732126775e-21
20.59 18.875 -2.8673212229393604e-20
20.59 19.12 -2.160168929317194e-19
20.59 19.365 5.1824186808351804e-20
20.59 19.61 4.152136677777815e-21
20.59 19.855 -2.220929166353901e-19
20.59 20.1 4.5216495224868705e-20
20.59 20.345 -6.83271987146751e-20
20.59 20.59 -9.418853614205184e-21
20.59 20.835 -4.089695510597848e-20
20.59 21.08 -1.667036244736456e-19
20.59 21.325 1.0042226847268698e-19
20.59 21.57 -1.5715822975268977e-20
20.835 8.585 7.763343601338372e-19
20.835 8.83 -8.230689861398863e-13
20.835 9.075 9.081669637239091e-9
20.835 9.32 1.0249298101688692e-6
20.835 9.565 0.0006987261009347536
20.835 9.81 0.001647456697420879
20.835 10.055 0.0006847879264399048
20.835 10.3 -5.808698987316777e-7
20.835 10.545 -3.50856262789165e-8
20.835 10.79 -1.8330934323172185e-11
20.835 11.035 -2.6416908873896572e-17
20.835 13.975000000000001 4.936380266217424e-20
20.835 14.220000000000002 -1.5212713835129068e-20
20.835 14.464999999999998 -1.5161086752546036e-19
20.835 14.709999999999999 -2.639671017305991e-22
20.835 14.955 -1.330099529140809e-20
20.835 15.2 -1.4031686083339993e-21
20.835 15.445 -3.939888067450776e-20
20.835 15.69 3.496870249313744e-20
20.835 15.935 2.4296401238056564e-21
20.835 16.18 1.2092366305093848e-20
20.835 16.425 2.1030059846251275e-23
20.835 16.67 -1.0911052933972528e-20
20.835 16.915 3.5755624967837746e-20
20.835 17.895 3.405682643278726e-21
20.835 18.14 1.2042608390880195e-20
20.835 18.385 3.723440640980455e-21
20.835 18.63 -1.353432729732755e-22
20.835 18.875 -5.330245080216626e-22
20.835 19.12 -3.6298181002394935e-20
20.835 19.365 1.0562475616717466e-20
20.835 19.61 -2.001757200639622e-22
20.835 19.855 -3.7396989943940635e-20
20.835 20.1 4.349494283203207e-21
20.835 20.345 -1.0551261960194079e-20
20.835 20.59 -1.1595221298698567e-22
20.835 20.835 -4.580204763264785e-21
20.835 21.08 -2.151177694741865e-20
20.835 21.325 1.2679188814035547e-20
20.835 21.57 -1.931276203827664e-21
21.08 8.585 1.4596025165650186e-20
21.08 8.83 -6.65941935840818e-14
21.08 9.075 1.3205360705625952e-10
21.08 9.32 -2.822576404513589e-8
21.08 9.565 1.1013028404405563e-5
21.08 9.81 2.498392848974159e-5
21.08 10.055 1.1102474125686128e-5
21.08 10.3 -1.4455033473601426e-8
21.08 10.545 -5.805026002615624e-10
21.08 10.79 -3.841963272466372e-13
21.08 11.035 -5.813619079413709e-19
21.08 13.975000000000001 6.6197345196484805e-22
21.08 14.220000000000002 -2.192755692565519e-22
21.08 14.464999999999998 -2.7873667846351608e-21
21.08 14.709999999999999 -6.608145623084304e-24
21.08 14.955 -2.5737867537724333e-22
21.08 15.2 -1.2276589898680354e-23
21.08 15.445 -6.8779778159201545e-22
21.08 15.69 6.361296444779556e-22
21.08 15.935 2.706096904411178e-23
21.08 16.18 1.9219928365898368e-22
21.08 16.425 9.755463544853532e-25
21.08 16.67 -1.678675776081811e-22
21.08 16.915 4.547566401241963e-22
21.08 17.895 3.0124653013189324e-23
21.08 18.14 2.3540005785355493e-22
21.08 18.385 8.197962197162623e-23
21.08 18.63 -1.5730111904976815e-25
21.08 18.875 -1.151843937945626e-23
21.08 19.12 -6.862588748581796e-22
21.08 19.365 1.3104264355002379e-22
21.08 19.61 -2.749004411625233e-25
21.08 19.855 -4.578795451303067e-22
21.08 20.1 5.1631506115625516e-23
21.08 20.345 -1.3850660751064486e-22
21.08 20.59 -2.8961831094091824e-24
21.08 20.835 -8.39254235383303e-23
21.08 21.08 -4.003582216562848e-22
21.08 21.325 2.5801201077479265e-22
21.08 21.57 -3.608605316477903e-23
21.325 8.585 5.257389976230493e-22
21.325 8.83 -1.837531261316648e-15
21.325 9.075 3.5231263930392752e-12
21.325 9.32 -1.8108108746830016e-9
21.325 9.565 4.5495328921195983e-7
21.325 9.81 8.606853971828284e-7
21.325 10.055 4.357552976541389e-7
21.325 10.3 -2.225262334103945e-10
21.325 10.545 -2.4881032911142427e-11
21.325 10.79 -1.7548137772351772e-14
21.325 11.035 -2.6964514705763022e-20
21.325 13.975000000000001 3.2275721600221695e-23
21.325 14.220000000000002 -9.060945174340515e-24
21.325 14.464999999999998 -1.1981223988717496e-22
21.325 14.709999999999999 -4.5315384494518216e-27
21.325 14.955 -9.974272864552217e-24
21.325 15.2 -1.0149875914089237e-24
21.325 15.445 -3.179190501063024e-23
21.325 15.69 3.3011629627423216e-23
21.325 15.935 1.0501043093773694e-24
21.325 16.18 8.702188760253138e-24
21.325 16.425 3.016011338640427e-26
21.325 16.67 -7.234661076290691e-24
21.325 16.915 2.0056076235265797e-23
21.325 17.895 1.2895675378436093e-24
21.325 18.14 1.0628736933736016e-23
21.325 18.385 3.613603229063663e-24
21.325 18.63 1.7330516058935107e-26
21.325 18.875 -3.5540013278444216e-25
21.325 19.12 -3.141774300261943e-23
21.325 19.365 6.452902429830855e-24
21.325 19.61 -1.9525599513495764e-25
21.325 19.855 -2.2306604617700633e-23
21.325 20.1 2.2659436810973326e-24
21.325 20.345 -6.716892385988028e-24
21.325 20.59 -1.4754353695639358e-26
21.325 20.835 -3.6369799092207626e-24
21.325 21.08 -1.692899546723706e-23
21.325 21.325 9.150838952046106e-24
21.325 21.57 -1.553731544384147e-24
21.57 8.585 1.7237323551820816e-24
21.57 8.83 -7.073693847982878e-18
21.57 9.075 4.236022890548069e-14
21.57 9.32 -5.6327170764075025e-11
21.57 9.565 2.1524355397727603e-9
21.57 9.81 6.15889918609676e-9
21.57 10.055 3.4592225982742754e-9
21.57 10.3 4.318449101863955e-12
21.57 10.545 -1.141753446851748e-13
21.57 10.79 -1.864392781698715e-16
21.57 11.035 -3.2514904673849e-22
21.57 13.975000000000001 4.47462280965917e-25
21.57 14.220000000000002 -1.433195347066025e-25
21.57 14.464999999999998 -4.126430793079064e-25
21.57 14.709999999999999 2.0537602470425698e-26
21.57 14.955 -2.0093927289482274e-26
21.57 15.2 -1.8558563175653966e-26
21.57 15.445 -8.653295143526855e-25
21.57 15.69 4.165503057192296e-25
21.57 15.935 1.759976805729365e-26
21.57 16.18 2.7658633556644452e-25
21.57 16.425 -3.191909350224955e-28
21.57 16.67 -6.148231617431476e-26
21.57 16.915 4.541508193394015e-25
21.57 17.895 -1.9693372082166147e-26
21.57 18.14 3.03461332731312e-26
21.57 18.385 1.812387609878818e-26
21.57 18.63 5.978552674366221e-28
21.57 18.875 -4.2962014909814384e-27
21.57 19.12 -8.599234084363625e-26
21.57 19.365 1.2576606412388842e-25
21.57 19.61 -1.0069118270850937e-26
21.57 19.855 -5.319432257048581e-25
21.57 20.1 4.8561596788567435e-26
21.57 20.345 -1.4040976643832042e-25
21.57 20.59 -2.795252048276161e-28
21.57 20.835 -9.8364142548215e-27
21.57 21.08 -4.817835466174159e-26
21.57 21.325 2.897234574048689e-26
21.57 21.57 -4.397644930946379e-27
21.815 8.585 2.774619242671412e-26
21.815 8.83 -3.556073021698779e-21
21.815 9.075 8.674271798143961e-17
21.815 9.32 -1.3113309282157123e-13
21.815 9.565 2.0031433060654706e-11
21.815 9.81 2.6324781368799688e-11
21.815 10.055 2.0008504457329067e-11
21.815 10.3 -1.8028867525054152e-14
21.815 10.545 -1.2832037005396128e-15
21.815 10.79 -8.325498036418101e-19
21.815 11.035 -1.2579296139513426e-24
21.815 13.975000000000001 1.2110466306752443e-27
21.815 14.220000000000002 -2.9005813863508824e-28
21.815 14.464999999999998 -5.923508918642131e-27
21.815 14.709999999999999 1.4172002802569046e-29
21.815 14.955 -5.216849838459735e-28
21.815 15.2 -2.93288364666457e-29
21.815 15.445 -1.0381467470942318e-27
21.815 15.69 1.6263131052402365e-27
21.815 15.935 2.9239215484830594e-29
21.815 16.18 3.005096553971025e-28
21.815 16.425 1.184575954331388e-30
21.815 16.67 -3.1435465861455547e-28
21.815 16.915 6.489220545607503e-28
21.815 17.895 5.279666821980464e-29
21.815 18.14 5.438593060617519e-28
21.815 18.385 1.6828772747570676e-28
21.815 18.63 2.1894350035118647e-30
21.815 18.875 -1.895059934795876e-29
21.815 19.12 -1.5943274461515008e-27
21.815 19.365 1.6351931928866808e-28
21.815 19.61 -1.0225334760269851e-29
21.815 19.855 -5.142222876878242e-28
21.815 20.1 5.408307304973989e-29
21.815 20.345 -1.80376179726913e-28
21.815 20.59 -2.723933942257846e-31
21.815 20.835 -1.8228100513233134e-28
21.815 21.08 -8.527161491160303e-28
21.815 21.325 4.412802958716487e-28
21.815 21.57 -7.682299390198903e-29
22.06 8.585 4.4215749506011e-29
22.06 8.83 -2.3276198503592436e-24
22.06 9.075 4.1367858684348856e-19
22.06 9.32 -5.448307194159413e-16
22.06 9.565 3.6397797044267605e-14
22.06 9.81 6.888523408171254e-14
22.06 10.055 4.5819484556952686e-14
22.06 10.3 1.252853936546437e-17
22.06 10.545 -2.2105815165791043e-18
22.06 10.79 -2.2182723635194275e-21
22.06 11.035 -3.653565685207557e-27
22.06 13.975000000000001 4.397484199993669e-30
22.06 14.220000000000002 -1.2989778557469587e-30
22.06 14.464999999999998 -9.464856371622805e-30
22.06 14.709999999999999 1.6131430053971602e-31
22.06 14.955 -7.228889556082211e-31
22.06 15.2 -1.599119958003186e-31
22.06 15.445 -7.070746709599339e-30
22.06 15.69 4.727082497366923e-30
22.06 15.935 1.5115574578313093e-31
22.06 16.18 2.228664096652713e-30
22.06 16.425 -8.647103685769143e-34
22.06 16.67 -7.678698584346164e-31
22.06 16.915 3.8030134261583245e-30
22.06 17.895 -7.742389400938595e-32
22.06 18.14 8.185077968510905e-31
22.06 18.385 3.1316671297315338e-31
22.06 18.63 6.626482682228243e-33
22.06 18.875 -5.059885803833903e-32
22.06 19.12 -2.3768340366356336e-30
22.06 19.365 1.0407585849085347e-30
22.06 19.61 -8.214355098269676e-32
22.06 19.855 -4.200238240110875e-30
22.06 20.1 3.9017114216091675e-31
22.06 20.345 -1.1598791094475763e-30
22.06 20.59 -2.0177488161750503e-33
22.06 20.835 -2.719906455917335e-31
22.06 21.08 -1.293169074110107e-30
22.06 21.325 6.904211465831182e-31
22.06 21.57 -1.1596176244027878e-31
