1.1600000000000001 1.34 0.0013059833903915517
1.1600000000000001 1.4 0.0021660325965701345
1.1600000000000001 1.46 -1.1829356443207252e-5
1.1600000000000001 1.52 4.1318585938611465e-13
1.1600000000000001 1.58 1.3979707958736859e-18
1.1600000000000001 1.6400000000000001 -6.6840890917222565e-22
1.1600000000000001 1.7000000000000002 1.3707973462284458e-20
1.1600000000000001 1.76 4.046790392953249e-18
1.1600000000000001 1.82 7.537780560803721e-17
1.1600000000000001 1.8800000000000001 1.2118531261070569e-17
1.1600000000000001 1.94 1.3185454494280337e-17
1.1600000000000001 2.0 -4.415126108998046e-18
1.1600000000000001 2.06 -1.5610299264278683e-17
1.1600000000000001 2.12 3.2450542443604054e-17
1.1600000000000001 2.18 -6.737568296497049e-16
1.1600000000000001 2.2399999999999998 -5.557804518429737e-15
1.1600000000000001 2.3000000000000003 -2.2820656603170928e-18
1.1600000000000001 2.36 9.542782091999322e-17
1.1600000000000001 2.4200000000000004 8.2931822235024e-17
1.1600000000000001 2.48 -1.5495479355819984e-19
1.1600000000000001 2.5400000000000005 5.781806120572133e-19
1.22 1.34 0.04953937147344108
1.22 1.4 0.0053612656863403635
1.22 1.46 0.005586313428611083
1.22 1.52 8.827904319790925e-6
1.22 1.58 1.544721376855556e-10
1.22 1.6400000000000001 -4.286529256445455e-19
1.22 1.7000000000000002 1.9625764643550786e-21
1.22 1.76 9.91153661877481e-17
1.22 1.82 -1.839087636455951e-17
1.22 1.8800000000000001 1.80976801462282e-16
1.22 1.94 2.988775708404643e-17
1.22 2.0 -1.0023170031575527e-15
1.22 2.06 4.886827028646691e-16
1.22 2.12 -5.59945541778164e-17
1.22 2.18 6.4666377789903806e-18
1.22 2.2399999999999998 2.508987001342056e-18
1.22 2.3000000000000003 3.0013219266347363e-16
1.22 2.36 -6.749891375372345e-17
1.22 2.4200000000000004 -1.1872964619567132e-17
1.22 2.48 8.795300947791477e-18
1.22 2.5400000000000005 -1.1951129082181339e-17
1.28 1.34 0.07139592203267238
1.28 1.4 0.12600931523959627
1.28 1.46 0.027186483259094455
1.28 1.52 0.01787373382448627
1.28 1.58 -0.0006899778518957847
1.28 1.6400000000000001 7.147188131283629e-10
1.28 1.7000000000000002 1.0362193683726087e-16
1.28 1.76 6.708414718831657e-18
1.28 1.82 -2.0472467885588403e-17
1.28 1.8800000000000001 -6.600437752294896e-20
1.28 1.94 3.391032439152999e-19
1.28 2.0 4.2443332184260324e-17
1.28 2.06 -6.037279241138498e-16
1.28 2.12 -1.070913671128824e-15
1.28 2.18 1.9047894210572094e-16
1.28 2.2399999999999998 -6.44861875630161e-16
1.28 2.3000000000000003 5.727436855489461e-17
1.28 2.36 1.4383681485851685e-17
1.28 2.4200000000000004 1.6361362103975e-17
1.28 2.48 -1.6008153929353403e-17
1.28 2.5400000000000005 -3.720728128569569e-17
1.34 1.34 0.05070068672902822
1.34 1.4 0.20410208526248116
1.34 1.46 0.2936098290846578
1.34 1.52 0.0870097813821686
1.34 1.58 0.07896016645733135
1.34 1.6400000000000001 0.003705723495574651
1.34 1.7000000000000002 3.444582884466244e-10
1.34 1.76 1.4022078148924494e-18
1.34 1.82 3.0125710504522073e-16
1.34 1.8800000000000001 2.672242384527643e-16
1.34 1.94 1.565753119882128e-14
1.34 2.0 1.081480545586216e-15
1.34 2.06 3.837007189773135e-14
1.34 2.12 3.798810534729933e-15
1.34 2.18 1.5699195001283857e-15
1.34 2.2399999999999998 1.0830868628180866e-14
1.34 2.3000000000000003 1.0248997270227725e-15
1.34 2.36 1.5821503219326684e-15
1.34 2.4200000000000004 2.9628084153408627e-16
1.34 2.48 4.795496510743373e-16
1.34 2.5400000000000005 4.243018118595279e-17
1.4 1.34 0.005312888608289229
1.4 1.4 0.16119706604874032
1.4 1.46 0.504952481884865
1.4 1.52 0.5998163379732011
1.4 1.58 0.21840125624546636
1.4 1.6400000000000001 0.31701207405914766
1.4 1.7000000000000002 -0.0019246519093833118
1.4 1.76 2.9339205568152882e-9
1.4 1.82 2.8790155135772366e-11
1.4 1.8800000000000001 1.828031683926033e-12
1.4 1.94 5.24870980134305e-11
1.4 2.0 5.67775409911009e-13
1.4 2.06 7.874730467938875e-12
1.4 2.12 6.113321507307329e-13
1.4 2.18 9.367959729742752e-13
1.4 2.2399999999999998 9.005137734622262e-13
1.4 2.3000000000000003 2.595714173198758e-13
1.4 2.36 9.794137185216847e-14
1.4 2.4200000000000004 5.807157447317784e-14
1.4 2.48 3.062932836139951e-14
1.4 2.5400000000000005 1.6495448406336893e-14
1.46 1.34 0.000803772192628568
1.46 1.4 0.019943749424347398
1.46 1.46 0.43845872889839976
1.46 1.52 0.8730564025968327
1.46 1.58 0.814353310164171
1.46 1.6400000000000001 0.41814451851306716
1.46 1.7000000000000002 0.8473672756380727
1.46 1.76 0.00031650297532777387
1.46 1.82 9.862439076247138e-9
1.46 1.8800000000000001 1.2235885109335743e-8
1.46 1.94 4.711791432102163e-11
1.46 2.0 1.5648922265875025e-9
1.46 2.06 1.5578218514535023e-10
1.46 2.12 3.462892631642576e-10
1.46 2.18 2.9404224049787134e-11
1.46 2.2399999999999998 1.3649112344664723e-10
1.46 2.3000000000000003 1.8541191967011838e-11
1.46 2.36 2.4112247632609018e-12
1.46 2.4200000000000004 1.0927701618136188e-11
1.46 2.48 7.630027481832551e-13
1.46 2.5400000000000005 2.5314510772912203e-12
1.52 1.34 0.023574146255265268
1.52 1.4 0.008716978975357163
1.52 1.46 0.06531693376824871
1.52 1.52 1.0770956620334502
1.52 1.58 1.5965823937850958
1.52 1.6400000000000001 1.0636565293330833
1.52 1.7000000000000002 0.8911071838629554
1.52 1.76 1.6113296241260364
1.52 1.82 0.009151057526507833
1.52 1.8800000000000001 3.854467760702326e-8
1.52 1.94 2.629355470100822e-7
1.52 2.0 1.5960210445379674e-8
1.52 2.06 3.4310050262011918e-9
1.52 2.12 2.9716031740286443e-8
1.52 2.18 5.217899906513075e-10
1.52 2.2399999999999998 1.226681459950309e-9
1.52 2.3000000000000003 5.590258803647582e-10
1.52 2.36 1.440246412863663e-10
1.52 2.4200000000000004 2.2237030686027984e-10
1.52 2.48 1.8878155173380822e-10
1.52 2.5400000000000005 4.025198605675277e-11
1.58 1.34 0.01728363066755222
1.58 1.4 0.092515707134586
1.58 1.46 0.020764771209688136
1.58 1.52 0.22690474046343895
1.58 1.58 2.2415450035824307
1.58 1.6400000000000001 2.3321491831029877
1.58 1.7000000000000002 1.1732262604562738
1.58 1.76 1.850775043455558
1.58 1.82 2.750648625276297
1.58 1.8800000000000001 0.0193744966151546
1.58 1.94 9.886938225034385e-7
1.58 2.0 1.144592454496233e-6
1.58 2.06 9.382085679490957e-7
1.58 2.12 3.166230991304524e-8
1.58 2.18 4.110739784810776e-7
1.58 2.2399999999999998 1.2557873249038916e-8
1.58 2.3000000000000003 8.004744446719637e-8
1.58 2.36 4.1925497142841985e-9
1.58 2.4200000000000004 2.6260363644838028e-8
1.58 2.48 4.620181120387516e-9
1.58 2.5400000000000005 2.5042866616998874e-10
1.6400000000000001 1.34 0.16900992013811478
1.6400000000000001 1.4 0.058108796888500604
1.6400000000000001 1.46 0.2656094023277646
1.6400000000000001 1.52 0.06380069113307987
1.6400000000000001 1.58 0.5389837080063459
1.6400000000000001 1.6400000000000001 3.8785474469016354
1.6400000000000001 1.7000000000000002 2.932672301973106
1.6400000000000001 1.76 1.2118723513006509
1.6400000000000001 1.82 2.9653432132105038
1.6400000000000001 1.8800000000000001 3.6021902480279504
1.6400000000000001 1.94 0.04314379715173936
1.6400000000000001 2.0 1.155112803465932e-5
1.6400000000000001 2.06 3.769826050766388e-6
1.6400000000000001 2.12 1.541100909985623e-5
1.6400000000000001 2.18 5.43020897210189e-7
1.6400000000000001 2.2399999999999998 7.937861750721294e-7
1.6400000000000001 2.3000000000000003 9.906952086235777e-7
1.6400000000000001 2.36 3.2601947675660155e-7
1.6400000000000001 2.4200000000000004 1.8951069711159943e-8
1.6400000000000001 2.48 1.49001295208268e-7
1.6400000000000001 2.5400000000000005 3.318729787831672e-8
1.7000000000000002 1.34 0.22370972007637532
1.7000000000000002 1.4 0.43248797663528576
1.7000000000000002 1.46 0.13957440011774108
1.7000000000000002 1.52 0.6567358995544037
1.7000000000000002 1.58 0.16595121876369848
1.7000000000000002 1.6400000000000001 1.0811015392881458
1.7000000000000002 1.7000000000000002 5.780478244490432
1.7000000000000002 1.76 3.1705569097820927
1.7000000000000002 1.82 1.3069616452555919
1.7000000000000002 1.8800000000000001 3.7631628714464376
1.7000000000000002 1.94 4.1752519696781505
1.7000000000000002 2.0 0.08411340478219578
1.7000000000000002 2.06 7.984788404237337e-5
1.7000000000000002 2.12 2.3660347325678367e-5
1.7000000000000002 2.18 7.146933693804286e-5
1.7000000000000002 2.2399999999999998 6.869466863057287e-6
1.7000000000000002 2.3000000000000003 4.021230714083664e-6
1.7000000000000002 2.36 1.5205716066911642e-5
1.7000000000000002 2.4200000000000004 4.448098309087384e-7
1.7000000000000002 2.48 8.054560075182441e-7
1.7000000000000002 2.5400000000000005 2.5679111645899777e-7
1.76 1.34 0.05909178211252198
1.76 1.4 0.5104521052553292
1.76 1.46 0.7544688286532057
1.76 1.52 0.27113483814581457
1.76 1.58 1.3224374417857052
1.76 1.6400000000000001 0.32831678280740056
1.76 1.7000000000000002 1.7696555035757295
1.76 1.76 8.139851934579804
1.76 1.82 3.14921586892089
1.76 1.8800000000000001 1.6976784736463664
1.76 1.94 4.255076609887633
1.76 2.0 4.222572581400845
1.76 2.06 0.13407747994306435
1.76 2.12 0.0003854543908664612
1.76 2.18 0.00014561398691782633
1.76 2.2399999999999998 0.0001379719681947356
1.76 2.3000000000000003 9.827648562046404e-5
1.76 2.36 1.2229848404360758e-5
1.76 2.4200000000000004 3.685972127866561e-5
1.76 2.48 3.8135706685652667e-6
1.76 2.5400000000000005 9.122875309730345e-6
1.82 1.34 6.88635482192812e-7
1.82 1.4 0.06446229250264802
1.82 1.46 0.6742691674623816
1.82 1.52 1.381425375591535
1.82 1.58 0.44173990363135834
1.82 1.6400000000000001 2.256396392008769
1.82 1.7000000000000002 0.5895456232418638
1.82 1.76 2.537992258060206
1.82 1.82 10.957834339548464
1.82 1.8800000000000001 2.9671477403977335
1.82 1.94 2.2075548166050942
1.82 2.0 4.176675624930631
1.82 2.06 3.4773211385596947
1.82 2.12 0.16088461753218794
1.82 2.18 0.0030247818975488155
1.82 2.2399999999999998 0.0007225379222414647
1.82 2.3000000000000003 0.0001947143786070682
1.82 2.36 0.0005591149832359578
1.82 2.4200000000000004 3.6108144948064775e-5
1.82 2.48 6.663137371646711e-5
1.82 2.5400000000000005 5.0771404670556354e-5
1.8800000000000001 1.34 5.708864153745648e-9
1.8800000000000001 1.4 9.13381018074883e-6
1.8800000000000001 1.46 0.05553915948395901
1.8800000000000001 1.52 0.814719945847558
1.8800000000000001 1.58 1.887512113180947
1.8800000000000001 1.6400000000000001 0.672088988934866
1.8800000000000001 1.7000000000000002 3.04757989128166
1.8800000000000001 1.76 0.9966025920212557
1.8800000000000001 1.82 3.18246192059693
1.8800000000000001 1.8800000000000001 13.625383256756193
1.8800000000000001 1.94 3.0680457423457868
1.8800000000000001 2.0 2.448712824173236
1.8800000000000001 2.06 3.5842927287326067
1.8800000000000001 2.12 2.3357725984514275
1.8800000000000001 2.18 0.13532591556181098
1.8800000000000001 2.2399999999999998 0.007959276993825228
1.8800000000000001 2.3000000000000003 0.0025443837740594193
1.8800000000000001 2.36 0.00047637981212405916
1.8800000000000001 2.4200000000000004 0.0012189852703098035
1.8800000000000001 2.48 0.0001839437263383854
1.8800000000000001 2.5400000000000005 0.00021589386932322345
1.94 1.34 2.620597697417881e-10
1.94 1.4 8.94848402399911e-8
1.94 1.46 7.410407789209115e-7
1.94 1.52 0.1460367592508239
1.94 1.58 0.8217461613843193
1.94 1.6400000000000001 2.1748838028172415
1.94 1.7000000000000002 0.9183798310137832
1.94 1.76 3.5960966685069846
1.94 1.82 1.5269547410855429
1.94 1.8800000000000001 3.496857619597887
1.94 1.94 14.689057374938383
1.94 2.0 3.3700432492290795
1.94 2.06 2.34622704215977
1.94 2.12 2.679549251050268
1.94 2.18 1.3445687247271876
1.94 2.2399999999999998 0.09747156114040888
1.94 2.3000000000000003 0.012328282905622646
1.94 2.36 0.005790542052930164
1.94 2.4200000000000004 0.0012850393148259502
1.94 2.48 0.0013322772992896018
1.94 2.5400000000000005 0.0005871488167556468
2.0 1.34 1.0116352135498752e-11
2.0 1.4 1.8160758290319006e-8
2.0 1.46 4.956987099071724e-7
2.0 1.52 0.00012591504749840006
2.0 1.58 0.18166015018262519
2.0 1.6400000000000001 0.6694390865803665
2.0 1.7000000000000002 2.220204413699907
2.0 1.76 1.0943269170109724
2.0 1.82 3.6643685839897797
2.0 1.8800000000000001 1.9598072364564127
2.0 1.94 3.4164233939685484
2.0 2.0 12.20575003978961
2.0 2.06 3.618263995472105
2.0 2.12 1.8552122961954678
2.0 2.18 1.655903446676402
2.0 2.2399999999999998 0.7041628811120022
2.0 2.3000000000000003 0.06501536672889423
2.0 2.36 0.012437204315672596
2.0 2.4200000000000004 0.008900076658393881
2.0 2.48 0.0023530287314826336
2.0 2.5400000000000005 0.0009881096753744454
2.06 1.34 1.2239916976132904e-12
2.06 1.4 1.5186748397950302e-9
2.06 1.46 8.906961523175158e-7
2.06 1.52 7.062545514385419e-6
2.06 1.58 0.0003878365630470012
2.06 1.6400000000000001 0.1796875900833465
2.06 1.7000000000000002 0.3884757855494628
2.06 1.76 1.9524709940961285
2.06 1.82 1.0341121166186955
2.06 1.8800000000000001 3.2111665059075984
2.06 1.94 2.206526057073781
2.06 2.0 2.8970448698372753
2.06 2.06 7.3631610613606515
2.06 2.12 3.1164789171852534
2.06 2.18 1.2494291626090683
2.06 2.2399999999999998 0.903007559510238
2.06 2.3000000000000003 0.3235713522676073
2.06 2.36 0.05629695118708579
2.06 2.4200000000000004 0.015291188260183705
2.06 2.48 0.010198325200191217
2.06 2.5400000000000005 0.003291777211219346
2.12 1.34 2.6515870920242438e-11
2.12 1.4 1.7555029773298793e-11
2.12 1.46 2.285063379323347e-8
2.12 1.52 8.235165776083507e-6
2.12 1.58 6.529077876937672e-5
2.12 1.6400000000000001 0.0004910473459862568
2.12 1.7000000000000002 0.16948160297779832
2.12 1.76 0.19588962159927123
2.12 1.82 1.404183806366
2.12 1.8800000000000001 0.8551048696431733
2.12 1.94 2.3778514850915613
2.12 2.0 2.0225151738286447
2.12 2.06 1.9985753167338487
2.12 2.12 3.2367320452710127
2.12 2.18 1.839544490807872
2.12 2.2399999999999998 0.6949972822540986
2.12 2.3000000000000003 0.432062755356793
2.12 2.36 0.15607172856129192
2.12 2.4200000000000004 0.03776456815104785
2.12 2.48 0.014556693142599516
2.12 2.5400000000000005 0.008483853494962515
2.18 1.34 1.9267535346739912e-13
2.18 1.4 3.424531017498151e-11
2.18 1.46 1.7905350631040563e-9
2.18 1.52 5.146927093581857e-7
2.18 1.58 3.133166438853126e-5
2.18 1.6400000000000001 0.00033091316044746766
2.18 1.7000000000000002 0.0015472531104387109
2.18 1.76 0.08826230546880388
2.18 1.82 0.1134767117315934
2.18 1.8800000000000001 0.9104735758259064
2.18 1.94 0.5478371997051497
2.18 2.0 1.4336378347657863
2.18 2.06 1.4065025720898563
2.18 2.12 1.1005164778108683
2.18 2.18 0.8736348619835491
2.18 2.2399999999999998 0.8340551502155419
2.18 2.3000000000000003 0.3162249754004688
2.18 2.36 0.16760719823024972
2.18 2.4200000000000004 0.06120165037971075
2.18 2.48 0.02202790730710871
2.18 2.5400000000000005 0.010127877767939298
2.2399999999999998 1.34 1.79176410700586e-14
2.2399999999999998 1.4 9.568224018366961e-11
2.2399999999999998 1.46 9.961922645899708e-10
2.2399999999999998 1.52 1.412256350265771e-7
2.2399999999999998 1.58 1.9552065447829256e-5
2.2399999999999998 1.6400000000000001 9.676311474468631e-5
2.2399999999999998 1.7000000000000002 0.0010283890823302244
2.2399999999999998 1.76 0.004672696270877991
2.2399999999999998 1.82 0.0476730029701439
2.2399999999999998 1.8800000000000001 0.10625816830615548
2.2399999999999998 1.94 0.531451250592023
2.2399999999999998 2.0 0.28255492385640335
2.2399999999999998 2.06 0.7141896493590804
2.2399999999999998 2.12 0.7803723287665681
2.2399999999999998 2.18 0.48088094232528644
2.2399999999999998 2.2399999999999998 0.1168547975009345
2.2399999999999998 2.3000000000000003 0.22424810104101817
2.2399999999999998 2.36 0.09637273623702057
2.2399999999999998 2.4200000000000004 0.05401798075432355
2.2399999999999998 2.48 0.022658215546564508
2.2399999999999998 2.5400000000000005 0.010594490632953193
2.3000000000000003 1.34 4.5319651193182603e-14
2.3000000000000003 1.4 -1.382960625521865e-13
2.3000000000000003 1.46 6.491773221767654e-10
2.3000000000000003 1.52 7.314154480867931e-9
2.3000000000000003 1.58 1.7805188299588379e-6
2.3000000000000003 1.6400000000000001 0.00017483695766379025
2.3000000000000003 1.7000000000000002 0.00039907882386409574
2.3000000000000003 1.76 0.0022987443664029927
2.3000000000000003 1.82 0.00868213813805707
2.3000000000000003 1.8800000000000001 0.027973996913840896
2.3000000000000003 1.94 0.0781660421565468
2.3000000000000003 2.0 0.2841610683739566
2.3000000000000003 2.06 0.12187971394451193
2.3000000000000003 2.12 0.29462993075616284
2.3000000000000003 2.18 0.26241892137707906
2.3000000000000003 2.2399999999999998 0.08467929463209034
2.3000000000000003 2.3000000000000003 0.013382778489677382
2.3000000000000003 2.36 0.020631548082557405
2.3000000000000003 2.4200000000000004 0.014606382052671146
2.3000000000000003 2.48 0.01589646909927767
2.3000000000000003 2.5400000000000005 0.007685063653305665
2.36 1.34 2.159709983890647e-15
2.36 1.4 3.62710102787276e-12
2.36 1.46 1.2904298067042997e-11
2.36 1.52 1.3581109888075718e-9
2.36 1.58 1.0178968867567652e-7
2.36 1.6400000000000001 4.71757597757908e-6
2.36 1.7000000000000002 0.0005665620747315484
2.36 1.76 0.0012063333622656738
2.36 1.82 0.004286749112184957
2.36 1.8800000000000001 0.014356609652504094
2.36 1.94 0.033036850361788835
2.36 2.0 0.0625716326105159
2.36 2.06 0.14260993006629577
2.36 2.12 0.041155861888904924
2.36 2.18 0.08983163838903631
2.36 2.2399999999999998 0.0386751468406671
2.36 2.3000000000000003 0.00019065785281688352
2.36 2.36 3.816266289327396e-7
2.36 2.4200000000000004 0.0006013353920585778
2.36 2.48 0.0012155008757040399
2.36 2.5400000000000005 0.002027876273327024
