8.34 3.36 3.352754910863046e-29
8.34 3.4000000000000004 -6.379099787087634e-27
8.34 3.44 -2.896799708896466e-21
8.34 3.4800000000000004 -6.099948871244972e-23
8.34 3.5199999999999996 -4.82864377912674e-23
8.34 3.5600000000000005 -4.900759108138104e-23
8.34 3.5999999999999996 2.5295107083969636e-22
8.34 3.64 -1.2813402529691638e-21
8.34 3.6799999999999997 3.1971677767290456e-19
8.34 3.7199999999999998 1.1003800474155653e-20
8.34 3.76 6.274481240737209e-18
8.34 3.8 3.7809884500566794e-17
8.34 3.8400000000000003 -3.4156228614138287e-17
8.34 3.8800000000000003 1.7953187969468478e-16
8.34 3.9200000000000004 -3.453845823042234e-15
8.34 3.96 2.974039801634005e-15
8.34 4.0 1.5052005051019762e-13
8.34 4.04 1.2828334972416659e-14
8.34 4.08 2.198859025557793e-13
8.34 4.12 1.8196523530311468e-13
8.34 4.16 9.496768676865257e-13
8.34 4.2 1.5474157006254465e-12
8.34 4.24 1.2569273281537568e-12
8.34 4.28 1.0295501091105968e-12
8.34 4.32 3.521894587066981e-13
8.34 4.36 -8.957898107013968e-14
8.34 4.4 7.748527522451142e-15
8.34 4.4399999999999995 1.6676042503576197e-14
8.34 4.48 -4.268460432099178e-13
8.34 4.52 1.4742183254260092e-15
8.34 4.5600000000000005 4.6247302605679004e-17
8.34 4.6 1.9633203495327185e-16
8.34 4.64 2.5424339957546802e-15
8.34 4.680000000000001 -1.705981135580198e-18
8.34 4.72 5.072724457375732e-17
8.34 4.760000000000001 4.843013531348673e-18
8.34 4.8 1.471564728002264e-18
8.34 4.840000000000001 2.1890281298193574e-18
8.34 4.879999999999999 1.3074205264464317e-16
8.34 4.92 9.752682009149658e-20
8.83 3.36 9.149495911346409e-24
8.83 3.4000000000000004 -2.3105042886437828e-23
8.83 3.44 1.7286824504040653e-21
8.83 3.4800000000000004 9.001322487551595e-22
8.83 3.5199999999999996 -4.462060513870564e-18
8.83 3.5600000000000005 -1.5259852339746284e-16
8.83 3.5999999999999996 -1.6361526434920735e-14
8.83 3.64 2.0102381191311194e-14
8.83 3.6799999999999997 -1.9084547234078095e-11
8.83 3.7199999999999998 2.1905300574655243e-12
8.83 3.76 8.56301128211222e-10
8.83 3.8 5.404430777154755e-9
8.83 3.8400000000000003 7.119803451611384e-8
8.83 3.8800000000000003 5.5322783062885115e-6
8.83 3.9200000000000004 1.7428152376783923e-5
8.83 3.96 3.088422718764608e-7
8.83 4.0 1.132415554264573e-5
8.83 4.04 0.00012075183506652318
8.83 4.08 8.269551246740499e-5
8.83 4.12 8.845290015046159e-6
8.83 4.16 1.2879768156508306e-5
8.83 4.2 2.2850724903697385e-5
8.83 4.24 1.1203397535247678e-7
8.83 4.28 2.1505307223510382e-7
8.83 4.32 1.4489974969607878e-7
8.83 4.36 -1.36388762158464e-8
8.83 4.4 8.061815870622282e-8
8.83 4.4399999999999995 2.5967124792151825e-6
8.83 4.48 -1.5063110859397573e-8
8.83 4.52 8.885317552354833e-10
8.83 4.5600000000000005 1.0233254124684092e-9
8.83 4.6 2.7101577103515526e-10
8.83 4.64 3.093109416637245e-10
8.83 4.680000000000001 2.6984272088132945e-10
8.83 4.72 7.773368998186798e-10
8.83 4.760000000000001 1.6745938924807778e-10
8.83 4.8 3.227188819799803e-11
8.83 4.840000000000001 8.507360497549077e-11
8.83 4.879999999999999 1.4721314462410346e-11
8.83 4.92 1.3095725847407419e-12
9.32 3.36 2.7271291356985407e-19
9.32 3.4000000000000004 4.571372959176471e-19
9.32 3.44 -3.202169375062746e-17
9.32 3.4800000000000004 4.3762632168486854e-13
9.32 3.5199999999999996 3.887771411197014e-10
9.32 3.5600000000000005 2.5148267163397804e-8
9.32 3.5999999999999996 -3.5008799368687903e-8
9.32 3.64 -1.2006671302845581e-8
9.32 3.6799999999999997 3.5043495882334706e-6
9.32 3.7199999999999998 1.0826919290927286e-5
9.32 3.76 0.0005153901738694132
9.32 3.8 0.00726622002233729
9.32 3.8400000000000003 0.01020722028373198
9.32 3.8800000000000003 0.01243341192898683
9.32 3.9200000000000004 0.001878493689134199
9.32 3.96 0.0010786274412256788
9.32 4.0 0.0025149374825236617
9.32 4.04 0.03856246904023931
9.32 4.08 0.009500178725123177
9.32 4.12 0.06183714673257944
9.32 4.16 0.040492655305801845
9.32 4.2 0.05645914103633685
9.32 4.24 0.01874007116682731
9.32 4.28 0.02115843897648483
9.32 4.32 0.017532534146803946
9.32 4.36 0.005262935975339138
9.32 4.4 0.004811020397642804
9.32 4.4399999999999995 0.0014415371401021579
9.32 4.48 0.0003449535744943727
9.32 4.52 0.000375405419407632
9.32 4.5600000000000005 0.0004134384020038312
9.32 4.6 0.00023814088326388957
9.32 4.64 5.6607966860661434e-5
9.32 4.680000000000001 4.267885639402955e-5
9.32 4.72 2.8902954593595223e-5
9.32 4.760000000000001 5.945394263279511e-6
9.32 4.8 4.027852952719671e-5
9.32 4.840000000000001 3.873704590598674e-7
9.32 4.879999999999999 3.207990808853145e-6
9.32 4.92 9.20856259245719e-7
9.81 3.36 3.2302941465152587e-18
9.81 3.4000000000000004 1.366715522320622e-18
9.81 3.44 -1.9152853324070225e-16
9.81 3.4800000000000004 2.4162605868899556e-11
9.81 3.5199999999999996 4.860231258657966e-9
9.81 3.5600000000000005 1.0136932356435381e-7
9.81 3.5999999999999996 9.696449945309921e-6
9.81 3.64 0.00020264441775194464
9.81 3.6799999999999997 0.0020921194043104514
9.81 3.7199999999999998 0.01184251944652493
9.81 3.76 0.04593867056021974
9.81 3.8 0.11441921877682333
9.81 3.8400000000000003 0.27288877991202154
9.81 3.8800000000000003 0.5522297207738784
9.81 3.9200000000000004 0.9317646741130371
9.81 3.96 1.0940072591073173
9.81 4.0 1.6636504499348022
9.81 4.04 1.9273709665211691
9.81 4.08 1.8245954807894966
9.81 4.12 1.630235745696044
9.81 4.16 1.5092556733513551
9.81 4.2 1.4278314738500313
9.81 4.24 1.1694492515016293
9.81 4.28 0.859184912763127
9.81 4.32 0.43133768880957635
9.81 4.36 0.17855210019592235
9.81 4.4 0.09262794136384964
9.81 4.4399999999999995 0.12162725228397378
9.81 4.48 0.026990566867305842
9.81 4.52 0.009038560180897244
9.81 4.5600000000000005 0.01330504525639738
9.81 4.6 0.013420455062882414
9.81 4.64 0.0009967731296583878
9.81 4.680000000000001 0.0012793076594837338
9.81 4.72 0.004461143282799395
9.81 4.760000000000001 0.0009152448450019463
9.81 4.8 0.00015744644916103483
9.81 4.840000000000001 0.0001280408938736767
9.81 4.879999999999999 4.89384598814624e-7
9.81 4.92 2.552911161896729e-7
10.3 3.36 1.929711436105864e-20
10.3 3.4000000000000004 -3.7956792012894576e-20
10.3 3.44 2.1607797434436206e-18
10.3 3.4800000000000004 1.0577212392348256e-10
10.3 3.5199999999999996 3.003557753053302e-8
10.3 3.5600000000000005 2.7400496848848667e-7
10.3 3.5999999999999996 8.621872115054024e-7
10.3 3.64 1.2325644015866922e-5
10.3 3.6799999999999997 3.7425687340096835e-5
10.3 3.7199999999999998 0.0006357797359660962
10.3 3.76 0.0010538276334627506
10.3 3.8 0.002330615424250282
10.3 3.8400000000000003 0.017752158461454372
10.3 3.8800000000000003 0.06140293249958335
10.3 3.9200000000000004 0.16302098660263978
10.3 3.96 0.20621437570596335
10.3 4.0 0.2958246638786408
10.3 4.04 0.32953655039644714
10.3 4.08 0.27041993545184567
10.3 4.12 0.2547988579252513
10.3 4.16 0.2458632218489289
10.3 4.2 0.17602654246822835
10.3 4.24 0.04094623545044242
10.3 4.28 0.01957766409733893
10.3 4.32 0.018115349538638064
10.3 4.36 0.0016603488839489614
10.3 4.4 0.001155839480391752
10.3 4.4399999999999995 0.0012860557577011014
10.3 4.48 0.004954719412481382
10.3 4.52 0.006656361343305035
10.3 4.5600000000000005 0.0003051751849392616
10.3 4.6 0.000668782512826009
10.3 4.64 0.00052584410740285
10.3 4.680000000000001 0.0001401773298026681
10.3 4.72 0.00013100823431036015
10.3 4.760000000000001 9.646462438382984e-5
10.3 4.8 9.633628721702472e-7
10.3 4.840000000000001 1.0466761371507882e-8
10.3 4.879999999999999 3.820581760129871e-8
10.3 4.92 2.67959105897699e-7
10.79 3.36 -3.071068704614218e-23
10.79 3.4000000000000004 1.1645174487222927e-23
10.79 3.44 9.812309276764274e-18
10.79 3.4800000000000004 3.651082416127597e-13
10.79 3.5199999999999996 1.0004839948403574e-10
10.79 3.5600000000000005 -9.938767709896872e-13
10.79 3.5999999999999996 -3.679275090306161e-11
10.79 3.64 1.5053133512915746e-9
10.79 3.6799999999999997 -2.488618465142543e-8
10.79 3.7199999999999998 4.53111793621078e-7
10.79 3.76 5.086482867177736e-7
10.79 3.8 7.644032869409574e-7
10.79 3.8400000000000003 4.719664569847097e-6
10.79 3.8800000000000003 1.8970529394848495e-5
10.79 3.9200000000000004 4.2477616570630315e-6
10.79 3.96 1.9783282643695954e-6
10.79 4.0 0.000290044594034958
10.79 4.04 -5.933064239108266e-7
10.79 4.08 2.20853665858613e-5
10.79 4.12 3.77545723230326e-5
10.79 4.16 6.6657991289738575e-6
10.79 4.2 3.7181292930207247e-6
10.79 4.24 9.179257834068214e-7
10.79 4.28 4.902434002903063e-7
10.79 4.32 2.1737774836323537e-6
10.79 4.36 3.948872997074606e-6
10.79 4.4 3.36439223573213e-6
10.79 4.4399999999999995 1.3194626710128167e-5
10.79 4.48 2.7135094664961154e-6
10.79 4.52 5.285943976927059e-6
10.79 4.5600000000000005 6.922396924611877e-7
10.79 4.6 7.0339390229058015e-9
10.79 4.64 2.4307732498775155e-7
10.79 4.680000000000001 1.3560029474735877e-9
10.79 4.72 2.2307117604100347e-9
10.79 4.760000000000001 7.027609647482853e-9
10.79 4.8 8.68972760957178e-11
10.79 4.840000000000001 7.75783353068893e-11
10.79 4.879999999999999 -2.7046914048626397e-12
10.79 4.92 -1.1632933913163279e-11
11.28 3.36 2.098648968910483e-29
11.28 3.4000000000000004 1.6424869492515832e-28
11.28 3.44 9.560164931707225e-24
11.28 3.4800000000000004 2.2753626664014076e-19
11.28 3.5199999999999996 6.060284407814895e-17
11.28 3.5600000000000005 -1.6703040525979403e-17
11.28 3.5999999999999996 1.2525611347918024e-15
11.28 3.64 4.42514930577436e-14
11.28 3.6799999999999997 4.504761552558403e-13
11.28 3.7199999999999998 1.1554878371302781e-11
11.28 3.76 1.2056738429024735e-11
11.28 3.8 8.41254762857988e-12
11.28 3.8400000000000003 6.079220820828406e-11
11.28 3.8800000000000003 6.672293591252058e-11
11.28 3.9200000000000004 -3.268561918213996e-11
11.28 3.96 6.122687243893879e-12
11.28 4.0 1.2603653262509214e-11
11.28 4.04 2.7496734447974363e-11
11.28 4.08 4.0408918496614904e-11
11.28 4.12 1.2682222409027279e-11
11.28 4.16 -3.813817927956836e-11
11.28 4.2 -9.84302151258107e-12
11.28 4.24 -3.38991059485377e-13
11.28 4.28 6.515786479834899e-13
11.28 4.32 -2.216827307500052e-11
11.28 4.36 -5.1557780895643843e-11
11.28 4.4 2.685230300224217e-11
11.28 4.4399999999999995 8.556140700035532e-11
11.28 4.48 8.140263077718348e-12
11.28 4.52 4.1866721764723216e-13
11.28 4.5600000000000005 4.2639817164109285e-12
11.28 4.6 8.581554554877619e-16
11.28 4.64 1.8072740512117387e-14
11.28 4.680000000000001 2.4315866745851834e-14
11.28 4.72 1.993818719665181e-13
11.28 4.760000000000001 3.620192977889957e-15
11.28 4.8 1.969503288103522e-15
11.28 4.840000000000001 9.03106528541815e-15
11.28 4.879999999999999 -1.1577009006642205e-16
11.28 4.92 -1.687925217224459e-17
13.73 3.36 6.176220141421138e-24
13.73 3.4000000000000004 3.4625990644047117e-25
13.73 3.44 1.8525300304958615e-22
13.73 3.4800000000000004 -1.0599389508552958e-25
13.73 3.5199999999999996 1.4009381216011652e-19
13.73 3.5600000000000005 3.823741329162768e-18
13.73 3.5999999999999996 -1.1176795327396915e-16
13.73 3.64 2.8560768280604185e-15
13.73 3.6799999999999997 -8.317739853709689e-14
13.73 3.7199999999999998 1.6326822809756119e-12
13.73 3.76 -5.400494562511322e-11
13.73 3.8 -2.576927974214469e-11
13.73 3.8400000000000003 3.9219272579718674e-10
13.73 3.8800000000000003 1.872524810644214e-8
13.73 3.9200000000000004 5.9010446784120244e-8
13.73 3.96 2.302105313497411e-9
13.73 4.0 3.898041121713609e-8
13.73 4.04 4.0415251305367355e-7
13.73 4.08 3.8082567540220167e-7
13.73 4.12 3.4337255853285636e-7
13.73 4.16 1.719499930410272e-6
13.73 4.2 4.551356635232511e-6
13.73 4.24 4.923935992972193e-6
13.73 4.28 2.518340934239471e-6
13.73 4.32 5.23082567342413e-7
13.73 4.36 9.374934080842497e-7
13.73 4.4 2.2952539035754365e-6
13.73 4.4399999999999995 0.00018768747996096414
13.73 4.48 2.700501428695813e-6
13.73 4.52 1.810465963630001e-5
13.73 4.5600000000000005 3.786379936398165e-6
13.73 4.6 1.1855326456287115e-6
13.73 4.64 2.1830361794163675e-5
13.73 4.680000000000001 4.86055997147485e-8
13.73 4.72 1.2289019968446595e-10
13.73 4.760000000000001 2.4951026521942375e-7
13.73 4.8 1.2684537648578857e-7
13.73 4.840000000000001 1.2257921454123851e-8
13.73 4.879999999999999 4.891603736023856e-11
13.73 4.92 5.410822258985216e-14
14.220000000000002 3.36 -3.356032070819299e-20
14.220000000000002 3.4000000000000004 2.7401168963582517e-21
14.220000000000002 3.44 -1.612599282835893e-20
14.220000000000002 3.4800000000000004 5.977956052387881e-20
14.220000000000002 3.5199999999999996 -1.808252565427524e-15
14.220000000000002 3.5600000000000005 -4.9566306329640435e-14
14.220000000000002 3.5999999999999996 -7.031556157852033e-14
14.220000000000002 3.64 1.4473548818078332e-11
14.220000000000002 3.6799999999999997 -2.4991777553117937e-10
14.220000000000002 3.7199999999999998 1.9072380626059206e-9
14.220000000000002 3.76 1.9334692231564344e-8
14.220000000000002 3.8 6.372163469300165e-8
14.220000000000002 3.8400000000000003 6.642162228782247e-8
14.220000000000002 3.8800000000000003 7.191579388476631e-7
14.220000000000002 3.9200000000000004 2.501058175245856e-6
14.220000000000002 3.96 4.181724998424882e-5
14.220000000000002 4.0 7.476726299228254e-5
14.220000000000002 4.04 0.00022994441153107012
14.220000000000002 4.08 0.00045699433292696346
14.220000000000002 4.12 0.0010467468569119586
14.220000000000002 4.16 0.0012749248396129675
14.220000000000002 4.2 0.0011628496964012113
14.220000000000002 4.24 0.006129811097176678
14.220000000000002 4.28 0.00024147612088119564
14.220000000000002 4.32 0.004950127426069515
14.220000000000002 4.36 0.005936717297087399
14.220000000000002 4.4 0.0004530191008781302
14.220000000000002 4.4399999999999995 0.0006945855605605
14.220000000000002 4.48 0.0042435373897667175
14.220000000000002 4.52 0.0012167568858575983
14.220000000000002 4.5600000000000005 7.963471658195815e-7
14.220000000000002 4.6 1.162893654669564e-5
14.220000000000002 4.64 0.00015717969755307576
14.220000000000002 4.680000000000001 1.8294377431452575e-5
14.220000000000002 4.72 2.3389389319929714e-5
14.220000000000002 4.760000000000001 -3.120687850712889e-10
14.220000000000002 4.8 2.1899667204089158e-8
14.220000000000002 4.840000000000001 6.713740036040888e-8
14.220000000000002 4.879999999999999 1.172394633875861e-6
14.220000000000002 4.92 -3.6412666112634044e-11
14.709999999999999 3.36 3.7832548637339466e-20
14.709999999999999 3.4000000000000004 3.8640737789055337e-19
14.709999999999999 3.44 -1.6474897020430054e-19
14.709999999999999 3.4800000000000004 1.2051457030290886e-17
14.709999999999999 3.5199999999999996 -3.9060043519828464e-13
14.709999999999999 3.5600000000000005 -1.049347268178302e-11
14.709999999999999 3.5999999999999996 5.307235823030429e-11
14.709999999999999 3.64 3.6380989606301325e-9
14.709999999999999 3.6799999999999997 2.3884102234649044e-8
14.709999999999999 3.7199999999999998 5.396989608611936e-7
14.709999999999999 3.76 1.4555272582303147e-6
14.709999999999999 3.8 7.64132220103084e-6
14.709999999999999 3.8400000000000003 2.432268869370006e-5
14.709999999999999 3.8800000000000003 0.0006105939793824897
14.709999999999999 3.9200000000000004 0.003665911052290697
14.709999999999999 3.96 0.010036959413344817
14.709999999999999 4.0 0.01905241666811861
14.709999999999999 4.04 0.07122316766519879
14.709999999999999 4.08 0.08217374190383131
14.709999999999999 4.12 0.1251204774400086
14.709999999999999 4.16 0.03190027379226012
14.709999999999999 4.2 0.008654125565812734
14.709999999999999 4.24 0.0706557911562998
14.709999999999999 4.28 0.04388075572657445
14.709999999999999 4.32 0.04273007152430704
14.709999999999999 4.36 0.08752530109626223
14.709999999999999 4.4 0.004820139152487573
14.709999999999999 4.4399999999999995 8.322364240539139e-5
14.709999999999999 4.48 0.028026238665363454
14.709999999999999 4.52 0.00038325795176696994
14.709999999999999 4.5600000000000005 9.762958733828727e-5
14.709999999999999 4.6 2.579882033190763e-6
14.709999999999999 4.64 7.327956038320271e-6
14.709999999999999 4.680000000000001 0.0021259026851013245
14.709999999999999 4.72 3.910990976167927e-9
14.709999999999999 4.760000000000001 2.1043703634596695e-8
14.709999999999999 4.8 9.041529582845186e-10
14.709999999999999 4.840000000000001 1.4108017518947745e-10
14.709999999999999 4.879999999999999 1.2123163862487444e-7
14.709999999999999 4.92 -1.4602809633016613e-11
15.2 3.36 -1.684683158566114e-18
15.2 3.4000000000000004 3.2848299794690703e-18
15.2 3.44 -2.399211825264175e-17
15.2 3.4800000000000004 -4.14503987810987e-16
15.2 3.5199999999999996 7.353991228228111e-12
15.2 3.5600000000000005 2.6586636737763164e-10
15.2 3.5999999999999996 3.9308714721449737e-10
15.2 3.64 -4.2774641801988806e-8
15.2 3.6799999999999997 1.97025642512832e-6
15.2 3.7199999999999998 2.0435346479323063e-5
15.2 3.76 9.851150284539539e-5
15.2 3.8 0.00020244400437920032
15.2 3.8400000000000003 0.005384372958779331
15.2 3.8800000000000003 0.03913305038481388
15.2 3.9200000000000004 0.11062890954688497
15.2 3.96 0.26009623555234185
15.2 4.0 0.3937121263133795
15.2 4.04 0.5263196469731487
15.2 4.08 0.4479038822959841
15.2 4.12 0.7009484835325556
15.2 4.16 1.0567302170569175
15.2 4.2 1.1668137618436056
15.2 4.24 1.0011466433555276
15.2 4.28 0.00897260484663046
15.2 4.32 0.003735910409669788
15.2 4.36 0.21781687052233817
15.2 4.4 2.821682386820024e-6
15.2 4.4399999999999995 0.00020614906246760786
15.2 4.48 -0.00013592762073841443
15.2 4.52 1.922070289009068e-7
15.2 4.5600000000000005 0.000996461711654033
15.2 4.6 1.563461519486426e-5
15.2 4.64 2.4504797684158965e-7
15.2 4.680000000000001 7.609432763680971e-6
15.2 4.72 5.088995604359977e-7
15.2 4.760000000000001 5.384075633867524e-10
15.2 4.8 -1.311172954305726e-9
15.2 4.840000000000001 -6.7768641735590375e-9
15.2 4.879999999999999 1.5508989153232292e-9
15.2 4.92 3.202953649626219e-11
15.69 3.36 -8.821435161738991e-18
15.69 3.4000000000000004 -8.069026458811211e-19
15.69 3.44 9.050657497470203e-19
15.69 3.4800000000000004 1.9704378439509747e-13
15.69 3.5199999999999996 3.048201162969115e-11
15.69 3.5600000000000005 1.2230296164985015e-10
15.69 3.5999999999999996 -2.4873348587426868e-9
15.69 3.64 7.476500687461515e-7
15.69 3.6799999999999997 1.4070356894979308e-5
15.69 3.7199999999999998 0.00015780515318661892
15.69 3.76 0.002002951293909267
15.69 3.8 0.01931325416188869
15.69 3.8400000000000003 0.08354317093733685
15.69 3.8800000000000003 0.25857527630885385
15.69 3.9200000000000004 0.46415912825174477
15.69 3.96 0.8147832782906441
15.69 4.0 1.1219737717643115
15.69 4.04 1.3446219058201963
15.69 4.08 1.2524468757990708
15.69 4.12 0.8739857407251198
15.69 4.16 0.39368332025386465
15.69 4.2 0.03312254214580494
15.69 4.24 0.02504327693433383
15.69 4.28 7.129473018409815e-6
15.69 4.32 3.586130953559397e-7
15.69 4.36 -6.668956248226431e-7
15.69 4.4 1.6149264616565287e-5
15.69 4.4399999999999995 2.5762454808161725e-5
15.69 4.48 1.823013012481465e-5
15.69 4.52 1.685127120261372e-7
15.69 4.5600000000000005 7.611311642702823e-7
15.69 4.6 7.632824145080311e-7
15.69 4.64 6.489819014565231e-7
15.69 4.680000000000001 -1.1159918773464923e-10
15.69 4.72 -9.782884939201942e-10
15.69 4.760000000000001 2.6763984499300524e-12
15.69 4.8 -8.700259411279524e-12
15.69 4.840000000000001 -4.5093357585949945e-11
15.69 4.879999999999999 1.0294028839611717e-11
15.69 4.92 2.537630928255318e-13
16.18 3.36 1.3036751712928793e-17
16.18 3.4000000000000004 1.777722092519764e-19
16.18 3.44 -3.7135811841685683e-17
16.18 3.4800000000000004 5.517356013171726e-13
16.18 3.5199999999999996 1.0566997155099851e-9
16.18 3.5600000000000005 1.1486600273340754e-8
16.18 3.5999999999999996 -3.5116352712933135e-7
16.18 3.64 1.7048019927271574e-5
16.18 3.6799999999999997 0.00013470718015559798
16.18 3.7199999999999998 0.001442183133163005
16.18 3.76 0.015422350144665063
16.18 3.8 0.0673882679134179
16.18 3.8400000000000003 0.16964510616389106
16.18 3.8800000000000003 0.29287560649311384
16.18 3.9200000000000004 0.4439607209675903
16.18 3.96 0.3674396184168822
16.18 4.0 0.04214695108017548
16.18 4.04 0.05673751975854669
16.18 4.08 0.052828305556315715
16.18 4.12 0.00047798923217270295
16.18 4.16 -3.831677937782119e-6
16.18 4.2 2.2402462501211747e-5
16.18 4.24 -2.399018293584606e-6
16.18 4.28 4.72701477151336e-7
16.18 4.32 2.857085692266832e-7
16.18 4.36 -3.766416131809458e-8
16.18 4.4 1.518407243788314e-7
16.18 4.4399999999999995 -3.995053147790265e-8
16.18 4.48 1.4719107252477961e-8
16.18 4.52 1.2242237964313476e-8
16.18 4.5600000000000005 1.076177036164676e-9
16.18 4.6 -7.483019679103045e-10
16.18 4.64 5.723258029084129e-10
16.18 4.680000000000001 -5.678051529826681e-9
16.18 4.72 -4.9256125826530586e-8
16.18 4.760000000000001 3.4037022085387915e-11
16.18 4.8 -4.6176347995170796e-10
16.18 4.840000000000001 -2.260372531572743e-9
16.18 4.879999999999999 2.870627643495316e-11
16.18 4.92 1.4059109185733108e-12
16.67 3.36 3.0913487911978782e-19
16.67 3.4000000000000004 1.4000937824886845e-18
16.67 3.44 1.1525104147623377e-15
16.67 3.4800000000000004 6.997201573867572e-12
16.67 3.5199999999999996 3.2683919454723914e-10
16.67 3.5600000000000005 4.488131670270464e-8
16.67 3.5999999999999996 2.4869763040841473e-6
16.67 3.64 5.475063348253807e-5
16.67 3.6799999999999997 0.0003557046400603508
16.67 3.7199999999999998 0.0029277605816179363
16.67 3.76 0.018813597882620426
16.67 3.8 0.03307469977194918
16.67 3.8400000000000003 0.04570594150142827
16.67 3.8800000000000003 0.07278555534754556
16.67 3.9200000000000004 0.031645665353695555
16.67 3.96 0.0030478571311854043
16.67 4.0 0.0003312337012307462
16.67 4.04 1.815871325336869e-5
16.67 4.08 5.402969730902944e-7
16.67 4.12 1.4320303755231741e-6
16.67 4.16 -1.8150488123782966e-6
16.67 4.2 -5.5014613386295936e-6
16.67 4.24 -9.097434110859218e-8
16.67 4.28 -8.803700818120658e-8
16.67 4.32 1.8263426188557758e-6
16.67 4.36 1.6754115726342535e-9
16.67 4.4 1.7736124783468767e-8
16.67 4.4399999999999995 3.928401823330427e-9
16.67 4.48 1.3488239704745715e-9
16.67 4.52 1.0875763361584232e-9
16.67 4.5600000000000005 6.193309325097492e-11
16.67 4.6 4.6110875439109716e-10
16.67 4.64 5.006644591632729e-10
16.67 4.680000000000001 -5.127205510938439e-10
16.67 4.72 -4.47364913222558e-9
16.67 4.760000000000001 3.068312958701969e-12
16.67 4.8 -3.9644182455964296e-11
16.67 4.840000000000001 -2.0522510445591594e-10
16.67 4.879999999999999 3.004410909391066e-12
16.67 4.92 1.0766492897921778e-13
17.16 3.36 3.0307313790609976e-21
17.16 3.4000000000000004 4.02986453614818e-19
17.16 3.44 5.232071493358787e-15
17.16 3.4800000000000004 -2.5569944718395983e-12
17.16 3.5199999999999996 3.2464342864470465e-9
17.16 3.5600000000000005 1.7611041218794046e-7
17.16 3.5999999999999996 9.939915443110205e-7
17.16 3.64 3.613566024424327e-5
17.16 3.6799999999999997 0.00019442392182326482
17.16 3.7199999999999998 0.0007776071008385041
17.16 3.76 0.0018590650269655227
17.16 3.8 0.0021346820465822647
17.16 3.8400000000000003 0.004616299407306377
17.16 3.8800000000000003 0.0004928426802456966
17.16 3.9200000000000004 -6.254489076922897e-5
17.16 3.96 7.575862052722067e-5
17.16 4.0 0.00010168135854184634
17.16 4.04 4.8145857404012556e-5
17.16 4.08 1.5157997355964947e-5
17.16 4.12 6.533306898241606e-6
17.16 4.16 3.0168004909300552e-6
17.16 4.2 7.627788905258442e-7
17.16 4.24 4.291162555378718e-7
17.16 4.28 1.0438289852698403e-8
17.16 4.32 1.900571850692762e-6
17.16 4.36 2.9692149882615243e-8
17.16 4.4 1.5699358457579355e-9
17.16 4.4399999999999995 1.779962341419046e-9
17.16 4.48 -2.9808051479432106e-10
17.16 4.52 -2.3886478222207026e-10
17.16 4.5600000000000005 -1.490988377799588e-11
17.16 4.6 -1.03060637159107e-10
17.16 4.64 7.48917613664925e-12
17.16 4.680000000000001 4.356452352326641e-12
17.16 4.72 5.3324816879615324e-11
17.16 4.760000000000001 5.830949879225502e-13
17.16 4.8 5.142767124169291e-13
17.16 4.840000000000001 2.352933487460551e-12
17.16 4.879999999999999 7.381588173763392e-15
17.16 4.92 1.9043616280554204e-13
17.65 3.36 1.7025120997909852e-21
17.65 3.4000000000000004 5.6059304190092846e-21
17.65 3.44 6.545307218403689e-14
17.65 3.4800000000000004 4.73774434245763e-10
17.65 3.5199999999999996 1.4954699725041407e-8
17.65 3.5600000000000005 1.8519212743622815e-7
17.65 3.5999999999999996 6.30154522105239e-6
17.65 3.64 3.59191575128301e-5
17.65 3.6799999999999997 2.8887323942973208e-5
17.65 3.7199999999999998 3.907704482181451e-5
17.65 3.76 2.4087300477063097e-5
17.65 3.8 5.524640979145561e-5
17.65 3.8400000000000003 5.040016129152382e-5
17.65 3.8800000000000003 -1.617400933465023e-5
17.65 3.9200000000000004 -2.255913536995201e-5
17.65 3.96 6.228958870200929e-6
17.65 4.0 1.898320068514797e-5
17.65 4.04 7.805444719327659e-6
17.65 4.08 2.4316223458473017e-6
17.65 4.12 2.025528317905797e-6
17.65 4.16 6.246770803162269e-7
17.65 4.2 7.621255553400046e-7
17.65 4.24 1.1604188937069606e-7
17.65 4.28 5.507292342809696e-9
17.65 4.32 6.510270775435734e-9
17.65 4.36 5.4099854318769025e-9
17.65 4.4 5.805305820879014e-10
17.65 4.4399999999999995 9.99163326182089e-10
17.65 4.48 -3.2841702218065806e-11
17.65 4.52 -1.7760910652722228e-11
17.65 4.5600000000000005 -2.796242607730948e-12
17.65 4.6 -4.869404108332864e-12
17.65 4.64 3.6088949717608314e-12
17.65 4.680000000000001 7.075772317435558e-13
17.65 4.72 4.726349891346931e-12
17.65 4.760000000000001 5.512601112899525e-14
17.65 4.8 4.9352950038896426e-14
17.65 4.840000000000001 2.070094489936113e-13
17.65 4.879999999999999 6.837024948342473e-16
17.65 4.92 1.7055659405236075e-14
18.14 3.36 -5.0372693030599496e-24
18.14 3.4000000000000004 4.588506247177503e-22
18.14 3.44 8.3062328001063e-16
18.14 3.4800000000000004 6.530315290465999e-12
18.14 3.5199999999999996 2.4602001829923827e-10
18.14 3.5600000000000005 2.102222858085604e-9
18.14 3.5999999999999996 -2.060107895792459e-8
18.14 3.64 -9.24139975511519e-8
18.14 3.6799999999999997 6.376765880778247e-8
18.14 3.7199999999999998 8.719869567469148e-7
18.14 3.76 -3.768758972787723e-7
18.14 3.8 5.24263436298626e-7
18.14 3.8400000000000003 2.738499186482012e-7
18.14 3.8800000000000003 2.168952183432867e-7
18.14 3.9200000000000004 4.4736476821375585e-7
18.14 3.96 1.3173402765566502e-8
18.14 4.0 1.944621987225238e-7
18.14 4.04 1.5269076810541048e-7
18.14 4.08 1.3386591200949835e-7
18.14 4.12 9.34967759298809e-8
18.14 4.16 1.2957309007620973e-7
18.14 4.2 4.976632056987496e-8
18.14 4.24 1.3891137973854893e-7
18.14 4.28 4.256341922899042e-8
18.14 4.32 5.06297254835279e-8
18.14 4.36 5.1398309940633394e-8
18.14 4.4 1.852300110388552e-8
18.14 4.4399999999999995 2.7758081429818298e-8
18.14 4.48 1.8086837605900153e-8
18.14 4.52 2.2866323924387155e-9
18.14 4.5600000000000005 1.6186491982239075e-9
18.14 4.6 3.4908367064051214e-9
18.14 4.64 1.0390798507549823e-9
18.14 4.680000000000001 1.606870408495043e-10
18.14 4.72 6.437215861139417e-11
18.14 4.760000000000001 2.1209140106900814e-9
18.14 4.8 4.5938813578699436e-12
18.14 4.840000000000001 1.13236257050399e-10
18.14 4.879999999999999 8.097243348400732e-11
18.14 4.92 3.6855755648494075e-13
18.63 3.36 7.985422811716099e-23
18.63 3.4000000000000004 7.806203554455158e-22
18.63 3.44 9.757447717190595e-16
18.63 3.4800000000000004 3.688760480869654e-12
18.63 3.5199999999999996 1.1943370435971972e-10
18.63 3.5600000000000005 5.385673134325637e-10
18.63 3.5999999999999996 -3.4513659562669947e-9
18.63 3.64 -7.932082173203917e-9
18.63 3.6799999999999997 4.8955036040936e-9
18.63 3.7199999999999998 5.7573748620627223e-8
18.63 3.76 -1.1138341195595152e-7
18.63 3.8 -2.0328858705434852e-7
18.63 3.8400000000000003 1.4223692830466361e-6
18.63 3.8800000000000003 6.880080270503882e-6
18.63 3.9200000000000004 1.2281028104897814e-5
18.63 3.96 2.150797612657522e-5
18.63 4.0 4.449491001385538e-5
18.63 4.04 5.41398019752465e-5
18.63 4.08 5.218973201025045e-5
18.63 4.12 0.00011577158810395119
18.63 4.16 0.00025045242391206205
18.63 4.2 0.00018361446819979894
18.63 4.24 0.00017213130892164365
18.63 4.28 0.00023618813957363574
18.63 4.32 0.00015342594265428772
18.63 4.36 0.0001253107493367375
18.63 4.4 5.040307217206856e-5
18.63 4.4399999999999995 9.39125245228726e-5
18.63 4.48 1.5232563525514493e-5
18.63 4.52 1.1169217350519661e-6
18.63 4.5600000000000005 1.4496758799195946e-6
18.63 4.6 5.678117030632602e-6
18.63 4.64 1.9762957366686667e-7
18.63 4.680000000000001 1.021687827641039e-7
18.63 4.72 -5.483707487862845e-8
18.63 4.760000000000001 1.2542655877061139e-5
18.63 4.8 2.1679958880150873e-8
18.63 4.840000000000001 6.054824253285309e-7
18.63 4.879999999999999 1.925996270232777e-9
18.63 4.92 1.3836847783709693e-10
19.12 3.36 -4.211239540085147e-19
19.12 3.4000000000000004 4.731355569852627e-19
19.12 3.44 4.878620371715884e-16
19.12 3.4800000000000004 1.1195320157608876e-14
19.12 3.5199999999999996 1.0401655386142735e-12
19.12 3.5600000000000005 -1.4180862599058469e-9
19.12 3.5999999999999996 -8.580780436538528e-8
19.12 3.64 -1.5452026531321217e-6
19.12 3.6799999999999997 -2.2302451153516463e-6
19.12 3.7199999999999998 1.13298921494937e-5
19.12 3.76 0.000130570603310772
19.12 3.8 0.0002881468249765146
19.12 3.8400000000000003 0.0022839854959701375
19.12 3.8800000000000003 0.008242147446960928
19.12 3.9200000000000004 0.0184518191922643
19.12 3.96 0.03263414061200436
19.12 4.0 0.051529162692075
19.12 4.04 0.07424912634945595
19.12 4.08 0.08932297818324078
19.12 4.12 0.13264150242627526
19.12 4.16 0.16504099573467515
19.12 4.2 0.13623956353855401
19.12 4.24 0.09431673916930203
19.12 4.28 0.11020150250971554
19.12 4.32 0.03571520574174581
19.12 4.36 0.059949231546266656
19.12 4.4 0.03312560652209963
19.12 4.4399999999999995 0.0759261813985105
19.12 4.48 0.02591101262873841
19.12 4.52 0.004570404162153636
19.12 4.5600000000000005 0.010588674953341273
19.12 4.6 0.003118071612200328
19.12 4.64 0.0016621358572579447
19.12 4.680000000000001 0.0006910196275113204
19.12 4.72 0.00019021669411489105
19.12 4.760000000000001 0.0001433306279091308
19.12 4.8 4.1326745385407586e-6
19.12 4.840000000000001 0.0004584303296154226
19.12 4.879999999999999 4.917041935438517e-5
19.12 4.92 5.1226417267382804e-5
19.61 3.36 -1.6847837640642376e-18
19.61 3.4000000000000004 -1.0215582109071769e-17
19.61 3.44 2.729983568232496e-17
19.61 3.4800000000000004 3.9285937497751683e-13
19.61 3.5199999999999996 -3.2260096316280303e-9
19.61 3.5600000000000005 -7.078480455004003e-8
19.61 3.5999999999999996 -3.0038600576163203e-7
19.61 3.64 3.091639220424086e-6
19.61 3.6799999999999997 0.00010606591978542092
19.61 3.7199999999999998 0.0014314214122736928
19.61 3.76 0.005524276988876255
19.61 3.8 0.04171756786360978
19.61 3.8400000000000003 0.09237443372280106
19.61 3.8800000000000003 0.2407902849456306
19.61 3.9200000000000004 0.47361732558360925
19.61 3.96 0.8129464396905461
19.61 4.0 1.0735978514915985
19.61 4.04 1.4318842140577543
19.61 4.08 1.2401828134155937
19.61 4.12 1.2016653016472238
19.61 4.16 1.3384137059284658
19.61 4.2 1.068215599616565
19.61 4.24 0.9444663144815987
19.61 4.28 0.7156471794381354
19.61 4.32 0.3967300248655624
19.61 4.36 0.21346953646851674
19.61 4.4 0.10721304081668073
19.61 4.4399999999999995 0.0546626588446207
19.61 4.48 0.027346691147331615
19.61 4.52 0.002456815711147122
19.61 4.5600000000000005 0.0019079168146913005
19.61 4.6 0.0012138580719501537
19.61 4.64 0.001049259689062545
19.61 4.680000000000001 0.0008805263663668029
19.61 4.72 0.002311338734354836
19.61 4.760000000000001 0.0005614926432100659
19.61 4.8 8.540173526128617e-5
19.61 4.840000000000001 3.305534921937297e-5
19.61 4.879999999999999 0.00022140620405883884
19.61 4.92 4.231431443376329e-5
20.1 3.36 -6.492945912449209e-19
20.1 3.4000000000000004 2.072463558261078e-18
20.1 3.44 3.282617453750321e-17
20.1 3.4800000000000004 3.0961621476254116e-10
20.1 3.5199999999999996 8.315180203195897e-9
20.1 3.5600000000000005 2.9471478657378136e-7
20.1 3.5999999999999996 1.4840619293820081e-5
20.1 3.64 0.00017727660162385452
20.1 3.6799999999999997 0.001213031970545449
20.1 3.7199999999999998 0.0052542437385957935
20.1 3.76 0.03303172266192616
20.1 3.8 0.0803514285369442
20.1 3.8400000000000003 0.24698697956754168
20.1 3.8800000000000003 0.4541224354917217
20.1 3.9200000000000004 0.6741075947094232
20.1 3.96 0.7126823020355948
20.1 4.0 0.945007962427839
20.1 4.04 0.6601779362794796
20.1 4.08 0.4570814708275112
20.1 4.12 0.13637292499830053
20.1 4.16 0.16348706732427568
20.1 4.2 0.062408601832523614
20.1 4.24 0.07719488137082176
20.1 4.28 0.014398447084006744
20.1 4.32 0.0031895583139283402
20.1 4.36 0.002917051496136421
20.1 4.4 0.0009612764810397931
20.1 4.4399999999999995 0.0012680930456586408
20.1 4.48 4.590230253170458e-5
20.1 4.52 2.061883274024342e-5
20.1 4.5600000000000005 1.6314354929973717e-5
20.1 4.6 2.691491520544956e-5
20.1 4.64 1.7711483543426132e-5
20.1 4.680000000000001 4.4167251780372034e-6
20.1 4.72 0.00023989848947877305
20.1 4.760000000000001 1.0578187062730306e-5
20.1 4.8 6.271641126951826e-6
20.1 4.840000000000001 3.951317454895962e-6
20.1 4.879999999999999 2.4663530982727894e-5
20.1 4.92 4.865485773726478e-6
20.59 3.36 -1.2233867160768548e-19
20.59 3.4000000000000004 2.0757215155034861e-19
20.59 3.44 -4.016593172628829e-18
20.59 3.4800000000000004 9.651365330588807e-13
20.59 3.5199999999999996 2.307698517543607e-9
20.59 3.5600000000000005 4.5762046278730143e-7
20.59 3.5999999999999996 1.7040832498932125e-5
20.59 3.64 5.1866481297485185e-5
20.59 3.6799999999999997 0.00027868058809271695
20.59 3.7199999999999998 0.0015160440093567025
20.59 3.76 0.00503556274739809
20.59 3.8 0.023686466426643255
20.59 3.8400000000000003 0.040180983561678964
20.59 3.8800000000000003 0.04969224726718597
20.59 3.9200000000000004 0.04950103294338341
20.59 3.96 0.03646091282417122
20.59 4.0 0.009539722501138687
20.59 4.04 0.00845217393973772
20.59 4.08 0.0036512197120817077
20.59 4.12 0.00375205253811952
20.59 4.16 0.0021514305865545933
20.59 4.2 0.00037360047429085147
20.59 4.24 0.0021128911247664268
20.59 4.28 0.00028127675520886204
20.59 4.32 6.0401750667932836e-5
20.59 4.36 2.0517676312023613e-5
20.59 4.4 1.4355731545091916e-6
20.59 4.4399999999999995 3.092766924861043e-6
20.59 4.48 2.57360184795026e-7
20.59 4.52 -9.37837600648711e-7
20.59 4.5600000000000005 1.5946944554038906e-7
20.59 4.6 4.27969815826685e-8
20.59 4.64 1.917895746550497e-7
20.59 4.680000000000001 6.088195700677929e-7
20.59 4.72 4.354212056018013e-6
20.59 4.760000000000001 2.9270004532937918e-8
20.59 4.8 4.4711727412938375e-8
20.59 4.840000000000001 1.913654906429478e-7
20.59 4.879999999999999 1.5962079901867084e-8
20.59 4.92 3.6424239146089116e-9
21.08 3.36 3.093949875762378e-21
21.08 3.4000000000000004 -5.660261531210165e-22
21.08 3.44 -2.1577692885343492e-19
21.08 3.4800000000000004 3.1164242473958097e-10
21.08 3.5199999999999996 9.472048996277192e-9
21.08 3.5600000000000005 1.1540068523628397e-7
21.08 3.5999999999999996 1.2094043669135716e-6
21.08 3.64 1.1803695691331252e-5
21.08 3.6799999999999997 5.798919972476446e-6
21.08 3.7199999999999998 7.115585957631283e-5
21.08 3.76 0.00011958174184402513
21.08 3.8 0.0001813517165165439
21.08 3.8400000000000003 0.0004027037681307569
21.08 3.8800000000000003 0.0004293717976630838
21.08 3.9200000000000004 8.678531754940133e-5
21.08 3.96 0.00018090119469692682
21.08 4.0 0.00013028804080771983
21.08 4.04 3.614447590747805e-5
21.08 4.08 3.3504375281179745e-5
21.08 4.12 2.5515127337517787e-5
21.08 4.16 3.6518376485510484e-6
21.08 4.2 3.8298515258181466e-7
21.08 4.24 1.529559273136425e-6
21.08 4.28 -3.432810851700227e-7
21.08 4.32 1.1147334350760278e-7
21.08 4.36 -6.5431680238979535e-9
21.08 4.4 8.423785077173972e-9
21.08 4.4399999999999995 4.0622331362172436e-8
21.08 4.48 -1.2621181923787368e-8
21.08 4.52 -1.1776652207207053e-8
21.08 4.5600000000000005 -3.9126948808927974e-9
21.08 4.6 -6.877489209298648e-10
21.08 4.64 5.191117607059514e-9
21.08 4.680000000000001 3.1233195488378987e-9
21.08 4.72 3.6696869704005965e-9
21.08 4.760000000000001 6.144932776181627e-10
21.08 4.8 4.6921193090934086e-11
21.08 4.840000000000001 9.666948276247366e-11
21.08 4.879999999999999 -1.2687549828601865e-12
21.08 4.92 -6.706981334235076e-14
21.57 3.36 3.684997595766667e-24
21.57 3.4000000000000004 -9.78124080111802e-25
21.57 3.44 1.7729432402183164e-19
21.57 3.4800000000000004 8.459264131608558e-14
21.57 3.5199999999999996 8.911413954465153e-12
21.57 3.5600000000000005 1.505576572386916e-10
21.57 3.5999999999999996 8.083709417370797e-10
21.57 3.64 2.5718690252547595e-8
21.57 3.6799999999999997 3.535238445693635e-9
21.57 3.7199999999999998 6.40685026010279e-8
21.57 3.76 9.389644834862584e-8
21.57 3.8 1.1629522644885558e-7
21.57 3.8400000000000003 1.535143262826714e-7
21.57 3.8800000000000003 1.215432009898125e-7
21.57 3.9200000000000004 7.436303904396761e-8
21.57 3.96 1.3522986868059878e-7
21.57 4.0 3.4266281627992594e-8
21.57 4.04 1.3659353891452005e-8
21.57 4.08 5.716124852822545e-9
21.57 4.12 4.6067600520083465e-9
21.57 4.16 6.763895796179993e-9
21.57 4.2 9.539328370769944e-10
21.57 4.24 5.346146774081054e-9
21.57 4.28 1.698960070688694e-10
21.57 4.32 6.886881453920266e-11
21.57 4.36 3.0222545665656527e-11
21.57 4.4 1.490409419821829e-11
21.57 4.4399999999999995 -4.246433579105792e-12
21.57 4.48 -4.110208894094508e-12
21.57 4.52 -2.1964129533106337e-12
21.57 4.5600000000000005 -6.455123826206574e-13
21.57 4.6 -9.900925448523158e-13
21.57 4.64 -3.285194962470789e-15
21.57 4.680000000000001 5.834309172052963e-14
21.57 4.72 6.344393611005033e-13
21.57 4.760000000000001 5.621003943951791e-15
21.57 4.8 6.505090563791819e-15
21.57 4.840000000000001 2.8109497381409374e-14
21.57 4.879999999999999 -1.2419938677662092e-16
21.57 4.92 1.8528586146698335e-15
