1.6400000000000001 1.6400000000000001 -2.912117682648166e-10
1.6400000000000001 1.7100000000000004 -1.0480444459434234e-9
1.6400000000000001 1.7800000000000002 -3.1772828858485433e-9
1.6400000000000001 1.85 -8.139620396141643e-9
1.6400000000000001 1.9200000000000004 -1.7795723272729833e-8
1.6400000000000001 1.9899999999999995 -3.3814196985979594e-8
1.6400000000000001 2.0599999999999996 -5.722395290817678e-8
1.6400000000000001 2.13 -8.79290233580774e-8
1.6400000000000001 2.2 -1.2161298621362702e-7
1.6400000000000001 2.2699999999999996 -1.4122698711101685e-7
1.6400000000000001 2.34 -1.0754633208716524e-7
1.6400000000000001 2.41 3.5184089316177e-8
1.6400000000000001 2.4800000000000004 3.246995461479015e-7
1.6400000000000001 2.55 7.363165394885321e-7
1.6400000000000001 2.62 1.1875475589984492e-6
1.6400000000000001 2.6900000000000004 1.628659084838812e-6
1.6400000000000001 2.7600000000000007 2.150732603842514e-6
1.6400000000000001 2.8299999999999996 2.959727789307185e-6
1.6400000000000001 2.9 4.145770726817586e-6
1.6400000000000001 2.9699999999999998 5.418277288254788e-6
1.6400000000000001 3.0399999999999996 6.147102136564677e-6
1.6400000000000001 3.11 5.830789700252959e-6
1.6400000000000001 3.18 4.583411389605009e-6
1.6400000000000001 3.25 3.074058538640678e-6
1.6400000000000001 3.32 1.9501165232561975e-6
1.6400000000000001 3.39 1.3813599598895112e-6
1.6400000000000001 3.4600000000000004 1.1357255254322906e-6
1.6400000000000001 3.5300000000000002 9.397041758406305e-7
1.6400000000000001 3.6 6.928808109597097e-7
1.6400000000000001 3.670000000000001 4.351518218117501e-7
1.6400000000000001 3.7399999999999993 2.3022248116941612e-7
1.6400000000000001 3.8099999999999996 1.0224005497095194e-7
1.6400000000000001 3.88 3.792856252227759e-8
1.6400000000000001 3.95 1.1664744269560222e-8
1.6400000000000001 4.02 2.9447919994621733e-9
1.6400000000000001 4.09 6.033771961196101e-10
1.6400000000000001 4.16 9.91300416726193e-11
1.6400000000000001 4.23 1.289461257689751e-11
1.7100000000000004 1.6400000000000001 -1.0820296908468085e-9
1.7100000000000004 1.7100000000000004 -3.896591616519583e-9
1.7100000000000004 1.7800000000000002 -1.1817545433550873e-8
1.7100000000000004 1.85 -3.0263840806220326e-8
1.7100000000000004 1.9200000000000004 -6.603497003223275e-8
1.7100000000000004 1.9899999999999995 -1.2485103849335748e-7
1.7100000000000004 2.0599999999999996 -2.0933770681522772e-7
1.7100000000000004 2.13 -3.174499931400951e-7
1.7100000000000004 2.2 -4.330964591384856e-7
1.7100000000000004 2.2699999999999996 -4.989792745640354e-7
1.7100000000000004 2.34 -3.848677335212424e-7
1.7100000000000004 2.41 9.678459646320517e-8
1.7100000000000004 2.4800000000000004 1.080323539684283e-6
1.7100000000000004 2.55 2.5015183507038424e-6
1.7100000000000004 2.62 4.118094136713481e-6
1.7100000000000004 2.6900000000000004 5.835903123590184e-6
1.7100000000000004 2.7600000000000007 8.10860717947746e-6
1.7100000000000004 2.8299999999999996 1.1831927685462363e-5
1.7100000000000004 2.9 1.739832617338874e-5
1.7100000000000004 2.9699999999999998 2.354919802140146e-5
1.7100000000000004 3.0399999999999996 2.7480066559027117e-5
1.7100000000000004 3.11 2.683090758509829e-5
1.7100000000000004 3.18 2.1873276168697962e-5
1.7100000000000004 3.25 1.5379274894762057e-5
1.7100000000000004 3.32 1.0187397520196377e-5
1.7100000000000004 3.39 7.1907364521194885e-6
1.7100000000000004 3.4600000000000004 5.577657840656723e-6
1.7100000000000004 3.5300000000000002 4.309862054988958e-6
1.7100000000000004 3.6 3.006429340357876e-6
1.7100000000000004 3.670000000000001 1.8094413570034879e-6
1.7100000000000004 3.7399999999999993 9.257858733802925e-7
1.7100000000000004 3.8099999999999996 4.002896165568042e-7
1.7100000000000004 3.88 1.453961962853729e-7
1.7100000000000004 3.95 4.4000108049086444e-8
1.7100000000000004 4.02 1.0978058293261758e-8
1.7100000000000004 4.09 2.2313659830498966e-9
1.7100000000000004 4.16 3.647708524068318e-10
1.7100000000000004 4.23 4.732488503416536e-11
1.7800000000000002 1.6400000000000001 -3.368945444986796e-9
1.7800000000000002 1.7100000000000004 -1.2134739540692982e-8
1.7800000000000002 1.7800000000000002 -3.679943077237597e-8
1.7800000000000002 1.85 -9.415921864641536e-8
1.7800000000000002 1.9200000000000004 -2.049171455524006e-7
1.7800000000000002 1.9899999999999995 -3.8516652431742786e-7
1.7800000000000002 2.0599999999999996 -6.389046644194321e-7
1.7800000000000002 2.13 -9.535160316506122e-7
1.7800000000000002 2.2 -1.2765667636455634e-6
1.7800000000000002 2.2699999999999996 -1.444300479490577e-6
1.7800000000000002 2.34 -1.092785327323869e-6
1.7800000000000002 2.41 3.094878113413833e-7
1.7800000000000002 2.4800000000000004 3.171104951669057e-6
1.7800000000000002 2.55 7.386166141842215e-6
1.7800000000000002 2.62 1.2419772768775833e-5
1.7800000000000002 2.6900000000000004 1.8321202608915163e-5
1.7800000000000002 2.7600000000000007 2.699777229838451e-5
1.7800000000000002 2.8299999999999996 4.18417434140701e-5
1.7800000000000002 2.9 6.437739363000649e-5
1.7800000000000002 2.9699999999999998 8.995264139832448e-5
1.7800000000000002 3.0399999999999996 0.00010782816862933735
1.7800000000000002 3.11 0.00010842373704107821
1.7800000000000002 3.18 9.177905637406361e-5
1.7800000000000002 3.25 6.763999603023096e-5
1.7800000000000002 3.32 4.671049771586671e-5
1.7800000000000002 3.39 3.301764344292833e-5
1.7800000000000002 3.4600000000000004 2.4405963443897244e-5
1.7800000000000002 3.5300000000000002 1.765997616242343e-5
1.7800000000000002 3.6 1.1603727099879548e-5
1.7800000000000002 3.670000000000001 6.643356629796339e-6
1.7800000000000002 3.7399999999999993 3.2594762859371845e-6
1.7800000000000002 3.8099999999999996 1.360319389228182e-6
1.7800000000000002 3.88 4.797723352561604e-7
1.7800000000000002 3.95 1.4179487948437936e-7
1.7800000000000002 4.02 3.474196318633645e-8
1.7800000000000002 4.09 6.969446614406232e-9
1.7800000000000002 4.16 1.1293029826229331e-9
1.7800000000000002 4.23 1.4573156616522918e-10
1.85 1.6400000000000001 -8.677116255441282e-9
1.85 1.7100000000000004 -3.124588369108554e-8
1.85 1.7800000000000002 -9.47167779510189e-8
1.85 1.85 -2.4210489429207617e-7
1.85 1.9200000000000004 -5.255213307959308e-7
1.85 1.9899999999999995 -9.820868948342696e-7
1.85 2.0599999999999996 -1.6112291933519545e-6
1.85 2.13 -2.362716709983857e-6
1.85 2.2 -3.0893850268028205e-6
1.85 2.2699999999999996 -3.3924398643663757e-6
1.85 2.34 -2.4145973050324003e-6
1.85 2.41 1.117186145020139e-6
1.85 2.4800000000000004 8.27776605326206e-6
1.85 2.55 1.9098672193231808e-5
1.85 2.62 3.2893224960029946e-5
1.85 2.6900000000000004 5.097944617524974e-5
1.85 2.7600000000000007 8.016807654889408e-5
1.85 2.8299999999999996 0.00013160605529555886
1.85 2.9 0.00021050293802370154
1.85 2.9699999999999998 0.0003021909092175885
1.85 3.0399999999999996 0.0003713485819797829
1.85 3.11 0.00038448038454533473
1.85 3.18 0.0003379873715787718
1.85 3.25 0.0002606380510834116
1.85 3.32 0.0001870419315157987
1.85 3.39 0.00013282764491628647
1.85 3.4600000000000004 9.457200014241302e-5
1.85 3.5300000000000002 6.45686969966573e-5
1.85 3.6 3.9999739052553416e-5
1.85 3.670000000000001 2.1707363344704883e-5
1.85 3.7399999999999993 1.014968031790343e-5
1.85 3.8099999999999996 4.05594744917586e-6
1.85 3.88 1.3764857301648222e-6
1.85 3.95 3.936438663871368e-7
1.85 4.02 9.389871894603708e-8
1.85 4.09 1.8452370997948845e-8
1.85 4.16 2.9458158362153387e-9
1.85 4.23 3.763854267546312e-10
1.9200000000000004 1.6400000000000001 -1.8248554460557668e-8
1.9200000000000004 1.7100000000000004 -6.565464165696901e-8
1.9200000000000004 1.7800000000000002 -1.9888814822743659e-7
1.9200000000000004 1.85 -5.079271081883441e-7
1.9200000000000004 1.9200000000000004 -1.100312504395849e-6
1.9200000000000004 1.9899999999999995 -2.0463676010101793e-6
1.9200000000000004 2.0599999999999996 -3.323407343547735e-6
1.9200000000000004 2.13 -4.785698944643158e-6
1.9200000000000004 2.2 -6.082525483206539e-6
1.9200000000000004 2.2699999999999996 -6.382205982426873e-6
1.9200000000000004 2.34 -3.969495898688185e-6
1.9200000000000004 2.41 3.7629852108915523e-6
1.9200000000000004 2.4800000000000004 1.9320522859555394e-5
1.9200000000000004 2.55 4.373031134217146e-5
1.9200000000000004 2.62 7.764228769085872e-5
1.9200000000000004 2.6900000000000004 0.00012770074467780365
1.9200000000000004 2.7600000000000007 0.0002147196771293333
1.9200000000000004 2.8299999999999996 0.0003704527204989522
1.9200000000000004 2.9 0.000610371392789138
1.9200000000000004 2.9699999999999998 0.0008948874417997488
1.9200000000000004 3.0399999999999996 0.0011241046402079712
1.9200000000000004 3.11 0.0011970525818758594
1.9200000000000004 3.18 0.0010914256586149692
1.9200000000000004 3.25 0.0008776132430495159
1.9200000000000004 3.32 0.0006515042261313367
1.9200000000000004 3.39 0.0004654883824635074
1.9200000000000004 3.4600000000000004 0.000322339779058406
1.9200000000000004 3.5300000000000002 0.00020980590241935458
1.9200000000000004 3.6 0.00012328785100981096
1.9200000000000004 3.670000000000001 6.353910603965616e-5
1.9200000000000004 3.7399999999999993 2.826866377273015e-5
1.9200000000000004 3.8099999999999996 1.0767391950084466e-5
1.9200000000000004 3.88 3.490788647270769e-6
1.9200000000000004 3.95 9.570728230133563e-7
1.9200000000000004 4.02 2.2001063689388308e-7
1.9200000000000004 4.09 4.1932718217581593e-8
1.9200000000000004 4.16 6.537101846139187e-9
1.9200000000000004 4.23 8.20936159341413e-10
1.9899999999999995 1.6400000000000001 -3.085710477724441e-8
1.9899999999999995 1.7100000000000004 -1.1082302167946157e-7
1.9899999999999995 1.7800000000000002 -3.354036453774576e-7
1.9899999999999995 1.85 -8.562087084243754e-7
1.9899999999999995 1.9200000000000004 -1.8534787277282035e-6
1.9899999999999995 1.9899999999999995 -3.4376899770212407e-6
1.9899999999999995 2.0599999999999996 -5.539323779650459e-6
1.9899999999999995 2.13 -7.838884548203628e-6
1.9899999999999995 2.2 -9.635736319739591e-6
1.9899999999999995 2.2699999999999996 -9.432037198598401e-6
1.9899999999999995 2.34 -4.2605988352233165e-6
1.9899999999999995 2.41 1.056671474035486e-5
1.9899999999999995 2.4800000000000004 4.0408380467660676e-5
1.9899999999999995 2.55 8.994450450002797e-5
1.9899999999999995 2.62 0.00016645210246267814
1.9899999999999995 2.6900000000000004 0.000292924846784224
1.9899999999999995 2.7600000000000007 0.0005243793060315675
1.9899999999999995 2.8299999999999996 0.0009394523860760232
1.9899999999999995 2.9 0.0015776565615319162
1.9899999999999995 2.9699999999999998 0.002346583308632668
1.9899999999999995 3.0399999999999996 0.003001939768539185
1.9899999999999995 3.11 0.0032802097938647535
1.9899999999999995 3.18 0.003092934662496803
1.9899999999999995 3.25 0.0025803618123839992
1.9899999999999995 3.32 0.001970861542421529
1.9899999999999995 3.39 0.0014167377056226009
1.9899999999999995 3.4600000000000004 0.0009615531584204694
1.9899999999999995 3.5300000000000002 0.0006030172564169984
1.9899999999999995 3.6 0.0003392218737528668
1.9899999999999995 3.670000000000001 0.00016713909857385173
1.9899999999999995 3.7399999999999993 7.105161031172349e-5
1.9899999999999995 3.8099999999999996 2.583035073107879e-5
1.9899999999999995 3.88 7.983654124107998e-6
1.9899999999999995 3.95 2.086774083531005e-6
1.9899999999999995 4.02 4.58268274003325e-7
1.9899999999999995 4.09 8.38081912546292e-8
1.9899999999999995 4.16 1.2615271924140166e-8
1.9899999999999995 4.23 1.5406976670739981e-9
2.0599999999999996 1.6400000000000001 -4.098095510167437e-8
2.0599999999999996 1.7100000000000004 -1.4668983282046825e-7
2.0599999999999996 1.7800000000000002 -4.4335047884692696e-7
2.0599999999999996 1.85 -1.1324231491229883e-6
2.0599999999999996 1.9200000000000004 -2.4560966616151756e-6
2.0599999999999996 1.9899999999999995 -4.562157144046113e-6
2.0599999999999996 2.0599999999999996 -7.3313035121359755e-6
2.0599999999999996 2.13 -1.0232937566717257e-5
2.0599999999999996 2.2 -1.2107645045423562e-5
2.0599999999999996 2.2699999999999996 -1.0596105613280221e-5
2.0599999999999996 2.34 -1.110635740302915e-6
2.0599999999999996 2.41 2.409445984418071e-5
2.0599999999999996 2.4800000000000004 7.592103450213086e-5
2.0599999999999996 2.55 0.00016909626433734648
2.0599999999999996 2.62 0.00033074024679441546
2.0599999999999996 2.6900000000000004 0.000624526841375048
2.0599999999999996 2.7600000000000007 0.0011780467245323162
2.0599999999999996 2.8299999999999996 0.002161873455997238
2.0599999999999996 2.9 0.0036620963132963924
2.0599999999999996 2.9699999999999998 0.0054882787095889155
2.0599999999999996 3.0399999999999996 0.007117848442511366
2.0599999999999996 3.11 0.007950519224056379
2.0599999999999996 3.18 0.007717072919405509
2.0599999999999996 3.25 0.006638489369526027
2.0599999999999996 3.32 0.0051865577173455316
2.0599999999999996 3.39 0.0037473581094373373
2.0599999999999996 3.4600000000000004 0.002506754041381327
2.0599999999999996 3.5300000000000002 0.0015287299900112008
2.0599999999999996 3.6 0.0008313148629600309
2.0599999999999996 3.670000000000001 0.000395189145549971
2.0599999999999996 3.7399999999999993 0.0001618760262282672
2.0599999999999996 3.8099999999999996 5.657874114407479e-5
2.0599999999999996 3.88 1.6759230141042095e-5
2.0599999999999996 3.95 4.18436516832393e-6
2.0599999999999996 4.02 8.758749722954311e-7
2.0599999999999996 4.09 1.526914124885014e-7
2.0599999999999996 4.16 2.197140882746452e-8
2.0599999999999996 4.23 2.5787124354253858e-9
2.13 1.6400000000000001 -4.073775050526145e-8
2.13 1.7100000000000004 -1.4476271964610185e-7
2.13 1.7800000000000002 -4.364142127805365e-7
2.13 1.85 -1.1178009840658211e-6
2.13 1.9200000000000004 -2.4438766248009822e-6
2.13 1.9899999999999995 -4.59217574553892e-6
2.13 2.0599999999999996 -7.455463617571339e-6
2.13 2.13 -1.0389751319880284e-5
2.13 2.2 -1.182524330591545e-5
2.13 2.2699999999999996 -8.444991415835047e-6
2.13 2.34 6.423656829150342e-6
2.13 2.41 4.5243081442879744e-5
2.13 2.4800000000000004 0.00012952170789699147
2.13 2.55 0.00029675129118308745
2.13 2.62 0.0006202965784409653
2.13 2.6900000000000004 0.0012501183753576505
2.13 2.7600000000000007 0.0024504556996333584
2.13 2.8299999999999996 0.0045496043278058906
2.13 2.9 0.007706529398043147
2.13 2.9699999999999998 0.01156302265231612
2.13 3.0399999999999996 0.015122358980625914
2.13 3.11 0.01717570692462943
2.13 3.18 0.01705549501394562
2.13 3.25 0.015020911970061508
2.13 3.32 0.011932838447819281
2.13 3.39 0.00865133720851213
2.13 3.4600000000000004 0.005725196206373141
2.13 3.5300000000000002 0.0034198502685870826
2.13 3.6 0.0018131607424273237
2.13 3.670000000000001 0.0008392003801425054
2.13 3.7399999999999993 0.0003344586215500153
2.13 3.8099999999999996 0.00011357157058618248
2.13 3.88 3.25909908027637e-5
2.13 3.95 7.851637408017953e-6
2.13 4.02 1.57874605259864e-6
2.13 4.09 2.633456454203465e-7
2.13 4.16 3.617837957080564e-8
2.13 4.23 4.055025508985213e-9
2.2 1.6400000000000001 -2.6049890445792186e-8
2.2 1.7100000000000004 -9.042452124274823e-8
2.2 1.7800000000000002 -2.70226060064003e-7
2.2 1.85 -6.988147542738904e-7
2.2 1.9200000000000004 -1.5737364532199135e-6
2.2 1.9899999999999995 -3.0992414031228984e-6
2.2 2.0599999999999996 -5.315041203179067e-6
2.2 2.13 -7.730569208827576e-6
2.2 2.2 -8.623619325604964e-6
2.2 2.2699999999999996 -3.669220895495351e-6
2.2 2.34 1.682906293112578e-5
2.2 2.41 7.324958189979959e-5
2.2 2.4800000000000004 0.00020656731135823068
2.2 2.55 0.0004985887328509231
2.2 2.62 0.001113456716889683
2.2 2.6900000000000004 0.002362336970312167
2.2 2.7600000000000007 0.004743354111797671
2.2 2.8299999999999996 0.008827495600586668
2.2 2.9 0.014861218197735355
2.2 2.9699999999999998 0.022202993729215574
2.2 3.0399999999999996 0.029111261362822667
2.2 3.11 0.033396552051681516
2.2 3.18 0.03366780037491526
2.2 3.25 0.030117403637276337
2.2 3.32 0.024176858201952804
2.2 3.39 0.017548152579426855
2.2 3.4600000000000004 0.011512869824516367
2.2 3.5300000000000002 0.006770967626770544
2.2 3.6 0.0035234684191166204
2.2 3.670000000000001 0.0015997779300916878
2.2 3.7399999999999993 0.000625721152056681
2.2 3.8099999999999996 0.00020855536307559931
2.2 3.88 5.8697440493148295e-5
2.2 3.95 1.3840972706308093e-5
2.2 4.02 2.7150163235759306e-6
2.2 4.09 4.399334121489169e-7
2.2 4.16 5.8437961349392185e-8
2.2 4.23 6.30680482679969e-9
2.2699999999999996 1.6400000000000001 -5.068244637883944e-10
2.2699999999999996 1.7100000000000004 3.4041319414203703e-9
2.2699999999999996 1.7800000000000002 1.719200783201735e-8
2.2699999999999996 1.85 3.331647187387019e-8
2.2699999999999996 1.9200000000000004 -2.506554225898928e-8
2.2699999999999996 1.9899999999999995 -3.804101084189423e-7
2.2699999999999996 2.0599999999999996 -1.3538946074523333e-6
2.2699999999999996 2.13 -2.9139888310912994e-6
2.2699999999999996 2.2 -3.470353892335886e-6
2.2699999999999996 2.2699999999999996 2.6305247869099615e-6
2.2699999999999996 2.34 3.012869523419863e-5
2.2699999999999996 2.41 0.0001130118302938761
2.2699999999999996 2.4800000000000004 0.00032550309441752067
2.2699999999999996 2.55 0.0008254227678322134
2.2699999999999996 2.62 0.0019330118515823566
2.2699999999999996 2.6900000000000004 0.004230753333317003
2.2699999999999996 2.7600000000000007 0.008588800567327234
2.2699999999999996 2.8299999999999996 0.015924730409466188
2.2699999999999996 2.9 0.026552062908771722
2.2699999999999996 2.9699999999999998 0.03933575529603697
2.2699999999999996 3.0399999999999996 0.0513972417783301
2.2699999999999996 3.11 0.05909351841248074
2.2699999999999996 3.18 0.059938978279676286
2.2699999999999996 3.25 0.05397846311210177
2.2699999999999996 3.32 0.04348535978600058
2.2699999999999996 3.39 0.03149458303276926
2.2699999999999996 3.4600000000000004 0.020495921069253038
2.2699999999999996 3.5300000000000002 0.01190750583574688
2.2699999999999996 3.6 0.006111165212469429
2.2699999999999996 3.670000000000001 0.002737593114776804
2.2699999999999996 3.7399999999999993 0.0010580437294349509
2.2699999999999996 3.8099999999999996 0.0003491169826684079
2.2699999999999996 3.88 9.743893938473453e-5
2.2699999999999996 3.95 2.2810166677062265e-5
2.2699999999999996 4.02 4.442792799549875e-6
2.2699999999999996 4.09 7.140200634610521e-7
2.2699999999999996 4.16 9.382621730387223e-8
2.2699999999999996 4.23 9.975932033618719e-9
2.34 1.6400000000000001 3.191269814931865e-8
2.34 1.7100000000000004 1.2337061448249432e-7
2.34 1.7800000000000002 3.894512334405234e-7
2.34 1.85 1.0004492642113622e-6
2.34 1.9200000000000004 2.0793662205811402e-6
2.34 1.9899999999999995 3.463241106430875e-6
2.34 2.0599999999999996 4.572976124805408e-6
2.34 2.13 4.966197455204481e-6
2.34 2.2 6.355760645428899e-6
2.34 2.2699999999999996 1.710644473118853e-5
2.34 2.34 6.101962117890916e-5
2.34 2.41 0.0001947140556710882
2.34 2.4800000000000004 0.0005447063323710896
2.34 2.55 0.0013859820200721586
2.34 2.62 0.003279618007469649
2.34 2.6900000000000004 0.007225748645448789
2.34 2.7600000000000007 0.014652981368839302
2.34 2.8299999999999996 0.02695576847384551
2.34 2.9 0.04443901342317573
2.34 2.9699999999999998 0.06509239898519098
2.34 3.0399999999999996 0.08428108767606671
2.34 3.11 0.09630491179517052
2.34 3.18 0.09729600494996593
2.34 3.25 0.0873239126883917
2.34 3.32 0.07002448299136603
2.34 3.39 0.050362752313717306
2.34 3.4600000000000004 0.03247118915203443
2.34 3.5300000000000002 0.018666777161170746
2.34 3.6 0.009482354761757836
2.34 3.670000000000001 0.004211749746712941
2.34 3.7399999999999993 0.001618698801676348
2.34 3.8099999999999996 0.0005331554470802102
2.34 3.88 0.0001491910255175462
2.34 3.95 3.517643690721622e-5
2.34 4.02 6.929526736359916e-6
2.34 4.09 1.1297787902115133e-6
2.34 4.16 1.507689021756279e-7
2.34 4.23 1.625521092703766e-8
2.41 1.6400000000000001 8.559173882746713e-8
2.41 1.7100000000000004 3.2473439797047803e-7
2.41 1.7800000000000002 1.0249068455920888e-6
2.41 1.85 2.6907416461580928e-6
2.41 1.9200000000000004 5.894460610891559e-6
2.41 1.9899999999999995 1.0869757577947845e-5
2.41 2.0599999999999996 1.7255056574772204e-5
2.41 2.13 2.5012056005577834e-5
2.41 2.2 3.7889259658456584e-5
2.41 2.2699999999999996 7.097702121052865e-5
2.41 2.34 0.000164744320097903
2.41 2.41 0.00041187242245591636
2.41 2.4800000000000004 0.0010154573846735881
2.41 2.55 0.0024159115961639756
2.41 2.62 0.005513307218938596
2.41 2.6900000000000004 0.011900992570527118
2.41 2.7600000000000007 0.023802611004904686
2.41 2.8299999999999996 0.04326125493934575
2.41 2.9 0.0704414153765729
2.41 2.9699999999999998 0.10183171139842973
2.41 3.0399999999999996 0.13005315059832007
2.41 3.11 0.1465328762641233
2.41 3.18 0.14594634172791254
2.41 3.25 0.12912058091252432
2.41 3.32 0.10207768877001962
2.41 3.39 0.072426015513644
2.41 3.4600000000000004 0.046134001597406216
2.41 3.5300000000000002 0.026264342685592433
2.41 3.6 0.013257006332486958
2.41 3.670000000000001 0.0058767720158989815
2.41 3.7399999999999993 0.0022668335025009673
2.41 3.8099999999999996 0.0007544825814680551
2.41 3.88 0.00021501444453334693
2.41 3.95 5.2049099986226265e-5
2.41 4.02 1.0603387650868916e-5
2.41 4.09 1.7969860296983288e-6
2.41 4.16 2.4977246444034526e-7
2.41 4.23 2.8003479112209876e-8
2.4800000000000004 1.6400000000000001 2.1116822588236377e-7
2.4800000000000004 1.7100000000000004 7.977948079526144e-7
2.4800000000000004 1.7800000000000002 2.5279663461101493e-6
2.4800000000000004 1.85 6.739066197368794e-6
2.4800000000000004 1.9200000000000004 1.5249368971901676e-5
2.4800000000000004 1.9899999999999995 2.9822285155034337e-5
2.4800000000000004 2.0599999999999996 5.2055391243237964e-5
2.4800000000000004 2.13 8.546126400895879e-5
2.4800000000000004 2.2 0.00014156301257348838
2.4800000000000004 2.2699999999999996 0.0002515388205849837
2.4800000000000004 2.34 0.00048625629434746845
2.4800000000000004 2.41 0.0009940543498335637
2.4800000000000004 2.4800000000000004 0.0020847302584843
2.4800000000000004 2.55 0.004417015029236482
2.4800000000000004 2.62 0.009331187296622028
2.4800000000000004 2.6900000000000004 0.019197849336674323
2.4800000000000004 2.7600000000000007 0.03730214225568372
2.4800000000000004 2.8299999999999996 0.06655140432978758
2.4800000000000004 2.9 0.10680917115299646
2.4800000000000004 2.9699999999999998 0.15220185857516919
2.4800000000000004 3.0399999999999996 0.19119398909802116
2.4800000000000004 3.11 0.21123311221547125
2.4800000000000004 3.18 0.2056914697901892
2.4800000000000004 3.25 0.17760141381308925
2.4800000000000004 3.32 0.13707648149481041
2.4800000000000004 3.39 0.09524199141364839
2.4800000000000004 3.4600000000000004 0.059741716558423676
2.4800000000000004 3.5300000000000002 0.03374024903091957
2.4800000000000004 3.6 0.017038371234660406
2.4800000000000004 3.670000000000001 0.007627084640308003
2.4800000000000004 3.7399999999999993 0.003001127373601168
2.4800000000000004 3.8099999999999996 0.0010300156533812443
2.4800000000000004 3.88 0.0003058935754791201
2.4800000000000004 3.95 7.784695252882555e-5
2.4800000000000004 4.02 1.6763648792950718e-5
2.4800000000000004 4.09 3.0066459998484727e-6
2.4800000000000004 4.16 4.409723388629708e-7
2.4800000000000004 4.23 5.18495250893308e-8
2.55 1.6400000000000001 4.985797238602798e-7
2.55 1.7100000000000004 1.8823751563890292e-6
2.55 1.7800000000000002 5.998184518686394e-6
2.55 1.85 1.6220398013421792e-5
2.55 1.9200000000000004 3.7700409957233594e-5
2.55 1.9899999999999995 7.701986013565843e-5
2.55 2.0599999999999996 0.00014301143276892315
2.55 2.13 0.00025154921028792656
2.55 2.2 0.00043582734450550156
2.55 2.2699999999999996 0.0007621938033606431
2.55 2.34 0.0013550154947463396
2.55 2.41 0.002445993720785138
2.55 2.4800000000000004 0.004488979600518525
2.55 2.55 0.008416752598273168
2.55 2.62 0.016097456893271703
2.55 2.6900000000000004 0.03082376370490946
2.55 2.7600000000000007 0.05716073494367653
2.55 2.8299999999999996 0.09907557300368885
2.55 2.9 0.15597338545939962
2.55 2.9699999999999998 0.21869692225681167
2.55 3.0399999999999996 0.2699548517530754
2.55 3.11 0.2919261483888534
2.55 3.18 0.27692540824052764
2.55 3.25 0.2320736302833114
2.55 3.32 0.17375508869989967
2.55 3.39 0.11762054384197189
2.55 3.4600000000000004 0.0725738909564016
2.55 3.5300000000000002 0.04086561897729399
2.55 3.6 0.02089129560970209
2.55 3.670000000000001 0.009612569594383573
2.55 3.7399999999999993 0.0039425164991373565
2.55 3.8099999999999996 0.001426545834622628
2.55 3.88 0.00044992488973717774
2.55 3.95 0.00012186521788575994
2.55 4.02 2.7849537201084127e-5
2.55 4.09 5.265633897771587e-6
2.55 4.16 8.071991235107146e-7
2.55 4.23 9.833271316506207e-8
2.62 1.6400000000000001 1.0703162013089758e-6
2.62 1.7100000000000004 4.052524301737363e-6
2.62 1.7800000000000002 1.3035567544136716e-5
2.62 1.85 3.588363298336831e-5
2.62 1.9200000000000004 8.57871775856772e-5
2.62 1.9899999999999995 0.00018231395469211155
2.62 2.0599999999999996 0.00035498444344160394
2.62 2.13 0.0006530541197520359
2.62 2.2 0.0011609801277563418
2.62 2.2699999999999996 0.0020159525011604184
2.62 2.34 0.003433165356950761
2.62 2.41 0.005766851236295569
2.62 2.4800000000000004 0.009662564942126188
2.62 2.55 0.016382729757521624
2.62 2.62 0.028365980161645227
2.62 2.6900000000000004 0.04983737790437563
2.62 2.7600000000000007 0.08663774232651421
2.62 2.8299999999999996 0.14377966373964265
2.62 2.9 0.2200303617136309
2.62 2.9699999999999998 0.30230546007371145
2.62 3.0399999999999996 0.36642178883962306
2.62 3.11 0.38833764261597586
2.62 3.18 0.35954087316776673
2.62 3.25 0.2928436185483494
2.62 3.32 0.2127952982911491
2.62 3.39 0.14044442119948963
2.62 3.4600000000000004 0.08552778415712949
2.62 3.5300000000000002 0.04840813512294164
2.62 3.6 0.025375474152667176
2.62 3.670000000000001 0.01217910683606404
2.62 3.7399999999999993 0.00527061323280151
2.62 3.8099999999999996 0.002021799335021499
2.62 3.88 0.0006749141574274723
2.62 3.95 0.00019225778831872314
2.62 4.02 4.580291408746915e-5
2.62 4.09 8.945763150319036e-6
2.62 4.16 1.4050991100205247e-6
2.62 4.23 1.7425015011178318e-7
2.6900000000000004 1.6400000000000001 2.0976826214848745e-6
2.6900000000000004 1.7100000000000004 7.994848037613038e-6
2.6900000000000004 1.7800000000000002 2.6054329221970915e-5
2.6900000000000004 1.85 7.320743773972624e-5
2.6900000000000004 1.9200000000000004 0.00018004274860151289
2.6900000000000004 1.9899999999999995 0.00039604411266220223
2.6900000000000004 2.0599999999999996 0.0007991246219552005
2.6900000000000004 2.13 0.0015130398891385587
2.6900000000000004 2.2 0.0027276874109478247
2.6900000000000004 2.2699999999999996 0.004712942666958125
2.6900000000000004 2.34 0.007837425840697741
2.6900000000000004 2.41 0.012641634805694298
2.6900000000000004 2.4800000000000004 0.020031697768405136
2.6900000000000004 2.55 0.0316471393822932
2.6900000000000004 2.62 0.0504344597146333
2.6900000000000004 2.6900000000000004 0.08127493694775581
2.6900000000000004 2.7600000000000007 0.13080083953293353
2.6900000000000004 2.8299999999999996 0.2045539057965454
2.6900000000000004 2.9 0.3003499835802484
2.6900000000000004 2.9699999999999998 0.40116024317767085
2.6900000000000004 3.0399999999999996 0.47608313682745845
2.6900000000000004 3.11 0.49510963301190564
2.6900000000000004 3.18 0.4493033440887952
2.6900000000000004 3.25 0.35779423142697525
2.6900000000000004 3.32 0.2539174853901408
2.6900000000000004 3.39 0.16432934468126928
2.6900000000000004 3.4600000000000004 0.0992910379108695
2.6900000000000004 3.5300000000000002 0.05676698483986069
2.6900000000000004 3.6 0.030607161377914714
2.6900000000000004 3.670000000000001 0.015297024190876293
2.6900000000000004 3.7399999999999993 0.006923304039797397
2.6900000000000004 3.8099999999999996 0.0027706420141652525
2.6900000000000004 3.88 0.0009585688099472564
2.6900000000000004 3.95 0.0002807300136393478
2.6900000000000004 4.02 6.8232360540833e-5
2.6900000000000004 4.09 1.3509974527683474e-5
2.6900000000000004 4.16 2.1411457985792977e-6
2.6900000000000004 4.23 2.670937614734478e-7
2.7600000000000007 1.6400000000000001 3.871789079519419e-6
2.7600000000000007 1.7100000000000004 1.489217186906588e-5
2.7600000000000007 1.7800000000000002 4.919988830679022e-5
2.7600000000000007 1.85 0.0001407887297735282
2.7600000000000007 1.9200000000000004 0.00035392736957742376
2.7600000000000007 1.9899999999999995 0.0007967363350990253
2.7600000000000007 2.0599999999999996 0.0016403844684777962
2.7600000000000007 2.13 0.0031463367752473962
2.7600000000000007 2.2 0.005691008656511707
2.7600000000000007 2.2699999999999996 0.00977247221157084
2.7600000000000007 2.34 0.016019509207384167
2.7600000000000007 2.41 0.02527671440356163
2.7600000000000007 2.4800000000000004 0.03882421088970216
2.7600000000000007 2.55 0.058702748525758575
2.7600000000000007 2.62 0.08811404167918589
2.7600000000000007 2.6900000000000004 0.13187077963247792
2.7600000000000007 2.7600000000000007 0.1962169364709962
2.7600000000000007 2.8299999999999996 0.28599261985633256
2.7600000000000007 2.9 0.39750569282426995
2.7600000000000007 2.9699999999999998 0.5105365802557523
2.7600000000000007 3.0399999999999996 0.5894456350613797
2.7600000000000007 3.11 0.6004125795002114
2.7600000000000007 3.18 0.5351201505900725
2.7600000000000007 3.25 0.41856985317580586
2.7600000000000007 3.32 0.291704089063196
2.7600000000000007 3.39 0.1858460427316104
2.7600000000000007 3.4600000000000004 0.11142293018895931
2.7600000000000007 3.5300000000000002 0.06400761651358937
2.7600000000000007 3.6 0.03509527634060539
2.7600000000000007 3.670000000000001 0.017955046422663108
2.7600000000000007 3.7399999999999993 0.008321429591822256
2.7600000000000007 3.8099999999999996 0.0033973068348285653
2.7600000000000007 3.88 0.0011926818326627486
2.7600000000000007 3.95 0.00035259103323140284
2.7600000000000007 4.02 8.61399028013107e-5
2.7600000000000007 4.09 1.709119332900285e-5
2.7600000000000007 4.16 2.709236770013887e-6
2.7600000000000007 4.23 3.3774011803604867e-7
2.8299999999999996 1.6400000000000001 6.8946040905963225e-6
2.8299999999999996 1.7100000000000004 2.6763830355341212e-5
2.8299999999999996 1.7800000000000002 8.931648422949526e-5
2.8299999999999996 1.85 0.0002582910894946078
2.8299999999999996 1.9200000000000004 0.0006557818750564727
2.8299999999999996 1.9899999999999995 0.001487427627799566
2.8299999999999996 2.0599999999999996 0.0030725202806922364
2.8299999999999996 2.13 0.0058817954762553975
2.8299999999999996 2.2 0.01056986639755955
2.8299999999999996 2.2699999999999996 0.017982940135513333
2.8299999999999996 2.34 0.029167785345334003
2.8299999999999996 2.41 0.045464857039831184
2.8299999999999996 2.4800000000000004 0.06869743762161983
2.8299999999999996 2.55 0.1012868407983989
2.8299999999999996 2.62 0.14619804428841177
2.8299999999999996 2.6900000000000004 0.20697259815147556
2.8299999999999996 2.7600000000000007 0.2876404168055328
2.8299999999999996 2.8299999999999996 0.3905153094039168
2.8299999999999996 2.9 0.5096632972566116
2.8299999999999996 2.9699999999999998 0.6230585431189212
2.8299999999999996 3.0399999999999996 0.6938232912318255
2.8299999999999996 3.11 0.6882806293433431
2.8299999999999996 3.18 0.6007389273344599
2.8299999999999996 3.25 0.46109946832449855
2.8299999999999996 3.32 0.31525564878443724
2.8299999999999996 3.39 0.19699524044836994
2.8299999999999996 3.4600000000000004 0.11613205971247727
2.8299999999999996 3.5300000000000002 0.06601594024327515
2.8299999999999996 3.6 0.036090169225477135
2.8299999999999996 3.670000000000001 0.01850176046915641
2.8299999999999996 3.7399999999999993 0.00860294942868811
2.8299999999999996 3.8099999999999996 0.0035192040461257635
2.8299999999999996 3.88 0.001235174188344498
2.8299999999999996 3.95 0.0003642885314870047
2.8299999999999996 4.02 8.864735325040231e-5
2.8299999999999996 4.09 1.7503919569884196e-5
2.8299999999999996 4.16 2.7607868000880087e-6
2.8299999999999996 4.23 3.426312282105789e-7
2.9 1.6400000000000001 1.18438135208817e-5
2.9 1.7100000000000004 4.628807403244258e-5
2.9 1.7800000000000002 0.00015510534335105603
2.9 1.85 0.00044899805211389104
2.9 1.9200000000000004 0.0011369896336407884
2.9 1.9899999999999995 0.0025615286081802887
2.9 2.0599999999999996 0.005234177097978935
2.9 2.13 0.00988232456148217
2.9 2.2 0.017500616096649144
2.9 2.2699999999999996 0.02938472882980537
2.9 2.34 0.04716294885384484
2.9 2.41 0.07288270952810584
2.9 2.4800000000000004 0.10907292959307868
2.9 2.55 0.1584390977718714
2.9 2.62 0.22306459728169875
2.9 2.6900000000000004 0.30383079765792975
2.9 2.7600000000000007 0.4005884179952321
2.9 2.8299999999999996 0.5112861745051677
2.9 2.9 0.6271632936295343
2.9 2.9699999999999998 0.7261046241310812
2.9 3.0399999999999996 0.7740575775050264
2.9 3.11 0.7421915165866633
2.9 3.18 0.6300375621899839
2.9 3.25 0.4713897834465583
2.9 3.32 0.3137114234815071
2.9 3.39 0.19011990005916762
2.9 3.4600000000000004 0.1084238814598924
2.9 3.5300000000000002 0.05975058547581259
2.9 3.6 0.031877276157168476
2.9 3.670000000000001 0.016062411290268107
2.9 3.7399999999999993 0.007374992729912281
2.9 3.8099999999999996 0.0029849573705643196
2.9 3.88 0.0010370944915125426
2.9 3.95 0.00030278674530845133
2.9 4.02 7.294401478665431e-5
2.9 4.09 1.426480871790195e-5
2.9 4.16 2.230290968087241e-6
2.9 4.23 2.748116441847994e-7
2.9699999999999998 1.6400000000000001 1.9226371671422238e-5
2.9699999999999998 1.7100000000000004 7.539557529708896e-5
2.9699999999999998 1.7800000000000002 0.0002522954513239393
2.9699999999999998 1.85 0.0007257327888752367
2.9699999999999998 1.9200000000000004 0.001816874069291013
2.9699999999999998 1.9899999999999995 0.0040272071251557595
2.9699999999999998 2.0599999999999996 0.008065906943068898
2.9699999999999998 2.13 0.014901776977419635
2.9699999999999998 2.2 0.025851536026739664
2.9699999999999998 2.2699999999999996 0.04267239397618289
2.9699999999999998 2.34 0.0676337481749632
2.9699999999999998 2.41 0.10356220474255425
2.9699999999999998 2.4800000000000004 0.15368197822074386
2.9699999999999998 2.55 0.22076470665837902
2.9699999999999998 2.62 0.305466363231541
2.9699999999999998 2.6900000000000004 0.4050745510702764
2.9699999999999998 2.7600000000000007 0.5140704335354154
2.9699999999999998 2.8299999999999996 0.6250574201558388
2.9699999999999998 2.9 0.7264610176987532
2.9699999999999998 2.9699999999999998 0.797841913777872
2.9699999999999998 3.0399999999999996 0.8115133409758035
2.9699999999999998 3.11 0.7474254873710788
2.9699999999999998 3.18 0.6123217917521697
2.9699999999999998 3.25 0.44254663540617456
2.9699999999999998 3.32 0.28350335100892715
2.9699999999999998 3.39 0.16421678068806939
2.9699999999999998 3.4600000000000004 0.08889006836769064
2.9699999999999998 3.5300000000000002 0.046462522468704026
2.9699999999999998 3.6 0.02369939733790894
2.9699999999999998 3.670000000000001 0.011551336844955249
2.9699999999999998 3.7399999999999993 0.005178421815858577
2.9699999999999998 3.8099999999999996 0.0020573123433715052
2.9699999999999998 3.88 0.0007034197331006508
2.9699999999999998 3.95 0.00020235702236531111
2.9699999999999998 4.02 4.807946491069476e-5
2.9699999999999998 4.09 9.283431982400525e-6
2.9699999999999998 4.16 1.435484717412433e-6
2.9699999999999998 4.23 1.753768269659277e-7
3.0399999999999996 1.6400000000000001 2.874026166147118e-5
3.0399999999999996 1.7100000000000004 0.00011273321912578691
3.0399999999999996 1.7800000000000002 0.0003753565834328163
3.0399999999999996 1.85 0.0010685472757177854
3.0399999999999996 1.9200000000000004 0.002633124550122217
3.0399999999999996 1.9899999999999995 0.005716483128683189
3.0399999999999996 2.0599999999999996 0.011173361542877253
3.0399999999999996 2.13 0.020119503806231585
3.0399999999999996 2.2 0.03407300088126504
3.0399999999999996 2.2699999999999996 0.05512271193202913
3.0399999999999996 2.34 0.08602397904872908
3.0399999999999996 2.41 0.13014278766996085
3.0399999999999996 2.4800000000000004 0.1910416513043654
3.0399999999999996 2.55 0.2711928922770248
3.0399999999999996 2.62 0.3696801217231394
3.0399999999999996 2.6900000000000004 0.48040284713483394
3.0399999999999996 2.7600000000000007 0.5929219530430465
3.0399999999999996 2.8299999999999996 0.6950546677371866
3.0399999999999996 2.9 0.7732572528055062
3.0399999999999996 2.9699999999999998 0.810308131730462
3.0399999999999996 3.0399999999999996 0.7871187815779365
3.0399999999999996 3.11 0.6943196005962738
3.0399999999999996 3.18 0.5458715063080171
3.0399999999999996 3.25 0.37819501564705843
3.0399999999999996 3.32 0.23094233313363285
3.0399999999999996 3.39 0.1262164152146171
3.0399999999999996 3.4600000000000004 0.06375263574502972
3.0399999999999996 3.5300000000000002 0.03098764845281828
3.0399999999999996 3.6 0.014849243166553084
3.0399999999999996 3.670000000000001 0.0069252849018392685
3.0399999999999996 3.7399999999999993 0.003018022945975083
3.0399999999999996 3.8099999999999996 0.0011764435229736246
3.0399999999999996 3.88 0.00039637936779556655
3.0399999999999996 3.95 0.00011258468047325293
3.0399999999999996 4.02 2.6442678296459915e-5
3.0399999999999996 4.09 5.0540277667450954e-6
3.0399999999999996 4.16 7.752423533695559e-7
3.0399999999999996 4.23 9.427105277814408e-8
3.11 1.6400000000000001 3.878648003248659e-5
3.11 1.7100000000000004 0.00015177019717618398
3.11 1.7800000000000002 0.0005016872876687386
3.11 1.85 0.0014108126872125638
3.11 1.9200000000000004 0.0034169859361762164
3.11 1.9899999999999995 0.007257576195572325
3.11 2.0599999999999996 0.013831921189270112
3.11 2.13 0.024257618997420696
3.11 2.2 0.04006760320929615
3.11 2.2699999999999996 0.06343109584998416
3.11 2.34 0.09720757088095149
3.11 2.41 0.14472423202865956
3.11 2.4800000000000004 0.20918690546599067
3.11 2.55 0.29234333358603315
3.11 2.62 0.3921303182595529
3.11 2.6900000000000004 0.5006028896660889
3.11 2.7600000000000007 0.6046079118965878
3.11 2.8299999999999996 0.6892002907722593
3.11 2.9 0.7402785321286873
3.11 2.9699999999999998 0.7448101991974213
3.11 3.0399999999999996 0.6928375409489905
3.11 3.11 0.5850509833670491
3.11 3.18 0.44019628456600574
3.11 3.25 0.291109349973664
3.11 3.32 0.16850399469023644
3.11 3.39 0.08624602967274396
3.11 3.4600000000000004 0.04022011649734102
3.11 3.5300000000000002 0.01793598655700827
3.11 3.6 0.007989671893735359
3.11 3.670000000000001 0.003562020553418747
3.11 3.7399999999999993 0.001522248601889259
3.11 3.8099999999999996 0.0005904250573324494
3.11 3.88 0.00019916739900345464
3.11 3.95 5.6764106343653624e-5
3.11 4.02 1.3391871467679176e-5
3.11 4.09 2.5740124577305515e-6
3.11 4.16 3.977746712513101e-7
3.11 4.23 4.88642206048702e-8
3.18 1.6400000000000001 4.6703284370538656e-5
3.18 1.7100000000000004 0.00018186490151300835
3.18 1.7800000000000002 0.0005958745325208337
3.18 1.85 0.00165387086761054
3.18 1.9200000000000004 0.003936367824726051
3.18 1.9899999999999995 0.00818380285977097
3.18 2.0599999999999996 0.01522617378804723
3.18 2.13 0.026050352014315343
3.18 2.2 0.04203559408690878
3.18 2.2699999999999996 0.06515868532267051
3.18 2.34 0.09790831136543242
3.18 2.41 0.14286579345287476
3.18 2.4800000000000004 0.202135793463225
3.18 2.55 0.27648257818728633
3.18 2.62 0.3635854270535659
3.18 2.6900000000000004 0.4559264222553083
3.18 2.7600000000000007 0.5406411742696585
3.18 2.8299999999999996 0.6025842012222167
3.18 2.9 0.6284608049900235
3.18 2.9699999999999998 0.609540574036836
3.18 3.0399999999999996 0.5438322227888908
3.18 3.11 0.4393835947293786
3.18 3.18 0.31585683013321814
3.18 3.25 0.19898935745236113
3.18 3.32 0.10899329487099867
3.18 3.39 0.052164528221403064
3.18 3.4600000000000004 0.02240643625527737
3.18 3.5300000000000002 0.009136074759955084
3.18 3.6 0.0037881518535728036
3.18 3.670000000000001 0.0016375681805228994
3.18 3.7399999999999993 0.0007038218138286768
3.18 3.8099999999999996 0.0002795637897751868
3.18 3.88 9.709545755177952e-5
3.18 3.95 2.8500008140529566e-5
3.18 4.02 6.917893716747948e-6
3.18 4.09 1.366653971083678e-6
3.18 4.16 2.1686899758897287e-7
3.18 4.23 2.7324886657438083e-8
3.25 1.6400000000000001 4.975784169531951e-5
3.25 1.7100000000000004 0.000192432462133331
3.25 1.7800000000000002 0.0006242007926159499
3.25 1.85 0.0017091478968441975
3.25 1.9200000000000004 0.0039985464642324125
3.25 1.9899999999999995 0.008145821879496577
3.25 2.0599999999999996 0.014825954404897031
3.25 2.13 0.02482564921408157
3.25 2.2 0.03928607320499854
3.25 2.2699999999999996 0.05981194119969358
3.25 2.34 0.08817367195179718
3.25 2.41 0.12573307825028046
3.25 2.4800000000000004 0.1731209765495675
3.25 2.55 0.23021993235243782
3.25 2.62 0.29538790831198874
3.25 2.6900000000000004 0.36337872087649364
3.25 2.7600000000000007 0.4239291278774916
3.25 2.8299999999999996 0.4636566855067648
3.25 2.9 0.47094580199402963
3.25 2.9699999999999998 0.44070143197547446
3.25 3.0399999999999996 0.3765130569791093
3.25 3.11 0.2901100771389345
3.25 3.18 0.1985440538352369
3.25 3.25 0.11882592939335644
3.25 3.32 0.06150320883220576
3.25 3.39 0.027535738703889017
3.25 3.4600000000000004 0.010918482625261645
3.25 3.5300000000000002 0.004091768381512886
3.25 3.6 0.0016027845103478828
3.25 3.670000000000001 0.0006918624475082049
3.25 3.7399999999999993 0.0003092027618002444
3.25 3.8099999999999996 0.00012913196953316734
3.25 3.88 4.701140087278602e-5
3.25 3.95 1.4378224344390331e-5
3.25 4.02 3.616318876087053e-6
3.25 4.09 7.366514072640924e-7
3.25 4.16 1.1997494930606907e-7
3.25 4.23 1.5437225229544602e-8
3.32 1.6400000000000001 4.641837769518464e-5
3.32 1.7100000000000004 0.00017806134095964333
3.32 1.7800000000000002 0.0005714703698471137
3.32 1.85 0.0015436335604739942
3.32 1.9200000000000004 0.003551621115795553
3.32 1.9899999999999995 0.007098717937032874
3.32 2.0599999999999996 0.012669551426950797
3.32 2.13 0.02084642132482173
3.32 2.2 0.03252828842788506
3.32 2.2699999999999996 0.04890717270520739
3.32 2.34 0.07097610873874366
3.32 2.41 0.09890661674865274
3.32 2.4800000000000004 0.13208819046520448
3.32 2.55 0.16993836499537276
3.32 2.62 0.21197086428199768
3.32 2.6900000000000004 0.2557332592574552
3.32 2.7600000000000007 0.2942599535622866
3.32 2.8299999999999996 0.31675513728111565
3.32 2.9 0.3136606394575842
3.32 2.9699999999999998 0.2825238028807129
3.32 3.0399999999999996 0.22978463979119973
3.32 3.11 0.16749370613747924
3.32 3.18 0.10821020122290835
3.32 3.25 0.061060148291266964
3.32 3.32 0.029672932754885327
3.32 3.39 0.012353840006805906
3.32 3.4600000000000004 0.004495239865811777
3.32 3.5300000000000002 0.0015449730056447757
3.32 3.6 0.000581438744404696
3.32 3.670000000000001 0.0002605637697288252
3.32 3.7399999999999993 0.0001251034451097461
3.32 3.8099999999999996 5.568371879845877e-5
3.32 3.88 2.125581617220628e-5
3.32 3.95 6.727410471071173e-6
3.32 4.02 1.7339811606803857e-6
3.32 4.09 3.591666577037026e-7
3.32 4.16 5.907147778526656e-8
3.32 4.23 7.624109615712874e-9
3.39 1.6400000000000001 3.738404439732998e-5
3.39 1.7100000000000004 0.00014219218436866934
3.39 1.7800000000000002 0.0004515692691036667
3.39 1.85 0.0012038824192742098
3.39 1.9200000000000004 0.0027264674369150226
3.39 1.9899999999999995 0.005353948669475604
3.39 2.0599999999999996 0.009392648004255277
3.39 2.13 0.015249149418732148
3.39 2.2 0.023605350747685095
3.39 2.2699999999999996 0.035295664817342934
3.39 2.34 0.050738638273358845
3.39 2.41 0.06938863228944553
3.39 2.4800000000000004 0.09006319410563526
3.39 2.55 0.1121872018247788
3.39 2.62 0.13626370146607544
3.39 2.6900000000000004 0.16188143346654313
3.39 2.7600000000000007 0.1846882461910874
3.39 2.8299999999999996 0.19639135761753382
3.39 2.9 0.18957217109573504
3.39 2.9699999999999998 0.16352775225767963
3.39 3.0399999999999996 0.12532565172241317
3.39 3.11 0.08519323492453704
3.39 3.18 0.05112416269359305
3.39 3.25 0.026747661619047083
3.39 3.32 0.011973490512830313
3.39 3.39 0.0045052271010094175
3.39 3.4600000000000004 0.0014256054297583727
3.39 3.5300000000000002 0.000408504673486138
3.39 3.6 0.00013613521336427767
3.39 3.670000000000001 6.523135305258268e-5
3.39 3.7399999999999993 3.593828151912669e-5
3.39 3.8099999999999996 1.7741508866680623e-5
3.39 3.88 7.2195466274181835e-6
3.39 3.95 2.3699854905137978e-6
3.39 4.02 6.214695793202983e-7
3.39 4.09 1.2895821460451997e-7
3.39 4.16 2.0951020400371808e-8
3.39 4.23 2.633614400956468e-9
3.4600000000000004 1.6400000000000001 2.5603100890120367e-5
3.4600000000000004 1.7100000000000004 9.659149679800658e-5
3.4600000000000004 1.7800000000000002 0.00030372330477448765
3.4600000000000004 1.85 0.0007998531429518109
3.4600000000000004 1.9200000000000004 0.0017848687977029328
3.4600000000000004 1.9899999999999995 0.0034480634950231005
3.4600000000000004 2.0599999999999996 0.005958449702699846
3.4600000000000004 2.13 0.009580894494794092
3.4600000000000004 2.2 0.014800325699531398
3.4600000000000004 2.2699999999999996 0.022172564093574217
3.4600000000000004 2.34 0.03182637101471178
3.4600000000000004 2.41 0.043070345072373326
3.4600000000000004 2.4800000000000004 0.05482008743430577
3.4600000000000004 2.55 0.06679074827623575
3.4600000000000004 2.62 0.07994415193227626
3.4600000000000004 2.6900000000000004 0.09471712147773131
3.4600000000000004 2.7600000000000007 0.10826434759793829
3.4600000000000004 2.8299999999999996 0.11436028726778792
3.4600000000000004 2.9 0.1076137270714995
3.4600000000000004 2.9699999999999998 0.08838663584710378
3.4600000000000004 3.0399999999999996 0.06302712126550306
3.4600000000000004 3.11 0.03916823262239021
3.4600000000000004 3.18 0.021276557591786645
3.4600000000000004 3.25 0.010005985753985572
3.4600000000000004 3.32 0.003946085515972342
3.4600000000000004 3.39 0.0012161291918581362
3.4600000000000004 3.4600000000000004 0.0002358425016475057
3.4600000000000004 3.5300000000000002 -1.4311537519400381e-5
3.4600000000000004 3.6 -3.8266256199422696e-5
3.4600000000000004 3.670000000000001 -2.0754045689831975e-5
3.4600000000000004 3.7399999999999993 -7.500568983370005e-6
3.4600000000000004 3.8099999999999996 -1.958484668644672e-6
3.4600000000000004 3.88 -3.4493939363213856e-7
3.4600000000000004 3.95 -2.9513582351581355e-8
3.4600000000000004 4.02 1.7913253503746839e-9
3.4600000000000004 4.09 2.342747963587317e-10
3.4600000000000004 4.16 -3.0779409398876547e-10
3.4600000000000004 4.23 -1.252039106400303e-10
3.5300000000000002 1.6400000000000001 1.4729679758693457e-5
3.5300000000000002 1.7100000000000004 5.515374963905849e-5
3.5300000000000002 1.7800000000000002 0.00017184522124329311
3.5300000000000002 1.85 0.00044741298284709007
3.5300000000000002 1.9200000000000004 0.0009845945049296162
3.5300000000000002 1.9899999999999995 0.0018729222712590967
3.5300000000000002 2.0599999999999996 0.003192568708295036
3.5300000000000002 2.13 0.005099091788683556
3.5300000000000002 2.2 0.007901058528005721
3.5300000000000002 2.2699999999999996 0.011942956865694182
3.5300000000000002 2.34 0.017265196602540188
3.5300000000000002 2.41 0.02337903367434652
3.5300000000000002 2.4800000000000004 0.029632192121727973
3.5300000000000002 2.55 0.0360572950538569
3.5300000000000002 2.62 0.04359893443617308
3.5300000000000002 2.6900000000000004 0.052708502231211
3.5300000000000002 2.7600000000000007 0.061293422253475754
3.5300000000000002 2.8299999999999996 0.06479705430362083
3.5300000000000002 2.9 0.05957087997919344
3.5300000000000002 2.9699999999999998 0.04648649920404231
3.5300000000000002 3.0399999999999996 0.030576460752152233
3.5300000000000002 3.11 0.017041214019269613
3.5300000000000002 3.18 0.00811637831046779
3.5300000000000002 3.25 0.0032754580838574594
3.5300000000000002 3.32 0.0010416448370273947
3.5300000000000002 3.39 0.00017507094662304063
3.5300000000000002 3.4600000000000004 -7.989414688679972e-5
3.5300000000000002 3.5300000000000002 -0.00010955390995128529
3.5300000000000002 3.6 -7.918398363464728e-5
3.5300000000000002 3.670000000000001 -4.540707058373343e-5
3.5300000000000002 3.7399999999999993 -2.2079201537625225e-5
3.5300000000000002 3.8099999999999996 -9.189129904946707e-6
3.5300000000000002 3.88 -3.256695587372189e-6
3.5300000000000002 3.95 -9.741146427077787e-7
3.5300000000000002 4.02 -2.434016483947294e-7
3.5300000000000002 4.09 -5.0240597986789863e-8
3.5300000000000002 4.16 -8.460875504615116e-9
3.5300000000000002 4.23 -1.146396182047836e-9
3.6 1.6400000000000001 7.065387248462968e-6
3.6 1.7100000000000004 2.6275432806847753e-5
3.6 1.7800000000000002 8.117727343304308e-5
3.6 1.85 0.0002090808936324359
3.6 1.9200000000000004 0.0004539436703015313
3.6 1.9899999999999995 0.0008504232739614301
3.6 2.0599999999999996 0.001430398455073264
3.6 2.13 0.002272911868131022
3.6 2.2 0.003546434057540628
3.6 2.2699999999999996 0.005441828394042512
3.6 2.34 0.007990422301344498
3.6 2.41 0.010966556344282296
3.6 2.4800000000000004 0.01412913078307608
3.6 2.55 0.01769483219636961
3.6 2.62 0.022366931583574994
3.6 2.6900000000000004 0.028348135485947133
3.6 2.7600000000000007 0.03404105591202081
3.6 2.8299999999999996 0.036279320878841156
3.6 2.9 0.03276397216500495
3.6 2.9699999999999998 0.024431535111038714
3.6 3.0399999999999996 0.014873924684028718
3.6 3.11 0.00739290564728794
3.6 3.18 0.003022895474853898
3.6 3.25 0.0010110303863550894
3.6 3.32 0.00023967713330086364
3.6 3.39 -1.6344225936144317e-5
3.6 3.4600000000000004 -8.240283107050281e-5
3.6 3.5300000000000002 -8.135680517818843e-5
3.6 3.6 -5.96707148547681e-5
3.6 3.670000000000001 -3.636632981647804e-5
3.6 3.7399999999999993 -1.8796987027137625e-5
3.6 3.8099999999999996 -8.233271266572048e-6
3.6 3.88 -3.033728304661341e-6
3.6 3.95 -9.312481371974341e-7
3.6 4.02 -2.3558578354393042e-7
3.6 4.09 -4.85651876962856e-8
3.6 4.16 -8.063651619898136e-9
3.6 4.23 -1.0653532516982877e-9
3.670000000000001 1.6400000000000001 2.816401555017755e-6
3.670000000000001 1.7100000000000004 1.0409657005820133e-5
3.670000000000001 1.7800000000000002 3.190840838273998e-5
3.670000000000001 1.85 8.133389166568316e-5
3.670000000000001 1.9200000000000004 0.00017421793950284526
3.670000000000001 1.9899999999999995 0.0003212216330278629
3.670000000000001 2.0599999999999996 0.0005325350664434717
3.670000000000001 2.13 0.0008416833129927358
3.670000000000001 2.2 0.0013253671115172703
3.670000000000001 2.2699999999999996 0.002074842041836241
3.670000000000001 2.34 0.003120660792975305
3.670000000000001 2.41 0.004406145477822448
3.670000000000001 2.4800000000000004 0.005919569747827458
3.670000000000001 2.55 0.007907070810229127
3.670000000000001 2.62 0.01081018153545068
3.670000000000001 2.6900000000000004 0.014651394430494834
3.670000000000001 2.7600000000000007 0.018308208845462852
3.670000000000001 2.8299999999999996 0.019761350007846044
3.670000000000001 2.9 0.017662101741033328
3.670000000000001 2.9699999999999998 0.012739471651732236
3.670000000000001 3.0399999999999996 0.007291467850009623
3.670000000000001 3.11 0.0032780306470575338
3.670000000000001 3.18 0.0011641042422609327
3.670000000000001 3.25 0.00034327873395883867
3.670000000000001 3.32 8.937234348024817e-5
3.670000000000001 3.39 8.280240412519038e-6
3.670000000000001 3.4600000000000004 -2.38381678064513e-5
3.670000000000001 3.5300000000000002 -3.2368399883205974e-5
3.670000000000001 3.6 -2.7455110108795044e-5
3.670000000000001 3.670000000000001 -1.807495540614518e-5
3.670000000000001 3.7399999999999993 -9.785193594263706e-6
3.670000000000001 3.8099999999999996 -4.426089452022517e-6
3.670000000000001 3.88 -1.6711359998810034e-6
3.670000000000001 3.95 -5.225095480695904e-7
3.670000000000001 4.02 -1.3387570403196942e-7
3.670000000000001 4.09 -2.7792199412158323e-8
3.670000000000001 4.16 -4.62102069538633e-9
3.670000000000001 4.23 -6.081807613476651e-10
3.7399999999999993 1.6400000000000001 9.317703621025695e-7
3.7399999999999993 1.7100000000000004 3.4254326389238947e-6
3.7399999999999993 1.7800000000000002 1.0424666147262535e-5
3.7399999999999993 1.85 2.630880602707246e-5
3.7399999999999993 1.9200000000000004 5.558868697762181e-5
3.7399999999999993 1.9899999999999995 0.00010074607762820046
3.7399999999999993 2.0599999999999996 0.00016421013576610685
3.7399999999999993 2.13 0.00025753380892291135
3.7399999999999993 2.2 0.0004093417940694384
3.7399999999999993 2.2699999999999996 0.0006564940671593115
3.7399999999999993 2.34 0.0010211641354577292
3.7399999999999993 2.41 0.0015115611002811224
3.7399999999999993 2.4800000000000004 0.0021847108966559048
3.7399999999999993 2.55 0.0032258530218181093
3.7399999999999993 2.62 0.0048790291596743345
3.7399999999999993 2.6900000000000004 0.007109458630141501
3.7399999999999993 2.7600000000000007 0.009237537319632456
3.7399999999999993 2.8299999999999996 0.010115428098075545
3.7399999999999993 2.9 0.009011446865564973
3.7399999999999993 2.9699999999999998 0.0063703519505049575
3.7399999999999993 3.0399999999999996 0.0034922175065610133
3.7399999999999993 3.11 0.0014523074838385874
3.7399999999999993 3.18 0.00046527244238075104
3.7399999999999993 3.25 0.00014612464774318057
3.7399999999999993 3.32 7.13259478255088e-5
3.7399999999999993 3.39 3.956518714311646e-5
3.7399999999999993 3.4600000000000004 1.337768142687284e-5
3.7399999999999993 3.5300000000000002 -1.635023985089838e-6
3.7399999999999993 3.6 -5.893757326917863e-6
3.7399999999999993 3.670000000000001 -4.98672924653229e-6
3.7399999999999993 3.7399999999999993 -2.9810381946601235e-6
3.7399999999999993 3.8099999999999996 -1.4317009365820726e-6
3.7399999999999993 3.88 -5.668547878859561e-7
3.7399999999999993 3.95 -1.845907256625494e-7
3.7399999999999993 4.02 -4.8947100481076955e-8
3.7399999999999993 4.09 -1.0448560516180489e-8
3.7399999999999993 4.16 -1.7751433572560097e-9
3.7399999999999993 4.23 -2.3731387356899163e-10
3.8099999999999996 1.6400000000000001 2.552690181838509e-7
3.8099999999999996 1.7100000000000004 9.343111349882517e-7
3.8099999999999996 1.7800000000000002 2.8256793917021427e-6
3.8099999999999996 1.85 7.065874054719876e-6
3.8099999999999996 1.9200000000000004 1.4729786581816138e-5
3.8099999999999996 1.9899999999999995 2.6208934052752462e-5
3.8099999999999996 2.0599999999999996 4.185955859104896e-5
3.8099999999999996 2.13 6.485542997528032e-5
3.8099999999999996 2.2 0.00010387475807208976
3.8099999999999996 2.2699999999999996 0.0001713951580833216
3.8099999999999996 2.34 0.00027937809492263686
3.8099999999999996 2.41 0.00044500257292354265
3.8099999999999996 2.4800000000000004 0.0007173275407292783
3.8099999999999996 2.55 0.0012029048333920488
3.8099999999999996 2.62 0.0020214484754601902
3.8099999999999996 2.6900000000000004 0.003143759184115792
3.8099999999999996 2.7600000000000007 0.004224190384289094
3.8099999999999996 2.8299999999999996 0.004693869084682833
3.8099999999999996 2.9 0.004191869483296393
3.8099999999999996 2.9699999999999998 0.0029351220986513103
3.8099999999999996 3.0399999999999996 0.0015640251144884224
3.8099999999999996 3.11 0.0006123963289179548
3.8099999999999996 3.18 0.00018330242093029717
3.8099999999999996 3.25 7.164958620180782e-5
3.8099999999999996 3.32 5.608186881827839e-5
3.8099999999999996 3.39 4.1336884730529186e-5
3.8099999999999996 3.4600000000000004 2.1697010894409035e-5
3.8099999999999996 3.5300000000000002 8.2067804564113e-6
3.8099999999999996 3.6 2.2889104672818064e-6
3.8099999999999996 3.670000000000001 4.0948250614698073e-7
3.8099999999999996 3.7399999999999993 -4.520162643389578e-8
3.8099999999999996 3.8099999999999996 -9.934720992789861e-8
3.8099999999999996 3.88 -6.343304722452688e-8
3.8099999999999996 3.95 -2.7438356598501154e-8
3.8099999999999996 4.02 -8.82369794544169e-9
3.8099999999999996 4.09 -2.1617870938806842e-9
3.8099999999999996 4.16 -4.062912706970851e-10
3.8099999999999996 4.23 -5.855042666679705e-11
3.88 1.6400000000000001 5.756579359432522e-8
3.88 1.7100000000000004 2.1001489560049848e-7
3.88 1.7800000000000002 6.319966960143749e-7
3.88 1.85 1.567931835244074e-6
3.88 1.9200000000000004 3.22800908494574e-6
3.88 1.9899999999999995 5.637443056905588e-6
3.88 2.0599999999999996 8.796150230078239e-6
3.88 2.13 1.3390566840220174e-5
3.88 2.2 2.1552312885068423e-5
3.88 2.2699999999999996 3.6828274691854705e-5
3.88 2.34 6.422622084682548e-5
3.88 2.41 0.00011406054415494692
3.88 2.4800000000000004 0.00021214295235778174
3.88 2.55 0.0004074141169597593
3.88 2.62 0.0007512922788015125
3.88 2.6900000000000004 0.0012307252405979908
3.88 2.7600000000000007 0.001699497420198866
3.88 2.8299999999999996 0.001916054170964821
3.88 2.9 0.0017225172391302757
3.88 2.9699999999999998 0.0012035816107869787
3.88 3.0399999999999996 0.000629735818448783
3.88 3.11 0.0002346759570688772
3.88 3.18 6.683174656831971e-5
3.88 3.25 3.3768614686930024e-5
3.88 3.32 3.4114486975967945e-5
3.88 3.39 2.729560306380261e-5
3.88 3.4600000000000004 1.563840235816343e-5
3.88 3.5300000000000002 7.165887614470465e-6
3.88 3.6 3.0337416924764945e-6
3.88 3.670000000000001 1.2977936709777492e-6
3.88 3.7399999999999993 5.365415725053477e-7
3.88 3.8099999999999996 1.93667988343788e-7
3.88 3.88 5.667426805927797e-8
3.88 3.95 1.2778912870201838e-8
3.88 4.02 2.081848200000256e-9
3.88 4.09 2.0723613490832804e-10
3.88 4.16 1.5297362672096196e-12
3.88 4.23 -3.5110122168152834e-12
3.95 1.6400000000000001 1.0564667364189216e-8
3.95 1.7100000000000004 3.8464931959344866e-8
3.95 1.7800000000000002 1.1534728959778658e-7
3.95 1.85 2.844273515230174e-7
3.95 1.9200000000000004 5.794365373080075e-7
3.95 1.9899999999999995 9.944987304672973e-7
3.95 2.0599999999999996 1.513922453262269e-6
3.95 2.13 2.2537962187365523e-6
3.95 2.2 3.639668776989541e-6
3.95 2.2699999999999996 6.525167125898139e-6
3.95 2.34 1.2583904066607724e-5
3.95 2.41 2.59673740385565e-5
3.95 2.4800000000000004 5.675066330920054e-5
3.95 2.55 0.0001231546891811873
3.95 2.62 0.00024408035759512873
3.95 2.6900000000000004 0.0004157097720491557
3.95 2.7600000000000007 0.0005869311164645692
3.95 2.8299999999999996 0.000671220338040454
3.95 2.9 0.0006090651772964558
3.95 2.9699999999999998 0.0004267423285894708
3.95 3.0399999999999996 0.00022073956330513928
3.95 3.11 7.88630724591302e-5
3.95 3.18 2.1487181574716355e-5
3.95 3.25 1.3693996735431078e-5
3.95 3.32 1.593795873252647e-5
3.95 3.39 1.3173716559116983e-5
3.95 3.4600000000000004 7.769697336531113e-6
3.95 3.5300000000000002 3.7564446729549877e-6
3.95 3.6 1.7261568718665075e-6
3.95 3.670000000000001 8.043834323770371e-7
3.95 3.7399999999999993 3.5758187469583944e-7
3.95 3.8099999999999996 1.3878857214829156e-7
3.95 3.88 4.463346875815238e-8
3.95 3.95 1.1598522070899616e-8
3.95 4.02 2.3975641736291237e-9
3.95 4.09 3.8825542791900215e-10
3.95 4.16 4.8324473267244224e-11
3.95 4.23 4.500456682654298e-12
4.02 1.6400000000000001 1.5504936145545622e-9
4.02 1.7100000000000004 5.640106305095786e-9
4.02 1.7800000000000002 1.687974942934118e-8
4.02 1.85 4.1456185043804104e-8
4.02 1.9200000000000004 8.379938130364625e-8
4.02 1.9899999999999995 1.4175953306279044e-7
4.02 2.0599999999999996 2.1078544222186247e-7
4.02 2.13 3.061742923495871e-7
4.02 2.2 4.975294308909574e-7
4.02 2.2699999999999996 9.603763380708487e-7
4.02 2.34 2.147606702417744e-6
4.02 2.41 5.3229903083675095e-6
4.02 2.4800000000000004 1.3561445276379571e-5
4.02 2.55 3.237393057880399e-5
4.02 2.62 6.75671263906292e-5
4.02 2.6900000000000004 0.0001184373455510487
4.02 2.7600000000000007 0.0001703230513227053
4.02 2.8299999999999996 0.0001974737255119849
4.02 2.9 0.0001810896476405301
4.02 2.9699999999999998 0.0001275704041196797
4.02 3.0399999999999996 6.554059533417405e-5
4.02 3.11 2.2591307048439125e-5
4.02 3.18 5.8913250056504965e-6
4.02 3.25 4.549208831598238e-6
4.02 3.32 5.76937262946326e-6
4.02 3.39 4.845849607121599e-6
4.02 3.4600000000000004 2.8898030968852562e-6
4.02 3.5300000000000002 1.4233677750632017e-6
4.02 3.6 6.714208956006e-7
4.02 3.670000000000001 3.207269644047663e-7
4.02 3.7399999999999993 1.4533937666288437e-7
4.02 3.8099999999999996 5.741951192739805e-8
4.02 3.88 1.885731089472045e-8
4.02 3.95 5.037162601106927e-9
4.02 4.02 1.0806909053786654e-9
4.02 4.09 1.8416885396154287e-10
4.02 4.16 2.463416596104941e-11
4.02 4.23 2.5515838215960545e-12
4.09 1.6400000000000001 1.7745727939492716e-10
4.09 1.7100000000000004 6.455414822358628e-10
4.09 1.7800000000000002 1.930979828642926e-9
4.09 1.85 4.734170796210771e-9
4.09 1.9200000000000004 9.526975179959535e-9
4.09 1.9899999999999995 1.5951756875122278e-8
4.09 2.0599999999999996 2.324466786442315e-8
4.09 2.13 3.295630715034727e-8
4.09 2.2 5.4500983756223515e-8
4.09 2.2699999999999996 1.1881425184882522e-7
4.09 2.34 3.255182615559313e-7
4.09 2.41 9.764345176800205e-7
4.09 2.4800000000000004 2.8173859321786754e-6
4.09 2.55 7.1957812673245285e-6
4.09 2.62 1.5570829972322862e-5
4.09 2.6900000000000004 2.789167498344395e-5
4.09 2.7600000000000007 4.0736386769726134e-5
4.09 2.8299999999999996 4.783478864216466e-5
4.09 2.9 4.4332011486492626e-5
4.09 2.9699999999999998 3.1432171489121494e-5
4.09 3.0399999999999996 1.6088023147615856e-5
4.09 3.11 5.383433244082258e-6
4.09 3.18 1.343721004137001e-6
4.09 3.25 1.2089661200228245e-6
4.09 3.32 1.622119061825286e-6
4.09 3.39 1.3751716943920212e-6
4.09 3.4600000000000004 8.236556234745162e-7
4.09 3.5300000000000002 4.0825311881629126e-7
4.09 3.6 1.942599926185323e-7
4.09 3.670000000000001 9.355231770401793e-8
4.09 3.7399999999999993 4.266108686211194e-8
4.09 3.8099999999999996 1.69532132353443e-8
4.09 3.88 5.606547490183523e-9
4.09 3.95 1.5112040068238022e-9
4.09 4.02 3.280757155721902e-10
4.09 4.09 5.677958776416456e-11
4.09 4.16 7.749664597216317e-12
4.09 4.23 8.244125702724302e-13
4.16 1.6400000000000001 1.5211150945097332e-11
4.16 1.7100000000000004 5.538492273198872e-11
4.16 1.7800000000000002 1.6586880181770698e-10
4.16 1.85 4.0711411755911575e-10
4.16 1.9200000000000004 8.191572577882406e-10
4.16 1.9899999999999995 1.3650218534522384e-9
4.16 2.0599999999999996 1.9566955371300188e-9
4.16 2.13 2.7059788434826037e-9
4.16 2.2 4.669581627881562e-9
4.16 2.2699999999999996 1.2487188392555995e-8
4.16 2.34 4.390738123284075e-8
4.16 2.41 1.5605654526547465e-7
4.16 2.4800000000000004 4.928822078247475e-7
4.16 2.55 1.3182310326282846e-6
4.16 2.62 2.9264450552803282e-6
4.16 2.6900000000000004 5.330476516860299e-6
4.16 2.7600000000000007 7.887055870046929e-6
4.16 2.8299999999999996 9.366282339932209e-6
4.16 2.9 8.764707126597436e-6
4.16 2.9699999999999998 6.253861761718399e-6
4.16 3.0399999999999996 3.1948820395655566e-6
4.16 3.11 1.0440041392620002e-6
4.16 3.18 2.498514482437015e-7
4.16 3.25 2.532052633246914e-7
4.16 3.32 3.53269972036901e-7
4.16 3.39 3.012981234938177e-7
4.16 3.4600000000000004 1.8076044038599513e-7
4.16 3.5300000000000002 8.973555425536828e-8
4.16 3.6 4.2793315930591056e-8
4.16 3.670000000000001 2.0654601617787838e-8
4.16 3.7399999999999993 9.436649936263503e-9
4.16 3.8099999999999996 3.757389870961818e-9
4.16 3.88 1.2456925769546142e-9
4.16 3.95 3.368942596977903e-10
4.16 4.02 7.346463500475314e-11
4.16 4.09 1.2788425401330723e-11
4.16 4.16 1.7585627337232398e-12
4.16 4.23 1.8888729202078922e-13
4.23 1.6400000000000001 8.926948598033646e-13
4.23 1.7100000000000004 3.2586372040589324e-12
4.23 1.7800000000000002 9.805610497551641e-12
4.23 1.85 2.4238001781505914e-11
4.23 1.9200000000000004 4.91762768060692e-11
4.23 1.9899999999999995 8.227123702609304e-11
4.23 2.0599999999999996 1.1597474252724771e-10
4.23 2.13 1.5356626979829622e-10
4.23 2.2 2.9258617981131396e-10
4.23 2.2699999999999996 1.1154133592135093e-9
4.23 2.34 5.160554922037364e-9
4.23 2.41 2.0979894348866404e-8
4.23 2.4800000000000004 7.05397755781516e-8
4.23 2.55 1.947315257531814e-7
4.23 2.62 4.4041998181032313e-7
4.23 2.6900000000000004 8.12752586625056e-7
4.23 2.7600000000000007 1.2154566985787623e-6
4.23 2.8299999999999996 1.4571696501370603e-6
4.23 2.9 1.3748433397730469e-6
4.23 2.9699999999999998 9.86476939797378e-7
4.23 3.0399999999999996 5.03531726726175e-7
4.23 3.11 1.6153758338149045e-7
4.23 3.18 3.720766409726025e-8
4.23 3.25 4.129567805580694e-8
4.23 3.32 5.924724576376547e-8
4.23 3.39 5.074325516004894e-8
4.23 3.4600000000000004 3.0459590988911526e-8
4.23 3.5300000000000002 1.51175797142253e-8
4.23 3.6 7.207595370042414e-9
4.23 3.670000000000001 3.4789395310128154e-9
4.23 3.7399999999999993 1.5898994062858121e-9
4.23 3.8099999999999996 6.333792486043649e-10
4.23 3.88 2.1016214626362366e-10
4.23 3.95 5.690967327000301e-11
4.23 4.02 1.2431988742018966e-11
4.23 4.09 2.1692504313363797e-12
4.23 4.16 2.9922119816047396e-13
4.23 4.23 3.226729282988879e-14
4.3 1.6400000000000001 2.4566005553617247e-14
4.3 1.7100000000000004 9.078105555823826e-14
4.3 1.7800000000000002 2.8025159091137423e-13
4.3 1.85 7.207525144618736e-13
4.3 1.9200000000000004 1.5362669638644081e-12
4.3 1.9899999999999995 2.6651895111036836e-12
4.3 2.0599999999999996 3.574560433413452e-12
4.3 2.13 3.74952464592626e-12
4.3 2.2 1.0431350449396776e-11
4.3 2.2699999999999996 8.351228268194336e-11
4.3 2.34 5.109256329008499e-10
4.3 2.41 2.2967308559460187e-9
4.3 2.4800000000000004 8.063324432548667e-9
4.3 2.55 2.2760544717192317e-8
4.3 2.62 5.218903417922172e-8
4.3 2.6900000000000004 9.728553188782298e-8
4.3 2.7600000000000007 1.4672568165249727e-7
4.3 2.8299999999999996 1.7724569286506757e-7
4.3 2.9 1.683386513056681e-7
4.3 2.9699999999999998 1.2133561539264332e-7
4.3 3.0399999999999996 6.191434172056721e-8
4.3 3.11 1.958874587899439e-8
4.3 3.18 4.365870339264623e-9
4.3 3.25 5.1866447362465396e-9
4.3 3.32 7.593170734708057e-9
4.3 3.39 6.522972031298072e-9
4.3 3.4600000000000004 3.915978408617458e-9
4.3 3.5300000000000002 1.9419725709487238e-9
4.3 3.6 9.249069356809684e-10
4.3 3.670000000000001 4.461143962399491e-10
4.3 3.7399999999999993 2.0381983669885707e-10
4.3 3.8099999999999996 8.11973122140324e-11
4.3 3.88 2.6948193859315004e-11
4.3 3.95 7.300622017907078e-12
4.3 4.02 1.5959809325882215e-12
4.3 4.09 2.7876638977401055e-13
4.3 4.16 3.850501068026091e-14
4.3 4.23 4.15969169028403e-15
4.37 1.6400000000000001 -1.2806112046831397e-15
4.37 1.7100000000000004 -4.530935666188379e-15
4.37 1.7800000000000002 -1.267951531339791e-14
4.37 1.85 -2.750286321486146e-14
4.37 1.9200000000000004 -4.5523712774203944e-14
4.37 1.9899999999999995 -6.263877831776186e-14
4.37 2.0599999999999996 -1.137196342419354e-13
4.37 2.13 -2.992034751177399e-13
4.37 2.2 -1.990903854162584e-13
4.37 2.2699999999999996 5.123833207266168e-12
4.37 2.34 4.1200296943194406e-11
4.37 2.41 1.99377891208759e-10
4.37 2.4800000000000004 7.214471783246408e-10
4.37 2.55 2.068936393670085e-9
4.37 2.62 4.79207050536645e-9
4.37 2.6900000000000004 9.000932423587048e-9
4.37 2.7600000000000007 1.3663025385914169e-8
4.37 2.8299999999999996 1.6600977733472722e-8
4.37 2.9 1.584605539526834e-8
4.37 2.9699999999999998 1.1461252236214783e-8
4.37 3.0399999999999996 5.847880757041583e-9
4.37 3.11 1.831439154565485e-9
4.37 3.18 3.9738702190520475e-10
4.37 3.25 4.961497575156961e-10
4.37 3.32 7.37009676229889e-10
4.37 3.39 6.345270544334713e-10
4.37 3.4600000000000004 3.809144339365918e-10
4.37 3.5300000000000002 1.8873033214917932e-10
4.37 3.6 8.978164322009196e-11
4.37 3.670000000000001 4.32673498490457e-11
4.37 3.7399999999999993 1.975947695729009e-11
4.37 3.8099999999999996 7.870495331468192e-12
4.37 3.88 2.612114100027955e-12
4.37 3.95 7.07760632066667e-13
4.37 4.02 1.547690021056967e-13
4.37 4.09 2.7045711613260665e-14
4.37 4.16 3.738156661103582e-15
4.37 4.23 4.0418201413407993e-16
