0.94 -1.5099999999999998 4.6056284229035874e-27
0.94 -1.44 2.383029348562879e-25
0.94 -1.37 9.469295436092184e-24
0.94 -1.3 2.824731675271718e-22
0.94 -1.23 6.214610150303607e-21
0.94 -1.1600000000000001 9.919210470526267e-20
0.94 -1.0899999999999999 1.1331546314582385e-18
0.94 -1.02 9.206693372851368e-18
0.94 -0.95 5.374870918070977e-17
0.94 -0.8799999999999999 2.349788699654445e-16
0.94 -0.8099999999999998 8.276239497744878e-16
0.94 -0.7400000000000002 2.474572177579987e-15
0.94 -0.6700000000000002 6.111103617779163e-15
0.94 -0.6000000000000001 1.1702515408517033e-14
0.94 -0.53 1.6949100097091565e-14
0.94 -0.45999999999999996 1.906314549809839e-14
0.94 -0.3899999999999999 1.747806559858803e-14
0.94 -0.32000000000000006 1.3440584868022104e-14
0.94 -0.25 8.577236426167878e-15
0.94 -0.17999999999999994 4.391981416312766e-15
0.94 -0.10999999999999988 1.7386518114950098e-15
0.94 -0.039999999999999813 5.131906633189929e-16
0.94 0.030000000000000027 1.0867798584886224e-16
0.94 0.10000000000000009 1.5813948024993434e-17
0.94 0.17000000000000015 1.5084107269492711e-18
0.94 0.2400000000000002 8.983795213697025e-20
0.94 0.3100000000000003 3.1827597454297563e-21
0.94 0.38000000000000034 6.392274217856788e-23
0.94 0.44999999999999996 6.9336578124434285e-25
0.94 0.5199999999999998 3.86551907321971e-27
1.0099999999999998 -1.5099999999999998 7.709149566256457e-26
1.0099999999999998 -1.44 3.950692419068797e-24
1.0099999999999998 -1.37 1.5565896988394245e-22
1.0099999999999998 -1.3 4.608996172344262e-21
1.0099999999999998 -1.23 1.0075101016925524e-19
1.0099999999999998 -1.1600000000000001 1.598777013711898e-18
1.0099999999999998 -1.0899999999999999 1.8152103309068074e-17
1.0099999999999998 -1.02 1.4622159641893187e-16
1.0099999999999998 -0.95 8.410707931236238e-16
1.0099999999999998 -0.8799999999999999 3.585197378529101e-15
1.0099999999999998 -0.8099999999999998 1.2221316023131742e-14
1.0099999999999998 -0.7400000000000002 3.567298568229969e-14
1.0099999999999998 -0.6700000000000002 8.764491294437301e-14
1.0099999999999998 -0.6000000000000001 1.6871475259707082e-13
1.0099999999999998 -0.53 2.4508831391104073e-13
1.0099999999999998 -0.45999999999999996 2.742982017853976e-13
1.0099999999999998 -0.3899999999999999 2.494210390335463e-13
1.0099999999999998 -0.32000000000000006 1.9178895458610637e-13
1.0099999999999998 -0.25 1.241261361631185e-13
1.0099999999999998 -0.17999999999999994 6.508770691496152e-14
1.0099999999999998 -0.10999999999999988 2.6437231963461113e-14
1.0099999999999998 -0.039999999999999813 7.980850600083496e-15
1.0099999999999998 0.030000000000000027 1.7199312775323627e-15
1.0099999999999998 0.10000000000000009 2.5350470795890565e-16
1.0099999999999998 0.17000000000000015 2.440677025290796e-17
1.0099999999999998 0.2400000000000002 1.4637166062067515e-18
1.0099999999999998 0.3100000000000003 5.213522425999061e-20
1.0099999999999998 0.38000000000000034 1.0516284996297839e-21
1.0099999999999998 0.44999999999999996 1.1447846986061736e-23
1.0099999999999998 0.5199999999999998 6.396264479937912e-26
1.08 -1.5099999999999998 1.1724938459739286e-24
1.08 -1.44 5.984445458205724e-23
1.08 -1.37 2.349335258135388e-21
1.08 -1.3 6.934538912737883e-20
1.08 -1.23 1.5117124481774402e-18
1.08 -1.1600000000000001 2.3922514396971554e-17
1.08 -1.0899999999999999 2.7060373890242096e-16
1.08 -1.02 2.1654838987643085e-15
1.08 -0.95 1.2294140730807522e-14
1.08 -0.8799999999999999 5.1156617279561586e-14
1.08 -0.8099999999999998 1.6855819106666609e-13
1.08 -0.7400000000000002 4.782087626905113e-13
1.08 -0.6700000000000002 1.1634805160876757e-12
1.08 -0.6000000000000001 2.244531548859532e-12
1.08 -0.53 3.26753179970186e-12
1.08 -0.45999999999999996 3.645035289102143e-12
1.08 -0.3899999999999999 3.296800212729653e-12
1.08 -0.32000000000000006 2.538824245487588e-12
1.08 -0.25 1.6642702709380703e-12
1.08 -0.17999999999999994 8.902449338319972e-13
1.08 -0.10999999999999988 3.6912911992980074e-13
1.08 -0.039999999999999813 1.1339368075518319e-13
1.08 0.030000000000000027 2.476202571277109e-14
1.08 0.10000000000000009 3.684360009714913e-15
1.08 0.17000000000000015 3.571022607847432e-16
1.08 0.2400000000000002 2.1521522627934395e-17
1.08 0.3100000000000003 7.695181498426499e-19
1.08 0.38000000000000034 1.55723959453649e-20
1.08 0.44999999999999996 1.7000744223126454e-22
1.08 0.5199999999999998 9.519584897837225e-25
1.15 -1.5099999999999998 1.6361710197920629e-23
1.15 -1.44 8.355867450542779e-22
1.15 -1.37 3.281322529736796e-20
1.15 -1.3 9.688067842404269e-19
1.15 -1.23 2.111858108722108e-17
1.15 -1.1600000000000001 3.3387495401956283e-16
1.15 -1.0899999999999999 3.765368904471506e-15
1.15 -1.02 2.991599722346218e-14
1.15 -0.95 1.6726679956275818e-13
1.15 -0.8799999999999999 6.764357655419789e-13
1.15 -0.8099999999999998 2.138903072032479e-12
1.15 -0.7400000000000002 5.8530850965269635e-12
1.15 -0.6700000000000002 1.4048605076245412e-11
1.15 -0.6000000000000001 2.7144107700800736e-11
1.15 -0.53 3.9631408194554025e-11
1.15 -0.45999999999999996 4.416651859493284e-11
1.15 -0.3899999999999999 3.986805973313223e-11
1.15 -0.32000000000000006 3.0819869709846276e-11
1.15 -0.25 2.045264294747297e-11
1.15 -0.17999999999999994 1.112589333048409e-11
1.15 -0.10999999999999988 4.6896965930052006e-12
1.15 -0.039999999999999813 1.4602033956487692e-12
1.15 0.030000000000000027 3.220673993241798e-13
1.15 0.10000000000000009 4.8256434097555916e-14
1.15 0.17000000000000015 4.6999027099464734e-15
1.15 0.2400000000000002 2.842496584123279e-16
1.15 0.3100000000000003 1.0192294556217543e-17
1.15 0.38000000000000034 2.0677747612710972e-19
1.15 0.44999999999999996 2.2629773108411264e-21
1.15 0.5199999999999998 1.2699855600139597e-23
1.2200000000000002 -1.5099999999999998 1.9913170337188678e-22
1.2200000000000002 -1.44 1.01854033626566e-20
1.2200000000000002 -1.37 4.0039968083866358e-19
1.2200000000000002 -1.3 1.1830194642412522e-17
1.2200000000000002 -1.23 2.5790134383686696e-16
1.2200000000000002 -1.1600000000000001 4.072839602723519e-15
1.2200000000000002 -1.0899999999999999 4.578520210154122e-14
1.2200000000000002 -1.02 3.612170391920412e-13
1.2200000000000002 -0.95 1.9919768958204014e-12
1.2200000000000002 -0.8799999999999999 7.861229681570104e-12
1.2200000000000002 -0.8099999999999998 2.4015799358845202e-11
1.2200000000000002 -0.7400000000000002 6.382310162455413e-11
1.2200000000000002 -0.6700000000000002 1.5180511054746246e-10
1.2200000000000002 -0.6000000000000001 2.9432821234924913e-10
1.2200000000000002 -0.53 4.314978433092158e-10
1.2200000000000002 -0.45999999999999996 4.81608218054537e-10
1.2200000000000002 -0.3899999999999999 4.355668715544222e-10
1.2200000000000002 -0.32000000000000006 3.3901143534377133e-10
1.2200000000000002 -0.25 2.2776134416120788e-10
1.2200000000000002 -0.17999999999999994 1.2569585479072977e-10
1.2200000000000002 -0.10999999999999988 5.368676330571745e-11
1.2200000000000002 -0.039999999999999813 1.6892911800388374e-11
1.2200000000000002 0.030000000000000027 3.754499078592768e-12
1.2200000000000002 0.10000000000000009 5.654881880179666e-13
1.2200000000000002 0.17000000000000015 5.5269524646440896e-14
1.2200000000000002 0.2400000000000002 3.351196138761969e-15
1.2200000000000002 0.3100000000000003 1.2041718126120767e-16
1.2200000000000002 0.38000000000000034 2.447982658468004e-18
1.2200000000000002 0.44999999999999996 2.684975497215771e-20
1.2200000000000002 0.5199999999999998 1.5103410852561715e-22
1.2899999999999996 -1.5099999999999998 2.0977342376773596e-21
1.2899999999999996 -1.44 1.0751537497417093e-19
1.2899999999999996 -1.37 4.232312590469128e-18
1.2899999999999996 -1.3 1.2514944500126393e-16
1.2899999999999996 -1.23 2.7281915453021077e-15
1.2899999999999996 -1.1600000000000001 4.302463453367608e-14
1.2899999999999996 -1.0899999999999999 4.819495215513064e-13
1.2899999999999996 -1.02 3.775337042577485e-12
1.2899999999999996 -0.95 2.0551262404116236e-11
1.2899999999999996 -0.8799999999999999 7.936545589422573e-11
1.2899999999999996 -0.8099999999999998 2.3549230907477624e-10
1.2899999999999996 -0.7400000000000002 6.116878697032663e-10
1.2899999999999996 -0.6700000000000002 1.448579541739372e-9
1.2899999999999996 -0.6000000000000001 2.823830593729044e-9
1.2899999999999996 -0.53 4.161980390487076e-9
1.2899999999999996 -0.45999999999999996 4.665155951333386e-9
1.2899999999999996 -0.3899999999999999 4.245652306721276e-9
1.2899999999999996 -0.32000000000000006 3.3386469124677452e-9
1.2899999999999996 -0.25 2.2719226129648515e-9
1.2899999999999996 -0.17999999999999994 1.2696121385251764e-9
1.2899999999999996 -0.10999999999999988 5.480689285097204e-10
1.2899999999999996 -0.039999999999999813 1.7387904778069112e-10
1.2899999999999996 0.030000000000000027 3.887263378692671e-11
1.2899999999999996 0.10000000000000009 5.8777723093374555e-12
1.2899999999999996 0.17000000000000015 5.759497228946547e-13
1.2899999999999996 0.2400000000000002 3.498586550909191e-14
1.2899999999999996 0.3100000000000003 1.2591542702549016e-15
1.2899999999999996 0.38000000000000034 2.56418780904782e-17
1.2899999999999996 0.44999999999999996 2.818229420658706e-19
1.2899999999999996 0.5199999999999998 1.589237992106715e-21
1.3599999999999999 -1.5099999999999998 1.8971050413067758e-20
1.3599999999999999 -1.44 9.745802595828338e-19
1.3599999999999999 -1.37 3.8422108760577035e-17
1.3599999999999999 -1.3 1.137054050694219e-15
1.3599999999999999 -1.23 2.4782090542388363e-14
1.3599999999999999 -1.1600000000000001 3.9016593377535956e-13
1.3599999999999999 -1.0899999999999999 4.353524339550101e-12
1.3599999999999999 -1.02 3.385519490088094e-11
1.3599999999999999 -0.95 1.819937773602708e-10
1.3599999999999999 -0.8799999999999999 6.890275875966257e-10
1.3599999999999999 -0.8099999999999998 1.993940565125251e-9
1.3599999999999999 -0.7400000000000002 5.0917438318703215e-9
1.3599999999999999 -0.6700000000000002 1.2059777024616685e-8
1.3599999999999999 -0.6000000000000001 2.367755246443496e-8
1.3599999999999999 -0.53 3.5125867026411295e-8
1.3599999999999999 -0.45999999999999996 3.9657276804288976e-8
1.3599999999999999 -0.3899999999999999 3.648772884656309e-8
1.3599999999999999 -0.32000000000000006 2.909716791421916e-8
1.3599999999999999 -0.25 2.0068958153195364e-8
1.3599999999999999 -0.17999999999999994 1.1339055835558568e-8
1.3599999999999999 -0.10999999999999988 4.9369566086700655e-9
1.3599999999999999 -0.039999999999999813 1.5764241700078549e-9
1.3599999999999999 0.030000000000000027 3.5402988809161357e-10
1.3599999999999999 0.10000000000000009 5.3688798031898316e-11
1.3599999999999999 0.17000000000000015 5.2705279171815835e-12
1.3599999999999999 0.2400000000000002 3.20573808854156e-13
1.3599999999999999 0.3100000000000003 1.1551910086778027e-14
1.3599999999999999 0.38000000000000034 2.3560361921510146e-16
1.3599999999999999 0.44999999999999996 2.594604032443078e-18
1.3599999999999999 0.5199999999999998 1.4669807182303493e-20
1.4300000000000002 -1.5099999999999998 1.4593082326779387e-19
1.4300000000000002 -1.44 7.51561136623046e-18
1.4300000000000002 -1.37 2.967698866522725e-16
1.4300000000000002 -1.3 8.789203346536742e-15
1.4300000000000002 -1.23 1.914898498425033e-13
1.4300000000000002 -1.1600000000000001 3.0089357945180312e-12
1.4300000000000002 -1.0899999999999999 3.343364615303006e-11
1.4300000000000002 -1.02 2.5805963151933153e-10
1.4300000000000002 -0.95 1.3703202790516774e-9
1.4300000000000002 -0.8799999999999999 5.093645464442431e-9
1.4300000000000002 -0.8099999999999998 1.4429484541666484e-8
1.4300000000000002 -0.7400000000000002 3.643423628601659e-8
1.4300000000000002 -0.6700000000000002 8.668083504376148e-8
1.4300000000000002 -0.6000000000000001 1.716417175170266e-7
1.4300000000000002 -0.53 2.5657903100702e-7
1.4300000000000002 -0.45999999999999996 2.9268592676112697e-7
1.4300000000000002 -0.3899999999999999 2.73555361877267e-7
1.4300000000000002 -0.32000000000000006 2.2200427716290816e-7
1.4300000000000002 -0.25 1.5528299505759206e-7
1.4300000000000002 -0.17999999999999994 8.858565307694622e-8
1.4300000000000002 -0.10999999999999988 3.883450737716495e-8
1.4300000000000002 -0.039999999999999813 1.2462862722493611e-8
1.4300000000000002 0.030000000000000027 2.808702327900867e-9
1.4300000000000002 0.10000000000000009 4.2687564628971485e-10
1.4300000000000002 0.17000000000000015 4.195984250339571e-11
1.4300000000000002 0.2400000000000002 2.554470804604061e-12
1.4300000000000002 0.3100000000000003 9.213987999609796e-14
1.4300000000000002 0.38000000000000034 1.881763191746012e-15
1.4300000000000002 0.44999999999999996 2.0763305429503877e-17
1.4300000000000002 0.5199999999999998 1.1771721016314546e-19
1.5 -1.5099999999999998 9.460550706982042e-19
1.5 -1.44 4.8853364040999213e-17
1.5 -1.37 1.932279164717034e-15
1.5 -1.3 5.726835576285787e-14
1.5 -1.23 1.2470882006683992e-12
1.5 -1.1600000000000001 1.9554153519873932e-11
1.5 -1.0899999999999999 2.1632369581705181e-10
1.5 -1.02 1.6571429823697943e-9
1.5 -0.95 8.695429029833604e-9
1.5 -0.8799999999999999 3.178314167194274e-8
1.5 -0.8099999999999998 8.849119358887755e-8
1.5 -0.7400000000000002 2.2230817316703834e-7
1.5 -0.6700000000000002 5.334633760961715e-7
1.5 -0.6000000000000001 1.0663869340917363e-6
1.5 -0.53 1.6079205525695919e-6
1.5 -0.45999999999999996 1.8592286841780362e-6
1.5 -0.3899999999999999 1.7732182143634278e-6
1.5 -0.32000000000000006 1.4686650132651353e-6
1.5 -0.25 1.0418295070914064e-6
1.5 -0.17999999999999994 5.99269663594729e-7
1.5 -0.10999999999999988 2.641121342491788e-7
1.5 -0.039999999999999813 8.508585622506434e-8
1.5 0.030000000000000027 1.922641621128287e-8
1.5 0.10000000000000009 2.926747942024679e-9
1.5 0.17000000000000015 2.87932836724959e-10
1.5 0.2400000000000002 1.7539391250413365e-11
1.5 0.3100000000000003 6.331218683598221e-13
1.5 0.38000000000000034 1.2946024118837936e-14
1.5 0.44999999999999996 1.4311548648494715e-16
1.5 0.5199999999999998 8.136568350752205e-19
1.5699999999999998 -1.5099999999999998 5.124688091137686e-18
1.5699999999999998 -1.44 2.653802858291166e-16
1.5699999999999998 -1.37 1.0514611248916965e-14
1.5699999999999998 -1.3 3.1185505981420905e-13
1.5699999999999998 -1.23 6.787323332988358e-12
1.5699999999999998 -1.1600000000000001 1.0618999216883375e-10
1.5699999999999998 -1.0899999999999999 1.1695820046456966e-9
1.5699999999999998 -1.02 8.893569870467472e-9
1.5699999999999998 -0.95 4.61471042015636e-8
1.5699999999999998 -0.8799999999999999 1.662172049507118e-7
1.5699999999999998 -0.8099999999999998 4.5713412432055067e-7
1.5699999999999998 -0.7400000000000002 1.1507423153315585e-6
1.5699999999999998 -0.6700000000000002 2.7958845989774837e-6
1.5699999999999998 -0.6000000000000001 5.644453247206335e-6
1.5699999999999998 -0.53 8.592997730132855e-6
1.5699999999999998 -0.45999999999999996 1.0103724324368565e-5
1.5699999999999998 -0.3899999999999999 9.870022684755249e-6
1.5699999999999998 -0.32000000000000006 8.355710635583982e-6
1.5699999999999998 -0.25 6.006404780156651e-6
1.5699999999999998 -0.17999999999999994 3.4779166869821296e-6
1.5699999999999998 -0.10999999999999988 1.5386928742821579e-6
1.5699999999999998 -0.039999999999999813 4.970625977844363e-7
1.5699999999999998 0.030000000000000027 1.1253069295610847e-7
1.5699999999999998 0.10000000000000009 1.7148142425057926e-8
1.5699999999999998 0.17000000000000015 1.6878431915653311e-9
1.5699999999999998 0.2400000000000002 1.0284745268369395e-10
1.5699999999999998 0.3100000000000003 3.714562342560269e-12
1.5699999999999998 0.38000000000000034 7.603772182574009e-14
1.5699999999999998 0.44999999999999996 8.420884576424598e-16
1.5699999999999998 0.5199999999999998 4.800683037581519e-18
1.6400000000000001 -1.5099999999999998 2.3017058896843218e-17
1.6400000000000001 -1.44 1.1954385727852298e-15
1.6400000000000001 -1.37 4.744974767897993e-14
1.6400000000000001 -1.3 1.4084091166891087e-12
1.6400000000000001 -1.23 3.063790828526174e-11
1.6400000000000001 -1.1600000000000001 4.78333945651349e-10
1.6400000000000001 -1.0899999999999999 5.246478743609711e-9
1.6400000000000001 -1.02 3.962443958643203e-8
1.6400000000000001 -0.95 2.0360752736650733e-7
1.6400000000000001 -0.8799999999999999 7.251645908470317e-7
1.6400000000000001 -0.8099999999999998 1.983879292291099e-6
1.6400000000000001 -0.7400000000000002 5.0461284600754446e-6
1.6400000000000001 -0.6700000000000002 1.2453216475266753e-5
1.6400000000000001 -0.6000000000000001 2.5387029173062274e-5
1.6400000000000001 -0.53 3.905948838436481e-5
1.6400000000000001 -0.45999999999999996 4.6832544555205976e-5
1.6400000000000001 -0.3899999999999999 4.69604088355872e-5
1.6400000000000001 -0.32000000000000006 4.061631392401951e-5
1.6400000000000001 -0.25 2.9526137924279953e-5
1.6400000000000001 -0.17999999999999994 1.717445764703084e-5
1.6400000000000001 -0.10999999999999988 7.615093611262977e-6
1.6400000000000001 -0.039999999999999813 2.46388045886719e-6
1.6400000000000001 0.030000000000000027 5.584052202885455e-7
1.6400000000000001 0.10000000000000009 8.513664699340173e-8
1.6400000000000001 0.17000000000000015 8.380645941513045e-9
1.6400000000000001 0.2400000000000002 5.106949995654549e-10
1.6400000000000001 0.3100000000000003 1.8451430010157012e-11
1.6400000000000001 0.38000000000000034 3.780523329853276e-13
1.6400000000000001 0.44999999999999996 4.193651313487301e-15
1.6400000000000001 0.5199999999999998 2.396945759199597e-17
1.7100000000000004 -1.5099999999999998 8.512253924729428e-17
1.7100000000000004 -1.44 4.434428069030433e-15
1.7100000000000004 -1.37 1.7634623549823016e-13
1.7100000000000004 -1.3 5.239016523309151e-12
1.7100000000000004 -1.23 1.1393415931040434e-10
1.7100000000000004 -1.1600000000000001 1.7757260684179392e-9
1.7100000000000004 -1.0899999999999999 1.940920557961565e-8
1.7100000000000004 -1.02 1.4579553100433086e-7
1.7100000000000004 -0.95 7.43941465933986e-7
1.7100000000000004 -0.8799999999999999 2.6350494823257294e-6
1.7100000000000004 -0.8099999999999998 7.2445807214653064e-6
1.7100000000000004 -0.7400000000000002 1.8801285153957614e-5
1.7100000000000004 -0.6700000000000002 4.722910261374545e-5
1.7100000000000004 -0.6000000000000001 9.715353280288858e-5
1.7100000000000004 -0.53 0.00015121055099141228
1.7100000000000004 -0.45999999999999996 0.00018522118534750656
1.7100000000000004 -0.3899999999999999 0.00019057995329635897
1.7100000000000004 -0.32000000000000006 0.00016789111283937037
1.7100000000000004 -0.25 0.00012299070905811424
1.7100000000000004 -0.17999999999999994 7.166624257600823e-5
1.7100000000000004 -0.10999999999999988 3.178391831695704e-5
1.7100000000000004 -0.039999999999999813 1.028570723851919e-5
1.7100000000000004 0.030000000000000027 2.33140286629008e-6
1.7100000000000004 0.10000000000000009 3.5540602742276856e-7
1.7100000000000004 0.17000000000000015 3.497394638362529e-8
1.7100000000000004 0.2400000000000002 2.130696772469173e-9
1.7100000000000004 0.3100000000000003 7.699163226885117e-11
1.7100000000000004 0.38000000000000034 1.5786053506077641e-12
1.7100000000000004 0.44999999999999996 1.7535891068976122e-14
1.7100000000000004 0.5199999999999998 1.0046022532061062e-16
1.7800000000000002 -1.5099999999999998 2.574573968774219e-16
1.7800000000000002 -1.44 1.3453846695586e-14
1.7800000000000002 -1.37 5.361191501380724e-13
1.7800000000000002 -1.3 1.5945920962276963e-11
1.7800000000000002 -1.23 3.4684388571023966e-10
1.7800000000000002 -1.1600000000000001 5.400918149212283e-9
1.7800000000000002 -1.0899999999999999 5.891571938322987e-8
1.7800000000000002 -1.02 4.4133022856281065e-7
1.7800000000000002 -0.95 2.2475609218333245e-6
1.7800000000000002 -0.8799999999999999 7.993466073638448e-6
1.7800000000000002 -0.8099999999999998 2.2413693513990027e-5
1.7800000000000002 -0.7400000000000002 5.9987517428894145e-5
1.7800000000000002 -0.6700000000000002 0.00015345612167704602
1.7800000000000002 -0.6000000000000001 0.0003181502112311926
1.7800000000000002 -0.53 0.0005013243398232332
1.7800000000000002 -0.45999999999999996 0.0006274135519066565
1.7800000000000002 -0.3899999999999999 0.0006599896854214012
1.7800000000000002 -0.32000000000000006 0.0005886654393492124
1.7800000000000002 -0.25 0.00043228687894116284
1.7800000000000002 -0.17999999999999994 0.0002514021172644163
1.7800000000000002 -0.10999999999999988 0.00011123651776021429
1.7800000000000002 -0.039999999999999813 3.593956918930964e-5
1.7800000000000002 0.030000000000000027 8.137032110156592e-6
1.7800000000000002 0.10000000000000009 1.2392236468398185e-6
1.7800000000000002 0.17000000000000015 1.2183976983132855e-7
1.7800000000000002 0.2400000000000002 7.4181489031918345e-9
1.7800000000000002 0.3100000000000003 2.680057250853118e-10
1.7800000000000002 0.38000000000000034 5.4974803535290125e-12
1.7800000000000002 0.44999999999999996 6.113676194718314e-14
1.7800000000000002 0.5199999999999998 3.509185199811222e-16
1.85 -1.5099999999999998 6.318778426666096e-16
1.85 -1.44 3.3127795777182646e-14
1.85 -1.37 1.3232496212013635e-12
1.85 -1.3 3.942686104636975e-11
1.85 -1.23 8.585969261315973e-10
1.85 -1.1600000000000001 1.3379961852239186e-8
1.85 -1.0899999999999999 1.460722155893943e-7
1.85 -1.02 1.096534775928484e-6
1.85 -0.95 5.623018783804479e-6
1.85 -0.8799999999999999 2.0394191881580644e-5
1.85 -0.8099999999999998 5.951448499180659e-5
1.85 -0.7400000000000002 0.0001659839491139605
1.85 -0.6700000000000002 0.00043172670723525724
1.85 -0.6000000000000001 0.0009006899290681915
1.85 -0.53 0.00143724143913073
1.85 -0.45999999999999996 0.0018330721269412215
1.85 -0.3899999999999999 0.0019566070397664197
1.85 -0.32000000000000006 0.0017512357712147848
1.85 -0.25 0.0012800956716973876
1.85 -0.17999999999999994 0.0007393723631142431
1.85 -0.10999999999999988 0.0003252633573756797
1.85 -0.039999999999999813 0.00010466422067588455
1.85 0.030000000000000027 2.362986753514736e-5
1.85 0.10000000000000009 3.5910677530816112e-6
1.85 0.17000000000000015 3.524970085891067e-7
1.85 0.2400000000000002 2.1437298815650335e-8
1.85 0.3100000000000003 7.740656829344253e-10
1.85 0.38000000000000034 1.5879478719333486e-11
1.85 0.44999999999999996 1.7672616281636715e-13
1.85 0.5199999999999998 1.0158945577961733e-15
1.9200000000000004 -1.5099999999999998 1.244864043221752e-15
1.9200000000000004 -1.44 6.551690314069054e-14
1.9200000000000004 -1.37 2.6256606548090087e-12
1.9200000000000004 -1.3 7.847958514074659e-11
1.9200000000000004 -1.23 1.7147143767640126e-9
1.9200000000000004 -1.1600000000000001 2.6830865197817594e-8
1.9200000000000004 -1.0899999999999999 2.9473113603683104e-7
1.9200000000000004 -1.02 2.237157820807724e-6
1.9200000000000004 -0.95 1.1729147648681043e-5
1.9200000000000004 -0.8799999999999999 4.442827835987907e-5
1.9200000000000004 -0.8099999999999998 0.00013831648735031539
1.9200000000000004 -0.7400000000000002 0.00040511231298066716
1.9200000000000004 -0.6700000000000002 0.0010674986255230516
1.9200000000000004 -0.6000000000000001 0.0022366193317309314
1.9200000000000004 -0.53 0.003609942602705416
1.9200000000000004 -0.45999999999999996 0.0046646734839961455
1.9200000000000004 -0.3899999999999999 0.004997301786290514
1.9200000000000004 -0.32000000000000006 0.004437831351418207
1.9200000000000004 -0.25 0.0032006464298991334
1.9200000000000004 -0.17999999999999994 0.0018244169845299577
1.9200000000000004 -0.10999999999999988 0.00079429925841533
1.9200000000000004 -0.039999999999999813 0.00025370534173489804
1.9200000000000004 0.030000000000000027 5.698188185449116e-5
1.9200000000000004 0.10000000000000009 8.62742498921149e-6
1.9200000000000004 0.17000000000000015 8.44584063993468e-7
1.9200000000000004 0.2400000000000002 5.12687830926853e-8
1.9200000000000004 0.3100000000000003 1.8492304480851929e-9
1.9200000000000004 0.38000000000000034 3.7922384905484654e-11
1.9200000000000004 0.44999999999999996 4.221809161265574e-13
1.9200000000000004 0.5199999999999998 2.4292759824371604e-15
1.9899999999999995 -1.5099999999999998 1.9365828983452253e-15
1.9899999999999995 -1.44 1.0251920191460926e-13
1.9899999999999995 -1.37 4.1330094569735e-12
1.9899999999999995 -1.3 1.2436011553339436e-10
1.9899999999999995 -1.23 2.7396095801734982e-9
1.9899999999999995 -1.1600000000000001 4.335236556541593e-8
1.9899999999999995 -1.0899999999999999 4.84368394244e-7
1.9899999999999995 -1.02 3.780566181707901e-6
1.9899999999999995 -0.95 2.0790776500238924e-5
1.9899999999999995 -0.8799999999999999 8.499676027213924e-5
1.9899999999999995 -0.8099999999999998 0.00028909987066268655
1.9899999999999995 -0.7400000000000002 0.0008904796445361009
1.9899999999999995 -0.6700000000000002 0.0023641899784342165
1.9899999999999995 -0.6000000000000001 0.0049600513733621225
1.9899999999999995 -0.53 0.008066504779633984
1.9899999999999995 -0.45999999999999996 0.01046388420729035
1.9899999999999995 -0.3899999999999999 0.011104778998297697
1.9899999999999995 -0.32000000000000006 0.009661354291680592
1.9899999999999995 -0.25 0.006804837570993548
1.9899999999999995 -0.17999999999999994 0.003797600385687554
1.9899999999999995 -0.10999999999999988 0.001626276823308236
1.9899999999999995 -0.039999999999999813 0.000513249520247403
1.9899999999999995 0.030000000000000027 0.00011430053648414941
1.9899999999999995 0.10000000000000009 1.720228206607463e-5
1.9899999999999995 0.17000000000000015 1.6769113123710266e-6
1.9899999999999995 0.2400000000000002 1.014991101410696e-7
1.9899999999999995 0.3100000000000003 3.654325194995565e-9
1.9899999999999995 0.38000000000000034 7.486944306312263e-11
1.9899999999999995 0.44999999999999996 8.33339970184691e-13
1.9899999999999995 0.5199999999999998 4.797343800944595e-15
2.0599999999999996 -1.5099999999999998 2.3268073689102373e-15
2.0599999999999996 -1.44 1.2470471310369905e-13
2.0599999999999996 -1.37 5.0965785808266615e-12
2.0599999999999996 -1.3 1.55861961477569e-10
2.0599999999999996 -1.23 3.5048149668482334e-9
2.0599999999999996 -1.1600000000000001 5.70186877813273e-8
2.0599999999999996 -1.0899999999999999 6.627492386177873e-7
2.0599999999999996 -1.02 5.484912874109152e-6
2.0599999999999996 -0.95 3.286394141938769e-5
2.0599999999999996 -0.8799999999999999 0.00014998784440948445
2.0599999999999996 -0.8099999999999998 0.0005626870884536498
2.0599999999999996 -0.7400000000000002 0.0018062809589117909
2.0599999999999996 -0.6700000000000002 0.004795078868104471
2.0599999999999996 -0.6000000000000001 0.01002118853429902
2.0599999999999996 -0.53 0.016296657405874392
2.0599999999999996 -0.45999999999999996 0.020975490773823303
2.0599999999999996 -0.3899999999999999 0.021759400225910268
2.0599999999999996 -0.32000000000000006 0.018316067624252915
2.0599999999999996 -0.25 0.012459956595933625
2.0599999999999996 -0.17999999999999994 0.0067429075253627475
2.0599999999999996 -0.10999999999999988 0.0028176690900119437
2.0599999999999996 -0.039999999999999813 0.0008731603833923352
2.0599999999999996 0.030000000000000027 0.00019191857408062276
2.0599999999999996 0.10000000000000009 2.861727964358325e-5
2.0599999999999996 0.17000000000000015 2.7716409381123233e-6
2.0599999999999996 0.2400000000000002 1.6701686463055775e-7
2.0599999999999996 0.3100000000000003 5.995718444676465e-9
2.0599999999999996 0.38000000000000034 1.226258978927533e-10
2.0599999999999996 0.44999999999999996 1.363745028969254e-12
2.0599999999999996 0.5199999999999998 7.84972709722603e-15
2.13 -1.5099999999999998 2.1645717889951163e-15
2.13 -1.44 1.1985790602118016e-13
2.13 -1.37 5.077722197479599e-12
2.13 -1.3 1.6184468984837057e-10
2.13 -1.23 3.824362359676015e-9
2.13 -1.1600000000000001 6.616765857380305e-8
2.13 -1.0899999999999999 8.315647063559077e-7
2.13 -1.02 7.594222517841475e-6
2.13 -0.95 5.112108505541034e-5
2.13 -0.8799999999999999 0.0002617359626931961
2.13 -0.8099999999999998 0.0010600053146035777
2.13 -0.7400000000000002 0.0034719569788330463
2.13 -0.6700000000000002 0.009118842555237186
2.13 -0.6000000000000001 0.018815100684861242
2.13 -0.53 0.030241373766741474
2.13 -0.45999999999999996 0.03813181869627266
2.13 -0.3899999999999999 0.03822326120556871
2.13 -0.32000000000000006 0.030799145199249364
2.13 -0.25 0.02001749692898733
2.13 -0.17999999999999994 0.010389735845533786
2.13 -0.10999999999999988 0.0041935119647912135
2.13 -0.039999999999999813 0.0012651686348761797
2.13 0.030000000000000027 0.0002726631718741879
2.13 0.10000000000000009 4.009057213051225e-5
2.13 0.17000000000000015 3.844858213946411e-6
2.13 0.2400000000000002 2.3012513107992063e-7
2.13 0.3100000000000003 8.223832553477876e-9
2.13 0.38000000000000034 1.6770710627728509e-10
2.13 0.44999999999999996 1.861885989211446e-12
2.13 0.5199999999999998 1.0707805909300148e-14
2.2 -1.5099999999999998 2.0052394870334897e-15
2.2 -1.44 1.18605305770166e-13
2.2 -1.37 5.3724940685243425e-12
2.2 -1.3 1.8367470220383006e-10
2.2 -1.23 4.6778970625186375e-9
2.2 -1.1600000000000001 8.77586766911553e-8
2.2 -1.0899999999999999 1.2029032148302439e-6
2.2 -1.02 1.2012903145992327e-5
2.2 -0.95 8.789007609582586e-5
2.2 -0.8799999999999999 0.00047883291915605406
2.2 -0.8099999999999998 0.0019917681162739125
2.2 -0.7400000000000002 0.006475332786457014
2.2 -0.6700000000000002 0.016604269718313927
2.2 -0.6000000000000001 0.03339803832425488
2.2 -0.53 0.052303502964183186
2.2 -0.45999999999999996 0.06384039578190556
2.2 -0.3899999999999999 0.0613298978553636
2.2 -0.32000000000000006 0.046963914079768444
2.2 -0.25 0.02889217082036037
2.2 -0.17999999999999994 0.01421299479388506
2.2 -0.10999999999999988 0.0054707065027843
2.2 -0.039999999999999813 0.0015882213681753725
2.2 0.030000000000000027 0.0003324578727836829
2.2 0.10000000000000009 4.7860256371729075e-5
2.2 0.17000000000000015 4.5219699298932044e-6
2.2 0.2400000000000002 2.6786218420131114e-7
2.2 0.3100000000000003 9.505089928202432e-9
2.2 0.38000000000000034 1.9292738279741144e-10
2.2 0.44999999999999996 2.1354093882785738e-12
2.2 0.5199999999999998 1.2257925477892868e-14
2.2699999999999996 -1.5099999999999998 3.60834237807747e-15
2.2699999999999996 -1.44 2.1502567605128938e-13
2.2699999999999996 -1.37 9.826307435894762e-12
2.2699999999999996 -1.3 3.394097771613061e-10
2.2699999999999996 -1.23 8.742011853654761e-9
2.2699999999999996 -1.1600000000000001 1.6590772890037683e-7
2.2699999999999996 -1.0899999999999999 2.298787588877934e-6
2.2699999999999996 -1.02 2.314938396297359e-5
2.2699999999999996 -0.95 0.00016990340004906733
2.2699999999999996 -0.8799999999999999 0.0009203873376600495
2.2699999999999996 -0.8099999999999998 0.0037612467295571024
2.2699999999999996 -0.7400000000000002 0.011872104416576037
2.2699999999999996 -0.6700000000000002 0.02933933542316779
2.2699999999999996 -0.6000000000000001 0.05673900556642411
2.2699999999999996 -0.53 0.08537780779081483
2.2699999999999996 -0.45999999999999996 0.09992596032229416
2.2699999999999996 -0.3899999999999999 0.09162127677324908
2.2699999999999996 -0.32000000000000006 0.06649398001393608
2.2699999999999996 -0.25 0.038483157632236704
2.2699999999999996 -0.17999999999999994 0.01773611006637826
2.2699999999999996 -0.10999999999999988 0.006410719644157827
2.2699999999999996 -0.039999999999999813 0.001762547307906598
2.2699999999999996 0.030000000000000027 0.0003534016222917369
2.2699999999999996 0.10000000000000009 4.9271277803557735e-5
2.2699999999999996 0.17000000000000015 4.549530090446908e-6
2.2699999999999996 0.2400000000000002 2.6518312566104506e-7
2.2699999999999996 0.3100000000000003 9.305757781711324e-9
2.2699999999999996 0.38000000000000034 1.874538962427503e-10
2.2699999999999996 0.44999999999999996 2.0642769685797194e-12
2.2699999999999996 0.5199999999999998 1.1809208412161045e-14
2.34 -1.5099999999999998 9.335435118476823e-15
2.34 -1.44 5.348337117746343e-13
2.34 -1.37 2.3569226451962463e-11
2.34 -1.3 7.869558063577978e-10
2.34 -1.23 1.9627799845433942e-8
2.34 -1.1600000000000001 3.6115653410541745e-7
2.34 -1.0899999999999999 4.856038271860924e-6
2.34 -1.02 4.7486711627793747e-5
2.34 -0.95 0.000338556813310903
2.34 -0.8799999999999999 0.0017803051416832643
2.34 -0.8099999999999998 0.007041391078429697
2.34 -0.7400000000000002 0.021384736224945765
2.34 -0.6700000000000002 0.05049228010042376
2.34 -0.6000000000000001 0.09286364047540471
2.34 -0.53 0.13286020066657847
2.34 -0.45999999999999996 0.14821813269730894
2.34 -0.3899999999999999 0.1296479591138021
2.34 -0.32000000000000006 0.08932856720361813
2.34 -0.25 0.04855879713958103
2.34 -0.17999999999999994 0.020778660972626407
2.34 -0.10999999999999988 0.00693510013154066
2.34 -0.039999999999999813 0.0017680615557689608
2.34 0.030000000000000027 0.00033259574609612784
2.34 0.10000000000000009 4.412906139182353e-5
2.34 0.17000000000000015 3.928673541347661e-6
2.34 0.2400000000000002 2.2309527989737877e-7
2.34 0.3100000000000003 7.686635470740963e-9
2.34 0.38000000000000034 1.5288423284973626e-10
2.34 0.44999999999999996 1.668965852721611e-12
2.34 0.5199999999999998 9.490146409778585e-15
2.41 -1.5099999999999998 2.0722873507889738e-14
2.41 -1.44 1.1616721603677373e-12
2.41 -1.37 5.014753515630777e-11
2.41 -1.3 1.6419488984713363e-9
2.41 -1.23 4.019893275472572e-8
2.41 -1.1600000000000001 7.266866161189607e-7
2.41 -1.0899999999999999 9.605842676893504e-6
2.41 -1.02 9.237128765003111e-5
2.41 -0.95 0.0006470879362204581
2.41 -0.8799999999999999 0.0033332710089613218
2.41 -0.8099999999999998 0.012828553218029705
2.41 -0.7400000000000002 0.03752234612395718
2.41 -0.6700000000000002 0.08439391731859014
2.41 -0.6000000000000001 0.1468228295916512
2.41 -0.53 0.19866624469287505
2.41 -0.45999999999999996 0.21070573782559573
2.41 -0.3899999999999999 0.17608933077407357
2.41 -0.32000000000000006 0.11567942053789897
2.41 -0.25 0.05924983193041013
2.41 -0.17999999999999994 0.023458961016725656
2.41 -0.10999999999999988 0.007126872443287459
2.41 -0.039999999999999813 0.001643105706998451
2.41 0.030000000000000027 0.00028123800283648263
2.41 0.10000000000000009 3.44638131020867e-5
2.41 0.17000000000000015 2.8838109956817997e-6
2.41 0.2400000000000002 1.563779484028156e-7
2.41 0.3100000000000003 5.211127170891542e-9
2.41 0.38000000000000034 1.0122824537093648e-10
2.41 0.44999999999999996 1.0870527750849654e-12
2.41 0.5199999999999998 6.1103782265909865e-15
2.4800000000000004 -1.5099999999999998 3.800834273735899e-14
2.4800000000000004 -1.44 2.1159810979563714e-12
2.4800000000000004 -1.37 9.085558200318641e-11
2.4800000000000004 -1.3 2.964052903018841e-9
2.4800000000000004 -1.23 7.243535043660951e-8
2.4800000000000004 -1.1600000000000001 1.3092731574444005e-6
2.4800000000000004 -1.0899999999999999 1.7325549950738636e-5
2.4800000000000004 -1.02 0.00016677840112976308
2.4800000000000004 -0.95 0.0011666045437701959
2.4800000000000004 -0.8799999999999999 0.005961402617196788
2.4800000000000004 -0.8099999999999998 0.022502611183060493
2.4800000000000004 -0.7400000000000002 0.06361792635891586
2.4800000000000004 -0.6700000000000002 0.13644905875209565
2.4800000000000004 -0.6000000000000001 0.22458439484739393
2.4800000000000004 -0.53 0.2873413182878554
2.4800000000000004 -0.45999999999999996 0.2896882966220335
2.4800000000000004 -0.3899999999999999 0.23157014647786764
2.4800000000000004 -0.32000000000000006 0.1456002538553902
2.4800000000000004 -0.25 0.07069343891173223
2.4800000000000004 -0.17999999999999994 0.02601028887690094
2.4800000000000004 -0.10999999999999988 0.007155545223310497
2.4800000000000004 -0.039999999999999813 0.001458699085851865
2.4800000000000004 0.030000000000000027 0.0002179394158001998
2.4800000000000004 0.10000000000000009 2.3366650712963428e-5
2.4800000000000004 0.17000000000000015 1.7357120146048524e-6
2.4800000000000004 0.2400000000000002 8.526689463146172e-8
2.4800000000000004 0.3100000000000003 2.6289500670925795e-9
2.4800000000000004 0.38000000000000034 4.816969848599142e-11
2.4800000000000004 0.44999999999999996 4.959526704560268e-13
2.4800000000000004 0.5199999999999998 2.704693890466706e-15
2.55 -1.5099999999999998 6.286572176667763e-14
2.55 -1.44 3.503360849820034e-12
2.55 -1.37 1.5085098363426687e-10
2.55 -1.3 4.94456202754979e-9
2.55 -1.23 1.2162481466431218e-7
2.55 -1.1600000000000001 2.2158780788405956e-6
2.55 -1.0899999999999999 2.9570476142878875e-5
2.55 -1.02 0.0002866844575959815
2.55 -0.95 0.0020111179453133742
2.55 -0.8799999999999999 0.010221331727560408
2.55 -0.8099999999999998 0.03790040678325576
2.55 -0.7400000000000002 0.10374886061786484
2.55 -0.6700000000000002 0.2128067428282383
2.55 -0.6000000000000001 0.33262688537989504
2.55 -0.53 0.403695991488161
2.55 -0.45999999999999996 0.3872809667756497
2.55 -0.3899999999999999 0.2959790543569557
2.55 -0.32000000000000006 0.1783433170419442
2.55 -0.25 0.08261308192681698
2.55 -0.17999999999999994 0.02857382374967194
2.55 -0.10999999999999988 0.007193984133048774
2.55 -0.039999999999999813 0.0012914600143647528
2.55 0.030000000000000027 0.00016214333118979337
2.55 0.10000000000000009 1.3900989083169817e-5
2.55 0.17000000000000015 7.866283971894746e-7
2.55 0.2400000000000002 2.8065403582237828e-8
2.55 0.3100000000000003 5.974775104086606e-10
2.55 0.38000000000000034 7.140207500387719e-12
2.55 0.44999999999999996 4.477433039911074e-14
2.55 0.5199999999999998 1.2875054109018526e-16
2.62 -1.5099999999999998 1.0308546647831122e-13
2.62 -1.44 5.759914605647086e-12
2.62 -1.37 2.488813058459511e-10
2.62 -1.3 8.191709187609835e-9
2.62 -1.23 2.0240433997450455e-7
2.62 -1.1600000000000001 3.703339433150601e-6
2.62 -1.0899999999999999 4.957233746704276e-5
2.62 -1.02 0.0004807865419796631
2.62 -0.95 0.003357838431272362
2.62 -0.8799999999999999 0.01686462656389479
2.62 -0.8099999999999998 0.06119268455150439
2.62 -0.7400000000000002 0.16217903975928782
2.62 -0.6700000000000002 0.31920474855453473
2.62 -0.6000000000000001 0.4762279067431372
2.62 -0.53 0.5506164684293718
2.62 -0.45999999999999996 0.5032542539210724
2.62 -0.3899999999999999 0.3670857695511625
2.62 -0.32000000000000006 0.21179273372388424
2.62 -0.25 0.09410248108077299
2.62 -0.17999999999999994 0.031076760411589622
2.62 -0.10999999999999988 0.007354327286032574
2.62 -0.039999999999999813 0.0012010832483432847
2.62 0.030000000000000027 0.0001289983441303859
2.62 0.10000000000000009 8.340699712171762e-6
2.62 0.17000000000000015 2.4713452345399194e-7
2.62 0.2400000000000002 -3.2630696788736354e-9
2.62 0.3100000000000003 -4.779453510773965e-10
2.62 0.38000000000000034 -1.3997484283161201e-11
2.62 0.44999999999999996 -1.8323344244803393e-13
2.62 0.5199999999999998 -1.1600871759071719e-15
2.6900000000000004 -1.5099999999999998 1.7244825575127465e-13
2.6900000000000004 -1.44 9.631478696330517e-12
2.6900000000000004 -1.37 4.157899660504458e-10
2.6900000000000004 -1.3 1.3662506454852685e-8
2.6900000000000004 -1.23 3.3664469031017854e-7
2.6900000000000004 -1.1600000000000001 6.132920674176516e-6
2.6900000000000004 -1.0899999999999999 8.156323311999677e-5
2.6900000000000004 -1.02 0.0007835888847610801
2.6900000000000004 -0.95 0.005399007490498144
2.6900000000000004 -0.8799999999999999 0.026610873078777016
2.6900000000000004 -0.8099999999999998 0.09415978584565085
2.6900000000000004 -0.7400000000000002 0.24174791097777718
2.6900000000000004 -0.6700000000000002 0.45828370810312624
2.6900000000000004 -0.6000000000000001 0.655817521476771
2.6900000000000004 -0.53 0.7251609588851196
2.6900000000000004 -0.45999999999999996 0.6323327986561308
2.6900000000000004 -0.3899999999999999 0.4398664887622196
2.6900000000000004 -0.32000000000000006 0.24296144466524922
2.6900000000000004 -0.25 0.10410792977834911
2.6900000000000004 -0.17999999999999994 0.03339020883201358
2.6900000000000004 -0.10999999999999988 0.007700937609233465
2.6900000000000004 -0.039999999999999813 0.0012243865671170224
2.6900000000000004 0.030000000000000027 0.0001273006888582513
2.6900000000000004 0.10000000000000009 7.869001513835598e-6
2.6900000000000004 0.17000000000000015 2.1121873876232207e-7
2.6900000000000004 0.2400000000000002 -4.338008598596768e-9
2.6900000000000004 0.3100000000000003 -4.814437193438775e-10
2.6900000000000004 0.38000000000000034 -1.3601795907827725e-11
2.6900000000000004 0.44999999999999996 -1.7679529634184044e-13
2.6900000000000004 0.5199999999999998 -1.1297889917620569e-15
2.7600000000000007 -1.5099999999999998 2.8133801916104465e-13
2.7600000000000007 -1.44 1.5655294347241485e-11
2.7600000000000007 -1.37 6.727031828213452e-10
2.7600000000000007 -1.3 2.1976077594708525e-8
2.7600000000000007 -1.23 5.375869064886625e-7
2.7600000000000007 -1.1600000000000001 9.706510929764034e-6
2.7600000000000007 -1.0899999999999999 0.00012767803624924614
2.7600000000000007 -1.02 0.0012101833052394052
2.7600000000000007 -0.95 0.008201656422735475
2.7600000000000007 -0.8799999999999999 0.039618477511764415
2.7600000000000007 -0.8099999999999998 0.13681857632405245
2.7600000000000007 -0.7400000000000002 0.34130473577273973
2.7600000000000007 -0.6700000000000002 0.6259175093316827
2.7600000000000007 -0.6000000000000001 0.8630433947723122
2.7600000000000007 -0.53 0.9160941420591839
2.7600000000000007 -0.45999999999999996 0.7644816924147837
2.7600000000000007 -0.3899999999999999 0.5087412446234552
2.7600000000000007 -0.32000000000000006 0.27026746442547805
2.7600000000000007 -0.25 0.11272164811711105
2.7600000000000007 -0.17999999999999994 0.0357973515495114
2.7600000000000007 -0.10999999999999988 0.008362711977193857
2.7600000000000007 -0.039999999999999813 0.001394374785991451
2.7600000000000007 0.030000000000000027 0.0001621931365201252
2.7600000000000007 0.10000000000000009 1.2939845811555583e-5
2.7600000000000007 0.17000000000000015 6.955489596749284e-7
2.7600000000000007 0.2400000000000002 2.442505297979084e-8
2.7600000000000007 0.3100000000000003 5.289739931185267e-10
2.7600000000000007 0.38000000000000034 6.40178429332735e-12
2.7600000000000007 0.44999999999999996 3.578033149236609e-14
2.7600000000000007 0.5199999999999998 2.7382323126130455e-17
2.8299999999999996 -1.5099999999999998 4.2520384220579016e-13
2.8299999999999996 -1.44 2.3542509821464973e-11
2.8299999999999996 -1.37 1.005827870573842e-9
2.8299999999999996 -1.3 3.2643496817598e-8
2.8299999999999996 -1.23 7.925513217378038e-7
2.8299999999999996 -1.1600000000000001 1.418686424209337e-5
2.8299999999999996 -1.0899999999999999 0.0001847539739379026
2.8299999999999996 -1.02 0.0017308188538628247
2.8299999999999996 -0.95 0.011569226125321451
2.8299999999999996 -0.8799999999999999 0.05497200943539294
2.8299999999999996 -0.8099999999999998 0.18611861006114377
2.8299999999999996 -0.7400000000000002 0.4533944067473756
2.8299999999999996 -0.6700000000000002 0.8084454392669449
2.8299999999999996 -0.6000000000000001 1.0791972863617538
2.8299999999999996 -0.53 1.105132454637787
2.8299999999999996 -0.45999999999999996 0.8882900552942062
2.8299999999999996 -0.3899999999999999 0.5706278949718653
2.8299999999999996 -0.32000000000000006 0.2950138166412859
2.8299999999999996 -0.25 0.12157808140664232
2.8299999999999996 -0.17999999999999994 0.03902969598455913
2.8299999999999996 -0.10999999999999988 0.009518066573475996
2.8299999999999996 -0.039999999999999813 0.0017333907481375452
2.8299999999999996 0.030000000000000027 0.00023398320969677177
2.8299999999999996 0.10000000000000009 2.321306792805049e-5
2.8299999999999996 0.17000000000000015 1.646683941660919e-6
2.8299999999999996 0.2400000000000002 7.909044443247752e-8
2.8299999999999996 0.3100000000000003 2.395593935595468e-9
2.8299999999999996 0.38000000000000034 4.255257851130007e-11
2.8299999999999996 0.44999999999999996 4.1408808229743563e-13
2.8299999999999996 0.5199999999999998 2.073497943049335e-15
2.9 -1.5099999999999998 5.819652924822568e-13
2.9 -1.44 3.206810089958227e-11
2.9 -1.37 1.3630132118838034e-9
2.9 -1.3 4.398991884012575e-8
2.9 -1.23 1.0616476552822632e-6
2.9 -1.1600000000000001 1.888081737623741e-5
2.9 -1.0899999999999999 0.00024413332951728656
2.9 -1.02 0.0022687193680970747
2.9 -0.95 0.015022122149236806
2.9 -0.8799999999999999 0.0705634580356901
2.9 -0.8099999999999998 0.23548975204562736
2.9 -0.7400000000000002 0.5632769541769568
2.9 -0.6700000000000002 0.9817533794288481
2.9 -0.6000000000000001 1.2756627843411403
2.9 -0.53 1.2685815592569147
2.9 -0.45999999999999996 0.9913767424268592
2.9 -0.3899999999999999 0.6227464022235254
2.9 -0.32000000000000006 0.31813193247549676
2.9 -0.25 0.13149966127819468
2.9 -0.17999999999999994 0.04319942851719211
2.9 -0.10999999999999988 0.011062376367207147
2.9 -0.039999999999999813 0.0021783227843171268
2.9 0.030000000000000027 0.00032574305413836385
2.9 0.10000000000000009 3.606415613678692e-5
2.9 0.17000000000000015 2.8177391715873513e-6
2.9 0.2400000000000002 1.4562036356545574e-7
2.9 0.3100000000000003 4.648457341283588e-9
2.9 0.38000000000000034 8.593338093428985e-11
2.9 0.44999999999999996 8.664365717830406e-13
2.9 0.5199999999999998 4.51968998097573e-15
2.9699999999999998 -1.5099999999999998 7.183937915775028e-13
2.9699999999999998 -1.44 3.944617640017079e-11
2.9699999999999998 -1.37 1.6703016499979956e-9
2.9699999999999998 -1.3 5.369214464375892e-8
2.9699999999999998 -1.23 1.2903701471299672e-6
2.9699999999999998 -1.1600000000000001 2.2847422941357145e-5
2.9699999999999998 -1.0899999999999999 0.00029402877204162626
2.9699999999999998 -1.02 0.0027180388101370892
2.9699999999999998 -0.95 0.01788564591189755
2.9699999999999998 -0.8799999999999999 0.08335901903832213
2.9699999999999998 -0.8099999999999998 0.2753294421652469
2.9699999999999998 -0.7400000000000002 0.649518202218261
2.9699999999999998 -0.6700000000000002 1.1119620056956308
2.9699999999999998 -0.6000000000000001 1.4143356187758191
2.9699999999999998 -0.53 1.3756105473116258
2.9699999999999998 -0.45999999999999996 1.0549949960896787
2.9699999999999998 -0.3899999999999999 0.6553307157610028
2.9699999999999998 -0.32000000000000006 0.33431701874095415
2.9699999999999998 -0.25 0.1394143822038041
2.9699999999999998 -0.17999999999999994 0.046710147588679946
2.9699999999999998 -0.10999999999999988 0.012348633680497363
2.9699999999999998 -0.039999999999999813 0.0025387342184366108
2.9699999999999998 0.030000000000000027 0.0003984298802625595
2.9699999999999998 0.10000000000000009 4.610622227163116e-5
2.9699999999999998 0.17000000000000015 3.7263145985600375e-6
2.9699999999999998 0.2400000000000002 1.9709067773327358e-7
2.9699999999999998 0.3100000000000003 6.391508739458711e-9
2.9699999999999998 0.38000000000000034 1.1957472089153355e-10
2.9699999999999998 0.44999999999999996 1.2186687377169584e-12
2.9699999999999998 0.5199999999999998 6.437194955686585e-15
3.0399999999999996 -1.5099999999999998 7.984670814835211e-13
3.0399999999999996 -1.44 4.3770060723241844e-11
3.0399999999999996 -1.37 1.8497653504816498e-9
3.0399999999999996 -1.3 5.932617731534794e-8
3.0399999999999996 -1.23 1.4221183316070548e-6
3.0399999999999996 -1.1600000000000001 2.5107797659941085e-5
3.0399999999999996 -1.0899999999999999 0.00032206330253668373
3.0399999999999996 -1.02 0.0029657903871231836
3.0399999999999996 -0.95 0.019423904309263836
3.0399999999999996 -0.8799999999999999 0.08997543963032861
3.0399999999999996 -0.8099999999999998 0.2947510351419579
3.0399999999999996 -0.7400000000000002 0.6877073941813536
3.0399999999999996 -0.6700000000000002 1.1607863388470927
3.0399999999999996 -0.6000000000000001 1.4522901456734716
3.0399999999999996 -0.53 1.3896330626647553
3.0399999999999996 -0.45999999999999996 1.0524730444982295
3.0399999999999996 -0.3899999999999999 0.6499180264628674
3.0399999999999996 -0.32000000000000006 0.33180251934130556
3.0399999999999996 -0.25 0.13909178466413158
3.0399999999999996 -0.17999999999999994 0.046977457073173655
3.0399999999999996 -0.10999999999999988 0.01254999427417661
3.0399999999999996 -0.039999999999999813 0.002612483054470346
3.0399999999999996 0.030000000000000027 0.0004152201450949638
3.0399999999999996 0.10000000000000009 4.855807667630097e-5
3.0399999999999996 0.17000000000000015 3.9539556861678685e-6
3.0399999999999996 0.2400000000000002 2.1020326042181318e-7
3.0399999999999996 0.3100000000000003 6.8439115268372875e-9
3.0399999999999996 0.38000000000000034 1.2852725821702286e-10
3.0399999999999996 0.44999999999999996 1.3154382696939204e-12
3.0399999999999996 0.5199999999999998 6.985521380207415e-15
3.11 -1.5099999999999998 7.936522300682939e-13
3.11 -1.44 4.35204563016694e-11
3.11 -1.37 1.8390690445540408e-9
3.11 -1.3 5.895083688850093e-8
3.11 -1.23 1.4116400292572253e-6
3.11 -1.1600000000000001 2.4882793546762213e-5
3.11 -1.0899999999999999 0.00031845658094585756
3.11 -1.02 0.0029235896131467798
3.11 -0.95 0.019068765345101577
3.11 -0.8799999999999999 0.08784392512826718
3.11 -0.8099999999999998 0.28565931633233627
3.11 -0.7400000000000002 0.6601437838999914
3.11 -0.6700000000000002 1.1011802254524918
3.11 -0.6000000000000001 1.3596039084670675
3.11 -0.53 1.2843953683294
3.11 -0.45999999999999996 0.9630134596386039
3.11 -0.3899999999999999 0.5911133730876847
3.11 -0.32000000000000006 0.3010293229426113
3.11 -0.25 0.12608879182751592
3.11 -0.17999999999999994 0.042546552315204496
3.11 -0.10999999999999988 0.01134072546336471
3.11 -0.039999999999999813 0.0023504792502053165
3.11 0.030000000000000027 0.00037111339471742076
3.11 0.10000000000000009 4.305586816782636e-5
3.11 0.17000000000000015 3.479253047641513e-6
3.11 0.2400000000000002 1.8387757208649772e-7
3.11 0.3100000000000003 5.9651122421790886e-9
3.11 0.38000000000000034 1.11852470098018e-10
3.11 0.44999999999999996 1.1448322474892471e-12
3.11 0.5199999999999998 6.085980331695395e-15
3.18 -1.5099999999999998 6.975564822933565e-13
3.18 -1.44 3.833336349250743e-11
3.18 -1.37 1.6226397658050924e-9
3.18 -1.3 5.207508586909552e-8
3.18 -1.23 1.2477341558049098e-6
3.18 -1.1600000000000001 2.199152968009983e-5
3.18 -1.0899999999999999 0.00028119591637592375
3.18 -1.02 0.0025765900420522824
3.18 -0.95 0.01675267239558457
3.18 -0.8799999999999999 0.0768124702967173
3.18 -0.8099999999999998 0.2481428350065793
3.18 -0.7400000000000002 0.5684570016096507
3.18 -0.6700000000000002 0.9381376015999365
3.18 -0.6000000000000001 1.1446728784239004
3.18 -0.53 1.068905957629017
3.18 -0.45999999999999996 0.793300535223213
3.18 -0.3899999999999999 0.48280741359151125
3.18 -0.32000000000000006 0.24423980223705405
3.18 -0.25 0.10183982786182405
3.18 -0.17999999999999994 0.034252851016845824
3.18 -0.10999999999999988 0.009086425359333272
3.18 -0.039999999999999813 0.0018644609131608213
3.18 0.030000000000000027 0.00028934462657880417
3.18 0.10000000000000009 3.2815207667433404e-5
3.18 0.17000000000000015 2.5894540327177436e-6
3.18 0.2400000000000002 1.3403916635894246e-7
3.18 0.3100000000000003 4.279497740465132e-9
3.18 0.38000000000000034 7.93423013312059e-11
3.18 0.44999999999999996 8.0572261118789e-13
3.18 0.5199999999999998 4.258309846411924e-15
3.25 -1.5099999999999998 5.361398247211178e-13
3.25 -1.44 2.957696138759754e-11
3.25 -1.37 1.2564102391562016e-9
3.25 -1.3 4.044930393178644e-8
3.25 -1.23 9.718029452118096e-7
3.25 -1.1600000000000001 1.7164933747260665e-5
3.25 -1.0899999999999999 0.0002197926034308756
3.25 -1.02 0.002014892022858906
3.25 -0.95 0.013089645570983825
3.25 -0.8799999999999999 0.05986043741600452
3.25 -0.8099999999999998 0.19242164526039804
3.25 -0.7400000000000002 0.4373956371362185
3.25 -0.6700000000000002 0.7143049105591524
3.25 -0.6000000000000001 0.8610031313656877
3.25 -0.53 0.7942284661887965
3.25 -0.45999999999999996 0.5827222948041094
3.25 -0.3899999999999999 0.3507630799249566
3.25 -0.32000000000000006 0.17573640298731338
3.25 -0.25 0.07286966446239523
3.25 -0.17999999999999994 0.024482269812994988
3.25 -0.10999999999999988 0.006482238020499067
3.25 -0.039999999999999813 0.0013148059103094203
3.25 0.030000000000000027 0.0001983781345498234
3.25 0.10000000000000009 2.1511943292411875e-5
3.25 0.17000000000000015 1.6072270186499741e-6
3.25 0.2400000000000002 7.871777657929189e-8
3.25 0.3100000000000003 2.3921554895490167e-9
3.25 0.38000000000000034 4.257222551261887e-11
3.25 0.44999999999999996 4.1820315013011694e-13
3.25 0.5199999999999998 2.152020060351121e-15
3.32 -1.5099999999999998 3.5889386468225564e-13
3.32 -1.44 1.991143426358331e-11
3.32 -1.37 8.505964182838861e-10
3.32 -1.3 2.7538733206226066e-8
3.32 -1.23 6.653133970322512e-7
3.32 -1.1600000000000001 1.1815029552854345e-5
3.32 -1.0899999999999999 0.00015205363555493624
3.32 -1.02 0.0013999943379786107
3.32 -0.95 0.009123257257192383
3.32 -0.8799999999999999 0.041763671192743004
3.32 -0.8099999999999998 0.1339545262973528
3.32 -0.7400000000000002 0.30252393743969863
3.32 -0.6700000000000002 0.4885932757180824
3.32 -0.6000000000000001 0.5805563817054942
3.32 -0.53 0.5277217174182032
3.32 -0.45999999999999996 0.38208826839936866
3.32 -0.3899999999999999 0.2271124727024881
3.32 -0.32000000000000006 0.11251273522662611
3.32 -0.25 0.046418353066379696
3.32 -0.17999999999999994 0.01564468866476021
3.32 -0.10999999999999988 0.0041564348678489
3.32 -0.039999999999999813 0.0008332609983498889
3.32 0.030000000000000027 0.00012057534789488608
3.32 0.10000000000000009 1.2061733128409136e-5
3.32 0.17000000000000015 7.994153473743336e-7
3.32 0.2400000000000002 3.36326607384348e-8
3.32 0.3100000000000003 8.592455361212145e-10
3.32 0.38000000000000034 1.2705271983326099e-11
3.32 0.44999999999999996 1.0294599935771993e-13
3.32 0.5199999999999998 4.37164737281598e-16
3.39 -1.5099999999999998 2.1198484327420706e-13
3.39 -1.44 1.1849514364436763e-11
3.39 -1.37 5.102367852585704e-10
3.39 -1.3 1.666004021547598e-8
3.39 -1.23 4.061250659357598e-7
3.39 -1.1600000000000001 7.280006809692819e-6
3.39 -1.0899999999999999 9.457944185246032e-5
3.39 -1.02 0.0008786977506718556
3.39 -0.95 0.00577033791204361
3.39 -0.8799999999999999 0.026547593171224734
3.39 -0.8099999999999998 0.08519389340304814
3.39 -0.7400000000000002 0.19127235521123373
3.39 -0.6700000000000002 0.30485114600043006
3.39 -0.6000000000000001 0.3554709358001349
3.39 -0.53 0.3168602346310082
3.39 -0.45999999999999996 0.22569952731268925
3.39 -0.3899999999999999 0.13227049888268713
3.39 -0.32000000000000006 0.06472909328732501
3.39 -0.25 0.026617630374568498
3.39 -0.17999999999999994 0.009067358875940705
3.39 -0.10999999999999988 0.002444562579418061
3.39 -0.039999999999999813 0.0004888695641002082
3.39 0.030000000000000027 6.774868915299668e-5
3.39 0.10000000000000009 6.059700049798085e-6
3.39 0.17000000000000015 3.191349672795021e-7
3.39 0.2400000000000002 8.24871783706947e-9
3.39 0.3100000000000003 3.031904106252305e-11
3.39 0.38000000000000034 -2.99106653315525e-12
3.39 0.44999999999999996 -5.938382010478336e-14
3.39 0.5199999999999998 -4.328926170859114e-16
3.4600000000000004 -1.5099999999999998 1.1536597812901437e-13
3.4600000000000004 -1.44 6.503631886094656e-12
3.4600000000000004 -1.37 2.8270748199751337e-10
3.4600000000000004 -1.3 9.328426887864294e-9
3.4600000000000004 -1.23 2.3002202715408528e-7
3.4600000000000004 -1.1600000000000001 4.173668968570717e-6
3.4600000000000004 -1.0899999999999999 5.4897199318792746e-5
3.4600000000000004 -1.02 0.0005160617980225692
3.4600000000000004 -0.95 0.0034227381564045064
3.4600000000000004 -0.8799999999999999 0.015846433409667595
3.4600000000000004 -0.8099999999999998 0.05086891075558508
3.4600000000000004 -0.7400000000000002 0.11327153160735479
3.4600000000000004 -0.6700000000000002 0.17724618511141088
3.4600000000000004 -0.6000000000000001 0.20123478155178848
3.4600000000000004 -0.53 0.1743908983284979
3.4600000000000004 -0.45999999999999996 0.12141349150639527
3.4600000000000004 -0.3899999999999999 0.0698714424938104
3.4600000000000004 -0.32000000000000006 0.03369569955372373
3.4600000000000004 -0.25 0.013850116953457295
3.4600000000000004 -0.17999999999999994 0.0048289440532817965
3.4600000000000004 -0.10999999999999988 0.0013485093282875349
3.4600000000000004 -0.039999999999999813 0.0002760486959566412
3.4600000000000004 0.030000000000000027 3.7828400185125724e-5
3.4600000000000004 0.10000000000000009 3.1267670489082994e-6
3.4600000000000004 0.17000000000000015 1.2661096124635743e-7
3.4600000000000004 0.2400000000000002 1.409268941873758e-10
3.4600000000000004 0.3100000000000003 -1.790368679841425e-10
3.4600000000000004 0.38000000000000034 -6.146953715771215e-12
3.4600000000000004 0.44999999999999996 -8.566404078232616e-14
3.4600000000000004 0.5199999999999998 -5.491133303280575e-16
3.5300000000000002 -1.5099999999999998 6.233576880885187e-14
3.5300000000000002 -1.44 3.5373423847141277e-12
3.5300000000000002 -1.37 1.5496286621419556e-10
3.5300000000000002 -1.3 5.1586689438407135e-9
3.5300000000000002 -1.23 1.284390141579759e-7
3.5300000000000002 -1.1600000000000001 2.354049927382061e-6
3.5300000000000002 -1.0899999999999999 3.1267994557012156e-5
3.5300000000000002 -1.02 0.0002964580743138165
3.5300000000000002 -0.95 0.0019779450772354898
3.5300000000000002 -0.8799999999999999 0.009170934296098953
3.5300000000000002 -0.8099999999999998 0.029281385151598477
3.5300000000000002 -0.7400000000000002 0.06422579530306906
3.5300000000000002 -0.6700000000000002 0.09781915005252315
3.5300000000000002 -0.6000000000000001 0.10691926235511909
3.5300000000000002 -0.53 0.08889970106528217
3.5300000000000002 -0.45999999999999996 0.05976660035884829
3.5300000000000002 -0.3899999999999999 0.03345563526840402
3.5300000000000002 -0.32000000000000006 0.01579386761045751
3.5300000000000002 -0.25 0.0064976994190681925
3.5300000000000002 -0.17999999999999994 0.002351492387393345
3.5300000000000002 -0.10999999999999988 0.0006952257742140606
3.5300000000000002 -0.039999999999999813 0.00014986655966901734
3.5300000000000002 0.030000000000000027 2.127481225378672e-5
3.5300000000000002 0.10000000000000009 1.78714869872198e-6
3.5300000000000002 0.17000000000000015 7.115764383185008e-8
3.5300000000000002 0.2400000000000002 -1.701638753345943e-10
3.5300000000000002 0.3100000000000003 -1.1752331158351037e-10
3.5300000000000002 0.38000000000000034 -3.921640761889273e-12
3.5300000000000002 0.44999999999999996 -5.4237587432242976e-14
3.5300000000000002 0.5199999999999998 -3.475754930967603e-16
3.6 -1.5099999999999998 3.549409618471938e-14
3.6 -1.44 2.017025385781637e-12
3.6 -1.37 8.853607304962702e-11
3.6 -1.3 2.9542026709846494e-9
3.6 -1.23 7.37274054508089e-8
3.6 -1.1600000000000001 1.3539558326049996e-6
3.6 -1.0899999999999999 1.8001441337223914e-5
3.6 -1.02 0.00017052608001268663
3.6 -0.95 0.0011333879857038528
3.6 -0.8799999999999999 0.005211570050310864
3.6 -0.8099999999999998 0.016393641820462906
3.6 -0.7400000000000002 0.03509419306519401
3.6 -0.6700000000000002 0.05151722321473871
3.6 -0.6000000000000001 0.05354388552568118
3.6 -0.53 0.042019517689406365
3.6 -0.45999999999999996 0.02679360033463242
3.6 -0.3899999999999999 0.01435715958074234
3.6 -0.32000000000000006 0.006549219889933267
3.6 -0.25 0.002685187641669579
3.6 -0.17999999999999994 0.0010166544805762627
3.6 -0.10999999999999988 0.00032156331630960977
3.6 -0.039999999999999813 7.374117063284571e-5
3.6 0.030000000000000027 1.1053835010577595e-5
3.6 0.10000000000000009 9.90721520468175e-7
3.6 0.17000000000000015 4.5595064842895396e-8
3.6 0.2400000000000002 4.956704355325418e-10
3.6 0.3100000000000003 -3.929750258803674e-11
3.6 0.38000000000000034 -1.592846065655083e-12
3.6 0.44999999999999996 -2.3367772699609857e-14
3.6 0.5199999999999998 -1.5472205724201463e-16
3.670000000000001 -1.5099999999999998 2.0848928728273962e-14
3.670000000000001 -1.44 1.1810564055607792e-12
3.670000000000001 -1.37 5.165496848737125e-11
3.670000000000001 -1.3 1.716238666617998e-9
3.670000000000001 -1.23 4.261161944889493e-8
3.670000000000001 -1.1600000000000001 7.775946739173052e-7
3.670000000000001 -1.0899999999999999 1.0257067137042113e-5
3.670000000000001 -1.02 9.619659418978296e-5
3.670000000000001 -0.95 0.0006311885649824622
3.670000000000001 -0.8799999999999999 0.002853861995009494
3.670000000000001 -0.8099999999999998 0.008776835667524014
3.670000000000001 -0.7400000000000002 0.018214333007018916
3.670000000000001 -0.6700000000000002 0.025599237139786585
3.670000000000001 -0.6000000000000001 0.025060831355450883
3.670000000000001 -0.53 0.01826631308386581
3.670000000000001 -0.45999999999999996 0.010811685982309208
3.670000000000001 -0.3899999999999999 0.0054304195289115505
3.670000000000001 -0.32000000000000006 0.002348369054191732
3.670000000000001 -0.25 0.0009463924485461903
3.670000000000001 -0.17999999999999994 0.0003730231212061948
3.670000000000001 -0.10999999999999988 0.00012548344873482932
3.670000000000001 -0.039999999999999813 3.032886807932132e-5
3.670000000000001 0.030000000000000027 4.754779958531519e-6
3.670000000000001 0.10000000000000009 4.4970062997681424e-7
3.670000000000001 0.17000000000000015 2.3093778168109594e-8
3.670000000000001 0.2400000000000002 4.6276372055751993e-10
3.670000000000001 0.3100000000000003 -7.170005678357087e-12
3.670000000000001 0.38000000000000034 -4.79248348957647e-13
3.670000000000001 0.44999999999999996 -7.765348179451814e-15
3.670000000000001 0.5199999999999998 -5.4067604691875635e-17
3.7399999999999993 -1.5099999999999998 1.1657687151700468e-14
3.7399999999999993 -1.44 6.574320325119896e-13
3.7399999999999993 -1.37 2.859390278435989e-11
3.7399999999999993 -1.3 9.435799548804071e-10
3.7399999999999993 -1.23 2.3235893166624546e-8
3.7399999999999993 -1.1600000000000001 4.19878545532371e-7
3.7399999999999993 -1.0899999999999999 5.474394378607608e-6
3.7399999999999993 -1.02 5.063744682164887e-5
3.7399999999999993 -0.95 0.000326817641023139
3.7399999999999993 -0.8799999999999999 0.0014483942530421482
3.7399999999999993 -0.8099999999999998 0.00434453778070065
3.7399999999999993 -0.7400000000000002 0.008727317289854663
3.7399999999999993 -0.6700000000000002 0.011729177755236493
3.7399999999999993 -0.6000000000000001 0.010775030385029494
3.7399999999999993 -0.53 0.007206086529359557
3.7399999999999993 -0.45999999999999996 0.003871395504098471
3.7399999999999993 -0.3899999999999999 0.0017798830367943246
3.7399999999999993 -0.32000000000000006 0.0007130914126463235
3.7399999999999993 -0.25 0.0002744655883811864
3.7399999999999993 -0.17999999999999994 0.00010932046308250041
3.7399999999999993 -0.10999999999999988 3.805202500564606e-5
3.7399999999999993 -0.039999999999999813 9.455475948633886e-6
3.7399999999999993 0.030000000000000027 1.5129846046778834e-6
3.7399999999999993 0.10000000000000009 1.4623039838656391e-7
3.7399999999999993 0.17000000000000015 7.817801505054122e-9
3.7399999999999993 0.2400000000000002 1.8185138462942178e-10
3.7399999999999993 0.3100000000000003 -8.898649934697002e-13
3.7399999999999993 0.38000000000000034 -1.2231464946883437e-13
3.7399999999999993 0.44999999999999996 -2.130998772483508e-15
3.7399999999999993 0.5199999999999998 -1.547897947426136e-17
3.8099999999999996 -1.5099999999999998 5.770358732720345e-15
3.8099999999999996 -1.44 3.2415603186265223e-13
3.8099999999999996 -1.37 1.4027459636472144e-11
3.8099999999999996 -1.3 4.599561752178533e-10
3.8099999999999996 -1.23 1.1238322175026272e-8
3.8099999999999996 -1.1600000000000001 2.0117619116014111e-7
3.8099999999999996 -1.0899999999999999 2.5937300236715133e-6
3.8099999999999996 -1.02 2.367606965864762e-5
3.8099999999999996 -0.95 0.00015043029629464182
3.8099999999999996 -0.8799999999999999 0.000654281401444286
3.8099999999999996 -0.8099999999999998 0.0019177835279265767
3.8099999999999996 -0.7400000000000002 0.003739515243668711
3.8099999999999996 -0.6700000000000002 0.004822869637935044
3.8099999999999996 -0.6000000000000001 0.004166088823382794
3.8099999999999996 -0.53 0.0025397072690363826
3.8099999999999996 -0.45999999999999996 0.0012113409160224597
3.8099999999999996 -0.3899999999999999 0.0004964855842446016
3.8099999999999996 -0.32000000000000006 0.00017986112593609802
3.8099999999999996 -0.25 6.223522868441853e-5
3.8099999999999996 -0.17999999999999994 2.2497608718394973e-5
3.8099999999999996 -0.10999999999999988 7.331970694862385e-6
3.8099999999999996 -0.039999999999999813 1.7353213478660765e-6
3.8099999999999996 0.030000000000000027 2.648821646620132e-7
3.8099999999999996 0.10000000000000009 2.4118133266664352e-8
3.8099999999999996 0.17000000000000015 1.1577712964591175e-9
3.8099999999999996 0.2400000000000002 1.7813944984383386e-11
3.8099999999999996 0.3100000000000003 -6.558428649722745e-13
3.8099999999999996 0.38000000000000034 -3.1141652970754243e-14
3.8099999999999996 0.44999999999999996 -4.748333681451925e-16
3.8099999999999996 0.5199999999999998 -3.3827940517208075e-18
3.88 -1.5099999999999998 2.4177644516325485e-15
3.88 -1.44 1.354291022956251e-13
3.88 -1.37 5.837734823590063e-12
3.88 -1.3 1.9045841331026212e-10
3.88 -1.23 4.624488448096033e-9
3.88 -1.1600000000000001 8.215227818052363e-8
3.88 -1.0899999999999999 1.0494951605287945e-6
3.88 -1.02 9.475793680931474e-6
3.88 -0.95 5.942773929117054e-5
3.88 -0.8799999999999999 0.00025446663878123457
3.88 -0.8099999999999998 0.0007316600183307294
3.88 -0.7400000000000002 0.0013915751829186888
3.88 -0.6700000000000002 0.0017327355388241613
3.88 -0.6000000000000001 0.001415939119803162
3.88 -0.53 0.0007857753352778698
3.88 -0.45999999999999996 0.000325099470413825
3.88 -0.3899999999999999 0.00011468277568390747
3.88 -0.32000000000000006 3.659037164210371e-5
3.88 -0.25 9.662623108237108e-6
3.88 -0.17999999999999994 1.5011712300297052e-6
3.88 -0.10999999999999988 -1.645608089275973e-7
3.88 -0.039999999999999813 -1.635869207002719e-7
3.88 0.030000000000000027 -4.2479817548991916e-8
3.88 0.10000000000000009 -5.853362746385303e-9
3.88 0.17000000000000015 -4.659819876162901e-10
3.88 0.2400000000000002 -2.159890132316852e-11
3.88 0.3100000000000003 -5.717349698645785e-13
3.88 0.38000000000000034 -8.352060548565903e-15
3.88 0.44999999999999996 -6.443841736900361e-17
3.88 0.5199999999999998 -3.2402967525526234e-19
3.95 -1.5099999999999998 8.34985309474916e-16
3.95 -1.44 4.667582911637746e-14
3.95 -1.37 2.0062920456545653e-12
3.95 -1.3 6.5213022880846e-11
3.95 -1.23 1.5759928728878869e-9
3.95 -1.1600000000000001 2.7834884985446625e-8
3.95 -1.0899999999999999 3.5309598095603405e-7
3.95 -1.02 3.1612248803435015e-6
3.95 -0.95 1.962582091524004e-5
3.95 -0.8799999999999999 8.301451657063107e-5
3.95 -0.8099999999999998 0.0002351018828722519
3.95 -0.7400000000000002 0.00043840305406240795
3.95 -0.6700000000000002 0.0005305527825198834
3.95 -0.6000000000000001 0.0004133557331452901
3.95 -0.53 0.00020932552525369417
3.95 -0.45999999999999996 7.304262064623349e-5
3.95 -0.3899999999999999 2.077532212568481e-5
3.95 -0.32000000000000006 5.56878145950062e-6
3.95 -0.25 3.7058231014007515e-7
3.95 -0.17999999999999994 -1.135545717838876e-6
3.95 -0.10999999999999988 -8.116197594399513e-7
3.95 -0.039999999999999813 -2.762879885458629e-7
3.95 0.030000000000000027 -5.372120134215686e-8
3.95 0.10000000000000009 -6.170927439017176e-9
3.95 0.17000000000000015 -4.1404945106500865e-10
3.95 0.2400000000000002 -1.5529325439615142e-11
3.95 0.3100000000000003 -2.954647346504292e-13
3.95 0.38000000000000034 -2.0972264795771613e-15
3.95 0.44999999999999996 8.094416325035507e-18
3.95 0.5199999999999998 1.4849079559705774e-19
4.02 -1.5099999999999998 2.3332722530315027e-16
4.02 -1.44 1.30246221575834e-14
4.02 -1.37 5.587167763898001e-13
4.02 -1.3 1.811187535424071e-11
4.02 -1.23 4.3620223981921255e-10
4.02 -1.1600000000000001 7.671160894382947e-9
4.02 -1.0899999999999999 9.680280401530668e-8
4.02 -1.02 8.611867586948394e-7
4.02 -0.95 5.3058054423108045e-6
4.02 -0.8799999999999999 2.2235709117555426e-5
4.02 -0.8099999999999998 6.225145618834593e-5
4.02 -0.7400000000000002 0.00011433735924029379
4.02 -0.6700000000000002 0.00013531415589390592
4.02 -0.6000000000000001 0.00010132048338602266
4.02 -0.53 4.704118824523287e-5
4.02 -0.45999999999999996 1.3319678327534422e-5
4.02 -0.3899999999999999 2.5764798723583827e-6
4.02 -0.32000000000000006 4.702547794423536e-7
4.02 -0.25 -3.483054182718653e-7
4.02 -0.17999999999999994 -6.126414597117373e-7
4.02 -0.10999999999999988 -3.748631521100951e-7
4.02 -0.039999999999999813 -1.2208460390602274e-7
4.02 0.030000000000000027 -2.3135497012648814e-8
4.02 0.10000000000000009 -2.5965114031880056e-9
4.02 0.17000000000000015 -1.692974221489805e-10
4.02 0.2400000000000002 -6.062822650487879e-12
4.02 0.3100000000000003 -1.0396504611961269e-13
4.02 0.38000000000000034 -4.308826633092859e-16
4.02 0.44999999999999996 8.606174011082622e-18
4.02 0.5199999999999998 9.659903357957591e-20
4.09 -1.5099999999999998 5.1952396748012165e-17
4.09 -1.44 2.8972377361588948e-15
4.09 -1.37 1.2410630725528637e-13
4.09 -1.3 4.0154083457704325e-12
4.09 -1.23 9.646576094358246e-11
4.09 -1.1600000000000001 1.691179513579158e-9
4.09 -1.0899999999999999 2.1259216582536114e-8
4.09 -1.02 1.8824672228725055e-7
4.09 -0.95 1.1532562187078227e-6
4.09 -0.8799999999999999 4.799953990228341e-6
4.09 -0.8099999999999998 1.3323277393999868e-5
4.09 -0.7400000000000002 2.4194547757799194e-5
4.09 -0.6700000000000002 2.814707016102808e-5
4.09 -0.6000000000000001 2.0405826809092083e-5
4.09 -0.53 8.740471651123967e-6
4.09 -0.45999999999999996 1.8969279760601316e-6
4.09 -0.3899999999999999 1.0290400426316293e-7
4.09 -0.32000000000000006 -3.898020058743142e-8
4.09 -0.25 -1.3705214103392723e-7
4.09 -0.17999999999999994 -1.8135089430052012e-7
4.09 -0.10999999999999988 -1.0755752823838555e-7
4.09 -0.039999999999999813 -3.466817458032705e-8
4.09 0.030000000000000027 -6.519965505790198e-9
4.09 0.10000000000000009 -7.256745937542553e-10
4.09 0.17000000000000015 -4.676889558236918e-11
4.09 0.2400000000000002 -1.6406294376876843e-12
4.09 0.3100000000000003 -2.6678544692610806e-14
4.09 0.38000000000000034 -6.658568876918663e-17
4.09 0.44999999999999996 3.0371859101626333e-18
4.09 0.5199999999999998 3.118559558998231e-20
4.16 -1.5099999999999998 9.086997436913351e-18
4.16 -1.44 5.064222355696293e-16
4.16 -1.37 2.1671632111937842e-14
4.16 -1.3 7.002203706588768e-13
4.16 -1.23 1.6792063551603685e-11
4.16 -1.1600000000000001 2.9372588330926526e-10
4.16 -1.0899999999999999 3.6820507533952575e-9
4.16 -1.02 3.2493280253955627e-8
4.16 -0.95 1.9824441321213331e-7
4.16 -0.8799999999999999 8.209740719605544e-7
4.16 -0.8099999999999998 2.2645305684535696e-6
4.16 -0.7400000000000002 4.078043865674505e-6
4.16 -0.6700000000000002 4.683404363206861e-6
4.16 -0.6000000000000001 3.3089002114072846e-6
4.16 -0.53 1.3176944948430348e-6
4.16 -0.45999999999999996 2.004208261884381e-7
4.16 -0.3899999999999999 -3.91122225521102e-8
4.16 -0.32000000000000006 -2.311313448515654e-8
4.16 -0.25 -3.071165760423586e-8
4.16 -0.17999999999999994 -3.7374892225680045e-8
4.16 -0.10999999999999988 -2.1968381641159572e-8
4.16 -0.039999999999999813 -7.057422664092954e-9
4.16 0.030000000000000027 -1.3229660655769944e-9
4.16 0.10000000000000009 -1.4662943683693232e-10
4.16 0.17000000000000015 -9.389945636281968e-12
4.16 0.2400000000000002 -3.254532384183436e-13
4.16 0.3100000000000003 -5.118458439760209e-15
4.16 0.38000000000000034 -7.192820960166784e-18
4.16 0.44999999999999996 6.882319054440451e-19
4.16 0.5199999999999998 6.796917865058239e-21
4.23 -1.5099999999999998 1.2314025129601423e-18
4.23 -1.44 6.859627912975934e-17
4.23 -1.37 2.9334709395482436e-15
4.23 -1.3 9.469108173973296e-14
4.23 -1.23 2.2679326508197537e-12
4.23 -1.1600000000000001 3.960692090823121e-11
4.23 -1.0899999999999999 4.95510318498479e-10
4.23 -1.02 4.362114926284373e-9
4.23 -0.95 2.6534912556152507e-8
4.23 -0.8799999999999999 1.094906903506519e-7
4.23 -0.8099999999999998 3.006528799201413e-7
4.23 -0.7400000000000002 5.381577229594748e-7
4.23 -0.6700000000000002 6.121672195674846e-7
4.23 -0.6000000000000001 4.238884254419574e-7
4.23 -0.53 1.583885919435039e-7
4.23 -0.45999999999999996 1.4379660049685793e-8
4.23 -0.3899999999999999 -1.0863363416062484e-8
4.23 -0.32000000000000006 -4.662511345903167e-9
4.23 -0.25 -4.794694660876803e-9
4.23 -0.17999999999999994 -5.629644335510035e-9
4.23 -0.10999999999999988 -3.2989236836904993e-9
4.23 -0.039999999999999813 -1.0584052383494117e-9
4.23 0.030000000000000027 -1.9806291186001084e-10
4.23 0.10000000000000009 -2.1897043029532547e-11
4.23 0.17000000000000015 -1.3966322895559618e-12
4.23 0.2400000000000002 -4.802856441481812e-14
4.23 0.3100000000000003 -7.38292668390646e-16
4.23 0.38000000000000034 -4.682814632007314e-19
4.23 0.44999999999999996 1.1005383231818092e-19
4.23 0.5199999999999998 1.063398323467429e-21
4.3 -1.5099999999999998 1.2752114917949914e-19
4.3 -1.44 7.101604087013934e-18
4.3 -1.37 3.035534954177403e-16
4.3 -1.3 9.792083978328589e-15
4.3 -1.23 2.3432239154498445e-13
4.3 -1.1600000000000001 4.087573834619017e-12
4.3 -1.0899999999999999 5.1066680034023064e-11
4.3 -1.02 4.4878135967586156e-10
4.3 -0.95 2.724251660410807e-9
4.3 -0.8799999999999999 1.121243490426913e-8
4.3 -0.8099999999999998 3.069054899527863e-8
4.3 -0.7400000000000002 5.469944126216179e-8
4.3 -0.6700000000000002 6.179260395127983e-8
4.3 -0.6000000000000001 4.2138558211442197e-8
4.3 -0.53 1.4927861882524146e-8
4.3 -0.45999999999999996 5.353091288899561e-10
4.3 -0.3899999999999999 -1.5438435559119074e-9
4.3 -0.32000000000000006 -5.963506157593426e-10
4.3 -0.25 -5.433974720306507e-10
4.3 -0.17999999999999994 -6.26126577175533e-10
4.3 -0.10999999999999988 -3.664628802368465e-10
4.3 -0.039999999999999813 -1.1750086655721787e-10
4.3 0.030000000000000027 -2.1965364271839585e-11
4.3 0.10000000000000009 -2.424464536740148e-12
4.3 0.17000000000000015 -1.5422340495042499e-13
4.3 0.2400000000000002 -5.275323710167515e-15
4.3 0.3100000000000003 -7.980066417082353e-17
4.3 0.38000000000000034 -6.4132186618257306e-21
4.3 0.44999999999999996 1.2733805162226668e-20
4.3 0.5199999999999998 1.2138378852333077e-22
4.37 -1.5099999999999998 9.953545988674898e-21
4.37 -1.44 5.542055259360437e-19
4.37 -1.37 2.3681799531546396e-17
4.37 -1.3 7.635894022622225e-16
4.37 -1.23 1.826152933072428e-14
4.37 -1.1600000000000001 3.1831187725269044e-13
4.37 -1.0899999999999999 3.97287276458824e-12
4.37 -1.02 3.4872740974710915e-11
4.37 -0.95 2.113837733478234e-10
4.37 -0.8799999999999999 8.68482373327014e-10
4.37 -0.8099999999999998 2.371984008523077e-9
4.37 -0.7400000000000002 4.214991860400003e-9
4.37 -0.6700000000000002 4.738341063352902e-9
4.37 -0.6000000000000001 3.1951343654586065e-9
4.37 -0.53 1.0848408842044022e-9
4.37 -0.45999999999999996 -1.1286925470010612e-11
4.37 -0.3899999999999999 -1.4407254119433754e-10
4.37 -0.32000000000000006 -5.2912328925325645e-11
4.37 -0.25 -4.503344848401014e-11
4.37 -0.17999999999999994 -5.131318114683108e-11
4.37 -0.10999999999999988 -3.0016285602776113e-11
4.37 -0.039999999999999813 -9.62106380073874e-12
4.37 0.030000000000000027 -1.7973407718418385e-12
4.37 0.10000000000000009 -1.9817072960008613e-13
4.37 0.17000000000000015 -1.2583114666243845e-14
4.37 0.2400000000000002 -4.2884198493090443e-16
4.37 0.3100000000000003 -6.4145855705664174e-18
4.37 0.38000000000000034 2.0131970100407994e-21
4.37 0.44999999999999996 1.0715669877895865e-21
4.37 0.5199999999999998 1.0125564224321013e-23
4.44 -1.5099999999999998 5.774134068024071e-22
4.44 -1.44 3.2146163320771605e-20
4.44 -1.37 1.3733629737134948e-18
4.44 -1.3 4.426922275328492e-17
4.44 -1.23 1.0582905305582765e-15
4.44 -1.1600000000000001 1.8437220270177442e-14
4.44 -1.0899999999999999 2.2996672943268597e-13
4.44 -1.02 2.016970967882717e-12
4.44 -0.95 1.2214166734400649e-11
4.44 -0.8799999999999999 5.012341619146146e-11
4.44 -0.8099999999999998 1.3669453852347778e-10
4.44 -0.7400000000000002 2.4241770085382024e-10
4.44 -0.6700000000000002 2.716050214820934e-10
4.44 -0.6000000000000001 1.8169476602203585e-10
4.44 -0.53 5.974506493432474e-11
4.44 -0.45999999999999996 -2.8011684520896236e-12
4.44 -0.3899999999999999 -9.321740752091468e-12
4.44 -0.32000000000000006 -3.3301621847059508e-12
4.44 -0.25 -2.7191689351994086e-12
4.44 -0.17999999999999994 -3.076638035499004e-12
4.44 -0.10999999999999988 -1.7992073084963598e-12
4.44 -0.039999999999999813 -5.76586163214121e-13
4.44 0.030000000000000027 -1.0766741474440213e-13
4.44 0.10000000000000009 -1.1862688927051564e-14
4.44 0.17000000000000015 -7.523242363213506e-16
4.44 0.2400000000000002 -2.5576341795575056e-17
4.44 0.3100000000000003 -3.796231350062412e-19
4.44 0.38000000000000034 2.230561756274926e-22
4.44 0.44999999999999996 6.538959404348351e-23
4.44 0.5199999999999998 6.14378428507323e-25
4.510000000000001 -1.5099999999999998 2.4535814575274946e-23
4.510000000000001 -1.44 1.3658789178355102e-21
4.510000000000001 -1.37 5.834628593001195e-20
4.510000000000001 -1.3 1.8803875695231397e-18
4.510000000000001 -1.23 4.4940483803813856e-17
4.510000000000001 -1.1600000000000001 7.826759550171024e-16
4.510000000000001 -1.0899999999999999 9.758155058876875e-15
4.510000000000001 -1.02 8.554138425242024e-14
4.510000000000001 -0.95 5.176853629866169e-13
4.510000000000001 -0.8799999999999999 2.1228001150589215e-12
4.510000000000001 -0.8099999999999998 5.783664835796435e-12
4.510000000000001 -0.7400000000000002 1.0243465643942352e-11
4.510000000000001 -0.6700000000000002 1.1451314367075471e-11
4.510000000000001 -0.6000000000000001 7.619126490986856e-12
4.510000000000001 -0.53 2.4486322523756517e-12
4.510000000000001 -0.45999999999999996 -1.807433884366273e-13
4.510000000000001 -0.3899999999999999 -4.241048914102142e-13
4.510000000000001 -0.32000000000000006 -1.491023794579771e-13
4.510000000000001 -0.25 -1.1863692542259302e-13
4.510000000000001 -0.17999999999999994 -1.3362983312098173e-13
4.510000000000001 -0.10999999999999988 -7.813419815326764e-14
4.510000000000001 -0.039999999999999813 -2.5036652548422532e-14
4.510000000000001 0.030000000000000027 -4.673876269124714e-15
4.510000000000001 0.10000000000000009 -5.147242059907628e-16
4.510000000000001 0.17000000000000015 -3.261753409389998e-17
4.510000000000001 0.2400000000000002 -1.1070674639510538e-18
4.510000000000001 0.3100000000000003 -1.6347374588823485e-20
4.510000000000001 0.38000000000000034 1.2612952688286706e-23
4.510000000000001 0.44999999999999996 2.8729340698258197e-24
4.510000000000001 0.5199999999999998 2.6894456274656115e-26
4.579999999999999 -1.5099999999999998 7.527071275239983e-25
4.579999999999999 -1.44 4.1899786521939015e-23
4.579999999999999 -1.37 1.7896558392271393e-21
4.579999999999999 -1.3 5.766882993778787e-20
4.579999999999999 -1.23 1.37799486474381e-18
4.579999999999999 -1.1600000000000001 2.399297779940327e-17
4.579999999999999 -1.0899999999999999 2.9904440090662706e-16
4.579999999999999 -1.02 2.6204769438448245e-15
4.579999999999999 -0.95 1.585156845915582e-14
4.579999999999999 -0.8799999999999999 6.49646674366761e-14
4.579999999999999 -0.8099999999999998 1.7687948045684613e-13
4.579999999999999 -0.7400000000000002 3.1298779196305774e-13
4.579999999999999 -0.6700000000000002 3.493690050449134e-13
4.579999999999999 -0.6000000000000001 2.3161459018200584e-13
4.579999999999999 -0.53 7.328783606565594e-14
4.579999999999999 -0.45999999999999996 -6.7797909274214475e-15
4.579999999999999 -0.3899999999999999 -1.3569070424587972e-14
4.579999999999999 -0.32000000000000006 -4.723887546876758e-15
4.579999999999999 -0.25 -3.698151248315201e-15
4.579999999999999 -0.17999999999999994 -4.1551577279347415e-15
4.579999999999999 -0.10999999999999988 -2.4298118865781316e-15
4.579999999999999 -0.039999999999999813 -7.786434884907021e-16
4.579999999999999 0.030000000000000027 -1.453532461354609e-16
4.579999999999999 0.10000000000000009 -1.6005789787398554e-17
4.579999999999999 0.17000000000000015 -1.01409075216922e-18
4.579999999999999 0.2400000000000002 -3.4407522707223864e-20
4.579999999999999 0.3100000000000003 -5.075593182917153e-22
4.579999999999999 0.38000000000000034 4.09828229968022e-25
4.579999999999999 0.44999999999999996 8.954754451653644e-26
4.579999999999999 0.5199999999999998 8.379895282476856e-28
4.65 -1.5099999999999998 1.6579421453293533e-26
4.65 -1.44 9.225774058645654e-25
4.65 -1.37 3.9388784623169904e-23
4.65 -1.3 1.268573526847621e-21
4.65 -1.23 3.02933378257595e-20
4.65 -1.1600000000000001 5.270548748744298e-19
4.65 -1.0899999999999999 6.5632581801645526e-18
4.65 -1.02 5.745242791107792e-17
4.65 -0.95 3.4711080900953034e-16
4.65 -0.8799999999999999 1.4205479479809367e-15
4.65 -0.8099999999999998 3.861402445751942e-15
4.65 -0.7400000000000002 6.8198765727524506e-15
4.65 -0.6700000000000002 7.595414397561995e-15
4.65 -0.6000000000000001 5.018214194071526e-15
4.65 -0.53 1.5705861184491508e-15
4.65 -0.45999999999999996 -1.6543728776978826e-16
4.65 -0.3899999999999999 -3.036980551882452e-16
4.65 -0.32000000000000006 -1.0451717310909778e-16
4.65 -0.25 -8.089777830275702e-17
4.65 -0.17999999999999994 -9.132411599761245e-17
4.65 -0.10999999999999988 -5.357831049378364e-17
4.65 -0.039999999999999813 -1.7207658305064733e-17
4.65 0.030000000000000027 -3.219300122881014e-18
4.65 0.10000000000000009 -3.5557107008766466e-19
4.65 0.17000000000000015 -2.2646601681616493e-20
4.65 0.2400000000000002 -7.770675034408179e-22
4.65 0.3100000000000003 -1.1879728203047918e-23
4.65 0.38000000000000034 -5.417849007626164e-27
4.65 0.44999999999999996 1.8114175926829383e-27
4.65 0.5199999999999998 1.7542775578946587e-29
4.72 -1.5099999999999998 -1.81701937458967e-28
4.72 -1.44 -9.431124282145091e-27
4.72 -1.37 -3.6838676972957677e-25
4.72 -1.3 -1.0565424268158716e-23
4.72 -1.23 -2.158753028972089e-22
4.72 -1.1600000000000001 -3.013791977198915e-21
4.72 -1.0899999999999999 -2.674225083069832e-20
4.72 -1.02 -1.2424199171857622e-19
4.72 -0.95 1.773521858874755e-20
4.72 -0.8799999999999999 3.682818344140666e-18
4.72 -0.8099999999999998 2.1085799483810333e-17
4.72 -0.7400000000000002 5.851122705417272e-17
4.72 -0.6700000000000002 8.896476432004879e-17
4.72 -0.6000000000000001 7.230200420391386e-17
4.72 -0.53 2.601704862332968e-17
4.72 -0.45999999999999996 -6.446250674648794e-19
4.72 -0.3899999999999999 -3.658516070104204e-18
4.72 -0.32000000000000006 -2.6670798952207975e-18
4.72 -0.25 -2.3196508481123435e-18
4.72 -0.17999999999999994 -1.2675608135372127e-18
4.72 -0.10999999999999988 -3.422738684405615e-19
4.72 -0.039999999999999813 -2.2261533223435187e-20
4.72 0.030000000000000027 1.2477073483442576e-20
4.72 0.10000000000000009 3.932592362003008e-21
4.72 0.17000000000000015 5.315734267272473e-22
4.72 0.2400000000000002 3.8695150623944696e-23
4.72 0.3100000000000003 1.5616786051746057e-24
4.72 0.38000000000000034 3.4406265062631556e-26
4.72 0.44999999999999996 4.005769566977305e-28
4.72 0.5199999999999998 2.356817956713681e-30
4.789999999999999 -1.5099999999999998 6.260591414484517e-29
4.789999999999999 -1.44 3.38979973726472e-27
4.789999999999999 -1.37 1.3998765000434644e-25
4.789999999999999 -1.3 4.328894288758222e-24
4.789999999999999 -1.23 9.83361450149238e-23
4.789999999999999 -1.1600000000000001 1.6082572767211084e-21
4.789999999999999 -1.0899999999999999 1.8535091606032676e-20
4.789999999999999 -1.02 1.4705504775187334e-19
4.789999999999999 -0.95 7.821768567093459e-19
4.789999999999999 -0.8799999999999999 2.7016248472854355e-18
4.789999999999999 -0.8099999999999998 5.811428351184612e-18
4.789999999999999 -0.7400000000000002 7.320135894432584e-18
4.789999999999999 -0.6700000000000002 4.854714659875751e-18
4.789999999999999 -0.6000000000000001 1.323055698403274e-18
4.789999999999999 -0.53 -7.64536532189673e-20
4.789999999999999 -0.45999999999999996 -3.0917254000714932e-19
4.789999999999999 -0.3899999999999999 -1.925487306405514e-19
4.789999999999999 -0.32000000000000006 1.2907763680207777e-19
4.789999999999999 -0.25 1.363354925325863e-19
4.789999999999999 -0.17999999999999994 -3.253905454800305e-20
4.789999999999999 -0.10999999999999988 -7.454827342058677e-20
4.789999999999999 -0.039999999999999813 -3.605519907559844e-20
4.789999999999999 0.030000000000000027 -9.04446339064054e-21
4.789999999999999 0.10000000000000009 -1.351842044576502e-21
4.789999999999999 0.17000000000000015 -1.249318132263185e-22
4.789999999999999 0.2400000000000002 -7.112506536527193e-24
4.789999999999999 0.3100000000000003 -2.4274905470995937e-25
4.789999999999999 0.38000000000000034 -4.7652998107029165e-27
4.789999999999999 0.44999999999999996 -5.121766584132354e-29
4.789999999999999 0.5199999999999998 -2.856771837982799e-31
4.86 -1.5099999999999998 -5.184792220551724e-28
4.86 -1.44 -2.8038803409274296e-26
4.86 -1.37 -1.1561359879966591e-24
4.86 -1.3 -3.5682114042619484e-23
4.86 -1.23 -8.085323944448632e-22
4.86 -1.1600000000000001 -1.3179814604839389e-20
4.86 -1.0899999999999999 -1.5122437329399602e-19
4.86 -1.02 -1.1923971553813124e-18
4.86 -0.95 -6.285198827154144e-18
4.86 -0.8799999999999999 -2.1404286288776907e-17
4.86 -0.8099999999999998 -4.4935074466204704e-17
4.86 -0.7400000000000002 -5.391310819595017e-17
4.86 -0.6700000000000002 -3.153719382305619e-17
4.86 -0.6000000000000001 -4.557018566225215e-18
4.86 -0.53 2.7946300131883247e-18
4.86 -0.45999999999999996 2.4230476585801977e-18
4.86 -0.3899999999999999 1.235970551074345e-18
4.86 -0.32000000000000006 -1.262972757035902e-18
4.86 -0.25 -1.2914628004594648e-18
4.86 -0.17999999999999994 1.54438932850943e-19
4.86 -0.10999999999999988 5.701357624492728e-19
4.86 -0.039999999999999813 2.87843761632703e-19
4.86 0.030000000000000027 7.373090605273648e-20
4.86 0.10000000000000009 1.1194891895339014e-20
4.86 0.17000000000000015 1.048785835951669e-21
4.86 0.2400000000000002 6.04206014388102e-23
4.86 0.3100000000000003 2.082501348121373e-24
4.86 0.38000000000000034 4.119730793047076e-26
4.86 0.44999999999999996 4.4538957854331985e-28
4.86 0.5199999999999998 2.4946015325723238e-30
4.93 -1.5099999999999998 3.093175675832302e-29
4.93 -1.44 1.672758308407843e-27
4.93 -1.37 6.897365760224277e-26
4.93 -1.3 2.128755081856427e-24
4.93 -1.23 4.823625229158316e-23
4.93 -1.1600000000000001 7.862972692046078e-22
4.93 -1.0899999999999999 9.021963419404562e-21
4.93 -1.02 7.113817603878532e-20
4.93 -0.95 3.7497691904168324e-19
4.93 -0.8799999999999999 1.2770036866608824e-18
4.93 -0.8099999999999998 2.6809406371360867e-18
4.93 -0.7400000000000002 3.2167515209353803e-18
4.93 -0.6700000000000002 1.881943105698118e-18
4.93 -0.6000000000000001 2.722179167877623e-19
4.93 -0.53 -1.666049617719355e-19
4.93 -0.45999999999999996 -1.445635085385052e-19
4.93 -0.3899999999999999 -7.375618868902074e-20
4.93 -0.32000000000000006 7.533648997363716e-20
4.93 -0.25 7.70379291739243e-20
4.93 -0.17999999999999994 -9.219967265639136e-21
4.93 -0.10999999999999988 -3.401612607706539e-20
4.93 -0.039999999999999813 -1.717295752518641e-20
4.93 0.030000000000000027 -4.398749383320185e-21
4.93 0.10000000000000009 -6.678719168161657e-22
4.93 0.17000000000000015 -6.256834228013956e-23
4.93 0.2400000000000002 -3.604526354664315e-24
4.93 0.3100000000000003 -1.2423518813292422e-25
4.93 0.38000000000000034 -2.4576791521448154e-27
4.93 0.44999999999999996 -2.657015888959203e-29
4.93 0.5199999999999998 -1.4881739456326236e-31
