9.120000000000001 6.0 9.326883744862864e-26
9.120000000000001 6.06 -4.8937097225579185e-26
9.120000000000001 6.12 3.6192427700796267e-26
9.120000000000001 6.180000000000001 -2.9414687286441995e-26
9.120000000000001 6.24 -4.6100653424492396e-27
9.120000000000001 6.299999999999999 2.3790218441600454e-27
9.120000000000001 6.359999999999999 4.405948416655469e-26
9.120000000000001 6.42 -4.948523668884686e-28
9.120000000000001 6.48 -5.516289752095584e-27
9.120000000000001 6.54 -3.68866210839399e-27
9.120000000000001 6.6000000000000005 1.351190939210839e-26
9.120000000000001 6.66 -9.214409414216079e-27
9.120000000000001 6.720000000000001 1.392180118112155e-26
9.120000000000001 6.779999999999999 -3.71736043232143e-27
9.120000000000001 6.84 -1.8398560525285937e-26
9.120000000000001 6.8999999999999995 -9.44230554884662e-28
9.120000000000001 6.96 6.059019899829026e-25
9.120000000000001 7.02 6.61559977144412e-18
9.120000000000001 7.08 5.245441628735184e-13
9.120000000000001 7.140000000000001 1.195570856143471e-10
9.120000000000001 7.200000000000001 3.9062089038062036e-10
9.120000000000001 7.26 1.7508427734261675e-11
9.120000000000001 7.32 4.136856688820967e-14
9.120000000000001 7.380000000000001 2.5447289873229994e-17
9.120000000000001 7.44 9.188248322273786e-22
9.120000000000001 7.5 8.574316893222414e-27
9.120000000000001 7.56 1.9624015500136127e-28
9.120000000000001 7.62 -1.660621325135472e-28
9.120000000000001 7.680000000000001 7.220719565069783e-24
9.120000000000001 7.739999999999999 2.6344765392267145e-17
9.120000000000001 7.799999999999999 1.1419600430198761e-12
9.120000000000001 7.859999999999999 2.891211358862644e-10
9.120000000000001 7.92 1.4076218666926507e-9
9.120000000000001 7.9799999999999995 2.4295787657662765e-11
9.120000000000001 8.04 5.848223021415729e-16
9.120000000000001 8.1 6.195923124815307e-23
9.120000000000001 8.16 5.941193605339673e-32
9.120000000000001 8.219999999999999 1.389747894753736e-42
9.120000000000001 8.280000000000001 4.0120842525423905e-53
9.120000000000001 8.34 7.764409394730392e-63
9.120000000000001 8.4 1.5348812049272966e-71
9.120000000000001 8.46 1.1193733097265524e-78
9.120000000000001 8.52 5.631949473597685e-84
9.120000000000001 8.58 1.8570396906367357e-87
9.120000000000001 8.64 2.48685993744046e-89
9.120000000000001 8.700000000000001 1.0069452559381391e-89
9.120000000000001 8.760000000000002 1.451745308852323e-88
9.120000000000001 8.82 5.98751535080786e-87
9.120000000000001 8.879999999999999 2.0253928413049888e-85
9.120000000000001 8.94 3.5926447625640723e-84
9.120000000000001 9.0 2.3659729692950927e-83
9.120000000000001 9.06 4.374643620444875e-83
9.120000000000001 9.120000000000001 2.0378200337207722e-83
9.120000000000001 9.18 2.906786138118291e-84
9.120000000000001 9.24 2.189239252713446e-85
9.120000000000001 9.3 1.835019810019118e-86
9.120000000000001 9.36 3.204476318102379e-87
9.120000000000001 9.42 1.6152331887104628e-87
9.120000000000001 9.48 2.6733379244812016e-87
9.120000000000001 9.54 1.6551183628063242e-86
9.120000000000001 9.6 4.6589080510350254e-85
9.120000000000001 9.66 6.301114371643577e-83
9.120000000000001 9.719999999999999 2.9888501016331333e-80
9.120000000000001 9.780000000000001 2.617302851438971e-77
9.120000000000001 9.84 2.0011633337373205e-74
9.120000000000001 9.9 6.510018197383168e-72
9.120000000000001 9.96 5.0551697184105834e-70
9.120000000000001 10.020000000000001 6.801787147178865e-69
9.120000000000001 10.08 1.5283559856458133e-68
9.120000000000001 10.14 6.755322460286129e-69
9.120000000000001 10.2 7.782658062312249e-70
9.18 6.0 1.6226009479061393e-24
9.18 6.06 8.209406452739192e-25
9.18 6.12 7.275119360687843e-25
9.18 6.180000000000001 -9.136147672140812e-25
9.18 6.24 5.76028425722147e-26
9.18 6.299999999999999 2.834541840974983e-25
9.18 6.359999999999999 1.0899521095690518e-24
9.18 6.42 1.1645413184510375e-25
9.18 6.48 -1.279445218703216e-25
9.18 6.54 5.194338790482487e-26
9.18 6.6000000000000005 6.312310781137892e-25
9.18 6.66 -1.0901938206747576e-25
9.18 6.720000000000001 6.185107542951168e-26
9.18 6.779999999999999 4.454814698094127e-26
9.18 6.84 -2.4306766546621947e-25
9.18 6.8999999999999995 -3.716999066646783e-26
9.18 6.96 1.5106383418899778e-23
9.18 7.02 1.925757855959303e-16
9.18 7.08 1.6701583122053957e-11
9.18 7.140000000000001 3.803529791426469e-9
9.18 7.200000000000001 1.1879317548504219e-8
9.18 7.26 5.485239883693624e-10
9.18 7.32 1.67461273634009e-12
9.18 7.380000000000001 1.1120716665332252e-15
9.18 7.44 4.2540032578737517e-20
9.18 7.5 5.957683045649218e-25
9.18 7.56 7.19475400429677e-27
9.18 7.62 -6.127429301592428e-27
9.18 7.680000000000001 1.377560617773155e-22
9.18 7.739999999999999 5.834985081761169e-16
9.18 7.799999999999999 2.7948223925375824e-11
9.18 7.859999999999999 7.260786371804746e-9
9.18 7.92 3.402755418984394e-8
9.18 7.9799999999999995 5.731195818328888e-10
9.18 8.04 1.5302502308842385e-14
9.18 8.1 2.000956378757084e-21
9.18 8.16 1.7488400462462822e-30
9.18 8.219999999999999 4.972227112216268e-41
9.18 8.280000000000001 3.0423555576109406e-51
9.18 8.34 4.8412695582593744e-61
9.18 8.4 7.300442982057015e-70
9.18 8.46 4.114801440141182e-77
9.18 8.52 1.646427620902151e-82
9.18 8.58 4.459778237477272e-86
9.18 8.64 5.0172568404631885e-88
9.18 8.700000000000001 1.1609256341933758e-88
9.18 8.760000000000002 2.8405365235550866e-88
9.18 8.82 4.078834451943808e-87
9.18 8.879999999999999 1.0098405021738155e-85
9.18 8.94 1.6240068810908915e-84
9.18 9.0 1.0327826580267447e-83
9.18 9.06 1.914077789244585e-83
9.18 9.120000000000001 9.393268664920252e-84
9.18 9.18 1.5239224067382394e-84
9.18 9.24 1.3892843884445066e-85
9.18 9.3 1.347160952452428e-86
9.18 9.36 2.4304260003295684e-87
9.18 9.42 1.2392043374815934e-87
9.18 9.48 2.371349316866899e-87
9.18 9.54 2.1234232895510737e-86
9.18 9.6 9.737906299340501e-85
9.18 9.66 1.8887301320061729e-82
9.18 9.719999999999999 1.0146999136271333e-79
9.18 9.780000000000001 8.618785996773675e-77
9.18 9.84 6.03930759565576e-74
9.18 9.9 1.7865777072834884e-71
9.18 9.96 1.2761035344663384e-69
9.18 10.020000000000001 1.607730495261887e-68
9.18 10.08 3.4358401456226e-68
9.18 10.14 1.4576478763961735e-68
9.18 10.2 1.6149518354552567e-69
9.24 6.0 4.970843675105887e-24
9.24 6.06 1.1476908200684701e-23
9.24 6.12 -5.1911234067969145e-24
9.24 6.180000000000001 -1.2154497039250949e-23
9.24 6.24 -9.077887453811757e-24
9.24 6.299999999999999 -3.943733405439468e-25
9.24 6.359999999999999 1.977377484074229e-23
9.24 6.42 1.5702928227884741e-24
9.24 6.48 -3.884641959820286e-24
9.24 6.54 9.909055051565988e-25
9.24 6.6000000000000005 6.82206526521716e-24
9.24 6.66 -3.036040513720156e-24
9.24 6.720000000000001 4.9144198322271444e-24
9.24 6.779999999999999 4.4172896251611554e-24
9.24 6.84 -1.5179644599375962e-24
9.24 6.8999999999999995 -1.0258129983838508e-24
9.24 6.96 2.7640599295556736e-22
9.24 7.02 4.0919834466643096e-15
9.24 7.08 3.865637357483173e-10
9.24 7.140000000000001 8.814708026286762e-8
9.24 7.200000000000001 2.6370914965424624e-7
9.24 7.26 1.2788356446963015e-8
9.24 7.32 5.149009035962962e-11
9.24 7.380000000000001 3.55881022827901e-14
9.24 7.44 1.7295096898188993e-18
9.24 7.5 3.051368554730403e-23
9.24 7.56 1.9247671542251121e-25
9.24 7.62 -1.6411329445667311e-25
9.24 7.680000000000001 1.9699596583772123e-21
9.24 7.739999999999999 9.623238045506571e-15
9.24 7.799999999999999 5.118237338998891e-10
9.24 7.859999999999999 1.3695749562794178e-7
9.24 7.92 6.123898613584941e-7
9.24 7.9799999999999995 1.0260265326170535e-8
9.24 8.04 3.3083472541853846e-13
9.24 8.1 4.9495623445820865e-20
9.24 8.16 3.8851446743281427e-29
9.24 8.219999999999999 2.1715355893668056e-39
9.24 8.280000000000001 1.6980245511912413e-49
9.24 8.34 2.088453823261174e-59
9.24 8.4 2.382432003871221e-68
9.24 8.46 1.0300335660072512e-75
9.24 8.52 3.255196212719554e-81
9.24 8.58 7.200332375513669e-85
9.24 8.64 6.832054729381938e-87
9.24 8.700000000000001 1.3620036015196584e-87
9.24 8.760000000000002 2.500798573775991e-87
9.24 8.82 1.8261999255950114e-86
9.24 8.879999999999999 2.3956185576820337e-85
9.24 8.94 2.75561760534544e-84
9.24 9.0 1.5848316727099291e-83
9.24 9.06 3.187700187342943e-83
9.24 9.120000000000001 1.990643470190294e-83
9.24 9.18 4.456439033661048e-84
9.24 9.24 5.255378663266015e-85
9.24 9.3 5.664893592827769e-86
9.24 9.36 1.010162279174675e-86
9.24 9.42 4.936345173617895e-87
9.24 9.48 9.40128532132997e-87
9.24 9.54 8.498075893451271e-86
9.24 9.6 3.722031188908318e-84
9.24 9.66 6.512971717431634e-82
9.24 9.719999999999999 3.078509632770949e-79
9.24 9.780000000000001 2.2913707653069456e-76
9.24 9.84 1.4171326094312294e-73
9.24 9.9 3.7524602455238434e-71
9.24 9.96 2.4396237334393215e-69
9.24 10.020000000000001 2.840140991072999e-68
9.24 10.08 5.6759984668534095e-68
9.24 10.14 2.272905232417874e-68
9.24 10.2 2.3895842405156835e-69
9.3 6.0 1.55387760741458e-22
9.3 6.06 1.5750325474656913e-22
9.3 6.12 9.402273565441183e-25
9.3 6.180000000000001 3.434442537972424e-23
9.3 6.24 -1.7352639086994118e-23
9.3 6.299999999999999 -3.565704592256634e-23
9.3 6.359999999999999 1.9628574239551582e-22
9.3 6.42 3.247322791728479e-23
9.3 6.48 -2.372337040572435e-24
9.3 6.54 2.380239505851381e-23
9.3 6.6000000000000005 8.672914692126758e-24
9.3 6.66 -1.450882605602312e-23
9.3 6.720000000000001 1.115374002785523e-22
9.3 6.779999999999999 2.2641730436754368e-24
9.3 6.84 -4.30777973578012e-24
9.3 6.8999999999999995 -2.061112072676664e-23
9.3 6.96 3.76996094030022e-21
9.3 7.02 6.427154514066278e-14
9.3 7.08 6.5644408734291844e-9
9.3 7.140000000000001 1.4991695883114172e-6
9.3 7.200000000000001 4.309024470118778e-6
9.3 7.26 2.2421553453907395e-7
9.3 7.32 1.1957798777946511e-9
9.3 7.380000000000001 8.520434380792295e-13
9.3 7.44 6.114464550774325e-17
9.3 7.5 1.1215831547087126e-21
9.3 7.56 3.7688278566960915e-24
9.3 7.62 -3.213304438206059e-24
9.3 7.680000000000001 2.15965655458569e-20
9.3 7.739999999999999 1.194379509921182e-13
9.3 7.799999999999999 7.076953035471905e-9
9.3 7.859999999999999 1.9605433121960416e-6
9.3 7.92 8.298159977540332e-6
9.3 7.9799999999999995 1.423572548007492e-7
9.3 8.04 5.8966642168271e-12
9.3 8.1 9.22633225989972e-19
9.3 8.16 7.229249419598081e-28
9.3 8.219999999999999 9.45728900811047e-38
9.3 8.280000000000001 6.7243451193013e-48
9.3 8.34 6.2948669609044515e-58
9.3 8.4 5.396419277421149e-67
9.3 8.46 1.777518289645944e-74
9.3 8.52 4.4086611788206905e-80
9.3 8.58 7.917280312568292e-84
9.3 8.64 6.303800200631645e-86
9.3 8.700000000000001 1.0907337814129072e-86
9.3 8.760000000000002 1.7914092455988586e-86
9.3 8.82 1.1804328079186607e-85
9.3 8.879999999999999 1.3937245434984145e-84
9.3 8.94 1.4727610150277472e-83
9.3 9.0 8.067129687686659e-83
9.3 9.06 1.5972297630058216e-82
9.3 9.120000000000001 9.976381374899327e-83
9.3 9.18 2.2116793374173628e-83
9.3 9.24 2.517542840301467e-84
9.3 9.3 2.5561032557699422e-85
9.3 9.36 4.221154382989916e-86
9.3 9.42 1.8903890070044166e-86
9.3 9.48 3.271843453847604e-86
9.3 9.54 2.6552581224952494e-85
9.3 9.6 1.0290502873940055e-83
9.3 9.66 1.578127349691173e-81
9.3 9.719999999999999 6.52285734636112e-79
9.3 9.780000000000001 4.261922469802543e-76
9.3 9.84 2.33523101539321e-73
9.3 9.9 5.55492901353111e-71
9.3 9.96 3.296220518381302e-69
9.3 10.020000000000001 3.5517483762741036e-68
9.3 10.08 6.642048273120936e-68
9.3 10.14 2.51031299517254e-68
9.3 10.2 2.503912935685895e-69
9.36 6.0 7.580313266832181e-22
9.36 6.06 1.6412589105335077e-21
9.36 6.12 2.2892788465347833e-21
9.36 6.180000000000001 -3.946452527978017e-21
9.36 6.24 -1.0085183521297226e-21
9.36 6.299999999999999 -1.6834795652376804e-21
9.36 6.359999999999999 1.5929382294582277e-21
9.36 6.42 2.738437290794573e-22
9.36 6.48 -1.0052281931459551e-22
9.36 6.54 1.00209048074308e-21
9.36 6.6000000000000005 5.001937600536969e-22
9.36 6.66 -4.914687964406176e-22
9.36 6.720000000000001 2.539029184200365e-21
9.36 6.779999999999999 3.707861746509762e-22
9.36 6.84 7.298019112679486e-22
9.36 6.8999999999999995 -3.031779293432812e-22
9.36 6.96 3.9309353731807155e-20
9.36 7.02 7.588019749533728e-13
9.36 7.08 8.27110978537296e-8
9.36 7.140000000000001 1.88621420352121e-5
9.36 7.200000000000001 5.228423089663454e-5
9.36 7.26 2.987181070314774e-6
9.36 7.32 2.0890477955645104e-8
9.36 7.380000000000001 1.579452081124121e-11
9.36 7.44 1.7560034994509176e-15
9.36 7.5 2.943277588010616e-20
9.36 7.56 5.430342942515261e-23
9.36 7.62 -4.629398639388322e-23
9.36 7.680000000000001 1.8585522530306943e-19
9.36 7.739999999999999 1.127226418684771e-12
9.36 7.799999999999999 7.438262005560934e-8
9.36 7.859999999999999 2.1479311455563013e-5
9.36 7.92 8.577376667497255e-5
9.36 7.9799999999999995 1.5665519640733242e-6
9.36 8.04 8.49566799750507e-11
9.36 8.1 1.3000233021555374e-17
9.36 8.16 1.3680748602692692e-26
9.36 8.219999999999999 3.274065152791135e-36
9.36 8.280000000000001 1.8912387037479236e-46
9.36 8.34 1.3393945152591828e-56
9.36 8.4 8.581043644173563e-66
9.36 8.46 2.1405411863347572e-73
9.36 8.52 4.142546429912455e-79
9.36 8.58 6.007004152269024e-83
9.36 8.64 3.992499326349013e-85
9.36 8.700000000000001 5.969883151151605e-86
9.36 8.760000000000002 8.785014791165958e-86
9.36 8.82 5.354361273390919e-85
9.36 8.879999999999999 5.98219584975346e-84
9.36 8.94 6.065920228671348e-83
9.36 9.0 3.2106535151664307e-82
9.36 9.06 6.152067918497528e-82
9.36 9.120000000000001 3.706498978240637e-82
9.36 9.18 7.860195870575452e-83
9.36 9.24 8.455349874834503e-84
9.36 9.3 8.007163451878653e-85
9.36 9.36 1.2197814855608857e-85
9.36 9.42 4.996345131112533e-86
9.36 9.48 7.84162236842921e-86
9.36 9.54 5.708428654945401e-85
9.36 9.6 1.9626995739276396e-83
9.36 9.66 2.651521348175502e-81
9.36 9.719999999999999 9.641176536428941e-79
9.36 9.780000000000001 5.562792765266541e-76
9.36 9.84 2.7149443524865886e-73
9.36 9.9 5.827258189000475e-71
9.36 9.96 3.166319978617932e-69
9.36 10.020000000000001 3.16496751255299e-68
9.36 10.08 5.545864100762376e-68
9.36 10.14 1.979485520357095e-68
9.36 10.2 1.8737945704517016e-69
9.42 6.0 1.205851447235325e-20
9.42 6.06 4.631447456205437e-22
9.42 6.12 -1.373813217105682e-20
9.42 6.180000000000001 -3.783345249647737e-20
9.42 6.24 -1.3415389241432152e-20
9.42 6.299999999999999 -1.2453806344694267e-20
9.42 6.359999999999999 1.1551117379638925e-20
9.42 6.42 -5.6198040308234575e-21
9.42 6.48 -6.827869092264792e-21
9.42 6.54 2.643579027703374e-21
9.42 6.6000000000000005 5.040514080711726e-21
9.42 6.66 -1.4461217207311889e-21
9.42 6.720000000000001 2.675205860455776e-20
9.42 6.779999999999999 -2.7036440480277034e-21
9.42 6.84 -3.2835355968178663e-21
9.42 6.8999999999999995 -3.3111678153190814e-21
9.42 6.96 3.292328830707995e-19
9.42 7.02 6.886377662253727e-12
9.42 7.08 7.841458391259957e-7
9.42 7.140000000000001 0.0001771606312370705
9.42 7.200000000000001 0.00047564948770434444
9.42 7.26 3.0545405827918735e-5
9.42 7.32 2.745138672896898e-7
9.42 7.380000000000001 2.3671325759350857e-10
9.42 7.44 3.849800341115292e-14
9.42 7.5 5.529016702043488e-19
9.42 7.56 5.791041728656565e-22
9.42 7.62 -4.935793083712284e-22
9.42 7.680000000000001 1.2773658444094726e-18
9.42 7.739999999999999 8.182247692548312e-12
9.42 7.799999999999999 5.972435841119698e-7
9.42 7.859999999999999 0.00018119937284221806
9.42 7.92 0.0006862026532331852
9.42 7.9799999999999995 1.3952826736834438e-5
9.42 8.04 9.69190291171069e-10
9.42 8.1 1.4268109319106003e-16
9.42 8.16 2.8528757823417833e-25
9.42 8.219999999999999 8.345038773673596e-35
9.42 8.280000000000001 3.806154080790383e-45
9.42 8.34 2.032133729080199e-55
9.42 8.4 9.686105804658548e-65
9.42 8.46 1.8205239027077128e-72
9.42 8.52 2.7350391516735987e-78
9.42 8.58 3.1861988218639e-82
9.42 8.64 1.7587457552684377e-84
9.42 8.700000000000001 2.2619598866527808e-85
9.42 8.760000000000002 2.972527516361837e-85
9.42 8.82 1.674190914785983e-84
9.42 8.879999999999999 1.772496801461483e-83
9.42 8.94 1.7285186728907693e-82
9.42 9.0 8.854024379789081e-82
9.42 9.06 1.6423966732282424e-81
9.42 9.120000000000001 9.538624690588927e-82
9.42 9.18 1.9328891168155038e-82
9.42 9.24 1.9627170796273367e-83
9.42 9.3 1.7313953170907483e-84
9.42 9.36 2.430171158468942e-85
9.42 9.42 9.100247054197681e-86
9.42 9.48 1.2966398230528323e-85
9.42 9.54 8.494669477769214e-85
9.42 9.6 2.6044843668438173e-83
9.42 9.66 3.1182288674819684e-81
9.42 9.719999999999999 1.0036552025538479e-78
9.42 9.780000000000001 5.144389600207038e-76
9.42 9.84 2.248453141202184e-73
9.42 9.9 4.373600944068554e-71
9.42 9.96 2.1832794725533392e-69
9.42 10.020000000000001 2.0290912493451076e-68
9.42 10.08 3.3362278321519958e-68
9.42 10.14 1.1255535174637988e-68
9.42 10.2 1.011954168366909e-69
9.48 6.0 2.3512925911333123e-19
9.48 6.06 7.308838040982921e-20
9.48 6.12 -8.263829258100676e-21
9.48 6.180000000000001 4.672072605091699e-20
9.48 6.24 -1.827443332889702e-20
9.48 6.299999999999999 -2.5060269453349297e-20
9.48 6.359999999999999 5.707725680307877e-20
9.48 6.42 1.7131365699688354e-20
9.48 6.48 -1.9047197484722376e-21
9.48 6.54 3.9405877776615143e-20
9.48 6.6000000000000005 7.498049725463844e-21
9.48 6.66 -1.9742707112339454e-20
9.48 6.720000000000001 2.0716267032688466e-19
9.48 6.779999999999999 -7.049358950821624e-21
9.48 6.84 -1.0697130523594665e-20
9.48 6.8999999999999995 -2.725296906516918e-20
9.48 6.96 2.4671434872521708e-18
9.48 7.02 4.9398801776321585e-11
9.48 7.08 5.690497875809024e-6
9.48 7.140000000000001 0.0012555482704620408
9.48 7.200000000000001 0.003280710148606991
9.48 7.26 0.00024196645908328504
9.48 7.32 2.7276758120688516e-6
9.48 7.380000000000001 2.964022398399887e-9
9.48 7.44 6.234381463577594e-13
9.48 7.5 7.472941577496408e-18
9.48 7.56 4.596746365515594e-21
9.48 7.62 -3.9156699581887745e-21
9.48 7.680000000000001 7.025867550414675e-18
9.48 7.739999999999999 4.629768931562482e-11
9.48 7.799999999999999 3.680804115987096e-6
9.48 7.859999999999999 0.0011821677536291246
9.48 7.92 0.004313333175187941
9.48 7.9799999999999995 0.00010176570103766374
9.48 8.04 8.660100587762606e-9
9.48 8.1 1.316686340494292e-15
9.48 8.16 5.5698473092045626e-24
9.48 8.219999999999999 1.5448911009714432e-33
9.48 8.280000000000001 5.526663295285405e-44
9.48 8.34 2.2198137195446805e-54
9.48 8.4 7.845545422459729e-64
9.48 8.46 1.1065062446325245e-71
9.48 8.52 1.2848257056717736e-77
9.48 8.58 1.1969443441164054e-81
9.48 8.64 5.460173903758716e-84
9.48 8.700000000000001 6.011313131760332e-85
9.48 8.760000000000002 7.029009092104384e-85
9.48 8.82 3.6516291334341887e-84
9.48 8.879999999999999 3.662587096427941e-83
9.48 8.94 3.4376706053415983e-82
9.48 9.0 1.7057558647169634e-81
9.48 9.06 3.064894407676437e-81
9.48 9.120000000000001 1.7170403414511756e-81
9.48 9.18 3.3239259553616213e-82
9.48 9.24 3.184232435806259e-83
9.48 9.3 2.6134587258930123e-84
9.48 9.36 3.37581860113204e-85
9.48 9.42 1.1548012836330203e-85
9.48 9.48 1.4951954610153173e-85
9.48 9.54 8.842491798970706e-85
9.48 9.6 2.4302283466283094e-83
9.48 9.66 2.592929149834701e-81
9.48 9.719999999999999 7.432519211577989e-79
9.48 9.780000000000001 3.403822021762158e-76
9.48 9.84 1.3396530726585588e-73
9.48 9.9 2.3699753941996105e-71
9.48 9.96 1.0910732612223846e-69
9.48 10.020000000000001 9.435437877536654e-69
9.48 10.08 1.458955788561148e-68
9.48 10.14 4.658596823668966e-69
9.48 10.2 4.023300254946154e-70
9.54 6.0 1.1530743459544672e-18
9.54 6.06 -4.0397518323331734e-19
9.54 6.12 1.7356789154654492e-19
9.54 6.180000000000001 -4.0203776252808437e-19
9.54 6.24 -1.0673112181871797e-19
9.54 6.299999999999999 -3.6623561812506543e-19
9.54 6.359999999999999 2.453082136198414e-19
9.54 6.42 7.481703306479059e-21
9.54 6.48 2.656327681817286e-19
9.54 6.54 2.2080386242411084e-19
9.54 6.6000000000000005 2.0942804647356865e-19
9.54 6.66 -1.0091838592436399e-19
9.54 6.720000000000001 1.416198046955049e-18
9.54 6.779999999999999 -2.272511166793441e-20
9.54 6.84 -1.8988366670784328e-19
9.54 6.8999999999999995 -1.7177444261371942e-19
9.54 6.96 1.9709258799996138e-17
9.54 7.02 2.886181692604574e-10
9.54 7.08 3.222805546553147e-5
9.54 7.140000000000001 0.006801320770823831
9.54 7.200000000000001 0.017389061163111914
9.54 7.26 0.0014973429420148722
9.54 7.32 2.073703948589438e-5
9.54 7.380000000000001 3.0989950060555886e-8
9.54 7.44 7.366189964587516e-12
9.54 7.5 7.307940387252123e-17
9.54 7.56 2.7313340070024575e-20
9.54 7.62 -2.3225099180619312e-20
9.54 7.680000000000001 3.0506769055802785e-17
9.54 7.739999999999999 2.0723483212007335e-10
9.54 7.799999999999999 1.7530147797572615e-5
9.54 7.859999999999999 0.0059904484269587685
9.54 7.92 0.02160399414804751
9.54 7.9799999999999995 0.0006086903801828407
9.54 8.04 6.073101714599448e-8
9.54 8.1 1.1502798983878603e-14
9.54 8.16 8.688584897447521e-23
9.54 8.219999999999999 2.081869807566898e-32
9.54 8.280000000000001 5.83654689448918e-43
9.54 8.34 1.7620188756503592e-53
9.54 8.4 4.6077930141841876e-63
9.54 8.46 4.86180771471486e-71
9.54 8.52 4.347895928792461e-77
9.54 8.58 3.226047547000766e-81
9.54 8.64 1.2105102914354303e-83
9.54 8.700000000000001 1.1353133052891689e-84
9.54 8.760000000000002 1.1766716242650813e-84
9.54 8.82 5.626762760605274e-84
9.54 8.879999999999999 5.344338108520707e-83
9.54 8.94 4.8319185694196805e-82
9.54 9.0 2.323829707339498e-81
9.54 9.06 4.04677724743004e-81
9.54 9.120000000000001 2.1903300565294475e-81
9.54 9.18 4.0461736667552334e-82
9.54 9.24 3.654343660392443e-83
9.54 9.3 2.7856228455844914e-84
9.54 9.36 3.3090230518144227e-85
9.54 9.42 1.0329591386860366e-85
9.54 9.48 1.2161904418208316e-85
9.54 9.54 6.504698376312786e-85
9.54 9.6 1.614137918428176e-83
9.54 9.66 1.5403202392828454e-81
9.54 9.719999999999999 3.9557522910439195e-79
9.54 9.780000000000001 1.6248829150661107e-76
9.54 9.84 5.817709782959664e-74
9.54 9.9 9.324219744516754e-72
9.54 9.96 4.0083261631552814e-70
9.54 10.020000000000001 3.227945204702326e-69
9.54 10.08 4.866140588783561e-69
9.54 10.14 1.4932729328534262e-69
9.54 10.2 1.4946955152343075e-70
9.6 6.0 5.143267123374069e-18
9.6 6.06 2.3197852450819453e-18
9.6 6.12 8.91873481397167e-19
9.6 6.180000000000001 1.3390751591839265e-18
9.6 6.24 -3.8481647935236247e-19
9.6 6.299999999999999 -5.43205420965839e-19
9.6 6.359999999999999 2.3906437493386116e-19
9.6 6.42 2.76542232840994e-19
9.6 6.48 -3.198520668423314e-20
9.6 6.54 1.3915598351485396e-18
9.6 6.6000000000000005 1.5000247669561207e-19
9.6 6.66 -6.157415538293582e-19
9.6 6.720000000000001 6.902722879587312e-18
9.6 6.779999999999999 -2.48867530991506e-19
9.6 6.84 -3.8025348134109283e-19
9.6 6.8999999999999995 -8.416552410647941e-19
9.6 6.96 1.7943252808532976e-16
9.6 7.02 1.4114961444578355e-9
9.6 7.08 0.00014509268281081636
9.6 7.140000000000001 0.028591707847512127
9.6 7.200000000000001 0.07200755901198827
9.6 7.26 0.007292917371794049
9.6 7.32 0.00012286262733831867
9.6 7.380000000000001 2.6218053811370647e-7
9.6 7.44 6.335391894224405e-11
9.6 7.5 5.19910204919802e-16
9.6 7.56 1.2224686307675484e-19
9.6 7.62 -1.0332323971210393e-19
9.6 7.680000000000001 1.0247224779098389e-16
9.6 7.739999999999999 7.430917474803173e-10
9.6 7.799999999999999 6.522079112046223e-5
9.6 7.859999999999999 0.023725734117103554
9.6 7.92 0.08722779547988273
9.6 7.9799999999999995 0.002973462812938633
9.6 8.04 3.3942792885639697e-7
9.6 8.1 1.006472237202208e-13
9.6 8.16 1.017846372938824e-21
9.6 8.219999999999999 2.053315249467518e-31
9.6 8.280000000000001 4.516915870454938e-42
9.6 8.34 1.0252630968065796e-52
9.6 8.4 1.982021997315271e-62
9.6 8.46 1.5616592394544704e-70
9.6 8.52 1.0728398963213911e-76
9.6 8.58 6.318396424250912e-81
9.6 8.64 1.9416299702014024e-83
9.6 8.700000000000001 1.5438470735555143e-84
9.6 8.760000000000002 1.4126173601643424e-84
9.6 8.82 6.2041389511871595e-84
9.6 8.879999999999999 5.576975174683383e-83
9.6 8.94 4.874091102143648e-82
9.6 9.0 2.2742864499618527e-81
9.6 9.06 3.8277095791921764e-81
9.6 9.120000000000001 2.009888331655923e-81
9.6 9.18 3.536622798132564e-82
9.6 9.24 3.0071534307100046e-83
9.6 9.3 2.1198602093666314e-84
9.6 9.36 2.3244611308270908e-85
9.6 9.42 6.592389334647184e-86
9.6 9.48 7.05667484243939e-86
9.6 9.54 3.420267891490623e-85
9.6 9.6 7.913215127481023e-84
9.6 9.66 6.63127114000782e-82
9.6 9.719999999999999 1.5333344629455878e-79
9.6 9.780000000000001 5.570613881114298e-77
9.6 9.84 1.989404610094708e-74
9.6 9.9 2.9678931023322773e-72
9.6 9.96 1.5620094880820938e-70
9.6 10.020000000000001 1.1969170025947276e-69
9.6 10.08 2.4390828608913866e-69
9.6 10.14 9.724324404732386e-70
9.6 10.2 2.5172103289057875e-70
9.66 6.0 8.299782852494172e-18
9.66 6.06 -1.3316489633812007e-18
9.66 6.12 -1.458347658309291e-18
9.66 6.180000000000001 4.473078052102719e-18
9.66 6.24 -1.4522838102844112e-18
9.66 6.299999999999999 -1.6031073441196112e-18
9.66 6.359999999999999 -6.3218508296712625e-19
9.66 6.42 7.05579812526795e-19
9.66 6.48 -5.73605372041e-20
9.66 6.54 5.5552290246314846e-18
9.66 6.6000000000000005 3.774240387734573e-19
9.66 6.66 -2.2678686556047357e-18
9.66 6.720000000000001 2.5605076967038606e-17
9.66 6.779999999999999 -6.006436611083706e-19
9.66 6.84 -1.4354157826036727e-18
9.66 6.8999999999999995 -3.2354863298028228e-18
9.66 6.96 1.5843357379667532e-15
9.66 7.02 5.921416359609052e-9
9.66 7.08 0.0005261122869054448
9.66 7.140000000000001 0.09483105409128262
9.66 7.200000000000001 0.23743400838447262
9.66 7.26 0.02815816977213785
9.66 7.32 0.0005800601823480551
9.66 7.380000000000001 1.7288005815305302e-6
9.66 7.44 3.9736054543773985e-10
9.66 7.5 2.7046697847901037e-15
9.66 7.56 4.1561971199644906e-19
9.66 7.62 -3.442642919951283e-19
9.66 7.680000000000001 2.617391039186818e-16
9.66 7.739999999999999 2.147018682791884e-9
9.66 7.799999999999999 0.00019249859885229047
9.66 7.859999999999999 0.07415338969129855
9.66 7.92 0.2864312485781593
9.66 7.9799999999999995 0.011831002867734459
9.66 8.04 1.5552247568182357e-6
9.66 8.1 8.122512529029255e-13
9.66 8.16 8.818935347257032e-21
9.66 8.219999999999999 1.490814274314836e-30
9.66 8.280000000000001 2.579740366739111e-41
9.66 8.34 4.409297920812423e-52
9.66 8.4 6.304031675432224e-62
9.66 8.46 3.706901732230814e-70
9.66 8.52 1.9532205610497738e-76
9.66 8.58 9.106197097760726e-81
9.66 8.64 2.2825549324553296e-83
9.66 8.700000000000001 1.531365827502623e-84
9.66 8.760000000000002 1.2316905342543257e-84
9.66 8.82 4.947494380230959e-84
9.66 8.879999999999999 4.1765790205965e-83
9.66 8.94 3.5306616591141e-82
9.66 9.0 1.5677943832084233e-81
9.66 9.06 2.5597863479897615e-81
9.66 9.120000000000001 1.3285439729222432e-81
9.66 9.18 2.1960350394308742e-82
9.66 9.24 1.7686457892783253e-83
9.66 9.3 1.1120137214328864e-84
9.66 9.36 1.1348919261393669e-85
9.66 9.42 2.8157489410479173e-86
9.66 9.48 2.4632811555699716e-86
9.66 9.54 1.0283790195396482e-85
9.66 9.6 2.7460388755292595e-84
9.66 9.66 1.5869683544157706e-82
9.66 9.719999999999999 2.1986135172370757e-80
9.66 9.780000000000001 -1.918939303902265e-78
9.66 9.84 -1.2033680017070892e-75
9.66 9.9 -2.830927069476065e-72
9.66 9.96 -1.9497939144288946e-70
9.66 10.020000000000001 -4.643427983531097e-69
9.66 10.08 -3.7698752313415387e-69
9.66 10.14 -2.4993953862614715e-69
9.66 10.2 4.0698499785505084e-71
9.719999999999999 6.0 4.8444050024771184e-17
9.719999999999999 6.06 1.1628895894281749e-17
9.719999999999999 6.12 -1.3886220713080177e-17
9.719999999999999 6.180000000000001 1.486112182599709e-17
9.719999999999999 6.24 -5.527739933148845e-18
9.719999999999999 6.299999999999999 -3.1548532723795307e-18
9.719999999999999 6.359999999999999 -4.8267086865115806e-18
9.719999999999999 6.42 1.2572095495059369e-18
9.719999999999999 6.48 5.804363799566027e-20
9.719999999999999 6.54 1.7239535389720252e-17
9.719999999999999 6.6000000000000005 4.492015419860195e-19
9.719999999999999 6.66 -6.21757354227119e-18
9.719999999999999 6.720000000000001 7.101161915280893e-17
9.719999999999999 6.779999999999999 1.493436201151719e-19
9.719999999999999 6.84 -3.958390657243976e-18
9.719999999999999 6.8999999999999995 -9.748734172609792e-18
9.719999999999999 6.96 1.1424654951439619e-14
9.719999999999999 7.02 2.1835190770630007e-8
9.719999999999999 7.08 0.0015453676626030004
9.719999999999999 7.140000000000001 0.2520741979801905
9.719999999999999 7.200000000000001 0.635397519702051
9.719999999999999 7.26 0.08685475281299646
9.719999999999999 7.32 0.002223687139372096
9.719999999999999 7.380000000000001 8.65275601667538e-6
9.719999999999999 7.44 1.82392213310447e-9
9.719999999999999 7.5 1.0337829720326705e-14
9.719999999999999 7.56 1.089478463078158e-18
9.719999999999999 7.62 -8.458825461813665e-19
9.719999999999999 7.680000000000001 5.031843591917637e-16
9.719999999999999 7.739999999999999 4.982717651204476e-9
9.719999999999999 7.799999999999999 0.0004585747402952217
9.719999999999999 7.859999999999999 0.1852193054601921
9.719999999999999 7.92 0.770426325674801
9.719999999999999 7.9799999999999995 0.03845116446717514
9.719999999999999 8.04 6.048600400900638e-6
9.719999999999999 8.1 5.396089618743673e-12
9.719999999999999 8.16 5.647179392545107e-20
9.719999999999999 8.219999999999999 8.012696630371745e-30
9.719999999999999 8.280000000000001 1.0944460560776078e-40
9.719999999999999 8.34 1.412410713568604e-51
9.719999999999999 8.4 1.4960758059793171e-61
9.719999999999999 8.46 6.570161353463404e-70
9.719999999999999 8.52 2.6541036127464716e-76
9.719999999999999 8.58 9.776968557167838e-81
9.719999999999999 8.64 1.9919391138823955e-83
9.719999999999999 8.700000000000001 1.1223581384266197e-84
9.719999999999999 8.760000000000002 7.902260910082706e-85
9.719999999999999 8.82 2.890512763780337e-84
9.719999999999999 8.879999999999999 2.257958172675899e-83
9.719999999999999 8.94 1.9064721028599013e-82
9.719999999999999 9.0 7.960280398284982e-82
9.719999999999999 9.06 1.1060067708534807e-81
9.719999999999999 9.120000000000001 6.902428553980585e-82
9.719999999999999 9.18 9.58205698539849e-83
9.719999999999999 9.24 7.4221778612336e-84
9.719999999999999 9.3 3.537887104173365e-85
9.719999999999999 9.36 3.834228264298425e-86
9.719999999999999 9.42 4.64738580646307e-87
9.719999999999999 9.48 3.140883549661931e-89
9.719999999999999 9.54 -1.467892333374222e-86
9.719999999999999 9.6 1.1785448132871537e-84
9.719999999999999 9.66 -4.960819475288673e-83
9.719999999999999 9.719999999999999 -4.033828200799325e-80
9.719999999999999 9.780000000000001 -3.976704066059374e-77
9.719999999999999 9.84 -8.160344902181143e-75
9.719999999999999 9.9 -4.966136278830359e-72
9.719999999999999 9.96 -4.486021106520558e-70
9.719999999999999 10.020000000000001 -1.0052979294845134e-68
9.719999999999999 10.08 -1.476019211601459e-69
9.719999999999999 10.14 -5.745080871393093e-69
9.719999999999999 10.2 4.978112151517459e-70
9.780000000000001 6.0 4.265630397061618e-17
9.780000000000001 6.06 2.614207502893217e-17
9.780000000000001 6.12 7.439545202746968e-17
9.780000000000001 6.180000000000001 3.681496660561756e-17
9.780000000000001 6.24 -2.5155514452805797e-17
9.780000000000001 6.299999999999999 -2.9246598927010096e-18
9.780000000000001 6.359999999999999 -1.5679332784677587e-17
9.780000000000001 6.42 1.2672761895783715e-18
9.780000000000001 6.48 8.14351106073494e-19
9.780000000000001 6.54 4.2081279303205284e-17
9.780000000000001 6.6000000000000005 -7.205958709793582e-19
9.780000000000001 6.66 -1.229116811059077e-17
9.780000000000001 6.720000000000001 1.4791728815568454e-16
9.780000000000001 6.779999999999999 6.827669258414558e-18
9.780000000000001 6.84 -7.677698605133723e-18
9.780000000000001 6.8999999999999995 -2.2744769951678675e-17
9.780000000000001 6.96 6.210298361669847e-14
9.780000000000001 7.02 7.179326407557653e-8
9.780000000000001 7.08 0.003682046664604635
9.780000000000001 7.140000000000001 0.543628684206284
9.780000000000001 7.200000000000001 1.4008287943894766
9.780000000000001 7.26 0.21601501482545477
9.780000000000001 7.32 0.006970612258030159
9.780000000000001 7.380000000000001 3.243733270318415e-5
9.780000000000001 7.44 6.1535082552748775e-9
9.780000000000001 7.5 2.916505584424461e-14
9.780000000000001 7.56 2.270279981630303e-18
9.780000000000001 7.62 -1.4403779997577161e-18
9.780000000000001 7.680000000000001 7.249697517583383e-16
9.780000000000001 7.739999999999999 9.192203136727455e-9
9.780000000000001 7.799999999999999 0.0008931043458011406
9.780000000000001 7.859999999999999 0.37458442377388623
9.780000000000001 7.92 1.7088262208069849
9.780000000000001 7.9799999999999995 0.10288085628300961
9.780000000000001 8.04 2.0467976172142437e-5
9.780000000000001 8.1 2.770755590064907e-11
9.780000000000001 8.16 2.681560716265698e-19
9.780000000000001 8.219999999999999 3.2050066962906934e-29
9.780000000000001 8.280000000000001 3.4700361210308796e-40
9.780000000000001 8.34 3.3941166143063094e-51
9.780000000000001 8.4 2.671863427099726e-61
9.780000000000001 8.46 8.781681654040539e-70
9.780000000000001 8.52 2.7217710983151448e-76
9.780000000000001 8.58 7.914370067490374e-81
9.780000000000001 8.64 1.3066975656293603e-83
9.780000000000001 8.700000000000001 6.155854476153952e-85
9.780000000000001 8.760000000000002 3.78138439331029e-85
9.780000000000001 8.82 1.2641324040436844e-84
9.780000000000001 8.879999999999999 9.46193113671351e-84
9.780000000000001 8.94 1.0581914404725581e-82
9.780000000000001 9.0 3.744803875180092e-82
9.780000000000001 9.06 3.58418194595612e-82
9.780000000000001 9.120000000000001 4.109121532439682e-82
9.780000000000001 9.18 3.0167705153199232e-83
9.780000000000001 9.24 2.803482435788393e-84
9.780000000000001 9.3 1.7060695044497024e-86
9.780000000000001 9.36 1.5566603670992292e-86
9.780000000000001 9.42 3.398790971513044e-87
9.780000000000001 9.48 -6.360349172358352e-87
9.780000000000001 9.54 -6.175140245298173e-87
9.780000000000001 9.6 3.0041908947877535e-84
9.780000000000001 9.66 -4.688189297597096e-86
9.780000000000001 9.719999999999999 -3.3025437338007785e-80
9.780000000000001 9.780000000000001 -4.713858710294603e-77
9.780000000000001 9.84 1.2526732041292224e-74
9.780000000000001 9.9 3.134500923744222e-73
9.780000000000001 9.96 2.0140677788661605e-70
9.780000000000001 10.020000000000001 -4.929251296475964e-69
9.780000000000001 10.08 2.8298481488806027e-68
9.780000000000001 10.14 7.218988963961511e-69
9.780000000000001 10.2 2.255581129776035e-69
9.84 6.0 1.15720963631774e-16
9.84 6.06 -4.160756212951059e-18
9.84 6.12 2.155981605464341e-17
9.84 6.180000000000001 5.1239120715731866e-17
9.84 6.24 -5.556061455160484e-17
9.84 6.299999999999999 5.649459712003563e-18
9.84 6.359999999999999 -3.439901699803818e-17
9.84 6.42 -4.0512787044191714e-19
9.84 6.48 3.1774928963625425e-18
9.84 6.54 8.169334909760784e-17
9.84 6.6000000000000005 -4.663312773356459e-18
9.84 6.66 -1.627090340703989e-17
9.84 6.720000000000001 2.337091941772949e-16
9.84 6.779999999999999 2.7211514986997182e-17
9.84 6.84 -9.17721353683421e-18
9.84 6.8999999999999995 -4.023798199186174e-17
9.84 6.96 2.4745925687971847e-13
9.84 7.02 2.0685119972672773e-7
9.84 7.08 0.007134989402468932
9.84 7.140000000000001 0.95878295914855
9.84 7.200000000000001 2.5648179176211423
9.84 7.26 0.437967850227634
9.84 7.32 0.017757458324991707
9.84 7.380000000000001 9.074733302286995e-5
9.84 7.44 1.53370501522423e-8
9.84 7.5 6.101412687208823e-14
9.84 7.56 3.9842836474585196e-18
9.84 7.62 -1.2604884729216776e-18
9.84 7.680000000000001 7.820550563962731e-16
9.84 7.739999999999999 1.329787336480756e-8
9.84 7.799999999999999 0.0014244101992924457
9.84 7.859999999999999 0.6190233722092998
9.84 7.92 3.1449303842741108
9.84 7.9799999999999995 0.22860865094388555
9.84 8.04 6.0209776764203115e-5
9.84 8.1 1.0755387318662182e-10
9.84 8.16 9.48711720752289e-19
9.84 8.219999999999999 9.59017344015793e-29
9.84 8.280000000000001 8.269257312459356e-40
9.84 8.34 6.159699011964435e-51
9.84 8.4 3.619606089480054e-61
9.84 8.46 8.934867436782973e-70
9.84 8.52 2.12899744698431e-76
9.84 8.58 4.886787029092457e-81
9.84 8.64 6.522906141623135e-84
9.84 8.700000000000001 2.5578945570196405e-85
9.84 8.760000000000002 1.3564233368781214e-85
9.84 8.82 3.3374437101521285e-85
9.84 8.879999999999999 6.507753891454483e-85
9.84 8.94 3.2011345122599122e-83
9.84 9.0 -1.580652730753019e-82
9.84 9.06 -5.0958300142652e-82
9.84 9.120000000000001 1.058445386061766e-82
9.84 9.18 -2.3921331620097574e-83
9.84 9.24 -7.861860549483726e-85
9.84 9.3 -3.4339456599243116e-85
9.84 9.36 -2.803537467319365e-86
9.84 9.42 -2.0900348373823298e-86
9.84 9.48 -3.75799301558994e-86
9.84 9.54 -1.6413388928092222e-85
9.84 9.6 1.1846067739712506e-84
9.84 9.66 -2.2380240498004617e-82
9.84 9.719999999999999 -1.672559243350203e-79
9.84 9.780000000000001 -1.5148397832806763e-76
9.84 9.84 -4.129336902046786e-74
9.84 9.9 -2.0129103678427875e-71
9.84 9.96 -2.2610870675757464e-69
9.84 10.020000000000001 -3.5546556491917683e-68
9.84 10.08 -2.3582324142010003e-68
9.84 10.14 -2.1623015948311237e-68
9.84 10.2 1.734115190625365e-69
9.9 6.0 1.6350594367913358e-16
9.9 6.06 2.152550579148964e-16
9.9 6.12 1.038060986706197e-16
9.9 6.180000000000001 3.032169114127453e-17
9.9 6.24 -5.682034646646246e-17
9.9 6.299999999999999 -1.2341052890667874e-16
9.9 6.359999999999999 -9.162902676785069e-17
9.9 6.42 -4.080958720513979e-18
9.9 6.48 7.888117166674128e-18
9.9 6.54 1.271319193624848e-16
9.9 6.6000000000000005 -1.096620843718926e-17
9.9 6.66 -1.1121717992739973e-17
9.9 6.720000000000001 2.8610095747010087e-16
9.9 6.779999999999999 6.259004897864352e-17
9.9 6.84 -2.221653227758369e-18
9.9 6.8999999999999995 -5.2482244041772915e-17
9.9 6.96 7.164640372818029e-13
9.9 7.02 4.974633060146648e-7
9.9 7.08 0.011318742745051385
9.9 7.140000000000001 1.390010219631575
9.9 7.200000000000001 3.907906634974269
9.9 7.26 0.732365092865884
9.9 7.32 0.036330983372550994
9.9 7.380000000000001 0.0001900068484925325
9.9 7.44 2.8414344279987726e-8
9.9 7.5 9.513640822440428e-14
9.9 7.56 6.346100802930679e-18
9.9 7.62 1.2591519041810151e-18
9.9 7.680000000000001 6.315548737446651e-16
9.9 7.739999999999999 1.4883963551321148e-8
9.9 7.799999999999999 0.0018405596962824448
9.9 7.859999999999999 0.8377753876324279
9.9 7.92 4.8213545926001204
9.9 7.9799999999999995 0.4241060079730421
9.9 8.04 0.0001506476464914468
9.9 8.1 3.145885356242004e-10
9.9 8.16 2.5145672873260375e-18
9.9 8.219999999999999 2.1579688848786057e-28
9.9 8.280000000000001 1.4891618410531908e-39
9.9 8.34 8.494589471565754e-51
9.9 8.4 3.747249700570014e-61
9.9 8.46 6.981367860513104e-70
9.9 8.52 1.283206920933666e-76
9.9 8.58 2.3275261552547755e-81
9.9 8.64 2.507581618038937e-84
9.9 8.700000000000001 8.164518066657637e-86
9.9 8.760000000000002 4.1997156577445046e-86
9.9 8.82 2.467602436990877e-85
9.9 8.879999999999999 5.187576121376247e-84
9.9 8.94 1.4997332257069636e-82
9.9 9.0 7.13735146268307e-82
9.9 9.06 8.78581376367423e-82
9.9 9.120000000000001 8.552472672729041e-82
9.9 9.18 6.302548457007473e-83
9.9 9.24 7.283002477727354e-84
9.9 9.3 3.3083040237375056e-85
9.9 9.36 9.071071156794728e-86
9.9 9.42 3.4781995698639554e-86
9.9 9.48 5.090551479835702e-86
9.9 9.54 4.4861703338638963e-85
9.9 9.6 1.4228866356525779e-83
9.9 9.66 1.0518615274372264e-81
9.9 9.719999999999999 2.3489506441276763e-79
9.9 9.780000000000001 1.7519059706821097e-76
9.9 9.84 2.1671150826544696e-73
9.9 9.9 6.823792518719318e-71
9.9 9.96 5.473396713880814e-69
9.9 10.020000000000001 6.3165779079450325e-68
9.9 10.08 2.39602104078178e-67
9.9 10.14 9.84183999715266e-68
9.9 10.2 1.6008539308895235e-68
9.96 6.0 2.2728950915755787e-16
9.96 6.06 3.980159168774792e-17
9.96 6.12 1.532245330247957e-16
9.96 6.180000000000001 1.3924819470476878e-16
9.96 6.24 -4.462504243639578e-17
9.96 6.299999999999999 -1.52615586884502e-16
9.96 6.359999999999999 -7.515573670313568e-17
9.96 6.42 -5.410623217345449e-18
9.96 6.48 1.368277729008684e-17
9.96 6.54 1.5895020947499762e-16
9.96 6.6000000000000005 -1.5412467685095386e-17
9.96 6.66 4.276431558271073e-18
9.96 6.720000000000001 2.817760869908045e-16
9.96 6.779999999999999 9.671436971475943e-17
9.96 6.84 1.550057360939658e-17
9.96 6.8999999999999995 -4.847647087861051e-17
9.96 6.96 1.5037227627837595e-12
9.96 7.02 9.467887034612806e-7
9.96 7.08 0.014792169594003802
9.96 7.140000000000001 1.6639152147201803
9.96 7.200000000000001 4.949770254213869
9.96 7.26 1.019857315472423
9.96 7.32 0.05917620566331162
9.96 7.380000000000001 0.00029997422014906326
9.96 7.44 3.9431331472534264e-8
9.96 7.5 1.1123253073868955e-13
9.96 7.56 9.47625245568034e-18
9.96 7.62 7.015570283028433e-18
9.96 7.680000000000001 3.81138164829631e-16
9.96 7.739999999999999 1.2741952167710999e-8
9.96 7.799999999999999 0.0018930038522754363
9.96 7.859999999999999 0.9248025873095171
9.96 7.92 6.154840713304193
9.96 7.9799999999999995 0.6571310657565589
9.96 8.04 0.00031263582573130274
9.96 8.1 6.962430738044574e-10
9.96 8.16 5.0236292153351715e-18
9.96 8.219999999999999 3.6713300914167553e-28
9.96 8.280000000000001 2.037155439885952e-39
9.96 8.34 8.952930791554845e-51
9.96 8.4 2.9849881464415377e-61
9.96 8.46 4.2239390632519207e-70
9.96 8.52 6.017156519585007e-77
9.96 8.58 8.643625714062964e-82
9.96 8.64 7.509696955012186e-85
9.96 8.700000000000001 2.0083656861674096e-86
9.96 8.760000000000002 4.853370265050937e-87
9.96 8.82 -1.5142303772203618e-85
9.96 8.879999999999999 -6.378773284739446e-84
9.96 8.94 -5.453013849586034e-83
9.96 9.0 -6.545054940746514e-82
9.96 9.06 -1.602522127973141e-81
9.96 9.120000000000001 -3.56651654821754e-82
9.96 9.18 -9.84381339259937e-83
9.96 9.24 -4.145326362074437e-84
9.96 9.3 -5.568076685491098e-85
9.96 9.36 -7.864915245697965e-86
9.96 9.42 -5.785317494179087e-86
9.96 9.48 -8.507796842172453e-86
9.96 9.54 -3.057540672130306e-85
9.96 9.6 -4.044200642849893e-84
9.96 9.66 -6.132876527763461e-82
9.96 9.719999999999999 -3.1852022161855246e-79
9.96 9.780000000000001 -2.38825181914649e-76
9.96 9.84 -1.178564120837299e-73
9.96 9.9 -4.405729790327797e-71
9.96 9.96 -5.634451440984722e-69
9.96 10.020000000000001 -8.169568299577372e-68
9.96 10.08 -9.293546881234675e-68
9.96 10.14 -5.7385642481249706e-68
9.96 10.2 -8.152409135253807e-70
10.020000000000001 6.0 2.339724518152613e-16
10.020000000000001 6.06 1.6907922036851124e-16
10.020000000000001 6.12 -9.284229892083985e-17
10.020000000000001 6.180000000000001 3.234172573214174e-16
10.020000000000001 6.24 -2.4762312961878547e-17
10.020000000000001 6.299999999999999 -7.77577311982525e-17
10.020000000000001 6.359999999999999 -1.2111435107870893e-16
10.020000000000001 6.42 -1.964371932997582e-19
10.020000000000001 6.48 5.543589851418328e-18
10.020000000000001 6.54 1.5890605477730903e-16
10.020000000000001 6.6000000000000005 -1.361687489931045e-17
10.020000000000001 6.66 1.9295213156635972e-17
10.020000000000001 6.720000000000001 2.3354396459710154e-16
10.020000000000001 6.779999999999999 1.0445190380947226e-16
10.020000000000001 6.84 3.5011005223053076e-17
10.020000000000001 6.8999999999999995 -2.9294917605339474e-17
10.020000000000001 6.96 2.287321828646372e-12
10.020000000000001 7.02 1.3718315456067453e-6
10.020000000000001 7.08 0.01588750544660527
10.020000000000001 7.140000000000001 1.6499627321898052
10.020000000000001 7.200000000000001 5.194618383781263
10.020000000000001 7.26 1.186541129904237
10.020000000000001 7.32 0.07645003496785804
10.020000000000001 7.380000000000001 0.0003607184085474611
10.020000000000001 7.44 4.1368951398784824e-8
10.020000000000001 7.5 9.823431372047048e-14
10.020000000000001 7.56 1.2615284337156081e-17
10.020000000000001 7.62 1.4038836189642424e-17
10.020000000000001 7.680000000000001 1.706018709698324e-16
10.020000000000001 7.739999999999999 8.268223876582403e-9
10.020000000000001 7.799999999999999 0.0015225026653711191
10.020000000000001 7.859999999999999 0.8268529589094393
10.020000000000001 7.92 6.508167749378177
10.020000000000001 7.9799999999999995 0.8469095131182298
10.020000000000001 8.04 0.0005271105799340559
10.020000000000001 8.1 1.1727572181762032e-9
10.020000000000001 8.16 7.610700619501524e-18
10.020000000000001 8.219999999999999 4.747765722978459e-28
10.020000000000001 8.280000000000001 2.1275695713076664e-39
10.020000000000001 8.34 7.249874816329813e-51
10.020000000000001 8.4 1.8411208741353037e-61
10.020000000000001 8.46 1.994079610067005e-70
10.020000000000001 8.52 2.2150524543723166e-77
10.020000000000001 8.58 2.528534730783386e-82
10.020000000000001 8.64 1.771683581701612e-85
10.020000000000001 8.700000000000001 4.003966558296563e-87
10.020000000000001 8.760000000000002 3.9827823163336046e-87
10.020000000000001 8.82 9.01495221309854e-86
10.020000000000001 8.879999999999999 1.9814655951215332e-84
10.020000000000001 8.94 8.514878324993719e-83
10.020000000000001 9.0 4.433508066154791e-82
10.020000000000001 9.06 3.890945103227545e-82
10.020000000000001 9.120000000000001 4.298792858935313e-82
10.020000000000001 9.18 2.2561694133188373e-83
10.020000000000001 9.24 4.514677571035752e-84
10.020000000000001 9.3 3.260269871072334e-85
10.020000000000001 9.36 6.939912084866888e-86
10.020000000000001 9.42 1.0191763330707507e-86
10.020000000000001 9.48 2.769591441023753e-86
10.020000000000001 9.54 3.483989100768244e-85
10.020000000000001 9.6 8.515156559697744e-84
10.020000000000001 9.66 7.776137839880539e-82
10.020000000000001 9.719999999999999 1.6162365141540683e-79
10.020000000000001 9.780000000000001 1.2483080107953581e-76
10.020000000000001 9.84 1.4639759030448733e-73
10.020000000000001 9.9 4.751302332204827e-71
10.020000000000001 9.96 2.571874974693029e-69
10.020000000000001 10.020000000000001 2.3309569824907295e-68
10.020000000000001 10.08 1.7301687007659954e-67
10.020000000000001 10.14 6.308200314603092e-68
10.020000000000001 10.2 1.3867488151804126e-68
10.08 6.0 2.024718114313305e-16
10.08 6.06 1.806131442604215e-16
10.08 6.12 9.047283757005519e-17
10.08 6.180000000000001 1.921983981633276e-16
10.08 6.24 -1.6527415772092628e-16
10.08 6.299999999999999 -2.3915081995267213e-17
10.08 6.359999999999999 -4.2483875150597436e-17
10.08 6.42 1.9182374874053582e-17
10.08 6.48 6.5092984938908574e-18
10.08 6.54 1.240596417786662e-16
10.08 6.6000000000000005 -6.871516898599934e-18
10.08 6.66 2.203365526657333e-17
10.08 6.720000000000001 1.661276684293728e-16
10.08 6.779999999999999 7.901167850899124e-17
10.08 6.84 4.1920718336058144e-17
10.08 6.8999999999999995 -8.713572300665146e-18
10.08 6.96 2.5225570193708586e-12
10.08 7.02 1.4790712313961722e-6
10.08 7.08 0.013811868953817768
10.08 7.140000000000001 1.352635640376011
10.08 7.200000000000001 4.482459303518591
10.08 7.26 1.1434886026858886
10.08 7.32 0.0780576184984995
10.08 7.380000000000001 0.0003335629529010799
10.08 7.44 3.313691129581777e-8
10.08 7.5 6.6082109607419e-14
10.08 7.56 1.3787321123028634e-17
10.08 7.62 1.7798521344480082e-17
10.08 7.680000000000001 5.5107225758395816e-17
10.08 7.739999999999999 4.039711083648058e-9
10.08 7.799999999999999 0.0009444973966886135
10.08 7.859999999999999 0.5942170459081987
10.08 7.92 5.642468211185462
10.08 7.9799999999999995 0.8979866055346261
10.08 8.04 0.0007070193789270819
10.08 8.1 1.5082025341092709e-9
10.08 8.16 8.784047357037992e-18
10.08 8.219999999999999 4.688983931268318e-28
10.08 8.280000000000001 1.7041154848909034e-39
10.08 8.34 4.53243085400337e-51
10.08 8.4 8.843306335776491e-62
10.08 8.46 7.397251579365807e-71
10.08 8.52 6.455571287448213e-78
10.08 8.58 5.8831451633132685e-83
10.08 8.64 3.327305393064307e-86
10.08 8.700000000000001 5.992959927705053e-88
10.08 8.760000000000002 -2.1301999118903843e-88
10.08 8.82 -2.123944546476961e-86
10.08 8.879999999999999 -1.4901626081360407e-84
10.08 8.94 1.3383045239856033e-84
10.08 9.0 -1.1457399267465955e-82
10.08 9.06 -3.9528694124903204e-82
10.08 9.120000000000001 -4.0086257517198486e-83
10.08 9.18 -3.787109687892108e-83
10.08 9.24 1.890777755117551e-85
10.08 9.3 -4.78181014166825e-86
10.08 9.36 -1.0326361347005455e-86
10.08 9.42 -2.4815730168412355e-86
10.08 9.48 -2.663710683398269e-86
10.08 9.54 1.8179986683166102e-86
10.08 9.6 -1.8992028194767212e-85
10.08 9.66 8.728476909871227e-83
10.08 9.719999999999999 -3.423590617273526e-80
10.08 9.780000000000001 -1.941634047924911e-77
10.08 9.84 -2.1987094276814386e-75
10.08 9.9 2.5338353245671613e-73
10.08 9.96 -1.019412497399992e-69
10.08 10.020000000000001 -3.7278073381823895e-68
10.08 10.08 2.6192765079053364e-68
10.08 10.14 4.535560509657744e-70
10.08 10.2 5.132991314224258e-69
10.14 6.0 1.1115172395288862e-16
10.14 6.06 1.3910113299883538e-16
10.14 6.12 -6.948786223620446e-18
10.14 6.180000000000001 5.2868311890533077e-17
10.14 6.24 -7.202522384356966e-17
10.14 6.299999999999999 -8.449618096366816e-17
10.14 6.359999999999999 2.5793613463964156e-18
10.14 6.42 3.195110604519611e-17
10.14 6.48 -6.408375768368881e-18
10.14 6.54 7.535242970080388e-17
10.14 6.6000000000000005 2.118153900922031e-18
10.14 6.66 1.3693445587370927e-17
10.14 6.720000000000001 9.851744213379386e-17
10.14 6.779999999999999 4.0864890034461137e-17
10.14 6.84 3.260174829697885e-17
10.14 6.8999999999999995 2.1484256117268788e-18
10.14 6.96 2.017901383291127e-12
10.14 7.02 1.1721105528377585e-6
10.14 7.08 0.009490802727843984
10.14 7.140000000000001 0.9059408556811793
10.14 7.200000000000001 3.133970031207388
10.14 7.26 0.8922257429905894
10.14 7.32 0.06236564816617624
10.14 7.380000000000001 0.0002382617880221046
10.14 7.44 2.0424269393699952e-8
10.14 7.5 3.413658009811436e-14
10.14 7.56 1.1635006575215551e-17
10.14 7.62 1.5596447372797617e-17
10.14 7.680000000000001 1.1486194792433887e-17
10.14 7.739999999999999 1.479126261350027e-9
10.14 7.799999999999999 0.0004476828515233616
10.14 7.859999999999999 0.34016229663815245
10.14 7.92 3.947646826486285
10.14 7.9799999999999995 0.7661515264474672
10.14 8.04 0.0007349200474389034
10.14 8.1 1.4767758533912063e-9
10.14 8.16 7.733601553672637e-18
10.14 8.219999999999999 3.5467562386729867e-28
10.14 8.280000000000001 1.0505827644159277e-39
10.14 8.34 2.196740956828936e-51
10.14 8.4 3.3247350967746844e-62
10.14 8.46 2.170101749272175e-71
10.14 8.52 1.5011508399574606e-78
10.14 8.58 1.0986242315444176e-83
10.14 8.64 5.02107294297236e-87
10.14 8.700000000000001 3.151351740496657e-89
10.14 8.760000000000002 -1.8081503604410217e-87
10.14 8.82 -9.000064434798307e-86
10.14 8.879999999999999 -4.205265527777529e-84
10.14 8.94 -6.348202639030085e-83
10.14 9.0 -4.523705052282134e-82
10.14 9.06 -7.99431732690029e-82
10.14 9.120000000000001 -3.15128339207221e-82
10.14 9.18 -6.928967085468813e-83
10.14 9.24 -3.159242424298804e-84
10.14 9.3 -2.2560072623691777e-85
10.14 9.36 -4.322689021732594e-86
10.14 9.42 -3.966270394415678e-86
10.14 9.48 -5.051651597303604e-86
10.14 9.54 -1.6317051244106602e-85
10.14 9.6 -5.048478515380317e-84
10.14 9.66 -3.964805587713909e-82
10.14 9.719999999999999 -1.6765484885515676e-79
10.14 9.780000000000001 -1.241376908419249e-76
10.14 9.84 -8.39857998332078e-74
10.14 9.9 -3.4921897561440216e-71
10.14 9.96 -3.320628892286549e-69
10.14 10.020000000000001 -6.064045059648634e-68
10.14 10.08 -7.0176814272394296e-68
10.14 10.14 -4.115805094463142e-68
10.14 10.2 -2.792554032880032e-69
10.2 6.0 4.8444176331569997e-17
10.2 6.06 7.459475241559668e-17
10.2 6.12 -1.536718871386807e-17
10.2 6.180000000000001 2.80233062090866e-17
10.2 6.24 -2.2819579035386785e-17
10.2 6.299999999999999 -5.506293662522699e-17
10.2 6.359999999999999 1.601515596203542e-17
10.2 6.42 3.051219073542199e-17
10.2 6.48 -1.897943538420671e-17
10.2 6.54 4.709985320104742e-17
10.2 6.6000000000000005 1.8910414440558222e-17
10.2 6.66 4.448676235736944e-18
10.2 6.720000000000001 4.6098337230182025e-17
10.2 6.779999999999999 1.3556337144944688e-17
10.2 6.84 1.7289595869583786e-17
10.2 6.8999999999999995 3.819709501726228e-18
10.2 6.96 1.1711578337209056e-12
10.2 7.02 6.78171806991479e-7
10.2 7.08 0.005029023741592192
10.2 7.140000000000001 0.4846367458585677
10.2 7.200000000000001 1.7364170560314125
10.2 7.26 0.5454835104924131
10.2 7.32 0.03829069603645
10.2 7.380000000000001 0.00013090420437284134
10.2 7.44 9.708138683553105e-9
10.2 7.5 1.3612745457002959e-14
10.2 7.56 7.317074814475886e-18
10.2 7.62 9.666534629920366e-18
10.2 7.680000000000001 5.755470298799347e-19
10.2 7.739999999999999 4.045316326691232e-10
10.2 7.799999999999999 0.00016104406737823252
10.2 7.859999999999999 0.15318251894258988
10.2 7.92 2.1792757648813375
10.2 7.9799999999999995 0.5089508834729913
10.2 8.04 0.0005747764536869925
10.2 8.1 1.0904824934582722e-9
10.2 8.16 5.1751922537891535e-18
10.2 8.219999999999999 2.0540879905319527e-28
10.2 8.280000000000001 4.994461980606146e-40
10.2 8.34 8.28079239155746e-52
10.2 8.4 9.827040738222944e-63
10.2 8.46 5.063618346748473e-72
10.2 8.52 2.8050602110174955e-79
10.2 8.58 1.660478690218586e-84
10.2 8.64 6.152677612908955e-88
10.2 8.700000000000001 7.666868427812878e-90
10.2 8.760000000000002 -2.64927725015273e-88
10.2 8.82 -2.0458103079428586e-86
10.2 8.879999999999999 -8.025161810396608e-85
10.2 8.94 -1.5339346289173728e-83
10.2 9.0 -4.010605553370019e-83
10.2 9.06 -1.3234613195433753e-82
10.2 9.120000000000001 -5.1543414170126086e-83
10.2 9.18 -1.693434322968895e-83
10.2 9.24 -3.814112772750986e-85
10.2 9.3 -1.1479627719578167e-86
10.2 9.36 -6.479788737278535e-87
10.2 9.42 -1.0431816027322215e-86
10.2 9.48 -1.0162772973011818e-86
10.2 9.54 -3.4792571985342834e-87
10.2 9.6 -3.87010852818968e-85
10.2 9.66 7.029493439270561e-86
10.2 9.719999999999999 -1.9141490012937653e-80
10.2 9.780000000000001 -1.0491394350181195e-77
10.2 9.84 -7.108008020198608e-75
10.2 9.9 -2.492234940317043e-72
10.2 9.96 -2.3874546016415153e-70
10.2 10.020000000000001 -1.2868990695264347e-68
10.2 10.08 1.1257170800187573e-69
10.2 10.14 -5.172435144437644e-69
10.2 10.2 9.05756926748044e-70
10.26 6.0 1.6574179562179575e-17
10.26 6.06 3.023629604695643e-17
10.26 6.12 -6.112363699352021e-18
10.26 6.180000000000001 3.212036519318196e-17
10.26 6.24 -1.1868143314188097e-17
10.26 6.299999999999999 1.1476328327046399e-17
10.26 6.359999999999999 -1.7636209777637523e-18
10.26 6.42 -1.686026638509569e-18
10.26 6.48 -2.9090942115115804e-17
10.26 6.54 1.7843672845079098e-17
10.26 6.6000000000000005 1.1143408094533898e-17
10.26 6.66 2.9581496490110663e-19
10.26 6.720000000000001 1.6207915516401015e-17
10.26 6.779999999999999 2.3577736773220283e-18
10.26 6.84 6.356208480074157e-18
10.26 6.8999999999999995 2.1637177200775476e-18
10.26 6.96 4.931265792096981e-13
10.26 7.02 2.8533698638070527e-7
10.26 7.08 0.0020119646450222797
10.26 7.140000000000001 0.20107013670667004
10.26 7.200000000000001 0.7416394523694001
10.26 7.26 0.25252516348629045
10.26 7.32 0.017665045814404288
10.26 7.380000000000001 5.46152965892474e-5
10.26 7.44 3.5383121123969685e-9
10.26 7.5 4.1882732971214796e-15
10.26 7.56 3.357139938015599e-18
10.26 7.62 4.262120177091765e-18
10.26 7.680000000000001 -6.494237218967625e-19
10.26 7.739999999999999 8.244094426384941e-11
10.26 7.799999999999999 4.3708625489381734e-5
10.26 7.859999999999999 0.05336622815668622
10.26 7.92 0.9235923391677531
10.26 7.9799999999999995 0.25385660575100444
10.26 8.04 0.00032905282478371624
10.26 8.1 5.986233305736725e-10
10.26 8.16 2.610095017879787e-18
10.26 8.219999999999999 9.070274122884548e-29
10.26 8.280000000000001 1.8298489562178037e-40
10.26 8.34 2.4323282613643682e-52
10.26 8.4 2.2917025978898396e-63
10.26 8.46 9.444797158853993e-73
10.26 8.52 4.239083830666392e-80
10.26 8.58 2.046970531465844e-85
10.26 8.64 6.1099485201345716e-89
10.26 8.700000000000001 -4.621941946346769e-90
10.26 8.760000000000002 -3.3504844204992863e-88
10.26 8.82 -1.5784111460872394e-86
10.26 8.879999999999999 -6.719369688562955e-85
10.26 8.94 -1.2596945792582569e-83
10.26 9.0 -7.191932358536193e-83
10.26 9.06 -1.3147186747039278e-82
10.26 9.120000000000001 -5.975259930448815e-83
10.26 9.18 -1.191895528364206e-83
10.26 9.24 -4.76580167413601e-85
10.26 9.3 -4.022639093901314e-86
10.26 9.36 -7.306655594589983e-87
10.26 9.42 -6.610688106010008e-87
10.26 9.48 -8.483164777484066e-87
10.26 9.54 -3.0670827325515385e-86
10.26 9.6 -8.558967181886517e-85
10.26 9.66 -6.319374741556678e-83
10.26 9.719999999999999 -2.8698314792291353e-80
10.26 9.780000000000001 -1.8978077044944258e-77
10.26 9.84 -1.5228932333027747e-74
10.26 9.9 -4.4535746648942723e-72
10.26 9.96 -4.707989163615618e-70
10.26 10.020000000000001 -9.932306404913497e-69
10.26 10.08 -9.874817780989945e-69
10.26 10.14 -8.557237471710816e-69
10.26 10.2 -4.73558827436985e-70
10.32 6.0 4.205693935973491e-18
10.32 6.06 9.946197970953155e-18
10.32 6.12 -4.708898715847647e-18
10.32 6.180000000000001 8.45365841185037e-18
10.32 6.24 -1.8788854262529025e-18
10.32 6.299999999999999 -1.2007256296213616e-17
10.32 6.359999999999999 2.7949363365258703e-18
10.32 6.42 -1.1072726025399358e-19
10.32 6.48 -4.274851627490934e-18
10.32 6.54 6.94335093259253e-18
10.32 6.6000000000000005 -4.420041171525313e-19
10.32 6.66 -2.9189568668641333e-19
10.32 6.720000000000001 4.178186903721295e-18
10.32 6.779999999999999 -4.3716806243817915e-20
10.32 6.84 1.6353023816904394e-18
10.32 6.8999999999999995 7.64117003792003e-19
10.32 6.96 1.505608143059294e-13
10.32 7.02 8.704215991503806e-8
10.32 7.08 0.0005975227928147014
10.32 7.140000000000001 0.0627513741983236
10.32 7.200000000000001 0.23709379488467003
10.32 7.26 0.08599420612375129
10.32 7.32 0.005994130565730247
10.32 7.380000000000001 1.7003344990738918e-5
10.32 7.44 9.7629985295116e-10
10.32 7.5 9.868098872091235e-16
10.32 7.56 1.1072507438916648e-18
10.32 7.62 1.336801818120913e-18
10.32 7.680000000000001 -3.0398404368436072e-19
10.32 7.739999999999999 1.249360726721427e-11
10.32 7.799999999999999 8.8933647290272e-6
10.32 7.859999999999999 0.014112542620569496
10.32 7.92 0.29213690394607655
10.32 7.9799999999999995 0.09209350430305448
10.32 8.04 0.0001349039106750023
10.32 8.1 2.4051505347042927e-10
10.32 8.16 9.806758899145528e-19
10.32 8.219999999999999 3.0303668380160056e-29
10.32 8.280000000000001 5.14927140652226e-41
10.32 8.34 5.567992646425856e-53
10.32 8.4 4.2273038495331476e-64
10.32 8.46 1.4142140009090131e-73
10.32 8.52 5.210465780227041e-81
10.32 8.58 2.0725119765079134e-86
10.32 8.64 4.979817950898526e-90
10.32 8.700000000000001 1.0661552043698414e-91
10.32 8.760000000000002 -3.15481398976068e-89
10.32 8.82 -2.2968128921896654e-87
10.32 8.879999999999999 -1.112298216609418e-85
10.32 8.94 -2.4369648486143994e-84
10.32 9.0 -1.0164150915279986e-83
10.32 9.06 -1.5508100658982022e-83
10.32 9.120000000000001 -9.484675698859955e-84
10.32 9.18 -2.134953248524935e-84
10.32 9.24 -5.987764798916926e-86
10.32 9.3 -8.193621558975277e-88
10.32 9.36 -1.0154793025652588e-87
10.32 9.42 -1.2587675659534433e-87
10.32 9.48 -1.2384117766324363e-87
10.32 9.54 -3.4308863121198063e-87
10.32 9.6 -1.1972389595739706e-85
10.32 9.66 -7.267936754398036e-84
10.32 9.719999999999999 -3.6642767235244986e-81
10.32 9.780000000000001 -1.0903430649293666e-78
10.32 9.84 -1.9844438406646745e-75
10.32 9.9 -4.96863513091221e-73
10.32 9.96 -3.842372761983136e-71
10.32 10.020000000000001 -1.2693069141597039e-69
10.32 10.08 -1.3452104794326392e-69
10.32 10.14 -9.633288376632923e-70
10.32 10.2 4.674803501607747e-72
10.379999999999999 6.0 7.821563670952222e-19
10.379999999999999 6.06 2.578889970215927e-18
10.379999999999999 6.12 -1.441774044045061e-18
10.379999999999999 6.180000000000001 2.4244834909722766e-18
10.379999999999999 6.24 -4.698955383730719e-19
10.379999999999999 6.299999999999999 -2.4691668529930592e-18
10.379999999999999 6.359999999999999 -2.1452411481269286e-18
10.379999999999999 6.42 1.5293989710470487e-18
10.379999999999999 6.48 -2.307379839218792e-18
10.379999999999999 6.54 -1.4977745951268685e-19
10.379999999999999 6.6000000000000005 8.593628511624225e-19
10.379999999999999 6.66 4.9159484093814907e-20
10.379999999999999 6.720000000000001 1.1094743788676854e-18
10.379999999999999 6.779999999999999 -2.6087974393662173e-19
10.379999999999999 6.84 9.576405262331115e-19
10.379999999999999 6.8999999999999995 1.873034376123815e-19
10.379999999999999 6.96 3.3299958283513677e-14
10.379999999999999 7.02 1.9197899422158897e-8
10.379999999999999 7.08 0.0001299274819060803
10.379999999999999 7.140000000000001 0.014333719355154826
10.379999999999999 7.200000000000001 0.055194283891867056
10.379999999999999 7.26 0.021085192513030572
10.379999999999999 7.32 0.0014704364681367638
10.379999999999999 7.380000000000001 3.881039600250673e-6
10.379999999999999 7.44 2.0063654662296277e-10
10.379999999999999 7.5 1.7575383803128749e-16
10.379999999999999 7.56 2.595103008243505e-19
10.379999999999999 7.62 2.976167415114666e-19
10.379999999999999 7.680000000000001 -7.716287254152783e-20
10.379999999999999 7.739999999999999 1.4051129010470104e-12
10.379999999999999 7.799999999999999 1.34668017741214e-6
10.379999999999999 7.859999999999999 0.0027809537320450752
10.379999999999999 7.92 0.06728242263875447
10.379999999999999 7.9799999999999995 0.023725971918342463
10.379999999999999 8.04 3.898951724709436e-5
10.379999999999999 8.1 6.97453526610165e-11
10.379999999999999 8.16 2.7114006508758986e-19
10.379999999999999 8.219999999999999 7.586304444166996e-30
10.379999999999999 8.280000000000001 1.1065953966704713e-41
10.379999999999999 8.34 9.916812815221591e-54
10.379999999999999 8.4 6.176164511651117e-65
10.379999999999999 8.46 1.705654128238084e-74
10.379999999999999 8.52 5.2345319724682975e-82
10.379999999999999 8.58 1.7341909294199549e-87
10.379999999999999 8.64 3.2637000977464057e-91
10.379999999999999 8.700000000000001 5.946720133474346e-93
10.379999999999999 8.760000000000002 -6.811014830719647e-90
10.379999999999999 8.82 -1.6992149476733412e-88
10.379999999999999 8.879999999999999 -1.4879527471851009e-86
10.379999999999999 8.94 -3.6457528821816055e-85
10.379999999999999 9.0 -2.6058666643846777e-84
10.379999999999999 9.06 -2.495527306987054e-84
10.379999999999999 9.120000000000001 -1.409096731368678e-84
10.379999999999999 9.18 -4.044494921915145e-85
10.379999999999999 9.24 -5.80288463029761e-87
10.379999999999999 9.3 -9.386546508061199e-88
10.379999999999999 9.36 -1.5125136701743122e-88
10.379999999999999 9.42 -2.4296265044332783e-88
10.379999999999999 9.48 -2.7954936870621156e-88
10.379999999999999 9.54 -6.673390705986871e-88
10.379999999999999 9.6 -1.995843897477267e-86
10.379999999999999 9.66 -1.157416765693736e-84
10.379999999999999 9.719999999999999 -8.379582391058917e-82
10.379999999999999 9.780000000000001 -3.3808000596103515e-79
10.379999999999999 9.84 -4.244239552273028e-76
10.379999999999999 9.9 -5.715837140623518e-74
10.379999999999999 9.96 -8.439419483529743e-72
10.379999999999999 10.020000000000001 -2.673058240562663e-70
10.379999999999999 10.08 -1.5216858268103364e-70
10.379999999999999 10.14 -1.7035490833898826e-70
10.379999999999999 10.2 1.228371871360029e-72
10.44 6.0 9.395709567905679e-20
10.44 6.06 4.563732374546039e-19
10.44 6.12 -2.1861495116138667e-19
10.44 6.180000000000001 3.234315752182247e-19
10.44 6.24 6.913208912516478e-20
10.44 6.299999999999999 -4.254005724089961e-19
10.44 6.359999999999999 -2.1438231133332252e-19
10.44 6.42 -1.0534787637516928e-19
10.44 6.48 -3.853296717284076e-19
10.44 6.54 1.2248499040491733e-19
10.44 6.6000000000000005 2.8738638951547964e-19
10.44 6.66 -1.9688140874109196e-19
10.44 6.720000000000001 2.4365129507658676e-19
10.44 6.779999999999999 4.986427563241328e-20
10.44 6.84 8.201086440201646e-20
10.44 6.8999999999999995 3.2711764395048566e-20
10.44 6.96 5.3274837478968405e-15
10.44 7.02 3.052707345761383e-9
10.44 7.08 2.0448320129014678e-5
10.44 7.140000000000001 0.0023438225124074205
10.44 7.200000000000001 0.009144729358667716
10.44 7.26 0.0036690328803961054
10.44 7.32 0.0002575177738558429
10.44 7.380000000000001 6.397936602233474e-7
10.44 7.44 3.021663963794546e-11
10.44 7.5 2.3302476591412247e-17
10.44 7.56 4.281662282383832e-20
10.44 7.62 4.689796941172685e-20
10.44 7.680000000000001 -1.2941803685582348e-20
10.44 7.739999999999999 1.1702919935372188e-13
10.44 7.799999999999999 1.5057002153297277e-7
10.44 7.859999999999999 0.00040190060647909065
10.44 7.92 0.011074503056155968
10.44 7.9799999999999995 0.004271165298603111
10.44 8.04 7.861591237532689e-6
10.44 8.1 1.444104180204546e-11
10.44 8.16 5.457186331902771e-20
10.44 8.219999999999999 1.409208026625592e-30
10.44 8.280000000000001 1.8034017428296263e-42
10.44 8.34 1.369705861882374e-54
10.44 8.4 7.147532060152769e-66
10.44 8.46 1.660991540015363e-75
10.44 8.52 4.315532665332469e-83
10.44 8.58 1.2056664632985538e-88
10.44 8.64 1.5365530452406335e-92
10.44 8.700000000000001 5.705500455190588e-94
10.44 8.760000000000002 -1.1676985348973271e-90
10.44 8.82 -8.5762952881269e-89
10.44 8.879999999999999 -3.742923130416331e-87
10.44 8.94 -7.206751325564613e-86
10.44 9.0 -4.467423678113872e-85
10.44 9.06 -5.492016242738555e-85
10.44 9.120000000000001 -3.1348963825781833e-85
10.44 9.18 -7.678606135545199e-86
10.44 9.24 -2.344009592366678e-87
10.44 9.3 -2.1742933179537032e-88
10.44 9.36 -2.4128472813417992e-89
10.44 9.42 -4.241376607978806e-89
10.44 9.48 -3.51473843361985e-89
10.44 9.54 -1.7254296192367998e-88
10.44 9.6 -4.604338934044501e-87
10.44 9.66 -4.450668270439739e-85
10.44 9.719999999999999 -1.5640073896758875e-82
10.44 9.780000000000001 -7.033103409648109e-80
10.44 9.84 -1.0048621940319758e-76
10.44 9.9 -2.48295211982411e-74
10.44 9.96 -1.3542615576884348e-72
10.44 10.020000000000001 -4.9557319504530145e-71
10.44 10.08 -2.3918391242469364e-71
10.44 10.14 -3.0174367609803495e-71
10.44 10.2 -2.7689638377476955e-72
10.5 6.0 7.185485461207123e-21
10.5 6.06 5.432650637775565e-20
10.5 6.12 -2.4233146634402995e-20
10.5 6.180000000000001 3.3625587172282786e-20
10.5 6.24 3.084775851981497e-21
10.5 6.299999999999999 -2.5860935150194216e-20
10.5 6.359999999999999 -2.55739243080479e-20
10.5 6.42 4.561687122281665e-21
10.5 6.48 -3.7268664551342864e-20
10.5 6.54 -1.6910392006886e-20
10.5 6.6000000000000005 1.718852311235648e-20
10.5 6.66 -7.448307450329148e-21
10.5 6.720000000000001 -8.313499184825063e-21
10.5 6.779999999999999 -1.454970656998266e-20
10.5 6.84 3.723470070827633e-20
10.5 6.8999999999999995 4.053248030890698e-21
10.5 6.96 6.1545109510861685e-16
10.5 7.02 3.489458073281358e-10
10.5 7.08 2.3072877998742822e-6
10.5 7.140000000000001 0.00026985248166610864
10.5 7.200000000000001 0.001059974656465993
10.5 7.26 0.000449021248463116
10.5 7.32 3.191528910363942e-5
10.5 7.380000000000001 7.529872561324811e-8
10.5 7.44 3.2890547752963325e-12
10.5 7.5 2.2663369883890707e-18
10.5 7.56 4.93509753000396e-21
10.5 7.62 5.2150810476389065e-21
10.5 7.680000000000001 -1.49240480701397e-21
10.5 7.739999999999999 7.20296496438533e-15
10.5 7.799999999999999 1.2335717282968184e-8
10.5 7.859999999999999 4.206716318385861e-5
10.5 7.92 0.0012873472677224808
10.5 7.9799999999999995 0.0005319366221576416
10.5 8.04 1.0991496915254558e-6
10.5 8.1 2.1201945578865923e-12
10.5 8.16 7.932663528782943e-21
10.5 8.219999999999999 1.9265608041824638e-31
10.5 8.280000000000001 2.2133435278320804e-43
10.5 8.34 1.4609877605955492e-55
10.5 8.4 6.544978015127942e-67
10.5 8.46 1.3078392575456615e-76
10.5 8.52 2.9289781946554656e-84
10.5 8.58 6.996286748564078e-90
10.5 8.64 4.2844083024660877e-94
10.5 8.700000000000001 -2.4004066396483935e-93
10.5 8.760000000000002 -2.4785931306098066e-91
10.5 8.82 -7.278201837737453e-90
10.5 8.879999999999999 -3.442175068489903e-88
10.5 8.94 -8.47111157462789e-87
10.5 9.0 -5.353077426878176e-86
10.5 9.06 -5.77315075228419e-86
10.5 9.120000000000001 -4.0513373490049605e-86
10.5 9.18 -8.699900649084056e-87
10.5 9.24 -1.6880327796446943e-88
10.5 9.3 -3.030857407088257e-89
10.5 9.36 -4.052947345433864e-90
10.5 9.42 -4.225540480636695e-90
10.5 9.48 -5.877767547969617e-90
10.5 9.54 -1.914521168007611e-89
10.5 9.6 -5.210269659684063e-88
10.5 9.66 -5.242050964636891e-86
10.5 9.719999999999999 -1.7497700209008315e-83
10.5 9.780000000000001 -6.099219844742278e-81
10.5 9.84 -1.0934946035114323e-77
10.5 9.9 -3.438498783175333e-75
10.5 9.96 -2.2757687215533357e-73
10.5 10.020000000000001 -6.920527566917354e-72
10.5 10.08 -3.2005325151078167e-72
10.5 10.14 -4.956143914641872e-72
10.5 10.2 -3.2752500661512834e-73
10.56 6.0 5.694050799126146e-22
10.56 6.06 4.413783710720532e-21
10.56 6.12 -2.0776847595867448e-21
10.56 6.180000000000001 2.5345761926681705e-21
10.56 6.24 -9.141889045369565e-22
10.56 6.299999999999999 -2.24852915294082e-21
10.56 6.359999999999999 -1.0977848962647448e-21
10.56 6.42 -2.4062668021261206e-21
10.56 6.48 -3.132245423809306e-21
10.56 6.54 -3.3166361147461807e-21
10.56 6.6000000000000005 3.3614798272339507e-21
10.56 6.66 1.304693780083999e-22
10.56 6.720000000000001 -1.5229648324851456e-21
10.56 6.779999999999999 1.0378602243737268e-21
10.56 6.84 9.149848620476477e-22
10.56 6.8999999999999995 3.5915483144522494e-22
10.56 6.96 5.12512604384644e-17
10.56 7.02 2.8596677529853147e-11
10.56 7.08 1.8531636619256941e-7
10.56 7.140000000000001 2.1634024866309556e-5
10.56 7.200000000000001 8.498631782385902e-5
10.56 7.26 3.8450910802347916e-5
10.56 7.32 2.7823060734955455e-6
10.56 7.380000000000001 6.273646628603689e-9
10.56 7.44 2.559501571157136e-13
10.56 7.5 1.5966450191765916e-19
10.56 7.56 3.949565474251983e-22
10.56 7.62 4.0807311193721755e-22
10.56 7.680000000000001 -1.1947919393839468e-22
10.56 7.739999999999999 3.269892177328355e-16
10.56 7.799999999999999 7.356713961083632e-10
10.56 7.859999999999999 3.1601200119841747e-6
10.56 7.92 0.00010512179448871571
10.56 7.9799999999999995 4.559972871805656e-5
10.56 8.04 1.0631572018187672e-7
10.56 8.1 2.200969365447495e-13
10.56 8.16 8.293286944709867e-22
10.56 8.219999999999999 1.9281454978378115e-32
10.56 8.280000000000001 2.0345493521422965e-44
10.56 8.34 1.1983980757194895e-56
10.56 8.4 4.73319083051893e-68
10.56 8.46 8.329846048237157e-78
10.56 8.52 1.6401598064982088e-85
10.56 8.58 3.4008996662988877e-91
10.56 8.64 7.162825150233279e-96
10.56 8.700000000000001 8.226777476070789e-95
10.56 8.760000000000002 -6.222641015047562e-93
10.56 8.82 -3.0172011020860057e-91
10.56 8.879999999999999 -1.4110540434517207e-89
10.56 8.94 -6.407497049753187e-88
10.56 9.0 -2.879518054362996e-87
10.56 9.06 -1.8848017471892685e-87
10.56 9.120000000000001 -2.165169553441112e-87
10.56 9.18 -5.578732994666495e-88
10.56 9.24 -5.013839907737549e-90
10.56 9.3 -1.2552869114561225e-90
10.56 9.36 -1.7174198146389647e-91
10.56 9.42 -2.227543496619771e-91
10.56 9.48 -2.431002618954018e-91
10.56 9.54 -1.0543941249745221e-90
10.56 9.6 -2.87246257161523e-89
10.56 9.66 -2.8135106107798645e-87
10.56 9.719999999999999 -9.75366698212016e-85
10.56 9.780000000000001 -1.3133882648067519e-82
10.56 9.84 -5.3460565213448346e-79
10.56 9.9 -1.5233876207207072e-76
10.56 9.96 -9.984652350783329e-75
10.56 10.020000000000001 -4.0217377313566386e-73
10.56 10.08 -1.8616182482018645e-73
10.56 10.14 -3.089216082599513e-73
10.56 10.2 -2.0608207344151205e-74
10.620000000000001 6.0 3.2289331346208216e-23
10.620000000000001 6.06 2.5265476690354103e-22
10.620000000000001 6.12 -1.4427254122680479e-22
10.620000000000001 6.180000000000001 1.324030672750179e-22
10.620000000000001 6.24 2.0137865274303433e-23
10.620000000000001 6.299999999999999 -1.1579916929111295e-22
10.620000000000001 6.359999999999999 -1.09944860140833e-22
10.620000000000001 6.42 -8.304755663674324e-23
10.620000000000001 6.48 -1.2211188665300298e-22
10.620000000000001 6.54 -1.9891088201540796e-24
10.620000000000001 6.6000000000000005 1.437366251268489e-22
10.620000000000001 6.66 2.566664394225163e-23
10.620000000000001 6.720000000000001 7.19752808117467e-23
10.620000000000001 6.779999999999999 8.566599335853508e-23
10.620000000000001 6.84 1.0083231265688629e-22
10.620000000000001 6.8999999999999995 2.166982355861561e-23
10.620000000000001 6.96 3.0719900916699075e-18
10.620000000000001 7.02 1.6767608779450602e-12
10.620000000000001 7.08 1.0548123983614888e-8
10.620000000000001 7.140000000000001 1.2008503992773546e-6
10.620000000000001 7.200000000000001 4.6870561077970255e-6
10.620000000000001 7.26 2.2984617037615205e-6
10.620000000000001 7.32 1.6991285008635787e-7
10.620000000000001 7.380000000000001 3.678249888847645e-10
10.620000000000001 7.44 1.41245532833347e-14
10.620000000000001 7.5 8.067002931831111e-21
10.620000000000001 7.56 2.1843795923827405e-23
10.620000000000001 7.62 2.241017576839858e-23
10.620000000000001 7.680000000000001 -6.652760801183257e-24
10.620000000000001 7.739999999999999 1.0933444416649715e-17
10.620000000000001 7.799999999999999 3.1782945276742204e-11
10.620000000000001 7.859999999999999 1.6934166142941047e-7
10.620000000000001 7.92 6.033235835748459e-6
10.620000000000001 7.9799999999999995 2.6887147857480084e-6
10.620000000000001 8.04 7.127340258106298e-9
10.620000000000001 8.1 1.6182413412634113e-14
10.620000000000001 8.16 6.236192871852996e-23
10.620000000000001 8.219999999999999 1.4102783222339005e-33
10.620000000000001 8.280000000000001 1.3964246819951122e-45
10.620000000000001 8.34 7.534428035686237e-58
10.620000000000001 8.4 2.69735996132904e-69
10.620000000000001 8.46 4.289809414857865e-79
10.620000000000001 8.52 7.587446113959474e-87
10.620000000000001 8.58 1.3878058390480524e-92
10.620000000000001 8.64 1.8449539060346875e-96
10.620000000000001 8.700000000000001 3.0814546183614885e-95
10.620000000000001 8.760000000000002 6.81188762801122e-94
10.620000000000001 8.82 2.7320402176981662e-92
10.620000000000001 8.879999999999999 1.1227618062491448e-90
10.620000000000001 8.94 1.5656618826617921e-90
10.620000000000001 9.0 9.601140722898465e-90
10.620000000000001 9.06 2.9559529122021097e-88
10.620000000000001 9.120000000000001 5.554378114556989e-89
10.620000000000001 9.18 -6.970983173772418e-90
10.620000000000001 9.24 1.5143551279410418e-90
10.620000000000001 9.3 7.071961225835109e-92
10.620000000000001 9.36 1.306035808481843e-92
10.620000000000001 9.42 -1.469891106665577e-93
10.620000000000001 9.48 6.597015057880493e-93
10.620000000000001 9.54 8.650357629039033e-92
10.620000000000001 9.6 1.5370079725337633e-90
10.620000000000001 9.66 1.6297231949991278e-88
10.620000000000001 9.719999999999999 3.231067164792768e-86
10.620000000000001 9.780000000000001 5.810544142949775e-83
10.620000000000001 9.84 2.6441435639728474e-80
10.620000000000001 9.9 9.28578036947314e-78
10.620000000000001 9.96 9.264194481877034e-76
10.620000000000001 10.020000000000001 -2.287824793130443e-75
10.620000000000001 10.08 4.822655309482991e-74
10.620000000000001 10.14 1.1684189065917849e-74
10.620000000000001 10.2 2.0703081859547898e-75
10.68 6.0 1.3206979534404556e-24
10.68 6.06 9.084360372334698e-24
10.68 6.12 -4.449900630182623e-24
10.68 6.180000000000001 5.2980591214819756e-24
10.68 6.24 -6.1131135320624565e-25
10.68 6.299999999999999 -6.854824108470307e-24
10.68 6.359999999999999 1.3955551482311457e-25
10.68 6.42 7.045919587499845e-24
10.68 6.48 -5.5397135399292186e-24
10.68 6.54 8.924177585145218e-24
10.68 6.6000000000000005 3.582531342195384e-24
10.68 6.66 2.6522294545078965e-24
10.68 6.720000000000001 1.6100601748924729e-24
10.68 6.779999999999999 3.1493685552612172e-24
10.68 6.84 2.3790861181741165e-24
10.68 6.8999999999999995 8.538697365181212e-25
10.68 6.96 1.323953621712875e-19
10.68 7.02 7.026003399622504e-14
10.68 7.08 4.249101758238075e-10
10.68 7.140000000000001 4.6162426212266176e-8
10.68 7.200000000000001 1.778941639275194e-7
10.68 7.26 9.585075968469533e-8
10.68 7.32 7.2481523085566966e-9
10.68 7.380000000000001 1.5114527372205442e-11
10.68 7.44 5.495763164967683e-16
10.68 7.5 2.901004836992063e-22
10.68 7.56 8.32109858268957e-25
10.68 7.62 8.61701122613796e-25
10.68 7.680000000000001 -2.5754643540132864e-25
10.68 7.739999999999999 2.6909873020416576e-19
10.68 7.799999999999999 9.92076909001116e-13
10.68 7.859999999999999 6.4514905151718575e-9
10.68 7.92 2.4470215344307985e-7
10.68 7.9799999999999995 1.0947350756578495e-7
10.68 8.04 3.3349180720253044e-10
10.68 8.1 8.484072169420487e-16
10.68 8.16 3.388559348300589e-24
10.68 8.219999999999999 7.555685023116202e-35
10.68 8.280000000000001 7.155974975308957e-47
10.68 8.34 3.6245275782443993e-59
10.68 8.4 1.2089818767768272e-70
10.68 8.46 1.7845564883863625e-80
10.68 8.52 2.9007319847772016e-88
10.68 8.58 4.764713677638656e-94
10.68 8.64 6.456903785111141e-98
10.68 8.700000000000001 1.2891267601427023e-96
10.68 8.760000000000002 2.4160429244841163e-95
10.68 8.82 1.1962788112382002e-93
10.68 8.879999999999999 1.2879656756528454e-92
10.68 8.94 2.3022702048782368e-91
10.68 9.0 2.3410877961453143e-90
10.68 9.06 9.1077001413293e-90
10.68 9.120000000000001 2.4234292326000436e-90
10.68 9.18 -1.9761738008259863e-91
10.68 9.24 7.103009740385853e-92
10.68 9.3 3.4192846635662486e-93
10.68 9.36 7.926812224457727e-94
10.68 9.42 3.5394782213700665e-96
10.68 9.48 4.4284921074311234e-94
10.68 9.54 4.298701049089945e-93
10.68 9.6 6.702147727334915e-92
10.68 9.66 7.652563803459091e-90
10.68 9.719999999999999 2.0710978264850375e-87
10.68 9.780000000000001 2.367630562611555e-84
10.68 9.84 1.102416831858578e-81
10.68 9.9 4.779471662004286e-79
10.68 9.96 5.047811313716529e-77
10.68 10.020000000000001 2.415942920329368e-76
10.68 10.08 1.5940508626574866e-75
10.68 10.14 5.2285807106089575e-76
10.68 10.2 1.3343195640698695e-76
10.74 6.0 3.455440980658863e-26
10.74 6.06 2.2530466287168575e-25
10.74 6.12 -5.199413286875256e-26
10.74 6.180000000000001 8.004697447030828e-26
10.74 6.24 -1.8089616105976652e-26
10.74 6.299999999999999 -7.000789103604256e-26
10.74 6.359999999999999 -2.18221935470283e-25
10.74 6.42 7.455452959021145e-26
10.74 6.48 -1.628518397115429e-25
10.74 6.54 1.0357312042253999e-26
10.74 6.6000000000000005 1.1636179988051006e-25
10.74 6.66 9.733973116083235e-26
10.74 6.720000000000001 1.3036373512651103e-25
10.74 6.779999999999999 5.046321617564671e-26
10.74 6.84 -7.647836000240518e-27
10.74 6.8999999999999995 1.8918640304661395e-26
10.74 6.96 4.0993655342564884e-21
10.74 7.02 2.1031000261457094e-15
10.74 7.08 1.213291799441369e-11
10.74 7.140000000000001 1.2380016238751216e-9
10.74 7.200000000000001 4.683477116177294e-9
10.74 7.26 2.789842733226751e-9
10.74 7.32 2.155741642366706e-10
10.74 7.380000000000001 4.342333379071108e-13
10.74 7.44 1.5021110677741113e-17
10.74 7.5 7.385310262838396e-24
10.74 7.56 2.1791965345264152e-26
10.74 7.62 2.3149773032299873e-26
10.74 7.680000000000001 -6.92670958723917e-27
10.74 7.739999999999999 4.8764868927154495e-21
10.74 7.799999999999999 2.2369806597371178e-14
10.74 7.859999999999999 1.7457791381000548e-10
10.74 7.92 7.075598541346054e-9
10.74 7.9799999999999995 3.1076082471663944e-9
10.74 8.04 1.1041819660322608e-11
10.74 8.1 3.210272153450274e-17
10.74 8.16 1.3425322763675775e-25
10.74 8.219999999999999 2.9832580964063073e-36
10.74 8.280000000000001 2.745986231881205e-48
10.74 8.34 1.334437207598157e-60
10.74 8.4 4.256638748539576e-72
10.74 8.46 5.989349082209689e-82
10.74 8.52 9.161224068381237e-90
10.74 8.58 1.3777758191369197e-95
10.74 8.64 2.6998539839643725e-99
10.74 8.700000000000001 6.026667753395604e-98
10.74 8.760000000000002 1.81893686012232e-96
10.74 8.82 7.182659342059887e-95
10.74 8.879999999999999 1.9750642662434807e-93
10.74 8.94 2.1772782822607847e-92
10.74 9.0 2.335291173240197e-91
10.74 9.06 5.935798157533666e-91
10.74 9.120000000000001 1.8075544994956853e-91
10.74 9.18 1.2954426881921427e-92
10.74 9.24 3.2280476985529324e-93
10.74 9.3 1.9412166059744202e-94
10.74 9.36 4.014899781699598e-95
10.74 9.42 1.1605703440086329e-95
10.74 9.48 2.4107547775044925e-95
10.74 9.54 2.177513327127208e-94
10.74 9.6 3.9121716061174945e-93
10.74 9.66 4.358290307207127e-91
10.74 9.719999999999999 1.1241476617514789e-88
10.74 9.780000000000001 1.0804514299513324e-85
10.74 9.84 7.516789132486913e-83
10.74 9.9 2.8835966217039427e-80
10.74 9.96 2.4112253353468407e-78
10.74 10.020000000000001 1.9420401512710027e-77
10.74 10.08 9.545372539403877e-77
10.74 10.14 3.537219617542437e-77
10.74 10.2 5.277651279112572e-78
10.8 6.0 9.10421613325344e-28
10.8 6.06 3.761770449004655e-27
10.8 6.12 -6.956240884919515e-28
10.8 6.180000000000001 2.1303248159587787e-27
10.8 6.24 -1.872403703556504e-27
10.8 6.299999999999999 -2.8448727027198236e-27
10.8 6.359999999999999 -7.970988292480674e-28
10.8 6.42 1.1628596503267501e-27
10.8 6.48 -2.217463705013081e-27
10.8 6.54 1.8435912658806976e-27
10.8 6.6000000000000005 -1.2323714606046397e-28
10.8 6.66 -9.79074167060783e-28
10.8 6.720000000000001 2.3575568404089045e-27
10.8 6.779999999999999 5.184293994763372e-27
10.8 6.84 7.942049454846364e-28
10.8 6.8999999999999995 1.1753867753431563e-28
10.8 6.96 9.1116605079475e-23
10.8 7.02 4.4974116597416375e-17
10.8 7.08 2.4651540856472844e-13
10.8 7.140000000000001 2.3534348585923636e-11
10.8 7.200000000000001 8.70655820767186e-11
10.8 7.26 5.673864842471402e-11
10.8 7.32 4.4658732659567834e-12
10.8 7.380000000000001 8.714346237132652e-15
10.8 7.44 2.878967628072171e-19
10.8 7.5 1.3265203788751844e-25
10.8 7.56 3.9233150819289392e-28
10.8 7.62 4.3365325583295665e-28
10.8 7.680000000000001 -1.2940062405580847e-28
10.8 7.739999999999999 6.513168557353293e-23
10.8 7.799999999999999 3.652526461029501e-16
10.8 7.859999999999999 3.360205934719335e-12
10.8 7.92 1.4727229518744607e-10
10.8 7.9799999999999995 6.254549396140413e-11
10.8 8.04 2.6431115673198495e-13
10.8 8.1 8.909336844875644e-19
10.8 8.16 3.924678407824389e-27
10.8 8.219999999999999 8.756247985448928e-38
10.8 8.280000000000001 7.931354649544727e-50
10.8 8.34 3.7672578970196745e-62
10.8 8.4 1.176942433469698e-73
10.8 8.46 1.6198687444098268e-83
10.8 8.52 2.38789432589677e-91
10.8 8.58 3.3521473947214375e-97
10.8 8.64 9.310089649808317e-101
10.8 8.700000000000001 1.6965679705560212e-99
10.8 8.760000000000002 4.8305554276085955e-98
10.8 8.82 2.2940490927014775e-96
10.8 8.879999999999999 6.535212503600016e-95
10.8 8.94 9.516842268975731e-94
10.8 9.0 8.067698695976836e-93
10.8 9.06 1.594486524848776e-92
10.8 9.120000000000001 6.386632360610178e-93
10.8 9.18 7.098737440685254e-94
10.8 9.24 8.630796421720291e-95
10.8 9.3 6.554356364799199e-96
10.8 9.36 1.2177530007829144e-96
10.8 9.42 3.9719688247860693e-97
10.8 9.48 8.210232359809152e-97
10.8 9.54 5.953988276138376e-96
10.8 9.6 1.3000420122914006e-94
10.8 9.66 1.2647936533108947e-92
10.8 9.719999999999999 3.919522627525845e-90
10.8 9.780000000000001 3.590148866380782e-87
10.8 9.84 2.2787014719357663e-84
10.8 9.9 9.003205160271919e-82
10.8 9.96 8.470046872725954e-80
10.8 10.020000000000001 8.066051028392373e-79
10.8 10.08 2.823859363939655e-78
10.8 10.14 9.647309072512966e-79
10.8 10.2 1.5733702028406455e-79
10.86 6.0 1.840811983160039e-29
10.86 6.06 4.263757580729126e-29
10.86 6.12 -2.945642536554825e-30
10.86 6.180000000000001 1.63204598425832e-30
10.86 6.24 -1.6092521123067677e-29
10.86 6.299999999999999 -3.090875709167425e-29
10.86 6.359999999999999 -3.566784954644033e-30
10.86 6.42 3.56283575719478e-30
10.86 6.48 -4.495018773643476e-30
10.86 6.54 7.690974943913241e-30
10.86 6.6000000000000005 1.115831315111815e-29
10.86 6.66 -5.535672801263287e-30
10.86 6.720000000000001 1.8776713941370508e-29
10.86 6.779999999999999 2.997353955368963e-29
10.86 6.84 2.0818709188223123e-29
10.86 6.8999999999999995 7.333295776000959e-31
10.86 6.96 1.4521994932667893e-24
10.86 7.02 6.871561645160725e-19
10.86 7.08 3.58168826484743e-15
10.86 7.140000000000001 3.2519939824051557e-13
10.86 7.200000000000001 1.1779836478093744e-12
10.86 7.26 8.078294990271319e-13
10.86 7.32 6.444241196075405e-14
10.86 7.380000000000001 1.22256579429477e-16
10.86 7.44 3.8708567339124445e-21
10.86 7.5 1.6791004338844436e-27
10.86 7.56 4.8680043692777275e-30
10.86 7.62 5.651856123204574e-30
10.86 7.680000000000001 -1.6820018455271534e-30
10.86 7.739999999999999 6.421303314952246e-25
10.86 7.799999999999999 4.33959308120799e-18
10.86 7.859999999999999 4.6180168183754527e-14
10.86 7.92 2.223728011091904e-12
10.86 7.9799999999999995 9.148783200808727e-13
10.86 8.04 4.698636366160962e-15
10.86 8.1 1.8431009619039367e-20
10.86 8.16 8.563413778281098e-29
10.86 8.219999999999999 1.9273477648166265e-39
10.86 8.280000000000001 1.7342422381631262e-51
10.86 8.34 8.178251496430374e-64
10.86 8.4 2.5568487313767814e-75
10.86 8.46 3.527249429643015e-85
10.86 8.52 5.130026120651127e-93
10.86 8.58 6.861345122171521e-99
10.86 8.64 2.0063382830862875e-102
10.86 8.700000000000001 3.38263538617609e-101
10.86 8.760000000000002 1.0022961758858605e-99
10.86 8.82 5.104620401213365e-98
10.86 8.879999999999999 1.5042371663437032e-96
10.86 8.94 2.3934348327125368e-95
10.86 9.0 1.8420186338113817e-94
10.86 9.06 3.496562352589908e-94
10.86 9.120000000000001 1.6227541759789825e-94
10.86 9.18 1.8758504359700575e-95
10.86 9.24 1.9245189927193755e-96
10.86 9.3 1.5169709853395431e-97
10.86 9.36 2.699052192847574e-98
10.86 9.42 1.0620670264812725e-98
10.86 9.48 1.882604878158216e-98
10.86 9.54 1.2849686946397832e-97
10.86 9.6 2.766939309265868e-96
10.86 9.66 2.7888402222899477e-94
10.86 9.719999999999999 8.592297044174017e-92
10.86 9.780000000000001 7.513500290734197e-89
10.86 9.84 5.656556497902365e-86
10.86 9.9 1.889349044180334e-83
10.86 9.96 1.6721053793921087e-81
10.86 10.020000000000001 1.8814751988329877e-80
10.86 10.08 5.759154185375345e-80
10.86 10.14 2.375903005576364e-80
10.86 10.2 3.240893794074434e-81
