0.5 0.5 0.0
0.5 0.99 0.0
0.5 1.48 0.0
0.5 1.97 0.0
0.5 2.46 0.0
0.5 2.95 0.0
0.5 3.44 0.0
0.5 3.9300000000000006 0.0
0.5 4.42 0.0
0.5 4.91 0.0
0.5 5.4 0.0
0.5 5.89 0.0
0.5 6.38 0.0
0.5 6.87 0.0
0.5 7.360000000000001 0.0
0.5 7.85 0.0
0.5 8.34 0.0
0.5 8.83 0.0
0.5 9.32 0.0
0.5 9.81 0.0
0.5 10.3 0.0
0.5 10.79 0.0
0.5 11.28 0.0
0.5 11.77 0.0
0.5 12.26 0.0
0.5 12.75 0.0
0.5 13.24 0.0
0.5 13.73 0.0
0.5 14.220000000000002 0.0
0.5 14.709999999999999 0.0
0.5 15.2 0.0
0.5 15.69 0.0
0.5 16.18 0.0
0.5 16.67 0.0
0.5 17.16 0.0
0.5 17.65 0.0
0.5 18.14 0.0
0.5 18.63 0.0
0.5 19.12 0.0
0.5 19.61 0.0
0.5 20.1 0.0
0.5 20.59 0.0
0.5 21.08 0.0
0.5 21.57 0.0
0.5 22.06 0.0
0.5 22.55 0.0
0.5 23.04 0.0
0.5 23.53 0.0
0.5 24.02 0.0
0.5 24.51 0.0
0.5 25.0 0.0
0.99 0.5 0.0
0.99 0.99 0.0
0.99 1.48 0.0
0.99 1.97 0.0
0.99 2.46 0.0
0.99 2.95 0.0
0.99 3.44 0.0
0.99 3.9300000000000006 0.0
0.99 4.42 0.0
0.99 4.91 0.0
0.99 5.4 0.0
0.99 5.89 0.0
0.99 6.38 0.0
0.99 6.87 0.0
0.99 7.360000000000001 0.0
0.99 7.85 0.0
0.99 8.34 0.0
0.99 8.83 0.0
0.99 9.32 0.0
0.99 9.81 0.0
0.99 10.3 0.0
0.99 10.79 0.0
0.99 11.28 0.0
0.99 11.77 0.0
0.99 12.26 0.0
0.99 12.75 0.0
0.99 13.24 0.0
0.99 13.73 0.0
0.99 14.220000000000002 0.0
0.99 14.709999999999999 0.0
0.99 15.2 0.0
0.99 15.69 0.0
0.99 16.18 0.0
0.99 16.67 0.0
0.99 17.16 0.0
0.99 17.65 0.0
0.99 18.14 0.0
0.99 18.63 0.0
0.99 19.12 0.0
0.99 19.61 0.0
0.99 20.1 0.0
0.99 20.59 0.0
0.99 21.08 0.0
0.99 21.57 0.0
0.99 22.06 0.0
0.99 22.55 0.0
0.99 23.04 0.0
0.99 23.53 0.0
0.99 24.02 0.0
0.99 24.51 0.0
0.99 25.0 0.0
1.48 0.5 0.0
1.48 0.99 0.0
1.48 1.48 0.0
1.48 1.97 0.0
1.48 2.46 0.0
1.48 2.95 0.0
1.48 3.44 0.0
1.48 3.9300000000000006 0.0
1.48 4.42 0.0
1.48 4.91 0.0
1.48 5.4 0.0
1.48 5.89 0.0
1.48 6.38 0.0
1.48 6.87 0.0
1.48 7.360000000000001 0.0
1.48 7.85 0.0
1.48 8.34 0.0
1.48 8.83 0.0
1.48 9.32 0.0
1.48 9.81 0.0
1.48 10.3 0.0
1.48 10.79 0.0
1.48 11.28 0.0
1.48 11.77 0.0
1.48 12.26 0.0
1.48 12.75 0.0
1.48 13.24 0.0
1.48 13.73 0.0
1.48 14.220000000000002 0.0
1.48 14.709999999999999 0.0
1.48 15.2 0.0
1.48 15.69 0.0
1.48 16.18 0.0
1.48 16.67 0.0
1.48 17.16 0.0
1.48 17.65 0.0
1.48 18.14 0.0
1.48 18.63 0.0
1.48 19.12 0.0
1.48 19.61 0.0
1.48 20.1 0.0
1.48 20.59 0.0
1.48 21.08 0.0
1.48 21.57 0.0
1.48 22.06 0.0
1.48 22.55 0.0
1.48 23.04 0.0
1.48 23.53 0.0
1.48 24.02 0.0
1.48 24.51 0.0
1.48 25.0 0.0
1.97 0.5 0.0
1.97 0.99 0.0
1.97 1.48 0.0
1.97 1.97 0.0
1.97 2.46 0.0
1.97 2.95 0.0
1.97 3.44 0.0
1.97 3.9300000000000006 0.0
1.97 4.42 0.0
1.97 4.91 0.0
1.97 5.4 0.0
1.97 5.89 0.0
1.97 6.38 0.0
1.97 6.87 0.0
1.97 7.360000000000001 0.0
1.97 7.85 0.0
1.97 8.34 0.0
1.97 8.83 0.0
1.97 9.32 0.0
1.97 9.81 0.0
1.97 10.3 0.0
1.97 10.79 0.0
1.97 11.28 0.0
1.97 11.77 0.0
1.97 12.26 0.0
1.97 12.75 0.0
1.97 13.24 0.0
1.97 13.73 0.0
1.97 14.220000000000002 0.0
1.97 14.709999999999999 0.0
1.97 15.2 0.0
1.97 15.69 0.0
1.97 16.18 0.0
1.97 16.67 0.0
1.97 17.16 0.0
1.97 17.65 0.0
1.97 18.14 0.0
1.97 18.63 0.0
1.97 19.12 0.0
1.97 19.61 0.0
1.97 20.1 0.0
1.97 20.59 0.0
1.97 21.08 0.0
1.97 21.57 0.0
1.97 22.06 0.0
1.97 22.55 0.0
1.97 23.04 0.0
1.97 23.53 0.0
1.97 24.02 0.0
1.97 24.51 0.0
1.97 25.0 0.0
2.46 0.5 0.0
2.46 0.99 0.0
2.46 1.48 0.0
2.46 1.97 0.0
2.46 2.46 0.0
2.46 2.95 0.0
2.46 3.44 0.0
2.46 3.9300000000000006 0.0
2.46 4.42 0.0
2.46 4.91 0.0
2.46 5.4 0.0
2.46 5.89 0.0
2.46 6.38 0.0
2.46 6.87 0.0
2.46 7.360000000000001 0.0
2.46 7.85 0.0
2.46 8.34 0.0
2.46 8.83 0.0
2.46 9.32 0.0
2.46 9.81 0.0
2.46 10.3 0.0
2.46 10.79 0.0
2.46 11.28 0.0
2.46 11.77 0.0
2.46 12.26 0.0
2.46 12.75 0.0
2.46 13.24 0.0
2.46 13.73 0.0
2.46 14.220000000000002 0.0
2.46 14.709999999999999 0.0
2.46 15.2 0.0
2.46 15.69 0.0
2.46 16.18 0.0
2.46 16.67 0.0
2.46 17.16 0.0
2.46 17.65 0.0
2.46 18.14 0.0
2.46 18.63 0.0
2.46 19.12 0.0
2.46 19.61 0.0
2.46 20.1 0.0
2.46 20.59 0.0
2.46 21.08 0.0
2.46 21.57 0.0
2.46 22.06 0.0
2.46 22.55 0.0
2.46 23.04 0.0
2.46 23.53 0.0
2.46 24.02 0.0
2.46 24.51 0.0
2.46 25.0 0.0
2.95 0.5 0.0
2.95 0.99 0.0
2.95 1.48 0.0
2.95 1.97 0.0
2.95 2.46 0.0
2.95 2.95 0.0
2.95 3.44 0.0
2.95 3.9300000000000006 0.0
2.95 4.42 0.0
2.95 4.91 0.0
2.95 5.4 0.0
2.95 5.89 0.0
2.95 6.38 0.0
2.95 6.87 0.0
2.95 7.360000000000001 0.0
2.95 7.85 0.0
2.95 8.34 0.0
2.95 8.83 0.0
2.95 9.32 0.0
2.95 9.81 0.0
2.95 10.3 0.0
2.95 10.79 0.0
2.95 11.28 0.0
2.95 11.77 0.0
2.95 12.26 0.0
2.95 12.75 0.0
2.95 13.24 0.0
2.95 13.73 0.0
2.95 14.220000000000002 0.0
2.95 14.709999999999999 0.0
2.95 15.2 0.0
2.95 15.69 0.0
2.95 16.18 0.0
2.95 16.67 0.0
2.95 17.16 0.0
2.95 17.65 0.0
2.95 18.14 0.0
2.95 18.63 0.0
2.95 19.12 0.0
2.95 19.61 0.0
2.95 20.1 0.0
2.95 20.59 0.0
2.95 21.08 0.0
2.95 21.57 0.0
2.95 22.06 0.0
2.95 22.55 0.0
2.95 23.04 0.0
2.95 23.53 0.0
2.95 24.02 0.0
2.95 24.51 0.0
2.95 25.0 0.0
3.44 0.5 0.0
3.44 0.99 0.0
3.44 1.48 0.0
3.44 1.97 0.0
3.44 2.46 0.0
3.44 2.95 0.0
3.44 3.44 0.0
3.44 3.9300000000000006 0.0
3.44 4.42 0.0
3.44 4.91 0.0
3.44 5.4 0.0
3.44 5.89 0.0
3.44 6.38 0.0
3.44 6.87 0.0
3.44 7.360000000000001 0.0
3.44 7.85 0.0
3.44 8.34 0.0
3.44 8.83 0.0
3.44 9.32 0.0
3.44 9.81 0.0
3.44 10.3 0.0
3.44 10.79 0.0
3.44 11.28 0.0
3.44 11.77 0.0
3.44 12.26 0.0
3.44 12.75 0.0
3.44 13.24 0.0
3.44 13.73 0.0
3.44 14.220000000000002 0.0
3.44 14.709999999999999 0.0
3.44 15.2 0.0
3.44 15.69 0.0
3.44 16.18 0.0
3.44 16.67 0.0
3.44 17.16 0.0
3.44 17.65 0.0
3.44 18.14 0.0
3.44 18.63 0.0
3.44 19.12 0.0
3.44 19.61 0.0
3.44 20.1 0.0
3.44 20.59 0.0
3.44 21.08 0.0
3.44 21.57 0.0
3.44 22.06 0.0
3.44 22.55 0.0
3.44 23.04 0.0
3.44 23.53 0.0
3.44 24.02 0.0
3.44 24.51 0.0
3.44 25.0 0.0
3.9300000000000006 0.5 0.0
3.9300000000000006 0.99 0.0
3.9300000000000006 1.48 0.0
3.9300000000000006 1.97 0.0
3.9300000000000006 2.46 0.0
3.9300000000000006 2.95 0.0
3.9300000000000006 3.44 0.0
3.9300000000000006 3.9300000000000006 0.0
3.9300000000000006 4.42 0.0
3.9300000000000006 4.91 0.0
3.9300000000000006 5.4 0.0
3.9300000000000006 5.89 0.0
3.9300000000000006 6.38 0.0
3.9300000000000006 6.87 0.0
3.9300000000000006 7.360000000000001 0.0
3.9300000000000006 7.85 0.0
3.9300000000000006 8.34 0.0
3.9300000000000006 8.83 0.0
3.9300000000000006 9.32 0.0
3.9300000000000006 9.81 0.0
3.9300000000000006 10.3 0.0
3.9300000000000006 10.79 0.0
3.9300000000000006 11.28 0.0
3.9300000000000006 11.77 0.0
3.9300000000000006 12.26 0.0
3.9300000000000006 12.75 0.0
3.9300000000000006 13.24 0.0
3.9300000000000006 13.73 0.0
3.9300000000000006 14.220000000000002 0.0
3.9300000000000006 14.709999999999999 0.0
3.9300000000000006 15.2 0.0
3.9300000000000006 15.69 0.0
3.9300000000000006 16.18 0.0
3.9300000000000006 16.67 0.0
3.9300000000000006 17.16 0.0
3.9300000000000006 17.65 0.0
3.9300000000000006 18.14 0.0
3.9300000000000006 18.63 0.0
3.9300000000000006 19.12 0.0
3.9300000000000006 19.61 0.0
3.9300000000000006 20.1 0.0
3.9300000000000006 20.59 0.0
3.9300000000000006 21.08 0.0
3.9300000000000006 21.57 0.0
3.9300000000000006 22.06 0.0
3.9300000000000006 22.55 0.0
3.9300000000000006 23.04 0.0
3.9300000000000006 23.53 0.0
3.9300000000000006 24.02 0.0
3.9300000000000006 24.51 0.0
3.9300000000000006 25.0 0.0
4.42 0.5 0.0
4.42 0.99 0.0
4.42 1.48 0.0
4.42 1.97 0.0
4.42 2.46 0.0
4.42 2.95 0.0
4.42 3.44 0.0
4.42 3.9300000000000006 0.0
4.42 4.42 0.0
4.42 4.91 0.0
4.42 5.4 0.0
4.42 5.89 0.0
4.42 6.38 0.0
4.42 6.87 0.0
4.42 7.360000000000001 0.0
4.42 7.85 0.0
4.42 8.34 0.0
4.42 8.83 0.0
4.42 9.32 0.0
4.42 9.81 0.0
4.42 10.3 0.0
4.42 10.79 0.0
4.42 11.28 0.0
4.42 11.77 0.0
4.42 12.26 0.0
4.42 12.75 0.0
4.42 13.24 0.0
4.42 13.73 0.0
4.42 14.220000000000002 0.0
4.42 14.709999999999999 0.0
4.42 15.2 0.0
4.42 15.69 0.0
4.42 16.18 0.0
4.42 16.67 0.0
4.42 17.16 0.0
4.42 17.65 0.0
4.42 18.14 0.0
4.42 18.63 0.0
4.42 19.12 0.0
4.42 19.61 0.0
4.42 20.1 0.0
4.42 20.59 0.0
4.42 21.08 0.0
4.42 21.57 0.0
4.42 22.06 0.0
4.42 22.55 0.0
4.42 23.04 0.0
4.42 23.53 0.0
4.42 24.02 0.0
4.42 24.51 0.0
4.42 25.0 0.0
4.91 0.5 0.0
4.91 0.99 0.0
4.91 1.48 0.0
4.91 1.97 0.0
4.91 2.46 0.0
4.91 2.95 0.0
4.91 3.44 0.0
4.91 3.9300000000000006 0.0
4.91 4.42 0.0
4.91 4.91 0.0
4.91 5.4 0.0
4.91 5.89 0.0
4.91 6.38 0.0
4.91 6.87 0.0
4.91 7.360000000000001 0.0
4.91 7.85 0.0
4.91 8.34 0.0
4.91 8.83 0.0
4.91 9.32 0.0
4.91 9.81 0.0
4.91 10.3 0.0
4.91 10.79 0.0
4.91 11.28 0.0
4.91 11.77 0.0
4.91 12.26 0.0
4.91 12.75 0.0
4.91 13.24 0.0
4.91 13.73 0.0
4.91 14.220000000000002 0.0
4.91 14.709999999999999 0.0
4.91 15.2 0.0
4.91 15.69 0.0
4.91 16.18 0.0
4.91 16.67 0.0
4.91 17.16 0.0
4.91 17.65 0.0
4.91 18.14 0.0
4.91 18.63 0.0
4.91 19.12 0.0
4.91 19.61 0.0
4.91 20.1 0.0
4.91 20.59 0.0
4.91 21.08 0.0
4.91 21.57 0.0
4.91 22.06 0.0
4.91 22.55 0.0
4.91 23.04 0.0
4.91 23.53 0.0
4.91 24.02 0.0
4.91 24.51 0.0
4.91 25.0 0.0
5.4 0.5 0.0
5.4 0.99 0.0
5.4 1.48 0.0
5.4 1.97 0.0
5.4 2.46 0.0
5.4 2.95 0.0
5.4 3.44 0.0
5.4 3.9300000000000006 0.0
5.4 4.42 0.0
5.4 4.91 0.0
5.4 5.4 0.0
5.4 5.89 0.0
5.4 6.38 0.0
5.4 6.87 0.0
5.4 7.360000000000001 0.0
5.4 7.85 0.0
5.4 8.34 0.0
5.4 8.83 0.0
5.4 9.32 0.0
5.4 9.81 0.0
5.4 10.3 0.0
5.4 10.79 0.0
5.4 11.28 0.0
5.4 11.77 0.0
5.4 12.26 0.0
5.4 12.75 0.0
5.4 13.24 0.0
5.4 13.73 0.0
5.4 14.220000000000002 0.0
5.4 14.709999999999999 0.0
5.4 15.2 0.0
5.4 15.69 0.0
5.4 16.18 0.0
5.4 16.67 0.0
5.4 17.16 0.0
5.4 17.65 0.0
5.4 18.14 0.0
5.4 18.63 0.0
5.4 19.12 0.0
5.4 19.61 0.0
5.4 20.1 0.0
5.4 20.59 0.0
5.4 21.08 0.0
5.4 21.57 0.0
5.4 22.06 0.0
5.4 22.55 0.0
5.4 23.04 0.0
5.4 23.53 0.0
5.4 24.02 0.0
5.4 24.51 0.0
5.4 25.0 0.0
5.89 0.5 0.0
5.89 0.99 0.0
5.89 1.48 0.0
5.89 1.97 0.0
5.89 2.46 0.0
5.89 2.95 0.0
5.89 3.44 0.0
5.89 3.9300000000000006 0.0
5.89 4.42 0.0
5.89 4.91 0.0
5.89 5.4 0.0
5.89 5.89 0.0
5.89 6.38 0.0
5.89 6.87 0.0
5.89 7.360000000000001 0.0
5.89 7.85 0.0
5.89 8.34 0.0
5.89 8.83 0.0
5.89 9.32 0.0
5.89 9.81 0.0
5.89 10.3 0.0
5.89 10.79 0.0
5.89 11.28 0.0
5.89 11.77 0.0
5.89 12.26 0.0
5.89 12.75 0.0
5.89 13.24 0.0
5.89 13.73 0.0
5.89 14.220000000000002 0.0
5.89 14.709999999999999 0.0
5.89 15.2 0.0
5.89 15.69 0.0
5.89 16.18 0.0
5.89 16.67 0.0
5.89 17.16 0.0
5.89 17.65 0.0
5.89 18.14 0.0
5.89 18.63 0.0
5.89 19.12 0.0
5.89 19.61 0.0
5.89 20.1 0.0
5.89 20.59 0.0
5.89 21.08 0.0
5.89 21.57 0.0
5.89 22.06 0.0
5.89 22.55 0.0
5.89 23.04 0.0
5.89 23.53 0.0
5.89 24.02 0.0
5.89 24.51 0.0
5.89 25.0 0.0
6.38 0.5 0.0
6.38 0.99 0.0
6.38 1.48 0.0
6.38 1.97 0.0
6.38 2.46 0.0
6.38 2.95 0.0
6.38 3.44 0.0
6.38 3.9300000000000006 0.0
6.38 4.42 0.0
6.38 4.91 0.0
6.38 5.4 0.0
6.38 5.89 0.0
6.38 6.38 0.0
6.38 6.87 0.0
6.38 7.360000000000001 0.0
6.38 7.85 0.0
6.38 8.34 0.0
6.38 8.83 0.0
6.38 9.32 0.0
6.38 9.81 0.0
6.38 10.3 0.0
6.38 10.79 0.0
6.38 11.28 0.0
6.38 11.77 -1.0003334733184268e-35
6.38 12.26 1.0051222499172344e-34
6.38 12.75 4.085673702704931e-34
6.38 13.24 -9.66197677263227e-34
6.38 13.73 -4.813635940181198e-17
6.38 14.220000000000002 -1.5891008125254882e-29
6.38 14.709999999999999 -3.517254440419982e-28
6.38 15.2 -1.9171537704227602e-29
6.38 15.69 -2.767785181200732e-31
6.38 16.18 -1.4900370670224794e-33
6.38 16.67 2.4807920202478894e-32
6.38 17.16 5.910925656619978e-32
6.38 17.65 3.275880120402609e-33
6.38 18.14 5.1584351124207634e-33
6.38 18.63 -1.1686558721339941e-33
6.38 19.12 -7.990058531555053e-33
6.38 19.61 0.0
6.38 20.1 0.0
6.38 20.59 0.0
6.38 21.08 0.0
6.38 21.57 0.0
6.38 22.06 0.0
6.38 22.55 0.0
6.38 23.04 0.0
6.38 23.53 0.0
6.38 24.02 0.0
6.38 24.51 0.0
6.38 25.0 0.0
6.87 0.5 0.0
6.87 0.99 0.0
6.87 1.48 0.0
6.87 1.97 0.0
6.87 2.46 0.0
6.87 2.95 0.0
6.87 3.44 0.0
6.87 3.9300000000000006 0.0
6.87 4.42 0.0
6.87 4.91 0.0
6.87 5.4 0.0
6.87 5.89 0.0
6.87 6.38 0.0
6.87 6.87 0.0
6.87 7.360000000000001 0.0
6.87 7.85 0.0
6.87 8.34 0.0
6.87 8.83 0.0
6.87 9.32 0.0
6.87 9.81 0.0
6.87 10.3 0.0
6.87 10.79 0.0
6.87 11.28 0.0
6.87 11.77 -1.1352889431907585e-39
6.87 12.26 1.14072377594308e-38
6.87 12.75 4.6368739064374497e-38
6.87 13.24 -1.0965478704763515e-37
6.87 13.73 -5.46304587939524e-21
6.87 14.220000000000002 -1.8034871672252433e-33
6.87 14.709999999999999 -3.991768928166539e-32
6.87 15.2 -2.1757979074090234e-33
6.87 15.69 -3.1411884108212614e-35
6.87 16.18 -1.6910586841839376e-37
6.87 16.67 2.815476864530323e-36
6.87 17.16 6.70837147908486e-36
6.87 17.65 3.7178306825764196e-37
6.87 18.14 5.854362073750267e-37
6.87 18.63 -1.3263197977644197e-37
6.87 19.12 -9.068001169879812e-37
6.87 19.61 0.0
6.87 20.1 0.0
6.87 20.59 0.0
6.87 21.08 0.0
6.87 21.57 0.0
6.87 22.06 0.0
6.87 22.55 0.0
6.87 23.04 0.0
6.87 23.53 0.0
6.87 24.02 0.0
6.87 24.51 0.0
6.87 25.0 0.0
7.360000000000001 0.5 0.0
7.360000000000001 0.99 0.0
7.360000000000001 1.48 0.0
7.360000000000001 1.97 0.0
7.360000000000001 2.46 0.0
7.360000000000001 2.95 0.0
7.360000000000001 3.44 0.0
7.360000000000001 3.9300000000000006 0.0
7.360000000000001 4.42 0.0
7.360000000000001 4.91 0.0
7.360000000000001 5.4 0.0
7.360000000000001 5.89 0.0
7.360000000000001 6.38 0.0
7.360000000000001 6.87 0.0
7.360000000000001 7.360000000000001 0.0
7.360000000000001 7.85 0.0
7.360000000000001 8.34 0.0
7.360000000000001 8.83 0.0
7.360000000000001 9.32 0.0
7.360000000000001 9.81 0.0
7.360000000000001 10.3 0.0
7.360000000000001 10.79 0.0
7.360000000000001 11.28 0.0
7.360000000000001 11.77 6.190585534428907e-39
7.360000000000001 12.26 -6.22022098293774e-38
7.360000000000001 12.75 -2.52842808893096e-37
7.360000000000001 13.24 5.979335415441577e-37
7.360000000000001 13.73 2.978929108554097e-20
7.360000000000001 14.220000000000002 9.834185064442066e-33
7.360000000000001 14.709999999999999 2.176660587747698e-31
7.360000000000001 15.2 1.1864347954971498e-32
7.360000000000001 15.69 1.7128499007744193e-34
7.360000000000001 16.18 9.22112691308091e-37
7.360000000000001 16.67 -1.5352435566838871e-35
7.360000000000001 17.16 -3.657989244683446e-35
7.360000000000001 17.65 -2.027285562944687e-36
7.360000000000001 18.14 -3.1923088289056034e-36
7.360000000000001 18.63 7.232252373559402e-37
7.360000000000001 19.12 4.944665162568234e-36
7.360000000000001 19.61 0.0
7.360000000000001 20.1 0.0
7.360000000000001 20.59 0.0
7.360000000000001 21.08 0.0
7.360000000000001 21.57 0.0
7.360000000000001 22.06 0.0
7.360000000000001 22.55 0.0
7.360000000000001 23.04 0.0
7.360000000000001 23.53 0.0
7.360000000000001 24.02 0.0
7.360000000000001 24.51 0.0
7.360000000000001 25.0 0.0
7.85 0.5 0.0
7.85 0.99 0.0
7.85 1.48 0.0
7.85 1.97 0.0
7.85 2.46 0.0
7.85 2.95 0.0
7.85 3.44 0.0
7.85 3.9300000000000006 0.0
7.85 4.42 0.0
7.85 4.91 0.0
7.85 5.4 0.0
7.85 5.89 0.0
7.85 6.38 0.0
7.85 6.87 0.0
7.85 7.360000000000001 0.0
7.85 7.85 0.0
7.85 8.34 0.0
7.85 8.83 0.0
7.85 9.32 0.0
7.85 9.81 0.0
7.85 10.3 0.0
7.85 10.79 0.0
7.85 11.28 0.0
7.85 11.77 3.8877151960750003e-38
7.85 12.26 -3.906326389292428e-37
7.85 12.75 -1.5878640637224573e-36
7.85 13.24 3.755049183596508e-36
7.85 13.73 1.8707807038521583e-19
7.85 14.220000000000002 6.175925770265734e-32
7.85 14.709999999999999 1.3669525127561123e-30
7.85 15.2 7.450863182414529e-32
7.85 15.69 1.0756773411500188e-33
7.85 16.18 5.790908634659204e-36
7.85 16.67 -9.641397686538513e-35
7.85 17.16 -2.297233483738086e-34
7.85 17.65 -1.273144332795427e-35
7.85 18.14 -2.0047841154407993e-35
7.85 18.63 4.541886595082833e-36
7.85 19.12 3.105271671816509e-35
7.85 19.61 0.0
7.85 20.1 0.0
7.85 20.59 0.0
7.85 21.08 0.0
7.85 21.57 0.0
7.85 22.06 0.0
7.85 22.55 0.0
7.85 23.04 0.0
7.85 23.53 0.0
7.85 24.02 0.0
7.85 24.51 0.0
7.85 25.0 0.0
8.34 0.5 0.0
8.34 0.99 0.0
8.34 1.48 0.0
8.34 1.97 0.0
8.34 2.46 0.0
8.34 2.95 0.0
8.34 3.44 0.0
8.34 3.9300000000000006 0.0
8.34 4.42 0.0
8.34 4.91 0.0
8.34 5.4 0.0
8.34 5.89 0.0
8.34 6.38 0.0
8.34 6.87 0.0
8.34 7.360000000000001 0.0
8.34 7.85 0.0
8.34 8.34 0.0
8.34 8.83 0.0
8.34 9.32 0.0
8.34 9.81 0.0
8.34 10.3 0.0
8.34 10.79 0.0
8.34 11.28 0.0
8.34 11.77 5.253962443931978e-36
8.34 12.26 -5.2332683900966e-35
8.34 12.75 -2.14277936931721e-34
8.34 13.24 5.075357740552615e-34
8.34 13.73 2.5283492614065458e-17
8.34 14.220000000000002 2.498619480820043e-22
8.34 14.709999999999999 4.433766619354305e-18
8.34 15.2 4.666250338672345e-21
8.34 15.69 3.29408070399119e-25
8.34 16.18 6.318665096674427e-25
8.34 16.67 2.1362202569569373e-24
8.34 17.16 1.4454360197425078e-23
8.34 17.65 6.144887823755728e-24
8.34 18.14 2.7734378910918834e-25
8.34 18.63 4.770712341502518e-28
8.34 19.12 1.5812157478077936e-29
8.34 19.61 0.0
8.34 20.1 0.0
8.34 20.59 0.0
8.34 21.08 0.0
8.34 21.57 0.0
8.34 22.06 0.0
8.34 22.55 0.0
8.34 23.04 0.0
8.34 23.53 0.0
8.34 24.02 0.0
8.34 24.51 0.0
8.34 25.0 0.0
8.83 0.5 0.0
8.83 0.99 0.0
8.83 1.48 0.0
8.83 1.97 0.0
8.83 2.46 0.0
8.83 2.95 0.0
8.83 3.44 0.0
8.83 3.9300000000000006 0.0
8.83 4.42 0.0
8.83 4.91 0.0
8.83 5.4 0.0
8.83 5.89 0.0
8.83 6.38 0.0
8.83 6.87 0.0
8.83 7.360000000000001 0.0
8.83 7.85 0.0
8.83 8.34 0.0
8.83 8.83 0.0
8.83 9.32 0.0
8.83 9.81 0.0
8.83 10.3 0.0
8.83 10.79 0.0
8.83 11.28 0.0
8.83 11.77 4.742626528863057e-23
8.83 12.26 9.092228876556692e-24
8.83 12.75 -6.277350719564603e-23
8.83 13.24 5.11613552218547e-19
8.83 13.73 1.7542460149897243e-15
8.83 14.220000000000002 1.570067931809522e-11
8.83 14.709999999999999 2.4442312814810194e-7
8.83 15.2 1.0886527716670329e-6
8.83 15.69 1.8207791831624615e-7
8.83 16.18 6.072173288026463e-10
8.83 16.67 3.126437040861038e-9
8.83 17.16 2.0004837702268638e-8
8.83 17.65 1.9280515971582527e-9
8.83 18.14 5.065297899348289e-11
8.83 18.63 1.7120734475707517e-11
8.83 19.12 1.0090478958421327e-13
8.83 19.61 0.0
8.83 20.1 0.0
8.83 20.59 0.0
8.83 21.08 0.0
8.83 21.57 0.0
8.83 22.06 0.0
8.83 22.55 0.0
8.83 23.04 0.0
8.83 23.53 0.0
8.83 24.02 0.0
8.83 24.51 0.0
8.83 25.0 0.0
9.32 0.5 0.0
9.32 0.99 0.0
9.32 1.48 0.0
9.32 1.97 0.0
9.32 2.46 0.0
9.32 2.95 0.0
9.32 3.44 0.0
9.32 3.9300000000000006 0.0
9.32 4.42 0.0
9.32 4.91 0.0
9.32 5.4 0.0
9.32 5.89 0.0
9.32 6.38 0.0
9.32 6.87 0.0
9.32 7.360000000000001 0.0
9.32 7.85 0.0
9.32 8.34 0.0
9.32 8.83 0.0
9.32 9.32 0.0
9.32 9.81 0.0
9.32 10.3 0.0
9.32 10.79 0.0
9.32 11.28 0.0
9.32 11.77 -2.0378448322275212e-19
9.32 12.26 1.3318450715521663e-18
9.32 12.75 -2.5561813087129987e-19
9.32 13.24 1.1307500243944631e-15
9.32 13.73 9.69786451859689e-8
9.32 14.220000000000002 8.289473113139686e-5
9.32 14.709999999999999 0.0032970991509138586
9.32 15.2 0.015318876151702616
9.32 15.69 0.020580717889212525
9.32 16.18 0.010831828302316243
9.32 16.67 0.0011059426719468904
9.32 17.16 3.921990627835274e-5
9.32 17.65 1.3176539029586505e-6
9.32 18.14 3.003388956956919e-7
9.32 18.63 4.682851572462192e-10
9.32 19.12 4.7519300158014e-11
9.32 19.61 0.0
9.32 20.1 0.0
9.32 20.59 0.0
9.32 21.08 0.0
9.32 21.57 0.0
9.32 22.06 0.0
9.32 22.55 0.0
9.32 23.04 0.0
9.32 23.53 0.0
9.32 24.02 0.0
9.32 24.51 0.0
9.32 25.0 0.0
9.81 0.5 0.0
9.81 0.99 0.0
9.81 1.48 0.0
9.81 1.97 0.0
9.81 2.46 0.0
9.81 2.95 0.0
9.81 3.44 0.0
9.81 3.9300000000000006 0.0
9.81 4.42 0.0
9.81 4.91 0.0
9.81 5.4 0.0
9.81 5.89 0.0
9.81 6.38 0.0
9.81 6.87 0.0
9.81 7.360000000000001 0.0
9.81 7.85 0.0
9.81 8.34 0.0
9.81 8.83 0.0
9.81 9.32 0.0
9.81 9.81 0.0
9.81 10.3 0.0
9.81 10.79 0.0
9.81 11.28 0.0
9.81 11.77 -9.141343542141959e-18
9.81 12.26 7.83656524110619e-18
9.81 12.75 1.2300652243176386e-17
9.81 13.24 5.7844494537203e-8
9.81 13.73 2.689139407838607e-5
9.81 14.220000000000002 0.00545617582187867
9.81 14.709999999999999 0.08428190927744383
9.81 15.2 0.48708285286604486
9.81 15.69 0.5155931367953221
9.81 16.18 0.15681071193080673
9.81 16.67 0.018258461770428704
9.81 17.16 0.0003944509564183478
9.81 17.65 4.213410624091834e-6
9.81 18.14 1.7981259594836183e-8
9.81 18.63 1.906693762994025e-12
9.81 19.12 5.826323693032019e-15
9.81 19.61 0.0
9.81 20.1 0.0
9.81 20.59 0.0
9.81 21.08 0.0
9.81 21.57 0.0
9.81 22.06 0.0
9.81 22.55 0.0
9.81 23.04 0.0
9.81 23.53 0.0
9.81 24.02 0.0
9.81 24.51 0.0
9.81 25.0 0.0
10.3 0.5 0.0
10.3 0.99 0.0
10.3 1.48 0.0
10.3 1.97 0.0
10.3 2.46 0.0
10.3 2.95 0.0
10.3 3.44 0.0
10.3 3.9300000000000006 0.0
10.3 4.42 0.0
10.3 4.91 0.0
10.3 5.4 0.0
10.3 5.89 0.0
10.3 6.38 0.0
10.3 6.87 0.0
10.3 7.360000000000001 0.0
10.3 7.85 0.0
10.3 8.34 0.0
10.3 8.83 0.0
10.3 9.32 0.0
10.3 9.81 0.0
10.3 10.3 0.0
10.3 10.79 0.0
10.3 11.28 0.0
10.3 11.77 -6.216237557375059e-18
10.3 12.26 6.489729295695698e-19
10.3 12.75 1.6483024053280793e-19
10.3 13.24 8.143824602697596e-8
10.3 13.73 8.548099472624881e-5
10.3 14.220000000000002 0.004486474904733476
10.3 14.709999999999999 0.03901359368653386
10.3 15.2 0.10407619177714618
10.3 15.69 0.04149912427200566
10.3 16.18 0.004273081022400108
10.3 16.67 0.00018247739239212046
10.3 17.16 4.190898933159573e-6
10.3 17.65 2.957161964540116e-9
10.3 18.14 5.84036440754779e-12
10.3 18.63 7.602109469428987e-14
10.3 19.12 9.897882402338233e-18
10.3 19.61 0.0
10.3 20.1 0.0
10.3 20.59 0.0
10.3 21.08 0.0
10.3 21.57 0.0
10.3 22.06 0.0
10.3 22.55 0.0
10.3 23.04 0.0
10.3 23.53 0.0
10.3 24.02 0.0
10.3 24.51 0.0
10.3 25.0 0.0
10.79 0.5 0.0
10.79 0.99 0.0
10.79 1.48 0.0
10.79 1.97 0.0
10.79 2.46 0.0
10.79 2.95 0.0
10.79 3.44 0.0
10.79 3.9300000000000006 0.0
10.79 4.42 0.0
10.79 4.91 0.0
10.79 5.4 0.0
10.79 5.89 0.0
10.79 6.38 0.0
10.79 6.87 0.0
10.79 7.360000000000001 0.0
10.79 7.85 0.0
10.79 8.34 0.0
10.79 8.83 0.0
10.79 9.32 0.0
10.79 9.81 0.0
10.79 10.3 0.0
10.79 10.79 0.0
10.79 11.28 0.0
10.79 11.77 -1.0070997847719123e-22
10.79 12.26 -6.441505741753092e-21
10.79 12.75 6.252862824585045e-21
10.79 13.24 1.6607690147920682e-11
10.79 13.73 4.6527302018767134e-8
10.79 14.220000000000002 5.149657248783273e-6
10.79 14.709999999999999 3.8289071467184545e-5
10.79 15.2 8.798611074071245e-5
10.79 15.69 1.772568935701823e-5
10.79 16.18 2.6766623791308943e-6
10.79 16.67 2.10784415328383e-8
10.79 17.16 1.5911261403920774e-10
10.79 17.65 2.5097552855176276e-16
10.79 18.14 1.070005437273936e-21
10.79 18.63 -3.863544438495468e-21
10.79 19.12 -2.935568164019388e-22
10.79 19.61 0.0
10.79 20.1 0.0
10.79 20.59 0.0
10.79 21.08 0.0
10.79 21.57 0.0
10.79 22.06 0.0
10.79 22.55 0.0
10.79 23.04 0.0
10.79 23.53 0.0
10.79 24.02 0.0
10.79 24.51 0.0
10.79 25.0 0.0
11.28 0.5 0.0
11.28 0.99 0.0
11.28 1.48 0.0
11.28 1.97 0.0
11.28 2.46 0.0
11.28 2.95 0.0
11.28 3.44 0.0
11.28 3.9300000000000006 0.0
11.28 4.42 0.0
11.28 4.91 0.0
11.28 5.4 0.0
11.28 5.89 0.0
11.28 6.38 0.0
11.28 6.87 0.0
11.28 7.360000000000001 0.0
11.28 7.85 0.0
11.28 8.34 0.0
11.28 8.83 0.0
11.28 9.32 0.0
11.28 9.81 0.0
11.28 10.3 0.0
11.28 10.79 0.0
11.28 11.28 0.0
11.28 11.77 -2.550280276203254e-27
11.28 12.26 4.772448703618775e-27
11.28 12.75 1.0102027628000836e-24
11.28 13.24 4.497076320038072e-18
11.28 13.73 5.331085708670241e-14
11.28 14.220000000000002 8.467365755703388e-14
11.28 14.709999999999999 1.1372270248584812e-10
11.28 15.2 2.9004802139246935e-10
11.28 15.69 7.752732870166762e-11
11.28 16.18 2.655963627388173e-16
11.28 16.67 6.460048075941915e-16
11.28 17.16 1.0131270451976848e-20
11.28 17.65 2.6674225680145076e-23
11.28 18.14 9.597497145366535e-26
11.28 18.63 -2.1221967270898373e-26
11.28 19.12 -5.885756916069042e-28
11.28 19.61 0.0
11.28 20.1 0.0
11.28 20.59 0.0
11.28 21.08 0.0
11.28 21.57 0.0
11.28 22.06 0.0
11.28 22.55 0.0
11.28 23.04 0.0
11.28 23.53 0.0
11.28 24.02 0.0
11.28 24.51 0.0
11.28 25.0 0.0
11.77 0.5 0.0
11.77 0.99 0.0
11.77 1.48 0.0
11.77 1.97 0.0
11.77 2.46 0.0
11.77 2.95 0.0
11.77 3.44 0.0
11.77 3.9300000000000006 0.0
11.77 4.42 0.0
11.77 4.91 0.0
11.77 5.4 0.0
11.77 5.89 0.0
11.77 6.38 0.0
11.77 6.87 0.0
11.77 7.360000000000001 0.0
11.77 7.85 0.0
11.77 8.34 0.0
11.77 8.83 0.0
11.77 9.32 0.0
11.77 9.81 0.0
11.77 10.3 0.0
11.77 10.79 0.0
11.77 11.28 0.0
11.77 11.77 8.303985929823327e-36
11.77 12.26 9.324304109226273e-37
11.77 12.75 2.4246700456289593e-28
11.77 13.24 2.435974790740623e-25
11.77 13.73 -4.828087204535727e-21
11.77 14.220000000000002 2.869965257299968e-20
11.77 14.709999999999999 1.1265118585188483e-19
11.77 15.2 6.941457255179922e-18
11.77 15.69 5.634148859364711e-19
11.77 16.18 2.617542638627639e-23
11.77 16.67 2.1655022927523995e-28
11.77 17.16 1.034524521461441e-30
11.77 17.65 -1.748178766303062e-35
11.77 18.14 3.78368014993202e-22
11.77 18.63 -1.0059875318499858e-35
11.77 19.12 -9.975507284907908e-37
11.77 19.61 1.5583196651496783e-36
11.77 20.1 1.0586488037029429e-36
11.77 20.59 -6.3626084428085486e-40
11.77 21.08 -2.5469429743126352e-37
11.77 21.57 4.501916330540971e-31
11.77 22.06 2.0303598477614062e-33
11.77 22.55 1.1323044496057381e-34
11.77 23.04 4.2435025231891883e-38
11.77 23.53 1.1427700852090418e-37
11.77 24.02 0.0
11.77 24.51 0.0
11.77 25.0 0.0
12.26 0.5 0.0
12.26 0.99 0.0
12.26 1.48 0.0
12.26 1.97 0.0
12.26 2.46 0.0
12.26 2.95 0.0
12.26 3.44 0.0
12.26 3.9300000000000006 0.0
12.26 4.42 0.0
12.26 4.91 0.0
12.26 5.4 0.0
12.26 5.89 0.0
12.26 6.38 0.0
12.26 6.87 0.0
12.26 7.360000000000001 0.0
12.26 7.85 0.0
12.26 8.34 0.0
12.26 8.83 0.0
12.26 9.32 0.0
12.26 9.81 0.0
12.26 10.3 0.0
12.26 10.79 0.0
12.26 11.28 0.0
12.26 11.77 -4.786400859544708e-41
12.26 12.26 5.832745647321247e-40
12.26 12.75 5.428103247293599e-37
12.26 13.24 2.4959256847461633e-35
12.26 13.73 -2.303213910144055e-22
12.26 14.220000000000002 5.909437084573411e-29
12.26 14.709999999999999 2.9703422273716125e-31
12.26 15.2 2.5236517679842124e-29
12.26 15.69 4.1532032203389803e-29
12.26 16.18 1.7304444753667976e-34
12.26 16.67 1.3544712477829614e-37
12.26 17.16 -1.2624928727528834e-36
12.26 17.65 1.5370108050560298e-38
12.26 18.14 1.2105779532259574e-23
12.26 18.63 5.90895254627807e-38
12.26 19.12 -1.6880816365311905e-34
12.26 19.61 -2.279421381319931e-29
12.26 20.1 7.603715308618148e-32
12.26 20.59 5.1682710648438196e-27
12.26 21.08 1.1426894622014099e-23
12.26 21.57 6.631145817723578e-24
12.26 22.06 2.0484934426845857e-26
12.26 22.55 3.32646060559941e-29
12.26 23.04 1.508151480458715e-32
12.26 23.53 3.127109095791876e-36
12.26 24.02 0.0
12.26 24.51 0.0
12.26 25.0 0.0
12.75 0.5 0.0
12.75 0.99 0.0
12.75 1.48 0.0
12.75 1.97 0.0
12.75 2.46 0.0
12.75 2.95 0.0
12.75 3.44 0.0
12.75 3.9300000000000006 0.0
12.75 4.42 0.0
12.75 4.91 0.0
12.75 5.4 0.0
12.75 5.89 0.0
12.75 6.38 0.0
12.75 6.87 0.0
12.75 7.360000000000001 0.0
12.75 7.85 0.0
12.75 8.34 0.0
12.75 8.83 0.0
12.75 9.32 0.0
12.75 9.81 0.0
12.75 10.3 0.0
12.75 10.79 0.0
12.75 11.28 0.0
12.75 11.77 -7.203187352975412e-38
12.75 12.26 7.237670308863122e-37
12.75 12.75 2.9420062337878945e-36
12.75 13.24 -6.957382741803889e-36
12.75 13.73 -3.4661962686420495e-19
12.75 14.220000000000002 -1.1442775009938333e-31
12.75 14.709999999999999 -2.5326996824721e-30
12.75 15.2 -1.3805014187952117e-31
12.75 15.69 -1.9930228993188195e-33
12.75 16.18 -2.488185773829496e-33
12.75 16.67 -1.7858223717828332e-32
12.75 17.16 8.603687668972352e-33
12.75 17.65 1.9987044263824323e-30
12.75 18.14 -2.794767483549217e-21
12.75 18.63 3.59127034268666e-30
12.75 19.12 1.9482627994709157e-24
12.75 19.61 1.0765613465627474e-18
12.75 20.1 1.6915461566638386e-14
12.75 20.59 6.993817371871672e-15
12.75 21.08 6.806101907369467e-17
12.75 21.57 7.813557604074997e-19
12.75 22.06 7.412766924567736e-22
12.75 22.55 1.926326511991492e-24
12.75 23.04 4.144362124484556e-28
12.75 23.53 7.91594755175623e-32
12.75 24.02 0.0
12.75 24.51 0.0
12.75 25.0 0.0
13.24 0.5 0.0
13.24 0.99 0.0
13.24 1.48 0.0
13.24 1.97 0.0
13.24 2.46 0.0
13.24 2.95 0.0
13.24 3.44 0.0
13.24 3.9300000000000006 0.0
13.24 4.42 0.0
13.24 4.91 0.0
13.24 5.4 0.0
13.24 5.89 0.0
13.24 6.38 0.0
13.24 6.87 0.0
13.24 7.360000000000001 0.0
13.24 7.85 0.0
13.24 8.34 0.0
13.24 8.83 0.0
13.24 9.32 0.0
13.24 9.81 0.0
13.24 10.3 0.0
13.24 10.79 0.0
13.24 11.28 0.0
13.24 11.77 -2.261174496482172e-39
13.24 12.26 2.2719991462648603e-38
13.24 12.75 9.235341437548283e-38
13.24 13.24 -2.184013236246543e-37
13.24 13.73 -1.088084235268107e-20
13.24 14.220000000000002 -3.592036381329736e-33
13.24 14.709999999999999 -7.950474767112678e-32
13.24 15.2 -4.333574080185413e-33
13.24 15.69 -6.256358934697169e-35
13.24 16.18 6.622538561353655e-28
13.24 16.67 -2.390553264001171e-28
13.24 17.16 2.1408844603438613e-28
13.24 17.65 3.4388435667022857e-26
13.24 18.14 2.3547718005494525e-18
13.24 18.63 4.886854152702183e-13
13.24 19.12 4.777212892197783e-10
13.24 19.61 2.4462262926407955e-10
13.24 20.1 1.5931763233614895e-11
13.24 20.59 1.1208900671727272e-12
13.24 21.08 1.3607253484969102e-12
13.24 21.57 4.7898892462669946e-15
13.24 22.06 1.0089411334458363e-17
13.24 22.55 3.867657136210719e-21
13.24 23.04 6.7276342819424505e-25
13.24 23.53 2.920387573866402e-28
13.24 24.02 0.0
13.24 24.51 0.0
13.24 25.0 0.0
13.73 0.5 0.0
13.73 0.99 0.0
13.73 1.48 0.0
13.73 1.97 0.0
13.73 2.46 0.0
13.73 2.95 0.0
13.73 3.44 0.0
13.73 3.9300000000000006 0.0
13.73 4.42 0.0
13.73 4.91 0.0
13.73 5.4 0.0
13.73 5.89 0.0
13.73 6.38 0.0
13.73 6.87 0.0
13.73 7.360000000000001 0.0
13.73 7.85 0.0
13.73 8.34 0.0
13.73 8.83 0.0
13.73 9.32 0.0
13.73 9.81 0.0
13.73 10.3 0.0
13.73 10.79 0.0
13.73 11.28 0.0
13.73 11.77 7.818566822946607e-83
13.73 12.26 1.170931912984863e-77
13.73 12.75 4.471383765270713e-74
13.73 13.24 2.7344848543968587e-75
13.73 13.73 1.791068937744609e-70
13.73 14.220000000000002 7.569879670565134e-73
13.73 14.709999999999999 8.078972287870629e-69
13.73 15.2 8.334870287189447e-70
13.73 15.69 1.7096398990663498e-77
13.73 16.18 1.969785458768348e-23
13.73 16.67 4.817968775461349e-24
13.73 17.16 6.666873477469255e-24
13.73 17.65 8.38519778380991e-20
13.73 18.14 1.0331507893586053e-12
13.73 18.63 3.739545304605362e-9
13.73 19.12 2.26371739590082e-6
13.73 19.61 1.6600158216069203e-5
13.73 20.1 7.141610988006801e-6
13.73 20.59 4.2393766697809147e-7
13.73 21.08 6.605906804390418e-9
13.73 21.57 1.1998302918392981e-11
13.73 22.06 6.941884126525394e-15
13.73 22.55 1.3412708866513986e-18
13.73 23.04 1.1931028189234497e-23
13.73 23.53 7.416202264159839e-24
13.73 24.02 0.0
13.73 24.51 0.0
13.73 25.0 0.0
14.220000000000002 0.5 0.0
14.220000000000002 0.99 0.0
14.220000000000002 1.48 0.0
14.220000000000002 1.97 0.0
14.220000000000002 2.46 0.0
14.220000000000002 2.95 0.0
14.220000000000002 3.44 0.0
14.220000000000002 3.9300000000000006 0.0
14.220000000000002 4.42 0.0
14.220000000000002 4.91 0.0
14.220000000000002 5.4 0.0
14.220000000000002 5.89 0.0
14.220000000000002 6.38 0.0
14.220000000000002 6.87 0.0
14.220000000000002 7.360000000000001 0.0
14.220000000000002 7.85 0.0
14.220000000000002 8.34 0.0
14.220000000000002 8.83 0.0
14.220000000000002 9.32 0.0
14.220000000000002 9.81 0.0
14.220000000000002 10.3 0.0
14.220000000000002 10.79 0.0
14.220000000000002 11.28 0.0
14.220000000000002 11.77 0.0
14.220000000000002 12.26 0.0
14.220000000000002 12.75 0.0
14.220000000000002 13.24 0.0
14.220000000000002 13.73 0.0
14.220000000000002 14.220000000000002 0.0
14.220000000000002 14.709999999999999 0.0
14.220000000000002 15.2 0.0
14.220000000000002 15.69 0.0
14.220000000000002 16.18 -1.8103744909498798e-23
14.220000000000002 16.67 -6.176387591071202e-22
14.220000000000002 17.16 -6.332278409487293e-21
14.220000000000002 17.65 1.3810167442913435e-15
14.220000000000002 18.14 1.5332630317899474e-10
14.220000000000002 18.63 3.766706198270218e-6
14.220000000000002 19.12 0.00023799395616621493
14.220000000000002 19.61 0.003749586425009024
14.220000000000002 20.1 0.0013048525178476684
14.220000000000002 20.59 6.56102860877291e-5
14.220000000000002 21.08 5.537602669662921e-7
14.220000000000002 21.57 1.1657812766327264e-9
14.220000000000002 22.06 2.4464834480866444e-13
14.220000000000002 22.55 1.4750922974890241e-16
14.220000000000002 23.04 -2.1323882285183724e-19
14.220000000000002 23.53 -4.26646353463774e-21
14.220000000000002 24.02 0.0
14.220000000000002 24.51 0.0
14.220000000000002 25.0 0.0
14.709999999999999 0.5 0.0
14.709999999999999 0.99 0.0
14.709999999999999 1.48 0.0
14.709999999999999 1.97 0.0
14.709999999999999 2.46 0.0
14.709999999999999 2.95 0.0
14.709999999999999 3.44 0.0
14.709999999999999 3.9300000000000006 0.0
14.709999999999999 4.42 0.0
14.709999999999999 4.91 0.0
14.709999999999999 5.4 0.0
14.709999999999999 5.89 0.0
14.709999999999999 6.38 0.0
14.709999999999999 6.87 0.0
14.709999999999999 7.360000000000001 0.0
14.709999999999999 7.85 0.0
14.709999999999999 8.34 0.0
14.709999999999999 8.83 0.0
14.709999999999999 9.32 0.0
14.709999999999999 9.81 0.0
14.709999999999999 10.3 0.0
14.709999999999999 10.79 0.0
14.709999999999999 11.28 0.0
14.709999999999999 11.77 0.0
14.709999999999999 12.26 0.0
14.709999999999999 12.75 0.0
14.709999999999999 13.24 0.0
14.709999999999999 13.73 0.0
14.709999999999999 14.220000000000002 0.0
14.709999999999999 14.709999999999999 0.0
14.709999999999999 15.2 0.0
14.709999999999999 15.69 0.0
14.709999999999999 16.18 7.54356626507492e-20
14.709999999999999 16.67 1.4636125751228344e-19
14.709999999999999 17.16 5.73114765722216e-19
14.709999999999999 17.65 4.342820135442522e-15
14.709999999999999 18.14 8.303502994101027e-9
14.709999999999999 18.63 4.620487093681519e-5
14.709999999999999 19.12 0.017418834020141386
14.709999999999999 19.61 0.03258300770037743
14.709999999999999 20.1 0.04174312153332109
14.709999999999999 20.59 0.0016794375826599595
14.709999999999999 21.08 1.8838062400582814e-5
14.709999999999999 21.57 2.346418579920841e-8
14.709999999999999 22.06 8.981878739563124e-12
14.709999999999999 22.55 2.111771945154161e-16
14.709999999999999 23.04 5.361207976226232e-20
14.709999999999999 23.53 3.211541071857886e-19
14.709999999999999 24.02 0.0
14.709999999999999 24.51 0.0
14.709999999999999 25.0 0.0
15.2 0.5 0.0
15.2 0.99 0.0
15.2 1.48 0.0
15.2 1.97 0.0
15.2 2.46 0.0
15.2 2.95 0.0
15.2 3.44 0.0
15.2 3.9300000000000006 0.0
15.2 4.42 0.0
15.2 4.91 0.0
15.2 5.4 0.0
15.2 5.89 0.0
15.2 6.38 0.0
15.2 6.87 0.0
15.2 7.360000000000001 0.0
15.2 7.85 0.0
15.2 8.34 0.0
15.2 8.83 0.0
15.2 9.32 0.0
15.2 9.81 0.0
15.2 10.3 0.0
15.2 10.79 0.0
15.2 11.28 0.0
15.2 11.77 0.0
15.2 12.26 0.0
15.2 12.75 0.0
15.2 13.24 0.0
15.2 13.73 0.0
15.2 14.220000000000002 0.0
15.2 14.709999999999999 0.0
15.2 15.2 0.0
15.2 15.69 0.0
15.2 16.18 7.407120377948657e-20
15.2 16.67 5.335018147818936e-19
15.2 17.16 9.251564365204607e-20
15.2 17.65 1.0916945050502749e-13
15.2 18.14 1.4346332823969861e-8
15.2 18.63 0.00010992487849093348
15.2 19.12 0.041312117206658686
15.2 19.61 0.3918916729621583
15.2 20.1 0.09072633288017799
15.2 20.59 0.006219627902098719
15.2 21.08 6.84495311344551e-5
15.2 21.57 1.0592731800629974e-7
15.2 22.06 1.1313212473102717e-11
15.2 22.55 8.821344971964325e-16
15.2 23.04 -1.372644086488387e-19
15.2 23.53 -5.903193616663903e-20
15.2 24.02 0.0
15.2 24.51 0.0
15.2 25.0 0.0
15.69 0.5 0.0
15.69 0.99 0.0
15.69 1.48 0.0
15.69 1.97 0.0
15.69 2.46 0.0
15.69 2.95 0.0
15.69 3.44 0.0
15.69 3.9300000000000006 0.0
15.69 4.42 0.0
15.69 4.91 0.0
15.69 5.4 0.0
15.69 5.89 0.0
15.69 6.38 0.0
15.69 6.87 0.0
15.69 7.360000000000001 0.0
15.69 7.85 0.0
15.69 8.34 0.0
15.69 8.83 0.0
15.69 9.32 0.0
15.69 9.81 0.0
15.69 10.3 0.0
15.69 10.79 0.0
15.69 11.28 0.0
15.69 11.77 0.0
15.69 12.26 0.0
15.69 12.75 0.0
15.69 13.24 0.0
15.69 13.73 0.0
15.69 14.220000000000002 0.0
15.69 14.709999999999999 0.0
15.69 15.2 0.0
15.69 15.69 0.0
15.69 16.18 2.251568415649001e-19
15.69 16.67 -7.337657906513008e-19
15.69 17.16 -8.647331459614063e-20
15.69 17.65 7.693503080342406e-14
15.69 18.14 4.0159241500774464e-8
15.69 18.63 0.00010081283683696365
15.69 19.12 0.02142729154833038
15.69 19.61 0.33573397103310915
15.69 20.1 0.22652852677195798
15.69 20.59 0.007856726246725681
15.69 21.08 5.924863474204293e-5
15.69 21.57 8.811829643763026e-8
15.69 22.06 1.6584075720282126e-11
15.69 22.55 3.0722306317670824e-16
15.69 23.04 -2.9752517872814165e-19
15.69 23.53 1.2380186846362107e-19
15.69 24.02 0.0
15.69 24.51 0.0
15.69 25.0 0.0
16.18 0.5 0.0
16.18 0.99 0.0
16.18 1.48 0.0
16.18 1.97 0.0
16.18 2.46 0.0
16.18 2.95 0.0
16.18 3.44 0.0
16.18 3.9300000000000006 0.0
16.18 4.42 0.0
16.18 4.91 0.0
16.18 5.4 0.0
16.18 5.89 0.0
16.18 6.38 1.381375881984215e-46
16.18 6.87 -6.5835119369067524e-46
16.18 7.360000000000001 1.478489832281206e-45
16.18 7.85 1.0137848263809977e-44
16.18 8.34 -6.122930760268646e-40
16.18 8.83 8.026573242062815e-42
16.18 9.32 1.4171686370827777e-39
16.18 9.81 -2.647680627545462e-29
16.18 10.3 1.604903420596058e-40
16.18 10.79 9.052344354154789e-41
16.18 11.28 7.109567757609086e-42
16.18 11.77 2.9169819845784913e-45
16.18 12.26 -9.521859357613983e-46
16.18 12.75 -3.183610843835385e-45
16.18 13.24 -1.848812612099379e-45
16.18 13.73 2.4201901406840125e-45
16.18 14.220000000000002 0.0
16.18 14.709999999999999 0.0
16.18 15.2 0.0
16.18 15.69 0.0
16.18 16.18 6.994300564038998e-20
16.18 16.67 9.547378216432613e-20
16.18 17.16 -4.177646837971657e-21
16.18 17.65 4.460519316898022e-14
16.18 18.14 1.0540978222924553e-8
16.18 18.63 4.727981100966337e-5
16.18 19.12 0.010169333074451605
16.18 19.61 0.10172381279679353
16.18 20.1 0.0769379512135986
16.18 20.59 0.0043231580614749646
16.18 21.08 2.058338490920952e-5
16.18 21.57 5.202485288754614e-9
16.18 22.06 4.01774548900782e-12
16.18 22.55 3.7630025806569917e-19
16.18 23.04 -1.0701588744259513e-18
16.18 23.53 1.784143550566169e-20
16.18 24.02 0.0
16.18 24.51 0.0
16.18 25.0 0.0
16.67 0.5 0.0
16.67 0.99 0.0
16.67 1.48 0.0
16.67 1.97 0.0
16.67 2.46 0.0
16.67 2.95 0.0
16.67 3.44 0.0
16.67 3.9300000000000006 0.0
16.67 4.42 0.0
16.67 4.91 0.0
16.67 5.4 0.0
16.67 5.89 0.0
16.67 6.38 1.557711129340937e-39
16.67 6.87 -7.423430277241747e-39
16.67 7.360000000000001 1.6670417180586446e-38
16.67 7.85 1.1431492880242494e-37
16.67 8.34 -6.904076684712614e-33
16.67 8.83 1.4827857364768553e-32
16.67 9.32 1.1329348372697782e-28
16.67 9.81 -2.9854642349835373e-22
16.67 10.3 1.9769623530775323e-31
16.67 10.79 1.0319191300734757e-33
16.67 11.28 8.018880782487664e-35
16.67 11.77 3.2891634443157526e-38
16.67 12.26 -1.0736879541356333e-38
16.67 12.75 -3.5897884804626377e-38
16.67 13.24 -2.0847005229912198e-38
16.67 13.73 2.7292121765463085e-38
16.67 14.220000000000002 0.0
16.67 14.709999999999999 0.0
16.67 15.2 0.0
16.67 15.69 0.0
16.67 16.18 -2.328794912396142e-20
16.67 16.67 -2.1933704221657498e-20
16.67 17.16 -2.266837825648317e-19
16.67 17.65 2.3088228701470525e-15
16.67 18.14 6.303998549436162e-10
16.67 18.63 7.672158465090627e-6
16.67 19.12 0.0017894467714035139
16.67 19.61 0.01671551848025143
16.67 20.1 0.012035947636119962
16.67 20.59 0.0004553319915024201
16.67 21.08 1.8749961328650445e-6
16.67 21.57 9.27320245968383e-11
16.67 22.06 6.798226474896508e-14
16.67 22.55 -1.3311007052374606e-19
16.67 23.04 2.5418509612339114e-19
16.67 23.53 -2.454197234061251e-21
16.67 24.02 0.0
16.67 24.51 0.0
16.67 25.0 0.0
17.16 0.5 0.0
17.16 0.99 0.0
17.16 1.48 0.0
17.16 1.97 0.0
17.16 2.46 0.0
17.16 2.95 0.0
17.16 3.44 0.0
17.16 3.9300000000000006 0.0
17.16 4.42 0.0
17.16 4.91 0.0
17.16 5.4 0.0
17.16 5.89 0.0
17.16 6.38 -1.6566678478699841e-34
17.16 6.87 1.5983057494954853e-35
17.16 7.360000000000001 1.0732143597193971e-33
17.16 7.85 -4.410895716493361e-33
17.16 8.34 -8.642950046752122e-30
17.16 8.83 5.364396027283025e-23
17.16 9.32 1.1486037022402753e-20
17.16 9.81 3.4913030418768874e-20
17.16 10.3 4.519996421919601e-22
17.16 10.79 1.124831177793851e-26
17.16 11.28 -1.846368028690211e-29
17.16 11.77 -5.877816317505943e-34
17.16 12.26 3.802328468614104e-34
17.16 12.75 3.221710409878679e-34
17.16 13.24 3.0841020506623967e-34
17.16 13.73 -4.058557890829733e-33
17.16 14.220000000000002 0.0
17.16 14.709999999999999 0.0
17.16 15.2 0.0
17.16 15.69 0.0
17.16 16.18 7.04307619186843e-21
17.16 16.67 -1.5976614025945084e-20
17.16 17.16 -1.0980420200727484e-22
17.16 17.65 7.801780510861424e-17
17.16 18.14 8.953550787999127e-11
17.16 18.63 5.311973982930704e-7
17.16 19.12 9.984694935973176e-5
17.16 19.61 0.0008226841148756312
17.16 20.1 0.0005847722457439774
17.16 20.59 3.396145692517769e-5
17.16 21.08 3.5414148466514227e-9
17.16 21.57 6.3674101200041335e-12
17.16 22.06 2.376412086575256e-19
17.16 22.55 1.972899431086732e-22
17.16 23.04 1.3503701696037394e-20
17.16 23.53 -1.0851926919975225e-22
17.16 24.02 0.0
17.16 24.51 0.0
17.16 25.0 0.0
17.65 0.5 0.0
17.65 0.99 0.0
17.65 1.48 0.0
17.65 1.97 0.0
17.65 2.46 0.0
17.65 2.95 0.0
17.65 3.44 0.0
17.65 3.9300000000000006 0.0
17.65 4.42 0.0
17.65 4.91 0.0
17.65 5.4 0.0
17.65 5.89 0.0
17.65 6.38 3.984229734035237e-31
17.65 6.87 5.327747063144595e-32
17.65 7.360000000000001 2.0894110897182625e-32
17.65 7.85 -3.356184243402127e-32
17.65 8.34 9.595748593360208e-24
17.65 8.83 9.213106159981939e-16
17.65 9.32 3.6884445151727434e-14
17.65 9.81 2.7782014573925336e-13
17.65 10.3 4.531686389277961e-16
17.65 10.79 1.1099720201533899e-19
17.65 11.28 5.304585778525936e-24
17.65 11.77 9.334002576534156e-32
17.65 12.26 -1.0055629860576927e-31
17.65 12.75 -7.344409824942542e-30
17.65 13.24 -3.6228235059247836e-31
17.65 13.73 -2.154115619883201e-31
17.65 14.220000000000002 0.0
17.65 14.709999999999999 0.0
17.65 15.2 0.0
17.65 15.69 0.0
17.65 16.18 9.915030116563766e-22
17.65 16.67 7.704689828140857e-24
17.65 17.16 4.4894526058838395e-24
17.65 17.65 6.746657246119934e-18
17.65 18.14 2.442704176630177e-12
17.65 18.63 1.0516851749819096e-8
17.65 19.12 2.752474452814883e-6
17.65 19.61 1.8018549096908878e-5
17.65 20.1 1.4157538577781414e-5
17.65 20.59 4.946283759291571e-7
17.65 21.08 2.792479920198642e-9
17.65 21.57 2.16598496835876e-15
17.65 22.06 3.4909143043338724e-23
17.65 22.55 3.207731374308658e-23
17.65 23.04 -4.6830618468703355e-24
17.65 23.53 3.9287687636255795e-23
17.65 24.02 0.0
17.65 24.51 0.0
17.65 25.0 0.0
18.14 0.5 0.0
18.14 0.99 0.0
18.14 1.48 0.0
18.14 1.97 0.0
18.14 2.46 0.0
18.14 2.95 0.0
18.14 3.44 0.0
18.14 3.9300000000000006 0.0
18.14 4.42 0.0
18.14 4.91 0.0
18.14 5.4 0.0
18.14 5.89 0.0
18.14 6.38 3.182473496839035e-25
18.14 6.87 -6.0607421903913075e-25
18.14 7.360000000000001 2.5215914943649855e-26
18.14 7.85 -9.884329160138959e-27
18.14 8.34 1.2520254317887984e-16
18.14 8.83 2.1838839591257998e-11
18.14 9.32 5.821599029457477e-9
18.14 9.81 3.975826376368302e-8
18.14 10.3 1.4522891230950014e-10
18.14 10.79 7.096117726258713e-13
18.14 11.28 1.6852630277402633e-18
18.14 11.77 1.726854219435782e-26
18.14 12.26 -2.3933294797220935e-25
18.14 12.75 1.6239101605376182e-24
18.14 13.24 -6.172308382687843e-26
18.14 13.73 6.4271096502734084e-27
18.14 14.220000000000002 0.0
18.14 14.709999999999999 0.0
18.14 15.2 0.0
18.14 15.69 0.0
18.14 16.18 1.6271027491596344e-23
18.14 16.67 4.1928689123093445e-26
18.14 17.16 1.7514943392256512e-23
18.14 17.65 6.426395977614812e-19
18.14 18.14 4.4776619635390473e-14
18.14 18.63 2.2654496233720528e-10
18.14 19.12 6.433204365235768e-8
18.14 19.61 7.915282378393729e-7
18.14 20.1 4.7274796906358987e-7
18.14 20.59 1.6552130949516714e-8
18.14 21.08 1.5054249994045637e-11
18.14 21.57 2.1433945676591928e-23
18.14 22.06 -1.982313881215199e-25
18.14 22.55 5.874932613353099e-24
18.14 23.04 -2.977063642814362e-24
18.14 23.53 -6.191933159975763e-23
18.14 24.02 0.0
18.14 24.51 0.0
18.14 25.0 0.0
18.63 0.5 0.0
18.63 0.99 0.0
18.63 1.48 0.0
18.63 1.97 0.0
18.63 2.46 0.0
18.63 2.95 0.0
18.63 3.44 0.0
18.63 3.9300000000000006 0.0
18.63 4.42 0.0
18.63 4.91 0.0
18.63 5.4 0.0
18.63 5.89 0.0
18.63 6.38 -3.5263722448366806e-22
18.63 6.87 -4.332928129964094e-22
18.63 7.360000000000001 5.538763970099738e-22
18.63 7.85 -6.255239580752778e-23
18.63 8.34 9.29313261351531e-13
18.63 8.83 8.764201722575965e-8
18.63 9.32 1.3890643313778773e-5
18.63 9.81 0.00022051721462224938
18.63 10.3 1.6523988010476968e-5
18.63 10.79 7.991989209230139e-9
18.63 11.28 9.59480839658459e-15
18.63 11.77 3.899696221619849e-22
18.63 12.26 -6.33107603052623e-23
18.63 12.75 1.662333362096998e-22
18.63 13.24 1.5454005478532624e-21
18.63 13.73 -6.494341814580353e-22
18.63 14.220000000000002 0.0
18.63 14.709999999999999 0.0
18.63 15.2 0.0
18.63 15.69 0.0
18.63 16.18 1.572816450068688e-25
18.63 16.67 -1.187567500536795e-27
18.63 17.16 -1.689489975349306e-25
18.63 17.65 1.970448964644982e-20
18.63 18.14 1.1314015087919726e-16
18.63 18.63 2.7796211504509856e-12
18.63 19.12 2.8639779446991206e-9
18.63 19.61 7.598333978499796e-9
18.63 20.1 5.070901723294892e-10
18.63 20.59 2.366951212259943e-10
18.63 21.08 7.160369244807451e-19
18.63 21.57 -4.510617242193718e-27
18.63 22.06 -2.9892908043481477e-28
18.63 22.55 -7.36779077387628e-27
18.63 23.04 1.55509085277225e-26
18.63 23.53 2.2735669672736506e-25
18.63 24.02 0.0
18.63 24.51 0.0
18.63 25.0 0.0
19.12 0.5 0.0
19.12 0.99 0.0
19.12 1.48 0.0
19.12 1.97 0.0
19.12 2.46 0.0
19.12 2.95 0.0
19.12 3.44 0.0
19.12 3.9300000000000006 0.0
19.12 4.42 0.0
19.12 4.91 0.0
19.12 5.4 0.0
19.12 5.89 0.0
19.12 6.38 -3.305786913734319e-19
19.12 6.87 2.075469418687375e-20
19.12 7.360000000000001 -1.1989178791642332e-20
19.12 7.85 4.6357893700518447e-20
19.12 8.34 5.982134535242605e-12
19.12 8.83 3.3374777357773294e-6
19.12 9.32 0.0021546370681078714
19.12 9.81 0.060568454820630946
19.12 10.3 0.00546631333108751
19.12 10.79 2.119651448406672e-6
19.12 11.28 2.503752878584122e-11
19.12 11.77 1.7858022707891845e-18
19.12 12.26 3.560723888597042e-20
19.12 12.75 -4.432294684612403e-22
19.12 13.24 -3.272639781734005e-19
19.12 13.73 3.7671560779904345e-19
19.12 14.220000000000002 0.0
19.12 14.709999999999999 0.0
19.12 15.2 0.0
19.12 15.69 0.0
19.12 16.18 1.4625700558980518e-29
19.12 16.67 1.456977851224864e-28
19.12 17.16 7.685816276475041e-30
19.12 17.65 -3.631438346409213e-24
19.12 18.14 5.30989741959386e-17
19.12 18.63 1.6057373627193765e-13
19.12 19.12 2.3232452062113835e-12
19.12 19.61 1.6057079129363743e-11
19.12 20.1 6.493628841676663e-11
19.12 20.59 2.0626105503084534e-15
19.12 21.08 5.207689646063691e-28
19.12 21.57 -4.624396426205922e-29
19.12 22.06 -3.3619491519731676e-31
19.12 22.55 1.613153192568341e-31
19.12 23.04 2.5922841560663945e-30
19.12 23.53 -2.6849838225176033e-27
19.12 24.02 0.0
19.12 24.51 0.0
19.12 25.0 0.0
19.61 0.5 0.0
19.61 0.99 0.0
19.61 1.48 0.0
19.61 1.97 0.0
19.61 2.46 0.0
19.61 2.95 0.0
19.61 3.44 0.0
19.61 3.9300000000000006 0.0
19.61 4.42 0.0
19.61 4.91 0.0
19.61 5.4 0.0
19.61 5.89 0.0
19.61 6.38 5.178437944026905e-19
19.61 6.87 5.57129112279896e-19
19.61 7.360000000000001 -1.665875293148747e-20
19.61 7.85 1.1747415245152945e-18
19.61 8.34 2.288203581744828e-14
19.61 8.83 6.698374179435832e-6
19.61 9.32 0.012848204312786136
19.61 9.81 0.6796037676207302
19.61 10.3 0.08751922347461144
19.61 10.79 5.062725305333527e-5
19.61 11.28 6.917734661634921e-10
19.61 11.77 8.664732228518973e-17
19.61 12.26 6.94086144094495e-19
19.61 12.75 6.057566705509428e-18
19.61 13.24 6.644588347381021e-18
19.61 13.73 2.4478759594884046e-19
19.61 14.220000000000002 0.0
19.61 14.709999999999999 0.0
19.61 15.2 0.0
19.61 15.69 0.0
19.61 16.18 0.0
19.61 16.67 0.0
19.61 17.16 0.0
19.61 17.65 0.0
19.61 18.14 0.0
19.61 18.63 0.0
19.61 19.12 0.0
19.61 19.61 0.0
19.61 20.1 0.0
19.61 20.59 0.0
19.61 21.08 0.0
19.61 21.57 0.0
19.61 22.06 0.0
19.61 22.55 0.0
19.61 23.04 0.0
19.61 23.53 0.0
19.61 24.02 0.0
19.61 24.51 0.0
19.61 25.0 0.0
20.1 0.5 0.0
20.1 0.99 0.0
20.1 1.48 0.0
20.1 1.97 0.0
20.1 2.46 0.0
20.1 2.95 0.0
20.1 3.44 0.0
20.1 3.9300000000000006 0.0
20.1 4.42 0.0
20.1 4.91 0.0
20.1 5.4 0.0
20.1 5.89 0.0
20.1 6.38 -3.1158536678876705e-20
20.1 6.87 9.133577257449233e-19
20.1 7.360000000000001 -1.4080701341770346e-19
20.1 7.85 6.2817542167181525e-19
20.1 8.34 5.3981862513206026e-17
20.1 8.83 6.652107432851366e-7
20.1 9.32 0.002938459713112717
20.1 9.81 0.24851100674868956
20.1 10.3 0.0859981756668596
20.1 10.79 0.00011402580918508829
20.1 11.28 7.883146088483328e-10
20.1 11.77 2.1535204674654536e-17
20.1 12.26 1.722336769818415e-19
20.1 12.75 -1.7201146735450182e-19
20.1 13.24 -3.402226874390683e-18
20.1 13.73 1.5661144661902712e-19
20.1 14.220000000000002 0.0
20.1 14.709999999999999 0.0
20.1 15.2 0.0
20.1 15.69 0.0
20.1 16.18 0.0
20.1 16.67 0.0
20.1 17.16 0.0
20.1 17.65 0.0
20.1 18.14 0.0
20.1 18.63 0.0
20.1 19.12 0.0
20.1 19.61 0.0
20.1 20.1 0.0
20.1 20.59 0.0
20.1 21.08 0.0
20.1 21.57 0.0
20.1 22.06 0.0
20.1 22.55 0.0
20.1 23.04 0.0
20.1 23.53 0.0
20.1 24.02 0.0
20.1 24.51 0.0
20.1 25.0 0.0
20.59 0.5 0.0
20.59 0.99 0.0
20.59 1.48 0.0
20.59 1.97 0.0
20.59 2.46 0.0
20.59 2.95 0.0
20.59 3.44 0.0
20.59 3.9300000000000006 0.0
20.59 4.42 0.0
20.59 4.91 0.0
20.59 5.4 0.0
20.59 5.89 0.0
20.59 6.38 -1.5446757305398234e-19
20.59 6.87 1.4354979516834351e-19
20.59 7.360000000000001 -2.1304803553960807e-20
20.59 7.85 -1.3374807704059213e-19
20.59 8.34 1.278930948411485e-17
20.59 8.83 3.811664376149798e-9
20.59 9.32 5.078522650926735e-5
20.59 9.81 0.00931048873243119
20.59 10.3 0.009722147652249564
20.59 10.79 7.781841114345319e-6
20.59 11.28 1.604250653402086e-10
20.59 11.77 1.6228350059371505e-19
20.59 12.26 6.37866959439599e-20
20.59 12.75 -2.5653872780605635e-21
20.59 13.24 -1.0876939798426804e-19
20.59 13.73 -1.2060199219661678e-19
20.59 14.220000000000002 0.0
20.59 14.709999999999999 0.0
20.59 15.2 0.0
20.59 15.69 0.0
20.59 16.18 0.0
20.59 16.67 0.0
20.59 17.16 0.0
20.59 17.65 0.0
20.59 18.14 0.0
20.59 18.63 0.0
20.59 19.12 0.0
20.59 19.61 0.0
20.59 20.1 0.0
20.59 20.59 0.0
20.59 21.08 0.0
20.59 21.57 0.0
20.59 22.06 0.0
20.59 22.55 0.0
20.59 23.04 0.0
20.59 23.53 0.0
20.59 24.02 0.0
20.59 24.51 0.0
20.59 25.0 0.0
21.08 0.5 0.0
21.08 0.99 0.0
21.08 1.48 0.0
21.08 1.97 0.0
21.08 2.46 0.0
21.08 2.95 0.0
21.08 3.44 0.0
21.08 3.9300000000000006 0.0
21.08 4.42 0.0
21.08 4.91 0.0
21.08 5.4 0.0
21.08 5.89 0.0
21.08 6.38 -1.5626685310317956e-21
21.08 6.87 6.113758571249532e-22
21.08 7.360000000000001 4.996035150755866e-22
21.08 7.85 3.356958937458118e-22
21.08 8.34 1.695659734888782e-20
21.08 8.83 2.645987811259976e-12
21.08 9.32 6.214383639882299e-8
21.08 9.81 3.7062202543255996e-5
21.08 10.3 0.00010476594619241777
21.08 10.79 1.9222245693093275e-7
21.08 11.28 2.633049335690676e-13
21.08 11.77 6.398273408578588e-22
21.08 12.26 4.868795109256967e-22
21.08 12.75 -1.3788761252316778e-22
21.08 13.24 -9.572572506239991e-22
21.08 13.73 -1.73891603720623e-22
21.08 14.220000000000002 0.0
21.08 14.709999999999999 0.0
21.08 15.2 0.0
21.08 15.69 0.0
21.08 16.18 0.0
21.08 16.67 0.0
21.08 17.16 0.0
21.08 17.65 0.0
21.08 18.14 0.0
21.08 18.63 0.0
21.08 19.12 0.0
21.08 19.61 0.0
21.08 20.1 0.0
21.08 20.59 0.0
21.08 21.08 0.0
21.08 21.57 0.0
21.08 22.06 0.0
21.08 22.55 0.0
21.08 23.04 0.0
21.08 23.53 0.0
21.08 24.02 0.0
21.08 24.51 0.0
21.08 25.0 0.0
21.57 0.5 0.0
21.57 0.99 0.0
21.57 1.48 0.0
21.57 1.97 0.0
21.57 2.46 0.0
21.57 2.95 0.0
21.57 3.44 0.0
21.57 3.9300000000000006 0.0
21.57 4.42 0.0
21.57 4.91 0.0
21.57 5.4 0.0
21.57 5.89 0.0
21.57 6.38 -1.0278439650187046e-24
21.57 6.87 -4.848978903662248e-25
21.57 7.360000000000001 3.443497278974112e-25
21.57 7.85 -6.746901552398823e-27
21.57 8.34 -8.749609127321884e-25
21.57 8.83 1.6744272165056677e-16
21.57 9.32 4.0467457011347386e-12
21.57 9.81 1.2876415986855856e-8
21.57 10.3 1.2231680679933237e-7
21.57 10.79 5.025737443277793e-10
21.57 11.28 2.0282094317842098e-16
21.57 11.77 1.6234127861010194e-24
21.57 12.26 -9.790489205417728e-25
21.57 12.75 -1.3038123488994677e-24
21.57 13.24 -8.720315067843496e-25
21.57 13.73 -1.3516693960477665e-24
21.57 14.220000000000002 0.0
21.57 14.709999999999999 0.0
21.57 15.2 0.0
21.57 15.69 0.0
21.57 16.18 0.0
21.57 16.67 0.0
21.57 17.16 0.0
21.57 17.65 0.0
21.57 18.14 0.0
21.57 18.63 0.0
21.57 19.12 0.0
21.57 19.61 0.0
21.57 20.1 0.0
21.57 20.59 0.0
21.57 21.08 0.0
21.57 21.57 0.0
21.57 22.06 0.0
21.57 22.55 0.0
21.57 23.04 0.0
21.57 23.53 0.0
21.57 24.02 0.0
21.57 24.51 0.0
21.57 25.0 0.0
22.06 0.5 0.0
22.06 0.99 0.0
22.06 1.48 0.0
22.06 1.97 0.0
22.06 2.46 0.0
22.06 2.95 0.0
22.06 3.44 0.0
22.06 3.9300000000000006 0.0
22.06 4.42 0.0
22.06 4.91 0.0
22.06 5.4 0.0
22.06 5.89 0.0
22.06 6.38 -1.133553256447017e-29
22.06 6.87 -6.255664146429247e-29
22.06 7.360000000000001 1.0686645153930877e-28
22.06 7.85 -1.255476226355151e-28
22.06 8.34 -4.654410802190741e-28
22.06 8.83 1.3547182072292146e-21
22.06 9.32 3.8014767434310146e-17
22.06 9.81 1.0229746604732676e-12
22.06 10.3 3.5212860545319094e-11
22.06 10.79 1.1629882107445075e-13
22.06 11.28 5.068295681336877e-18
22.06 11.77 2.731370177520787e-27
22.06 12.26 -5.854322134627367e-28
22.06 12.75 -1.2586177628728752e-28
22.06 13.24 -4.915011206412182e-29
22.06 13.73 2.1413530007867058e-28
22.06 14.220000000000002 0.0
22.06 14.709999999999999 0.0
22.06 15.2 0.0
22.06 15.69 0.0
22.06 16.18 0.0
22.06 16.67 0.0
22.06 17.16 0.0
22.06 17.65 0.0
22.06 18.14 0.0
22.06 18.63 0.0
22.06 19.12 0.0
22.06 19.61 0.0
22.06 20.1 0.0
22.06 20.59 0.0
22.06 21.08 0.0
22.06 21.57 0.0
22.06 22.06 0.0
22.06 22.55 0.0
22.06 23.04 0.0
22.06 23.53 0.0
22.06 24.02 0.0
22.06 24.51 0.0
22.06 25.0 0.0
22.55 0.5 0.0
22.55 0.99 0.0
22.55 1.48 0.0
22.55 1.97 0.0
22.55 2.46 0.0
22.55 2.95 0.0
22.55 3.44 0.0
22.55 3.9300000000000006 0.0
22.55 4.42 0.0
22.55 4.91 0.0
22.55 5.4 0.0
22.55 5.89 0.0
22.55 6.38 1.4235203272803366e-33
22.55 6.87 1.8099058046330833e-33
22.55 7.360000000000001 3.5427903023200215e-33
22.55 7.85 6.881724483327784e-33
22.55 8.34 2.6469092674881237e-32
22.55 8.83 7.185010462168254e-28
22.55 9.32 1.179367025834486e-22
22.55 9.81 1.1180653456891008e-17
22.55 10.3 6.977659127055583e-16
22.55 10.79 1.8970300300742104e-17
22.55 11.28 1.2377738085632821e-20
22.55 11.77 3.287725165342411e-29
22.55 12.26 -1.0371588244082459e-32
22.55 12.75 1.804641690102681e-33
22.55 13.24 -8.448897830335585e-33
22.55 13.73 1.4291412088214304e-32
22.55 14.220000000000002 0.0
22.55 14.709999999999999 0.0
22.55 15.2 0.0
22.55 15.69 0.0
22.55 16.18 0.0
22.55 16.67 0.0
22.55 17.16 0.0
22.55 17.65 0.0
22.55 18.14 0.0
22.55 18.63 0.0
22.55 19.12 0.0
22.55 19.61 0.0
22.55 20.1 0.0
22.55 20.59 0.0
22.55 21.08 0.0
22.55 21.57 0.0
22.55 22.06 0.0
22.55 22.55 0.0
22.55 23.04 0.0
22.55 23.53 0.0
22.55 24.02 0.0
22.55 24.51 0.0
22.55 25.0 0.0
23.04 0.5 0.0
23.04 0.99 0.0
23.04 1.48 0.0
23.04 1.97 0.0
23.04 2.46 0.0
23.04 2.95 0.0
23.04 3.44 0.0
23.04 3.9300000000000006 0.0
23.04 4.42 0.0
23.04 4.91 0.0
23.04 5.4 0.0
23.04 5.89 0.0
23.04 6.38 3.792772955257252e-38
23.04 6.87 -4.469862515352658e-38
23.04 7.360000000000001 9.484631243684889e-37
23.04 7.85 9.467067849592873e-38
23.04 8.34 -2.1797519800968832e-36
23.04 8.83 4.1987222605769015e-35
23.04 9.32 1.0264026014227077e-28
23.04 9.81 8.093937310356345e-24
23.04 10.3 2.0611900023392054e-20
23.04 10.79 1.3264233067664306e-21
23.04 11.28 3.309775811733326e-25
23.04 11.77 6.877587308230593e-32
23.04 12.26 -7.580774709082843e-37
23.04 12.75 -8.680560996637979e-38
23.04 13.24 -2.5068957773864445e-37
23.04 13.73 -4.140529871062366e-38
23.04 14.220000000000002 0.0
23.04 14.709999999999999 0.0
23.04 15.2 0.0
23.04 15.69 0.0
23.04 16.18 0.0
23.04 16.67 0.0
23.04 17.16 0.0
23.04 17.65 0.0
23.04 18.14 0.0
23.04 18.63 0.0
23.04 19.12 0.0
23.04 19.61 0.0
23.04 20.1 0.0
23.04 20.59 0.0
23.04 21.08 0.0
23.04 21.57 0.0
23.04 22.06 0.0
23.04 22.55 0.0
23.04 23.04 0.0
23.04 23.53 0.0
23.04 24.02 0.0
23.04 24.51 0.0
23.04 25.0 0.0
23.53 0.5 0.0
23.53 0.99 0.0
23.53 1.48 0.0
23.53 1.97 0.0
23.53 2.46 0.0
23.53 2.95 0.0
23.53 3.44 0.0
23.53 3.9300000000000006 0.0
23.53 4.42 0.0
23.53 4.91 0.0
23.53 5.4 0.0
23.53 5.89 0.0
23.53 6.38 2.9158846083047296e-43
23.53 6.87 -2.701703036183168e-43
23.53 7.360000000000001 9.357882963835891e-43
23.53 7.85 2.1400080578659992e-42
23.53 8.34 -1.7846946005234425e-42
23.53 8.83 1.3034759910057921e-42
23.53 9.32 8.824309447976825e-35
23.53 9.81 1.2438887332620666e-30
23.53 10.3 7.213510376876218e-26
23.53 10.79 5.706199862586731e-27
23.53 11.28 3.5158362611829564e-30
23.53 11.77 1.727692195493358e-35
23.53 12.26 -1.638311856454032e-42
23.53 12.75 -1.0356289277598041e-42
23.53 13.24 -1.3430341428587914e-42
23.53 13.73 2.968780293112757e-42
23.53 14.220000000000002 0.0
23.53 14.709999999999999 0.0
23.53 15.2 0.0
23.53 15.69 0.0
23.53 16.18 0.0
23.53 16.67 0.0
23.53 17.16 0.0
23.53 17.65 0.0
23.53 18.14 0.0
23.53 18.63 0.0
23.53 19.12 0.0
23.53 19.61 0.0
23.53 20.1 0.0
23.53 20.59 0.0
23.53 21.08 0.0
23.53 21.57 0.0
23.53 22.06 0.0
23.53 22.55 0.0
23.53 23.04 0.0
23.53 23.53 0.0
23.53 24.02 0.0
23.53 24.51 0.0
23.53 25.0 0.0
24.02 0.5 0.0
24.02 0.99 0.0
24.02 1.48 0.0
24.02 1.97 0.0
24.02 2.46 0.0
24.02 2.95 0.0
24.02 3.44 0.0
24.02 3.9300000000000006 0.0
24.02 4.42 0.0
24.02 4.91 0.0
24.02 5.4 0.0
24.02 5.89 0.0
24.02 6.38 0.0
24.02 6.87 0.0
24.02 7.360000000000001 0.0
24.02 7.85 0.0
24.02 8.34 0.0
24.02 8.83 0.0
24.02 9.32 0.0
24.02 9.81 0.0
24.02 10.3 0.0
24.02 10.79 0.0
24.02 11.28 0.0
24.02 11.77 0.0
24.02 12.26 0.0
24.02 12.75 0.0
24.02 13.24 0.0
24.02 13.73 0.0
24.02 14.220000000000002 0.0
24.02 14.709999999999999 0.0
24.02 15.2 0.0
24.02 15.69 0.0
24.02 16.18 0.0
24.02 16.67 0.0
24.02 17.16 0.0
24.02 17.65 0.0
24.02 18.14 0.0
24.02 18.63 0.0
24.02 19.12 0.0
24.02 19.61 0.0
24.02 20.1 0.0
24.02 20.59 0.0
24.02 21.08 0.0
24.02 21.57 0.0
24.02 22.06 0.0
24.02 22.55 0.0
24.02 23.04 0.0
24.02 23.53 0.0
24.02 24.02 0.0
24.02 24.51 0.0
24.02 25.0 0.0
24.51 0.5 0.0
24.51 0.99 0.0
24.51 1.48 0.0
24.51 1.97 0.0
24.51 2.46 0.0
24.51 2.95 0.0
24.51 3.44 0.0
24.51 3.9300000000000006 0.0
24.51 4.42 0.0
24.51 4.91 0.0
24.51 5.4 0.0
24.51 5.89 0.0
24.51 6.38 0.0
24.51 6.87 0.0
24.51 7.360000000000001 0.0
24.51 7.85 0.0
24.51 8.34 0.0
24.51 8.83 0.0
24.51 9.32 0.0
24.51 9.81 0.0
24.51 10.3 0.0
24.51 10.79 0.0
24.51 11.28 0.0
24.51 11.77 0.0
24.51 12.26 0.0
24.51 12.75 0.0
24.51 13.24 0.0
24.51 13.73 0.0
24.51 14.220000000000002 0.0
24.51 14.709999999999999 0.0
24.51 15.2 0.0
24.51 15.69 0.0
24.51 16.18 0.0
24.51 16.67 0.0
24.51 17.16 0.0
24.51 17.65 0.0
24.51 18.14 0.0
24.51 18.63 0.0
24.51 19.12 0.0
24.51 19.61 0.0
24.51 20.1 0.0
24.51 20.59 0.0
24.51 21.08 0.0
24.51 21.57 0.0
24.51 22.06 0.0
24.51 22.55 0.0
24.51 23.04 0.0
24.51 23.53 0.0
24.51 24.02 0.0
24.51 24.51 0.0
24.51 25.0 0.0
25.0 0.5 0.0
25.0 0.99 0.0
25.0 1.48 0.0
25.0 1.97 0.0
25.0 2.46 0.0
25.0 2.95 0.0
25.0 3.44 0.0
25.0 3.9300000000000006 0.0
25.0 4.42 0.0
25.0 4.91 0.0
25.0 5.4 0.0
25.0 5.89 0.0
25.0 6.38 0.0
25.0 6.87 0.0
25.0 7.360000000000001 0.0
25.0 7.85 0.0
25.0 8.34 0.0
25.0 8.83 0.0
25.0 9.32 0.0
25.0 9.81 0.0
25.0 10.3 0.0
25.0 10.79 0.0
25.0 11.28 0.0
25.0 11.77 0.0
25.0 12.26 0.0
25.0 12.75 0.0
25.0 13.24 0.0
25.0 13.73 0.0
25.0 14.220000000000002 0.0
25.0 14.709999999999999 0.0
25.0 15.2 0.0
25.0 15.69 0.0
25.0 16.18 0.0
25.0 16.67 0.0
25.0 17.16 0.0
25.0 17.65 0.0
25.0 18.14 0.0
25.0 18.63 0.0
25.0 19.12 0.0
25.0 19.61 0.0
25.0 20.1 0.0
25.0 20.59 0.0
25.0 21.08 0.0
25.0 21.57 0.0
25.0 22.06 0.0
25.0 22.55 0.0
25.0 23.04 0.0
25.0 23.53 0.0
25.0 24.02 0.0
25.0 24.51 0.0
25.0 25.0 0.0
