0.5 0.5 0.0
0.5 0.99 0.0
0.5 1.48 0.0
0.5 1.97 0.0
0.5 2.46 0.0
0.5 2.95 0.0
0.5 3.44 0.0
0.5 3.9300000000000006 0.0
0.5 4.42 0.0
0.5 4.91 0.0
0.5 5.4 0.0
0.5 5.89 0.0
0.5 6.38 0.0
0.5 6.87 0.0
0.5 7.360000000000001 0.0
0.5 7.85 0.0
0.5 8.34 0.0
0.5 8.83 0.0
0.5 9.32 0.0
0.5 9.81 0.0
0.5 10.3 0.0
0.5 10.79 0.0
0.5 11.28 0.0
0.5 11.77 0.0
0.5 12.26 0.0
0.5 12.75 0.0
0.5 13.24 0.0
0.5 13.73 0.0
0.5 14.220000000000002 0.0
0.5 14.709999999999999 0.0
0.5 15.2 0.0
0.5 15.69 0.0
0.5 16.18 0.0
0.5 16.67 0.0
0.5 17.16 0.0
0.5 17.65 0.0
0.5 18.14 0.0
0.5 18.63 0.0
0.5 19.12 0.0
0.5 19.61 0.0
0.5 20.1 0.0
0.5 20.59 0.0
0.5 21.08 0.0
0.5 21.57 0.0
0.5 22.06 0.0
0.5 22.55 0.0
0.5 23.04 0.0
0.5 23.53 0.0
0.5 24.02 0.0
0.5 24.51 0.0
0.5 25.0 0.0
0.99 0.5 0.0
0.99 0.99 0.0
0.99 1.48 0.0
0.99 1.97 0.0
0.99 2.46 0.0
0.99 2.95 0.0
0.99 3.44 0.0
0.99 3.9300000000000006 0.0
0.99 4.42 0.0
0.99 4.91 0.0
0.99 5.4 0.0
0.99 5.89 0.0
0.99 6.38 0.0
0.99 6.87 0.0
0.99 7.360000000000001 0.0
0.99 7.85 0.0
0.99 8.34 0.0
0.99 8.83 0.0
0.99 9.32 0.0
0.99 9.81 0.0
0.99 10.3 0.0
0.99 10.79 0.0
0.99 11.28 0.0
0.99 11.77 0.0
0.99 12.26 0.0
0.99 12.75 0.0
0.99 13.24 0.0
0.99 13.73 0.0
0.99 14.220000000000002 0.0
0.99 14.709999999999999 0.0
0.99 15.2 0.0
0.99 15.69 0.0
0.99 16.18 0.0
0.99 16.67 0.0
0.99 17.16 0.0
0.99 17.65 0.0
0.99 18.14 0.0
0.99 18.63 0.0
0.99 19.12 0.0
0.99 19.61 0.0
0.99 20.1 0.0
0.99 20.59 0.0
0.99 21.08 0.0
0.99 21.57 0.0
0.99 22.06 0.0
0.99 22.55 0.0
0.99 23.04 0.0
0.99 23.53 0.0
0.99 24.02 0.0
0.99 24.51 0.0
0.99 25.0 0.0
1.48 0.5 0.0
1.48 0.99 0.0
1.48 1.48 0.0
1.48 1.97 0.0
1.48 2.46 0.0
1.48 2.95 0.0
1.48 3.44 0.0
1.48 3.9300000000000006 0.0
1.48 4.42 0.0
1.48 4.91 0.0
1.48 5.4 0.0
1.48 5.89 0.0
1.48 6.38 0.0
1.48 6.87 0.0
1.48 7.360000000000001 0.0
1.48 7.85 0.0
1.48 8.34 0.0
1.48 8.83 0.0
1.48 9.32 0.0
1.48 9.81 0.0
1.48 10.3 0.0
1.48 10.79 0.0
1.48 11.28 0.0
1.48 11.77 0.0
1.48 12.26 0.0
1.48 12.75 0.0
1.48 13.24 0.0
1.48 13.73 0.0
1.48 14.220000000000002 0.0
1.48 14.709999999999999 0.0
1.48 15.2 0.0
1.48 15.69 0.0
1.48 16.18 0.0
1.48 16.67 0.0
1.48 17.16 0.0
1.48 17.65 0.0
1.48 18.14 0.0
1.48 18.63 0.0
1.48 19.12 0.0
1.48 19.61 0.0
1.48 20.1 0.0
1.48 20.59 0.0
1.48 21.08 0.0
1.48 21.57 0.0
1.48 22.06 0.0
1.48 22.55 0.0
1.48 23.04 0.0
1.48 23.53 0.0
1.48 24.02 0.0
1.48 24.51 0.0
1.48 25.0 0.0
1.97 0.5 0.0
1.97 0.99 0.0
1.97 1.48 0.0
1.97 1.97 0.0
1.97 2.46 0.0
1.97 2.95 0.0
1.97 3.44 0.0
1.97 3.9300000000000006 0.0
1.97 4.42 0.0
1.97 4.91 0.0
1.97 5.4 0.0
1.97 5.89 0.0
1.97 6.38 0.0
1.97 6.87 0.0
1.97 7.360000000000001 0.0
1.97 7.85 0.0
1.97 8.34 0.0
1.97 8.83 0.0
1.97 9.32 0.0
1.97 9.81 0.0
1.97 10.3 0.0
1.97 10.79 0.0
1.97 11.28 0.0
1.97 11.77 0.0
1.97 12.26 0.0
1.97 12.75 0.0
1.97 13.24 0.0
1.97 13.73 0.0
1.97 14.220000000000002 0.0
1.97 14.709999999999999 0.0
1.97 15.2 0.0
1.97 15.69 0.0
1.97 16.18 0.0
1.97 16.67 0.0
1.97 17.16 0.0
1.97 17.65 0.0
1.97 18.14 0.0
1.97 18.63 0.0
1.97 19.12 0.0
1.97 19.61 0.0
1.97 20.1 0.0
1.97 20.59 0.0
1.97 21.08 0.0
1.97 21.57 0.0
1.97 22.06 0.0
1.97 22.55 0.0
1.97 23.04 0.0
1.97 23.53 0.0
1.97 24.02 0.0
1.97 24.51 0.0
1.97 25.0 0.0
2.46 0.5 0.0
2.46 0.99 0.0
2.46 1.48 0.0
2.46 1.97 0.0
2.46 2.46 0.0
2.46 2.95 0.0
2.46 3.44 0.0
2.46 3.9300000000000006 0.0
2.46 4.42 0.0
2.46 4.91 0.0
2.46 5.4 0.0
2.46 5.89 0.0
2.46 6.38 0.0
2.46 6.87 0.0
2.46 7.360000000000001 0.0
2.46 7.85 0.0
2.46 8.34 0.0
2.46 8.83 0.0
2.46 9.32 0.0
2.46 9.81 0.0
2.46 10.3 0.0
2.46 10.79 0.0
2.46 11.28 0.0
2.46 11.77 0.0
2.46 12.26 0.0
2.46 12.75 0.0
2.46 13.24 0.0
2.46 13.73 0.0
2.46 14.220000000000002 0.0
2.46 14.709999999999999 0.0
2.46 15.2 0.0
2.46 15.69 0.0
2.46 16.18 0.0
2.46 16.67 0.0
2.46 17.16 0.0
2.46 17.65 0.0
2.46 18.14 0.0
2.46 18.63 0.0
2.46 19.12 0.0
2.46 19.61 0.0
2.46 20.1 0.0
2.46 20.59 0.0
2.46 21.08 0.0
2.46 21.57 0.0
2.46 22.06 0.0
2.46 22.55 0.0
2.46 23.04 0.0
2.46 23.53 0.0
2.46 24.02 0.0
2.46 24.51 0.0
2.46 25.0 0.0
2.95 0.5 0.0
2.95 0.99 0.0
2.95 1.48 0.0
2.95 1.97 0.0
2.95 2.46 0.0
2.95 2.95 0.0
2.95 3.44 0.0
2.95 3.9300000000000006 0.0
2.95 4.42 0.0
2.95 4.91 0.0
2.95 5.4 0.0
2.95 5.89 0.0
2.95 6.38 0.0
2.95 6.87 0.0
2.95 7.360000000000001 0.0
2.95 7.85 0.0
2.95 8.34 0.0
2.95 8.83 0.0
2.95 9.32 0.0
2.95 9.81 0.0
2.95 10.3 0.0
2.95 10.79 0.0
2.95 11.28 0.0
2.95 11.77 0.0
2.95 12.26 0.0
2.95 12.75 0.0
2.95 13.24 0.0
2.95 13.73 0.0
2.95 14.220000000000002 0.0
2.95 14.709999999999999 0.0
2.95 15.2 0.0
2.95 15.69 0.0
2.95 16.18 0.0
2.95 16.67 0.0
2.95 17.16 0.0
2.95 17.65 0.0
2.95 18.14 0.0
2.95 18.63 0.0
2.95 19.12 0.0
2.95 19.61 0.0
2.95 20.1 0.0
2.95 20.59 0.0
2.95 21.08 0.0
2.95 21.57 0.0
2.95 22.06 0.0
2.95 22.55 0.0
2.95 23.04 0.0
2.95 23.53 0.0
2.95 24.02 0.0
2.95 24.51 0.0
2.95 25.0 0.0
3.44 0.5 0.0
3.44 0.99 0.0
3.44 1.48 0.0
3.44 1.97 0.0
3.44 2.46 0.0
3.44 2.95 0.0
3.44 3.44 0.0
3.44 3.9300000000000006 0.0
3.44 4.42 0.0
3.44 4.91 0.0
3.44 5.4 0.0
3.44 5.89 0.0
3.44 6.38 0.0
3.44 6.87 0.0
3.44 7.360000000000001 0.0
3.44 7.85 0.0
3.44 8.34 0.0
3.44 8.83 0.0
3.44 9.32 0.0
3.44 9.81 0.0
3.44 10.3 0.0
3.44 10.79 0.0
3.44 11.28 0.0
3.44 11.77 0.0
3.44 12.26 0.0
3.44 12.75 0.0
3.44 13.24 0.0
3.44 13.73 0.0
3.44 14.220000000000002 0.0
3.44 14.709999999999999 0.0
3.44 15.2 0.0
3.44 15.69 0.0
3.44 16.18 0.0
3.44 16.67 0.0
3.44 17.16 0.0
3.44 17.65 0.0
3.44 18.14 0.0
3.44 18.63 0.0
3.44 19.12 0.0
3.44 19.61 0.0
3.44 20.1 0.0
3.44 20.59 0.0
3.44 21.08 0.0
3.44 21.57 0.0
3.44 22.06 0.0
3.44 22.55 0.0
3.44 23.04 0.0
3.44 23.53 0.0
3.44 24.02 0.0
3.44 24.51 0.0
3.44 25.0 0.0
3.9300000000000006 0.5 0.0
3.9300000000000006 0.99 0.0
3.9300000000000006 1.48 0.0
3.9300000000000006 1.97 0.0
3.9300000000000006 2.46 0.0
3.9300000000000006 2.95 0.0
3.9300000000000006 3.44 0.0
3.9300000000000006 3.9300000000000006 0.0
3.9300000000000006 4.42 0.0
3.9300000000000006 4.91 0.0
3.9300000000000006 5.4 0.0
3.9300000000000006 5.89 0.0
3.9300000000000006 6.38 0.0
3.9300000000000006 6.87 0.0
3.9300000000000006 7.360000000000001 0.0
3.9300000000000006 7.85 0.0
3.9300000000000006 8.34 0.0
3.9300000000000006 8.83 0.0
3.9300000000000006 9.32 0.0
3.9300000000000006 9.81 0.0
3.9300000000000006 10.3 0.0
3.9300000000000006 10.79 0.0
3.9300000000000006 11.28 0.0
3.9300000000000006 11.77 0.0
3.9300000000000006 12.26 0.0
3.9300000000000006 12.75 0.0
3.9300000000000006 13.24 0.0
3.9300000000000006 13.73 0.0
3.9300000000000006 14.220000000000002 0.0
3.9300000000000006 14.709999999999999 0.0
3.9300000000000006 15.2 0.0
3.9300000000000006 15.69 0.0
3.9300000000000006 16.18 0.0
3.9300000000000006 16.67 0.0
3.9300000000000006 17.16 0.0
3.9300000000000006 17.65 0.0
3.9300000000000006 18.14 0.0
3.9300000000000006 18.63 0.0
3.9300000000000006 19.12 0.0
3.9300000000000006 19.61 0.0
3.9300000000000006 20.1 0.0
3.9300000000000006 20.59 0.0
3.9300000000000006 21.08 0.0
3.9300000000000006 21.57 0.0
3.9300000000000006 22.06 0.0
3.9300000000000006 22.55 0.0
3.9300000000000006 23.04 0.0
3.9300000000000006 23.53 0.0
3.9300000000000006 24.02 0.0
3.9300000000000006 24.51 0.0
3.9300000000000006 25.0 0.0
4.42 0.5 0.0
4.42 0.99 0.0
4.42 1.48 0.0
4.42 1.97 0.0
4.42 2.46 0.0
4.42 2.95 0.0
4.42 3.44 0.0
4.42 3.9300000000000006 0.0
4.42 4.42 0.0
4.42 4.91 0.0
4.42 5.4 0.0
4.42 5.89 0.0
4.42 6.38 0.0
4.42 6.87 0.0
4.42 7.360000000000001 0.0
4.42 7.85 0.0
4.42 8.34 0.0
4.42 8.83 0.0
4.42 9.32 0.0
4.42 9.81 0.0
4.42 10.3 0.0
4.42 10.79 0.0
4.42 11.28 0.0
4.42 11.77 0.0
4.42 12.26 0.0
4.42 12.75 0.0
4.42 13.24 0.0
4.42 13.73 0.0
4.42 14.220000000000002 0.0
4.42 14.709999999999999 0.0
4.42 15.2 0.0
4.42 15.69 0.0
4.42 16.18 0.0
4.42 16.67 0.0
4.42 17.16 0.0
4.42 17.65 0.0
4.42 18.14 0.0
4.42 18.63 0.0
4.42 19.12 0.0
4.42 19.61 0.0
4.42 20.1 0.0
4.42 20.59 0.0
4.42 21.08 0.0
4.42 21.57 0.0
4.42 22.06 0.0
4.42 22.55 0.0
4.42 23.04 0.0
4.42 23.53 0.0
4.42 24.02 0.0
4.42 24.51 0.0
4.42 25.0 0.0
4.91 0.5 0.0
4.91 0.99 0.0
4.91 1.48 0.0
4.91 1.97 0.0
4.91 2.46 0.0
4.91 2.95 0.0
4.91 3.44 0.0
4.91 3.9300000000000006 0.0
4.91 4.42 0.0
4.91 4.91 0.0
4.91 5.4 0.0
4.91 5.89 0.0
4.91 6.38 0.0
4.91 6.87 0.0
4.91 7.360000000000001 0.0
4.91 7.85 0.0
4.91 8.34 0.0
4.91 8.83 0.0
4.91 9.32 0.0
4.91 9.81 0.0
4.91 10.3 0.0
4.91 10.79 0.0
4.91 11.28 0.0
4.91 11.77 0.0
4.91 12.26 0.0
4.91 12.75 0.0
4.91 13.24 0.0
4.91 13.73 0.0
4.91 14.220000000000002 0.0
4.91 14.709999999999999 0.0
4.91 15.2 0.0
4.91 15.69 0.0
4.91 16.18 0.0
4.91 16.67 0.0
4.91 17.16 0.0
4.91 17.65 0.0
4.91 18.14 0.0
4.91 18.63 0.0
4.91 19.12 0.0
4.91 19.61 0.0
4.91 20.1 0.0
4.91 20.59 0.0
4.91 21.08 0.0
4.91 21.57 0.0
4.91 22.06 0.0
4.91 22.55 0.0
4.91 23.04 0.0
4.91 23.53 0.0
4.91 24.02 0.0
4.91 24.51 0.0
4.91 25.0 0.0
5.4 0.5 0.0
5.4 0.99 0.0
5.4 1.48 0.0
5.4 1.97 0.0
5.4 2.46 0.0
5.4 2.95 0.0
5.4 3.44 0.0
5.4 3.9300000000000006 0.0
5.4 4.42 0.0
5.4 4.91 0.0
5.4 5.4 0.0
5.4 5.89 0.0
5.4 6.38 0.0
5.4 6.87 0.0
5.4 7.360000000000001 0.0
5.4 7.85 0.0
5.4 8.34 0.0
5.4 8.83 0.0
5.4 9.32 0.0
5.4 9.81 0.0
5.4 10.3 0.0
5.4 10.79 0.0
5.4 11.28 0.0
5.4 11.77 0.0
5.4 12.26 0.0
5.4 12.75 0.0
5.4 13.24 0.0
5.4 13.73 0.0
5.4 14.220000000000002 0.0
5.4 14.709999999999999 0.0
5.4 15.2 0.0
5.4 15.69 0.0
5.4 16.18 0.0
5.4 16.67 0.0
5.4 17.16 0.0
5.4 17.65 0.0
5.4 18.14 0.0
5.4 18.63 0.0
5.4 19.12 0.0
5.4 19.61 0.0
5.4 20.1 0.0
5.4 20.59 0.0
5.4 21.08 0.0
5.4 21.57 0.0
5.4 22.06 0.0
5.4 22.55 0.0
5.4 23.04 0.0
5.4 23.53 0.0
5.4 24.02 0.0
5.4 24.51 0.0
5.4 25.0 0.0
5.89 0.5 0.0
5.89 0.99 0.0
5.89 1.48 0.0
5.89 1.97 0.0
5.89 2.46 0.0
5.89 2.95 0.0
5.89 3.44 0.0
5.89 3.9300000000000006 0.0
5.89 4.42 0.0
5.89 4.91 0.0
5.89 5.4 0.0
5.89 5.89 0.0
5.89 6.38 0.0
5.89 6.87 0.0
5.89 7.360000000000001 0.0
5.89 7.85 0.0
5.89 8.34 0.0
5.89 8.83 0.0
5.89 9.32 0.0
5.89 9.81 0.0
5.89 10.3 0.0
5.89 10.79 0.0
5.89 11.28 0.0
5.89 11.77 0.0
5.89 12.26 0.0
5.89 12.75 0.0
5.89 13.24 0.0
5.89 13.73 0.0
5.89 14.220000000000002 0.0
5.89 14.709999999999999 0.0
5.89 15.2 0.0
5.89 15.69 0.0
5.89 16.18 0.0
5.89 16.67 0.0
5.89 17.16 0.0
5.89 17.65 0.0
5.89 18.14 0.0
5.89 18.63 0.0
5.89 19.12 0.0
5.89 19.61 0.0
5.89 20.1 0.0
5.89 20.59 0.0
5.89 21.08 0.0
5.89 21.57 0.0
5.89 22.06 0.0
5.89 22.55 0.0
5.89 23.04 0.0
5.89 23.53 0.0
5.89 24.02 0.0
5.89 24.51 0.0
5.89 25.0 0.0
6.38 0.5 0.0
6.38 0.99 0.0
6.38 1.48 0.0
6.38 1.97 0.0
6.38 2.46 0.0
6.38 2.95 0.0
6.38 3.44 0.0
6.38 3.9300000000000006 0.0
6.38 4.42 0.0
6.38 4.91 0.0
6.38 5.4 0.0
6.38 5.89 0.0
6.38 6.38 0.0
6.38 6.87 0.0
6.38 7.360000000000001 0.0
6.38 7.85 0.0
6.38 8.34 0.0
6.38 8.83 0.0
6.38 9.32 0.0
6.38 9.81 0.0
6.38 10.3 0.0
6.38 10.79 0.0
6.38 11.28 0.0
6.38 11.77 0.0
6.38 12.26 1.8400731550208475e-168
6.38 12.75 3.827491660173218e-166
6.38 13.24 2.788306493185632e-174
6.38 13.73 1.1732878963641056e-179
6.38 14.220000000000002 -2.2627347398785807e-175
6.38 14.709999999999999 5.078161990570415e-171
6.38 15.2 1.2856940240350714e-164
6.38 15.69 1.5486911923721652e-147
6.38 16.18 1.9676199343668637e-149
6.38 16.67 3.3270695133270464e-166
6.38 17.16 -9.928934735258343e-178
6.38 17.65 -3.393299654978552e-178
6.38 18.14 -7.417126234623197e-180
6.38 18.63 -7.945617549716996e-181
6.38 19.12 0.0
6.38 19.61 0.0
6.38 20.1 0.0
6.38 20.59 0.0
6.38 21.08 0.0
6.38 21.57 0.0
6.38 22.06 0.0
6.38 22.55 0.0
6.38 23.04 0.0
6.38 23.53 0.0
6.38 24.02 0.0
6.38 24.51 0.0
6.38 25.0 0.0
6.87 0.5 0.0
6.87 0.99 0.0
6.87 1.48 0.0
6.87 1.97 0.0
6.87 2.46 0.0
6.87 2.95 0.0
6.87 3.44 0.0
6.87 3.9300000000000006 0.0
6.87 4.42 0.0
6.87 4.91 0.0
6.87 5.4 0.0
6.87 5.89 0.0
6.87 6.38 0.0
6.87 6.87 0.0
6.87 7.360000000000001 0.0
6.87 7.85 0.0
6.87 8.34 0.0
6.87 8.83 0.0
6.87 9.32 0.0
6.87 9.81 0.0
6.87 10.3 0.0
6.87 10.79 0.0
6.87 11.28 0.0
6.87 11.77 0.0
6.87 12.26 4.54297000588228e-115
6.87 12.75 1.2166724998704322e-113
6.87 13.24 6.526874664283064e-122
6.87 13.73 3.5313117912956307e-124
6.87 14.220000000000002 2.921689376313157e-119
6.87 14.709999999999999 3.888104303040406e-110
6.87 15.2 4.5364308324880307e-104
6.87 15.69 3.591738116065193e-94
6.87 16.18 2.3100063995347773e-96
6.87 16.67 -5.820154399996036e-122
6.87 17.16 -4.622545715990408e-124
6.87 17.65 4.465225023034079e-126
6.87 18.14 4.640016260935321e-126
6.87 18.63 -1.4139115520871463e-127
6.87 19.12 0.0
6.87 19.61 0.0
6.87 20.1 0.0
6.87 20.59 0.0
6.87 21.08 0.0
6.87 21.57 0.0
6.87 22.06 0.0
6.87 22.55 0.0
6.87 23.04 0.0
6.87 23.53 0.0
6.87 24.02 0.0
6.87 24.51 0.0
6.87 25.0 0.0
7.360000000000001 0.5 0.0
7.360000000000001 0.99 0.0
7.360000000000001 1.48 0.0
7.360000000000001 1.97 0.0
7.360000000000001 2.46 0.0
7.360000000000001 2.95 0.0
7.360000000000001 3.44 0.0
7.360000000000001 3.9300000000000006 0.0
7.360000000000001 4.42 0.0
7.360000000000001 4.91 0.0
7.360000000000001 5.4 0.0
7.360000000000001 5.89 0.0
7.360000000000001 6.38 0.0
7.360000000000001 6.87 0.0
7.360000000000001 7.360000000000001 0.0
7.360000000000001 7.85 0.0
7.360000000000001 8.34 0.0
7.360000000000001 8.83 0.0
7.360000000000001 9.32 0.0
7.360000000000001 9.81 0.0
7.360000000000001 10.3 0.0
7.360000000000001 10.79 0.0
7.360000000000001 11.28 0.0
7.360000000000001 11.77 0.0
7.360000000000001 12.26 6.65442541673151e-75
7.360000000000001 12.75 -7.367363965251814e-79
7.360000000000001 13.24 9.198024482384128e-81
7.360000000000001 13.73 9.568220770575418e-76
7.360000000000001 14.220000000000002 5.486568683822413e-70
7.360000000000001 14.709999999999999 1.321040487697414e-68
7.360000000000001 15.2 3.0609337217543932e-61
7.360000000000001 15.69 5.780394653985937e-58
7.360000000000001 16.18 6.519060233386325e-54
7.360000000000001 16.67 -1.1216216926366057e-81
7.360000000000001 17.16 9.613900968670456e-84
7.360000000000001 17.65 -4.06140863128816e-84
7.360000000000001 18.14 -3.9124236947801214e-86
7.360000000000001 18.63 4.483741530343952e-86
7.360000000000001 19.12 0.0
7.360000000000001 19.61 0.0
7.360000000000001 20.1 0.0
7.360000000000001 20.59 0.0
7.360000000000001 21.08 0.0
7.360000000000001 21.57 0.0
7.360000000000001 22.06 0.0
7.360000000000001 22.55 0.0
7.360000000000001 23.04 0.0
7.360000000000001 23.53 0.0
7.360000000000001 24.02 0.0
7.360000000000001 24.51 0.0
7.360000000000001 25.0 0.0
7.85 0.5 0.0
7.85 0.99 0.0
7.85 1.48 0.0
7.85 1.97 0.0
7.85 2.46 0.0
7.85 2.95 0.0
7.85 3.44 0.0
7.85 3.9300000000000006 0.0
7.85 4.42 0.0
7.85 4.91 0.0
7.85 5.4 0.0
7.85 5.89 0.0
7.85 6.38 0.0
7.85 6.87 0.0
7.85 7.360000000000001 0.0
7.85 7.85 0.0
7.85 8.34 0.0
7.85 8.83 0.0
7.85 9.32 0.0
7.85 9.81 0.0
7.85 10.3 0.0
7.85 10.79 0.0
7.85 11.28 0.0
7.85 11.77 0.0
7.85 12.26 2.4699294678075862e-46
7.85 12.75 4.66287212460944e-46
7.85 13.24 -5.015915168750726e-53
7.85 13.73 3.21713100150578e-44
7.85 14.220000000000002 3.664129449919479e-36
7.85 14.709999999999999 4.0557095117082285e-32
7.85 15.2 1.8192598043507478e-34
7.85 15.69 4.2580014854666755e-29
7.85 16.18 2.473056956367629e-27
7.85 16.67 9.281739730494603e-49
7.85 17.16 9.26209566187271e-54
7.85 17.65 3.575779020887453e-52
7.85 18.14 5.495559302899494e-52
7.85 18.63 7.287082748735093e-50
7.85 19.12 0.0
7.85 19.61 0.0
7.85 20.1 0.0
7.85 20.59 0.0
7.85 21.08 0.0
7.85 21.57 0.0
7.85 22.06 0.0
7.85 22.55 0.0
7.85 23.04 0.0
7.85 23.53 0.0
7.85 24.02 0.0
7.85 24.51 0.0
7.85 25.0 0.0
8.34 0.5 0.0
8.34 0.99 0.0
8.34 1.48 0.0
8.34 1.97 0.0
8.34 2.46 0.0
8.34 2.95 0.0
8.34 3.44 0.0
8.34 3.9300000000000006 0.0
8.34 4.42 0.0
8.34 4.91 0.0
8.34 5.4 0.0
8.34 5.89 0.0
8.34 6.38 0.0
8.34 6.87 0.0
8.34 7.360000000000001 0.0
8.34 7.85 0.0
8.34 8.34 0.0
8.34 8.83 0.0
8.34 9.32 0.0
8.34 9.81 0.0
8.34 10.3 0.0
8.34 10.79 0.0
8.34 11.28 0.0
8.34 11.77 0.0
8.34 12.26 4.655801958614398e-36
8.34 12.75 -1.0327859812901699e-35
8.34 13.24 -1.330739351566167e-32
8.34 13.73 9.527700439013666e-32
8.34 14.220000000000002 2.023589749066088e-22
8.34 14.709999999999999 1.0940077145612961e-16
8.34 15.2 1.8865251604129136e-13
8.34 15.69 3.3521501222517537e-16
8.34 16.18 6.698907648453285e-13
8.34 16.67 1.7073738407755727e-18
8.34 17.16 2.7588396109514146e-24
8.34 17.65 9.392769775459927e-24
8.34 18.14 3.445455956218575e-24
8.34 18.63 2.214343110561986e-25
8.34 19.12 0.0
8.34 19.61 0.0
8.34 20.1 0.0
8.34 20.59 0.0
8.34 21.08 0.0
8.34 21.57 0.0
8.34 22.06 0.0
8.34 22.55 0.0
8.34 23.04 0.0
8.34 23.53 0.0
8.34 24.02 0.0
8.34 24.51 0.0
8.34 25.0 0.0
8.83 0.5 0.0
8.83 0.99 0.0
8.83 1.48 0.0
8.83 1.97 0.0
8.83 2.46 0.0
8.83 2.95 0.0
8.83 3.44 0.0
8.83 3.9300000000000006 0.0
8.83 4.42 0.0
8.83 4.91 0.0
8.83 5.4 0.0
8.83 5.89 0.0
8.83 6.38 0.0
8.83 6.87 0.0
8.83 7.360000000000001 0.0
8.83 7.85 0.0
8.83 8.34 0.0
8.83 8.83 0.0
8.83 9.32 0.0
8.83 9.81 0.0
8.83 10.3 0.0
8.83 10.79 0.0
8.83 11.28 0.0
8.83 11.77 0.0
8.83 12.26 1.813701828594855e-29
8.83 12.75 3.5674340021457895e-27
8.83 13.24 2.4975800867033507e-17
8.83 13.73 8.309634148069209e-15
8.83 14.220000000000002 7.912560952842878e-12
8.83 14.709999999999999 7.481000535035355e-13
8.83 15.2 2.6181992237659533e-6
8.83 15.69 8.976363035535744e-6
8.83 16.18 5.8361976352099694e-6
8.83 16.67 5.813874606554873e-6
8.83 17.16 7.025356390256871e-8
8.83 17.65 1.6543809763069676e-8
8.83 18.14 5.231204574217058e-10
8.83 18.63 3.170329690690207e-11
8.83 19.12 0.0
8.83 19.61 0.0
8.83 20.1 0.0
8.83 20.59 0.0
8.83 21.08 0.0
8.83 21.57 0.0
8.83 22.06 0.0
8.83 22.55 0.0
8.83 23.04 0.0
8.83 23.53 0.0
8.83 24.02 0.0
8.83 24.51 0.0
8.83 25.0 0.0
9.32 0.5 0.0
9.32 0.99 0.0
9.32 1.48 0.0
9.32 1.97 0.0
9.32 2.46 0.0
9.32 2.95 0.0
9.32 3.44 0.0
9.32 3.9300000000000006 0.0
9.32 4.42 0.0
9.32 4.91 0.0
9.32 5.4 0.0
9.32 5.89 0.0
9.32 6.38 0.0
9.32 6.87 0.0
9.32 7.360000000000001 0.0
9.32 7.85 0.0
9.32 8.34 0.0
9.32 8.83 0.0
9.32 9.32 0.0
9.32 9.81 0.0
9.32 10.3 0.0
9.32 10.79 0.0
9.32 11.28 0.0
9.32 11.77 0.0
9.32 12.26 2.9147819417588765e-24
9.32 12.75 8.383613430496481e-20
9.32 13.24 2.3523401155633605e-12
9.32 13.73 6.532468896081094e-8
9.32 14.220000000000002 6.976381335583111e-5
9.32 14.709999999999999 0.0021576178209345566
9.32 15.2 0.007768339989986376
9.32 15.69 0.024434837198246632
9.32 16.18 0.02050929018717039
9.32 16.67 0.0056549928463615565
9.32 17.16 0.0005999632381179632
9.32 17.65 3.56848435546214e-5
9.32 18.14 3.7614739099666963e-7
9.32 18.63 7.481087040567307e-9
9.32 19.12 0.0
9.32 19.61 0.0
9.32 20.1 0.0
9.32 20.59 0.0
9.32 21.08 0.0
9.32 21.57 0.0
9.32 22.06 0.0
9.32 22.55 0.0
9.32 23.04 0.0
9.32 23.53 0.0
9.32 24.02 0.0
9.32 24.51 0.0
9.32 25.0 0.0
9.81 0.5 0.0
9.81 0.99 0.0
9.81 1.48 0.0
9.81 1.97 0.0
9.81 2.46 0.0
9.81 2.95 0.0
9.81 3.44 0.0
9.81 3.9300000000000006 0.0
9.81 4.42 0.0
9.81 4.91 0.0
9.81 5.4 0.0
9.81 5.89 0.0
9.81 6.38 0.0
9.81 6.87 0.0
9.81 7.360000000000001 0.0
9.81 7.85 0.0
9.81 8.34 0.0
9.81 8.83 0.0
9.81 9.32 0.0
9.81 9.81 0.0
9.81 10.3 0.0
9.81 10.79 0.0
9.81 11.28 0.0
9.81 11.77 0.0
9.81 12.26 -1.834924072582293e-24
9.81 12.75 4.23200224462898e-13
9.81 13.24 7.797367759110724e-9
9.81 13.73 9.413991167563988e-6
9.81 14.220000000000002 0.002770700884841094
9.81 14.709999999999999 0.04645447211840971
9.81 15.2 0.4210732011705742
9.81 15.69 0.5330812640087531
9.81 16.18 0.1878252472721318
9.81 16.67 0.027639780619975487
9.81 17.16 0.0008550050488058618
9.81 17.65 6.673501505060005e-7
9.81 18.14 9.352994554294277e-9
9.81 18.63 9.295304120665154e-13
9.81 19.12 0.0
9.81 19.61 0.0
9.81 20.1 0.0
9.81 20.59 0.0
9.81 21.08 0.0
9.81 21.57 0.0
9.81 22.06 0.0
9.81 22.55 0.0
9.81 23.04 0.0
9.81 23.53 0.0
9.81 24.02 0.0
9.81 24.51 0.0
9.81 25.0 0.0
10.3 0.5 0.0
10.3 0.99 0.0
10.3 1.48 0.0
10.3 1.97 0.0
10.3 2.46 0.0
10.3 2.95 0.0
10.3 3.44 0.0
10.3 3.9300000000000006 0.0
10.3 4.42 0.0
10.3 4.91 0.0
10.3 5.4 0.0
10.3 5.89 0.0
10.3 6.38 0.0
10.3 6.87 0.0
10.3 7.360000000000001 0.0
10.3 7.85 0.0
10.3 8.34 0.0
10.3 8.83 0.0
10.3 9.32 0.0
10.3 9.81 0.0
10.3 10.3 0.0
10.3 10.79 0.0
10.3 11.28 0.0
10.3 11.77 0.0
10.3 12.26 1.3237355753861105e-18
10.3 12.75 4.5216015134765595e-12
10.3 13.24 4.459469060723611e-8
10.3 13.73 4.1633004688600344e-5
10.3 14.220000000000002 0.0023818113214388705
10.3 14.709999999999999 0.030945775643070477
10.3 15.2 0.08626580358310018
10.3 15.69 0.03778459987497417
10.3 16.18 0.004365427887152948
10.3 16.67 0.00021067391516143324
10.3 17.16 3.805083254220558e-6
10.3 17.65 8.692142213554858e-10
10.3 18.14 4.3303064417380323e-13
10.3 18.63 1.4209831177311948e-14
10.3 19.12 0.0
10.3 19.61 0.0
10.3 20.1 0.0
10.3 20.59 0.0
10.3 21.08 0.0
10.3 21.57 0.0
10.3 22.06 0.0
10.3 22.55 0.0
10.3 23.04 0.0
10.3 23.53 0.0
10.3 24.02 0.0
10.3 24.51 0.0
10.3 25.0 0.0
10.79 0.5 0.0
10.79 0.99 0.0
10.79 1.48 0.0
10.79 1.97 0.0
10.79 2.46 0.0
10.79 2.95 0.0
10.79 3.44 0.0
10.79 3.9300000000000006 0.0
10.79 4.42 0.0
10.79 4.91 0.0
10.79 5.4 0.0
10.79 5.89 0.0
10.79 6.38 0.0
10.79 6.87 0.0
10.79 7.360000000000001 0.0
10.79 7.85 0.0
10.79 8.34 0.0
10.79 8.83 0.0
10.79 9.32 0.0
10.79 9.81 0.0
10.79 10.3 0.0
10.79 10.79 0.0
10.79 11.28 0.0
10.79 11.77 0.0
10.79 12.26 3.76659237426443e-21
10.79 12.75 1.7548423734879553e-13
10.79 13.24 5.480254170346776e-10
10.79 13.73 4.254188783431191e-7
10.79 14.220000000000002 1.5543471287412857e-5
10.79 14.709999999999999 3.015809066392494e-5
10.79 15.2 3.001116626450356e-5
10.79 15.69 1.7382243513464087e-5
10.79 16.18 3.616002326034393e-6
10.79 16.67 1.0168611177588941e-7
10.79 17.16 3.266374800931893e-10
10.79 17.65 7.1931126378683e-15
10.79 18.14 2.2017361252363147e-22
10.79 18.63 1.9192331081892453e-28
10.79 19.12 0.0
10.79 19.61 0.0
10.79 20.1 0.0
10.79 20.59 0.0
10.79 21.08 0.0
10.79 21.57 0.0
10.79 22.06 0.0
10.79 22.55 0.0
10.79 23.04 0.0
10.79 23.53 0.0
10.79 24.02 0.0
10.79 24.51 0.0
10.79 25.0 0.0
11.28 0.5 0.0
11.28 0.99 0.0
11.28 1.48 0.0
11.28 1.97 0.0
11.28 2.46 0.0
11.28 2.95 0.0
11.28 3.44 0.0
11.28 3.9300000000000006 0.0
11.28 4.42 0.0
11.28 4.91 0.0
11.28 5.4 0.0
11.28 5.89 0.0
11.28 6.38 0.0
11.28 6.87 0.0
11.28 7.360000000000001 0.0
11.28 7.85 0.0
11.28 8.34 0.0
11.28 8.83 0.0
11.28 9.32 0.0
11.28 9.81 0.0
11.28 10.3 0.0
11.28 10.79 0.0
11.28 11.28 0.0
11.28 11.77 0.0
11.28 12.26 1.22043021620256e-31
11.28 12.75 1.1023145787123971e-17
11.28 13.24 1.2237982243547444e-13
11.28 13.73 3.8349148567854437e-13
11.28 14.220000000000002 1.4213888591919857e-10
11.28 14.709999999999999 1.289539853831604e-9
11.28 15.2 3.1520807453791954e-10
11.28 15.69 -1.8413858095359213e-16
11.28 16.18 1.2676223025295918e-16
11.28 16.67 6.282482794927589e-17
11.28 17.16 1.4370358400102548e-20
11.28 17.65 8.588889437132171e-24
11.28 18.14 3.190244090279363e-30
11.28 18.63 3.152840052352476e-38
11.28 19.12 0.0
11.28 19.61 0.0
11.28 20.1 0.0
11.28 20.59 0.0
11.28 21.08 0.0
11.28 21.57 0.0
11.28 22.06 0.0
11.28 22.55 0.0
11.28 23.04 0.0
11.28 23.53 0.0
11.28 24.02 0.0
11.28 24.51 0.0
11.28 25.0 0.0
11.77 0.5 0.0
11.77 0.99 0.0
11.77 1.48 0.0
11.77 1.97 0.0
11.77 2.46 0.0
11.77 2.95 0.0
11.77 3.44 0.0
11.77 3.9300000000000006 0.0
11.77 4.42 0.0
11.77 4.91 0.0
11.77 5.4 0.0
11.77 5.89 0.0
11.77 6.38 0.0
11.77 6.87 0.0
11.77 7.360000000000001 0.0
11.77 7.85 0.0
11.77 8.34 0.0
11.77 8.83 0.0
11.77 9.32 0.0
11.77 9.81 0.0
11.77 10.3 0.0
11.77 10.79 0.0
11.77 11.28 0.0
11.77 11.77 0.0
11.77 12.26 3.178747856096343e-33
11.77 12.75 2.1510341429912933e-25
11.77 13.24 1.3493780748950044e-21
11.77 13.73 8.215640570263587e-22
11.77 14.220000000000002 6.829019729292511e-20
11.77 14.709999999999999 9.860037418512224e-19
11.77 15.2 1.4869444883666963e-17
11.77 15.69 2.1406980069780638e-23
11.77 16.18 2.1327200039613493e-23
11.77 16.67 2.2849946880832825e-28
11.77 17.16 4.991394290024209e-37
11.77 17.65 1.9923055149722172e-37
11.77 18.14 4.717749699828547e-47
11.77 18.63 2.6847398428047076e-52
11.77 19.12 0.0
11.77 19.61 0.0
11.77 20.1 0.0
11.77 20.59 0.0
11.77 21.08 0.0
11.77 21.57 0.0
11.77 22.06 0.0
11.77 22.55 0.0
11.77 23.04 0.0
11.77 23.53 0.0
11.77 24.02 0.0
11.77 24.51 0.0
11.77 25.0 0.0
12.26 0.5 0.0
12.26 0.99 0.0
12.26 1.48 0.0
12.26 1.97 0.0
12.26 2.46 0.0
12.26 2.95 0.0
12.26 3.44 0.0
12.26 3.9300000000000006 0.0
12.26 4.42 0.0
12.26 4.91 0.0
12.26 5.4 0.0
12.26 5.89 0.0
12.26 6.38 0.0
12.26 6.87 0.0
12.26 7.360000000000001 0.0
12.26 7.85 0.0
12.26 8.34 0.0
12.26 8.83 0.0
12.26 9.32 0.0
12.26 9.81 0.0
12.26 10.3 0.0
12.26 10.79 0.0
12.26 11.28 0.0
12.26 11.77 0.0
12.26 12.26 3.2746110202427707e-40
12.26 12.75 1.379267283105346e-32
12.26 13.24 1.5004347172500284e-29
12.26 13.73 5.866157291971644e-30
12.26 14.220000000000002 5.1045216487521415e-28
12.26 14.709999999999999 2.1139965741931556e-29
12.26 15.2 1.7584687280411106e-28
12.26 15.69 9.826486798543589e-36
12.26 16.18 1.0746031350975465e-34
12.26 16.67 -3.5655373768106137e-45
12.26 17.16 -3.634057583344983e-45
12.26 17.65 5.1485826054219197e-39
12.26 18.14 5.1826236275486285e-30
12.26 18.63 5.182131260912752e-24
12.26 19.12 2.813637446443166e-19
12.26 19.61 2.456474296253304e-17
12.26 20.1 2.3580349887543562e-17
12.26 20.59 1.1870137806610098e-18
12.26 21.08 1.8628092943723006e-21
12.26 21.57 2.6882848035992497e-24
12.26 22.06 7.969844739372431e-26
12.26 22.55 3.9923457271028323e-29
12.26 23.04 1.0004783527916912e-32
12.26 23.53 0.0
12.26 24.02 0.0
12.26 24.51 0.0
12.26 25.0 0.0
12.75 0.5 0.0
12.75 0.99 0.0
12.75 1.48 0.0
12.75 1.97 0.0
12.75 2.46 0.0
12.75 2.95 0.0
12.75 3.44 0.0
12.75 3.9300000000000006 0.0
12.75 4.42 0.0
12.75 4.91 0.0
12.75 5.4 0.0
12.75 5.89 0.0
12.75 6.38 0.0
12.75 6.87 0.0
12.75 7.360000000000001 0.0
12.75 7.85 0.0
12.75 8.34 0.0
12.75 8.83 0.0
12.75 9.32 0.0
12.75 9.81 0.0
12.75 10.3 0.0
12.75 10.79 0.0
12.75 11.28 0.0
12.75 11.77 0.0
12.75 12.26 5.4266108244884185e-49
12.75 12.75 3.1318705185519183e-43
12.75 13.24 1.0865394539571106e-41
12.75 13.73 1.2973666387191194e-41
12.75 14.220000000000002 8.21294666342672e-42
12.75 14.709999999999999 5.442301912493078e-42
12.75 15.2 3.7120312995706056e-42
12.75 15.69 5.875713941732468e-51
12.75 16.18 2.1007964866822287e-49
12.75 16.67 -1.454173284019997e-44
12.75 17.16 1.8418322831738146e-36
12.75 17.65 -3.7121732897477954e-29
12.75 18.14 2.818224618455172e-23
12.75 18.63 4.756828739951157e-16
12.75 19.12 1.9112149559286864e-13
12.75 19.61 1.0945819119502195e-11
12.75 20.1 1.5395037501092975e-11
12.75 20.59 4.628182471272886e-13
12.75 21.08 1.14554470901431e-15
12.75 21.57 1.8885267739289616e-18
12.75 22.06 4.838783448751509e-21
12.75 22.55 2.531379806224617e-24
12.75 23.04 1.2620710393140689e-28
12.75 23.53 0.0
12.75 24.02 0.0
12.75 24.51 0.0
12.75 25.0 0.0
13.24 0.5 0.0
13.24 0.99 0.0
13.24 1.48 0.0
13.24 1.97 0.0
13.24 2.46 0.0
13.24 2.95 0.0
13.24 3.44 0.0
13.24 3.9300000000000006 0.0
13.24 4.42 0.0
13.24 4.91 0.0
13.24 5.4 0.0
13.24 5.89 0.0
13.24 6.38 0.0
13.24 6.87 0.0
13.24 7.360000000000001 0.0
13.24 7.85 0.0
13.24 8.34 0.0
13.24 8.83 0.0
13.24 9.32 0.0
13.24 9.81 0.0
13.24 10.3 0.0
13.24 10.79 0.0
13.24 11.28 0.0
13.24 11.77 0.0
13.24 12.26 0.0
13.24 12.75 0.0
13.24 13.24 0.0
13.24 13.73 0.0
13.24 14.220000000000002 0.0
13.24 14.709999999999999 0.0
13.24 15.2 0.0
13.24 15.69 0.0
13.24 16.18 0.0
13.24 16.67 -1.504953565585101e-38
13.24 17.16 6.888659933021818e-31
13.24 17.65 8.449189384862846e-23
13.24 18.14 9.561928103289681e-18
13.24 18.63 1.1490817514190335e-13
13.24 19.12 2.6770870011787532e-9
13.24 19.61 4.277790073964063e-8
13.24 20.1 1.010724830125825e-7
13.24 20.59 9.92946954650925e-9
13.24 21.08 1.578056409811457e-11
13.24 21.57 7.079054409298872e-15
13.24 22.06 8.736460932693825e-18
13.24 22.55 1.173068693179002e-21
13.24 23.04 7.965956638929403e-25
13.24 23.53 0.0
13.24 24.02 0.0
13.24 24.51 0.0
13.24 25.0 0.0
13.73 0.5 0.0
13.73 0.99 0.0
13.73 1.48 0.0
13.73 1.97 0.0
13.73 2.46 0.0
13.73 2.95 0.0
13.73 3.44 0.0
13.73 3.9300000000000006 0.0
13.73 4.42 0.0
13.73 4.91 0.0
13.73 5.4 0.0
13.73 5.89 0.0
13.73 6.38 0.0
13.73 6.87 0.0
13.73 7.360000000000001 0.0
13.73 7.85 0.0
13.73 8.34 0.0
13.73 8.83 0.0
13.73 9.32 0.0
13.73 9.81 0.0
13.73 10.3 0.0
13.73 10.79 0.0
13.73 11.28 0.0
13.73 11.77 0.0
13.73 12.26 0.0
13.73 12.75 0.0
13.73 13.24 0.0
13.73 13.73 0.0
13.73 14.220000000000002 0.0
13.73 14.709999999999999 0.0
13.73 15.2 0.0
13.73 15.69 0.0
13.73 16.18 0.0
13.73 16.67 4.666278249755929e-35
13.73 17.16 2.374016780489132e-28
13.73 17.65 3.13398098716504e-19
13.73 18.14 1.1547331708511495e-12
13.73 18.63 4.200829411329222e-8
13.73 19.12 4.448689096311516e-6
13.73 19.61 3.1964757912926085e-5
13.73 20.1 1.4294957959838327e-5
13.73 20.59 2.137574858482232e-6
13.73 21.08 2.1988178260367292e-8
13.73 21.57 9.526148041483325e-12
13.73 22.06 3.809881953144136e-15
13.73 22.55 6.959234560544646e-19
13.73 23.04 1.6762890848409424e-23
13.73 23.53 0.0
13.73 24.02 0.0
13.73 24.51 0.0
13.73 25.0 0.0
14.220000000000002 0.5 0.0
14.220000000000002 0.99 0.0
14.220000000000002 1.48 0.0
14.220000000000002 1.97 0.0
14.220000000000002 2.46 0.0
14.220000000000002 2.95 0.0
14.220000000000002 3.44 0.0
14.220000000000002 3.9300000000000006 0.0
14.220000000000002 4.42 0.0
14.220000000000002 4.91 0.0
14.220000000000002 5.4 0.0
14.220000000000002 5.89 0.0
14.220000000000002 6.38 0.0
14.220000000000002 6.87 0.0
14.220000000000002 7.360000000000001 0.0
14.220000000000002 7.85 0.0
14.220000000000002 8.34 0.0
14.220000000000002 8.83 0.0
14.220000000000002 9.32 0.0
14.220000000000002 9.81 0.0
14.220000000000002 10.3 0.0
14.220000000000002 10.79 0.0
14.220000000000002 11.28 0.0
14.220000000000002 11.77 0.0
14.220000000000002 12.26 0.0
14.220000000000002 12.75 0.0
14.220000000000002 13.24 0.0
14.220000000000002 13.73 0.0
14.220000000000002 14.220000000000002 0.0
14.220000000000002 14.709999999999999 0.0
14.220000000000002 15.2 0.0
14.220000000000002 15.69 0.0
14.220000000000002 16.18 0.0
14.220000000000002 16.67 -1.0402623790083349e-30
14.220000000000002 17.16 7.253463008573731e-24
14.220000000000002 17.65 6.1385998347763685e-19
14.220000000000002 18.14 1.0471646670824425e-11
14.220000000000002 18.63 7.949954382170513e-6
14.220000000000002 19.12 0.0006190058094178467
14.220000000000002 19.61 0.004308911869417513
14.220000000000002 20.1 0.0020391086923346887
14.220000000000002 20.59 9.51653295287906e-5
14.220000000000002 21.08 2.860310880788471e-7
14.220000000000002 21.57 1.0568001358403824e-10
14.220000000000002 22.06 1.9564639235285102e-13
14.220000000000002 22.55 1.059916178343109e-17
14.220000000000002 23.04 1.0571246979639319e-22
14.220000000000002 23.53 0.0
14.220000000000002 24.02 0.0
14.220000000000002 24.51 0.0
14.220000000000002 25.0 0.0
14.709999999999999 0.5 0.0
14.709999999999999 0.99 0.0
14.709999999999999 1.48 0.0
14.709999999999999 1.97 0.0
14.709999999999999 2.46 0.0
14.709999999999999 2.95 0.0
14.709999999999999 3.44 0.0
14.709999999999999 3.9300000000000006 0.0
14.709999999999999 4.42 0.0
14.709999999999999 4.91 0.0
14.709999999999999 5.4 0.0
14.709999999999999 5.89 0.0
14.709999999999999 6.38 0.0
14.709999999999999 6.87 0.0
14.709999999999999 7.360000000000001 0.0
14.709999999999999 7.85 0.0
14.709999999999999 8.34 0.0
14.709999999999999 8.83 0.0
14.709999999999999 9.32 0.0
14.709999999999999 9.81 0.0
14.709999999999999 10.3 0.0
14.709999999999999 10.79 0.0
14.709999999999999 11.28 0.0
14.709999999999999 11.77 0.0
14.709999999999999 12.26 0.0
14.709999999999999 12.75 0.0
14.709999999999999 13.24 0.0
14.709999999999999 13.73 0.0
14.709999999999999 14.220000000000002 0.0
14.709999999999999 14.709999999999999 0.0
14.709999999999999 15.2 0.0
14.709999999999999 15.69 0.0
14.709999999999999 16.18 0.0
14.709999999999999 16.67 -3.368065587251015e-29
14.709999999999999 17.16 8.325169621764981e-22
14.709999999999999 17.65 3.432562872980402e-15
14.709999999999999 18.14 3.820771793919656e-9
14.709999999999999 18.63 4.032748453681525e-5
14.709999999999999 19.12 0.01922814461712662
14.709999999999999 19.61 0.03919680568438246
14.709999999999999 20.1 0.046806866859035776
14.709999999999999 20.59 0.0024800103258361696
14.709999999999999 21.08 1.8853818133770943e-5
14.709999999999999 21.57 1.6950608561963064e-8
14.709999999999999 22.06 1.6434746513149364e-12
14.709999999999999 22.55 1.2700682691758438e-16
14.709999999999999 23.04 6.754621660680655e-22
14.709999999999999 23.53 0.0
14.709999999999999 24.02 0.0
14.709999999999999 24.51 0.0
14.709999999999999 25.0 0.0
15.2 0.5 0.0
15.2 0.99 0.0
15.2 1.48 0.0
15.2 1.97 0.0
15.2 2.46 0.0
15.2 2.95 0.0
15.2 3.44 0.0
15.2 3.9300000000000006 0.0
15.2 4.42 0.0
15.2 4.91 0.0
15.2 5.4 0.0
15.2 5.89 0.0
15.2 6.38 0.0
15.2 6.87 0.0
15.2 7.360000000000001 0.0
15.2 7.85 0.0
15.2 8.34 0.0
15.2 8.83 0.0
15.2 9.32 0.0
15.2 9.81 0.0
15.2 10.3 0.0
15.2 10.79 0.0
15.2 11.28 0.0
15.2 11.77 0.0
15.2 12.26 0.0
15.2 12.75 0.0
15.2 13.24 0.0
15.2 13.73 0.0
15.2 14.220000000000002 0.0
15.2 14.709999999999999 0.0
15.2 15.2 0.0
15.2 15.69 0.0
15.2 16.18 0.0
15.2 16.67 2.403739649489285e-27
15.2 17.16 1.2086383804878318e-21
15.2 17.65 2.1372999624444708e-13
15.2 18.14 3.5080082548621416e-9
15.2 18.63 6.834337504888745e-5
15.2 19.12 0.03233226393080468
15.2 19.61 0.342542700451127
15.2 20.1 0.07909477017021975
15.2 20.59 0.007127763095516349
15.2 21.08 6.18189142099247e-5
15.2 21.57 4.6269452937895655e-8
15.2 22.06 1.073229046849779e-11
15.2 22.55 8.390492762501147e-17
15.2 23.04 5.1954924579449845e-21
15.2 23.53 0.0
15.2 24.02 0.0
15.2 24.51 0.0
15.2 25.0 0.0
15.69 0.5 0.0
15.69 0.99 0.0
15.69 1.48 0.0
15.69 1.97 0.0
15.69 2.46 0.0
15.69 2.95 0.0
15.69 3.44 0.0
15.69 3.9300000000000006 0.0
15.69 4.42 0.0
15.69 4.91 0.0
15.69 5.4 0.0
15.69 5.89 0.0
15.69 6.38 0.0
15.69 6.87 0.0
15.69 7.360000000000001 0.0
15.69 7.85 0.0
15.69 8.34 0.0
15.69 8.83 0.0
15.69 9.32 0.0
15.69 9.81 0.0
15.69 10.3 0.0
15.69 10.79 0.0
15.69 11.28 0.0
15.69 11.77 0.0
15.69 12.26 0.0
15.69 12.75 0.0
15.69 13.24 0.0
15.69 13.73 0.0
15.69 14.220000000000002 0.0
15.69 14.709999999999999 0.0
15.69 15.2 0.0
15.69 15.69 0.0
15.69 16.18 0.0
15.69 16.67 5.545769941103009e-27
15.69 17.16 6.239809247459901e-22
15.69 17.65 1.9181549280209896e-14
15.69 18.14 1.1597877591941317e-8
15.69 18.63 4.147872876403656e-5
15.69 19.12 0.00961129538330494
15.69 19.61 0.2653026600205691
15.69 20.1 0.13313427604510508
15.69 20.59 0.006110422762390218
15.69 21.08 4.143394553893567e-5
15.69 21.57 4.6506182179216e-8
15.69 22.06 9.335651155113402e-12
15.69 22.55 3.443805249986246e-18
15.69 23.04 1.3921665820756517e-23
15.69 23.53 0.0
15.69 24.02 0.0
15.69 24.51 0.0
15.69 25.0 0.0
16.18 0.5 0.0
16.18 0.99 0.0
16.18 1.48 0.0
16.18 1.97 0.0
16.18 2.46 0.0
16.18 2.95 0.0
16.18 3.44 0.0
16.18 3.9300000000000006 0.0
16.18 4.42 0.0
16.18 4.91 0.0
16.18 5.4 0.0
16.18 5.89 0.0
16.18 6.38 0.0
16.18 6.87 0.0
16.18 7.360000000000001 0.0
16.18 7.85 0.0
16.18 8.34 0.0
16.18 8.83 0.0
16.18 9.32 0.0
16.18 9.81 0.0
16.18 10.3 0.0
16.18 10.79 0.0
16.18 11.28 0.0
16.18 11.77 0.0
16.18 12.26 0.0
16.18 12.75 0.0
16.18 13.24 0.0
16.18 13.73 0.0
16.18 14.220000000000002 0.0
16.18 14.709999999999999 0.0
16.18 15.2 0.0
16.18 15.69 0.0
16.18 16.18 0.0
16.18 16.67 6.571373286844843e-25
16.18 17.16 1.377358076080751e-21
16.18 17.65 7.092901150447925e-15
16.18 18.14 8.942916099196325e-9
16.18 18.63 4.002613822863715e-5
16.18 19.12 0.0041630180880354506
16.18 19.61 0.06527012138200343
16.18 20.1 0.0293005648227349
16.18 20.59 0.0017630528864857008
16.18 21.08 1.0454903667107652e-5
16.18 21.57 2.21415154803796e-9
16.18 22.06 2.2993268699914936e-14
16.18 22.55 5.226413570788816e-24
16.18 23.04 1.3926206826075432e-34
16.18 23.53 0.0
16.18 24.02 0.0
16.18 24.51 0.0
16.18 25.0 0.0
16.67 0.5 0.0
16.67 0.99 0.0
16.67 1.48 0.0
16.67 1.97 0.0
16.67 2.46 0.0
16.67 2.95 0.0
16.67 3.44 0.0
16.67 3.9300000000000006 0.0
16.67 4.42 0.0
16.67 4.91 0.0
16.67 5.4 0.0
16.67 5.89 0.0
16.67 6.38 0.0
16.67 6.87 1.1705317794347461e-48
16.67 7.360000000000001 6.179941309535022e-54
16.67 7.85 1.1479228119425293e-51
16.67 8.34 9.327063927503963e-44
16.67 8.83 9.784531920164878e-32
16.67 9.32 7.557859630022945e-32
16.67 9.81 1.9517820749535526e-29
16.67 10.3 1.6633775455281379e-31
16.67 10.79 1.8905362859814458e-35
16.67 11.28 3.4996732785848463e-40
16.67 11.77 4.670569670212219e-49
16.67 12.26 4.2651035848894295e-57
16.67 12.75 1.256644445771468e-66
16.67 13.24 2.116518257540588e-78
16.67 13.73 0.0
16.67 14.220000000000002 0.0
16.67 14.709999999999999 0.0
16.67 15.2 0.0
16.67 15.69 0.0
16.67 16.18 0.0
16.67 16.67 2.9062010771120484e-22
16.67 17.16 3.015897993415679e-22
16.67 17.65 4.069318206762298e-15
16.67 18.14 4.2341245717900385e-10
16.67 18.63 3.575665651411077e-6
16.67 19.12 0.0008360775423955159
16.67 19.61 0.004394469145351814
16.67 20.1 0.0033381675778773857
16.67 20.59 0.00025681987151494494
16.67 21.08 3.1694506987862134e-7
16.67 21.57 1.6660154861634464e-12
16.67 22.06 8.994364726895109e-22
16.67 22.55 1.3772226106985434e-27
16.67 23.04 1.8592916578284794e-34
16.67 23.53 0.0
16.67 24.02 0.0
16.67 24.51 0.0
16.67 25.0 0.0
17.16 0.5 0.0
17.16 0.99 0.0
17.16 1.48 0.0
17.16 1.97 0.0
17.16 2.46 0.0
17.16 2.95 0.0
17.16 3.44 0.0
17.16 3.9300000000000006 0.0
17.16 4.42 0.0
17.16 4.91 0.0
17.16 5.4 0.0
17.16 5.89 0.0
17.16 6.38 0.0
17.16 6.87 7.68202128833759e-39
17.16 7.360000000000001 -1.2266254548021846e-38
17.16 7.85 1.1588009341796751e-39
17.16 8.34 4.4023243468514555e-33
17.16 8.83 2.2422060382497597e-23
17.16 9.32 6.123477360819752e-22
17.16 9.81 3.435114370262595e-21
17.16 10.3 5.042940746726405e-22
17.16 10.79 6.490965220105328e-26
17.16 11.28 1.7801133447794766e-32
17.16 11.77 4.0453346471990834e-39
17.16 12.26 5.740112721699361e-48
17.16 12.75 1.3651811579713027e-57
17.16 13.24 5.761099302533996e-70
17.16 13.73 0.0
17.16 14.220000000000002 0.0
17.16 14.709999999999999 0.0
17.16 15.2 0.0
17.16 15.69 0.0
17.16 16.18 0.0
17.16 16.67 1.2176167952252302e-22
17.16 17.16 8.707980808703713e-23
17.16 17.65 3.810312993798563e-16
17.16 18.14 6.967766755675333e-11
17.16 18.63 1.3064748208598244e-7
17.16 19.12 2.312568106897154e-5
17.16 19.61 0.00015700354266269504
17.16 20.1 0.0001119589743082919
17.16 20.59 6.403717458528112e-6
17.16 21.08 5.9285306673800065e-12
17.16 21.57 2.3935822919522754e-17
17.16 22.06 2.699934265776401e-21
17.16 22.55 8.943883391180808e-27
17.16 23.04 1.239571503549536e-34
17.16 23.53 0.0
17.16 24.02 0.0
17.16 24.51 0.0
17.16 25.0 0.0
17.65 0.5 0.0
17.65 0.99 0.0
17.65 1.48 0.0
17.65 1.97 0.0
17.65 2.46 0.0
17.65 2.95 0.0
17.65 3.44 0.0
17.65 3.9300000000000006 0.0
17.65 4.42 0.0
17.65 4.91 0.0
17.65 5.4 0.0
17.65 5.89 0.0
17.65 6.38 0.0
17.65 6.87 1.4743097413048956e-31
17.65 7.360000000000001 5.714448561269205e-31
17.65 7.85 -1.202306993479688e-30
17.65 8.34 5.561206935116103e-26
17.65 8.83 1.164856000149639e-15
17.65 9.32 1.083265554340127e-14
17.65 9.81 5.431213779211231e-13
17.65 10.3 1.958663188765501e-15
17.65 10.79 2.1979995342464887e-19
17.65 11.28 2.9461647216801802e-24
17.65 11.77 2.047895232736902e-31
17.65 12.26 6.969043767701852e-41
17.65 12.75 3.167924432954352e-51
17.65 13.24 1.7455844409535866e-64
17.65 13.73 0.0
17.65 14.220000000000002 0.0
17.65 14.709999999999999 0.0
17.65 15.2 0.0
17.65 15.69 0.0
17.65 16.18 0.0
17.65 16.67 -1.2750092542794448e-23
17.65 17.16 7.393574787204569e-25
17.65 17.65 4.419318285582605e-18
17.65 18.14 1.5432755140099241e-13
17.65 18.63 6.001663317270857e-9
17.65 19.12 5.607157969556717e-7
17.65 19.61 1.8145856048079705e-7
17.65 20.1 1.2944415547195179e-6
17.65 20.59 4.959658346580961e-10
17.65 21.08 3.491746663414702e-12
17.65 21.57 1.8799220581632845e-16
17.65 22.06 5.636779670847575e-22
17.65 22.55 4.4164534875866435e-27
17.65 23.04 6.487173998699619e-36
17.65 23.53 0.0
17.65 24.02 0.0
17.65 24.51 0.0
17.65 25.0 0.0
18.14 0.5 0.0
18.14 0.99 0.0
18.14 1.48 0.0
18.14 1.97 0.0
18.14 2.46 0.0
18.14 2.95 0.0
18.14 3.44 0.0
18.14 3.9300000000000006 0.0
18.14 4.42 0.0
18.14 4.91 0.0
18.14 5.4 0.0
18.14 5.89 0.0
18.14 6.38 0.0
18.14 6.87 1.5122134175008583e-26
18.14 7.360000000000001 -4.0933172529478424e-30
18.14 7.85 -7.320134882780776e-30
18.14 8.34 3.051236705142458e-20
18.14 8.83 4.246016291384322e-11
18.14 9.32 5.060285096211874e-9
18.14 9.81 9.635135742311643e-8
18.14 10.3 7.905987788035354e-10
18.14 10.79 6.408996134996002e-13
18.14 11.28 2.4493064032040922e-18
18.14 11.77 2.803555977802163e-26
18.14 12.26 2.459275503534662e-35
18.14 12.75 7.324767939514675e-47
18.14 13.24 1.6216380742664566e-60
18.14 13.73 0.0
18.14 14.220000000000002 0.0
18.14 14.709999999999999 0.0
18.14 15.2 0.0
18.14 15.69 0.0
18.14 16.18 0.0
18.14 16.67 1.874729623254266e-35
18.14 17.16 1.5783659991801754e-26
18.14 17.65 5.1205997591617125e-21
18.14 18.14 2.049592803564715e-15
18.14 18.63 1.8703588468557338e-11
18.14 19.12 3.217190390697873e-9
18.14 19.61 5.466238917985617e-8
18.14 20.1 3.1771355722895007e-9
18.14 20.59 4.1558216164261653e-10
18.14 21.08 3.2577832871053374e-14
18.14 21.57 3.259793683141933e-17
18.14 22.06 6.880101060741235e-24
18.14 22.55 8.269881969110917e-37
18.14 23.04 3.5979962292210206e-53
18.14 23.53 0.0
18.14 24.02 0.0
18.14 24.51 0.0
18.14 25.0 0.0
18.63 0.5 0.0
18.63 0.99 0.0
18.63 1.48 0.0
18.63 1.97 0.0
18.63 2.46 0.0
18.63 2.95 0.0
18.63 3.44 0.0
18.63 3.9300000000000006 0.0
18.63 4.42 0.0
18.63 4.91 0.0
18.63 5.4 0.0
18.63 5.89 0.0
18.63 6.38 0.0
18.63 6.87 8.296335556351767e-24
18.63 7.360000000000001 6.416674367936653e-22
18.63 7.85 -1.0106205591565974e-25
18.63 8.34 1.0466879017828765e-16
18.63 8.83 7.114439823469259e-8
18.63 9.32 5.079962190363972e-5
18.63 9.81 0.0003275369751953524
18.63 10.3 1.5313920592167043e-5
18.63 10.79 7.450839248024662e-9
18.63 11.28 1.2610528305176594e-14
18.63 11.77 5.975269510795592e-23
18.63 12.26 1.399679601533306e-32
18.63 12.75 1.647725748858712e-41
18.63 13.24 3.654702006600039e-53
18.63 13.73 0.0
18.63 14.220000000000002 0.0
18.63 14.709999999999999 0.0
18.63 15.2 0.0
18.63 15.69 0.0
18.63 16.18 0.0
18.63 16.67 2.106314482901113e-38
18.63 17.16 7.21955655896947e-30
18.63 17.65 2.9556092133588656e-23
18.63 18.14 3.210287445697506e-19
18.63 18.63 2.0992356306572116e-14
18.63 19.12 -2.3556418956652855e-11
18.63 19.61 1.8514029889929508e-11
18.63 20.1 5.078774584337902e-12
18.63 20.59 8.142796658657775e-13
18.63 21.08 4.159529212739371e-18
18.63 21.57 3.304396000224079e-27
18.63 22.06 1.442268642893691e-39
18.63 22.55 -4.1197712495297384e-54
18.63 23.04 4.642206529394204e-59
18.63 23.53 0.0
18.63 24.02 0.0
18.63 24.51 0.0
18.63 25.0 0.0
19.12 0.5 0.0
19.12 0.99 0.0
19.12 1.48 0.0
19.12 1.97 0.0
19.12 2.46 0.0
19.12 2.95 0.0
19.12 3.44 0.0
19.12 3.9300000000000006 0.0
19.12 4.42 0.0
19.12 4.91 0.0
19.12 5.4 0.0
19.12 5.89 0.0
19.12 6.38 0.0
19.12 6.87 -3.6265458520226855e-22
19.12 7.360000000000001 -7.229398934492347e-20
19.12 7.85 -2.266312254151338e-20
19.12 8.34 9.747897377023843e-16
19.12 8.83 4.531215500228509e-6
19.12 9.32 0.005663097469627096
19.12 9.81 0.08918165876374086
19.12 10.3 0.0062997048260062345
19.12 10.79 1.4658713278009652e-6
19.12 11.28 1.1293518281281102e-12
19.12 11.77 1.514554498956384e-19
19.12 12.26 7.91379876755719e-29
19.12 12.75 1.907447415879176e-40
19.12 13.24 5.77950563865009e-55
19.12 13.73 0.0
19.12 14.220000000000002 0.0
19.12 14.709999999999999 0.0
19.12 15.2 0.0
19.12 15.69 0.0
19.12 16.18 0.0
19.12 16.67 0.0
19.12 17.16 0.0
19.12 17.65 0.0
19.12 18.14 0.0
19.12 18.63 0.0
19.12 19.12 0.0
19.12 19.61 0.0
19.12 20.1 0.0
19.12 20.59 0.0
19.12 21.08 0.0
19.12 21.57 0.0
19.12 22.06 0.0
19.12 22.55 0.0
19.12 23.04 0.0
19.12 23.53 0.0
19.12 24.02 0.0
19.12 24.51 0.0
19.12 25.0 0.0
19.61 0.5 0.0
19.61 0.99 0.0
19.61 1.48 0.0
19.61 1.97 0.0
19.61 2.46 0.0
19.61 2.95 0.0
19.61 3.44 0.0
19.61 3.9300000000000006 0.0
19.61 4.42 0.0
19.61 4.91 0.0
19.61 5.4 0.0
19.61 5.89 0.0
19.61 6.38 0.0
19.61 6.87 -1.3834513342425846e-21
19.61 7.360000000000001 -3.405026672336313e-20
19.61 7.85 3.6244726078774524e-19
19.61 8.34 7.124166908276556e-16
19.61 8.83 1.2952249961968368e-5
19.61 9.32 0.02778411424114666
19.61 9.81 0.8787666752790381
19.61 10.3 0.09768358914616523
19.61 10.79 4.3003648278148565e-5
19.61 11.28 3.2270868285581044e-10
19.61 11.77 1.1171738628821951e-17
19.61 12.26 9.094179614330023e-29
19.61 12.75 1.496008211275343e-41
19.61 13.24 2.408754475811129e-56
19.61 13.73 0.0
19.61 14.220000000000002 0.0
19.61 14.709999999999999 0.0
19.61 15.2 0.0
19.61 15.69 0.0
19.61 16.18 0.0
19.61 16.67 0.0
19.61 17.16 0.0
19.61 17.65 0.0
19.61 18.14 0.0
19.61 18.63 0.0
19.61 19.12 0.0
19.61 19.61 0.0
19.61 20.1 0.0
19.61 20.59 0.0
19.61 21.08 0.0
19.61 21.57 0.0
19.61 22.06 0.0
19.61 22.55 0.0
19.61 23.04 0.0
19.61 23.53 0.0
19.61 24.02 0.0
19.61 24.51 0.0
19.61 25.0 0.0
20.1 0.5 0.0
20.1 0.99 0.0
20.1 1.48 0.0
20.1 1.97 0.0
20.1 2.46 0.0
20.1 2.95 0.0
20.1 3.44 0.0
20.1 3.9300000000000006 0.0
20.1 4.42 0.0
20.1 4.91 0.0
20.1 5.4 0.0
20.1 5.89 0.0
20.1 6.38 0.0
20.1 6.87 -3.0656724901708567e-22
20.1 7.360000000000001 3.1854795490031483e-21
20.1 7.85 1.3986557835654797e-20
20.1 8.34 2.2342401412317603e-17
20.1 8.83 9.408316852666813e-7
20.1 9.32 0.005900406443447465
20.1 9.81 0.38970151344324727
20.1 10.3 0.09698131210771366
20.1 10.79 8.405890153327872e-5
20.1 11.28 5.066859408318296e-10
20.1 11.77 3.5829351691142083e-19
20.1 12.26 1.9323135741128743e-26
20.1 12.75 -8.660733784407581e-44
20.1 13.24 1.6611866700879482e-61
20.1 13.73 0.0
20.1 14.220000000000002 0.0
20.1 14.709999999999999 0.0
20.1 15.2 0.0
20.1 15.69 0.0
20.1 16.18 0.0
20.1 16.67 0.0
20.1 17.16 0.0
20.1 17.65 0.0
20.1 18.14 0.0
20.1 18.63 0.0
20.1 19.12 0.0
20.1 19.61 0.0
20.1 20.1 0.0
20.1 20.59 0.0
20.1 21.08 0.0
20.1 21.57 0.0
20.1 22.06 0.0
20.1 22.55 0.0
20.1 23.04 0.0
20.1 23.53 0.0
20.1 24.02 0.0
20.1 24.51 0.0
20.1 25.0 0.0
20.59 0.5 0.0
20.59 0.99 0.0
20.59 1.48 0.0
20.59 1.97 0.0
20.59 2.46 0.0
20.59 2.95 0.0
20.59 3.44 0.0
20.59 3.9300000000000006 0.0
20.59 4.42 0.0
20.59 4.91 0.0
20.59 5.4 0.0
20.59 5.89 0.0
20.59 6.38 0.0
20.59 6.87 -3.6461686070160887e-25
20.59 7.360000000000001 3.6275802724275414e-21
20.59 7.85 -6.2427069804052135e-21
20.59 8.34 3.9193753718263877e-19
20.59 8.83 4.223000400874393e-9
20.59 9.32 8.498723066770278e-5
20.59 9.81 0.013694895314203122
20.59 10.3 0.009370829064134159
20.59 10.79 1.1155044591251482e-5
20.59 11.28 2.4661755230051925e-11
20.59 11.77 1.1178331171899145e-21
20.59 12.26 1.0781545526397439e-28
20.59 12.75 5.50821393452763e-26
20.59 13.24 2.104913234369114e-69
20.59 13.73 0.0
20.59 14.220000000000002 0.0
20.59 14.709999999999999 0.0
20.59 15.2 0.0
20.59 15.69 0.0
20.59 16.18 0.0
20.59 16.67 0.0
20.59 17.16 0.0
20.59 17.65 0.0
20.59 18.14 0.0
20.59 18.63 0.0
20.59 19.12 0.0
20.59 19.61 0.0
20.59 20.1 0.0
20.59 20.59 0.0
20.59 21.08 0.0
20.59 21.57 0.0
20.59 22.06 0.0
20.59 22.55 0.0
20.59 23.04 0.0
20.59 23.53 0.0
20.59 24.02 0.0
20.59 24.51 0.0
20.59 25.0 0.0
21.08 0.5 0.0
21.08 0.99 0.0
21.08 1.48 0.0
21.08 1.97 0.0
21.08 2.46 0.0
21.08 2.95 0.0
21.08 3.44 0.0
21.08 3.9300000000000006 0.0
21.08 4.42 0.0
21.08 4.91 0.0
21.08 5.4 0.0
21.08 5.89 0.0
21.08 6.38 0.0
21.08 6.87 -2.218941676582865e-27
21.08 7.360000000000001 -4.6496728565851156e-23
21.08 7.85 -2.459816509410211e-22
21.08 8.34 1.263156732869169e-23
21.08 8.83 4.203955306515734e-12
21.08 9.32 1.2880538885369298e-7
21.08 9.81 6.490395806632218e-5
21.08 10.3 9.916204031204715e-5
21.08 10.79 1.0706245056079329e-7
21.08 11.28 1.8754524309965745e-14
21.08 11.77 5.269553455006251e-28
21.08 12.26 2.004060025301317e-25
21.08 12.75 -1.2699838514497017e-32
21.08 13.24 9.965761066764454e-74
21.08 13.73 0.0
21.08 14.220000000000002 0.0
21.08 14.709999999999999 0.0
21.08 15.2 0.0
21.08 15.69 0.0
21.08 16.18 0.0
21.08 16.67 0.0
21.08 17.16 0.0
21.08 17.65 0.0
21.08 18.14 0.0
21.08 18.63 0.0
21.08 19.12 0.0
21.08 19.61 0.0
21.08 20.1 0.0
21.08 20.59 0.0
21.08 21.08 0.0
21.08 21.57 0.0
21.08 22.06 0.0
21.08 22.55 0.0
21.08 23.04 0.0
21.08 23.53 0.0
21.08 24.02 0.0
21.08 24.51 0.0
21.08 25.0 0.0
21.57 0.5 0.0
21.57 0.99 0.0
21.57 1.48 0.0
21.57 1.97 0.0
21.57 2.46 0.0
21.57 2.95 0.0
21.57 3.44 0.0
21.57 3.9300000000000006 0.0
21.57 4.42 0.0
21.57 4.91 0.0
21.57 5.4 0.0
21.57 5.89 0.0
21.57 6.38 0.0
21.57 6.87 1.9166720589248316e-30
21.57 7.360000000000001 1.663547474878093e-25
21.57 7.85 -4.472839365685729e-25
21.57 8.34 4.271872809814831e-28
21.57 8.83 1.0722726990382685e-16
21.57 9.32 2.4855927483018793e-11
21.57 9.81 3.0504051478233286e-8
21.57 10.3 1.0275934086798947e-7
21.57 10.79 3.2293443983425613e-10
21.57 11.28 2.635715033718468e-16
21.57 11.77 6.442019975377193e-28
21.57 12.26 1.4988289199907962e-25
21.57 12.75 -9.498161460240387e-33
21.57 13.24 3.65933943417697e-77
21.57 13.73 0.0
21.57 14.220000000000002 0.0
21.57 14.709999999999999 0.0
21.57 15.2 0.0
21.57 15.69 0.0
21.57 16.18 0.0
21.57 16.67 0.0
21.57 17.16 0.0
21.57 17.65 0.0
21.57 18.14 0.0
21.57 18.63 0.0
21.57 19.12 0.0
21.57 19.61 0.0
21.57 20.1 0.0
21.57 20.59 0.0
21.57 21.08 0.0
21.57 21.57 0.0
21.57 22.06 0.0
21.57 22.55 0.0
21.57 23.04 0.0
21.57 23.53 0.0
21.57 24.02 0.0
21.57 24.51 0.0
21.57 25.0 0.0
22.06 0.5 0.0
22.06 0.99 0.0
22.06 1.48 0.0
22.06 1.97 0.0
22.06 2.46 0.0
22.06 2.95 0.0
22.06 3.44 0.0
22.06 3.9300000000000006 0.0
22.06 4.42 0.0
22.06 4.91 0.0
22.06 5.4 0.0
22.06 5.89 0.0
22.06 6.38 0.0
22.06 6.87 3.171129504639257e-34
22.06 7.360000000000001 5.685305882030537e-29
22.06 7.85 -8.047668364282436e-33
22.06 8.34 1.0305771206364713e-33
22.06 8.83 3.4666642691079014e-21
22.06 9.32 3.5890482002688073e-16
22.06 9.81 2.1677076585992793e-12
22.06 10.3 1.4599447217270882e-11
22.06 10.79 5.27260345741278e-14
22.06 11.28 5.9593371524983516e-18
22.06 11.77 4.50836763146765e-29
22.06 12.26 2.6967396808483787e-33
22.06 12.75 -1.708957455978584e-40
22.06 13.24 -1.886329313936606e-83
22.06 13.73 0.0
22.06 14.220000000000002 0.0
22.06 14.709999999999999 0.0
22.06 15.2 0.0
22.06 15.69 0.0
22.06 16.18 0.0
22.06 16.67 0.0
22.06 17.16 0.0
22.06 17.65 0.0
22.06 18.14 0.0
22.06 18.63 0.0
22.06 19.12 0.0
22.06 19.61 0.0
22.06 20.1 0.0
22.06 20.59 0.0
22.06 21.08 0.0
22.06 21.57 0.0
22.06 22.06 0.0
22.06 22.55 0.0
22.06 23.04 0.0
22.06 23.53 0.0
22.06 24.02 0.0
22.06 24.51 0.0
22.06 25.0 0.0
22.55 0.5 0.0
22.55 0.99 0.0
22.55 1.48 0.0
22.55 1.97 0.0
22.55 2.46 0.0
22.55 2.95 0.0
22.55 3.44 0.0
22.55 3.9300000000000006 0.0
22.55 4.42 0.0
22.55 4.91 0.0
22.55 5.4 0.0
22.55 5.89 0.0
22.55 6.38 0.0
22.55 6.87 -8.017473022113394e-40
22.55 7.360000000000001 -5.166921723960765e-38
22.55 7.85 -1.3530746904532703e-38
22.55 8.34 3.959925766427338e-40
22.55 8.83 1.6362209916144775e-26
22.55 9.32 8.160280701261084e-22
22.55 9.81 1.8282367796339325e-17
22.55 10.3 2.449588119166129e-16
22.55 10.79 2.4053536995834335e-19
22.55 11.28 7.420411252709691e-21
22.55 11.77 4.897026389641931e-30
22.55 12.26 -6.26434147840749e-40
22.55 12.75 -7.287992134347704e-39
22.55 13.24 2.1846042110192916e-81
22.55 13.73 0.0
22.55 14.220000000000002 0.0
22.55 14.709999999999999 0.0
22.55 15.2 0.0
22.55 15.69 0.0
22.55 16.18 0.0
22.55 16.67 0.0
22.55 17.16 0.0
22.55 17.65 0.0
22.55 18.14 0.0
22.55 18.63 0.0
22.55 19.12 0.0
22.55 19.61 0.0
22.55 20.1 0.0
22.55 20.59 0.0
22.55 21.08 0.0
22.55 21.57 0.0
22.55 22.06 0.0
22.55 22.55 0.0
22.55 23.04 0.0
22.55 23.53 0.0
22.55 24.02 0.0
22.55 24.51 0.0
22.55 25.0 0.0
23.04 0.5 0.0
23.04 0.99 0.0
23.04 1.48 0.0
23.04 1.97 0.0
23.04 2.46 0.0
23.04 2.95 0.0
23.04 3.44 0.0
23.04 3.9300000000000006 0.0
23.04 4.42 0.0
23.04 4.91 0.0
23.04 5.4 0.0
23.04 5.89 0.0
23.04 6.38 0.0
23.04 6.87 -1.1277810242792425e-44
23.04 7.360000000000001 -8.740294436597844e-39
23.04 7.85 -1.9722205098872824e-39
23.04 8.34 -2.7375723280252177e-42
23.04 8.83 2.711170639490556e-33
23.04 9.32 1.1354204337482378e-27
23.04 9.81 1.8828695461864386e-23
23.04 10.3 5.2903775365946846e-21
23.04 10.79 4.426394718140025e-24
23.04 11.28 1.646854406733132e-25
23.04 11.77 4.4719409024206383e-32
23.04 12.26 -9.130760745671587e-41
23.04 12.75 -1.0622863226350454e-39
23.04 13.24 3.6013610502723014e-80
23.04 13.73 0.0
23.04 14.220000000000002 0.0
23.04 14.709999999999999 0.0
23.04 15.2 0.0
23.04 15.69 0.0
23.04 16.18 0.0
23.04 16.67 0.0
23.04 17.16 0.0
23.04 17.65 0.0
23.04 18.14 0.0
23.04 18.63 0.0
23.04 19.12 0.0
23.04 19.61 0.0
23.04 20.1 0.0
23.04 20.59 0.0
23.04 21.08 0.0
23.04 21.57 0.0
23.04 22.06 0.0
23.04 22.55 0.0
23.04 23.04 0.0
23.04 23.53 0.0
23.04 24.02 0.0
23.04 24.51 0.0
23.04 25.0 0.0
23.53 0.5 0.0
23.53 0.99 0.0
23.53 1.48 0.0
23.53 1.97 0.0
23.53 2.46 0.0
23.53 2.95 0.0
23.53 3.44 0.0
23.53 3.9300000000000006 0.0
23.53 4.42 0.0
23.53 4.91 0.0
23.53 5.4 0.0
23.53 5.89 0.0
23.53 6.38 0.0
23.53 6.87 0.0
23.53 7.360000000000001 0.0
23.53 7.85 0.0
23.53 8.34 0.0
23.53 8.83 0.0
23.53 9.32 0.0
23.53 9.81 0.0
23.53 10.3 0.0
23.53 10.79 0.0
23.53 11.28 0.0
23.53 11.77 0.0
23.53 12.26 0.0
23.53 12.75 0.0
23.53 13.24 0.0
23.53 13.73 0.0
23.53 14.220000000000002 0.0
23.53 14.709999999999999 0.0
23.53 15.2 0.0
23.53 15.69 0.0
23.53 16.18 0.0
23.53 16.67 0.0
23.53 17.16 0.0
23.53 17.65 0.0
23.53 18.14 0.0
23.53 18.63 0.0
23.53 19.12 0.0
23.53 19.61 0.0
23.53 20.1 0.0
23.53 20.59 0.0
23.53 21.08 0.0
23.53 21.57 0.0
23.53 22.06 0.0
23.53 22.55 0.0
23.53 23.04 0.0
23.53 23.53 0.0
23.53 24.02 0.0
23.53 24.51 0.0
23.53 25.0 0.0
24.02 0.5 0.0
24.02 0.99 0.0
24.02 1.48 0.0
24.02 1.97 0.0
24.02 2.46 0.0
24.02 2.95 0.0
24.02 3.44 0.0
24.02 3.9300000000000006 0.0
24.02 4.42 0.0
24.02 4.91 0.0
24.02 5.4 0.0
24.02 5.89 0.0
24.02 6.38 0.0
24.02 6.87 0.0
24.02 7.360000000000001 0.0
24.02 7.85 0.0
24.02 8.34 0.0
24.02 8.83 0.0
24.02 9.32 0.0
24.02 9.81 0.0
24.02 10.3 0.0
24.02 10.79 0.0
24.02 11.28 0.0
24.02 11.77 0.0
24.02 12.26 0.0
24.02 12.75 0.0
24.02 13.24 0.0
24.02 13.73 0.0
24.02 14.220000000000002 0.0
24.02 14.709999999999999 0.0
24.02 15.2 0.0
24.02 15.69 0.0
24.02 16.18 0.0
24.02 16.67 0.0
24.02 17.16 0.0
24.02 17.65 0.0
24.02 18.14 0.0
24.02 18.63 0.0
24.02 19.12 0.0
24.02 19.61 0.0
24.02 20.1 0.0
24.02 20.59 0.0
24.02 21.08 0.0
24.02 21.57 0.0
24.02 22.06 0.0
24.02 22.55 0.0
24.02 23.04 0.0
24.02 23.53 0.0
24.02 24.02 0.0
24.02 24.51 0.0
24.02 25.0 0.0
24.51 0.5 0.0
24.51 0.99 0.0
24.51 1.48 0.0
24.51 1.97 0.0
24.51 2.46 0.0
24.51 2.95 0.0
24.51 3.44 0.0
24.51 3.9300000000000006 0.0
24.51 4.42 0.0
24.51 4.91 0.0
24.51 5.4 0.0
24.51 5.89 0.0
24.51 6.38 0.0
24.51 6.87 0.0
24.51 7.360000000000001 0.0
24.51 7.85 0.0
24.51 8.34 0.0
24.51 8.83 0.0
24.51 9.32 0.0
24.51 9.81 0.0
24.51 10.3 0.0
24.51 10.79 0.0
24.51 11.28 0.0
24.51 11.77 0.0
24.51 12.26 0.0
24.51 12.75 0.0
24.51 13.24 0.0
24.51 13.73 0.0
24.51 14.220000000000002 0.0
24.51 14.709999999999999 0.0
24.51 15.2 0.0
24.51 15.69 0.0
24.51 16.18 0.0
24.51 16.67 0.0
24.51 17.16 0.0
24.51 17.65 0.0
24.51 18.14 0.0
24.51 18.63 0.0
24.51 19.12 0.0
24.51 19.61 0.0
24.51 20.1 0.0
24.51 20.59 0.0
24.51 21.08 0.0
24.51 21.57 0.0
24.51 22.06 0.0
24.51 22.55 0.0
24.51 23.04 0.0
24.51 23.53 0.0
24.51 24.02 0.0
24.51 24.51 0.0
24.51 25.0 0.0
25.0 0.5 0.0
25.0 0.99 0.0
25.0 1.48 0.0
25.0 1.97 0.0
25.0 2.46 0.0
25.0 2.95 0.0
25.0 3.44 0.0
25.0 3.9300000000000006 0.0
25.0 4.42 0.0
25.0 4.91 0.0
25.0 5.4 0.0
25.0 5.89 0.0
25.0 6.38 0.0
25.0 6.87 0.0
25.0 7.360000000000001 0.0
25.0 7.85 0.0
25.0 8.34 0.0
25.0 8.83 0.0
25.0 9.32 0.0
25.0 9.81 0.0
25.0 10.3 0.0
25.0 10.79 0.0
25.0 11.28 0.0
25.0 11.77 0.0
25.0 12.26 0.0
25.0 12.75 0.0
25.0 13.24 0.0
25.0 13.73 0.0
25.0 14.220000000000002 0.0
25.0 14.709999999999999 0.0
25.0 15.2 0.0
25.0 15.69 0.0
25.0 16.18 0.0
25.0 16.67 0.0
25.0 17.16 0.0
25.0 17.65 0.0
25.0 18.14 0.0
25.0 18.63 0.0
25.0 19.12 0.0
25.0 19.61 0.0
25.0 20.1 0.0
25.0 20.59 0.0
25.0 21.08 0.0
25.0 21.57 0.0
25.0 22.06 0.0
25.0 22.55 0.0
25.0 23.04 0.0
25.0 23.53 0.0
25.0 24.02 0.0
25.0 24.51 0.0
25.0 25.0 0.0
