0.986 1.52 0.0430661513098382
0.986 1.58 0.043388809523567426
0.986 1.6400000000000001 0.06599467482043289
0.986 1.7000000000000002 0.38555593983178504
0.986 1.76 1.3591177201287776
0.986 1.82 1.9259794913927302
0.986 1.8800000000000001 0.8051806718930178
0.986 1.94 0.13782530359223297
0.986 2.0 0.09962254592269731
0.986 2.06 0.12619301453279005
0.986 2.12 -0.05580496586977679
0.986 2.18 -0.1050628541222655
0.986 2.2399999999999998 -0.023416564406755876
0.986 2.3000000000000003 0.01242598240062218
0.988 1.52 0.10573648903038192
0.988 1.58 0.2125717642076942
0.988 1.6400000000000001 0.5327941187243772
0.988 1.7000000000000002 1.0801355738384477
0.988 1.76 2.3402638328103134
0.988 1.82 2.4916003874078334
0.988 1.8800000000000001 1.9013253932850918
0.988 1.94 0.40451301635883136
0.988 2.0 0.17810895582048258
0.988 2.06 0.3339093384223911
0.988 2.12 -0.3083784988969793
0.988 2.18 -0.5112187968951178
0.988 2.2399999999999998 -0.006247352921568294
0.988 2.3000000000000003 0.05193463251678689
0.99 1.52 0.0639778457289804
0.99 1.58 0.007090006849581713
0.99 1.6400000000000001 -0.09390281505440135
0.99 1.7000000000000002 0.7375414696936766
0.99 1.76 4.3031182907631615
0.99 1.82 7.266800144475685
0.99 1.8800000000000001 4.055705261161454
0.99 1.94 0.9360255780298725
0.99 2.0 0.6895239152625442
0.99 2.06 0.8351450421008303
0.99 2.12 -0.13484151518486476
0.99 2.18 -0.44813258625514907
0.99 2.2399999999999998 -0.04660754378841036
0.99 2.3000000000000003 0.07554770516977283
0.992 1.52 0.14286263196390026
0.992 1.58 0.3192492940116808
0.992 1.6400000000000001 0.9090912142563536
0.992 1.7000000000000002 1.936540676543121
0.992 1.76 3.4847725115576877
0.992 1.82 4.612718087928066
0.992 1.8800000000000001 5.806809812250157
0.992 1.94 4.209255059365172
0.992 2.0 1.4825881140412402
0.992 2.06 0.3804123073379446
0.992 2.12 0.008522265947479814
0.992 2.18 -0.05913926603784675
0.992 2.2399999999999998 -0.003493289546318611
0.992 2.3000000000000003 0.01012015356979722
0.994 1.52 0.06490238888957801
0.994 1.58 0.20499607516167942
0.994 1.6400000000000001 0.6248026788149735
0.994 1.7000000000000002 1.7442016600561454
0.994 1.76 5.710220566721154
0.994 1.82 8.986662232243498
0.994 1.8800000000000001 6.2575874515457
0.994 1.94 3.879783136763284
0.994 2.0 3.7558373631374335
0.994 2.06 1.889278698443932
0.994 2.12 -0.3087676126673852
0.994 2.18 -1.2463517096075816
0.994 2.2399999999999998 -0.03749932822702476
0.994 2.3000000000000003 0.10433177433321918
0.996 1.52 0.16880223332955158
0.996 1.58 0.6351508980666708
0.996 1.6400000000000001 2.170483317182467
0.996 1.7000000000000002 4.677180987339318
0.996 1.76 8.833314667968521
0.996 1.82 11.612812014142898
0.996 1.8800000000000001 15.01126806156228
0.996 1.94 12.692598353697353
0.996 2.0 7.072658843043616
0.996 2.06 5.132093307964364
0.996 2.12 -0.21520623512998904
0.996 2.18 -2.0750248417199715
0.996 2.2399999999999998 -0.15268653549543998
0.996 2.3000000000000003 0.1269981974267932
0.998 1.52 0.07053977055402647
0.998 1.58 0.891835565891203
0.998 1.6400000000000001 3.7773056826638487
0.998 1.7000000000000002 6.929103308425852
0.998 1.76 11.083559376555296
0.998 1.82 22.57657197131856
0.998 1.8800000000000001 31.090682234433693
0.998 1.94 24.50606922945013
0.998 2.0 15.693017832186948
0.998 2.06 8.000620852350204
0.998 2.12 2.7959548032254187
0.998 2.18 -0.32915461502334087
0.998 2.2399999999999998 0.04677788626958514
0.998 2.3000000000000003 0.11098565305627854
1.0 1.52 0.040911175363523226
1.0 1.58 0.5471087380169947
1.0 1.6400000000000001 2.4784736383200694
1.0 1.7000000000000002 6.33218868403893
1.0 1.76 13.393653821325449
1.0 1.82 21.672074365803326
1.0 1.8800000000000001 29.628342341317172
1.0 1.94 38.042224820071574
1.0 2.0 33.20682017106766
1.0 2.06 15.587932803616313
1.0 2.12 3.5440298898304325
1.0 2.18 0.4541513235175291
1.0 2.2399999999999998 0.1417509179013705
1.0 2.3000000000000003 0.04566632050966733
1.002 1.52 0.04317507850272087
1.002 1.58 0.8955885689872453
1.002 1.6400000000000001 4.246198360647222
1.002 1.7000000000000002 9.854405219526155
1.002 1.76 13.84302347876239
1.002 1.82 23.23781562913917
1.002 1.8800000000000001 38.55011107363457
1.002 1.94 45.306147389273676
1.002 2.0 37.75994917945877
1.002 2.06 20.645165487193857
1.002 2.12 7.5055152631093796
1.002 2.18 1.6468213243707064
1.002 2.2399999999999998 0.5694435872116304
1.002 2.3000000000000003 0.2013729347939411
1.004 1.52 -0.030854078225148997
1.004 1.58 0.2700935062508941
1.004 1.6400000000000001 2.0106737784030684
1.004 1.7000000000000002 6.542100122425576
1.004 1.76 15.400132178616678
1.004 1.82 27.40733443656816
1.004 1.8800000000000001 43.697301923987865
1.004 1.94 54.917307412773255
1.004 2.0 52.06669177893405
1.004 2.06 33.52291812600939
1.004 2.12 15.834369306282708
1.004 2.18 5.26296902275691
1.004 2.2399999999999998 0.9287785565381127
1.004 2.3000000000000003 0.0699237363959797
1.006 1.52 0.016232744662190598
1.006 1.58 0.6102487758143911
1.006 1.6400000000000001 3.356623285264652
1.006 1.7000000000000002 11.737744632406907
1.006 1.76 19.347863643205248
1.006 1.82 26.04022142157377
1.006 1.8800000000000001 39.537365038492766
1.006 1.94 56.89200824070022
1.006 2.0 62.58979298699075
1.006 2.06 43.6868410681959
1.006 2.12 17.1345418234419
1.006 2.18 5.758202882351757
1.006 2.2399999999999998 1.9508918680255865
1.006 2.3000000000000003 0.5145302035517214
1.008 1.52 -0.024349772914246722
1.008 1.58 0.003089699003454056
1.008 1.6400000000000001 0.5300108245352374
1.008 1.7000000000000002 3.8435272726940046
1.008 1.76 13.706276881381518
1.008 1.82 26.948748152971287
1.008 1.8800000000000001 49.48180515179639
1.008 1.94 63.35803385453147
1.008 2.0 61.59072009678036
1.008 2.06 49.743457650349534
1.008 2.12 31.551373080016806
1.008 2.18 11.964108982965659
1.008 2.2399999999999998 2.976901616624975
1.008 2.3000000000000003 0.09306832060546259
1.01 1.52 0.01867620565970686
1.01 1.58 0.1926070068916402
1.01 1.6400000000000001 1.5367058477524953
1.01 1.7000000000000002 9.64385442894443
1.01 1.76 20.0227728205499
1.01 1.82 25.702543115900124
1.01 1.8800000000000001 39.40275233075677
1.01 1.94 57.453409013108256
1.01 2.0 69.83480693720934
1.01 2.06 61.90229290512561
1.01 2.12 36.27031186890662
1.01 2.18 15.483035507118402
1.01 2.2399999999999998 5.080338902729827
1.01 2.3000000000000003 0.780754534471268
1.012 1.52 -0.00969024427789725
1.012 1.58 -0.06285772836297147
1.012 1.6400000000000001 -0.19782675215792067
1.012 1.7000000000000002 1.383175198229921
1.012 1.76 8.27266693434075
1.012 1.82 21.49052819362315
1.012 1.8800000000000001 38.334408594498534
1.012 1.94 55.491127762860884
1.012 2.0 61.626230454131196
1.012 2.06 53.744669950345994
1.012 2.12 29.708952601248246
1.012 2.18 11.828539988365414
1.012 2.2399999999999998 5.1488888973034275
1.012 2.3000000000000003 1.3075098996753054
1.014 1.52 0.0031130560971369655
1.014 1.58 -0.1227347923066494
1.014 1.6400000000000001 -0.38681875048450676
1.014 1.7000000000000002 3.1276292727960024
1.014 1.76 12.631379199410892
1.014 1.82 17.546772520994878
1.014 1.8800000000000001 38.20681805160783
1.014 1.94 49.19956353986597
1.014 2.0 55.24542255659779
1.014 2.06 57.0735045241673
1.014 2.12 50.362030087664955
1.014 2.18 25.194984996653993
1.014 2.2399999999999998 8.381133445564805
1.014 2.3000000000000003 1.3889499034428654
1.016 1.52 -0.011593923299416753
1.016 1.58 -0.030497716488784694
1.016 1.6400000000000001 0.07499715665041888
1.016 1.7000000000000002 1.2433649588898614
1.016 1.76 4.077505513957913
1.016 1.82 9.700376235339439
1.016 1.8800000000000001 11.819888629249983
1.016 1.94 31.01120550107156
1.016 2.0 45.620876733274464
1.016 2.06 45.60027831949186
1.016 2.12 25.028398776636966
1.016 2.18 13.585578589807941
1.016 2.2399999999999998 6.301979401896387
1.016 2.3000000000000003 0.9503584882318361
1.018 1.52 0.0027628502252253443
1.018 1.58 -0.06139267671687268
1.018 1.6400000000000001 -0.36163329011930584
1.018 1.7000000000000002 0.09539542610530843
1.018 1.76 3.6254787312150776
1.018 1.82 6.882381773647147
1.018 1.8800000000000001 17.636988644228328
1.018 1.94 25.468424440227757
1.018 2.0 20.06221515953512
1.018 2.06 15.145324171253215
1.018 2.12 10.909054301549151
1.018 2.18 7.76052341383366
1.018 2.2399999999999998 4.986955479137176
1.018 2.3000000000000003 1.561453007510432
1.02 1.52 0.002666731398313982
1.02 1.58 -0.025054785504415582
1.02 1.6400000000000001 -0.16331888926027524
1.02 1.7000000000000002 -0.12739453957826863
1.02 1.76 0.22599143757035048
1.02 1.82 0.7140741456006154
1.02 1.8800000000000001 1.7792419862606874
1.02 1.94 5.0359460339482
1.02 2.0 2.055843813423074
1.02 2.06 2.107749184352785
1.02 2.12 1.9202418339909986
1.02 2.18 3.656038717433147
1.02 2.2399999999999998 2.5182227060239315
1.02 2.3000000000000003 0.32557401370044775
1.022 1.52 -0.001985734091760744
1.022 1.58 0.0020613144983991274
1.022 1.6400000000000001 0.05167769765753019
1.022 1.7000000000000002 0.10862595065632427
1.022 1.76 0.14516286315594926
1.022 1.82 0.13513998683787634
1.022 1.8800000000000001 4.144111909748309
1.022 1.94 2.8423719972732124
1.022 2.0 6.831326481168938
1.022 2.06 9.95294879522013
1.022 2.12 10.155226836343429
1.022 2.18 5.300689710317967
1.022 2.2399999999999998 1.5790146060757728
1.022 2.3000000000000003 0.35718392608122285
1.024 1.52 -0.003592951776610791
1.024 1.58 -0.041294640718628775
1.024 1.6400000000000001 -0.21272283989240415
1.024 1.7000000000000002 -0.3151911986949022
1.024 1.76 -0.11870168513092991
1.024 1.82 1.8255172460805709
1.024 1.8800000000000001 4.230458621596668
1.024 1.94 7.937947455392359
1.024 2.0 3.3766765759769686
1.024 2.06 3.3496840991357626
1.024 2.12 3.701040506503898
1.024 2.18 5.591528166601518
1.024 2.2399999999999998 3.873151334757247
1.024 2.3000000000000003 0.7861096348119498
1.026 1.52 0.0004911947085011599
1.026 1.58 0.022263932082827488
1.026 1.6400000000000001 0.14150166057341132
1.026 1.7000000000000002 0.27700850635959356
1.026 1.76 -0.19222149397079907
1.026 1.82 0.7687910575242023
1.026 1.8800000000000001 2.7979132061778578
1.026 1.94 2.364796110877696
1.026 2.0 2.544688942823457
1.026 2.06 5.621412676217043
1.026 2.12 5.853443207736935
1.026 2.18 3.049002111423996
1.026 2.2399999999999998 1.007357195169384
1.026 2.3000000000000003 0.3064837516426406
1.028 1.52 -0.0071763779454343075
1.028 1.58 -0.001606255111068634
1.028 1.6400000000000001 0.0705334709166341
1.028 1.7000000000000002 0.1374600588741847
1.028 1.76 0.002986038918014907
1.028 1.82 0.020309843117266708
1.028 1.8800000000000001 0.4427257037101416
1.028 1.94 0.7881761844312574
1.028 2.0 0.8109635506564974
1.028 2.06 0.8274838454865473
1.028 2.12 0.7307539544029353
1.028 2.18 0.4146724989071928
1.028 2.2399999999999998 0.1784150872483427
1.028 2.3000000000000003 0.10668313225144958
1.03 1.52 0.0006439190959266346
1.03 1.58 -0.0012610098800205488
1.03 1.6400000000000001 -0.014709911169847947
1.03 1.7000000000000002 -0.024264233785614948
1.03 1.76 -0.007728514683329991
1.03 1.82 0.06443306337788406
1.03 1.8800000000000001 0.041091360723171794
1.03 1.94 0.07822990775725322
1.03 2.0 0.06256179025024841
1.03 2.06 0.01757547022943674
1.03 2.12 -0.014755152212750268
1.03 2.18 0.03223407768483082
1.03 2.2399999999999998 0.05981783293181694
1.03 2.3000000000000003 0.014742287015423601
