0.5 0.5 0.0
0.5 0.56 0.0
0.5 0.62 0.0
0.5 0.6799999999999999 0.0
0.5 0.74 0.0
0.5 0.8 0.0
0.5 0.86 0.0
0.5 0.92 0.0
0.5 0.98 0.0
0.5 1.04 0.0
0.5 1.1 0.0
0.5 1.1600000000000001 0.0
0.5 1.22 0.0
0.5 1.28 0.0
0.5 1.34 0.0
0.5 1.4 0.0
0.5 1.46 0.0
0.5 1.52 0.0
0.5 1.58 0.0
0.5 1.6400000000000001 0.0
0.5 1.7000000000000002 0.0
0.5 1.76 0.0
0.5 1.82 0.0
0.5 1.8800000000000001 0.0
0.5 1.94 0.0
0.5 2.0 0.0
0.5 2.06 0.0
0.5 2.12 0.0
0.5 2.18 0.0
0.5 2.2399999999999998 0.0
0.5 2.3000000000000003 0.0
0.5 2.36 0.0
0.5 2.4200000000000004 0.0
0.5 2.48 0.0
0.5 2.5400000000000005 0.0
0.5 2.5999999999999996 0.0
0.5 2.66 0.0
0.5 2.7199999999999998 0.0
0.5 2.7800000000000002 0.0
0.5 2.84 0.0
0.5 2.9000000000000004 0.0
0.5 2.9599999999999995 0.0
0.5 3.02 0.0
0.5 3.0799999999999996 0.0
0.5 3.14 0.0
0.5 3.1999999999999997 0.0
0.5 3.2600000000000002 0.0
0.5 3.3200000000000003 0.0
0.5 3.38 0.0
0.5 3.4399999999999995 0.0
0.5 3.5 0.0
0.56 0.5 0.0
0.56 0.56 0.0
0.56 0.62 0.0
0.56 0.6799999999999999 0.0
0.56 0.74 0.0
0.56 0.8 0.0
0.56 0.86 0.0
0.56 0.92 0.0
0.56 0.98 0.0
0.56 1.04 0.0
0.56 1.1 0.0
0.56 1.1600000000000001 0.0
0.56 1.22 0.0
0.56 1.28 0.0
0.56 1.34 0.0
0.56 1.4 0.0
0.56 1.46 0.0
0.56 1.52 0.0
0.56 1.58 0.0
0.56 1.6400000000000001 0.0
0.56 1.7000000000000002 0.0
0.56 1.76 0.0
0.56 1.82 0.0
0.56 1.8800000000000001 0.0
0.56 1.94 0.0
0.56 2.0 0.0
0.56 2.06 0.0
0.56 2.12 0.0
0.56 2.18 0.0
0.56 2.2399999999999998 0.0
0.56 2.3000000000000003 0.0
0.56 2.36 0.0
0.56 2.4200000000000004 0.0
0.56 2.48 0.0
0.56 2.5400000000000005 0.0
0.56 2.5999999999999996 0.0
0.56 2.66 0.0
0.56 2.7199999999999998 0.0
0.56 2.7800000000000002 0.0
0.56 2.84 0.0
0.56 2.9000000000000004 0.0
0.56 2.9599999999999995 0.0
0.56 3.02 0.0
0.56 3.0799999999999996 0.0
0.56 3.14 0.0
0.56 3.1999999999999997 0.0
0.56 3.2600000000000002 0.0
0.56 3.3200000000000003 0.0
0.56 3.38 0.0
0.56 3.4399999999999995 0.0
0.56 3.5 0.0
0.62 0.5 0.0
0.62 0.56 0.0
0.62 0.62 0.0
0.62 0.6799999999999999 0.0
0.62 0.74 0.0
0.62 0.8 0.0
0.62 0.86 0.0
0.62 0.92 0.0
0.62 0.98 0.0
0.62 1.04 0.0
0.62 1.1 0.0
0.62 1.1600000000000001 0.0
0.62 1.22 0.0
0.62 1.28 0.0
0.62 1.34 0.0
0.62 1.4 0.0
0.62 1.46 0.0
0.62 1.52 0.0
0.62 1.58 0.0
0.62 1.6400000000000001 0.0
0.62 1.7000000000000002 0.0
0.62 1.76 0.0
0.62 1.82 0.0
0.62 1.8800000000000001 0.0
0.62 1.94 0.0
0.62 2.0 0.0
0.62 2.06 0.0
0.62 2.12 0.0
0.62 2.18 0.0
0.62 2.2399999999999998 0.0
0.62 2.3000000000000003 0.0
0.62 2.36 0.0
0.62 2.4200000000000004 0.0
0.62 2.48 0.0
0.62 2.5400000000000005 0.0
0.62 2.5999999999999996 0.0
0.62 2.66 0.0
0.62 2.7199999999999998 0.0
0.62 2.7800000000000002 0.0
0.62 2.84 0.0
0.62 2.9000000000000004 0.0
0.62 2.9599999999999995 0.0
0.62 3.02 0.0
0.62 3.0799999999999996 0.0
0.62 3.14 0.0
0.62 3.1999999999999997 0.0
0.62 3.2600000000000002 0.0
0.62 3.3200000000000003 0.0
0.62 3.38 0.0
0.62 3.4399999999999995 0.0
0.62 3.5 0.0
0.6799999999999999 0.5 0.0
0.6799999999999999 0.56 0.0
0.6799999999999999 0.62 0.0
0.6799999999999999 0.6799999999999999 0.0
0.6799999999999999 0.74 0.0
0.6799999999999999 0.8 0.0
0.6799999999999999 0.86 0.0
0.6799999999999999 0.92 0.0
0.6799999999999999 0.98 0.0
0.6799999999999999 1.04 0.0
0.6799999999999999 1.1 0.0
0.6799999999999999 1.1600000000000001 0.0
0.6799999999999999 1.22 0.0
0.6799999999999999 1.28 0.0
0.6799999999999999 1.34 0.0
0.6799999999999999 1.4 0.0
0.6799999999999999 1.46 0.0
0.6799999999999999 1.52 0.0
0.6799999999999999 1.58 0.0
0.6799999999999999 1.6400000000000001 0.0
0.6799999999999999 1.7000000000000002 0.0
0.6799999999999999 1.76 0.0
0.6799999999999999 1.82 0.0
0.6799999999999999 1.8800000000000001 0.0
0.6799999999999999 1.94 0.0
0.6799999999999999 2.0 0.0
0.6799999999999999 2.06 0.0
0.6799999999999999 2.12 0.0
0.6799999999999999 2.18 0.0
0.6799999999999999 2.2399999999999998 0.0
0.6799999999999999 2.3000000000000003 0.0
0.6799999999999999 2.36 0.0
0.6799999999999999 2.4200000000000004 0.0
0.6799999999999999 2.48 0.0
0.6799999999999999 2.5400000000000005 0.0
0.6799999999999999 2.5999999999999996 0.0
0.6799999999999999 2.66 0.0
0.6799999999999999 2.7199999999999998 0.0
0.6799999999999999 2.7800000000000002 0.0
0.6799999999999999 2.84 0.0
0.6799999999999999 2.9000000000000004 0.0
0.6799999999999999 2.9599999999999995 0.0
0.6799999999999999 3.02 0.0
0.6799999999999999 3.0799999999999996 0.0
0.6799999999999999 3.14 0.0
0.6799999999999999 3.1999999999999997 0.0
0.6799999999999999 3.2600000000000002 0.0
0.6799999999999999 3.3200000000000003 0.0
0.6799999999999999 3.38 0.0
0.6799999999999999 3.4399999999999995 0.0
0.6799999999999999 3.5 0.0
0.74 0.5 0.0
0.74 0.56 0.0
0.74 0.62 0.0
0.74 0.6799999999999999 0.0
0.74 0.74 0.0
0.74 0.8 0.0
0.74 0.86 0.0
0.74 0.92 0.0
0.74 0.98 0.0
0.74 1.04 0.0
0.74 1.1 0.0
0.74 1.1600000000000001 0.0
0.74 1.22 0.0
0.74 1.28 0.0
0.74 1.34 0.0
0.74 1.4 0.0
0.74 1.46 0.0
0.74 1.52 0.0
0.74 1.58 0.0
0.74 1.6400000000000001 0.0
0.74 1.7000000000000002 0.0
0.74 1.76 0.0
0.74 1.82 0.0
0.74 1.8800000000000001 0.0
0.74 1.94 0.0
0.74 2.0 0.0
0.74 2.06 0.0
0.74 2.12 0.0
0.74 2.18 0.0
0.74 2.2399999999999998 0.0
0.74 2.3000000000000003 0.0
0.74 2.36 0.0
0.74 2.4200000000000004 0.0
0.74 2.48 0.0
0.74 2.5400000000000005 0.0
0.74 2.5999999999999996 0.0
0.74 2.66 0.0
0.74 2.7199999999999998 0.0
0.74 2.7800000000000002 0.0
0.74 2.84 0.0
0.74 2.9000000000000004 0.0
0.74 2.9599999999999995 0.0
0.74 3.02 0.0
0.74 3.0799999999999996 0.0
0.74 3.14 0.0
0.74 3.1999999999999997 0.0
0.74 3.2600000000000002 0.0
0.74 3.3200000000000003 0.0
0.74 3.38 0.0
0.74 3.4399999999999995 0.0
0.74 3.5 0.0
0.8 0.5 0.0
0.8 0.56 0.0
0.8 0.62 0.0
0.8 0.6799999999999999 0.0
0.8 0.74 0.0
0.8 0.8 0.0
0.8 0.86 0.0
0.8 0.92 0.0
0.8 0.98 0.0
0.8 1.04 0.0
0.8 1.1 0.0
0.8 1.1600000000000001 0.0
0.8 1.22 0.0
0.8 1.28 0.0
0.8 1.34 0.0
0.8 1.4 0.0
0.8 1.46 0.0
0.8 1.52 0.0
0.8 1.58 0.0
0.8 1.6400000000000001 0.0
0.8 1.7000000000000002 0.0
0.8 1.76 0.0
0.8 1.82 0.0
0.8 1.8800000000000001 0.0
0.8 1.94 0.0
0.8 2.0 0.0
0.8 2.06 0.0
0.8 2.12 0.0
0.8 2.18 0.0
0.8 2.2399999999999998 0.0
0.8 2.3000000000000003 0.0
0.8 2.36 0.0
0.8 2.4200000000000004 0.0
0.8 2.48 0.0
0.8 2.5400000000000005 0.0
0.8 2.5999999999999996 0.0
0.8 2.66 0.0
0.8 2.7199999999999998 0.0
0.8 2.7800000000000002 0.0
0.8 2.84 0.0
0.8 2.9000000000000004 0.0
0.8 2.9599999999999995 0.0
0.8 3.02 0.0
0.8 3.0799999999999996 0.0
0.8 3.14 0.0
0.8 3.1999999999999997 0.0
0.8 3.2600000000000002 0.0
0.8 3.3200000000000003 0.0
0.8 3.38 0.0
0.8 3.4399999999999995 0.0
0.8 3.5 0.0
0.86 0.5 0.0
0.86 0.56 0.0
0.86 0.62 0.0
0.86 0.6799999999999999 0.0
0.86 0.74 0.0
0.86 0.8 0.0
0.86 0.86 0.0
0.86 0.92 0.0
0.86 0.98 0.0
0.86 1.04 0.0
0.86 1.1 0.0
0.86 1.1600000000000001 0.0
0.86 1.22 0.0
0.86 1.28 0.0
0.86 1.34 0.0
0.86 1.4 0.0
0.86 1.46 0.0
0.86 1.52 0.0
0.86 1.58 0.0
0.86 1.6400000000000001 0.0
0.86 1.7000000000000002 0.0
0.86 1.76 0.0
0.86 1.82 0.0
0.86 1.8800000000000001 0.0
0.86 1.94 0.0
0.86 2.0 0.0
0.86 2.06 0.0
0.86 2.12 0.0
0.86 2.18 0.0
0.86 2.2399999999999998 0.0
0.86 2.3000000000000003 0.0
0.86 2.36 0.0
0.86 2.4200000000000004 0.0
0.86 2.48 0.0
0.86 2.5400000000000005 0.0
0.86 2.5999999999999996 0.0
0.86 2.66 0.0
0.86 2.7199999999999998 0.0
0.86 2.7800000000000002 0.0
0.86 2.84 0.0
0.86 2.9000000000000004 0.0
0.86 2.9599999999999995 0.0
0.86 3.02 0.0
0.86 3.0799999999999996 0.0
0.86 3.14 0.0
0.86 3.1999999999999997 0.0
0.86 3.2600000000000002 0.0
0.86 3.3200000000000003 0.0
0.86 3.38 0.0
0.86 3.4399999999999995 0.0
0.86 3.5 0.0
0.92 0.5 0.0
0.92 0.56 0.0
0.92 0.62 0.0
0.92 0.6799999999999999 0.0
0.92 0.74 0.0
0.92 0.8 0.0
0.92 0.86 0.0
0.92 0.92 0.0
0.92 0.98 0.0
0.92 1.04 0.0
0.92 1.1 0.0
0.92 1.1600000000000001 0.0
0.92 1.22 0.0
0.92 1.28 0.0
0.92 1.34 0.0
0.92 1.4 0.0
0.92 1.46 0.0
0.92 1.52 0.0
0.92 1.58 0.0
0.92 1.6400000000000001 0.0
0.92 1.7000000000000002 0.0
0.92 1.76 0.0
0.92 1.82 0.0
0.92 1.8800000000000001 0.0
0.92 1.94 0.0
0.92 2.0 0.0
0.92 2.06 0.0
0.92 2.12 0.0
0.92 2.18 0.0
0.92 2.2399999999999998 0.0
0.92 2.3000000000000003 0.0
0.92 2.36 0.0
0.92 2.4200000000000004 0.0
0.92 2.48 0.0
0.92 2.5400000000000005 0.0
0.92 2.5999999999999996 0.0
0.92 2.66 0.0
0.92 2.7199999999999998 0.0
0.92 2.7800000000000002 0.0
0.92 2.84 0.0
0.92 2.9000000000000004 0.0
0.92 2.9599999999999995 0.0
0.92 3.02 0.0
0.92 3.0799999999999996 0.0
0.92 3.14 0.0
0.92 3.1999999999999997 0.0
0.92 3.2600000000000002 0.0
0.92 3.3200000000000003 0.0
0.92 3.38 0.0
0.92 3.4399999999999995 0.0
0.92 3.5 0.0
0.98 0.5 0.0
0.98 0.56 0.0
0.98 0.62 0.0
0.98 0.6799999999999999 0.0
0.98 0.74 0.0
0.98 0.8 0.0
0.98 0.86 0.0
0.98 0.92 0.0
0.98 0.98 0.0
0.98 1.04 0.0
0.98 1.1 0.0
0.98 1.1600000000000001 0.0
0.98 1.22 0.0
0.98 1.28 0.0
0.98 1.34 0.0
0.98 1.4 0.0
0.98 1.46 0.0
0.98 1.52 0.0
0.98 1.58 0.0
0.98 1.6400000000000001 0.0
0.98 1.7000000000000002 0.0
0.98 1.76 0.0
0.98 1.82 0.0
0.98 1.8800000000000001 0.0
0.98 1.94 0.0
0.98 2.0 0.0
0.98 2.06 0.0
0.98 2.12 0.0
0.98 2.18 0.0
0.98 2.2399999999999998 0.0
0.98 2.3000000000000003 0.0
0.98 2.36 0.0
0.98 2.4200000000000004 0.0
0.98 2.48 0.0
0.98 2.5400000000000005 0.0
0.98 2.5999999999999996 0.0
0.98 2.66 0.0
0.98 2.7199999999999998 0.0
0.98 2.7800000000000002 0.0
0.98 2.84 0.0
0.98 2.9000000000000004 0.0
0.98 2.9599999999999995 0.0
0.98 3.02 0.0
0.98 3.0799999999999996 0.0
0.98 3.14 0.0
0.98 3.1999999999999997 0.0
0.98 3.2600000000000002 0.0
0.98 3.3200000000000003 0.0
0.98 3.38 0.0
0.98 3.4399999999999995 0.0
0.98 3.5 0.0
1.04 0.5 0.0
1.04 0.56 0.0
1.04 0.62 0.0
1.04 0.6799999999999999 0.0
1.04 0.74 0.0
1.04 0.8 0.0
1.04 0.86 0.0
1.04 0.92 0.0
1.04 0.98 0.0
1.04 1.04 0.0
1.04 1.1 0.0
1.04 1.1600000000000001 0.0
1.04 1.22 0.0
1.04 1.28 0.0
1.04 1.34 0.0
1.04 1.4 0.0
1.04 1.46 0.0
1.04 1.52 0.0
1.04 1.58 0.0
1.04 1.6400000000000001 0.0
1.04 1.7000000000000002 0.0
1.04 1.76 0.0
1.04 1.82 0.0
1.04 1.8800000000000001 0.0
1.04 1.94 0.0
1.04 2.0 0.0
1.04 2.06 0.0
1.04 2.12 0.0
1.04 2.18 0.0
1.04 2.2399999999999998 0.0
1.04 2.3000000000000003 0.0
1.04 2.36 0.0
1.04 2.4200000000000004 0.0
1.04 2.48 0.0
1.04 2.5400000000000005 0.0
1.04 2.5999999999999996 0.0
1.04 2.66 0.0
1.04 2.7199999999999998 0.0
1.04 2.7800000000000002 0.0
1.04 2.84 0.0
1.04 2.9000000000000004 0.0
1.04 2.9599999999999995 0.0
1.04 3.02 0.0
1.04 3.0799999999999996 0.0
1.04 3.14 0.0
1.04 3.1999999999999997 0.0
1.04 3.2600000000000002 0.0
1.04 3.3200000000000003 0.0
1.04 3.38 0.0
1.04 3.4399999999999995 0.0
1.04 3.5 0.0
1.1 0.5 0.0
1.1 0.56 0.0
1.1 0.62 0.0
1.1 0.6799999999999999 0.0
1.1 0.74 0.0
1.1 0.8 0.0
1.1 0.86 0.0
1.1 0.92 0.0
1.1 0.98 0.0
1.1 1.04 0.0
1.1 1.1 0.0
1.1 1.1600000000000001 0.0
1.1 1.22 0.0011887434118956757
1.1 1.28 3.308834506767039e-5
1.1 1.34 0.0002903590123029552
1.1 1.4 5.914237561581051e-6
1.1 1.46 1.1545291779789381e-14
1.1 1.52 -5.461823551486135e-25
1.1 1.58 6.789289509389646e-17
1.1 1.6400000000000001 -3.4891351265061544e-18
1.1 1.7000000000000002 -2.4212984349378344e-61
1.1 1.76 -2.7172677261213535e-18
1.1 1.82 2.745570620175558e-17
1.1 1.8800000000000001 1.987873111920729e-106
1.1 1.94 -3.391492672792219e-132
1.1 2.0 -2.1441844273796326e-93
1.1 2.06 -1.130429242198118e-71
1.1 2.12 1.4399176274316492e-47
1.1 2.18 1.8903268882892615e-34
1.1 2.2399999999999998 4.053672760827269e-28
1.1 2.3000000000000003 9.229087605133102e-28
1.1 2.36 -4.902931431448255e-29
1.1 2.4200000000000004 0.0
1.1 2.48 0.0
1.1 2.5400000000000005 0.0
1.1 2.5999999999999996 0.0
1.1 2.66 0.0
1.1 2.7199999999999998 0.0
1.1 2.7800000000000002 0.0
1.1 2.84 0.0
1.1 2.9000000000000004 0.0
1.1 2.9599999999999995 0.0
1.1 3.02 0.0
1.1 3.0799999999999996 0.0
1.1 3.14 0.0
1.1 3.1999999999999997 0.0
1.1 3.2600000000000002 0.0
1.1 3.3200000000000003 0.0
1.1 3.38 0.0
1.1 3.4399999999999995 0.0
1.1 3.5 0.0
1.1600000000000001 0.5 0.0
1.1600000000000001 0.56 0.0
1.1600000000000001 0.62 0.0
1.1600000000000001 0.6799999999999999 0.0
1.1600000000000001 0.74 0.0
1.1600000000000001 0.8 0.0
1.1600000000000001 0.86 0.0
1.1600000000000001 0.92 0.0
1.1600000000000001 0.98 0.0
1.1600000000000001 1.04 0.0
1.1600000000000001 1.1 0.0
1.1600000000000001 1.1600000000000001 0.0
1.1600000000000001 1.22 0.0014719194623135613
1.1600000000000001 1.28 0.000672691924161555
1.1600000000000001 1.34 0.0008117848870472021
1.1600000000000001 1.4 0.002346747603490404
1.1600000000000001 1.46 -6.625118020808303e-6
1.1600000000000001 1.52 -2.805222290617135e-16
1.1600000000000001 1.58 -8.296541631576911e-18
1.1600000000000001 1.6400000000000001 1.1115746852718229e-17
1.1600000000000001 1.7000000000000002 -7.708604428323894e-17
1.1600000000000001 1.76 -7.52846922988872e-18
1.1600000000000001 1.82 3.976753477669298e-16
1.1600000000000001 1.8800000000000001 9.345188123883286e-17
1.1600000000000001 1.94 -1.6382305421272248e-37
1.1600000000000001 2.0 -4.1847864881479683e-17
1.1600000000000001 2.06 -1.4560769461336893e-37
1.1600000000000001 2.12 1.3973666863087078e-34
1.1600000000000001 2.18 3.55919234761955e-17
1.1600000000000001 2.2399999999999998 6.360670658966127e-27
1.1600000000000001 2.3000000000000003 -7.000804777658244e-26
1.1600000000000001 2.36 2.1344961445961235e-26
1.1600000000000001 2.4200000000000004 7.108764183895369e-35
1.1600000000000001 2.48 0.0
1.1600000000000001 2.5400000000000005 0.0
1.1600000000000001 2.5999999999999996 0.0
1.1600000000000001 2.66 0.0
1.1600000000000001 2.7199999999999998 0.0
1.1600000000000001 2.7800000000000002 0.0
1.1600000000000001 2.84 0.0
1.1600000000000001 2.9000000000000004 0.0
1.1600000000000001 2.9599999999999995 0.0
1.1600000000000001 3.02 0.0
1.1600000000000001 3.0799999999999996 0.0
1.1600000000000001 3.14 0.0
1.1600000000000001 3.1999999999999997 0.0
1.1600000000000001 3.2600000000000002 0.0
1.1600000000000001 3.3200000000000003 0.0
1.1600000000000001 3.38 0.0
1.1600000000000001 3.4399999999999995 0.0
1.1600000000000001 3.5 0.0
1.22 0.5 0.0
1.22 0.56 0.0
1.22 0.62 0.0
1.22 0.6799999999999999 0.0
1.22 0.74 0.0
1.22 0.8 0.0
1.22 0.86 0.0
1.22 0.92 0.0
1.22 0.98 0.0
1.22 1.04 0.0
1.22 1.1 0.0
1.22 1.1600000000000001 0.0
1.22 1.22 0.003409847512256363
1.22 1.28 0.008552047455200024
1.22 1.34 -0.004556189107018045
1.22 1.4 0.0021197240940367006
1.22 1.46 0.0071425556619528026
1.22 1.52 1.862896834562827e-5
1.22 1.58 4.6944378028469915e-14
1.22 1.6400000000000001 -4.418705566656324e-17
1.22 1.7000000000000002 4.264094909126984e-17
1.22 1.76 3.891275278176611e-19
1.22 1.82 -3.6230896462442064e-17
1.22 1.8800000000000001 9.743313143059369e-16
1.22 1.94 -4.939991499275485e-37
1.22 2.0 -7.867678722430536e-18
1.22 2.06 -8.448627770324437e-38
1.22 2.12 7.28546158378676e-35
1.22 2.18 2.0279425630988085e-17
1.22 2.2399999999999998 2.906881067692407e-26
1.22 2.3000000000000003 2.861446843049232e-23
1.22 2.36 1.864198780849718e-21
1.22 2.4200000000000004 3.593369602658301e-35
1.22 2.48 0.0
1.22 2.5400000000000005 0.0
1.22 2.5999999999999996 0.0
1.22 2.66 0.0
1.22 2.7199999999999998 0.0
1.22 2.7800000000000002 0.0
1.22 2.84 0.0
1.22 2.9000000000000004 0.0
1.22 2.9599999999999995 0.0
1.22 3.02 0.0
1.22 3.0799999999999996 0.0
1.22 3.14 0.0
1.22 3.1999999999999997 0.0
1.22 3.2600000000000002 0.0
1.22 3.3200000000000003 0.0
1.22 3.38 0.0
1.22 3.4399999999999995 0.0
1.22 3.5 0.0
1.28 0.5 0.0
1.28 0.56 0.0
1.28 0.62 0.0
1.28 0.6799999999999999 0.0
1.28 0.74 0.0
1.28 0.8 0.0
1.28 0.86 0.0
1.28 0.92 0.0
1.28 0.98 0.0
1.28 1.04 0.0
1.28 1.1 0.0
1.28 1.1600000000000001 0.0
1.28 1.22 0.00010541982471757676
1.28 1.28 0.017812769284422166
1.28 1.34 0.06297882178114231
1.28 1.4 0.2622888372479561
1.28 1.46 0.010419487866777863
1.28 1.52 0.04230414030872923
1.28 1.58 4.0979168527456125e-5
1.28 1.6400000000000001 2.7522968225204224e-15
1.28 1.7000000000000002 -1.2101306910635059e-15
1.28 1.76 1.0128058334748628e-16
1.28 1.82 -4.471537377772655e-17
1.28 1.8800000000000001 4.853619190363533e-16
1.28 1.94 2.2034775189369082e-36
1.28 2.0 2.1985721218414682e-16
1.28 2.06 -1.9244252970006116e-37
1.28 2.12 1.2072583050898659e-34
1.28 2.18 4.078215577213809e-17
1.28 2.2399999999999998 4.0063481593193586e-23
1.28 2.3000000000000003 5.1322517196145985e-20
1.28 2.36 6.7297361876387425e-19
1.28 2.4200000000000004 -3.113073990930143e-35
1.28 2.48 0.0
1.28 2.5400000000000005 0.0
1.28 2.5999999999999996 0.0
1.28 2.66 0.0
1.28 2.7199999999999998 0.0
1.28 2.7800000000000002 0.0
1.28 2.84 0.0
1.28 2.9000000000000004 0.0
1.28 2.9599999999999995 0.0
1.28 3.02 0.0
1.28 3.0799999999999996 0.0
1.28 3.14 0.0
1.28 3.1999999999999997 0.0
1.28 3.2600000000000002 0.0
1.28 3.3200000000000003 0.0
1.28 3.38 0.0
1.28 3.4399999999999995 0.0
1.28 3.5 0.0
1.34 0.5 0.0
1.34 0.56 0.0
1.34 0.62 0.0
1.34 0.6799999999999999 0.0
1.34 0.74 0.0
1.34 0.8 0.0
1.34 0.86 0.0
1.34 0.92 0.0
1.34 0.98 0.0
1.34 1.04 0.0
1.34 1.1 0.0
1.34 1.1600000000000001 0.0
1.34 1.22 1.7246524146986482e-6
1.34 1.28 0.0006154424884322423
1.34 1.34 0.0724136333210595
1.34 1.4 0.15119659805099314
1.34 1.46 0.3016324956186914
1.34 1.52 0.025760398257143644
1.34 1.58 0.06038389877640764
1.34 1.6400000000000001 0.0003810198245571471
1.34 1.7000000000000002 2.4292419142412104e-9
1.34 1.76 -3.9096562094796973e-17
1.34 1.82 -5.36634813547227e-17
1.34 1.8800000000000001 3.560821765205882e-17
1.34 1.94 1.7908864460402923e-35
1.34 2.0 5.437647036817003e-16
1.34 2.06 1.4440214149570158e-38
1.34 2.12 1.0668203532684709e-28
1.34 2.18 -1.579781759171737e-17
1.34 2.2399999999999998 2.809955591358945e-17
1.34 2.3000000000000003 2.23818569119632e-19
1.34 2.36 5.90609604611654e-16
1.34 2.4200000000000004 -4.267167970313064e-34
1.34 2.48 0.0
1.34 2.5400000000000005 0.0
1.34 2.5999999999999996 0.0
1.34 2.66 0.0
1.34 2.7199999999999998 0.0
1.34 2.7800000000000002 0.0
1.34 2.84 0.0
1.34 2.9000000000000004 0.0
1.34 2.9599999999999995 0.0
1.34 3.02 0.0
1.34 3.0799999999999996 0.0
1.34 3.14 0.0
1.34 3.1999999999999997 0.0
1.34 3.2600000000000002 0.0
1.34 3.3200000000000003 0.0
1.34 3.38 0.0
1.34 3.4399999999999995 0.0
1.34 3.5 0.0
1.4 0.5 0.0
1.4 0.56 0.0
1.4 0.62 0.0
1.4 0.6799999999999999 0.0
1.4 0.74 0.0
1.4 0.8 0.0
1.4 0.86 0.0
1.4 0.92 0.0
1.4 0.98 0.0
1.4 1.04 0.0
1.4 1.1 0.0
1.4 1.1600000000000001 0.0
1.4 1.22 0.0001447181982430608
1.4 1.28 -3.3631110869421812e-6
1.4 1.34 0.002827342020498334
1.4 1.4 0.21150371748592856
1.4 1.46 0.541564621288716
1.4 1.52 0.5749255754332306
1.4 1.58 0.1557017724699485
1.4 1.6400000000000001 0.1506711413739733
1.4 1.7000000000000002 0.0006343674365077186
1.4 1.76 1.1584112311328666e-15
1.4 1.82 5.69720942269947e-16
1.4 1.8800000000000001 9.260927006314622e-17
1.4 1.94 4.504942395653995e-35
1.4 2.0 -1.1844152769773967e-16
1.4 2.06 4.347816125492407e-25
1.4 2.12 4.027605831170237e-18
1.4 2.18 -9.109922572714899e-16
1.4 2.2399999999999998 4.91168320018974e-14
1.4 2.3000000000000003 8.684617511221581e-18
1.4 2.36 2.370487135546923e-13
1.4 2.4200000000000004 -5.333395122685697e-34
1.4 2.48 0.0
1.4 2.5400000000000005 0.0
1.4 2.5999999999999996 0.0
1.4 2.66 0.0
1.4 2.7199999999999998 0.0
1.4 2.7800000000000002 0.0
1.4 2.84 0.0
1.4 2.9000000000000004 0.0
1.4 2.9599999999999995 0.0
1.4 3.02 0.0
1.4 3.0799999999999996 0.0
1.4 3.14 0.0
1.4 3.1999999999999997 0.0
1.4 3.2600000000000002 0.0
1.4 3.3200000000000003 0.0
1.4 3.38 0.0
1.4 3.4399999999999995 0.0
1.4 3.5 0.0
1.46 0.5 0.0
1.46 0.56 0.0
1.46 0.62 0.0
1.46 0.6799999999999999 0.0
1.46 0.74 0.0
1.46 0.8 0.0
1.46 0.86 0.0
1.46 0.92 0.0
1.46 0.98 0.0
1.46 1.04 0.0
1.46 1.1 0.0
1.46 1.1600000000000001 0.0
1.46 1.22 -3.497255283056294e-17
1.46 1.28 1.2056259981313513e-7
1.46 1.34 0.00037572515463936667
1.46 1.4 0.01145093961933401
1.46 1.46 0.48371801043868207
1.46 1.52 0.9231969636222989
1.46 1.58 0.907338383413149
1.46 1.6400000000000001 0.4182482220323119
1.46 1.7000000000000002 0.2525252134791186
1.46 1.76 0.0018392622829183519
1.46 1.82 3.870220039784631e-9
1.46 1.8800000000000001 7.427639267172953e-17
1.46 1.94 2.5941733216635178e-23
1.46 2.0 4.519611225915775e-16
1.46 2.06 -8.583179340219908e-15
1.46 2.12 1.5440012228208004e-11
1.46 2.18 1.5769246488433719e-12
1.46 2.2399999999999998 1.632668588252915e-15
1.46 2.3000000000000003 1.8954500997318886e-10
1.46 2.36 -6.453674414006715e-14
1.46 2.4200000000000004 -7.010988048164914e-35
1.46 2.48 0.0
1.46 2.5400000000000005 0.0
1.46 2.5999999999999996 0.0
1.46 2.66 0.0
1.46 2.7199999999999998 0.0
1.46 2.7800000000000002 0.0
1.46 2.84 0.0
1.46 2.9000000000000004 0.0
1.46 2.9599999999999995 0.0
1.46 3.02 0.0
1.46 3.0799999999999996 0.0
1.46 3.14 0.0
1.46 3.1999999999999997 0.0
1.46 3.2600000000000002 0.0
1.46 3.3200000000000003 0.0
1.46 3.38 0.0
1.46 3.4399999999999995 0.0
1.46 3.5 0.0
1.52 0.5 0.0
1.52 0.56 0.0
1.52 0.62 0.0
1.52 0.6799999999999999 0.0
1.52 0.74 0.0
1.52 0.8 0.0
1.52 0.86 0.0
1.52 0.92 0.0
1.52 0.98 0.0
1.52 1.04 0.0
1.52 1.1 0.0
1.52 1.1600000000000001 0.0
1.52 1.22 7.34656665939341e-7
1.52 1.28 0.00510373753725585
1.52 1.34 4.1492776302265065e-6
1.52 1.4 0.0023450044694657037
1.52 1.46 0.04085350050468017
1.52 1.52 1.1188235814103638
1.52 1.58 1.8086039380155936
1.52 1.6400000000000001 1.1421782778823117
1.52 1.7000000000000002 1.0347541255682635
1.52 1.76 0.8481973447844221
1.52 1.82 0.003812814613938161
1.52 1.8800000000000001 1.2074917498284569e-9
1.52 1.94 -3.6065990218679754e-9
1.52 2.0 1.822071797564666e-7
1.52 2.06 7.925678770370654e-10
1.52 2.12 -2.4374557177738596e-14
1.52 2.18 1.6170056015256665e-10
1.52 2.2399999999999998 4.567437219189072e-8
1.52 2.3000000000000003 -3.129846282532392e-9
1.52 2.36 -1.231187933709443e-10
1.52 2.4200000000000004 -6.4319999023175435e-34
1.52 2.48 0.0
1.52 2.5400000000000005 0.0
1.52 2.5999999999999996 0.0
1.52 2.66 0.0
1.52 2.7199999999999998 0.0
1.52 2.7800000000000002 0.0
1.52 2.84 0.0
1.52 2.9000000000000004 0.0
1.52 2.9599999999999995 0.0
1.52 3.02 0.0
1.52 3.0799999999999996 0.0
1.52 3.14 0.0
1.52 3.1999999999999997 0.0
1.52 3.2600000000000002 0.0
1.52 3.3200000000000003 0.0
1.52 3.38 0.0
1.52 3.4399999999999995 0.0
1.52 3.5 0.0
1.58 0.5 0.0
1.58 0.56 0.0
1.58 0.62 0.0
1.58 0.6799999999999999 0.0
1.58 0.74 0.0
1.58 0.8 0.0
1.58 0.86 0.0
1.58 0.92 0.0
1.58 0.98 0.0
1.58 1.04 0.0
1.58 1.1 0.0
1.58 1.1600000000000001 0.0
1.58 1.22 0.04259616468565816
1.58 1.28 0.10348846972599643
1.58 1.34 0.021578534923502188
1.58 1.4 4.008271430198433e-5
1.58 1.46 0.010340719234666855
1.58 1.52 0.12912803561849243
1.58 1.58 2.2546184768776163
1.58 1.6400000000000001 2.491541484772574
1.58 1.7000000000000002 1.181419926139002
1.58 1.76 2.1392995121379066
1.58 1.82 2.106402240668701
1.58 1.8800000000000001 0.017746051756742112
1.58 1.94 4.6843798266738823e-7
1.58 2.0 1.4337765299412843e-7
1.58 2.06 -2.546502727370051e-7
1.58 2.12 9.389458786856925e-6
1.58 2.18 -1.394064370826832e-5
1.58 2.2399999999999998 -2.1376393061747007e-7
1.58 2.3000000000000003 3.09698286969812e-8
1.58 2.36 1.6353443318024323e-12
1.58 2.4200000000000004 3.7455336798263787e-32
1.58 2.48 0.0
1.58 2.5400000000000005 0.0
1.58 2.5999999999999996 0.0
1.58 2.66 0.0
1.58 2.7199999999999998 0.0
1.58 2.7800000000000002 0.0
1.58 2.84 0.0
1.58 2.9000000000000004 0.0
1.58 2.9599999999999995 0.0
1.58 3.02 0.0
1.58 3.0799999999999996 0.0
1.58 3.14 0.0
1.58 3.1999999999999997 0.0
1.58 3.2600000000000002 0.0
1.58 3.3200000000000003 0.0
1.58 3.38 0.0
1.58 3.4399999999999995 0.0
1.58 3.5 0.0
1.6400000000000001 0.5 0.0
1.6400000000000001 0.56 0.0
1.6400000000000001 0.62 0.0
1.6400000000000001 0.6799999999999999 0.0
1.6400000000000001 0.74 0.0
1.6400000000000001 0.8 0.0
1.6400000000000001 0.86 0.0
1.6400000000000001 0.92 0.0
1.6400000000000001 0.98 0.0
1.6400000000000001 1.04 0.0
1.6400000000000001 1.1 0.0
1.6400000000000001 1.1600000000000001 0.0
1.6400000000000001 1.22 3.557965835347827e-6
1.6400000000000001 1.28 0.13064438071491663
1.6400000000000001 1.34 0.0952348545025794
1.6400000000000001 1.4 0.0704858897223643
1.6400000000000001 1.46 0.2337454483095503
1.6400000000000001 1.52 0.038298767238853657
1.6400000000000001 1.58 0.3136853818299114
1.6400000000000001 1.6400000000000001 3.8278030303136727
1.6400000000000001 1.7000000000000002 2.892468809523576
1.6400000000000001 1.76 1.077062556897585
1.6400000000000001 1.82 3.206480473261733
1.6400000000000001 1.8800000000000001 3.0967792736819892
1.6400000000000001 1.94 0.05000617137924797
1.6400000000000001 2.0 -1.089099842204779e-6
1.6400000000000001 2.06 1.8236675408576583e-6
1.6400000000000001 2.12 -7.923297424957142e-7
1.6400000000000001 2.18 1.10668371114793e-5
1.6400000000000001 2.2399999999999998 1.2369434196103886e-9
1.6400000000000001 2.3000000000000003 -4.924051524193906e-10
1.6400000000000001 2.36 1.647068052916421e-9
1.6400000000000001 2.4200000000000004 2.1521280515213527e-26
1.6400000000000001 2.48 0.0
1.6400000000000001 2.5400000000000005 0.0
1.6400000000000001 2.5999999999999996 0.0
1.6400000000000001 2.66 0.0
1.6400000000000001 2.7199999999999998 0.0
1.6400000000000001 2.7800000000000002 0.0
1.6400000000000001 2.84 0.0
1.6400000000000001 2.9000000000000004 0.0
1.6400000000000001 2.9599999999999995 0.0
1.6400000000000001 3.02 0.0
1.6400000000000001 3.0799999999999996 0.0
1.6400000000000001 3.14 0.0
1.6400000000000001 3.1999999999999997 0.0
1.6400000000000001 3.2600000000000002 0.0
1.6400000000000001 3.3200000000000003 0.0
1.6400000000000001 3.38 0.0
1.6400000000000001 3.4399999999999995 0.0
1.6400000000000001 3.5 0.0
1.7000000000000002 0.5 0.0
1.7000000000000002 0.56 0.0
1.7000000000000002 0.62 0.0
1.7000000000000002 0.6799999999999999 0.0
1.7000000000000002 0.74 0.0
1.7000000000000002 0.8 0.0
1.7000000000000002 0.86 0.0
1.7000000000000002 0.92 0.0
1.7000000000000002 0.98 0.0
1.7000000000000002 1.04 0.0
1.7000000000000002 1.1 0.0
1.7000000000000002 1.1600000000000001 0.0
1.7000000000000002 1.22 7.481953763031248e-11
1.7000000000000002 1.28 0.025303455752410057
1.7000000000000002 1.34 0.3017148566654903
1.7000000000000002 1.4 0.01216109028022168
1.7000000000000002 1.46 0.16907831172662047
1.7000000000000002 1.52 0.7227257348439209
1.7000000000000002 1.58 0.1351089623761478
1.7000000000000002 1.6400000000000001 0.7399396181514498
1.7000000000000002 1.7000000000000002 5.372777592392769
1.7000000000000002 1.76 2.9754887074069014
1.7000000000000002 1.82 1.0664323399224755
1.7000000000000002 1.8800000000000001 3.8023842118388917
1.7000000000000002 1.94 3.717331735581556
1.7000000000000002 2.0 0.10345766024161109
1.7000000000000002 2.06 -3.9454368442724876e-5
1.7000000000000002 2.12 -1.4751122362891815e-6
1.7000000000000002 2.18 3.7469437629784105e-6
1.7000000000000002 2.2399999999999998 -1.2727180095589778e-5
1.7000000000000002 2.3000000000000003 2.5141142456596032e-9
1.7000000000000002 2.36 2.1260751266995344e-8
1.7000000000000002 2.4200000000000004 -4.9915016161242147e-20
1.7000000000000002 2.48 0.0
1.7000000000000002 2.5400000000000005 0.0
1.7000000000000002 2.5999999999999996 0.0
1.7000000000000002 2.66 0.0
1.7000000000000002 2.7199999999999998 0.0
1.7000000000000002 2.7800000000000002 0.0
1.7000000000000002 2.84 0.0
1.7000000000000002 2.9000000000000004 0.0
1.7000000000000002 2.9599999999999995 0.0
1.7000000000000002 3.02 0.0
1.7000000000000002 3.0799999999999996 0.0
1.7000000000000002 3.14 0.0
1.7000000000000002 3.1999999999999997 0.0
1.7000000000000002 3.2600000000000002 0.0
1.7000000000000002 3.3200000000000003 0.0
1.7000000000000002 3.38 0.0
1.7000000000000002 3.4399999999999995 0.0
1.7000000000000002 3.5 0.0
1.76 0.5 0.0
1.76 0.56 0.0
1.76 0.62 0.0
1.76 0.6799999999999999 0.0
1.76 0.74 0.0
1.76 0.8 0.0
1.76 0.86 0.0
1.76 0.92 0.0
1.76 0.98 0.0
1.76 1.04 0.0
1.76 1.1 0.0
1.76 1.1600000000000001 0.0
1.76 1.22 6.69778193465747e-20
1.76 1.28 6.498931693702977e-10
1.76 1.34 1.8544435146877624e-6
1.76 1.4 0.6177719713708317
1.76 1.46 0.9270442676659996
1.76 1.52 0.37897947278988037
1.76 1.58 1.5863519858390152
1.76 1.6400000000000001 0.3328528687036124
1.76 1.7000000000000002 1.2884289940990987
1.76 1.76 7.258180636643887
1.76 1.82 2.8031788573950083
1.76 1.8800000000000001 1.4525139937845055
1.76 1.94 3.7811849378288374
1.76 2.0 4.241555341485235
1.76 2.06 0.1363953144983705
1.76 2.12 9.637944932352341e-5
1.76 2.18 -1.4087887175167292e-8
1.76 2.2399999999999998 -4.12773087570055e-6
1.76 2.3000000000000003 -1.5928784706795494e-5
1.76 2.36 0.00014396103655281214
1.76 2.4200000000000004 -2.04778593088536e-18
1.76 2.48 0.0
1.76 2.5400000000000005 0.0
1.76 2.5999999999999996 0.0
1.76 2.66 0.0
1.76 2.7199999999999998 0.0
1.76 2.7800000000000002 0.0
1.76 2.84 0.0
1.76 2.9000000000000004 0.0
1.76 2.9599999999999995 0.0
1.76 3.02 0.0
1.76 3.0799999999999996 0.0
1.76 3.14 0.0
1.76 3.1999999999999997 0.0
1.76 3.2600000000000002 0.0
1.76 3.3200000000000003 0.0
1.76 3.38 0.0
1.76 3.4399999999999995 0.0
1.76 3.5 0.0
1.82 0.5 0.0
1.82 0.56 0.0
1.82 0.62 0.0
1.82 0.6799999999999999 0.0
1.82 0.74 0.0
1.82 0.8 0.0
1.82 0.86 0.0
1.82 0.92 0.0
1.82 0.98 0.0
1.82 1.04 0.0
1.82 1.1 0.0
1.82 1.1600000000000001 0.0
1.82 1.22 -2.698686978320949e-17
1.82 1.28 -2.4169050212647324e-10
1.82 1.34 -1.6891339157857416e-10
1.82 1.4 0.06993052175649843
1.82 1.46 0.8074649114635751
1.82 1.52 0.001233769562384998
1.82 1.58 0.693035694202412
1.82 1.6400000000000001 2.6737648496368656
1.82 1.7000000000000002 0.6858343957651853
1.82 1.76 1.8694586797165536
1.82 1.82 9.994404816625028
1.82 1.8800000000000001 2.598525582376709
1.82 1.94 2.125313124899326
1.82 2.0 3.3270986945388255
1.82 2.06 3.7299075323489643
1.82 2.12 0.14095831784042304
1.82 2.18 0.00019223997281234657
1.82 2.2399999999999998 8.876211106110045e-5
1.82 2.3000000000000003 8.920564518171534e-6
1.82 2.36 -1.5491880241022948e-6
1.82 2.4200000000000004 1.473184121661575e-18
1.82 2.48 0.0
1.82 2.5400000000000005 0.0
1.82 2.5999999999999996 0.0
1.82 2.66 0.0
1.82 2.7199999999999998 0.0
1.82 2.7800000000000002 0.0
1.82 2.84 0.0
1.82 2.9000000000000004 0.0
1.82 2.9599999999999995 0.0
1.82 3.02 0.0
1.82 3.0799999999999996 0.0
1.82 3.14 0.0
1.82 3.1999999999999997 0.0
1.82 3.2600000000000002 0.0
1.82 3.3200000000000003 0.0
1.82 3.38 0.0
1.82 3.4399999999999995 0.0
1.82 3.5 0.0
1.8800000000000001 0.5 0.0
1.8800000000000001 0.56 0.0
1.8800000000000001 0.62 0.0
1.8800000000000001 0.6799999999999999 0.0
1.8800000000000001 0.74 0.0
1.8800000000000001 0.8 0.0
1.8800000000000001 0.86 0.0
1.8800000000000001 0.92 0.0
1.8800000000000001 0.98 0.0
1.8800000000000001 1.04 0.0
1.8800000000000001 1.1 0.0
1.8800000000000001 1.1600000000000001 0.0
1.8800000000000001 1.22 1.5841197092585147e-16
1.8800000000000001 1.28 4.758563165154554e-13
1.8800000000000001 1.34 4.982269552348809e-11
1.8800000000000001 1.4 2.664987112005248e-6
1.8800000000000001 1.46 0.0874588448379237
1.8800000000000001 1.52 0.9875877130336216
1.8800000000000001 1.58 2.327511200204809
1.8800000000000001 1.6400000000000001 1.0113861878988586
1.8800000000000001 1.7000000000000002 3.601307203836495
1.8800000000000001 1.76 1.1759851790408873
1.8800000000000001 1.82 2.457368362143668
1.8800000000000001 1.8800000000000001 14.170303535681667
1.8800000000000001 1.94 2.743982559691583
1.8800000000000001 2.0 2.4640626333414866
1.8800000000000001 2.06 2.5994818857884785
1.8800000000000001 2.12 2.48010347757899
1.8800000000000001 2.18 0.03475387439235803
1.8800000000000001 2.2399999999999998 0.0005064093173629292
1.8800000000000001 2.3000000000000003 0.0002043157561199274
1.8800000000000001 2.36 5.4525246394004026e-5
1.8800000000000001 2.4200000000000004 5.3129944055815794e-17
1.8800000000000001 2.48 0.0
1.8800000000000001 2.5400000000000005 0.0
1.8800000000000001 2.5999999999999996 0.0
1.8800000000000001 2.66 0.0
1.8800000000000001 2.7199999999999998 0.0
1.8800000000000001 2.7800000000000002 0.0
1.8800000000000001 2.84 0.0
1.8800000000000001 2.9000000000000004 0.0
1.8800000000000001 2.9599999999999995 0.0
1.8800000000000001 3.02 0.0
1.8800000000000001 3.0799999999999996 0.0
1.8800000000000001 3.14 0.0
1.8800000000000001 3.1999999999999997 0.0
1.8800000000000001 3.2600000000000002 0.0
1.8800000000000001 3.3200000000000003 0.0
1.8800000000000001 3.38 0.0
1.8800000000000001 3.4399999999999995 0.0
1.8800000000000001 3.5 0.0
1.94 0.5 0.0
1.94 0.56 0.0
1.94 0.62 0.0
1.94 0.6799999999999999 0.0
1.94 0.74 0.0
1.94 0.8 0.0
1.94 0.86 0.0
1.94 0.92 0.0
1.94 0.98 0.0
1.94 1.04 0.0
1.94 1.1 0.0
1.94 1.1600000000000001 0.0
1.94 1.22 2.9001743781377805e-16
1.94 1.28 2.1386809116907854e-15
1.94 1.34 1.0651097256416818e-11
1.94 1.4 1.3512859943014864e-6
1.94 1.46 3.455815881686643e-8
1.94 1.52 0.1671980731996862
1.94 1.58 0.8787127330932104
1.94 1.6400000000000001 2.687785738907597
1.94 1.7000000000000002 1.3143750668796086
1.94 1.76 4.367232107477347
1.94 1.82 1.7848454681910992
1.94 1.8800000000000001 2.7404303528991787
1.94 1.94 15.855839141827229
1.94 2.0 3.1799194127206394
1.94 2.06 2.4618228529006907
1.94 2.12 1.8284699637283033
1.94 2.18 1.3544672322592635
1.94 2.2399999999999998 0.016811776061430177
1.94 2.3000000000000003 0.001555311466541321
1.94 2.36 0.0008717828535276734
1.94 2.4200000000000004 3.9100703981007704e-17
1.94 2.48 0.0
1.94 2.5400000000000005 0.0
1.94 2.5999999999999996 0.0
1.94 2.66 0.0
1.94 2.7199999999999998 0.0
1.94 2.7800000000000002 0.0
1.94 2.84 0.0
1.94 2.9000000000000004 0.0
1.94 2.9599999999999995 0.0
1.94 3.02 0.0
1.94 3.0799999999999996 0.0
1.94 3.14 0.0
1.94 3.1999999999999997 0.0
1.94 3.2600000000000002 0.0
1.94 3.3200000000000003 0.0
1.94 3.38 0.0
1.94 3.4399999999999995 0.0
1.94 3.5 0.0
2.0 0.5 0.0
2.0 0.56 0.0
2.0 0.62 0.0
2.0 0.6799999999999999 0.0
2.0 0.74 0.0
2.0 0.8 0.0
2.0 0.86 0.0
2.0 0.92 0.0
2.0 0.98 0.0
2.0 1.04 0.0
2.0 1.1 0.0
2.0 1.1600000000000001 0.0
2.0 1.22 6.3350709364107234e-18
2.0 1.28 6.656303422692319e-14
2.0 1.34 -2.958035840684832e-12
2.0 1.4 1.8028834669438087e-7
2.0 1.46 1.165062395408083e-8
2.0 1.52 1.3339294665578983e-6
2.0 1.58 0.031987288775389686
2.0 1.6400000000000001 0.0004465880197649972
2.0 1.7000000000000002 2.674121911783444
2.0 1.76 1.4831347636318566
2.0 1.82 4.411246858497486
2.0 1.8800000000000001 2.30071520845226
2.0 1.94 2.9215752261612993
2.0 2.0 13.466796027802463
2.0 2.06 4.161858149769895
2.0 2.12 2.021785040090752
2.0 2.18 1.2596751585435886
2.0 2.2399999999999998 0.628855923669951
2.0 2.3000000000000003 0.014825873402338673
2.0 2.36 0.0036926795169929774
2.0 2.4200000000000004 3.8913572708175436e-17
2.0 2.48 0.0
2.0 2.5400000000000005 0.0
2.0 2.5999999999999996 0.0
2.0 2.66 0.0
2.0 2.7199999999999998 0.0
2.0 2.7800000000000002 0.0
2.0 2.84 0.0
2.0 2.9000000000000004 0.0
2.0 2.9599999999999995 0.0
2.0 3.02 0.0
2.0 3.0799999999999996 0.0
2.0 3.14 0.0
2.0 3.1999999999999997 0.0
2.0 3.2600000000000002 0.0
2.0 3.3200000000000003 0.0
2.0 3.38 0.0
2.0 3.4399999999999995 0.0
2.0 3.5 0.0
2.06 0.5 0.0
2.06 0.56 0.0
2.06 0.62 0.0
2.06 0.6799999999999999 0.0
2.06 0.74 0.0
2.06 0.8 0.0
2.06 0.86 0.0
2.06 0.92 0.0
2.06 0.98 0.0
2.06 1.04 0.0
2.06 1.1 0.0
2.06 1.1600000000000001 0.0
2.06 1.22 2.5373129780675516e-18
2.06 1.28 2.1134966291370215e-11
2.06 1.34 1.5784184249061394e-12
2.06 1.4 1.4047622354996582e-9
2.06 1.46 1.8975680524101902e-8
2.06 1.52 3.8826175709922056e-8
2.06 1.58 4.10066205828288e-5
2.06 1.6400000000000001 0.0007843778046620583
2.06 1.7000000000000002 0.49852423242661054
2.06 1.76 2.2125963157082995
2.06 1.82 1.2982490105932352
2.06 1.8800000000000001 3.8524170350400273
2.06 1.94 2.6330546859030473
2.06 2.0 2.756279830090905
2.06 2.06 8.431270370679336
2.06 2.12 3.369155031574071
2.06 2.18 1.2218630995897215
2.06 2.2399999999999998 0.6783874144926583
2.06 2.3000000000000003 0.24597744680473693
2.06 2.36 0.011051598228647748
2.06 2.4200000000000004 8.827067128326554e-15
2.06 2.48 0.0
2.06 2.5400000000000005 0.0
2.06 2.5999999999999996 0.0
2.06 2.66 0.0
2.06 2.7199999999999998 0.0
2.06 2.7800000000000002 0.0
2.06 2.84 0.0
2.06 2.9000000000000004 0.0
2.06 2.9599999999999995 0.0
2.06 3.02 0.0
2.06 3.0799999999999996 0.0
2.06 3.14 0.0
2.06 3.1999999999999997 0.0
2.06 3.2600000000000002 0.0
2.06 3.3200000000000003 0.0
2.06 3.38 0.0
2.06 3.4399999999999995 0.0
2.06 3.5 0.0
2.12 0.5 0.0
2.12 0.56 0.0
2.12 0.62 0.0
2.12 0.6799999999999999 0.0
2.12 0.74 0.0
2.12 0.8 0.0
2.12 0.86 0.0
2.12 0.92 0.0
2.12 0.98 0.0
2.12 1.04 0.0
2.12 1.1 0.0
2.12 1.1600000000000001 0.0
2.12 1.22 -1.234228592245714e-17
2.12 1.28 2.3302551379028856e-14
2.12 1.34 -6.718067364695428e-13
2.12 1.4 -5.577612017051607e-12
2.12 1.46 1.8290834870440979e-9
2.12 1.52 5.458292458947224e-7
2.12 1.58 1.8227135602906032e-6
2.12 1.6400000000000001 0.0014261391411713963
2.12 1.7000000000000002 0.11543618274794275
2.12 1.76 0.2159065986487401
2.12 1.82 1.4034771568139817
2.12 1.8800000000000001 1.0076263659966633
2.12 1.94 2.746368662832743
2.12 2.0 2.475319894988528
2.12 2.06 2.1486514145055042
2.12 2.12 3.6463603605302923
2.12 2.18 2.039752929141142
2.12 2.2399999999999998 0.6598608980970078
2.12 2.3000000000000003 0.31052414951103824
2.12 2.36 0.07574398473304109
2.12 2.4200000000000004 1.7191012067080011e-7
2.12 2.48 0.0
2.12 2.5400000000000005 0.0
2.12 2.5999999999999996 0.0
2.12 2.66 0.0
2.12 2.7199999999999998 0.0
2.12 2.7800000000000002 0.0
2.12 2.84 0.0
2.12 2.9000000000000004 0.0
2.12 2.9599999999999995 0.0
2.12 3.02 0.0
2.12 3.0799999999999996 0.0
2.12 3.14 0.0
2.12 3.1999999999999997 0.0
2.12 3.2600000000000002 0.0
2.12 3.3200000000000003 0.0
2.12 3.38 0.0
2.12 3.4399999999999995 0.0
2.12 3.5 0.0
2.18 0.5 0.0
2.18 0.56 0.0
2.18 0.62 0.0
2.18 0.6799999999999999 0.0
2.18 0.74 0.0
2.18 0.8 0.0
2.18 0.86 0.0
2.18 0.92 0.0
2.18 0.98 0.0
2.18 1.04 0.0
2.18 1.1 0.0
2.18 1.1600000000000001 0.0
2.18 1.22 4.9540981670375615e-17
2.18 1.28 3.6170630326073786e-14
2.18 1.34 8.772080806049508e-13
2.18 1.4 -1.3771051319457407e-13
2.18 1.46 -4.420245930520501e-10
2.18 1.52 7.719138516563638e-8
2.18 1.58 4.22016924906338e-6
2.18 1.6400000000000001 5.654794524501256e-6
2.18 1.7000000000000002 0.0010709113333391604
2.18 1.76 0.02324235236284034
2.18 1.82 0.01768054346032971
2.18 1.8800000000000001 0.7069591255753355
2.18 1.94 0.6453368783637894
2.18 2.0 1.624315883268444
2.18 2.06 1.7643096663931224
2.18 2.12 1.2489976731582284
2.18 2.18 1.4182462563532534
2.18 2.2399999999999998 1.115698291477262
2.18 2.3000000000000003 0.22596210647253137
2.18 2.36 0.09281678704052401
2.18 2.4200000000000004 0.002273527653963121
2.18 2.48 0.0
2.18 2.5400000000000005 0.0
2.18 2.5999999999999996 0.0
2.18 2.66 0.0
2.18 2.7199999999999998 0.0
2.18 2.7800000000000002 0.0
2.18 2.84 0.0
2.18 2.9000000000000004 0.0
2.18 2.9599999999999995 0.0
2.18 3.02 0.0
2.18 3.0799999999999996 0.0
2.18 3.14 0.0
2.18 3.1999999999999997 0.0
2.18 3.2600000000000002 0.0
2.18 3.3200000000000003 0.0
2.18 3.38 0.0
2.18 3.4399999999999995 0.0
2.18 3.5 0.0
2.2399999999999998 0.5 0.0
2.2399999999999998 0.56 0.0
2.2399999999999998 0.62 0.0
2.2399999999999998 0.6799999999999999 0.0
2.2399999999999998 0.74 0.0
2.2399999999999998 0.8 0.0
2.2399999999999998 0.86 0.0
2.2399999999999998 0.92 0.0
2.2399999999999998 0.98 0.0
2.2399999999999998 1.04 0.0
2.2399999999999998 1.1 0.0
2.2399999999999998 1.1600000000000001 0.0
2.2399999999999998 1.22 -1.930561333932678e-17
2.2399999999999998 1.28 -1.719732266575405e-14
2.2399999999999998 1.34 1.0337371048128102e-14
2.2399999999999998 1.4 -3.01463500791939e-14
2.2399999999999998 1.46 2.3087152059817568e-11
2.2399999999999998 1.52 -6.35380633557138e-10
2.2399999999999998 1.58 1.1724248792517515e-6
2.2399999999999998 1.6400000000000001 1.1825691860740095e-5
2.2399999999999998 1.7000000000000002 0.00025453004942330165
2.2399999999999998 1.76 0.0017198793352253734
2.2399999999999998 1.82 0.004042936565563725
2.2399999999999998 1.8800000000000001 0.05908945435607178
2.2399999999999998 1.94 0.3770977538079546
2.2399999999999998 2.0 0.3456832014123249
2.2399999999999998 2.06 0.729096154046182
2.2399999999999998 2.12 0.7740656514023898
2.2399999999999998 2.18 0.5566201128568478
2.2399999999999998 2.2399999999999998 0.4187857371812671
2.2399999999999998 2.3000000000000003 0.2795382731599275
2.2399999999999998 2.36 0.02542722057377029
2.2399999999999998 2.4200000000000004 6.2003152089345065e-9
2.2399999999999998 2.48 0.0
2.2399999999999998 2.5400000000000005 0.0
2.2399999999999998 2.5999999999999996 0.0
2.2399999999999998 2.66 0.0
2.2399999999999998 2.7199999999999998 0.0
2.2399999999999998 2.7800000000000002 0.0
2.2399999999999998 2.84 0.0
2.2399999999999998 2.9000000000000004 0.0
2.2399999999999998 2.9599999999999995 0.0
2.2399999999999998 3.02 0.0
2.2399999999999998 3.0799999999999996 0.0
2.2399999999999998 3.14 0.0
2.2399999999999998 3.1999999999999997 0.0
2.2399999999999998 3.2600000000000002 0.0
2.2399999999999998 3.3200000000000003 0.0
2.2399999999999998 3.38 0.0
2.2399999999999998 3.4399999999999995 0.0
2.2399999999999998 3.5 0.0
2.3000000000000003 0.5 0.0
2.3000000000000003 0.56 0.0
2.3000000000000003 0.62 0.0
2.3000000000000003 0.6799999999999999 0.0
2.3000000000000003 0.74 0.0
2.3000000000000003 0.8 0.0
2.3000000000000003 0.86 0.0
2.3000000000000003 0.92 0.0
2.3000000000000003 0.98 0.0
2.3000000000000003 1.04 0.0
2.3000000000000003 1.1 0.0
2.3000000000000003 1.1600000000000001 0.0
2.3000000000000003 1.22 6.058785836302702e-15
2.3000000000000003 1.28 6.587847084227787e-14
2.3000000000000003 1.34 9.43993497869975e-13
2.3000000000000003 1.4 -2.2840997235256037e-14
2.3000000000000003 1.46 2.3017336081040737e-9
2.3000000000000003 1.52 5.577213619617235e-10
2.3000000000000003 1.58 -6.264533849899559e-10
2.3000000000000003 1.6400000000000001 1.6586831383107866e-5
2.3000000000000003 1.7000000000000002 2.5342038728181258e-5
2.3000000000000003 1.76 0.0005520558625182947
2.3000000000000003 1.82 0.0019982023855081793
2.3000000000000003 1.8800000000000001 0.011051316617497687
2.3000000000000003 1.94 0.07253023458066607
2.3000000000000003 2.0 0.12547691373326136
2.3000000000000003 2.06 0.0701010624315869
2.3000000000000003 2.12 0.2211013361818499
2.3000000000000003 2.18 0.3737910450263373
2.3000000000000003 2.2399999999999998 0.1981274129902588
2.3000000000000003 2.3000000000000003 0.08801239128369885
2.3000000000000003 2.36 0.04866172340436354
2.3000000000000003 2.4200000000000004 0.005172915583251539
2.3000000000000003 2.48 0.0
2.3000000000000003 2.5400000000000005 0.0
2.3000000000000003 2.5999999999999996 0.0
2.3000000000000003 2.66 0.0
2.3000000000000003 2.7199999999999998 0.0
2.3000000000000003 2.7800000000000002 0.0
2.3000000000000003 2.84 0.0
2.3000000000000003 2.9000000000000004 0.0
2.3000000000000003 2.9599999999999995 0.0
2.3000000000000003 3.02 0.0
2.3000000000000003 3.0799999999999996 0.0
2.3000000000000003 3.14 0.0
2.3000000000000003 3.1999999999999997 0.0
2.3000000000000003 3.2600000000000002 0.0
2.3000000000000003 3.3200000000000003 0.0
2.3000000000000003 3.38 0.0
2.3000000000000003 3.4399999999999995 0.0
2.3000000000000003 3.5 0.0
2.36 0.5 0.0
2.36 0.56 0.0
2.36 0.62 0.0
2.36 0.6799999999999999 0.0
2.36 0.74 0.0
2.36 0.8 0.0
2.36 0.86 0.0
2.36 0.92 0.0
2.36 0.98 0.0
2.36 1.04 0.0
2.36 1.1 0.0
2.36 1.1600000000000001 0.0
2.36 1.22 -9.24465769763018e-18
2.36 1.28 -2.3915897293726386e-15
2.36 1.34 -4.993769450710985e-16
2.36 1.4 2.1817545568380045e-17
2.36 1.46 -2.094441254681757e-16
2.36 1.52 1.5610855916499906e-14
2.36 1.58 -9.352839178074732e-17
2.36 1.6400000000000001 -3.900681739515665e-17
2.36 1.7000000000000002 -3.1160876372776216e-18
2.36 1.76 2.715021681934162e-17
2.36 1.82 7.182159443829623e-12
2.36 1.8800000000000001 2.2417823558448276e-9
2.36 1.94 1.1395446302955133e-7
2.36 2.0 0.004284110532539156
2.36 2.06 0.04453689691304035
2.36 2.12 0.02033617013214662
2.36 2.18 0.04083330894459291
2.36 2.2399999999999998 0.08633819754906505
2.36 2.3000000000000003 0.04529331279705797
2.36 2.36 0.009940178681680557
2.36 2.4200000000000004 0.0
2.36 2.48 0.0
2.36 2.5400000000000005 0.0
2.36 2.5999999999999996 0.0
2.36 2.66 0.0
2.36 2.7199999999999998 0.0
2.36 2.7800000000000002 0.0
2.36 2.84 0.0
2.36 2.9000000000000004 0.0
2.36 2.9599999999999995 0.0
2.36 3.02 0.0
2.36 3.0799999999999996 0.0
2.36 3.14 0.0
2.36 3.1999999999999997 0.0
2.36 3.2600000000000002 0.0
2.36 3.3200000000000003 0.0
2.36 3.38 0.0
2.36 3.4399999999999995 0.0
2.36 3.5 0.0
2.4200000000000004 0.5 0.0
2.4200000000000004 0.56 0.0
2.4200000000000004 0.62 0.0
2.4200000000000004 0.6799999999999999 0.0
2.4200000000000004 0.74 0.0
2.4200000000000004 0.8 0.0
2.4200000000000004 0.86 0.0
2.4200000000000004 0.92 0.0
2.4200000000000004 0.98 0.0
2.4200000000000004 1.04 0.0
2.4200000000000004 1.1 0.0
2.4200000000000004 1.1600000000000001 0.0
2.4200000000000004 1.22 1.5596302756654394e-16
2.4200000000000004 1.28 -7.425222752064449e-16
2.4200000000000004 1.34 1.4162702806715573e-15
2.4200000000000004 1.4 -2.9968858038731868e-15
2.4200000000000004 1.46 -2.8545692959550336e-16
2.4200000000000004 1.52 7.706875625682915e-15
2.4200000000000004 1.58 -2.659980954494588e-17
2.4200000000000004 1.6400000000000001 2.30653146482581e-18
2.4200000000000004 1.7000000000000002 -6.246549356020664e-18
2.4200000000000004 1.76 4.8081011681021e-17
2.4200000000000004 1.82 -3.160475206967106e-17
2.4200000000000004 1.8800000000000001 4.614522442116149e-8
2.4200000000000004 1.94 -2.400575132376773e-8
2.4200000000000004 2.0 5.033938803088408e-5
2.4200000000000004 2.06 0.0008212067772833252
2.4200000000000004 2.12 0.01191040567069992
2.4200000000000004 2.18 0.00511932028929877
2.4200000000000004 2.2399999999999998 0.0035543402771122234
2.4200000000000004 2.3000000000000003 0.02142722377196081
2.4200000000000004 2.36 0.003379531044431257
2.4200000000000004 2.4200000000000004 0.0
2.4200000000000004 2.48 0.0
2.4200000000000004 2.5400000000000005 0.0
2.4200000000000004 2.5999999999999996 0.0
2.4200000000000004 2.66 0.0
2.4200000000000004 2.7199999999999998 0.0
2.4200000000000004 2.7800000000000002 0.0
2.4200000000000004 2.84 0.0
2.4200000000000004 2.9000000000000004 0.0
2.4200000000000004 2.9599999999999995 0.0
2.4200000000000004 3.02 0.0
2.4200000000000004 3.0799999999999996 0.0
2.4200000000000004 3.14 0.0
2.4200000000000004 3.1999999999999997 0.0
2.4200000000000004 3.2600000000000002 0.0
2.4200000000000004 3.3200000000000003 0.0
2.4200000000000004 3.38 0.0
2.4200000000000004 3.4399999999999995 0.0
2.4200000000000004 3.5 0.0
2.48 0.5 0.0
2.48 0.56 0.0
2.48 0.62 0.0
2.48 0.6799999999999999 0.0
2.48 0.74 0.0
2.48 0.8 0.0
2.48 0.86 0.0
2.48 0.92 0.0
2.48 0.98 0.0
2.48 1.04 0.0
2.48 1.1 0.0
2.48 1.1600000000000001 0.0
2.48 1.22 -1.147772745516359e-16
2.48 1.28 3.556802541093464e-15
2.48 1.34 3.7188411718392474e-15
2.48 1.4 1.2371515152335128e-17
2.48 1.46 2.3148539651075806e-18
2.48 1.52 9.081285831868181e-17
2.48 1.58 -8.609005966950168e-16
2.48 1.6400000000000001 2.5619413877643416e-16
2.48 1.7000000000000002 -2.122871597696202e-17
2.48 1.76 -1.5328150050340303e-17
2.48 1.82 3.49894371458496e-17
2.48 1.8800000000000001 7.44342623827892e-30
2.48 1.94 3.1579280079047103e-9
2.48 2.0 2.233161692231016e-6
2.48 2.06 0.00045304324293310346
2.48 2.12 6.784817981113277e-5
2.48 2.18 0.0030056443896952973
2.48 2.2399999999999998 0.0011067273461374991
2.48 2.3000000000000003 -0.00014540052621351459
2.48 2.36 0.0011275248300366353
2.48 2.4200000000000004 0.0
2.48 2.48 0.0
2.48 2.5400000000000005 0.0
2.48 2.5999999999999996 0.0
2.48 2.66 0.0
2.48 2.7199999999999998 0.0
2.48 2.7800000000000002 0.0
2.48 2.84 0.0
2.48 2.9000000000000004 0.0
2.48 2.9599999999999995 0.0
2.48 3.02 0.0
2.48 3.0799999999999996 0.0
2.48 3.14 0.0
2.48 3.1999999999999997 0.0
2.48 3.2600000000000002 0.0
2.48 3.3200000000000003 0.0
2.48 3.38 0.0
2.48 3.4399999999999995 0.0
2.48 3.5 0.0
2.5400000000000005 0.5 0.0
2.5400000000000005 0.56 0.0
2.5400000000000005 0.62 0.0
2.5400000000000005 0.6799999999999999 0.0
2.5400000000000005 0.74 0.0
2.5400000000000005 0.8 0.0
2.5400000000000005 0.86 0.0
2.5400000000000005 0.92 0.0
2.5400000000000005 0.98 0.0
2.5400000000000005 1.04 0.0
2.5400000000000005 1.1 0.0
2.5400000000000005 1.1600000000000001 0.0
2.5400000000000005 1.22 1.9188725598776842e-46
2.5400000000000005 1.28 -6.131100783806632e-20
2.5400000000000005 1.34 2.7858062689781905e-16
2.5400000000000005 1.4 -2.2739623936194053e-33
2.5400000000000005 1.46 1.1740709106943262e-16
2.5400000000000005 1.52 -1.3064005923405225e-17
2.5400000000000005 1.58 -1.3489491531299574e-16
2.5400000000000005 1.6400000000000001 -9.496589099651065e-18
2.5400000000000005 1.7000000000000002 3.258951576443362e-17
2.5400000000000005 1.76 2.1586022564149636e-15
2.5400000000000005 1.82 -3.0808914915005145e-21
2.5400000000000005 1.8800000000000001 -4.410803161575331e-55
2.5400000000000005 1.94 2.8560367367286336e-19
2.5400000000000005 2.0 9.524678741006345e-9
2.5400000000000005 2.06 3.7857360754221368e-6
2.5400000000000005 2.12 0.00011317004624605232
2.5400000000000005 2.18 1.0997764145573113e-5
2.5400000000000005 2.2399999999999998 0.0006592292147859115
2.5400000000000005 2.3000000000000003 0.00022474449008034173
2.5400000000000005 2.36 2.9241138563119512e-5
2.5400000000000005 2.4200000000000004 0.0
2.5400000000000005 2.48 0.0
2.5400000000000005 2.5400000000000005 0.0
2.5400000000000005 2.5999999999999996 0.0
2.5400000000000005 2.66 0.0
2.5400000000000005 2.7199999999999998 0.0
2.5400000000000005 2.7800000000000002 0.0
2.5400000000000005 2.84 0.0
2.5400000000000005 2.9000000000000004 0.0
2.5400000000000005 2.9599999999999995 0.0
2.5400000000000005 3.02 0.0
2.5400000000000005 3.0799999999999996 0.0
2.5400000000000005 3.14 0.0
2.5400000000000005 3.1999999999999997 0.0
2.5400000000000005 3.2600000000000002 0.0
2.5400000000000005 3.3200000000000003 0.0
2.5400000000000005 3.38 0.0
2.5400000000000005 3.4399999999999995 0.0
2.5400000000000005 3.5 0.0
2.5999999999999996 0.5 0.0
2.5999999999999996 0.56 0.0
2.5999999999999996 0.62 0.0
2.5999999999999996 0.6799999999999999 0.0
2.5999999999999996 0.74 0.0
2.5999999999999996 0.8 0.0
2.5999999999999996 0.86 0.0
2.5999999999999996 0.92 0.0
2.5999999999999996 0.98 0.0
2.5999999999999996 1.04 0.0
2.5999999999999996 1.1 0.0
2.5999999999999996 1.1600000000000001 0.0
2.5999999999999996 1.22 8.402488457809907e-47
2.5999999999999996 1.28 6.178798843182711e-16
2.5999999999999996 1.34 -1.3873922623756028e-18
2.5999999999999996 1.4 9.966048715328538e-36
2.5999999999999996 1.46 5.020740542449817e-17
2.5999999999999996 1.52 -6.006358956707738e-17
2.5999999999999996 1.58 -5.309756784556291e-16
2.5999999999999996 1.6400000000000001 9.186452286268926e-18
2.5999999999999996 1.7000000000000002 -5.3967028819193853e-17
2.5999999999999996 1.76 -1.1617500953543234e-17
2.5999999999999996 1.82 5.6043460637298024e-18
2.5999999999999996 1.8800000000000001 2.558768244133585e-64
2.5999999999999996 1.94 -3.698843596763613e-43
2.5999999999999996 2.0 1.6074171953960175e-18
2.5999999999999996 2.06 1.3085105688539912e-8
2.5999999999999996 2.12 9.866215327758253e-8
2.5999999999999996 2.18 1.2364236633801664e-5
2.5999999999999996 2.2399999999999998 2.593446146361509e-6
2.5999999999999996 2.3000000000000003 6.809950066994687e-5
2.5999999999999996 2.36 1.4026558496685994e-5
2.5999999999999996 2.4200000000000004 0.0
2.5999999999999996 2.48 0.0
2.5999999999999996 2.5400000000000005 0.0
2.5999999999999996 2.5999999999999996 0.0
2.5999999999999996 2.66 0.0
2.5999999999999996 2.7199999999999998 0.0
2.5999999999999996 2.7800000000000002 0.0
2.5999999999999996 2.84 0.0
2.5999999999999996 2.9000000000000004 0.0
2.5999999999999996 2.9599999999999995 0.0
2.5999999999999996 3.02 0.0
2.5999999999999996 3.0799999999999996 0.0
2.5999999999999996 3.14 0.0
2.5999999999999996 3.1999999999999997 0.0
2.5999999999999996 3.2600000000000002 0.0
2.5999999999999996 3.3200000000000003 0.0
2.5999999999999996 3.38 0.0
2.5999999999999996 3.4399999999999995 0.0
2.5999999999999996 3.5 0.0
2.66 0.5 0.0
2.66 0.56 0.0
2.66 0.62 0.0
2.66 0.6799999999999999 0.0
2.66 0.74 0.0
2.66 0.8 0.0
2.66 0.86 0.0
2.66 0.92 0.0
2.66 0.98 0.0
2.66 1.04 0.0
2.66 1.1 0.0
2.66 1.1600000000000001 0.0
2.66 1.22 0.0
2.66 1.28 0.0
2.66 1.34 0.0
2.66 1.4 0.0
2.66 1.46 0.0
2.66 1.52 0.0
2.66 1.58 0.0
2.66 1.6400000000000001 0.0
2.66 1.7000000000000002 0.0
2.66 1.76 0.0
2.66 1.82 0.0
2.66 1.8800000000000001 0.0
2.66 1.94 0.0
2.66 2.0 0.0
2.66 2.06 0.0
2.66 2.12 0.0
2.66 2.18 0.0
2.66 2.2399999999999998 0.0
2.66 2.3000000000000003 0.0
2.66 2.36 0.0
2.66 2.4200000000000004 0.0
2.66 2.48 0.0
2.66 2.5400000000000005 0.0
2.66 2.5999999999999996 0.0
2.66 2.66 0.0
2.66 2.7199999999999998 0.0
2.66 2.7800000000000002 0.0
2.66 2.84 0.0
2.66 2.9000000000000004 0.0
2.66 2.9599999999999995 0.0
2.66 3.02 0.0
2.66 3.0799999999999996 0.0
2.66 3.14 0.0
2.66 3.1999999999999997 0.0
2.66 3.2600000000000002 0.0
2.66 3.3200000000000003 0.0
2.66 3.38 0.0
2.66 3.4399999999999995 0.0
2.66 3.5 0.0
2.7199999999999998 0.5 0.0
2.7199999999999998 0.56 0.0
2.7199999999999998 0.62 0.0
2.7199999999999998 0.6799999999999999 0.0
2.7199999999999998 0.74 0.0
2.7199999999999998 0.8 0.0
2.7199999999999998 0.86 0.0
2.7199999999999998 0.92 0.0
2.7199999999999998 0.98 0.0
2.7199999999999998 1.04 0.0
2.7199999999999998 1.1 0.0
2.7199999999999998 1.1600000000000001 0.0
2.7199999999999998 1.22 0.0
2.7199999999999998 1.28 0.0
2.7199999999999998 1.34 0.0
2.7199999999999998 1.4 0.0
2.7199999999999998 1.46 0.0
2.7199999999999998 1.52 0.0
2.7199999999999998 1.58 0.0
2.7199999999999998 1.6400000000000001 0.0
2.7199999999999998 1.7000000000000002 0.0
2.7199999999999998 1.76 0.0
2.7199999999999998 1.82 0.0
2.7199999999999998 1.8800000000000001 0.0
2.7199999999999998 1.94 0.0
2.7199999999999998 2.0 0.0
2.7199999999999998 2.06 0.0
2.7199999999999998 2.12 0.0
2.7199999999999998 2.18 0.0
2.7199999999999998 2.2399999999999998 0.0
2.7199999999999998 2.3000000000000003 0.0
2.7199999999999998 2.36 0.0
2.7199999999999998 2.4200000000000004 0.0
2.7199999999999998 2.48 0.0
2.7199999999999998 2.5400000000000005 0.0
2.7199999999999998 2.5999999999999996 0.0
2.7199999999999998 2.66 0.0
2.7199999999999998 2.7199999999999998 0.0
2.7199999999999998 2.7800000000000002 0.0
2.7199999999999998 2.84 0.0
2.7199999999999998 2.9000000000000004 0.0
2.7199999999999998 2.9599999999999995 0.0
2.7199999999999998 3.02 0.0
2.7199999999999998 3.0799999999999996 0.0
2.7199999999999998 3.14 0.0
2.7199999999999998 3.1999999999999997 0.0
2.7199999999999998 3.2600000000000002 0.0
2.7199999999999998 3.3200000000000003 0.0
2.7199999999999998 3.38 0.0
2.7199999999999998 3.4399999999999995 0.0
2.7199999999999998 3.5 0.0
2.7800000000000002 0.5 0.0
2.7800000000000002 0.56 0.0
2.7800000000000002 0.62 0.0
2.7800000000000002 0.6799999999999999 0.0
2.7800000000000002 0.74 0.0
2.7800000000000002 0.8 0.0
2.7800000000000002 0.86 0.0
2.7800000000000002 0.92 0.0
2.7800000000000002 0.98 0.0
2.7800000000000002 1.04 0.0
2.7800000000000002 1.1 0.0
2.7800000000000002 1.1600000000000001 0.0
2.7800000000000002 1.22 0.0
2.7800000000000002 1.28 0.0
2.7800000000000002 1.34 0.0
2.7800000000000002 1.4 0.0
2.7800000000000002 1.46 0.0
2.7800000000000002 1.52 0.0
2.7800000000000002 1.58 0.0
2.7800000000000002 1.6400000000000001 0.0
2.7800000000000002 1.7000000000000002 0.0
2.7800000000000002 1.76 0.0
2.7800000000000002 1.82 0.0
2.7800000000000002 1.8800000000000001 0.0
2.7800000000000002 1.94 0.0
2.7800000000000002 2.0 0.0
2.7800000000000002 2.06 0.0
2.7800000000000002 2.12 0.0
2.7800000000000002 2.18 0.0
2.7800000000000002 2.2399999999999998 0.0
2.7800000000000002 2.3000000000000003 0.0
2.7800000000000002 2.36 0.0
2.7800000000000002 2.4200000000000004 0.0
2.7800000000000002 2.48 0.0
2.7800000000000002 2.5400000000000005 0.0
2.7800000000000002 2.5999999999999996 0.0
2.7800000000000002 2.66 0.0
2.7800000000000002 2.7199999999999998 0.0
2.7800000000000002 2.7800000000000002 0.0
2.7800000000000002 2.84 0.0
2.7800000000000002 2.9000000000000004 0.0
2.7800000000000002 2.9599999999999995 0.0
2.7800000000000002 3.02 0.0
2.7800000000000002 3.0799999999999996 0.0
2.7800000000000002 3.14 0.0
2.7800000000000002 3.1999999999999997 0.0
2.7800000000000002 3.2600000000000002 0.0
2.7800000000000002 3.3200000000000003 0.0
2.7800000000000002 3.38 0.0
2.7800000000000002 3.4399999999999995 0.0
2.7800000000000002 3.5 0.0
2.84 0.5 0.0
2.84 0.56 0.0
2.84 0.62 0.0
2.84 0.6799999999999999 0.0
2.84 0.74 0.0
2.84 0.8 0.0
2.84 0.86 0.0
2.84 0.92 0.0
2.84 0.98 0.0
2.84 1.04 0.0
2.84 1.1 0.0
2.84 1.1600000000000001 0.0
2.84 1.22 0.0
2.84 1.28 0.0
2.84 1.34 0.0
2.84 1.4 0.0
2.84 1.46 0.0
2.84 1.52 0.0
2.84 1.58 0.0
2.84 1.6400000000000001 0.0
2.84 1.7000000000000002 0.0
2.84 1.76 0.0
2.84 1.82 0.0
2.84 1.8800000000000001 0.0
2.84 1.94 0.0
2.84 2.0 0.0
2.84 2.06 0.0
2.84 2.12 0.0
2.84 2.18 0.0
2.84 2.2399999999999998 0.0
2.84 2.3000000000000003 0.0
2.84 2.36 0.0
2.84 2.4200000000000004 0.0
2.84 2.48 0.0
2.84 2.5400000000000005 0.0
2.84 2.5999999999999996 0.0
2.84 2.66 0.0
2.84 2.7199999999999998 0.0
2.84 2.7800000000000002 0.0
2.84 2.84 0.0
2.84 2.9000000000000004 0.0
2.84 2.9599999999999995 0.0
2.84 3.02 0.0
2.84 3.0799999999999996 0.0
2.84 3.14 0.0
2.84 3.1999999999999997 0.0
2.84 3.2600000000000002 0.0
2.84 3.3200000000000003 0.0
2.84 3.38 0.0
2.84 3.4399999999999995 0.0
2.84 3.5 0.0
2.9000000000000004 0.5 0.0
2.9000000000000004 0.56 0.0
2.9000000000000004 0.62 0.0
2.9000000000000004 0.6799999999999999 0.0
2.9000000000000004 0.74 0.0
2.9000000000000004 0.8 0.0
2.9000000000000004 0.86 0.0
2.9000000000000004 0.92 0.0
2.9000000000000004 0.98 0.0
2.9000000000000004 1.04 0.0
2.9000000000000004 1.1 0.0
2.9000000000000004 1.1600000000000001 0.0
2.9000000000000004 1.22 0.0
2.9000000000000004 1.28 0.0
2.9000000000000004 1.34 0.0
2.9000000000000004 1.4 0.0
2.9000000000000004 1.46 0.0
2.9000000000000004 1.52 0.0
2.9000000000000004 1.58 0.0
2.9000000000000004 1.6400000000000001 0.0
2.9000000000000004 1.7000000000000002 0.0
2.9000000000000004 1.76 0.0
2.9000000000000004 1.82 0.0
2.9000000000000004 1.8800000000000001 0.0
2.9000000000000004 1.94 0.0
2.9000000000000004 2.0 0.0
2.9000000000000004 2.06 0.0
2.9000000000000004 2.12 0.0
2.9000000000000004 2.18 0.0
2.9000000000000004 2.2399999999999998 0.0
2.9000000000000004 2.3000000000000003 0.0
2.9000000000000004 2.36 0.0
2.9000000000000004 2.4200000000000004 0.0
2.9000000000000004 2.48 0.0
2.9000000000000004 2.5400000000000005 0.0
2.9000000000000004 2.5999999999999996 0.0
2.9000000000000004 2.66 0.0
2.9000000000000004 2.7199999999999998 0.0
2.9000000000000004 2.7800000000000002 0.0
2.9000000000000004 2.84 0.0
2.9000000000000004 2.9000000000000004 0.0
2.9000000000000004 2.9599999999999995 0.0
2.9000000000000004 3.02 0.0
2.9000000000000004 3.0799999999999996 0.0
2.9000000000000004 3.14 0.0
2.9000000000000004 3.1999999999999997 0.0
2.9000000000000004 3.2600000000000002 0.0
2.9000000000000004 3.3200000000000003 0.0
2.9000000000000004 3.38 0.0
2.9000000000000004 3.4399999999999995 0.0
2.9000000000000004 3.5 0.0
2.9599999999999995 0.5 0.0
2.9599999999999995 0.56 0.0
2.9599999999999995 0.62 0.0
2.9599999999999995 0.6799999999999999 0.0
2.9599999999999995 0.74 0.0
2.9599999999999995 0.8 0.0
2.9599999999999995 0.86 0.0
2.9599999999999995 0.92 0.0
2.9599999999999995 0.98 0.0
2.9599999999999995 1.04 0.0
2.9599999999999995 1.1 0.0
2.9599999999999995 1.1600000000000001 0.0
2.9599999999999995 1.22 0.0
2.9599999999999995 1.28 0.0
2.9599999999999995 1.34 0.0
2.9599999999999995 1.4 0.0
2.9599999999999995 1.46 0.0
2.9599999999999995 1.52 0.0
2.9599999999999995 1.58 0.0
2.9599999999999995 1.6400000000000001 0.0
2.9599999999999995 1.7000000000000002 0.0
2.9599999999999995 1.76 0.0
2.9599999999999995 1.82 0.0
2.9599999999999995 1.8800000000000001 0.0
2.9599999999999995 1.94 0.0
2.9599999999999995 2.0 0.0
2.9599999999999995 2.06 0.0
2.9599999999999995 2.12 0.0
2.9599999999999995 2.18 0.0
2.9599999999999995 2.2399999999999998 0.0
2.9599999999999995 2.3000000000000003 0.0
2.9599999999999995 2.36 0.0
2.9599999999999995 2.4200000000000004 0.0
2.9599999999999995 2.48 0.0
2.9599999999999995 2.5400000000000005 0.0
2.9599999999999995 2.5999999999999996 0.0
2.9599999999999995 2.66 0.0
2.9599999999999995 2.7199999999999998 0.0
2.9599999999999995 2.7800000000000002 0.0
2.9599999999999995 2.84 0.0
2.9599999999999995 2.9000000000000004 0.0
2.9599999999999995 2.9599999999999995 0.0
2.9599999999999995 3.02 0.0
2.9599999999999995 3.0799999999999996 0.0
2.9599999999999995 3.14 0.0
2.9599999999999995 3.1999999999999997 0.0
2.9599999999999995 3.2600000000000002 0.0
2.9599999999999995 3.3200000000000003 0.0
2.9599999999999995 3.38 0.0
2.9599999999999995 3.4399999999999995 0.0
2.9599999999999995 3.5 0.0
3.02 0.5 0.0
3.02 0.56 0.0
3.02 0.62 0.0
3.02 0.6799999999999999 0.0
3.02 0.74 0.0
3.02 0.8 0.0
3.02 0.86 0.0
3.02 0.92 0.0
3.02 0.98 0.0
3.02 1.04 0.0
3.02 1.1 0.0
3.02 1.1600000000000001 0.0
3.02 1.22 0.0
3.02 1.28 0.0
3.02 1.34 0.0
3.02 1.4 0.0
3.02 1.46 0.0
3.02 1.52 0.0
3.02 1.58 0.0
3.02 1.6400000000000001 0.0
3.02 1.7000000000000002 0.0
3.02 1.76 0.0
3.02 1.82 0.0
3.02 1.8800000000000001 0.0
3.02 1.94 0.0
3.02 2.0 0.0
3.02 2.06 0.0
3.02 2.12 0.0
3.02 2.18 0.0
3.02 2.2399999999999998 0.0
3.02 2.3000000000000003 0.0
3.02 2.36 0.0
3.02 2.4200000000000004 0.0
3.02 2.48 0.0
3.02 2.5400000000000005 0.0
3.02 2.5999999999999996 0.0
3.02 2.66 0.0
3.02 2.7199999999999998 0.0
3.02 2.7800000000000002 0.0
3.02 2.84 0.0
3.02 2.9000000000000004 0.0
3.02 2.9599999999999995 0.0
3.02 3.02 0.0
3.02 3.0799999999999996 0.0
3.02 3.14 0.0
3.02 3.1999999999999997 0.0
3.02 3.2600000000000002 0.0
3.02 3.3200000000000003 0.0
3.02 3.38 0.0
3.02 3.4399999999999995 0.0
3.02 3.5 0.0
3.0799999999999996 0.5 0.0
3.0799999999999996 0.56 0.0
3.0799999999999996 0.62 0.0
3.0799999999999996 0.6799999999999999 0.0
3.0799999999999996 0.74 0.0
3.0799999999999996 0.8 0.0
3.0799999999999996 0.86 0.0
3.0799999999999996 0.92 0.0
3.0799999999999996 0.98 0.0
3.0799999999999996 1.04 0.0
3.0799999999999996 1.1 0.0
3.0799999999999996 1.1600000000000001 0.0
3.0799999999999996 1.22 0.0
3.0799999999999996 1.28 0.0
3.0799999999999996 1.34 0.0
3.0799999999999996 1.4 0.0
3.0799999999999996 1.46 0.0
3.0799999999999996 1.52 0.0
3.0799999999999996 1.58 0.0
3.0799999999999996 1.6400000000000001 0.0
3.0799999999999996 1.7000000000000002 0.0
3.0799999999999996 1.76 0.0
3.0799999999999996 1.82 0.0
3.0799999999999996 1.8800000000000001 0.0
3.0799999999999996 1.94 0.0
3.0799999999999996 2.0 0.0
3.0799999999999996 2.06 0.0
3.0799999999999996 2.12 0.0
3.0799999999999996 2.18 0.0
3.0799999999999996 2.2399999999999998 0.0
3.0799999999999996 2.3000000000000003 0.0
3.0799999999999996 2.36 0.0
3.0799999999999996 2.4200000000000004 0.0
3.0799999999999996 2.48 0.0
3.0799999999999996 2.5400000000000005 0.0
3.0799999999999996 2.5999999999999996 0.0
3.0799999999999996 2.66 0.0
3.0799999999999996 2.7199999999999998 0.0
3.0799999999999996 2.7800000000000002 0.0
3.0799999999999996 2.84 0.0
3.0799999999999996 2.9000000000000004 0.0
3.0799999999999996 2.9599999999999995 0.0
3.0799999999999996 3.02 0.0
3.0799999999999996 3.0799999999999996 0.0
3.0799999999999996 3.14 0.0
3.0799999999999996 3.1999999999999997 0.0
3.0799999999999996 3.2600000000000002 0.0
3.0799999999999996 3.3200000000000003 0.0
3.0799999999999996 3.38 0.0
3.0799999999999996 3.4399999999999995 0.0
3.0799999999999996 3.5 0.0
3.14 0.5 0.0
3.14 0.56 0.0
3.14 0.62 0.0
3.14 0.6799999999999999 0.0
3.14 0.74 0.0
3.14 0.8 0.0
3.14 0.86 0.0
3.14 0.92 0.0
3.14 0.98 0.0
3.14 1.04 0.0
3.14 1.1 0.0
3.14 1.1600000000000001 0.0
3.14 1.22 0.0
3.14 1.28 0.0
3.14 1.34 0.0
3.14 1.4 0.0
3.14 1.46 0.0
3.14 1.52 0.0
3.14 1.58 0.0
3.14 1.6400000000000001 0.0
3.14 1.7000000000000002 0.0
3.14 1.76 0.0
3.14 1.82 0.0
3.14 1.8800000000000001 0.0
3.14 1.94 0.0
3.14 2.0 0.0
3.14 2.06 0.0
3.14 2.12 0.0
3.14 2.18 0.0
3.14 2.2399999999999998 0.0
3.14 2.3000000000000003 0.0
3.14 2.36 0.0
3.14 2.4200000000000004 0.0
3.14 2.48 0.0
3.14 2.5400000000000005 0.0
3.14 2.5999999999999996 0.0
3.14 2.66 0.0
3.14 2.7199999999999998 0.0
3.14 2.7800000000000002 0.0
3.14 2.84 0.0
3.14 2.9000000000000004 0.0
3.14 2.9599999999999995 0.0
3.14 3.02 0.0
3.14 3.0799999999999996 0.0
3.14 3.14 0.0
3.14 3.1999999999999997 0.0
3.14 3.2600000000000002 0.0
3.14 3.3200000000000003 0.0
3.14 3.38 0.0
3.14 3.4399999999999995 0.0
3.14 3.5 0.0
3.1999999999999997 0.5 0.0
3.1999999999999997 0.56 0.0
3.1999999999999997 0.62 0.0
3.1999999999999997 0.6799999999999999 0.0
3.1999999999999997 0.74 0.0
3.1999999999999997 0.8 0.0
3.1999999999999997 0.86 0.0
3.1999999999999997 0.92 0.0
3.1999999999999997 0.98 0.0
3.1999999999999997 1.04 0.0
3.1999999999999997 1.1 0.0
3.1999999999999997 1.1600000000000001 0.0
3.1999999999999997 1.22 0.0
3.1999999999999997 1.28 0.0
3.1999999999999997 1.34 0.0
3.1999999999999997 1.4 0.0
3.1999999999999997 1.46 0.0
3.1999999999999997 1.52 0.0
3.1999999999999997 1.58 0.0
3.1999999999999997 1.6400000000000001 0.0
3.1999999999999997 1.7000000000000002 0.0
3.1999999999999997 1.76 0.0
3.1999999999999997 1.82 0.0
3.1999999999999997 1.8800000000000001 0.0
3.1999999999999997 1.94 0.0
3.1999999999999997 2.0 0.0
3.1999999999999997 2.06 0.0
3.1999999999999997 2.12 0.0
3.1999999999999997 2.18 0.0
3.1999999999999997 2.2399999999999998 0.0
3.1999999999999997 2.3000000000000003 0.0
3.1999999999999997 2.36 0.0
3.1999999999999997 2.4200000000000004 0.0
3.1999999999999997 2.48 0.0
3.1999999999999997 2.5400000000000005 0.0
3.1999999999999997 2.5999999999999996 0.0
3.1999999999999997 2.66 0.0
3.1999999999999997 2.7199999999999998 0.0
3.1999999999999997 2.7800000000000002 0.0
3.1999999999999997 2.84 0.0
3.1999999999999997 2.9000000000000004 0.0
3.1999999999999997 2.9599999999999995 0.0
3.1999999999999997 3.02 0.0
3.1999999999999997 3.0799999999999996 0.0
3.1999999999999997 3.14 0.0
3.1999999999999997 3.1999999999999997 0.0
3.1999999999999997 3.2600000000000002 0.0
3.1999999999999997 3.3200000000000003 0.0
3.1999999999999997 3.38 0.0
3.1999999999999997 3.4399999999999995 0.0
3.1999999999999997 3.5 0.0
3.2600000000000002 0.5 0.0
3.2600000000000002 0.56 0.0
3.2600000000000002 0.62 0.0
3.2600000000000002 0.6799999999999999 0.0
3.2600000000000002 0.74 0.0
3.2600000000000002 0.8 0.0
3.2600000000000002 0.86 0.0
3.2600000000000002 0.92 0.0
3.2600000000000002 0.98 0.0
3.2600000000000002 1.04 0.0
3.2600000000000002 1.1 0.0
3.2600000000000002 1.1600000000000001 0.0
3.2600000000000002 1.22 0.0
3.2600000000000002 1.28 0.0
3.2600000000000002 1.34 0.0
3.2600000000000002 1.4 0.0
3.2600000000000002 1.46 0.0
3.2600000000000002 1.52 0.0
3.2600000000000002 1.58 0.0
3.2600000000000002 1.6400000000000001 0.0
3.2600000000000002 1.7000000000000002 0.0
3.2600000000000002 1.76 0.0
3.2600000000000002 1.82 0.0
3.2600000000000002 1.8800000000000001 0.0
3.2600000000000002 1.94 0.0
3.2600000000000002 2.0 0.0
3.2600000000000002 2.06 0.0
3.2600000000000002 2.12 0.0
3.2600000000000002 2.18 0.0
3.2600000000000002 2.2399999999999998 0.0
3.2600000000000002 2.3000000000000003 0.0
3.2600000000000002 2.36 0.0
3.2600000000000002 2.4200000000000004 0.0
3.2600000000000002 2.48 0.0
3.2600000000000002 2.5400000000000005 0.0
3.2600000000000002 2.5999999999999996 0.0
3.2600000000000002 2.66 0.0
3.2600000000000002 2.7199999999999998 0.0
3.2600000000000002 2.7800000000000002 0.0
3.2600000000000002 2.84 0.0
3.2600000000000002 2.9000000000000004 0.0
3.2600000000000002 2.9599999999999995 0.0
3.2600000000000002 3.02 0.0
3.2600000000000002 3.0799999999999996 0.0
3.2600000000000002 3.14 0.0
3.2600000000000002 3.1999999999999997 0.0
3.2600000000000002 3.2600000000000002 0.0
3.2600000000000002 3.3200000000000003 0.0
3.2600000000000002 3.38 0.0
3.2600000000000002 3.4399999999999995 0.0
3.2600000000000002 3.5 0.0
3.3200000000000003 0.5 0.0
3.3200000000000003 0.56 0.0
3.3200000000000003 0.62 0.0
3.3200000000000003 0.6799999999999999 0.0
3.3200000000000003 0.74 0.0
3.3200000000000003 0.8 0.0
3.3200000000000003 0.86 0.0
3.3200000000000003 0.92 0.0
3.3200000000000003 0.98 0.0
3.3200000000000003 1.04 0.0
3.3200000000000003 1.1 0.0
3.3200000000000003 1.1600000000000001 0.0
3.3200000000000003 1.22 0.0
3.3200000000000003 1.28 0.0
3.3200000000000003 1.34 0.0
3.3200000000000003 1.4 0.0
3.3200000000000003 1.46 0.0
3.3200000000000003 1.52 0.0
3.3200000000000003 1.58 0.0
3.3200000000000003 1.6400000000000001 0.0
3.3200000000000003 1.7000000000000002 0.0
3.3200000000000003 1.76 0.0
3.3200000000000003 1.82 0.0
3.3200000000000003 1.8800000000000001 0.0
3.3200000000000003 1.94 0.0
3.3200000000000003 2.0 0.0
3.3200000000000003 2.06 0.0
3.3200000000000003 2.12 0.0
3.3200000000000003 2.18 0.0
3.3200000000000003 2.2399999999999998 0.0
3.3200000000000003 2.3000000000000003 0.0
3.3200000000000003 2.36 0.0
3.3200000000000003 2.4200000000000004 0.0
3.3200000000000003 2.48 0.0
3.3200000000000003 2.5400000000000005 0.0
3.3200000000000003 2.5999999999999996 0.0
3.3200000000000003 2.66 0.0
3.3200000000000003 2.7199999999999998 0.0
3.3200000000000003 2.7800000000000002 0.0
3.3200000000000003 2.84 0.0
3.3200000000000003 2.9000000000000004 0.0
3.3200000000000003 2.9599999999999995 0.0
3.3200000000000003 3.02 0.0
3.3200000000000003 3.0799999999999996 0.0
3.3200000000000003 3.14 0.0
3.3200000000000003 3.1999999999999997 0.0
3.3200000000000003 3.2600000000000002 0.0
3.3200000000000003 3.3200000000000003 0.0
3.3200000000000003 3.38 0.0
3.3200000000000003 3.4399999999999995 0.0
3.3200000000000003 3.5 0.0
3.38 0.5 0.0
3.38 0.56 0.0
3.38 0.62 0.0
3.38 0.6799999999999999 0.0
3.38 0.74 0.0
3.38 0.8 0.0
3.38 0.86 0.0
3.38 0.92 0.0
3.38 0.98 0.0
3.38 1.04 0.0
3.38 1.1 0.0
3.38 1.1600000000000001 0.0
3.38 1.22 0.0
3.38 1.28 0.0
3.38 1.34 0.0
3.38 1.4 0.0
3.38 1.46 0.0
3.38 1.52 0.0
3.38 1.58 0.0
3.38 1.6400000000000001 0.0
3.38 1.7000000000000002 0.0
3.38 1.76 0.0
3.38 1.82 0.0
3.38 1.8800000000000001 0.0
3.38 1.94 0.0
3.38 2.0 0.0
3.38 2.06 0.0
3.38 2.12 0.0
3.38 2.18 0.0
3.38 2.2399999999999998 0.0
3.38 2.3000000000000003 0.0
3.38 2.36 0.0
3.38 2.4200000000000004 0.0
3.38 2.48 0.0
3.38 2.5400000000000005 0.0
3.38 2.5999999999999996 0.0
3.38 2.66 0.0
3.38 2.7199999999999998 0.0
3.38 2.7800000000000002 0.0
3.38 2.84 0.0
3.38 2.9000000000000004 0.0
3.38 2.9599999999999995 0.0
3.38 3.02 0.0
3.38 3.0799999999999996 0.0
3.38 3.14 0.0
3.38 3.1999999999999997 0.0
3.38 3.2600000000000002 0.0
3.38 3.3200000000000003 0.0
3.38 3.38 0.0
3.38 3.4399999999999995 0.0
3.38 3.5 0.0
3.4399999999999995 0.5 0.0
3.4399999999999995 0.56 0.0
3.4399999999999995 0.62 0.0
3.4399999999999995 0.6799999999999999 0.0
3.4399999999999995 0.74 0.0
3.4399999999999995 0.8 0.0
3.4399999999999995 0.86 0.0
3.4399999999999995 0.92 0.0
3.4399999999999995 0.98 0.0
3.4399999999999995 1.04 0.0
3.4399999999999995 1.1 0.0
3.4399999999999995 1.1600000000000001 0.0
3.4399999999999995 1.22 0.0
3.4399999999999995 1.28 0.0
3.4399999999999995 1.34 0.0
3.4399999999999995 1.4 0.0
3.4399999999999995 1.46 0.0
3.4399999999999995 1.52 0.0
3.4399999999999995 1.58 0.0
3.4399999999999995 1.6400000000000001 0.0
3.4399999999999995 1.7000000000000002 0.0
3.4399999999999995 1.76 0.0
3.4399999999999995 1.82 0.0
3.4399999999999995 1.8800000000000001 0.0
3.4399999999999995 1.94 0.0
3.4399999999999995 2.0 0.0
3.4399999999999995 2.06 0.0
3.4399999999999995 2.12 0.0
3.4399999999999995 2.18 0.0
3.4399999999999995 2.2399999999999998 0.0
3.4399999999999995 2.3000000000000003 0.0
3.4399999999999995 2.36 0.0
3.4399999999999995 2.4200000000000004 0.0
3.4399999999999995 2.48 0.0
3.4399999999999995 2.5400000000000005 0.0
3.4399999999999995 2.5999999999999996 0.0
3.4399999999999995 2.66 0.0
3.4399999999999995 2.7199999999999998 0.0
3.4399999999999995 2.7800000000000002 0.0
3.4399999999999995 2.84 0.0
3.4399999999999995 2.9000000000000004 0.0
3.4399999999999995 2.9599999999999995 0.0
3.4399999999999995 3.02 0.0
3.4399999999999995 3.0799999999999996 0.0
3.4399999999999995 3.14 0.0
3.4399999999999995 3.1999999999999997 0.0
3.4399999999999995 3.2600000000000002 0.0
3.4399999999999995 3.3200000000000003 0.0
3.4399999999999995 3.38 0.0
3.4399999999999995 3.4399999999999995 0.0
3.4399999999999995 3.5 0.0
3.5 0.5 0.0
3.5 0.56 0.0
3.5 0.62 0.0
3.5 0.6799999999999999 0.0
3.5 0.74 0.0
3.5 0.8 0.0
3.5 0.86 0.0
3.5 0.92 0.0
3.5 0.98 0.0
3.5 1.04 0.0
3.5 1.1 0.0
3.5 1.1600000000000001 0.0
3.5 1.22 0.0
3.5 1.28 0.0
3.5 1.34 0.0
3.5 1.4 0.0
3.5 1.46 0.0
3.5 1.52 0.0
3.5 1.58 0.0
3.5 1.6400000000000001 0.0
3.5 1.7000000000000002 0.0
3.5 1.76 0.0
3.5 1.82 0.0
3.5 1.8800000000000001 0.0
3.5 1.94 0.0
3.5 2.0 0.0
3.5 2.06 0.0
3.5 2.12 0.0
3.5 2.18 0.0
3.5 2.2399999999999998 0.0
3.5 2.3000000000000003 0.0
3.5 2.36 0.0
3.5 2.4200000000000004 0.0
3.5 2.48 0.0
3.5 2.5400000000000005 0.0
3.5 2.5999999999999996 0.0
3.5 2.66 0.0
3.5 2.7199999999999998 0.0
3.5 2.7800000000000002 0.0
3.5 2.84 0.0
3.5 2.9000000000000004 0.0
3.5 2.9599999999999995 0.0
3.5 3.02 0.0
3.5 3.0799999999999996 0.0
3.5 3.14 0.0
3.5 3.1999999999999997 0.0
3.5 3.2600000000000002 0.0
3.5 3.3200000000000003 0.0
3.5 3.38 0.0
3.5 3.4399999999999995 0.0
3.5 3.5 0.0
