6.96 6.96 -7.213226592466883e-30
6.96 7.08 -5.539981715174141e-29
6.96 7.200000000000001 4.717099623526665e-31
6.96 7.32 -3.047515747244121e-29
6.96 7.799999999999999 5.324417508623922e-18
6.96 7.92 3.215375624683454e-14
6.96 8.04 -8.852762655753476e-19
6.96 9.36 -1.132901155880011e-20
6.96 9.48 1.2340085018573281e-17
6.96 9.6 1.1251942902497708e-15
6.96 9.719999999999999 2.4615996744768038e-14
6.96 9.84 1.6907008603950681e-13
6.96 9.96 4.163661254974595e-13
6.96 10.08 3.8473180000129383e-13
6.96 10.2 1.2959236826859387e-13
6.96 10.32 1.4929894557880848e-14
6.96 10.44 5.360179429378925e-16
6.96 10.56 5.441832354275169e-18
6.96 10.68 1.4775806492785138e-20
7.08 6.96 -6.95161083517842e-20
7.08 7.08 -2.0645667373201368e-19
7.08 7.200000000000001 6.145886349978933e-20
7.08 7.32 7.23855457248241e-22
7.08 7.799999999999999 7.382188769042824e-7
7.08 7.92 0.0020917292173327023
7.08 8.04 -1.6919586216807224e-10
7.08 9.36 2.1115912522065557e-9
7.08 9.48 1.594156595801325e-7
7.08 9.6 4.578065352428319e-6
7.08 9.719999999999999 5.822305720685305e-5
7.08 9.84 0.00038307691103284995
7.08 9.96 0.0013176237825827694
7.08 10.08 0.0019196876551992456
7.08 10.2 0.0009611308620692206
7.08 10.32 0.0001449972273548206
7.08 10.44 6.007593612429025e-6
7.08 10.56 6.426950861158698e-8
7.08 10.68 1.732991509114683e-10
7.200000000000001 6.96 -3.690708046587934e-16
7.200000000000001 7.08 -2.459570259607881e-16
7.200000000000001 7.200000000000001 2.5958962134032883e-16
7.200000000000001 7.32 -4.139151358427748e-16
7.200000000000001 7.799999999999999 7.3937536714158724e-6
7.200000000000001 7.92 11.613025759919886
7.200000000000001 8.04 1.5252013878341795e-5
7.200000000000001 9.36 3.070604113563812e-5
7.200000000000001 9.48 0.002125423347131544
7.200000000000001 9.6 0.050588727172670905
7.200000000000001 9.719999999999999 0.4756327082490153
7.200000000000001 9.84 1.9968808570528225
7.200000000000001 9.96 3.9316440205821768
7.200000000000001 10.08 3.5450287849632205
7.200000000000001 10.2 1.3206028826543765
7.200000000000001 10.32 0.1671702335118139
7.200000000000001 10.44 0.005890332050660399
7.200000000000001 10.56 5.120975366452038e-5
7.200000000000001 10.68 1.0522890887365235e-7
7.32 6.96 9.498214995961944e-19
7.32 7.08 -4.131439523439014e-21
7.32 7.200000000000001 -3.7936947222249296e-19
7.32 7.32 7.670672238396772e-20
7.32 7.799999999999999 5.648764988803062e-11
7.32 7.92 0.06124060202845897
7.32 8.04 0.0008817998206092707
7.32 9.36 3.2183388850367905e-10
7.32 9.48 3.014174944278686e-8
7.32 9.6 2.6339005402632076e-6
7.32 9.719999999999999 0.0001471809046455977
7.32 9.84 0.0028181411360617852
7.32 9.96 0.01561038688201653
7.32 10.08 0.02498370277291842
7.32 10.2 0.011974808982086249
7.32 10.32 0.0017352614535944809
7.32 10.44 7.17691033677201e-5
7.32 10.56 7.734823251868975e-7
7.32 10.68 2.0306256018105626e-9
7.44 6.96 -6.670040712196857e-24
7.44 7.08 3.943348439513457e-24
7.44 7.200000000000001 2.595579398350391e-23
7.44 7.32 -1.0804400877061342e-22
7.44 7.799999999999999 -4.954911582007447e-13
7.44 7.92 5.610752331890783e-7
7.44 8.04 1.5455126566496342e-8
7.44 9.36 2.6987082324068673e-16
7.44 9.48 2.2170677217749537e-13
7.44 9.6 4.65806515110283e-11
7.44 9.719999999999999 2.6322319593741433e-9
7.44 9.84 4.259601775777978e-8
7.44 9.96 2.2225366721582456e-7
7.44 10.08 4.4022753143802955e-7
7.44 10.2 3.268178720583385e-7
7.44 10.32 7.341270222696318e-8
7.44 10.44 4.216167250767118e-9
7.44 10.56 5.710969933613945e-11
7.44 10.68 1.7452611430093718e-13
7.799999999999999 6.96 3.2664698767138753e-15
7.799999999999999 7.08 1.953613770982761e-6
7.799999999999999 7.200000000000001 1.3945965131613063e-5
7.799999999999999 7.32 -1.6416156806325384e-8
7.799999999999999 7.799999999999999 2.403663023302932e-22
7.799999999999999 7.92 6.713994270559885e-17
7.799999999999999 8.04 -1.1468301053191105e-21
7.799999999999999 9.36 3.9980264621064146e-11
7.799999999999999 9.48 1.922238575025785e-9
7.799999999999999 9.6 3.4724714716821097e-8
7.799999999999999 9.719999999999999 2.695228513943585e-7
7.799999999999999 9.84 8.319641563686342e-7
7.799999999999999 9.96 9.047820632411459e-7
7.799999999999999 10.08 3.3235103800544085e-7
7.799999999999999 10.2 4.108251469808464e-8
7.799999999999999 10.32 1.6690761098096124e-9
7.799999999999999 10.44 2.1093985758704907e-11
7.799999999999999 10.56 7.951035652892765e-14
7.799999999999999 10.68 9.012801508805142e-17
7.92 6.96 1.848329166050501e-14
7.92 7.08 0.002835769910208436
7.92 7.200000000000001 11.567669299781606
7.92 7.32 0.0029711250561758554
7.92 7.799999999999999 7.899847483049409e-17
7.92 7.92 -2.1945808061750025e-16
7.92 8.04 -3.729203924600549e-18
7.92 9.36 2.883278772873715e-5
7.92 9.48 0.0019746350238770576
7.92 9.6 0.0476712807865809
7.92 9.719999999999999 0.4658748620435836
7.92 9.84 2.00387902808728
7.92 9.96 3.91622275071207
7.92 10.08 3.5039478031411257
7.92 10.2 1.3084592597562743
7.92 10.32 0.16625017313691728
7.92 10.44 0.005876911785949681
7.92 10.56 5.098882686547211e-5
7.92 10.68 1.0254619659554612e-7
8.04 6.96 5.6049207177037984e-18
8.04 7.08 8.117038769797332e-10
8.04 7.200000000000001 1.2295498176746461e-5
8.04 7.32 3.477741097836361e-6
8.04 7.799999999999999 -2.1515448438783975e-20
8.04 7.92 1.1496049127884818e-16
8.04 8.04 -1.513432744000226e-21
8.04 9.36 -6.428343927447853e-11
8.04 9.48 -4.741318119935117e-9
8.04 9.6 -2.4813351581500024e-8
8.04 9.719999999999999 2.650477368036456e-6
8.04 9.84 3.475885282166553e-5
8.04 9.96 0.00014412866578448268
8.04 10.08 0.00023799505437993227
8.04 10.2 0.0001412254510921649
8.04 10.32 2.6232418974827833e-5
8.04 10.44 1.4120182035541286e-6
8.04 10.56 2.1146757701559816e-8
8.04 10.68 8.586959136119555e-11
9.36 6.96 -2.4996297009144397e-18
9.36 7.08 2.725591002469456e-10
9.36 7.200000000000001 2.7619412150615765e-5
9.36 7.32 -1.708750906420883e-9
9.36 7.799999999999999 1.5459013290382588e-10
9.36 7.92 3.198028718429781e-5
9.36 8.04 2.8538973770628825e-10
9.36 9.36 -1.2039062658595602e-21
9.36 9.48 -4.749957542052245e-22
9.36 9.6 -4.387839557580783e-22
9.36 9.719999999999999 1.5951100718307142e-23
9.36 9.84 -7.583192774433413e-22
9.36 9.96 1.0533364757909547e-21
9.36 10.08 3.0931299038528033e-22
9.36 10.2 -1.923706256168417e-22
9.36 10.32 -1.5196587331272315e-21
9.36 10.44 -2.349688868635487e-23
9.36 10.56 1.6754860982522937e-21
9.36 10.68 -1.0819801142981147e-22
9.48 6.96 3.3587174844837666e-18
9.48 7.08 1.7893650413530595e-7
9.48 7.200000000000001 0.001999757190617544
9.48 7.32 2.987024479845162e-9
9.48 7.799999999999999 8.494030147781505e-9
9.48 7.92 0.0022219610147732874
9.48 8.04 1.2649898423629638e-8
9.48 9.36 -5.449769562903347e-20
9.48 9.48 -4.399580490934731e-20
9.48 9.6 -4.178723942899383e-21
9.48 9.719999999999999 4.441757374828104e-21
9.48 9.84 2.717194873508572e-21
9.48 9.96 -1.651890150658299e-20
9.48 10.08 1.8947583168213818e-20
9.48 10.2 -1.1959416025827968e-20
9.48 10.32 -3.886766076619178e-20
9.48 10.44 6.595704036119998e-22
9.48 10.56 5.3692121292923237e-20
9.48 10.68 -9.275796186806272e-21
9.6 6.96 6.846576282747252e-17
9.6 7.08 4.408570415364373e-6
9.6 7.200000000000001 0.04961396957386791
9.6 7.32 -2.3086552487583984e-7
9.6 7.799999999999999 1.6577181948349013e-7
9.6 7.92 0.052206798452262074
9.6 8.04 3.4058708481126176e-7
9.6 9.36 -1.4182764310182512e-18
9.6 9.48 -1.604864355077523e-18
9.6 9.6 7.254737484276913e-19
9.6 9.719999999999999 3.2861716039488457e-19
9.6 9.84 3.0625883601346693e-19
9.6 9.96 -7.165190379765345e-19
9.6 10.08 1.2491887143718604e-18
9.6 10.2 6.043616683214928e-21
9.6 10.32 5.3934300429894066e-20
9.6 10.44 1.6893120326186965e-20
9.6 10.56 6.150036261526701e-19
9.6 10.68 -2.7718633677442183e-19
9.719999999999999 6.96 7.097165600932472e-16
9.719999999999999 7.08 4.94902144558912e-5
9.719999999999999 7.200000000000001 0.48042448760136436
9.719999999999999 7.32 -3.616081496048822e-6
9.719999999999999 7.799999999999999 1.1069579809077605e-6
9.719999999999999 7.92 0.4843310691364141
9.719999999999999 8.04 4.164901717038072e-6
9.719999999999999 9.36 -1.3547129742573414e-17
9.719999999999999 9.48 -2.2007856111445352e-17
9.719999999999999 9.6 1.4906244981058137e-17
9.719999999999999 9.719999999999999 6.879742754441979e-18
9.719999999999999 9.84 2.241182570296717e-18
9.719999999999999 9.96 1.775450611419986e-18
9.719999999999999 10.08 2.6977216838140553e-17
9.719999999999999 10.2 -1.1001979634257731e-18
9.719999999999999 10.32 2.2642146824606143e-19
9.719999999999999 10.44 3.3022038123664703e-19
9.719999999999999 10.56 1.955588721194137e-18
9.719999999999999 10.68 -2.4267779176533666e-18
9.84 6.96 4.3130213108639e-15
9.84 7.08 0.0002782249558544252
9.84 7.200000000000001 2.0251959193891858
9.84 7.32 8.016573773014843e-6
9.84 7.799999999999999 2.5221962796085876e-6
9.84 7.92 2.023961489284392
9.84 8.04 3.0499396594789274e-5
9.84 9.36 -2.4725846283790505e-17
9.84 9.48 -1.0052738358282529e-16
9.84 9.6 8.974189152335199e-17
9.84 9.719999999999999 4.397328217936883e-17
9.84 9.84 1.685227447511561e-17
9.84 9.96 -7.052312971939352e-18
9.84 10.08 1.6772056540238273e-16
9.84 10.2 -4.5016460076726174e-18
9.84 10.32 1.6670918426276386e-18
9.84 10.44 2.5710977381951265e-18
9.84 10.56 -2.639950673244924e-17
9.84 10.68 -2.782124085387219e-19
9.96 6.96 1.4784001312925975e-14
9.96 7.08 0.0007164809457408592
9.96 7.200000000000001 3.9384820730118277
9.96 7.32 0.00012195635832625929
9.96 7.799999999999999 1.9439181938458454e-6
9.96 7.92 3.959142191660408
9.96 8.04 0.00012691747978156636
9.96 9.36 4.260077239355529e-17
9.96 9.48 -1.2535326262637664e-16
9.96 9.6 1.9755188205448324e-16
9.96 9.719999999999999 8.976518689886893e-17
9.96 9.84 2.2770640293174566e-17
9.96 9.96 -1.2069302284910132e-17
9.96 10.08 3.2630064959336703e-16
9.96 10.2 -1.0402669029606553e-17
9.96 10.32 3.72617853908326e-18
9.96 10.44 6.018693160364248e-18
9.96 10.56 -3.0735276036022245e-17
9.96 10.68 4.346135125906549e-17
10.08 6.96 2.2376224523041005e-14
10.08 7.08 0.0007839943615695335
10.08 7.200000000000001 3.546530652937922
10.08 7.32 0.00020119345555284104
10.08 7.799999999999999 5.239796988597646e-7
10.08 7.92 3.5673524542681028
10.08 8.04 0.00022092025945894935
10.08 9.36 9.425977943470641e-17
10.08 9.48 -2.4500098620199127e-17
10.08 9.6 1.729631873361616e-16
10.08 9.719999999999999 5.4441498476418895e-17
10.08 9.84 2.880735885547247e-18
10.08 9.96 1.1882200964411887e-18
10.08 10.08 2.0399615566135452e-16
10.08 10.2 -2.7603793608783257e-17
10.08 10.32 2.6571317395850903e-18
10.08 10.44 4.75678222244466e-18
10.08 10.56 6.553543143634122e-19
10.08 10.68 8.364119522391051e-17
10.2 6.96 1.150021617766807e-14
10.2 7.08 0.0003349694284686374
10.2 7.200000000000001 1.350370890192578
10.2 7.32 9.177395703316308e-5
10.2 7.799999999999999 5.24845584176777e-8
10.2 7.92 1.346033677812736
10.2 8.04 0.00013409423764045914
10.2 9.36 2.4617096856321785e-17
10.2 9.48 2.7217467735319652e-18
10.2 9.6 5.531253898823971e-17
10.2 9.719999999999999 5.5443703256694784e-18
10.2 9.84 -2.1437330716151978e-18
10.2 9.96 -2.8738024281723472e-18
10.2 10.08 4.140994234300449e-17
10.2 10.2 1.9103719830787903e-17
10.2 10.32 6.182539379145661e-19
10.2 10.44 1.306728149122272e-18
10.2 10.56 7.626402903070762e-18
10.2 10.68 3.87224699549533e-17
10.32 6.96 1.7524017969948016e-15
10.32 7.08 4.80889237825145e-5
10.32 7.200000000000001 0.17814136019499904
10.32 7.32 1.1734632825542887e-5
10.32 7.799999999999999 1.9379880167833813e-9
10.32 7.92 0.17649936405165403
10.32 8.04 2.5970686974741392e-5
10.32 9.36 1.5395653925832295e-19
10.32 9.48 -4.400411733892044e-19
10.32 9.6 5.605186183335283e-18
10.32 9.719999999999999 -9.376653080237532e-19
10.32 9.84 7.722923463409472e-19
10.32 9.96 -7.830103496459549e-19
10.32 10.08 2.2867324975968722e-18
10.32 10.2 8.69208654438287e-19
10.32 10.32 9.745328593914858e-20
10.32 10.44 1.2210297184421968e-19
10.32 10.56 8.427773506342657e-19
10.32 10.68 4.780500166143786e-18
10.44 6.96 7.648723613026981e-17
10.44 7.08 2.0220055094613986e-6
10.44 7.200000000000001 0.006674720884250086
10.44 7.32 3.8337655819199086e-7
10.44 7.799999999999999 2.3459425732226253e-11
10.44 7.92 0.0065533188028789515
10.44 8.04 1.4557657288732381e-6
10.44 9.36 -1.259225974734685e-19
10.44 9.48 -6.706586685194588e-20
10.44 9.6 9.122202669431525e-20
10.44 9.719999999999999 -6.985739138485952e-20
10.44 9.84 -1.434062337386546e-20
10.44 9.96 -3.060127742551033e-20
10.44 10.08 5.242620651201805e-20
10.44 10.2 1.2077921435718828e-19
10.44 10.32 -7.271170035966386e-20
10.44 10.44 3.3063716894891154e-21
10.44 10.56 -4.309487501004777e-21
10.44 10.68 1.58961770488902e-19
10.56 6.96 -9.347243558587618e-18
10.56 7.08 2.7805100568309955e-8
10.56 7.200000000000001 6.398080919181222e-5
10.56 7.32 1.0193992253290501e-7
10.56 7.799999999999999 -5.512345947198639e-12
10.56 7.92 6.0138022125793215e-5
10.56 8.04 2.1898418610597606e-8
10.56 9.36 -3.1581214308310662e-21
10.56 9.48 -1.0721347598525189e-21
10.56 9.6 -1.9206377072674195e-21
10.56 9.719999999999999 -2.2034613212603905e-21
10.56 9.84 -3.17133111871838e-21
10.56 9.96 1.553506484224837e-21
10.56 10.08 1.1296630605728055e-21
10.56 10.2 1.3617462392708677e-20
10.56 10.32 -3.677471675535421e-21
10.56 10.44 5.763262540763978e-22
10.56 10.56 1.6677892403163925e-21
10.56 10.68 1.4124213731668838e-21
