0.37 0.0148 1.3815650982900976e-6
0.37 0.015600000000000001 0.00032324090161360965
0.37 0.016399999999999998 0.016962848944719652
0.37 0.0172 0.2722432249905541
0.37 0.018000000000000002 1.7679052283246894
0.37 0.0188 5.632678456849685
0.37 0.0196 9.95213103757884
0.37 0.0204 11.006427302950904
0.37 0.021200000000000004 7.8395550822074815
0.37 0.022 4.636358308409121
0.37 0.0228 1.6036445577661522
0.37 0.0236 0.5964545353578814
0.37 0.024399999999999998 0.43869687357047066
0.37 0.025200000000000004 0.4444936940945731
0.37 0.026000000000000002 0.2802449840899059
0.37 0.0268 0.12223849602324015
0.37 0.027600000000000003 -0.029675686136283592
0.37 0.0284 -0.09670433968707051
0.37 0.0292 -0.07230213190637953
0.37 0.030000000000000002 -0.04406856265854829
0.37 0.0308 -0.028229702732421747
0.37 0.0316 -0.01686514485727082
0.37 0.032400000000000005 -0.009627188975278271
0.37 0.0332 -0.0051849031638593664
0.38 0.0148 1.0789782138565026e-5
0.38 0.015600000000000001 0.0024319933013257243
0.38 0.016399999999999998 0.12112126014115782
0.38 0.0172 1.828480993355425
0.38 0.018000000000000002 11.124035215071064
0.38 0.0188 33.14878327677773
0.38 0.0196 55.50981124480751
0.38 0.0204 59.220043804658154
0.38 0.021200000000000004 42.651848895047436
0.38 0.022 27.212590070125614
0.38 0.0228 11.923662228669365
0.38 0.0236 5.5752634825849965
0.38 0.024399999999999998 2.9910495416849923
0.38 0.025200000000000004 2.043468785499267
0.38 0.026000000000000002 1.1223069114393092
0.38 0.0268 0.5162490691621063
0.38 0.027600000000000003 -0.04832198545329335
0.38 0.0284 -0.3097317797747026
0.38 0.0292 -0.21759274692671643
0.38 0.030000000000000002 -0.12601706490017645
0.38 0.0308 -0.08395740252333134
0.38 0.0316 -0.05128827012824446
0.38 0.032400000000000005 -0.030257880370328654
0.38 0.0332 -0.0168193293661786
0.38999999999999996 0.0148 3.8681234307027676e-5
0.38999999999999996 0.015600000000000001 0.00864835751599396
0.38999999999999996 0.016399999999999998 0.42103786936748383
0.38999999999999996 0.0172 6.151198795297537
0.38999999999999996 0.018000000000000002 36.020679737530486
0.38999999999999996 0.0188 103.14244137473047
0.38999999999999996 0.0196 171.03164527626686
0.38999999999999996 0.0204 188.408644084463
0.38999999999999996 0.021200000000000004 152.70037231193103
0.38999999999999996 0.022 110.27003177397468
0.38999999999999996 0.0228 63.30748311671471
0.38999999999999996 0.0236 33.92553723056549
0.38999999999999996 0.024399999999999998 15.913591092658107
0.38999999999999996 0.025200000000000004 7.168893574607504
0.38999999999999996 0.026000000000000002 3.061244064981715
0.38999999999999996 0.0268 1.4080616373024686
0.38999999999999996 0.027600000000000003 0.39168131853376903
0.38999999999999996 0.0284 -0.08777222080834365
0.38999999999999996 0.0292 -0.03754672631285905
0.38999999999999996 0.030000000000000002 0.004671571747968346
0.38999999999999996 0.0308 -0.006089916227857516
0.38999999999999996 0.0316 -0.005568002382400278
0.38999999999999996 0.032400000000000005 -0.006002481032917082
0.38999999999999996 0.0332 -0.004923652921472209
0.39999999999999997 0.0148 5.409767984312317e-5
0.39999999999999997 0.015600000000000001 0.012777608319933456
0.39999999999999997 0.016399999999999998 0.6485794075697933
0.39999999999999997 0.0172 9.8305527973977
0.39999999999999997 0.018000000000000002 59.83420183790433
0.39999999999999997 0.0188 179.0019927666658
0.39999999999999997 0.0196 323.7208919172753
0.39999999999999997 0.0204 405.083730795946
0.39999999999999997 0.021200000000000004 394.282838864976
0.39999999999999997 0.022 319.5689849742584
0.39999999999999997 0.0228 219.7474190357783
0.39999999999999997 0.0236 129.99019172091855
0.39999999999999997 0.024399999999999998 66.30571919018641
0.39999999999999997 0.025200000000000004 29.97288050477601
0.39999999999999997 0.026000000000000002 13.225801535897274
0.39999999999999997 0.0268 5.625037820848188
0.39999999999999997 0.027600000000000003 2.6303744127598896
0.39999999999999997 0.0284 1.3287445215642868
0.39999999999999997 0.0292 0.7442063216577073
0.39999999999999997 0.030000000000000002 0.4928317686561038
0.39999999999999997 0.0308 0.3461511790495964
0.39999999999999997 0.0316 0.2175620586970517
0.39999999999999997 0.032400000000000005 0.1266290676265742
0.39999999999999997 0.0332 0.07015062229754758
0.41000000000000003 0.0148 2.2507746785710185e-5
0.41000000000000003 0.015600000000000001 0.006984889205200336
0.41000000000000003 0.016399999999999998 0.4346538242669635
0.41000000000000003 0.0172 7.8813488060054535
0.41000000000000003 0.018000000000000002 57.267728330325994
0.41000000000000003 0.0188 204.71670023853196
0.41000000000000003 0.0196 445.88914835006597
0.41000000000000003 0.0204 666.0971624286801
0.41000000000000003 0.021200000000000004 762.4228278604991
0.41000000000000003 0.022 694.3618879404019
0.41000000000000003 0.0228 533.903117003733
0.41000000000000003 0.0236 351.1221729855883
0.41000000000000003 0.024399999999999998 203.3292292274004
0.41000000000000003 0.025200000000000004 105.28946005148448
0.41000000000000003 0.026000000000000002 50.831853421200016
0.41000000000000003 0.0268 21.435078322629288
0.41000000000000003 0.027600000000000003 8.603270987785107
0.41000000000000003 0.0284 3.123698305844878
0.41000000000000003 0.0292 1.0865623377872475
0.41000000000000003 0.030000000000000002 0.59779557134709
0.41000000000000003 0.0308 0.45975236087237453
0.41000000000000003 0.0316 0.2856310338822698
0.41000000000000003 0.032400000000000005 0.1660773161558309
0.41000000000000003 0.0332 0.09707108260455957
0.42000000000000004 0.0148 9.999205678752952e-6
0.42000000000000004 0.015600000000000001 0.0034177500371943325
0.42000000000000004 0.016399999999999998 0.23780875689416972
0.42000000000000004 0.0172 4.963403339399744
0.42000000000000004 0.018000000000000002 43.055995597481925
0.42000000000000004 0.0188 188.18977999339737
0.42000000000000004 0.0196 494.10143902378815
0.42000000000000004 0.0204 880.0532929286167
0.42000000000000004 0.021200000000000004 1159.8495000101013
0.42000000000000004 0.022 1203.7885226548585
0.42000000000000004 0.0228 1023.0617578397372
0.42000000000000004 0.0236 745.3998801626766
0.42000000000000004 0.024399999999999998 474.1223224424843
0.42000000000000004 0.025200000000000004 268.8700933983271
0.42000000000000004 0.026000000000000002 137.08357074483058
0.42000000000000004 0.0268 63.49692407609371
0.42000000000000004 0.027600000000000003 27.447776542094793
0.42000000000000004 0.0284 10.945326792136768
0.42000000000000004 0.0292 4.312089286104085
0.42000000000000004 0.030000000000000002 1.690303280971506
0.42000000000000004 0.0308 0.7356484524341909
0.42000000000000004 0.0316 0.31742194093068193
0.42000000000000004 0.032400000000000005 0.13376837785046014
0.42000000000000004 0.0332 0.056343699700000985
0.43000000000000005 0.0148 7.326548768214196e-6
0.43000000000000005 0.015600000000000001 0.0016893088495831237
0.43000000000000005 0.016399999999999998 0.09746719656816362
0.43000000000000005 0.0172 2.150974166466773
0.43000000000000005 0.018000000000000002 23.31789476838682
0.43000000000000005 0.0188 133.82726193135545
0.43000000000000005 0.0196 442.346023879683
0.43000000000000005 0.0204 944.2931697178425
0.43000000000000005 0.021200000000000004 1439.496750526044
0.43000000000000005 0.022 1699.0423257282841
0.43000000000000005 0.0228 1620.6327857925123
0.43000000000000005 0.0236 1302.4406358349704
0.43000000000000005 0.024399999999999998 907.3803552855738
0.43000000000000005 0.025200000000000004 559.0365107562375
0.43000000000000005 0.026000000000000002 310.1702604656509
0.43000000000000005 0.0268 157.779414500947
0.43000000000000005 0.027600000000000003 75.15069839682587
0.43000000000000005 0.0284 33.76383165634759
0.43000000000000005 0.0292 15.01041370779948
0.43000000000000005 0.030000000000000002 6.740948851113848
0.43000000000000005 0.0308 3.1789230340783083
0.43000000000000005 0.0316 1.5100432412592235
0.43000000000000005 0.032400000000000005 0.701070192717432
0.43000000000000005 0.0332 0.31268963070810485
0.43999999999999995 0.0148 -3.6577262128778575e-7
0.43999999999999995 0.015600000000000001 -0.00016221009640589654
0.43999999999999995 0.016399999999999998 -0.003741227078523271
0.43999999999999995 0.0172 0.35292789549973336
0.43999999999999995 0.018000000000000002 9.209036619457336
0.43999999999999995 0.0188 78.51880846848566
0.43999999999999995 0.0196 329.4510977847185
0.43999999999999995 0.0204 839.6246537571185
0.43999999999999995 0.021200000000000004 1490.4158074714735
0.43999999999999995 0.022 2003.8226314377675
0.43999999999999995 0.0228 2147.251805101482
0.43999999999999995 0.0236 1905.1143691218483
0.43999999999999995 0.024399999999999998 1455.561964468775
0.43999999999999995 0.025200000000000004 977.2077582909416
0.43999999999999995 0.026000000000000002 587.5156017886203
0.43999999999999995 0.0268 321.79719478227304
0.43999999999999995 0.027600000000000003 163.01713252616963
0.43999999999999995 0.0284 75.95085569323516
0.43999999999999995 0.0292 33.84209604500866
0.43999999999999995 0.030000000000000002 14.643930131900902
0.43999999999999995 0.0308 6.034659782922737
0.43999999999999995 0.0316 2.369516209983212
0.43999999999999995 0.032400000000000005 0.870019743391452
0.43999999999999995 0.0332 0.2902877878420339
0.44999999999999996 0.0148 2.6016381598927444e-7
0.44999999999999996 0.015600000000000001 8.996835443260907e-5
0.44999999999999996 0.016399999999999998 0.008082092704947865
0.44999999999999996 0.0172 0.2806164139003534
0.44999999999999996 0.018000000000000002 4.714904267369723
0.44999999999999996 0.0188 41.119962128276605
0.44999999999999996 0.0196 201.43886159860662
0.44999999999999996 0.0204 615.0739822904873
0.44999999999999996 0.021200000000000004 1290.014135755233
0.44999999999999996 0.022 1995.7792714416978
0.44999999999999996 0.0228 2406.904346530982
0.44999999999999996 0.0236 2369.529589157582
0.44999999999999996 0.024399999999999998 1976.3161233752182
0.44999999999999996 0.025200000000000004 1436.223673661926
0.44999999999999996 0.026000000000000002 930.8442796333253
0.44999999999999996 0.0268 547.1787232557451
0.44999999999999996 0.027600000000000003 291.63251328967345
0.44999999999999996 0.0284 143.86361431348217
0.44999999999999996 0.0292 65.95621718921524
0.44999999999999996 0.030000000000000002 27.967240051518626
0.44999999999999996 0.0308 11.004448175059256
0.44999999999999996 0.0316 4.150666142785775
0.44999999999999996 0.032400000000000005 1.492747942561052
0.44999999999999996 0.0332 0.5107809984389451
0.45999999999999996 0.0148 -1.1352014918834695e-6
0.45999999999999996 0.015600000000000001 -0.000245148407211069
0.45999999999999996 0.016399999999999998 -0.011376228705572441
0.45999999999999996 0.0172 -0.12490144240655193
0.45999999999999996 0.018000000000000002 0.5865330247550836
0.45999999999999996 0.0188 15.778489872763185
0.45999999999999996 0.0196 102.28073578736738
0.45999999999999996 0.0204 378.1972013094965
0.45999999999999996 0.021200000000000004 940.7245323793721
0.45999999999999996 0.022 1685.8336095844156
0.45999999999999996 0.0228 2302.6667409854763
0.45999999999999996 0.0236 2525.4211683406793
0.45999999999999996 0.024399999999999998 2312.03477639855
0.45999999999999996 0.025200000000000004 1821.990860712388
0.45999999999999996 0.026000000000000002 1269.8666760181675
0.45999999999999996 0.0268 798.0561225639552
0.45999999999999996 0.027600000000000003 454.61820585813416
0.45999999999999996 0.0284 240.93546045337453
0.45999999999999996 0.0292 119.48929649133818
0.45999999999999996 0.030000000000000002 55.534046511653955
0.45999999999999996 0.0308 24.432594447719115
0.45999999999999996 0.0316 10.482490602122931
0.45999999999999996 0.032400000000000005 4.358394518419807
0.45999999999999996 0.0332 1.7552615824405502
0.47 0.0148 -9.440651420020031e-7
0.47 0.015600000000000001 -0.0001600230578245997
0.47 0.016399999999999998 -0.006136249551857459
0.47 0.0172 -0.07562338626696515
0.47 0.018000000000000002 -0.08063662106923714
0.47 0.0188 4.663545203963096
0.47 0.0196 42.211949202322685
0.47 0.0204 196.5360475292377
0.47 0.021200000000000004 584.7893635384935
0.47 0.022 1218.148155691622
0.47 0.0228 1891.1466311713098
0.47 0.0236 2322.795386014158
0.47 0.024399999999999998 2348.933725896591
0.47 0.025200000000000004 2019.2103101107184
0.47 0.026000000000000002 1517.4719173741048
0.47 0.0268 1020.0485444411504
0.47 0.027600000000000003 622.2421292235153
0.47 0.0284 349.93270610154724
0.47 0.0292 183.85959007166016
0.47 0.030000000000000002 90.66648648190157
0.47 0.0308 42.51702110217646
0.47 0.0316 18.979747733824045
0.47 0.032400000000000005 8.129113624638986
0.47 0.0332 3.365891789801494
0.48 0.0148 9.340011329455149e-7
0.48 0.015600000000000001 0.0002475260159389648
0.48 0.016399999999999998 0.012475285156060747
0.48 0.0172 0.14732289943568044
0.48 0.018000000000000002 0.4474977050988007
0.48 0.0188 0.7435768467959233
0.48 0.0196 12.021521689509912
0.48 0.0204 82.33311879519356
0.48 0.021200000000000004 304.8539510105327
0.48 0.022 749.8872583714552
0.48 0.0228 1339.8754518902215
0.48 0.0236 1857.7541908423743
0.48 0.024399999999999998 2079.7583865275437
0.48 0.025200000000000004 1959.072008583691
0.48 0.026000000000000002 1593.8118971560439
0.48 0.0268 1149.1586389676079
0.48 0.027600000000000003 745.657568858172
0.48 0.0284 444.0080649896436
0.48 0.0292 244.1547458248445
0.48 0.030000000000000002 126.39066473519662
0.48 0.0308 61.23951627977959
0.48 0.0316 28.0983380466266
0.48 0.032400000000000005 12.349447327307985
0.48 0.0332 5.222577792896005
0.49 0.0148 5.147897779320018e-8
0.49 0.015600000000000001 4.610653548560014e-6
0.49 0.016399999999999998 -2.2248959105918852e-5
0.49 0.0172 -0.001907078497766505
0.49 0.018000000000000002 0.030336713781243838
0.49 0.0188 0.6615559997251055
0.49 0.0196 4.84754317863072
0.49 0.0204 30.00606253565716
0.49 0.021200000000000004 132.45134996479396
0.49 0.022 393.05594168689043
0.49 0.0228 823.4840736651998
0.49 0.0236 1293.4003229571929
0.49 0.024399999999999998 1613.4289260904213
0.49 0.025200000000000004 1668.0513016066936
0.49 0.026000000000000002 1473.0031713113692
0.49 0.0268 1141.2892013935973
0.49 0.027600000000000003 789.9018837670369
0.49 0.0284 499.5143776383538
0.49 0.0292 291.3414652118576
0.49 0.030000000000000002 158.97188093331175
0.49 0.0308 81.40848857197938
0.49 0.0316 39.60014266642414
0.49 0.032400000000000005 18.33017520379651
0.49 0.0332 8.119003635693751
0.5 0.0148 -3.445637889815053e-7
0.5 0.015600000000000001 -6.2584769438885e-5
0.5 0.016399999999999998 -0.002647971115060652
0.5 0.0172 -0.036444734225005326
0.5 0.018000000000000002 -0.1453815223883664
0.5 0.0188 0.07743832371051028
0.5 0.0196 1.4352782864815707
0.5 0.0204 8.659816293602605
0.5 0.021200000000000004 49.07875749768461
0.5 0.022 177.93506802005658
0.5 0.0228 437.9393618060278
0.5 0.0236 787.1698254759517
0.5 0.024399999999999998 1104.2152043366607
0.5 0.025200000000000004 1258.079459888485
0.5 0.026000000000000002 1205.5355943144812
0.5 0.0268 1006.524325269647
0.5 0.027600000000000003 742.7424059119032
0.5 0.0284 499.9609017052314
0.5 0.0292 309.90825488862555
0.5 0.030000000000000002 178.48883799969823
0.5 0.0308 96.6735832860771
0.5 0.0316 49.40662435752777
0.5 0.032400000000000005 23.846119455374442
0.5 0.0332 10.971905359460408
0.51 0.0148 1.5302961810946117e-7
0.51 0.015600000000000001 5.438328205743447e-5
0.51 0.016399999999999998 0.0030085476841210657
0.51 0.0172 0.03395043184994572
0.51 0.018000000000000002 0.08952977185797668
0.51 0.0188 -0.021742133904305305
0.51 0.0196 -0.11784765433841687
0.51 0.0204 1.2567653469392976
0.51 0.021200000000000004 15.17992923262332
0.51 0.022 67.86459546533199
0.51 0.0228 197.92420203543918
0.51 0.0236 415.51084113071016
0.51 0.024399999999999998 662.9351036016385
0.51 0.025200000000000004 839.5487060203029
0.51 0.026000000000000002 880.8761968905671
0.51 0.0268 794.3062083108625
0.51 0.027600000000000003 630.2170020216532
0.51 0.0284 451.9325057807973
0.51 0.0292 295.4006539264919
0.51 0.030000000000000002 177.56709416577428
0.51 0.0308 99.1747812126683
0.51 0.0316 51.65390562653763
0.51 0.032400000000000005 25.186418999459377
0.51 0.0332 11.639135740748996
0.5199999999999999 0.0148 -8.834477605906784e-8
0.5199999999999999 0.015600000000000001 -1.950072087733562e-5
0.5199999999999999 0.016399999999999998 -0.0008302399365229828
0.5199999999999999 0.0172 -0.008541597631127011
0.5199999999999999 0.018000000000000002 -0.027695202361031724
0.5199999999999999 0.0188 -0.013214919101110237
0.5199999999999999 0.0196 0.013580696074027654
0.5199999999999999 0.0204 0.4516948599971402
0.5199999999999999 0.021200000000000004 4.0686525830014
0.5199999999999999 0.022 22.157817021690526
0.5199999999999999 0.0228 77.40105038638445
0.5199999999999999 0.0236 188.9110638297032
0.5199999999999999 0.024399999999999998 343.62438302739565
0.5199999999999999 0.025200000000000004 490.1712974374591
0.5199999999999999 0.026000000000000002 570.6429274917693
0.5199999999999999 0.0268 560.2762741267062
0.5199999999999999 0.027600000000000003 483.10513903936305
0.5199999999999999 0.0284 369.03818421050755
0.5199999999999999 0.0292 253.30407591177993
0.5199999999999999 0.030000000000000002 157.99896482410668
0.5199999999999999 0.0308 90.28520625192658
0.5199999999999999 0.0316 47.78482570711931
0.5199999999999999 0.032400000000000005 23.619501342982804
0.5199999999999999 0.0332 11.020301376604626
0.5299999999999999 0.0148 -7.670589378457047e-8
0.5299999999999999 0.015600000000000001 -1.7890318047767084e-5
0.5299999999999999 0.016399999999999998 -0.0008175046729909015
0.5299999999999999 0.0172 -0.009583439441249106
0.5299999999999999 0.018000000000000002 -0.04576592884871464
0.5299999999999999 0.0188 -0.1364842144494037
0.5299999999999999 0.0196 -0.20869299429694824
0.5299999999999999 0.0204 0.4938955143248307
0.5299999999999999 0.021200000000000004 2.3461511426133423
0.5299999999999999 0.022 8.22061627884944
0.5299999999999999 0.0228 26.647186841475232
0.5299999999999999 0.0236 72.18006631780872
0.5299999999999999 0.024399999999999998 151.03151859953107
0.5299999999999999 0.025200000000000004 246.52423210042934
0.5299999999999999 0.026000000000000002 324.89196635664143
0.5299999999999999 0.0268 354.23823267784223
0.5299999999999999 0.027600000000000003 331.23287476640996
0.5299999999999999 0.0284 270.02869104475707
0.5299999999999999 0.0292 195.42278520293306
0.5299999999999999 0.030000000000000002 127.18633446222069
0.5299999999999999 0.0308 75.81622999974896
0.5299999999999999 0.0316 41.73921072950848
0.5299999999999999 0.032400000000000005 21.43895467667213
0.5299999999999999 0.0332 10.352904776671522
0.5399999999999999 0.0148 2.4147798982392092e-8
0.5399999999999999 0.015600000000000001 1.0109080329461865e-5
0.5399999999999999 0.016399999999999998 0.0006239729807879176
0.5399999999999999 0.0172 0.008039838798100817
0.5399999999999999 0.018000000000000002 0.020727334654908627
0.5399999999999999 0.0188 -0.05728766896955192
0.5399999999999999 0.0196 -0.17181992378911431
0.5399999999999999 0.0204 0.2018488194136709
0.5399999999999999 0.021200000000000004 1.1657642283071221
0.5399999999999999 0.022 2.6440050130800907
0.5399999999999999 0.0228 7.160177022152621
0.5399999999999999 0.0236 22.167926863465652
0.5399999999999999 0.024399999999999998 55.0895423002964
0.5399999999999999 0.025200000000000004 105.29760639257506
0.5399999999999999 0.026000000000000002 162.34024900240482
0.5399999999999999 0.0268 201.01832976011713
0.5399999999999999 0.027600000000000003 206.21202272169273
0.5399999999999999 0.0284 179.4580652351793
0.5399999999999999 0.0292 135.3911203129075
0.5399999999999999 0.030000000000000002 90.11558712945165
0.5399999999999999 0.0308 54.307121717212844
0.5399999999999999 0.0316 29.991440900098286
0.5399999999999999 0.032400000000000005 15.395117732570146
0.5399999999999999 0.0332 7.378436078325009
0.5499999999999999 0.0148 4.139854514931443e-8
0.5499999999999999 0.015600000000000001 1.2511232901401604e-5
0.5499999999999999 0.016399999999999998 0.0006855740419675451
0.5499999999999999 0.0172 0.008890095830163505
0.5499999999999999 0.018000000000000002 0.03561933517789107
0.5499999999999999 0.0188 0.04665882999027267
0.5499999999999999 0.0196 0.012254789094243672
0.5499999999999999 0.0204 -0.134319776282604
0.5499999999999999 0.021200000000000004 -0.1039099699310193
0.5499999999999999 0.022 0.29334381081633915
0.5499999999999999 0.0228 1.5677598179357444
0.5499999999999999 0.0236 5.105506593565232
0.5499999999999999 0.024399999999999998 15.211201555005692
0.5499999999999999 0.025200000000000004 36.76201212783865
0.5499999999999999 0.026000000000000002 70.55362710893988
0.5499999999999999 0.0268 101.10965705198082
0.5499999999999999 0.027600000000000003 113.56416128403612
0.5499999999999999 0.0284 103.40373672301922
0.5499999999999999 0.0292 79.20119175493623
0.5499999999999999 0.030000000000000002 52.215654326922895
0.5499999999999999 0.0308 30.557530585823834
0.5499999999999999 0.0316 16.253441545317425
0.5499999999999999 0.032400000000000005 8.004572160111664
0.5499999999999999 0.0332 3.65355073704095
0.56 0.0148 1.7057719880118563e-8
0.56 0.015600000000000001 4.30239278282643e-6
0.56 0.016399999999999998 0.00021896846322480294
0.56 0.0172 0.002991965749437217
0.56 0.018000000000000002 0.016716005817879527
0.56 0.0188 0.05160083115863183
0.56 0.0196 0.058954328005864476
0.56 0.0204 -0.17288481694279573
0.56 0.021200000000000004 -0.3848399094129771
0.56 0.022 -0.10964056550364004
0.56 0.0228 0.5807246669194213
0.56 0.0236 0.992468553635734
0.56 0.024399999999999998 3.024715358972109
0.56 0.025200000000000004 10.791902818258075
0.56 0.026000000000000002 26.424124507647434
0.56 0.0268 42.48656154123055
0.56 0.027600000000000003 50.21145823161339
0.56 0.0284 46.22884858129633
0.56 0.0292 35.025611450832336
0.56 0.030000000000000002 22.435607054168397
0.56 0.0308 12.511250989733211
0.56 0.0316 6.279297027952327
0.56 0.032400000000000005 2.8984938476826465
0.56 0.0332 1.2270354167317434
