0.024 0.0 3.2216378619151895e-27
0.024 0.012 6.450535966583246e-29
0.024 0.024 5.027200285720856e-28
0.024 0.036 3.826943827601549e-28
0.024 0.048 1.906511455236269e-28
0.024 0.06 4.610514785447844e-29
0.024 0.072 -1.950687111391792e-27
0.024 0.084 -2.3099567140630555e-28
0.024 0.096 2.270027760848652e-26
0.024 0.108 1.211644176506905e-23
0.024 0.12 2.1977495416477532e-21
0.024 0.132 1.5180947170504944e-19
0.024 0.144 4.346921134461234e-18
0.024 0.156 5.371938442515196e-17
0.024 0.168 2.8054219469651054e-16
0.024 0.18 5.260304375415676e-16
0.024 0.192 1.238865150902386e-16
0.024 0.20400000000000001 1.077874495585922e-16
0.024 0.216 5.592353005682714e-16
0.024 0.22799999999999998 -7.291092321575907e-16
0.024 0.24 -1.7951688379709608e-16
0.024 0.252 1.3685929701999268e-15
0.024 0.264 3.6198109488046244e-16
0.024 0.276 -2.9778685252190374e-16
0.024 0.288 5.348886309548416e-16
0.024 0.3 -1.3205550188397408e-15
0.024 0.312 -2.6747411297336317e-16
0.024 0.324 -1.5142762279082918e-15
0.024 0.336 -5.944522970274839e-15
0.024 0.348 3.2360931883323323e-16
0.024 0.36 -8.684727539439073e-17
0.024 0.372 -2.566502569944445e-15
0.024 0.384 1.1280548554942284e-15
0.024 0.396 -2.8895083798576717e-16
0.024 0.40800000000000003 -1.956605745935354e-16
0.024 0.42 2.7101782415669163e-16
0.024 0.432 -3.3179944796759586e-16
0.024 0.444 -6.852917445587021e-17
0.024 0.45599999999999996 3.1573376130999077e-16
0.024 0.46799999999999997 1.0157424232858584e-16
0.024 0.48 2.5827932624568922e-17
0.024 0.49199999999999994 2.624513089690583e-16
0.024 0.504 8.082669208438372e-17
0.024 0.516 -1.772689223922493e-16
0.024 0.528 -1.8430426513724837e-16
0.024 0.54 -8.933551623090793e-17
0.024 0.552 -2.6314817970168903e-17
0.024 0.564 -4.931194665000278e-18
0.024 0.576 -5.924282264743188e-19
0.024 0.588 -4.575473719602042e-20
0.036 0.0 -2.6094379427802228e-27
0.036 0.012 -5.121430510822456e-29
0.036 0.024 -4.7811800975089485e-28
0.036 0.036 -2.0952020416930167e-28
0.036 0.048 -1.9546768630047005e-28
0.036 0.06 -7.24927062309074e-29
0.036 0.072 1.5351513113089306e-27
0.036 0.084 -6.106996063579512e-29
0.036 0.096 -3.205317492987067e-26
0.036 0.108 -1.7123049425041544e-23
0.036 0.12 -3.0929336949373973e-21
0.036 0.132 -2.1262592733955499e-19
0.036 0.144 -6.0544843930199606e-18
0.036 0.156 -7.437523640560585e-17
0.036 0.168 -3.8704770600711103e-16
0.036 0.18 -7.393352609604939e-16
0.036 0.192 -2.773537130466222e-16
0.036 0.20400000000000001 -3.05168873673988e-16
0.036 0.216 -6.256752688177206e-16
0.036 0.22799999999999998 1.4049199273395585e-15
0.036 0.24 4.201537142584113e-16
0.036 0.252 -2.8133268839450623e-15
0.036 0.264 -1.8085530067627077e-15
0.036 0.276 5.803762754914526e-16
0.036 0.288 -5.270297536511218e-16
0.036 0.3 9.364443356731949e-16
0.036 0.312 2.1881225048960473e-16
0.036 0.324 1.514061915739774e-15
0.036 0.336 5.597430445419931e-15
0.036 0.348 -3.5244686196891533e-16
0.036 0.36 9.165029057622947e-17
0.036 0.372 2.3268555003873766e-15
0.036 0.384 -1.0070842942981946e-15
0.036 0.396 2.822811066271833e-16
0.036 0.40800000000000003 1.787205730225034e-16
0.036 0.42 -2.5142658997408025e-16
0.036 0.432 3.1807447183095907e-16
0.036 0.444 6.463193112280605e-17
0.036 0.45599999999999996 -3.027337564708608e-16
0.036 0.46799999999999997 -8.708689389747416e-17
0.036 0.48 -2.6834810091313318e-17
0.036 0.49199999999999994 -2.4423841635042494e-16
0.036 0.504 -7.12411765691655e-17
0.036 0.516 1.6072650246426807e-16
0.036 0.528 1.662174376287528e-16
0.036 0.54 8.139128165358508e-17
0.036 0.552 2.432130382283343e-17
0.036 0.564 4.614496670953767e-18
0.036 0.576 5.592900969124218e-19
0.036 0.588 4.343925520802401e-20
0.048 0.0 -3.419053141494294e-27
0.048 0.012 -6.444024333783496e-29
0.048 0.024 -5.129657293535183e-28
0.048 0.036 -3.9955742554257494e-28
0.048 0.048 -1.9279093116147175e-28
0.048 0.06 -4.671556340053026e-29
0.048 0.072 2.0235059851787273e-27
0.048 0.084 2.1716871122565827e-28
0.048 0.096 -2.2927125729178355e-26
0.048 0.108 -1.224100371040024e-23
0.048 0.12 -2.2210048813155414e-21
0.048 0.132 -1.534757070308686e-19
0.048 0.144 -4.397019730947038e-18
0.048 0.156 -5.438095866958373e-17
0.048 0.168 -2.843206999899175e-16
0.048 0.18 -5.338503349389831e-16
0.048 0.192 -1.2306528777066992e-16
0.048 0.20400000000000001 -9.532810942042163e-17
0.048 0.216 -5.66343920338818e-16
0.048 0.22799999999999998 6.98961850933022e-16
0.048 0.24 1.6340092587493128e-16
0.048 0.252 -1.347700994028564e-15
0.048 0.264 -3.5661890746192525e-16
0.048 0.276 3.0573811860171393e-16
0.048 0.288 -5.349503555598778e-16
0.048 0.3 1.2492516827581516e-15
0.048 0.312 2.3432053558614553e-16
0.048 0.324 1.5652381131315852e-15
0.048 0.336 6.0280935520684066e-15
0.048 0.348 -3.2560189468246303e-16
0.048 0.36 8.787765809302558e-17
0.048 0.372 2.597342435940988e-15
0.048 0.384 -1.140107069745926e-15
0.048 0.396 2.943765981901078e-16
0.048 0.40800000000000003 1.983842573506035e-16
0.048 0.42 -2.7133103920160066e-16
0.048 0.432 3.355870638958154e-16
0.048 0.444 6.918117766719088e-17
0.048 0.45599999999999996 -3.1839585340270903e-16
0.048 0.46799999999999997 -1.0307046799299922e-16
0.048 0.48 -2.5898905173704644e-17
0.048 0.49199999999999994 -2.650679490580328e-16
0.048 0.504 -8.154382729577533e-17
0.048 0.516 1.799216759368178e-16
0.048 0.528 1.869745592059547e-16
0.048 0.54 9.056082095655922e-17
0.048 0.552 2.6649279917473516e-17
0.048 0.564 4.9894962783652906e-18
0.048 0.576 5.990542280367112e-19
0.048 0.588 4.62478360720164e-20
0.06 0.0 9.969249478747933e-27
0.06 0.012 2.0504507542748426e-28
0.06 0.024 1.6213358443356353e-27
0.06 0.036 1.1440736952225376e-27
0.06 0.048 6.244884230354629e-28
0.06 0.06 1.6341564313616754e-28
0.06 0.072 -6.083214840047002e-27
0.06 0.084 -6.329215694548563e-28
0.06 0.096 7.875989401234786e-26
0.06 0.108 4.204069572400663e-23
0.06 0.12 7.618171002855247e-21
0.06 0.132 5.256302174105395e-19
0.06 0.144 1.503056640906677e-17
0.06 0.156 1.8546359026054094e-16
0.06 0.168 9.674002177743282e-16
0.06 0.18 1.8195935702099023e-15
0.06 0.192 4.837749799141238e-16
0.06 0.20400000000000001 4.700286796363973e-16
0.06 0.216 1.856568300632034e-15
0.06 0.22799999999999998 -2.7716499523833413e-15
0.06 0.24 -7.321816917248787e-16
0.06 0.252 5.237290667870497e-15
0.06 0.264 1.9139066010373614e-15
0.06 0.276 -1.105274718885663e-15
0.06 0.288 1.7502347256019054e-15
0.06 0.3 -4.245623586817981e-15
0.06 0.312 -9.02120184681519e-16
0.06 0.324 -4.8906894005930356e-15
0.06 0.336 -1.9199567843088335e-14
0.06 0.348 1.0726947357527713e-15
0.06 0.36 -2.8568707794197687e-16
0.06 0.372 -8.252409073359193e-15
0.06 0.384 3.621635564869289e-15
0.06 0.396 -9.363012389952243e-16
0.06 0.40800000000000003 -6.292420193321487e-16
0.06 0.42 8.786366552722491e-16
0.06 0.432 -1.0757480336703561e-15
0.06 0.444 -2.218477120009783e-16
0.06 0.45599999999999996 1.0250853824476817e-15
0.06 0.46799999999999997 3.2371074588065513e-16
0.06 0.48 8.510103268047579e-17
0.06 0.49199999999999994 8.478162015199752e-16
0.06 0.504 2.592559331268031e-16
0.06 0.516 -5.692269743354573e-16
0.06 0.528 -5.915068296249716e-16
0.06 0.54 -2.8722480334515307e-16
0.06 0.552 -8.481680357246265e-17
0.06 0.564 -1.5928752841123535e-17
0.06 0.576 -1.91666229849479e-18
0.06 0.588 -1.4817747853863633e-19
0.072 0.0 -7.004818868443466e-27
0.072 0.012 -1.0995893910424057e-28
0.072 0.024 -7.887057551145804e-28
0.072 0.036 -9.75924568614658e-28
0.072 0.048 -2.573465589433628e-28
0.072 0.06 -1.3561000973380243e-29
0.072 0.072 3.953488697656527e-27
0.072 0.084 7.634250292939033e-28
0.072 0.096 -1.3214721360318854e-26
0.072 0.108 -7.053177228058948e-24
0.072 0.12 -1.3100275556420261e-21
0.072 0.132 -9.296707317892206e-20
0.072 0.144 -2.7475714020441127e-18
0.072 0.156 -3.5170477526173265e-17
0.072 0.168 -1.8895368872229784e-16
0.072 0.18 -3.3355908069775547e-16
0.072 0.192 1.4513185125198336e-16
0.072 0.20400000000000001 3.4586786565920617e-16
0.072 0.216 -6.590671101401185e-16
0.072 0.22799999999999998 -6.122316658968906e-16
0.072 0.24 -3.661379437253422e-16
0.072 0.252 1.2072723702161043e-15
0.072 0.264 2.4036547721069318e-15
0.072 0.276 -9.992022886387232e-17
0.072 0.288 -7.160897859523755e-16
0.072 0.3 1.9077193295177586e-15
0.072 0.312 1.7879484110513576e-16
0.072 0.324 2.3926187206131023e-15
0.072 0.336 9.133992217655854e-15
0.072 0.348 -3.831448242224979e-16
0.072 0.36 1.125649823528662e-16
0.072 0.372 4.077309268340119e-15
0.072 0.384 -1.810652063895204e-15
0.072 0.396 4.3496418352764576e-16
0.072 0.40800000000000003 3.112304023517916e-16
0.072 0.42 -3.9568117384613477e-16
0.072 0.432 4.917014393186495e-16
0.072 0.444 1.0258889204167697e-16
0.072 0.45599999999999996 -4.601963626599824e-16
0.072 0.46799999999999997 -1.7338715266265426e-16
0.072 0.48 -3.240776191101257e-17
0.072 0.49199999999999994 -4.0029485836891447e-16
0.072 0.504 -1.3035516430194817e-16
0.072 0.516 2.858060729123687e-16
0.072 0.528 2.9818233040863855e-16
0.072 0.54 1.4236669532803224e-16
0.072 0.552 4.104383394335256e-17
0.072 0.564 7.544680533985937e-18
0.072 0.576 8.937466158886044e-19
0.072 0.588 6.839852916972086e-20
0.084 0.0 7.755766466959406e-27
0.084 0.012 1.3146369088075293e-28
0.084 0.024 9.751465710126005e-28
0.084 0.036 1.0304988000231527e-27
0.084 0.048 3.378112642421543e-28
0.084 0.06 4.458152490595575e-29
0.084 0.072 -4.470620794067948e-27
0.084 0.084 -7.526146122587729e-28
0.084 0.096 2.688016197183553e-26
0.084 0.108 1.4347672541065747e-23
0.084 0.12 2.625999375004531e-21
0.084 0.132 1.8329166000797506e-19
0.084 0.144 5.3140699208993255e-18
0.084 0.156 6.660603036437329e-17
0.084 0.168 3.5191579951726823e-16
0.084 0.18 6.440864496824782e-16
0.084 0.192 -1.9654705193987118e-17
0.084 0.20400000000000001 -1.8635504121491022e-16
0.084 0.216 9.174000337655645e-16
0.084 0.22799999999999998 -6.64073311867089e-17
0.084 0.24 1.4934468170385926e-16
0.084 0.252 8.432854848931172e-17
0.084 0.264 -1.5714375244729248e-15
0.084 0.276 -1.442311658437762e-16
0.084 0.288 9.422278775683468e-16
0.084 0.3 -2.424890873426406e-15
0.084 0.312 -3.301754452034246e-16
0.084 0.324 -2.952312801788367e-15
0.084 0.336 -1.137916589023926e-14
0.084 0.348 5.33458995781613e-16
0.084 0.36 -1.4795357633939657e-16
0.084 0.372 -5.011922522766892e-15
0.084 0.384 2.2215197801169493e-15
0.084 0.396 -5.435633476163544e-16
0.084 0.40800000000000003 -3.8040841285778076e-16
0.084 0.42 5.040394137477424e-16
0.084 0.432 -6.203812378448665e-16
0.084 0.444 -1.2846815328655357e-16
0.084 0.45599999999999996 5.857342076443759e-16
0.084 0.46799999999999997 2.1019249493428097e-16
0.084 0.48 4.828207582363847e-17
0.084 0.49199999999999994 5.079344239638277e-16
0.084 0.504 1.7156895688756146e-16
0.084 0.516 -3.3900520115030025e-16
0.084 0.528 -3.5916457528702844e-16
0.084 0.54 -1.7349678251977955e-16
0.084 0.552 -5.0611042384965894e-17
0.084 0.564 -9.393838319556784e-18
0.084 0.576 -1.1204635622741746e-18
0.084 0.588 -8.612734339992912e-20
0.096 0.0 -6.635033531380058e-27
0.096 0.012 -5.467305000797332e-28
0.096 0.024 -1.0263310635882903e-27
0.096 0.036 -8.611822257682787e-28
0.096 0.048 -1.1197406114411892e-28
0.096 0.06 1.8109480209433376e-28
0.096 0.072 3.918939279483325e-27
0.096 0.084 4.898300922687687e-28
0.096 0.096 -3.8712612454045106e-26
0.096 0.108 -2.0660633040076827e-23
0.096 0.12 -3.752760540092444e-21
0.096 0.132 -2.5964512651990975e-19
0.096 0.144 -7.449370577931028e-18
0.096 0.156 -9.226763916844767e-17
0.096 0.168 -4.827118005498141e-16
0.096 0.18 -9.007972827278665e-16
0.096 0.192 -1.6945619049213124e-16
0.096 0.20400000000000001 -1.0627712110182026e-16
0.096 0.216 -1.0163488538976097e-15
0.096 0.22799999999999998 1.03843816474874e-15
0.096 0.24 2.145213988909262e-16
0.096 0.252 -1.951448806805732e-15
0.096 0.264 -1.2307917411929616e-16
0.096 0.276 4.641845154769095e-16
0.096 0.288 -9.845261906740238e-16
0.096 0.3 2.6128391275030176e-15
0.096 0.312 7.966625924327566e-16
0.096 0.324 3.859281299094742e-15
0.096 0.336 1.3550792489485004e-14
0.096 0.348 3.5298979047623375e-15
0.096 0.36 6.3809740644926284e-15
0.096 0.372 1.2669206493942948e-14
0.096 0.384 6.18938120592387e-15
0.096 0.396 7.667559643874397e-15
0.096 0.40800000000000003 5.863002082605645e-15
0.096 0.42 3.061112018069843e-15
0.096 0.432 2.7834217818153554e-15
0.096 0.444 2.1051079051173367e-15
0.096 0.45599999999999996 2.199285282358115e-15
0.096 0.46799999999999997 7.972584433862992e-15
0.096 0.48 1.3875446757383927e-14
0.096 0.49199999999999994 2.137887583991226e-14
0.096 0.504 2.9313804272530263e-14
0.096 0.516 2.4494760269076895e-14
0.096 0.528 1.1670978887543777e-14
0.096 0.54 3.251663595824475e-15
0.096 0.552 5.388312105145439e-16
0.096 0.564 5.248972585181988e-17
0.096 0.576 2.8017480036952247e-18
0.096 0.588 5.880013283481382e-20
0.108 0.0 -3.7998725106129836e-26
0.108 0.012 -2.449956320229584e-25
0.108 0.024 -3.602360621278747e-26
0.108 0.036 -3.0115337818290186e-26
0.108 0.048 1.4196078206294378e-25
0.108 0.06 1.5033262594379095e-25
0.108 0.072 3.1376066801785884e-27
0.108 0.084 -1.352001445241536e-26
0.108 0.096 2.0503195474722753e-25
0.108 0.108 1.1136645085731348e-22
0.108 0.12 2.0654379156337623e-20
0.108 0.132 1.4630206635637109e-18
0.108 0.144 4.316160122933796e-17
0.108 0.156 5.529752135179433e-16
0.108 0.168 3.019651856221214e-15
0.108 0.18 5.967642857252104e-15
0.108 0.192 1.0181746982472302e-15
0.108 0.20400000000000001 -1.2659512743930496e-15
0.108 0.216 5.840575475789161e-15
0.108 0.22799999999999998 -4.984790413606382e-15
0.108 0.24 -1.2651424061018075e-17
0.108 0.252 7.158958036789397e-15
0.108 0.264 -3.7439457559489383e-16
0.108 0.276 3.8855122629625954e-15
0.108 0.288 1.9092518344361976e-14
0.108 0.3 1.2874814501076898e-13
0.108 0.312 3.4327614399388027e-13
0.108 0.324 9.172231641522499e-13
0.108 0.336 2.0212032035331676e-12
0.108 0.348 3.5771201457666444e-12
0.108 0.36 5.199104048467791e-12
0.108 0.372 6.269420047141672e-12
0.108 0.384 6.469608406567961e-12
0.108 0.396 5.388246844309507e-12
0.108 0.40800000000000003 3.985576116085437e-12
0.108 0.42 2.538362603661685e-12
0.108 0.432 1.6666575561751673e-12
0.108 0.444 1.942283432876911e-12
0.108 0.45599999999999996 3.313664669544834e-12
0.108 0.46799999999999997 7.656596869102928e-12
0.108 0.48 1.219842926008321e-11
0.108 0.49199999999999994 1.7053770619060963e-11
0.108 0.504 2.0248227650854966e-11
0.108 0.516 1.5518397970314308e-11
0.108 0.528 7.036878324749962e-12
0.108 0.54 1.8825526778632936e-12
0.108 0.552 2.95364265429043e-13
0.108 0.564 2.5792816946504187e-14
0.108 0.576 9.785677438586613e-16
0.108 0.588 -1.939868555440529e-17
0.12 0.0 -5.99732174468555e-24
0.12 0.012 -4.8231797755365714e-23
0.12 0.024 -6.689944138520314e-24
0.12 0.036 -5.332052889574273e-24
0.12 0.048 2.784523642413242e-23
0.12 0.06 2.962624227348647e-23
0.12 0.072 -4.424395693929399e-25
0.12 0.084 -2.7928208817217517e-24
0.12 0.096 3.451148906831812e-23
0.12 0.108 1.8813776558075944e-20
0.12 0.12 3.5090397022348156e-18
0.12 0.132 2.5010677194722695e-16
0.12 0.144 7.431545608013144e-15
0.12 0.156 9.597975681327695e-14
0.12 0.168 5.282127705049248e-13
0.12 0.18 1.0418944364363888e-12
0.12 0.192 9.282576991536065e-14
0.12 0.20400000000000001 -4.1798589379636374e-13
0.12 0.216 1.1165025573311178e-12
0.12 0.22799999999999998 -3.726151885271828e-13
0.12 0.24 2.1990373764656926e-13
0.12 0.252 3.303162069480496e-13
0.12 0.264 -8.826544297566085e-13
0.12 0.276 2.083197259262693e-12
0.12 0.288 9.358928412955126e-12
0.12 0.3 4.592441916916456e-11
0.12 0.312 1.3049734531615877e-10
0.12 0.324 3.3127176503403444e-10
0.12 0.336 6.892998550037563e-10
0.12 0.348 1.1646872713555154e-9
0.12 0.36 1.6213756401376088e-9
0.12 0.372 1.8744722126781757e-9
0.12 0.384 1.8368887346147556e-9
0.12 0.396 1.469559369145292e-9
0.12 0.40800000000000003 1.0278132447429959e-9
0.12 0.42 6.428883565280595e-10
0.12 0.432 4.882355325298716e-10
0.12 0.444 7.082429886816998e-10
0.12 0.45599999999999996 1.2908886504834263e-9
0.12 0.46799999999999997 2.5134354391266812e-9
0.12 0.48 3.6839283802017836e-9
0.12 0.49199999999999994 4.601022882259035e-9
0.12 0.504 4.8346827298473505e-9
0.12 0.516 3.446919520614867e-9
0.12 0.528 1.5060895214671327e-9
0.12 0.54 3.9505119771219225e-10
0.12 0.552 6.126991378784655e-11
0.12 0.564 5.303394689321777e-12
0.12 0.576 1.9791997397108187e-13
0.12 0.588 -4.299367846715897e-15
0.132 0.0 -4.4733422132678555e-22
0.132 0.012 -3.7096272214187655e-21
0.132 0.024 -4.883418483744354e-22
0.132 0.036 -3.8086426492799616e-22
0.132 0.048 2.110947300354287e-21
0.132 0.06 2.273269354147189e-21
0.132 0.072 -6.153852973720392e-23
0.132 0.084 -2.1450623618141185e-22
0.132 0.096 2.621750985970712e-21
0.132 0.108 1.4324509493281799e-18
0.132 0.12 2.667906335716771e-16
0.132 0.132 1.898518863243336e-14
0.132 0.144 5.631468997015951e-13
0.132 0.156 7.260164474903843e-12
0.132 0.168 3.988920871077834e-11
0.132 0.18 7.864377010559002e-11
0.132 0.192 7.547970803917724e-12
0.132 0.20400000000000001 -3.084287448568809e-11
0.132 0.216 8.390725249917414e-11
0.132 0.22799999999999998 -2.4955349420716697e-11
0.132 0.24 1.7640194562557963e-11
0.132 0.252 2.8191948870129476e-11
0.132 0.264 -2.280893173547229e-11
0.132 0.276 3.9892400119838276e-10
0.132 0.288 1.8244982998333274e-9
0.132 0.3 7.499391864778966e-9
0.132 0.312 2.1478646430440557e-8
0.132 0.324 5.173886977962392e-8
0.132 0.336 1.0168531799820403e-7
0.132 0.348 1.6308992073517096e-7
0.132 0.36 2.1585543778594762e-7
0.132 0.372 2.3692719358666137e-7
0.132 0.384 2.1815076466748554e-7
0.132 0.396 1.6496224895911837e-7
0.132 0.40800000000000003 1.0838341737507456e-7
0.132 0.42 6.874977066872529e-8
0.132 0.432 6.504946735033001e-8
0.132 0.444 1.102429269391361e-7
0.132 0.45599999999999996 1.990686695510718e-7
0.132 0.46799999999999997 3.367886325121318e-7
0.132 0.48 4.4924546144325385e-7
0.132 0.49199999999999994 5.017036644017999e-7
0.132 0.504 4.670857411729352e-7
0.132 0.516 3.07709574178038e-7
0.132 0.528 1.2879910985666192e-7
0.132 0.54 3.30193098086659e-8
0.132 0.552 5.058683757446125e-9
0.132 0.564 4.3518915558121554e-10
0.132 0.576 1.6230171280404654e-11
0.132 0.588 -3.447764610339002e-13
0.144 0.0 -1.6068599584296334e-20
0.144 0.012 -1.232397857068166e-19
0.144 0.024 -1.5257008550929263e-20
0.144 0.036 -1.210790832455398e-20
0.144 0.048 6.767936418111736e-20
0.144 0.06 7.488928564172131e-20
0.144 0.072 -1.8128876042122937e-21
0.144 0.084 -7.349843701868636e-21
0.144 0.096 8.416770515196652e-20
0.144 0.108 4.6219341600992034e-17
0.144 0.12 8.592584761241178e-15
0.144 0.132 6.102118172333334e-13
0.144 0.144 1.8060696308286034e-11
0.144 0.156 2.3231748200938476e-10
0.144 0.168 1.2738953577998215e-9
0.144 0.18 2.511882761492643e-9
0.144 0.192 2.723690275491984e-10
0.144 0.20400000000000001 -9.391610048588006e-10
0.144 0.216 2.6615857994157255e-9
0.144 0.22799999999999998 -7.000523331743052e-10
0.144 0.24 6.526795016073994e-10
0.144 0.252 1.365588385637136e-9
0.144 0.264 3.662202437525692e-9
0.144 0.276 3.731629022993781e-8
0.144 0.288 1.6619772823645098e-7
0.144 0.3 6.1243615681404e-7
0.144 0.312 1.70625168560496e-6
0.144 0.324 3.886077235929396e-6
0.144 0.336 7.199979724033987e-6
0.144 0.348 1.090249123860717e-5
0.144 0.36 1.3606708376410998e-5
0.144 0.372 1.4031225425851381e-5
0.144 0.384 1.2019853693240426e-5
0.144 0.396 8.486640058071563e-6
0.144 0.40800000000000003 5.280038785439174e-6
0.144 0.42 3.6527550331556874e-6
0.144 0.432 4.479760145486111e-6
0.144 0.444 8.134947611311241e-6
0.144 0.45599999999999996 1.3894909182552059e-5
0.144 0.46799999999999997 2.0737129297384744e-5
0.144 0.48 2.49724359620514e-5
0.144 0.49199999999999994 2.490096610653191e-5
0.144 0.504 2.0517017109425788e-5
0.144 0.516 1.2384470103313511e-5
0.144 0.528 4.927887020640495e-6
0.144 0.54 1.2293329814354528e-6
0.144 0.552 1.8586815818590422e-7
0.144 0.564 1.595510280442728e-8
0.144 0.576 6.083360664929792e-10
0.144 0.588 -1.058419303806846e-11
0.156 0.0 -3.282917272496956e-19
0.156 0.012 -1.8890664022086503e-18
0.156 0.024 -2.0969937448098778e-19
0.156 0.036 -1.97644755074887e-19
0.156 0.048 9.512134775187813e-19
0.156 0.06 1.1247418243914543e-18
0.156 0.072 2.0661723950453217e-20
0.156 0.084 -1.249674901214926e-19
0.156 0.096 1.193880169569461e-18
0.156 0.108 6.625901626255743e-16
0.156 0.12 1.2288095150200885e-13
0.156 0.132 8.702401220112878e-12
0.156 0.144 2.5680651268760243e-10
0.156 0.156 3.293451749798498e-9
0.156 0.168 1.801586612409461e-8
0.156 0.18 3.5582776355929845e-8
0.156 0.192 4.7463640715183494e-9
0.156 0.20400000000000001 -1.1827289332706561e-8
0.156 0.216 3.727865178612609e-8
0.156 0.22799999999999998 -9.057786631259508e-9
0.156 0.24 1.3802799790236783e-8
0.156 0.252 5.063696088605188e-8
0.156 0.264 2.9679402993085454e-7
0.156 0.276 1.8549579062157774e-6
0.156 0.288 7.883618731645697e-6
0.156 0.3 2.682938757606465e-5
0.156 0.312 7.123592615016851e-5
0.156 0.324 0.00015277588097521475
0.156 0.336 0.00026590425865889136
0.156 0.348 0.00037782760113605414
0.156 0.36 0.0004409460117303017
0.156 0.372 0.0004229843953319716
0.156 0.384 0.00033437068205465875
0.156 0.396 0.0002193622942670208
0.156 0.40800000000000003 0.00013379634141032627
0.156 0.42 0.00011219559677268676
0.156 0.432 0.00017165752215714863
0.156 0.444 0.00030907279467179904
0.156 0.45599999999999996 0.0004858784973278129
0.156 0.46799999999999997 0.000643941071679336
0.156 0.48 0.000695400833459516
0.156 0.49199999999999994 0.0006170665982513801
0.156 0.504 0.00044861394898395733
0.156 0.516 0.0002455971691225339
0.156 0.528 9.196933212212045e-5
0.156 0.54 2.2189456428516863e-5
0.156 0.552 3.305967040871852e-6
0.156 0.564 2.8464296204233856e-7
0.156 0.576 1.1410402926334753e-8
0.156 0.588 -1.1100758532597074e-10
0.168 0.0 -4.263758905629245e-18
0.168 0.012 -1.375983467943858e-17
0.168 0.024 -1.0867110819812252e-18
0.168 0.036 -1.998711393580849e-18
0.168 0.048 5.3602865761696514e-18
0.168 0.06 7.772572061766739e-18
0.168 0.072 1.4389997834607819e-18
0.168 0.084 -1.1697199336167611e-18
0.168 0.096 7.104323377001062e-18
0.168 0.108 4.0433523816004474e-15
0.168 0.12 7.475267160404588e-13
0.168 0.132 5.2747670281908004e-11
0.168 0.144 1.550575693247552e-9
0.168 0.156 1.98104587326129e-8
0.168 0.168 1.081145390044539e-7
0.168 0.18 2.1505995823153402e-7
0.168 0.192 4.176574096760988e-8
0.168 0.20400000000000001 -4.673016612227087e-8
0.168 0.216 2.2123038273773183e-7
0.168 0.22799999999999998 -6.303930602304383e-8
0.168 0.24 2.333542213321879e-7
0.168 0.252 1.4510121598773494e-6
0.168 0.264 9.806516584307617e-6
0.168 0.276 5.2459507341695504e-5
0.168 0.288 0.0002106685487895031
0.168 0.3 0.0006688534879531567
0.168 0.312 0.0016738921417702828
0.168 0.324 0.0033659489106548255
0.168 0.336 0.005478653361816756
0.168 0.348 0.0072588753143523095
0.168 0.36 0.007860442787543817
0.168 0.372 0.00695613160693578
0.168 0.384 0.0050490014919773495
0.168 0.396 0.003104474940688975
0.168 0.40800000000000003 0.002007789413085804
0.168 0.42 0.0022150801009398926
0.168 0.432 0.0038196358818134804
0.168 0.444 0.006470781931765213
0.168 0.45599999999999996 0.009212566952200829
0.168 0.46799999999999997 0.010858914548137465
0.168 0.48 0.01045101228892455
0.168 0.49199999999999994 0.008212066527551992
0.168 0.504 0.005242963185626368
0.168 0.516 0.0025720202567063137
0.168 0.528 0.0008945584209737998
0.168 0.54 0.0002069123595023156
0.168 0.552 3.029601784827174e-5
0.168 0.564 2.632125609248787e-6
0.168 0.576 1.1420596127335323e-7
0.168 0.588 1.4883041343139166e-10
0.18 0.0 -3.513560523148741e-17
0.18 0.012 -4.6534557034574673e-17
0.18 0.024 1.4343284719581473e-18
0.18 0.036 -1.4569860554455506e-17
0.18 0.048 1.8216095606955362e-18
0.18 0.06 2.1739724375841937e-17
0.18 0.072 2.0277359348221486e-17
0.18 0.084 -6.571048312743579e-18
0.18 0.096 8.909830269890385e-18
0.18 0.108 5.894010674595056e-15
0.18 0.12 1.0892360687131905e-12
0.18 0.132 7.673236529468582e-11
0.18 0.144 2.252759713072316e-9
0.18 0.156 2.8791853722710676e-8
0.18 0.168 1.5858024281514116e-7
0.18 0.18 3.3517991563553975e-7
0.18 0.192 1.8171049257119417e-7
0.18 0.20400000000000001 1.8196212181132213e-7
0.18 0.216 3.446954733920592e-7
0.18 0.22799999999999998 -2.3929737542085397e-7
0.18 0.24 3.7019634692306007e-6
0.18 0.252 2.8040232623141913e-5
0.18 0.264 0.00018173341769268188
0.18 0.276 0.0008927075427988516
0.18 0.288 0.0033684995803466163
0.18 0.3 0.009993084911807486
0.18 0.312 0.02342461368290387
0.18 0.324 0.04397768178284796
0.18 0.336 0.06662077637343108
0.18 0.348 0.08181895694541151
0.18 0.36 0.08167356507983523
0.18 0.372 0.06629095259795866
0.18 0.384 0.04422616938641761
0.18 0.396 0.02638309916311339
0.18 0.40800000000000003 0.020431363858842436
0.18 0.42 0.02918777787087493
0.18 0.432 0.0510763169923395
0.18 0.444 0.07901553031866339
0.18 0.45599999999999996 0.10085619524717025
0.18 0.46799999999999997 0.10554135164669001
0.18 0.48 0.08996121964438238
0.18 0.49199999999999994 0.06219888521935114
0.18 0.504 0.03464779088970005
0.18 0.516 0.015018671933615313
0.18 0.528 0.0047688830321565056
0.18 0.54 0.0010438750429610064
0.18 0.552 0.00014945595845760581
0.18 0.564 1.3183467766432871e-5
0.18 0.576 6.352621122569745e-7
0.18 0.588 9.195813731894996e-9
0.192 0.0 -1.7209442213180715e-16
0.192 0.012 -6.45684493393834e-17
0.192 0.024 3.720567897565355e-17
0.192 0.036 -7.441338201898316e-17
0.192 0.048 -1.0072067739148134e-16
0.192 0.06 -2.085335839403571e-18
0.192 0.072 1.2630391687556328e-16
0.192 0.084 -2.2267794874408264e-17
0.192 0.096 -7.601196945932742e-17
0.192 0.108 -3.9412009771738203e-14
0.192 0.12 -7.165394807587831e-12
0.192 0.132 -4.967535729839055e-10
0.192 0.144 -1.4312809305219616e-8
0.192 0.156 -1.7869649512345682e-7
0.192 0.168 -9.446864539677005e-7
0.192 0.18 -1.7310081177611262e-6
0.192 0.192 3.266565103063694e-7
0.192 0.20400000000000001 2.0412556862320225e-6
0.192 0.216 -1.2979091847657254e-6
0.192 0.22799999999999998 1.6986162114142395e-6
0.192 0.24 4.709928322869833e-5
0.192 0.252 0.00035065667780575697
0.192 0.264 0.002097280562468051
0.192 0.276 0.009585621750960662
0.192 0.288 0.0338509095801616
0.192 0.3 0.09370125367508754
0.192 0.312 0.20487322155681958
0.192 0.324 0.3576981378876955
0.192 0.336 0.5020758535448471
0.192 0.348 0.5687446079392094
0.192 0.36 0.5209343777103964
0.192 0.372 0.3869837198564739
0.192 0.384 0.240357804258255
0.192 0.396 0.15045401405581363
0.192 0.40800000000000003 0.1547023925661393
0.192 0.42 0.25650891717416197
0.192 0.432 0.424630011305098
0.192 0.444 0.5902998284890995
0.192 0.45599999999999996 0.6706632680565338
0.192 0.46799999999999997 0.6205756629096961
0.192 0.48 0.4653097531427027
0.192 0.49199999999999994 0.2808906398978353
0.192 0.504 0.1353895006050827
0.192 0.516 0.05103630177858161
0.192 0.528 0.014472086024126689
0.192 0.54 0.0029409781691816083
0.192 0.552 0.00040802226398126915
0.192 0.564 3.675955205617295e-5
0.192 0.576 2.0090342790216066e-6
0.192 0.588 5.730970277931078e-8
0.20400000000000001 0.0 -4.64209123772431e-16
0.20400000000000001 0.012 -3.7028935243780005e-17
0.20400000000000001 0.024 1.556102944872725e-16
0.20400000000000001 0.036 -2.3661682899621036e-16
0.20400000000000001 0.048 -4.3541232387637343e-16
0.20400000000000001 0.06 -1.4213749716821478e-16
0.20400000000000001 0.072 3.8511703195376227e-16
0.20400000000000001 0.084 -3.752810365943684e-17
0.20400000000000001 0.096 -3.318953233554262e-16
0.20400000000000001 0.108 -1.8081125502100753e-13
0.20400000000000001 0.12 -3.2657042202503364e-11
0.20400000000000001 0.132 -2.2457047355466517e-9
0.20400000000000001 0.144 -6.412390726044449e-8
0.20400000000000001 0.156 -7.93138059481478e-7
0.20400000000000001 0.168 -4.166177664622573e-6
0.20400000000000001 0.18 -7.774195955576524e-6
0.20400000000000001 0.192 1.4608565868836928e-7
0.20400000000000001 0.20400000000000001 6.925906112539805e-6
0.20400000000000001 0.216 -3.187785581939753e-7
0.20400000000000001 0.22799999999999998 4.580656573099585e-5
0.20400000000000001 0.24 0.0004349781510749178
0.20400000000000001 0.252 0.002920648611016083
0.20400000000000001 0.264 0.01595891492131878
0.20400000000000001 0.276 0.06775190731062228
0.20400000000000001 0.288 0.2231273373467414
0.20400000000000001 0.3 0.575026247177991
0.20400000000000001 0.312 1.1689816644679998
0.20400000000000001 0.324 1.8916726579847818
0.20400000000000001 0.336 2.451354980298371
0.20400000000000001 0.348 2.552400105550426
0.20400000000000001 0.36 2.1403329354552776
0.20400000000000001 0.372 1.4603121988918628
0.20400000000000001 0.384 0.8747705721261373
0.20400000000000001 0.396 0.6494781977612005
0.20400000000000001 0.40800000000000003 0.8822245242263965
0.20400000000000001 0.42 1.5040374850359766
0.20400000000000001 0.432 2.2696321374287263
0.20400000000000001 0.444 2.8091784549971894
0.20400000000000001 0.45599999999999996 2.823676137673646
0.20400000000000001 0.46799999999999997 2.297197364582004
0.20400000000000001 0.48 1.503482704905994
0.20400000000000001 0.49199999999999994 0.7852078404208976
0.20400000000000001 0.504 0.32420651666114947
0.20400000000000001 0.516 0.10448985303901256
0.20400000000000001 0.528 0.025773454076478255
0.20400000000000001 0.54 0.004734489819093012
0.20400000000000001 0.552 0.0006276441809834522
0.20400000000000001 0.564 5.8233309764730186e-5
0.20400000000000001 0.576 3.690599048888382e-6
0.20400000000000001 0.588 1.5824866978455174e-7
0.216 0.0 -5.843809879420254e-16
0.216 0.012 -1.0067320271266247e-16
0.216 0.024 3.0808609170532697e-16
0.216 0.036 -4.3498446925959227e-16
0.216 0.048 -8.564956276718863e-16
0.216 0.06 -3.465902302845048e-16
0.216 0.072 4.786548517162056e-16
0.216 0.084 7.390298013312088e-19
0.216 0.096 -4.739834666308513e-16
0.216 0.108 -2.2825586989586216e-13
0.216 0.12 -4.053911450252611e-11
0.216 0.132 -2.731310777890656e-9
0.216 0.144 -7.612883482973808e-8
0.216 0.156 -9.150192592620275e-7
0.216 0.168 -4.637131328943634e-6
0.216 0.18 -8.133352203472668e-6
0.216 0.192 2.0356076600785156e-6
0.216 0.20400000000000001 1.9627041049748172e-5
0.216 0.216 7.641748445148836e-5
0.216 0.22799999999999998 0.0004872643420247871
0.216 0.24 0.0029909668199264326
0.216 0.252 0.01708972382348606
0.216 0.264 0.08386603787567301
0.216 0.276 0.3281856879485089
0.216 0.288 1.0036668401087618
0.216 0.3 2.4020365841393776
0.216 0.312 4.52773820951193
0.216 0.324 6.7721640125395215
0.216 0.336 8.080860504751447
0.216 0.348 7.71816887075153
0.216 0.36 5.926732554360847
0.216 0.372 3.7606501153938736
0.216 0.384 2.3368374012940545
0.216 0.396 2.292510319732032
0.216 0.40800000000000003 3.6808276222346468
0.216 0.42 5.9580326249200475
0.216 0.432 8.049206402095269
0.216 0.444 8.813850499664886
0.216 0.45599999999999996 7.790372816954867
0.216 0.46799999999999997 5.532349771433647
0.216 0.48 3.1324811622393
0.216 0.49199999999999994 1.4012852745676372
0.216 0.504 0.4908181994347384
0.216 0.516 0.13357942622145108
0.216 0.528 0.02810615666450454
0.216 0.54 0.004568686742185648
0.216 0.552 0.0005759459533393735
0.216 0.564 5.651235051476328e-5
0.216 0.576 4.284893236960239e-6
0.216 0.588 2.4471861027307307e-7
0.22799999999999998 0.0 1.5611603273831426e-17
0.22799999999999998 0.012 -9.25015118557784e-17
0.22799999999999998 0.024 3.1570576031706e-16
0.22799999999999998 0.036 -4.420463748082468e-16
0.22799999999999998 0.048 -9.167133732270072e-16
0.22799999999999998 0.06 -4.893442094601018e-16
0.22799999999999998 0.072 -4.007523900768222e-16
0.22799999999999998 0.084 9.204102385034645e-17
0.22799999999999998 0.096 7.864609665646443e-17
0.22799999999999998 0.108 2.6981880527127416e-13
0.22799999999999998 0.12 5.0742758713338155e-11
0.22799999999999998 0.132 3.6568884439521026e-9
0.22799999999999998 0.144 1.0999120391678287e-7
0.22799999999999998 0.156 1.4431924137937905e-6
0.22799999999999998 0.168 8.201586464328997e-6
0.22799999999999998 0.18 1.8584671569819622e-5
0.22799999999999998 0.192 2.1591016354223982e-5
0.22799999999999998 0.20400000000000001 0.00012400269226801611
0.22799999999999998 0.216 0.0007707103867148585
0.22799999999999998 0.22799999999999998 0.0036339849171523335
0.22799999999999998 0.24 0.016448914338385922
0.22799999999999998 0.252 0.07525713229577582
0.22799999999999998 0.264 0.3200609980724858
0.22799999999999998 0.276 1.1359997550440475
0.22799999999999998 0.288 3.202851127348427
0.22799999999999998 0.3 7.091183934174887
0.22799999999999998 0.312 12.35566717982015
0.22799999999999998 0.324 17.03623380952881
0.22799999999999998 0.336 18.67670436879588
0.22799999999999998 0.348 16.338616724454493
0.22799999999999998 0.36 11.517310460302536
0.22799999999999998 0.372 6.995033360618429
0.22799999999999998 0.384 5.052442447787691
0.22799999999999998 0.396 6.595756244274518
0.22799999999999998 0.40800000000000003 11.025135173014105
0.22799999999999998 0.42 16.267795806708502
0.22799999999999998 0.432 19.48939504876814
0.22799999999999998 0.444 18.77242342308841
0.22799999999999998 0.45599999999999996 14.492304632514726
0.22799999999999998 0.46799999999999997 8.911664755931344
0.22799999999999998 0.48 4.329163237452901
0.22799999999999998 0.49199999999999994 1.6498433129066767
0.22799999999999998 0.504 0.49249410763030543
0.22799999999999998 0.516 0.11607787016366578
0.22799999999999998 0.528 0.022009199389262598
0.22799999999999998 0.54 0.003440105841883946
0.22799999999999998 0.552 0.00045155300097904144
0.22799999999999998 0.564 4.9481421069460545e-5
0.22799999999999998 0.576 4.328033988204652e-6
0.22799999999999998 0.588 2.8178858684507666e-7
0.24 0.0 1.086193345563168e-15
0.24 0.012 6.357926508053116e-16
0.24 0.024 1.7718420444618936e-16
0.24 0.036 -1.7656586899071682e-16
0.24 0.048 -4.2886596661962905e-16
0.24 0.06 -5.73069068141555e-16
0.24 0.072 -2.377183214269877e-15
0.24 0.084 5.822598720881938e-17
0.24 0.096 1.4906528718103292e-15
0.24 0.108 1.4800177239834644e-12
0.24 0.12 2.7098102242909303e-10
0.24 0.132 1.8945828057270013e-8
0.24 0.144 5.514041599374154e-7
0.24 0.156 6.984349503834669e-6
0.24 0.168 3.828853455635842e-5
0.24 0.18 8.626596554996294e-5
0.24 0.192 0.00014294278433811539
0.24 0.20400000000000001 0.0009361181593236816
0.24 0.216 0.005291810798868289
0.24 0.22799999999999998 0.021674920208373385
0.24 0.24 0.0772068811219435
0.24 0.252 0.2710586585765027
0.24 0.264 0.9450934568137515
0.24 0.276 2.94650343612383
0.24 0.288 7.543273135204505
0.24 0.3 15.330604585740899
0.24 0.312 24.566302513125645
0.24 0.324 31.102473178307626
0.24 0.336 31.21798975414582
0.24 0.348 24.946729595384905
0.24 0.36 16.240117029740126
0.24 0.372 10.024721451394178
0.24 0.384 9.436851024904763
0.24 0.396 14.846872000783454
0.24 0.40800000000000003 23.723144946074626
0.24 0.42 31.29067909445928
0.24 0.432 33.031986556595506
0.24 0.444 27.830452926483122
0.24 0.45599999999999996 18.65491723519401
0.24 0.46799999999999997 9.899099441628639
0.24 0.48 4.151598737582324
0.24 0.49199999999999994 1.3918159168351045
0.24 0.504 0.38654105896574564
0.24 0.516 0.09382094071955764
0.24 0.528 0.020362776436123282
0.24 0.54 0.0037775665386732054
0.24 0.552 0.0005575941143407162
0.24 0.564 6.240477751659772e-5
0.24 0.576 5.172158638963997e-6
0.24 0.588 3.1161911694929286e-7
0.252 0.0 1.6695560237738693e-15
0.252 0.012 1.7074666406549071e-15
0.252 0.024 2.0172419464484236e-16
0.252 0.036 2.8434697923703797e-16
0.252 0.048 2.0092262521657194e-16
0.252 0.06 -6.117547712095044e-16
0.252 0.072 -3.929435773135438e-15
0.252 0.084 -2.423211326363924e-16
0.252 0.096 3.776162536994898e-15
0.252 0.108 3.211712204292406e-12
0.252 0.12 5.866513804769192e-10
0.252 0.132 4.0903720929814354e-8
0.252 0.144 1.1872772787548067e-6
0.252 0.156 1.503630249694996e-5
0.252 0.168 8.404346275386871e-5
0.252 0.18 0.0002270803459778666
0.252 0.192 0.000790205317960247
0.252 0.20400000000000001 0.005467851909939275
0.252 0.216 0.028273482388249265
0.252 0.22799999999999998 0.10555523569957964
0.252 0.24 0.31653591726459246
0.252 0.252 0.8620641118856355
0.252 0.264 2.3365684316364015
0.252 0.276 6.067923682281121
0.252 0.288 13.673197733118778
0.252 0.3 25.081491082649737
0.252 0.312 36.58117598705299
0.252 0.324 42.19993233763988
0.252 0.336 38.513392700313254
0.252 0.348 27.98179219551453
0.252 0.36 17.12042930729562
0.252 0.372 11.973419071951417
0.252 0.384 15.222997092641988
0.252 0.396 25.397108225120316
0.252 0.40800000000000003 37.07987894906114
0.252 0.42 43.29203796484032
0.252 0.432 40.113198624665586
0.252 0.444 29.538067763117173
0.252 0.45599999999999996 17.33440668002547
0.252 0.46799999999999997 8.203491504637679
0.252 0.48 3.238636155115328
0.252 0.49199999999999994 1.1327537975297044
0.252 0.504 0.36761500276027376
0.252 0.516 0.10736144899750417
0.252 0.528 0.0259062380300052
0.252 0.54 0.00480745558096102
0.252 0.552 0.0006597768579089604
0.252 0.564 6.57551922052127e-5
0.252 0.576 4.729943421812601e-6
0.252 0.588 2.462934963849058e-7
0.264 0.0 1.4952424161097375e-15
0.264 0.012 1.7543023899555194e-15
0.264 0.024 3.376887249861244e-16
0.264 0.036 8.571717782812566e-16
0.264 0.048 3.2400768074035487e-16
0.264 0.06 -5.849101483251773e-16
0.264 0.072 -3.7465681349011e-15
0.264 0.084 -7.570642725011419e-16
0.264 0.096 7.71369876483697e-15
0.264 0.108 5.656182940214075e-12
0.264 0.12 1.0386240984144039e-9
0.264 0.132 7.287506379799143e-8
0.264 0.144 2.1338226324648895e-6
0.264 0.156 2.7517804948430872e-5
0.264 0.168 0.0001646620058677749
0.264 0.18 0.0006199774405718328
0.264 0.192 0.0035869431205455033
0.264 0.20400000000000001 0.024602534166571984
0.264 0.216 0.11979195389505289
0.264 0.22799999999999998 0.4177569824060001
0.264 0.24 1.1158304566439337
0.264 0.252 2.4956185055395634
0.264 0.264 5.213677757814386
0.264 0.276 10.640473471730903
0.264 0.288 20.019238465896837
0.264 0.3 32.04611948682075
0.264 0.312 41.65614691728963
0.264 0.324 43.14152846891295
0.264 0.336 35.37460878711849
0.264 0.348 23.279366621573857
0.264 0.36 14.09000341932541
0.264 0.372 12.837208367661667
0.264 0.384 20.3288994873622
0.264 0.396 32.730293351475915
0.264 0.40800000000000003 42.788684225129295
0.264 0.42 44.18884781659007
0.264 0.432 36.31808311523527
0.264 0.444 24.173017408547757
0.264 0.45599999999999996 13.491336334869457
0.264 0.46799999999999997 6.6867477869416
0.264 0.48 3.0876200058726986
0.264 0.49199999999999994 1.304667513766192
0.264 0.504 0.4659803880884593
0.264 0.516 0.12923106977142193
0.264 0.528 0.02621061551218205
0.264 0.54 0.003751269540123799
0.264 0.552 0.00036976813094166075
0.264 0.564 2.4227796685787386e-5
0.264 0.576 9.56611482672808e-7
0.264 0.588 1.4509111200926368e-8
0.276 0.0 1.2731363112536766e-15
0.276 0.012 6.464809507382945e-16
0.276 0.024 1.0484136211998913e-16
0.276 0.036 1.2565575130626796e-15
0.276 0.048 -2.252475261517948e-16
0.276 0.06 -5.477919435415906e-16
0.276 0.072 -2.744844296636059e-15
0.276 0.084 -1.3780233455695334e-15
0.276 0.096 1.3354724590277792e-14
0.276 0.108 8.786069438482824e-12
0.276 0.12 1.6281082654615563e-9
0.276 0.132 1.1555691147295889e-7
0.276 0.144 3.443305779234845e-6
0.276 0.156 4.618159855136132e-5
0.276 0.168 0.0003158425081702277
0.276 0.18 0.0017618070142371087
0.276 0.192 0.013230909818410096
0.276 0.20400000000000001 0.0880795858187669
0.276 0.216 0.40777843677917386
0.276 0.22799999999999998 1.3422386213958355
0.276 0.24 3.2964223307146363
0.276 0.252 6.422864980722948
0.276 0.264 10.815053064584074
0.276 0.276 16.98328650251294
0.276 0.288 25.11373334756073
0.276 0.3 33.185124879993026
0.276 0.312 36.97614571755024
0.276 0.324 33.47870899437127
0.276 0.336 24.230350118328843
0.276 0.348 14.558415375457274
0.276 0.36 9.821294992034192
0.276 0.372 12.579979290993116
0.276 0.384 21.64279121949275
0.276 0.396 32.1119149583964
0.276 0.40800000000000003 37.78830911181337
0.276 0.42 35.7232123062929
0.276 0.432 28.21389790552122
0.276 0.444 19.709890073452502
0.276 0.45599999999999996 12.787592781433638
0.276 0.46799999999999997 7.647607516423444
0.276 0.48 3.943545829974405
0.276 0.49199999999999994 1.6243678625117608
0.276 0.504 0.5039646421308267
0.276 0.516 0.11172374951953101
0.276 0.528 0.01634881814547988
0.276 0.54 0.0012646234167296888
0.276 0.552 -2.31205949556396e-5
0.276 0.564 -1.791809196753874e-5
0.276 0.576 -2.208594281371358e-6
0.276 0.588 -1.5482869550293674e-7
0.288 0.0 1.2667478168897472e-15
0.288 0.012 -6.504124834451935e-16
0.288 0.024 -1.0770446381138899e-16
0.288 0.036 1.0266674737407706e-15
0.288 0.048 -1.2375821258488351e-15
0.288 0.06 -5.849107933766212e-16
0.288 0.072 -2.0350265587651504e-15
0.288 0.084 -1.8972411947854387e-15
0.288 0.096 1.689051566254592e-14
0.288 0.108 1.0600344291375733e-11
0.288 0.12 1.982092606728422e-9
0.288 0.132 1.4271509205070853e-7
0.288 0.144 4.381505035983573e-6
0.288 0.156 6.385292065506564e-5
0.288 0.168 0.0005602845510539071
0.288 0.18 0.004698086897510853
0.288 0.192 0.040165379132194784
0.288 0.20400000000000001 0.25709595250891476
0.288 0.216 1.1301529338518879
0.288 0.22799999999999998 3.5088743691436513
0.288 0.24 8.009447295750128
0.288 0.252 14.084707780632995
0.288 0.264 20.242470147358745
0.288 0.276 25.288439161372754
0.288 0.288 28.59269350480985
0.288 0.3 29.278005794632293
0.288 0.312 26.309794786810766
0.288 0.324 19.919706307109315
0.288 0.336 12.431975586160014
0.288 0.348 7.143077130993748
0.288 0.36 6.451066459579415
0.288 0.372 10.82805942230587
0.288 0.384 18.419094152901494
0.288 0.396 25.567216171950633
0.288 0.40800000000000003 29.245548334624143
0.288 0.42 29.165967081196143
0.288 0.432 26.654419493156794
0.288 0.444 22.330322160836864
0.288 0.45599999999999996 16.290731549820514
0.288 0.46799999999999997 9.697102926469853
0.288 0.48 4.4631479779415315
0.288 0.49199999999999994 1.524363819990996
0.288 0.504 0.37298159968535427
0.288 0.516 0.06271637346606804
0.288 0.528 0.006611342966895737
0.288 0.54 0.00025151912274947277
0.288 0.552 -5.318876481368229e-5
0.288 0.564 -1.3152759141371344e-5
0.288 0.576 -1.6074983273767702e-6
0.288 0.588 -1.2390349472708484e-7
0.3 0.0 5.312783780810669e-16
0.3 0.012 -1.7420388515161479e-15
0.3 0.024 6.633448446520636e-17
0.3 0.036 -1.463519119354002e-16
0.3 0.048 -2.452481244221594e-15
0.3 0.06 -4.1592029608389667e-16
0.3 0.072 -1.1613364990206453e-15
0.3 0.084 -2.0184603940338367e-15
0.3 0.096 1.2644177779289783e-14
0.3 0.108 8.165356378468265e-12
0.3 0.12 1.5459260425218958e-9
0.3 0.132 1.1497168986039094e-7
0.3 0.144 3.854526630823829e-6
0.3 0.156 7.086943092546364e-5
0.3 0.168 0.0009651934194949222
0.3 0.18 0.011395299200410424
0.3 0.192 0.10193436116791134
0.3 0.20400000000000001 0.6208678548695192
0.3 0.216 2.5700337706943617
0.3 0.22799999999999998 7.468549844186862
0.3 0.24 15.823980722739927
0.3 0.252 25.455471335295744
0.3 0.264 32.41246011715196
0.3 0.276 33.90641299839059
0.3 0.288 30.037150022121253
0.3 0.3 23.10696661722539
0.3 0.312 15.667043748654164
0.3 0.324 9.301956739521719
0.3 0.336 4.886603902991412
0.3 0.348 3.0679459172251846
0.3 0.36 4.224235498266584
0.3 0.372 8.194483742749744
0.3 0.384 14.109963913620717
0.3 0.396 20.873505739272616
0.3 0.40800000000000003 27.645880574530576
0.3 0.42 32.92759055402591
0.3 0.432 33.887009931174916
0.3 0.444 28.640327170219088
0.3 0.45599999999999996 19.064502774950846
0.3 0.46799999999999997 9.662480174177837
0.3 0.48 3.614997557921587
0.3 0.49199999999999994 0.9664200936287366
0.3 0.504 0.17804703227854107
0.3 0.516 0.022369591393083182
0.3 0.528 0.0023574280387177213
0.3 0.54 0.00032965859833111006
0.3 0.552 3.882875440947278e-5
0.3 0.564 4.260932568719674e-8
0.3 0.576 -6.484380386278091e-7
0.3 0.588 -8.467278112340056e-8
0.312 0.0 -1.082972763602798e-15
0.312 0.012 -2.2454315211342353e-15
0.312 0.024 -4.0928460360304303e-16
0.312 0.036 -1.8616513616077722e-15
0.312 0.048 -3.2121791325541997e-15
0.312 0.06 2.7381624534108035e-16
0.312 0.072 8.889295084441816e-17
0.312 0.084 -1.4982196751762441e-15
0.312 0.096 3.554839860094778e-15
0.312 0.108 2.918102634191147e-12
0.312 0.12 5.888752384894946e-10
0.312 0.132 5.286354908356734e-8
0.312 0.144 2.6292640943147002e-6
0.312 0.156 8.46691848583921e-5
0.312 0.168 0.0018088185176664572
0.312 0.18 0.024835792153481872
0.312 0.192 0.21773064420611166
0.312 0.20400000000000001 1.2449044253390629
0.312 0.216 4.796096908199754
0.312 0.22799999999999998 12.91129454119268
0.312 0.24 25.23501593513037
0.312 0.252 37.17324549938318
0.312 0.264 42.54120561266905
0.312 0.276 38.520523068620186
0.312 0.288 27.89466841120141
0.312 0.3 16.430098670008473
0.312 0.312 8.14275945778376
0.312 0.324 3.5573947333561664
0.312 0.336 1.5788320070293091
0.312 0.348 1.4001855167879143
0.312 0.36 2.9261593538692416
0.312 0.372 6.617542189785178
0.312 0.384 13.34416790494007
0.312 0.396 23.57432807343195
0.312 0.40800000000000003 35.20920450684202
0.312 0.42 42.641796995557264
0.312 0.432 40.64214213428508
0.312 0.444 29.8586001009734
0.312 0.45599999999999996 16.56956930889556
0.312 0.46799999999999997 6.773085513683623
0.312 0.48 1.9791267213368602
0.312 0.49199999999999994 0.3992880030672714
0.312 0.504 0.053425027222968595
0.312 0.516 0.005325476142688693
0.312 0.528 0.0010660656800863938
0.312 0.54 0.00033392134123432204
0.312 0.552 5.947870959756165e-5
0.312 0.564 4.505737333696674e-6
0.312 0.576 -6.175627246570533e-8
0.312 0.588 -3.5561553592017007e-8
0.324 0.0 -1.3644025031963133e-15
0.324 0.012 -1.842443984873849e-15
0.324 0.024 -8.576982089418557e-16
0.324 0.036 -2.9128550888339558e-15
0.324 0.048 -2.6707003272502606e-15
0.324 0.06 6.870788618224434e-16
0.324 0.072 2.907058482585129e-16
0.324 0.084 -3.85405947568519e-16
0.324 0.096 2.0601575292361412e-15
0.324 0.108 1.5932462514582301e-12
0.324 0.12 4.1457722090854923e-10
0.324 0.132 5.471551907349552e-8
0.324 0.144 3.9390671563283066e-6
0.324 0.156 0.00015703055645295815
0.324 0.168 0.0035495278735854937
0.324 0.18 0.04733825839534315
0.324 0.192 0.3893677653804008
0.324 0.20400000000000001 2.0608416811863366
0.324 0.216 7.306043652212311
0.324 0.22799999999999998 18.049710162544855
0.324 0.24 32.315350133235114
0.324 0.252 43.379040003116316
0.324 0.264 44.602434537402836
0.324 0.276 35.32932410115126
0.324 0.288 21.498364917835456
0.324 0.3 10.084180390330538
0.324 0.312 3.7473244690272587
0.324 0.324 1.203437568116729
0.324 0.336 0.5356284725978844
0.324 0.348 0.9211243558961411
0.324 0.36 2.746141127174299
0.324 0.372 7.5158135112246525
0.324 0.384 17.076144374347187
0.324 0.396 30.824091194511272
0.324 0.40800000000000003 43.05885883408981
0.324 0.42 45.96779213425462
0.324 0.432 37.2193022294731
0.324 0.444 22.60426620831637
0.324 0.45599999999999996 10.096825003732528
0.324 0.46799999999999997 3.2229352507083147
0.324 0.48 0.7103381214919203
0.324 0.49199999999999994 0.10409248988072049
0.324 0.504 0.00985904557425142
0.324 0.516 0.0013053030166090386
0.324 0.528 0.000742540268151175
0.324 0.54 0.00029831663044301216
0.324 0.552 6.49125505950605e-5
0.324 0.564 8.241022434025045e-6
0.324 0.576 6.478452071079896e-7
0.324 0.588 3.326683663399035e-8
0.336 0.0 -8.368323213513901e-17
0.336 0.012 -1.959276330949791e-15
0.336 0.024 1.4643499595034705e-17
0.336 0.036 -2.764405714460036e-15
0.336 0.048 -1.0354057653597673e-15
0.336 0.06 3.2399308578492084e-16
0.336 0.072 -5.923254395747663e-16
0.336 0.084 5.702111035543261e-16
0.336 0.096 7.671136682859801e-15
0.336 0.108 4.726310180595108e-12
0.336 0.12 1.177734140805797e-9
0.336 0.132 1.3746310260590751e-7
0.336 0.144 8.55929728404582e-6
0.336 0.156 0.000302204232157047
0.336 0.168 0.0062108986621041105
0.336 0.18 0.0761615959465695
0.336 0.192 0.5757904778173137
0.336 0.20400000000000001 2.7891202015569756
0.336 0.216 9.020868123256308
0.336 0.22799999999999998 20.311380456177325
0.336 0.24 33.09555721064038
0.336 0.252 40.18724391617548
0.336 0.264 36.87564531311795
0.336 0.276 25.55750083031356
0.336 0.288 13.321384916720403
0.336 0.3 5.275053058336514
0.336 0.312 1.683640431396733
0.336 0.324 0.5523521601070985
0.336 0.336 0.4560310770630561
0.336 0.348 1.199758816509857
0.336 0.36 3.772801933797822
0.336 0.372 10.152522452849157
0.336 0.384 21.40636476970847
0.336 0.396 34.22324489199919
0.336 0.40800000000000003 41.04830841391155
0.336 0.42 36.82402770142589
0.336 0.432 24.568996721259342
0.336 0.444 12.01335874735314
0.336 0.45599999999999996 4.195088167016721
0.336 0.46799999999999997 1.0103811021151141
0.336 0.48 0.16164113554004467
0.336 0.49199999999999994 0.01644565496752995
0.336 0.504 0.0009171371290672742
0.336 0.516 0.00017006963249833416
0.336 0.528 0.00016016562612404644
0.336 0.54 6.0175007043357995e-5
0.336 0.552 1.118240567392354e-5
0.336 0.564 1.1342521227104282e-6
0.336 0.576 6.173902560674238e-8
0.336 0.588 1.3223667888486988e-9
0.348 0.0 1.0110595281174028e-16
0.348 0.012 -2.1866045611107387e-15
0.348 0.024 1.9374649314581432e-16
0.348 0.036 -2.1575629363669143e-15
0.348 0.048 -9.94052260268929e-17
0.348 0.06 2.1075647860299813e-16
0.348 0.072 -6.152454602819685e-16
0.348 0.084 6.037357311961753e-16
0.348 0.096 7.159311112107357e-15
0.348 0.108 5.368189743584983e-12
0.348 0.12 1.5769574031271667e-9
0.348 0.132 2.0707337604745005e-7
0.348 0.144 1.3461116799483468e-5
0.348 0.156 0.00046416671349968686
0.348 0.168 0.008945227279257112
0.348 0.18 0.1008517497766158
0.348 0.192 0.6949538393384247
0.348 0.20400000000000001 3.0574297675777604
0.348 0.216 8.973347261311996
0.348 0.22799999999999998 18.334162866170818
0.348 0.24 27.056790720150847
0.348 0.252 29.582331068650344
0.348 0.264 24.281460804341474
0.348 0.276 15.143561192418566
0.348 0.288 7.450182749268382
0.348 0.3 3.200502370030847
0.348 0.312 1.4459880114667834
0.348 0.324 0.9355064886334196
0.348 0.336 1.210778687581378
0.348 0.348 2.5009438598478635
0.348 0.36 5.7973892062807115
0.348 0.372 12.421437692189608
0.348 0.384 21.686252978497187
0.348 0.396 28.953703832535826
0.348 0.40800000000000003 28.859627040457998
0.348 0.42 21.25396463522744
0.348 0.432 11.41595667265045
0.348 0.444 4.370144878967299
0.348 0.45599999999999996 1.15340318327819
0.348 0.46799999999999997 0.20131891248593836
0.348 0.48 0.022347485796742773
0.348 0.49199999999999994 0.0014822025136563143
0.348 0.504 6.0421355766114976e-5
0.348 0.516 0.00038115981716322896
0.348 0.528 0.0003746704218436298
0.348 0.54 0.00014945637755768026
0.348 0.552 3.10759173057859e-5
0.348 0.564 3.691170192105211e-6
0.348 0.576 2.613074924764638e-7
0.348 0.588 1.1318285786299814e-8
0.36 0.0 -4.715545127663824e-16
0.36 0.012 -1.1253656391396781e-15
0.36 0.024 -4.1002558658583513e-16
0.36 0.036 -1.6974800138199886e-15
0.36 0.048 -2.0516777756383146e-16
0.36 0.06 3.7362907065681233e-16
0.36 0.072 -2.0765782517578506e-16
0.36 0.084 5.718810036807424e-17
0.36 0.096 1.7351031381294112e-15
0.36 0.108 3.684710692369418e-12
0.36 0.12 1.608513649813815e-9
0.36 0.132 2.5350172362054114e-7
0.36 0.144 1.7383987392565076e-5
0.36 0.156 0.0005847757751635452
0.36 0.168 0.010526327040963634
0.36 0.18 0.10851004617366904
0.36 0.192 0.6778217625430802
0.36 0.20400000000000001 2.69834551651471
0.36 0.216 7.175938414235603
0.36 0.22799999999999998 13.32005365071295
0.36 0.24 17.941156971550132
0.36 0.252 18.180884124431422
0.36 0.264 14.552806253186898
0.36 0.276 10.015425460827176
0.36 0.288 6.571255829385153
0.36 0.3 4.297895778843441
0.36 0.312 2.9540315127122145
0.36 0.324 2.7614436571036
0.36 0.336 3.8092459069964644
0.36 0.348 5.837615509225693
0.36 0.36 8.879131493882886
0.36 0.372 13.144618628266741
0.36 0.384 17.32580964956344
0.36 0.396 18.36613451413986
0.36 0.40800000000000003 14.745132595743636
0.36 0.42 8.681669511617775
0.36 0.432 3.6461095348638133
0.36 0.444 1.055596742052079
0.36 0.45599999999999996 0.2023367914290928
0.36 0.46799999999999997 0.024503479966949498
0.36 0.48 0.001701202675310031
0.36 0.49199999999999994 -2.6571109480277376e-5
0.36 0.504 8.765997172316107e-5
0.36 0.516 0.0003121472378966333
0.36 0.528 0.000272455799576091
0.36 0.54 0.00011824246774127544
0.36 0.552 3.0203332763331293e-5
0.36 0.564 4.899488757631809e-6
0.36 0.576 5.235164241510879e-7
0.36 0.588 3.731944309193609e-8
0.372 0.0 -6.599128706257645e-16
0.372 0.012 -4.42301869368793e-16
0.372 0.024 -1.6770071594278255e-16
0.372 0.036 -1.504418531035056e-15
0.372 0.048 8.177831139672872e-17
0.372 0.06 2.1528507383773523e-16
0.372 0.072 -3.0263818944760173e-16
0.372 0.084 -5.102533198100158e-16
0.372 0.096 8.696886378467112e-16
0.372 0.108 4.513904015842472e-12
0.372 0.12 2.0324476226422846e-9
0.372 0.132 3.0896682995283666e-7
0.372 0.144 1.9848987993658925e-5
0.372 0.156 0.0006148627610650689
0.372 0.168 0.010084340510191803
0.372 0.18 0.09417666332590549
0.372 0.192 0.5322775057407332
0.372 0.20400000000000001 1.9239446802994318
0.372 0.216 4.694726315855866
0.372 0.22799999999999998 8.197916698488953
0.372 0.24 11.004302920668316
0.372 0.252 12.466370323857126
0.372 0.264 13.016382528835237
0.372 0.276 12.690061282723748
0.372 0.288 10.920784511317557
0.372 0.3 8.236231267692949
0.372 0.312 6.617529526699169
0.372 0.324 7.5123280236518095
0.372 0.336 10.163466345652179
0.372 0.348 12.440249605287597
0.372 0.36 13.170175309248494
0.372 0.372 12.747553860101071
0.372 0.384 11.451081062006915
0.372 0.396 8.89603411736543
0.372 0.40800000000000003 5.45528748224924
0.372 0.42 2.4649931850719033
0.372 0.432 0.7781900861759493
0.372 0.444 0.16330521722292413
0.372 0.45599999999999996 0.02160650555717904
0.372 0.46799999999999997 0.0018112107967952105
0.372 0.48 4.248234392746547e-5
0.372 0.49199999999999994 1.3368615998197373e-5
0.372 0.504 4.132174360295654e-5
0.372 0.516 -0.00012583797249202317
0.372 0.528 -0.00013970266392447856
0.372 0.54 -5.378225911178576e-5
0.372 0.552 -9.654162825983116e-6
0.372 0.564 -7.645924584006976e-7
0.372 0.576 -8.48936228850841e-10
0.372 0.588 4.444753417287844e-9
0.384 0.0 -3.234835131449689e-16
0.384 0.012 -6.670455563027197e-16
0.384 0.024 1.4725387316822553e-16
0.384 0.036 -1.5064498647464235e-15
0.384 0.048 7.071492781015558e-16
0.384 0.06 7.002114149534654e-17
0.384 0.072 -9.427040949390185e-16
0.384 0.084 -9.517377702839075e-16
0.384 0.096 6.700777427029335e-15
0.384 0.108 8.283561886215684e-12
0.384 0.12 2.7009118067853403e-9
0.384 0.132 3.4138947948369936e-7
0.384 0.144 1.9153710231010272e-5
0.384 0.156 0.0005289476434713765
0.384 0.168 0.0078095093920653455
0.384 0.18 0.06612151639459199
0.384 0.192 0.3427833574062451
0.384 0.20400000000000001 1.1680494034500695
0.384 0.216 2.860634699866548
0.384 0.22799999999999998 5.6327100254874995
0.384 0.24 9.82268604735915
0.384 0.252 15.381345481864543
0.384 0.264 20.405062938282136
0.384 0.276 21.705445945858866
0.384 0.288 18.447530805122824
0.384 0.3 14.10223387924566
0.384 0.312 13.29889419882261
0.384 0.324 16.94852051214929
0.384 0.336 21.195641804056795
0.384 0.348 21.53620805356988
0.384 0.36 17.372206045561743
0.384 0.372 11.578179582617732
0.384 0.384 6.730920795619973
0.384 0.396 3.4570461117283067
0.384 0.40800000000000003 1.4788405377400646
0.384 0.42 0.47953857350241447
0.384 0.432 0.10767523316793186
0.384 0.444 0.015527732255615335
0.384 0.45599999999999996 0.0014643563075146372
0.384 0.46799999999999997 -2.0306298863108264e-5
0.384 0.48 2.251955217333086e-5
0.384 0.49199999999999994 7.393228781110729e-5
0.384 0.504 3.1358137135420946e-5
0.384 0.516 8.816840336135151e-5
0.384 0.528 7.910460273536771e-5
0.384 0.54 2.6993937780731257e-5
0.384 0.552 3.7358615879621784e-6
0.384 0.564 2.8529817013184762e-8
0.384 0.576 -5.2654304703051276e-8
0.384 0.588 -6.7522824902151835e-9
0.396 0.0 2.157384486093377e-15
0.396 0.012 -1.0104952853395023e-15
0.396 0.024 -3.652560046769579e-17
0.396 0.036 -1.1737893734969662e-15
0.396 0.048 1.14290535341819e-15
0.396 0.06 1.107822024115246e-16
0.396 0.072 -2.8687037323462194e-15
0.396 0.084 -7.554177781924035e-16
0.396 0.096 1.522950719044874e-14
0.396 0.108 1.2393111480254473e-11
0.396 0.12 3.1248341123394957e-9
0.396 0.132 3.239285143277032e-7
0.396 0.144 1.5501035017421755e-5
0.396 0.156 0.0003760426669890661
0.396 0.168 0.005014388940740839
0.396 0.18 0.039801405911626585
0.396 0.192 0.20670288014009064
0.396 0.20400000000000001 0.7923563600937518
0.396 0.216 2.5114227714247623
0.396 0.22799999999999998 6.79327971561399
0.396 0.24 14.953593506853892
0.396 0.252 25.44755177574362
0.396 0.264 32.75101616124967
0.396 0.276 32.09232326291128
0.396 0.288 25.542795147346332
0.396 0.3 20.852868330842828
0.396 0.312 23.4292178857912
0.396 0.324 30.40155004521048
0.396 0.336 33.665480254804514
0.396 0.348 28.678464329627523
0.396 0.36 18.517470498329043
0.396 0.372 9.16223520563289
0.396 0.384 3.573188606119568
0.396 0.396 1.144525673242835
0.396 0.40800000000000003 0.30485788693078436
0.396 0.42 0.06406042455681091
0.396 0.432 0.009471241047198457
0.396 0.444 0.00085922324073869
0.396 0.45599999999999996 0.00022120295571971603
0.396 0.46799999999999997 -0.00019785276100311633
0.396 0.48 3.51782350028653e-5
0.396 0.49199999999999994 2.020246626499931e-5
0.396 0.504 1.283740109517319e-5
0.396 0.516 0.0002674433399919542
0.396 0.528 0.0002561949383345774
0.396 0.54 9.912991776088577e-5
0.396 0.552 1.964353412134319e-5
0.396 0.564 2.1349665314787406e-6
0.396 0.576 1.2534843168606743e-7
0.396 0.588 3.314999894940645e-9
0.40800000000000003 0.0 4.7163371627569e-15
0.40800000000000003 0.012 -1.3852209423776253e-15
0.40800000000000003 0.024 -3.7861411783051285e-16
0.40800000000000003 0.036 -7.863029396783273e-16
0.40800000000000003 0.048 1.4115054528616367e-15
0.40800000000000003 0.06 1.5459723873359336e-16
0.40800000000000003 0.072 -4.516229824126661e-15
0.40800000000000003 0.084 -3.218923693018178e-17
0.40800000000000003 0.096 1.630947138419712e-14
0.40800000000000003 0.108 1.181833650333216e-11
0.40800000000000003 0.12 2.618496144562283e-9
0.40800000000000003 0.132 2.394692224854627e-7
0.40800000000000003 0.144 1.0267035311703016e-5
0.40800000000000003 0.156 0.00023119721267929859
0.40800000000000003 0.168 0.003068189689051097
0.40800000000000003 0.18 0.027206108575204953
0.40800000000000003 0.192 0.18056943925995653
0.40800000000000003 0.20400000000000001 0.941007841093999
0.40800000000000003 0.216 3.7610587955388204
0.40800000000000003 0.22799999999999998 11.101369064626596
0.40800000000000003 0.24 23.795899553510477
0.40800000000000003 0.252 37.13123081893972
0.40800000000000003 0.264 42.76824726187567
0.40800000000000003 0.276 37.73719756223569
0.40800000000000003 0.288 29.249290337902256
0.40800000000000003 0.3 27.612102891176544
0.40800000000000003 0.312 34.878678143489665
0.40800000000000003 0.324 42.353370061265174
0.40800000000000003 0.336 40.36957838818372
0.40800000000000003 0.348 28.676096782894597
0.40800000000000003 0.36 14.974114780086778
0.40800000000000003 0.372 5.6991863913189995
0.40800000000000003 0.384 1.576042575366391
0.40800000000000003 0.396 0.32195166163197475
0.40800000000000003 0.40800000000000003 0.04987563372874008
0.40800000000000003 0.42 0.006119991213721391
0.40800000000000003 0.432 0.0006073625523099432
0.40800000000000003 0.444 2.322844023039467e-5
0.40800000000000003 0.45599999999999996 7.747062656252935e-5
0.40800000000000003 0.46799999999999997 -0.00013415653523130494
0.40800000000000003 0.48 2.0180476098471153e-5
0.40800000000000003 0.49199999999999994 -1.0134081957762032e-5
0.40800000000000003 0.504 5.0798586802938886e-6
0.40800000000000003 0.516 0.00017928584170267067
0.40800000000000003 0.528 0.00017103950255302182
0.40800000000000003 0.54 6.801079683089456e-5
0.40800000000000003 0.552 1.4444280534374808e-5
0.40800000000000003 0.564 1.8063254632912304e-6
0.40800000000000003 0.576 1.4080519925211687e-7
0.40800000000000003 0.588 7.181060575564895e-9
0.42 0.0 3.1034421784604297e-15
0.42 0.012 -1.7045034264290793e-15
0.42 0.024 -6.723662052496182e-16
0.42 0.036 -1.1793554700436902e-15
0.42 0.048 1.438146813262246e-15
0.42 0.06 1.3220590802852722e-16
0.42 0.072 -3.306147985091211e-15
0.42 0.084 2.134000303452582e-16
0.42 0.096 6.3393974460920266e-15
0.42 0.108 5.350997171472876e-12
0.42 0.12 1.199320886971429e-9
0.42 0.132 1.153107288855926e-7
0.42 0.144 5.550716680441773e-6
0.42 0.156 0.0001535885620247632
0.42 0.168 0.0027205192609842774
0.42 0.18 0.03269408290790823
0.42 0.192 0.27045529920360706
0.42 0.20400000000000001 1.5371766052187295
0.42 0.216 6.012993465331212
0.42 0.22799999999999998 16.34914912119038
0.42 0.24 31.38539769417233
0.42 0.252 43.335066878013784
0.42 0.264 44.16453771128677
0.42 0.276 35.72281410611781
0.42 0.288 29.191576167972713
0.42 0.3 32.78880577610051
0.42 0.312 42.1496570860109
0.42 0.324 45.24819860534949
0.42 0.336 36.31579122533408
0.42 0.348 21.18453701488503
0.42 0.36 8.833167797853704
0.42 0.372 2.580194101313813
0.42 0.384 0.5167458664642657
0.42 0.396 0.06994515234109297
0.42 0.40800000000000003 0.0064176246266528
0.42 0.42 0.00040285916003466286
0.42 0.432 2.3404166951029514e-5
0.42 0.444 4.681276651589674e-6
0.42 0.45599999999999996 7.933901683952291e-7
0.42 0.46799999999999997 8.863277894180008e-6
0.42 0.48 -3.473827025062702e-6
0.42 0.49199999999999994 1.6863100713133576e-6
0.42 0.504 8.140100230217553e-6
0.42 0.516 5.214514164032629e-6
0.42 0.528 2.7576098055672588e-6
0.42 0.54 1.486896636930591e-6
0.42 0.552 5.429320112188503e-7
0.42 0.564 1.1894781676690904e-7
0.42 0.576 1.5817897876964342e-8
0.42 0.588 1.3033099027168537e-9
0.432 0.0 1.187545463592618e-15
0.432 0.012 -1.7481852599264801e-15
0.432 0.024 -6.978303369434105e-16
0.432 0.036 -1.1232033116246776e-15
0.432 0.048 1.1579642407829279e-15
0.432 0.06 5.225654530338432e-17
0.432 0.072 -2.1758383984594006e-15
0.432 0.084 1.083259950365168e-16
0.432 0.096 -1.228011299194628e-15
0.432 0.108 9.172626354281672e-13
0.432 0.12 4.1245153129604525e-10
0.432 0.132 6.849186077043279e-8
0.432 0.144 5.1189535397657785e-6
0.432 0.156 0.00019584832256253418
0.432 0.168 0.004204456038671787
0.432 0.18 0.054098584556474275
0.432 0.192 0.4373805056391993
0.432 0.20400000000000001 2.301019357043392
0.432 0.216 8.100777940423727
0.432 0.22799999999999998 19.55357989093436
0.432 0.24 33.08498300786074
0.432 0.252 40.138630310514074
0.432 0.264 36.35589875170262
0.432 0.276 28.261907796330192
0.432 0.288 26.593313531678792
0.432 0.3 33.611192304643104
0.432 0.312 40.159809304838255
0.432 0.324 36.70239407941761
0.432 0.336 24.25944502048361
0.432 0.348 11.35822076179561
0.432 0.36 3.687335530341685
0.432 0.372 0.8075482076067817
0.432 0.384 0.11573480735585501
0.432 0.396 0.010422994722379722
0.432 0.40800000000000003 0.0006220432867466642
0.432 0.42 1.2111583159886303e-5
0.432 0.432 -2.6058885289384742e-5
0.432 0.444 1.5895610220685028e-6
0.432 0.45599999999999996 1.0142198194572688e-5
0.432 0.46799999999999997 2.3233285890111995e-5
0.432 0.48 -3.4720387636455844e-6
0.432 0.49199999999999994 1.01183289079681e-5
0.432 0.504 7.5998478472765665e-6
0.432 0.516 -1.4431199680113928e-5
0.432 0.528 -1.5492000514840727e-5
0.432 0.54 -6.456472731875498e-6
0.432 0.552 -1.5029934381839647e-6
0.432 0.564 -2.1963838496677838e-7
0.432 0.576 -2.1246273200332766e-8
0.432 0.588 -1.391760090308812e-9
0.444 0.0 1.818939196273942e-15
0.444 0.012 -1.4511488737825763e-15
0.444 0.024 -4.561882472443008e-16
0.444 0.036 -3.5130783714274395e-16
0.444 0.048 7.291624649946855e-16
0.444 0.06 3.744195521388176e-17
0.444 0.072 -2.6056489448776124e-15
0.444 0.084 1.1252147280738932e-16
0.444 0.096 -1.0329152537801316e-15
0.444 0.108 1.4609308392638576e-12
0.444 0.12 7.613686333870558e-10
0.444 0.132 1.3002466178479253e-7
0.444 0.144 9.554798258099015e-6
0.444 0.156 0.0003495006364017606
0.444 0.168 0.0070127609309563535
0.444 0.18 0.08272261075380717
0.444 0.192 0.6037068656805359
0.444 0.20400000000000001 2.8345901890840186
0.444 0.216 8.836747421397625
0.444 0.22799999999999998 18.780599869933177
0.444 0.24 27.853481844695203
0.444 0.252 29.631427793948212
0.444 0.264 24.3078858598756
0.444 0.276 19.734184523311583
0.444 0.288 22.16872607477964
0.444 0.3 28.37562984215625
0.444 0.312 29.556596511779198
0.444 0.324 22.319047503668962
0.444 0.336 11.841097449144783
0.444 0.348 4.3219910778713215
0.444 0.36 1.05727751513404
0.444 0.372 0.16743787949303093
0.444 0.384 0.016552263936582347
0.444 0.396 0.0010030195982091165
0.444 0.40800000000000003 1.061414861867717e-5
0.444 0.42 2.5689062593172318e-5
0.444 0.432 1.3089418285834458e-5
0.444 0.444 -5.824023560709653e-7
0.444 0.45599999999999996 5.733725733628088e-6
0.444 0.46799999999999997 7.852920744803775e-6
0.444 0.48 -3.5447698307037666e-6
0.444 0.49199999999999994 1.0785287586724096e-5
0.444 0.504 1.462005328059593e-5
0.444 0.516 5.507478356157331e-6
0.444 0.528 1.4157675131783435e-6
0.444 0.54 6.907930848545132e-7
0.444 0.552 2.9129276696969357e-7
0.444 0.564 7.043134727360397e-8
0.444 0.576 9.98570284932924e-9
0.444 0.588 8.582013871541135e-10
0.45599999999999996 0.0 1.893939397538882e-15
0.45599999999999996 0.012 -9.831553214239628e-16
0.45599999999999996 0.024 -2.1540497610435633e-16
0.45599999999999996 0.036 -2.805313774253794e-17
0.45599999999999996 0.048 3.7638165514699196e-16
0.45599999999999996 0.06 9.545795402831571e-17
0.45599999999999996 0.072 -2.2226729135009534e-15
0.45599999999999996 0.084 -1.1484360067474259e-16
0.45599999999999996 0.096 2.7121947319019097e-15
0.45599999999999996 0.108 4.579462776843934e-12
0.45599999999999996 0.12 1.761794625006478e-9
0.45599999999999996 0.132 2.572699828591186e-7
0.45599999999999996 0.144 1.6818745338975696e-5
0.45599999999999996 0.156 0.0005529443144649889
0.45599999999999996 0.168 0.009967701560051214
0.45599999999999996 0.18 0.10518198891974997
0.45599999999999996 0.192 0.683059893787098
0.45599999999999996 0.20400000000000001 2.838771420138162
0.45599999999999996 0.216 7.791959002598133
0.45599999999999996 0.22799999999999998 14.50228611377896
0.45599999999999996 0.24 18.756559600126035
0.45599999999999996 0.252 17.549125679009443
0.45599999999999996 0.264 13.666837349620437
0.45599999999999996 0.276 12.78415885906043
0.45599999999999996 0.288 16.196076594010464
0.45599999999999996 0.3 18.998614408981336
0.45599999999999996 0.312 16.49399711090606
0.45599999999999996 0.324 9.9941333411138
0.45599999999999996 0.336 4.129001298404844
0.45599999999999996 0.348 1.1354770633715927
0.45599999999999996 0.36 0.2014476076146473
0.45599999999999996 0.372 0.02204287507310305
0.45599999999999996 0.384 0.0014991489009673553
0.45599999999999996 0.396 6.005888354192913e-5
0.45599999999999996 0.40800000000000003 -1.3929483078407503e-5
0.45599999999999996 0.42 -1.0204234039064168e-5
0.45599999999999996 0.432 1.2960524235025794e-5
0.45599999999999996 0.444 6.790593005510026e-7
0.45599999999999996 0.45599999999999996 -1.9672905994159944e-5
0.45599999999999996 0.46799999999999997 1.2955050632660876e-5
0.45599999999999996 0.48 -4.515604860958712e-6
0.45599999999999996 0.49199999999999994 -8.199300658375214e-7
0.45599999999999996 0.504 3.38920413974298e-6
0.45599999999999996 0.516 -1.5386723049262714e-5
0.45599999999999996 0.528 -1.6025313587328346e-5
0.45599999999999996 0.54 -5.875315541119906e-6
0.45599999999999996 0.552 -9.64290989580078e-7
0.45599999999999996 0.564 -5.458751240200788e-8
0.45599999999999996 0.576 4.321250249084973e-9
0.45599999999999996 0.588 8.70877138546244e-10
0.46799999999999997 0.0 9.205284001134422e-16
0.46799999999999997 0.012 -5.417295634600762e-16
0.46799999999999997 0.024 -8.611693493580475e-17
0.46799999999999997 0.036 3.2753653203386875e-17
0.46799999999999997 0.048 1.5418532942033838e-16
0.46799999999999997 0.06 9.357489861051728e-17
0.46799999999999997 0.072 -1.0689638713580836e-15
0.46799999999999997 0.084 -3.807281768671824e-16
0.46799999999999997 0.096 1.5247489623170122e-14
0.46799999999999997 0.108 1.2921093307552285e-11
0.46799999999999997 0.12 3.780170820829639e-9
0.46799999999999997 0.132 4.5606268769913075e-7
0.46799999999999997 0.144 2.5628816665505487e-5
0.46799999999999997 0.156 0.0007385822772918135
0.46799999999999997 0.168 0.01177254994315491
0.46799999999999997 0.18 0.11008795930197593
0.46799999999999997 0.192 0.6323587610134472
0.46799999999999997 0.20400000000000001 2.3142053697856064
0.46799999999999997 0.216 5.5602648904199
0.46799999999999997 0.22799999999999998 9.001440888383728
0.46799999999999997 0.24 10.105759934872037
0.46799999999999997 0.252 8.457841873791615
0.46799999999999997 0.264 6.842298707379042
0.46799999999999997 0.276 7.711688510687621
0.46799999999999997 0.288 9.79960574352588
0.46799999999999997 0.3 9.79332096898506
0.46799999999999997 0.312 6.83058001135915
0.46799999999999997 0.324 3.2166613213767197
0.46799999999999997 0.336 0.9995033614346
0.46799999999999997 0.348 0.1992418817290966
0.46799999999999997 0.36 0.024543339068827847
0.46799999999999997 0.372 0.0017964267467219196
0.46799999999999997 0.384 0.0001159755713599443
0.46799999999999997 0.396 5.434867279514118e-6
0.46799999999999997 0.40800000000000003 4.070958033427693e-6
0.46799999999999997 0.42 -1.2068378916246177e-5
0.46799999999999997 0.432 7.39168477780189e-6
0.46799999999999997 0.444 1.3573991578261285e-6
0.46799999999999997 0.45599999999999996 -1.482627949792068e-5
0.46799999999999997 0.46799999999999997 4.098621609207547e-6
0.46799999999999997 0.48 -2.004870031551215e-6
0.46799999999999997 0.49199999999999994 -6.22067034672981e-6
0.46799999999999997 0.504 -2.1790204051324514e-6
0.46799999999999997 0.516 -6.092728007583888e-6
0.46799999999999997 0.528 -5.527417212928232e-6
0.46799999999999997 0.54 -1.7413308953950302e-6
0.46799999999999997 0.552 -1.5246589478310242e-7
0.46799999999999997 0.564 3.017207479962239e-8
0.46799999999999997 0.576 8.642987244884742e-9
0.46799999999999997 0.588 9.124320602742844e-10
0.48 0.0 8.719804076721222e-17
0.48 0.012 -2.426870722273876e-16
0.48 0.024 -3.007781402554014e-17
0.48 0.036 -1.1250676721985226e-17
0.48 0.048 4.023978559258291e-17
0.48 0.06 4.230705205750248e-17
0.48 0.072 -8.643567547366375e-17
0.48 0.084 -2.9657181292864254e-16
0.48 0.096 3.431904791351847e-14
0.48 0.108 2.4472234737258914e-11
0.48 0.12 6.20453124473319e-9
0.48 0.132 6.539190181745799e-7
0.48 0.144 3.2266420120752246e-5
0.48 0.156 0.0008189249069185791
0.48 0.168 0.011512842903985864
0.48 0.18 0.09493965531831271
0.48 0.192 0.47971907443184286
0.48 0.20400000000000001 1.5362618188821517
0.48 0.216 3.2062417532817147
0.48 0.22799999999999998 4.478380602085123
0.48 0.24 4.3664144898603405
0.48 0.252 3.4360948090275985
0.48 0.264 3.2323353314934566
0.48 0.276 4.11084631263246
0.48 0.288 4.676431501370301
0.48 0.3 3.7789708339609933
0.48 0.312 2.043886501170792
0.48 0.324 0.7219933471924603
0.48 0.336 0.16226766531681086
0.48 0.348 0.022383990201366777
0.48 0.36 0.0018256483726292352
0.48 0.372 7.349623634234269e-5
0.48 0.384 2.63926733444929e-6
0.48 0.396 1.796826663106969e-5
0.48 0.40800000000000003 1.1877486670145731e-6
0.48 0.42 9.083149791430832e-6
0.48 0.432 8.52361719313567e-6
0.48 0.444 4.104876569033666e-7
0.48 0.45599999999999996 -2.1814398428292375e-6
0.48 0.46799999999999997 -1.5331089952592424e-6
0.48 0.48 -4.98928879376148e-7
0.48 0.49199999999999994 -1.7471118295429458e-6
0.48 0.504 1.6941265006070158e-6
0.48 0.516 5.9177598418109085e-6
0.48 0.528 5.15476208694753e-6
0.48 0.54 2.3086003272835407e-6
0.48 0.552 6.218423932438703e-7
0.48 0.564 1.0710899680496762e-7
0.48 0.576 1.2077905455220766e-8
0.48 0.588 8.958269985046258e-10
0.49199999999999994 0.0 -7.459542760516664e-17
0.49199999999999994 0.012 -9.119572792699401e-17
0.49199999999999994 0.024 -5.453244066826355e-18
0.49199999999999994 0.036 -7.920594167874492e-17
0.49199999999999994 0.048 5.6004924661497076e-18
0.49199999999999994 0.06 1.0384157340188535e-17
0.49199999999999994 0.072 1.535940285335511e-16
0.49199999999999994 0.084 -6.83068884759714e-17
0.49199999999999994 0.096 4.504243880206269e-14
0.49199999999999994 0.108 3.026490996068976e-11
0.49199999999999994 0.12 7.192787040045427e-9
0.49199999999999994 0.132 7.038365286645331e-7
0.49199999999999994 0.144 3.188018233811737e-5
0.49199999999999994 0.156 0.0007333605086876695
0.49199999999999994 0.168 0.009226135493373554
0.49199999999999994 0.18 0.06730844704730131
0.49199999999999994 0.192 0.2979412822337637
0.49199999999999994 0.20400000000000001 0.8283184610863342
0.49199999999999994 0.216 1.4873650662939377
0.49199999999999994 0.22799999999999998 1.7797311467272852
0.49199999999999994 0.24 1.53356014338581
0.49199999999999994 0.252 1.2576441999617434
0.49199999999999994 0.264 1.4418073622886998
0.49199999999999994 0.276 1.8019875577125275
0.49199999999999994 0.288 1.689916553059492
0.49199999999999994 0.3 1.0585514668336569
0.49199999999999994 0.312 0.427975271058402
0.49199999999999994 0.324 0.10904960353978468
0.49199999999999994 0.336 0.016971034597190203
0.49199999999999994 0.348 0.001520997237170527
0.49199999999999994 0.36 7.520801562302307e-5
0.49199999999999994 0.372 1.7591310255686978e-5
0.49199999999999994 0.384 -6.647634419073212e-6
0.49199999999999994 0.396 8.240825226112522e-6
0.49199999999999994 0.40800000000000003 1.7967135061588546e-6
0.49199999999999994 0.42 5.442524084257778e-6
0.49199999999999994 0.432 3.0503148228899153e-6
0.49199999999999994 0.444 1.1040711747461052e-7
0.49199999999999994 0.45599999999999996 8.060031935447755e-7
0.49199999999999994 0.46799999999999997 -2.670910597088255e-6
0.49199999999999994 0.48 3.8618252044177063e-7
0.49199999999999994 0.49199999999999994 -1.0758747400779779e-6
0.49199999999999994 0.504 9.976832456701441e-8
0.49199999999999994 0.516 4.676093025586086e-6
0.49199999999999994 0.528 4.457220018866963e-6
0.49199999999999994 0.54 1.8463043217196003e-6
0.49199999999999994 0.552 4.24858401789735e-7
0.49199999999999994 0.564 6.014987790950178e-8
0.49199999999999994 0.576 5.559078422222617e-9
0.49199999999999994 0.588 3.478905353185133e-10
0.504 0.0 4.375302284927683e-17
0.504 0.012 -2.766589881778872e-17
0.504 0.024 1.050755414819691e-18
0.504 0.036 -4.6588703328120296e-17
0.504 0.048 9.932953825387642e-19
0.504 0.06 3.609296987102927e-18
0.504 0.072 3.891676508852132e-18
0.504 0.084 5.2633362964588835e-17
0.504 0.096 4.377100524463175e-14
0.504 0.108 2.8286423927587042e-11
0.504 0.12 6.418336868903377e-9
0.504 0.132 5.938148040628839e-7
0.504 0.144 2.511811585563703e-5
0.504 0.156 0.0005313999559207891
0.504 0.168 0.006040677485181368
0.504 0.18 0.03909322323570174
0.504 0.192 0.15091506337111246
0.504 0.20400000000000001 0.36077537541629834
0.504 0.216 0.5516010642270001
0.504 0.22799999999999998 0.5654398052808379
0.504 0.24 0.45631268547424336
0.504 0.252 0.4422324980536461
0.504 0.264 0.5648258458717939
0.504 0.276 0.6100127633192187
0.504 0.288 0.4454569419774
0.504 0.3 0.20791423146072452
0.504 0.312 0.06046285484996043
0.504 0.324 0.010644256425177266
0.504 0.336 0.001094348642485159
0.504 0.348 6.16823169371077e-5
0.504 0.36 1.6183392962274094e-6
0.504 0.372 1.5265610300975535e-5
0.504 0.384 -6.39080284960711e-6
0.504 0.396 -2.703820048913788e-7
0.504 0.40800000000000003 1.6520075202211129e-6
0.504 0.42 -1.8458602055017473e-6
0.504 0.432 4.6753904463128893e-7
0.504 0.444 3.387973082881606e-7
0.504 0.45599999999999996 -5.912569337769212e-7
0.504 0.46799999999999997 -8.86688175150906e-7
0.504 0.48 4.140220918390613e-8
0.504 0.49199999999999994 -1.2188927593874299e-6
0.504 0.504 -6.362997083233632e-7
0.504 0.516 1.2195429121434653e-6
0.504 0.528 1.322347528398793e-6
0.504 0.54 5.729750621950736e-7
0.504 0.552 1.4014756895920858e-7
0.504 0.564 2.153832105074432e-8
0.504 0.576 2.1788908260862097e-9
0.504 0.588 1.4802116304571636e-10
0.516 0.0 3.5010762715446744e-17
0.516 0.012 -6.330824821379849e-18
0.516 0.024 5.123428601371775e-19
0.516 0.036 -8.392965226113067e-18
0.516 0.048 6.156547518561711e-19
0.516 0.06 2.680628663859272e-18
0.516 0.072 -2.5190153484959862e-17
0.516 0.084 4.39208555359138e-17
0.516 0.096 3.491653765872542e-14
0.516 0.108 2.1728291054947247e-11
0.516 0.12 4.708602370168755e-9
0.516 0.132 4.1182098083005973e-7
0.516 0.144 1.6260220779668026e-5
0.516 0.156 0.00031612613131889674
0.516 0.168 0.003241633394869153
0.516 0.18 0.01853769521089335
0.516 0.192 0.061941857732899896
0.516 0.20400000000000001 0.12595787119965676
0.516 0.216 0.16263692601111518
0.516 0.22799999999999998 0.14596281829048566
0.516 0.24 0.12418244608071863
0.516 0.252 0.1467465580279936
0.516 0.264 0.1773235117324298
0.516 0.276 0.15169837303156125
0.516 0.288 0.08250872385640096
0.516 0.3 0.027564921656093987
0.516 0.312 0.005532644306769168
0.516 0.324 0.0006417993563477252
0.516 0.336 4.249562604646162e-5
0.516 0.348 2.3964709271587996e-6
0.516 0.36 4.79937350836007e-7
0.516 0.372 2.7072570746383387e-6
0.516 0.384 -6.059903614258062e-7
0.516 0.396 -6.266279743974194e-7
0.516 0.40800000000000003 4.925781160907588e-7
0.516 0.42 -1.2872959629265745e-6
0.516 0.432 9.045130973323294e-8
0.516 0.444 1.50050953784533e-7
0.516 0.45599999999999996 -5.205936701965945e-7
0.516 0.46799999999999997 1.1814797487997875e-7
0.516 0.48 -1.0564639775052523e-7
0.516 0.49199999999999994 -3.801897006584018e-7
0.516 0.504 -1.4600919231907824e-7
0.516 0.516 -5.5545776529702696e-8
0.516 0.528 -2.477084648611073e-8
0.516 0.54 1.1564913106227654e-8
0.516 0.552 1.2092802343245429e-8
0.516 0.564 3.670366511927728e-9
0.516 0.576 5.604286843391481e-10
0.516 0.588 4.911156366754641e-11
0.528 0.0 1.0469617362304947e-17
0.528 0.012 -8.3678712364812465e-19
0.528 0.024 1.760438272975247e-18
0.528 0.036 7.668647108953864e-18
0.528 0.048 7.075908668435739e-19
0.528 0.06 1.2447707393787301e-18
0.528 0.072 -1.5980487974080766e-17
0.528 0.084 6.230400834642648e-18
0.528 0.096 2.1352860934068187e-14
0.528 0.108 1.2911394886000554e-11
0.528 0.12 2.6979719333134747e-9
0.528 0.132 2.2527658995075134e-7
0.528 0.144 8.381913413174773e-6
0.528 0.156 0.00015099858658052445
0.528 0.168 0.0014045609908519049
0.528 0.18 0.007103070828889404
0.528 0.192 0.020423657031967107
0.528 0.20400000000000001 0.03495496401159057
0.528 0.216 0.03813467750590923
0.528 0.22799999999999998 0.03213798884874468
0.528 0.24 0.032695580162610205
0.528 0.252 0.04155348766879224
0.528 0.264 0.04151352215620076
0.528 0.276 0.026558493149497146
0.528 0.288 0.010322965815932813
0.528 0.3 0.0023700310097540486
0.528 0.312 0.00030889837406824935
0.528 0.324 2.3942058477002627e-5
0.528 0.336 1.5066956136328825e-6
0.528 0.348 1.6279999259086277e-6
0.528 0.36 -3.995329163007516e-9
0.528 0.372 -2.392889495283447e-6
0.528 0.384 4.625056985270525e-6
0.528 0.396 -4.554733136932856e-7
0.528 0.40800000000000003 3.519923393797775e-8
0.528 0.42 2.0626189058165575e-7
0.528 0.432 -5.49792765929444e-7
0.528 0.444 -8.213356141678671e-8
0.528 0.45599999999999996 2.3295401379003166e-7
0.528 0.46799999999999997 4.635404822543245e-7
0.528 0.48 -2.56600831670661e-8
0.528 0.49199999999999994 3.9584385195446396e-7
0.528 0.504 1.519867156421149e-7
0.528 0.516 -6.025064625574575e-7
0.528 0.528 -6.098416925280136e-7
0.528 0.54 -2.6158463163407685e-7
0.528 0.552 -6.39527777966952e-8
0.528 0.564 -9.869641739623602e-9
0.528 0.576 -1.0061668775752613e-9
0.528 0.588 -6.8957205191392e-11
0.54 0.0 7.186459718964883e-18
0.54 0.012 2.6947177165305415e-19
0.54 0.024 1.915132959202452e-18
0.54 0.036 8.257327959692417e-18
0.54 0.048 6.105754072149658e-19
0.54 0.06 5.536594753348691e-19
0.54 0.072 -1.4157560409122383e-17
0.54 0.084 -4.298443582963111e-18
0.54 0.096 9.239595183932089e-15
0.54 0.108 5.486952427480945e-12
0.54 0.12 1.1199798021362543e-9
0.54 0.132 9.066846971996053e-8
0.54 0.144 3.2365975160401815e-6
0.54 0.156 5.511060176642803e-5
0.54 0.168 0.0004743114303541871
0.54 0.18 0.002154310795184129
0.54 0.192 0.005356413092874752
0.54 0.20400000000000001 0.007668962104692935
0.54 0.216 0.00722356156698909
0.54 0.22799999999999998 0.0065233475919085114
0.54 0.24 0.007915788884720203
0.54 0.252 0.009055290463400797
0.54 0.264 0.006880584024092068
0.54 0.276 0.0031448578565325376
0.54 0.288 0.0008328036759165257
0.54 0.3 0.00012546677902536724
0.54 0.312 7.450369132913013e-6
0.54 0.324 2.320858770869258e-6
0.54 0.336 5.905498190483402e-7
0.54 0.348 1.1433400758013424e-6
0.54 0.36 2.168771581107576e-8
0.54 0.372 -3.261276884417315e-6
0.54 0.384 4.444312828808922e-6
0.54 0.396 -4.211068291017138e-7
0.54 0.40800000000000003 -7.98243521122848e-8
0.54 0.42 3.396580381651166e-7
0.54 0.432 -5.620803839718784e-7
0.54 0.444 -9.80873273205441e-8
0.54 0.45599999999999996 3.0527861821569414e-7
0.54 0.46799999999999997 4.718893617166308e-7
0.54 0.48 -2.0615703226263665e-8
0.54 0.49199999999999994 4.6168145374225933e-7
0.54 0.504 1.899514915637069e-7
0.54 0.516 -6.058320569223477e-7
0.54 0.528 -6.218690190236499e-7
0.54 0.54 -2.6920009940329657e-7
0.54 0.552 -6.671420833752653e-8
0.54 0.564 -1.0466494363344748e-8
0.54 0.576 -1.0842395749247374e-9
0.54 0.588 -7.527477560490789e-11
0.552 0.0 2.7990060718371954e-18
0.552 0.012 2.295089017809215e-19
0.552 0.024 8.55098213593259e-19
0.552 0.036 3.417435021740189e-18
0.552 0.048 2.959263665518712e-19
0.552 0.06 2.7839307595035174e-19
0.552 0.072 -6.265353157554137e-18
0.552 0.084 -2.2397958519721792e-18
0.552 0.096 2.8073585030154344e-15
0.552 0.108 1.6477492854587003e-12
0.552 0.12 3.312473347504377e-10
0.552 0.132 2.6278471077172566e-8
0.552 0.144 9.124677185298057e-7
0.552 0.156 1.4942604169957555e-5
0.552 0.168 0.00012148674346214158
0.552 0.18 0.0005064445929986867
0.552 0.192 0.0011062608861706319
0.552 0.20400000000000001 0.0013344654518548755
0.552 0.216 0.001157892532652503
0.552 0.22799999999999998 0.0012611944381972742
0.552 0.24 0.0015621599111701094
0.552 0.252 0.0014135888448354556
0.552 0.264 0.0007750459419207325
0.552 0.276 0.00024157255642201974
0.552 0.288 3.9767792887733694e-5
0.552 0.3 3.42157278884842e-6
0.552 0.312 -8.150134439497464e-7
0.552 0.324 8.370618395786799e-7
0.552 0.336 2.4957635687971477e-7
0.552 0.348 4.803960879741394e-7
0.552 0.36 1.9533608990958872e-8
0.552 0.372 -1.5048720702456822e-6
0.552 0.384 1.8742110643113984e-6
0.552 0.396 -1.9156395443880349e-7
0.552 0.40800000000000003 -4.84064799576748e-8
0.552 0.42 1.3957686152828522e-7
0.552 0.432 -2.4176427193115973e-7
0.552 0.444 -4.263596045214922e-8
0.552 0.45599999999999996 1.3000731349056697e-7
0.552 0.46799999999999997 2.0637730769640717e-7
0.552 0.48 -9.996431014994127e-9
0.552 0.49199999999999994 2.0148142622703285e-7
0.552 0.504 8.35757204682492e-8
0.552 0.516 -2.65877331321251e-7
0.552 0.528 -2.730936864433661e-7
0.552 0.54 -1.1810197436897178e-7
0.552 0.552 -2.9204233912403284e-8
0.552 0.564 -4.568263862707192e-9
0.552 0.576 -4.717865762912216e-10
0.552 0.588 -3.266932023825788e-11
0.564 0.0 5.245090277373649e-19
0.564 0.012 7.676429793105489e-20
0.564 0.024 2.2481775953099223e-19
0.564 0.036 8.6402260868939465e-19
0.564 0.048 8.725257861302953e-20
0.564 0.06 9.399574185189946e-20
0.564 0.072 -1.5599036539718328e-18
0.564 0.084 -6.374659369022227e-19
0.564 0.096 6.169366120129396e-16
0.564 0.108 3.5886956646750715e-13
0.564 0.12 7.130905473938751e-11
0.564 0.132 5.570477669504289e-9
0.564 0.144 1.8938971716363304e-7
0.564 0.156 3.0100534811303557e-6
0.564 0.168 2.340956200490121e-5
0.564 0.18 9.108593273473991e-5
0.564 0.192 0.00017853719385329368
0.564 0.20400000000000001 0.00018798362011922262
0.564 0.216 0.00016865969423919842
0.564 0.22799999999999998 0.0002147549775157576
0.564 0.24 0.00022701303136579665
0.564 0.252 0.00015035537586778863
0.564 0.264 5.7459314257158646e-5
0.564 0.276 1.1443277913052967e-5
0.564 0.288 5.581367395120617e-7
0.564 0.3 2.409864213658808e-8
0.564 0.312 -2.5935546698198126e-7
0.564 0.324 1.9834848275712683e-7
0.564 0.336 5.8129479477422055e-8
0.564 0.348 1.5004140114261265e-7
0.564 0.36 1.6741964196232743e-9
0.564 0.372 -3.857303892023223e-7
0.564 0.384 4.883947254244815e-7
0.564 0.396 -5.165700017853553e-8
0.564 0.40800000000000003 -1.400440574403792e-8
0.564 0.42 3.8772378257648145e-8
0.564 0.432 -6.516462128674088e-8
0.564 0.444 -1.182958921464584e-8
0.564 0.45599999999999996 3.594406562790097e-8
0.564 0.46799999999999997 5.249056124005072e-8
0.564 0.48 -1.7993868175779978e-9
0.564 0.49199999999999994 5.348065682066326e-8
0.564 0.504 2.104430346095909e-8
0.564 0.516 -6.991715556691388e-8
0.564 0.528 -7.152813689531338e-8
0.564 0.54 -3.105497612222129e-8
0.564 0.552 -7.738351437895406e-9
0.564 0.564 -1.2219265279374353e-9
0.564 0.576 -1.2737380652352463e-10
0.564 0.588 -8.888184808823318e-12
0.576 0.0 7.535422953015749e-20
0.576 0.012 1.5966662547441425e-20
0.576 0.024 4.257641439604584e-20
0.576 0.036 1.6429276612586308e-19
0.576 0.048 1.7201713851952275e-20
0.576 0.06 1.972329341299382e-20
0.576 0.072 -2.8771815204116073e-19
0.576 0.084 -1.4150771227911434e-19
0.576 0.096 9.859200923405338e-17
0.576 0.108 5.691701636531768e-14
0.576 0.12 1.119911343567209e-11
0.576 0.132 8.635630550551526e-10
0.576 0.144 2.8848261248799185e-8
0.576 0.156 4.473651862530373e-7
0.576 0.168 3.3576468632803646e-6
0.576 0.18 1.2391681233039265e-5
0.576 0.192 2.25316005392208e-5
0.576 0.20400000000000001 2.2467522510577005e-5
0.576 0.216 2.272835337864194e-5
0.576 0.22799999999999998 2.8478182592913636e-5
0.576 0.24 2.2720789621457605e-5
0.576 0.252 1.0449508429655164e-5
0.576 0.264 2.803873879018964e-6
0.576 0.276 3.024533183388541e-7
0.576 0.288 -1.245141263605118e-7
0.576 0.3 1.129879568901267e-8
0.576 0.312 -5.331563208221581e-8
0.576 0.324 3.647034177637052e-8
0.576 0.336 1.0223570498507761e-8
0.576 0.348 3.1885602652899266e-8
0.576 0.36 -2.5260339847485574e-10
0.576 0.372 -7.316483108251194e-8
0.576 0.384 9.478222704118844e-8
0.576 0.396 -9.981004802372642e-9
0.576 0.40800000000000003 -2.8144836274903967e-9
0.576 0.42 8.104303224050491e-9
0.576 0.432 -1.2891579992738781e-8
0.576 0.444 -2.394523383844776e-9
0.576 0.45599999999999996 7.337194341608619e-9
0.576 0.46799999999999997 9.931955729454945e-9
0.576 0.48 -2.1649940390791874e-10
0.576 0.49199999999999994 1.0506604702799115e-8
0.576 0.504 3.992758221204859e-9
0.576 0.516 -1.351298573248047e-8
0.576 0.528 -1.3795904465570279e-8
0.576 0.54 -6.01084621701937e-9
0.576 0.552 -1.5077263165215412e-9
0.576 0.564 -2.399979336201056e-10
0.576 0.576 -2.5213558174498088e-11
0.576 0.588 -1.7706030053101975e-12
0.588 0.0 8.45107093028325e-21
0.588 0.012 2.1934849858925886e-21
0.588 0.024 5.734157061608579e-21
0.588 0.036 2.1420554804287277e-20
0.588 0.048 2.3358645247377384e-21
0.588 0.06 2.8031763389286237e-21
0.588 0.072 -3.8250730472858627e-20
0.588 0.084 -2.021253662313894e-20
0.588 0.096 1.097409935636125e-17
0.588 0.108 6.29849981904e-15
0.588 0.12 1.230304482174264e-12
0.588 0.132 9.399519769759952e-11
0.588 0.144 3.102969599097941e-9
0.588 0.156 4.7389055537702566e-8
0.588 0.168 3.488587974616089e-7
0.588 0.18 1.2597309874436634e-6
0.588 0.192 2.267883332054248e-6
0.588 0.20400000000000001 2.3991387911576123e-6
0.588 0.216 2.58934808217936e-6
0.588 0.22799999999999998 2.6751115781771954e-6
0.588 0.24 1.486867506600898e-6
0.588 0.252 4.557672051151985e-7
0.588 0.264 1.043879740896027e-7
0.588 0.276 1.951574464916858e-9
0.588 0.288 -2.0046950418630987e-8
0.588 0.3 2.4635576900580432e-9
0.588 0.312 -7.197192235097953e-9
0.588 0.324 4.835207458524103e-9
0.588 0.336 1.3228855494743069e-9
0.588 0.348 4.470134453735722e-9
0.588 0.36 -6.068071715265432e-11
0.588 0.372 -9.859126774465561e-9
0.588 0.384 1.281060989499774e-8
0.588 0.396 -1.362895809964816e-9
0.588 0.40800000000000003 -3.929933091333916e-10
0.588 0.42 1.118711517310906e-9
0.588 0.432 -1.7617504935694123e-9
0.588 0.444 -3.2960898134752444e-10
0.588 0.45599999999999996 1.0126616823079581e-9
0.588 0.46799999999999997 1.3324275256718942e-9
0.588 0.48 -2.2638614048399194e-11
0.588 0.49199999999999994 1.430424839572384e-9
0.588 0.504 5.354349143703938e-10
0.588 0.516 -1.830219649446009e-9
0.588 0.528 -1.8667151230570504e-9
0.588 0.54 -8.144384553833999e-10
0.588 0.552 -2.0481213048484674e-10
0.588 0.564 -3.2701709647029986e-11
0.588 0.576 -3.445657453133751e-12
0.588 0.588 -2.4253989278349745e-13
