-1.1600000000000001 -1.1600000000000001 3.863127789821101e-20
-1.1600000000000001 -1.02 3.292886957420537e-18
-1.1600000000000001 -0.8799999999999999 5.950831629372933e-17
-1.1600000000000001 -0.7400000000000002 1.3802071757744237e-16
-1.1600000000000001 -0.6000000000000001 -7.388465867504519e-17
-1.1600000000000001 -0.45999999999999996 -6.077849793758075e-18
-1.1600000000000001 -0.32000000000000006 2.9604773984969206e-18
-1.1600000000000001 -0.17999999999999994 -1.4186849758214415e-17
-1.1600000000000001 -0.039999999999999813 -1.7069869272788267e-18
-1.1600000000000001 0.10000000000000009 -3.0201739367444105e-20
-1.1600000000000001 1.6400000000000001 -5.872604000652004e-12
-1.1600000000000001 1.7800000000000002 -1.0353229548047617e-10
-1.1600000000000001 1.9200000000000004 -1.0974992621909115e-9
-1.1600000000000001 2.0599999999999996 -6.6705149065725164e-9
-1.1600000000000001 2.2 -2.015585853644821e-8
-1.1600000000000001 2.34 -5.238681804403006e-10
-1.1600000000000001 2.4800000000000004 2.992667256211711e-7
-1.1600000000000001 2.62 1.8650996357020959e-6
-1.1600000000000001 2.7600000000000007 7.312113518910733e-6
-1.1600000000000001 2.9 1.8958483163753493e-5
-1.1600000000000001 3.0399999999999996 3.003538506648368e-5
-1.1600000000000001 3.18 2.6430915841264706e-5
-1.1600000000000001 3.32 1.1855830283491883e-5
-1.1600000000000001 3.4600000000000004 2.460464175841056e-6
-1.1600000000000001 3.6 2.0483067633457678e-7
-1.1600000000000001 3.7399999999999993 4.6163555573117925e-9
-1.1600000000000001 3.88 -9.684577354697177e-11
-1.1600000000000001 4.02 -4.216756611514141e-12
-1.1600000000000001 4.16 -4.5137143868911014e-14
-1.1600000000000001 4.3 -1.989778602001218e-16
-1.02 -1.1600000000000001 2.908062975236122e-19
-1.02 -1.02 7.161178611501497e-19
-1.02 -0.8799999999999999 -6.573198740261015e-18
-1.02 -0.7400000000000002 -1.4605993985196117e-17
-1.02 -0.6000000000000001 -9.414546836109165e-17
-1.02 -0.45999999999999996 -4.2908087788892034e-17
-1.02 -0.32000000000000006 1.937764125672872e-17
-1.02 -0.17999999999999994 -5.176262269188519e-18
-1.02 -0.039999999999999813 -8.88876320396609e-19
-1.02 0.10000000000000009 1.6582287316263206e-19
-1.02 1.6400000000000001 -3.7563839174233346e-10
-1.02 1.7800000000000002 -6.669764169645618e-9
-1.02 1.9200000000000004 -6.972834581951935e-8
-1.02 2.0599999999999996 -3.8852798747041134e-7
-1.02 2.2 -6.266649918560062e-7
-1.02 2.34 6.1057785366356035e-6
-1.02 2.4800000000000004 5.581750798521237e-5
-1.02 2.62 0.00027464360935063455
-1.02 2.7600000000000007 0.0009539358963632432
-1.02 2.9 0.0023129533294517037
-1.02 3.0399999999999996 0.00356049420853254
-1.02 3.18 0.003109706899203404
-1.02 3.32 0.0014003662449133198
-1.02 3.4600000000000004 0.00029841821732097366
-1.02 3.6 2.748012499771222e-5
-1.02 3.7399999999999993 9.656156124390758e-7
-1.02 3.88 8.432979951200614e-9
-1.02 4.02 -1.1320804715878485e-10
-1.02 4.16 -2.047863698466079e-12
-1.02 4.3 -1.0532478217673498e-14
-0.8799999999999999 -1.1600000000000001 7.555475311631616e-18
-0.8799999999999999 -1.02 1.6691211573377264e-17
-0.8799999999999999 -0.8799999999999999 -1.2195499157127914e-17
-0.8799999999999999 -0.7400000000000002 -7.094088559097024e-17
-0.8799999999999999 -0.6000000000000001 1.6142799772667765e-17
-0.8799999999999999 -0.45999999999999996 8.74477967956502e-18
-0.8799999999999999 -0.32000000000000006 -1.5145216050628683e-17
-0.8799999999999999 -0.17999999999999994 1.1604603393916946e-17
-0.8799999999999999 -0.039999999999999813 3.0296036565012397e-18
-0.8799999999999999 0.10000000000000009 3.3623774038895793e-18
-0.8799999999999999 1.6400000000000001 -2.3557896253319266e-9
-0.8799999999999999 1.7800000000000002 -4.54962184714487e-8
-0.8799999999999999 1.9200000000000004 -4.3541089044963903e-7
-0.8799999999999999 2.0599999999999996 -3.978327441368725e-7
-0.8799999999999999 2.2 3.631033943521109e-5
-0.8799999999999999 2.34 0.0004266821896760028
-0.8799999999999999 2.4800000000000004 0.002643455159399923
-0.8799999999999999 2.62 0.010988780234898585
-0.8799999999999999 2.7600000000000007 0.033398043510272306
-0.8799999999999999 2.9 0.07385289216692954
-0.8799999999999999 3.0399999999999996 0.10821198974733302
-0.8799999999999999 3.18 0.0923273021845419
-0.8799999999999999 3.32 0.04114020173556698
-0.8799999999999999 3.4600000000000004 0.008844658603060477
-0.8799999999999999 3.6 0.0008669817006018707
-0.8799999999999999 3.7399999999999993 3.748859771805749e-5
-0.8799999999999999 3.88 7.115883608034684e-7
-0.8799999999999999 4.02 5.9555747763758605e-9
-0.8799999999999999 4.16 2.0225608009277078e-11
-0.8799999999999999 4.3 1.0427487729015685e-14
-0.7400000000000002 -1.1600000000000001 3.0217644252659623e-17
-0.7400000000000002 -1.02 2.4932814050758765e-17
-0.7400000000000002 -0.8799999999999999 -6.097658388904468e-17
-0.7400000000000002 -0.7400000000000002 1.0348811137743366e-16
-0.7400000000000002 -0.6000000000000001 1.977645939877397e-16
-0.7400000000000002 -0.45999999999999996 7.893920522302885e-17
-0.7400000000000002 -0.32000000000000006 -2.0828450187384833e-17
-0.7400000000000002 -0.17999999999999994 -1.3918537033263652e-17
-0.7400000000000002 -0.039999999999999813 5.177041688904262e-18
-0.7400000000000002 0.10000000000000009 8.328856412180098e-18
-0.7400000000000002 1.6400000000000001 4.5438605536606037e-8
-0.7400000000000002 1.7800000000000002 7.941786358777031e-7
-0.7400000000000002 1.9200000000000004 1.0068699982413483e-5
-0.7400000000000002 2.0599999999999996 0.00010610518845283485
-0.7400000000000002 2.2 0.0009699481686435321
-0.7400000000000002 2.34 0.006900079411420875
-0.7400000000000002 2.4800000000000004 0.034638020333114465
-0.7400000000000002 2.62 0.12159299298720419
-0.7400000000000002 2.7600000000000007 0.31331157796006454
-0.7400000000000002 2.9 0.6090558628536196
-0.7400000000000002 3.0399999999999996 0.8265685471517455
-0.7400000000000002 3.18 0.674432245683052
-0.7400000000000002 3.32 0.29082225059510447
-0.7400000000000002 3.4600000000000004 0.061258092116690636
-0.7400000000000002 3.6 0.006089437432519104
-0.7400000000000002 3.7399999999999993 0.0002869711094564785
-0.7400000000000002 3.88 6.659207331748559e-6
-0.7400000000000002 4.02 7.953158425046009e-8
-0.7400000000000002 4.16 4.958482163549358e-10
-0.7400000000000002 4.3 1.5982410472571019e-12
-0.6000000000000001 -1.1600000000000001 -1.2373262613447358e-18
-0.6000000000000001 -1.02 1.2397578041591668e-17
-0.6000000000000001 -0.8799999999999999 -2.307358318701409e-16
-0.6000000000000001 -0.7400000000000002 -8.561138014283637e-17
-0.6000000000000001 -0.6000000000000001 -1.129624139593055e-17
-0.6000000000000001 -0.45999999999999996 1.764195744181355e-17
-0.6000000000000001 -0.32000000000000006 -8.731975762544928e-18
-0.6000000000000001 -0.17999999999999994 -1.5861652841633063e-17
-0.6000000000000001 -0.039999999999999813 1.7597894202075587e-17
-0.6000000000000001 0.10000000000000009 3.53265201190406e-18
-0.6000000000000001 1.6400000000000001 2.409797588279409e-7
-0.6000000000000001 1.7800000000000002 4.861727619963156e-6
-0.6000000000000001 1.9200000000000004 6.895864042270032e-5
-0.6000000000000001 2.0599999999999996 0.0007207624013155504
-0.6000000000000001 2.2 0.0057252280263944775
-0.6000000000000001 2.34 0.03396891660064572
-0.6000000000000001 2.4800000000000004 0.14304875128025632
-0.6000000000000001 2.62 0.4152752041232435
-0.6000000000000001 2.7600000000000007 0.8664600598061866
-0.6000000000000001 2.9 1.4114749539891454
-0.6000000000000001 3.0399999999999996 1.7288092976283613
-0.6000000000000001 3.18 1.3255705518527356
-0.6000000000000001 3.32 0.5395137796023031
-0.6000000000000001 3.4600000000000004 0.10703995125632512
-0.6000000000000001 3.6 0.010151528784789417
-0.6000000000000001 3.7399999999999993 0.00047407483571260383
-0.6000000000000001 3.88 1.155296302020879e-5
-0.6000000000000001 4.02 1.546863123795728e-7
-0.6000000000000001 4.16 1.1610963336733644e-9
-0.6000000000000001 4.3 4.852757390784313e-12
-0.45999999999999996 -1.1600000000000001 4.261611752795235e-17
-0.45999999999999996 -1.02 5.1622574666152006e-17
-0.45999999999999996 -0.8799999999999999 -6.828115893356586e-17
-0.45999999999999996 -0.7400000000000002 -2.1522037339698447e-17
-0.45999999999999996 -0.6000000000000001 -2.1331010293695343e-17
-0.45999999999999996 -0.45999999999999996 2.4925082721943107e-17
-0.45999999999999996 -0.32000000000000006 -2.0933980261025775e-17
-0.45999999999999996 -0.17999999999999994 -1.501076102347292e-17
-0.45999999999999996 -0.039999999999999813 7.895279609891196e-18
-0.45999999999999996 0.10000000000000009 3.077018339402328e-17
-0.45999999999999996 1.6400000000000001 6.22606582336594e-7
-0.45999999999999996 1.7800000000000002 1.3223401494513986e-5
-0.45999999999999996 1.9200000000000004 0.0001868367650559708
-0.45999999999999996 2.0599999999999996 0.0017939229237439879
-0.45999999999999996 2.2 0.012123575200886206
-0.45999999999999996 2.34 0.059460712599920154
-0.45999999999999996 2.4800000000000004 0.2088384202730229
-0.45999999999999996 2.62 0.49997076728956874
-0.45999999999999996 2.7600000000000007 0.827712694012327
-0.45999999999999996 2.9 1.098117840903755
-0.45999999999999996 3.0399999999999996 1.213016454260902
-0.45999999999999996 3.18 0.8761645934102581
-0.45999999999999996 3.32 0.33229130662782186
-0.45999999999999996 3.4600000000000004 0.060533005616435195
-0.45999999999999996 3.6 0.005290111834177157
-0.45999999999999996 3.7399999999999993 0.00023706556457158255
-0.45999999999999996 3.88 6.115936881671346e-6
-0.45999999999999996 4.02 9.999327223753884e-8
-0.45999999999999996 4.16 1.0160633824036502e-9
-0.45999999999999996 4.3 5.739217518323226e-12
-0.32000000000000006 -1.1600000000000001 2.899963159573242e-17
-0.32000000000000006 -1.02 3.8292472160727504e-17
-0.32000000000000006 -0.8799999999999999 3.696233936128182e-17
-0.32000000000000006 -0.7400000000000002 1.786982804337761e-16
-0.32000000000000006 -0.6000000000000001 2.5579511885530877e-16
-0.32000000000000006 -0.45999999999999996 7.000555220931434e-17
-0.32000000000000006 -0.32000000000000006 3.795526484620966e-18
-0.32000000000000006 -0.17999999999999994 -2.3242035482090205e-17
-0.32000000000000006 -0.039999999999999813 -1.0212468536689563e-17
-0.32000000000000006 0.10000000000000009 1.8719553400865906e-17
-0.32000000000000006 1.6400000000000001 6.779707834300649e-7
-0.32000000000000006 1.7800000000000002 1.4008108190328806e-5
-0.32000000000000006 1.9200000000000004 0.00018815780480171956
-0.32000000000000006 2.0599999999999996 0.0016504354769349393
-0.32000000000000006 2.2 0.009636911437138101
-0.32000000000000006 2.34 0.03902238215706128
-0.32000000000000006 2.4800000000000004 0.11288152963694642
-0.32000000000000006 2.62 0.22491956260708246
-0.32000000000000006 2.7600000000000007 0.3043472402936696
-0.32000000000000006 2.9 0.3427509757419771
-0.32000000000000006 3.0399999999999996 0.35751044846520386
-0.32000000000000006 3.18 0.24552344237497425
-0.32000000000000006 3.32 0.08564139954689809
-0.32000000000000006 3.4600000000000004 0.014175666178658257
-0.32000000000000006 3.6 0.001136638101880184
-0.32000000000000006 3.7399999999999993 4.896735243531596e-5
-0.32000000000000006 3.88 1.4273506238081912e-6
-0.32000000000000006 4.02 3.190664459288008e-8
-0.32000000000000006 4.16 4.37776218838361e-10
-0.32000000000000006 4.3 2.9768413867610685e-12
-0.17999999999999994 -1.1600000000000001 -2.2798872250382825e-18
-0.17999999999999994 -1.02 1.4988118230116185e-17
-0.17999999999999994 -0.8799999999999999 4.1396462469157296e-18
-0.17999999999999994 -0.7400000000000002 -1.0602964264682244e-16
-0.17999999999999994 -0.6000000000000001 -1.289227927343427e-16
-0.17999999999999994 -0.45999999999999996 -4.6911858968947055e-17
-0.17999999999999994 -0.32000000000000006 7.766589023947366e-19
-0.17999999999999994 -0.17999999999999994 1.491139609308078e-17
-0.17999999999999994 -0.039999999999999813 2.311170728330232e-19
-0.17999999999999994 0.10000000000000009 2.1655693083271045e-18
-0.17999999999999994 1.6400000000000001 1.743308357197042e-7
-0.17999999999999994 1.7800000000000002 3.636399980482275e-6
-0.17999999999999994 1.9200000000000004 4.895494337387464e-5
-0.17999999999999994 2.0599999999999996 0.0004218438582047724
-0.17999999999999994 2.2 0.0023254347148096706
-0.17999999999999994 2.34 0.008409530826701974
-0.17999999999999994 2.4800000000000004 0.020920614380495896
-0.17999999999999994 2.62 0.03587590882826637
-0.17999999999999994 2.7600000000000007 0.04230129175579439
-0.17999999999999994 2.9 0.04487754163042362
-0.17999999999999994 3.0399999999999996 0.047051387921523274
-0.17999999999999994 3.18 0.03038565846356944
-0.17999999999999994 3.32 0.009343890508880758
-0.17999999999999994 3.4600000000000004 0.0012938229285698812
-0.17999999999999994 3.6 7.228111258153022e-5
-0.17999999999999994 3.7399999999999993 7.630045008040592e-7
-0.17999999999999994 3.88 -1.3142115232217743e-8
-0.17999999999999994 4.02 1.4245915498051959e-9
-0.17999999999999994 4.16 4.89883453655825e-11
-0.17999999999999994 4.3 4.584628916828958e-13
-0.039999999999999813 -1.1600000000000001 -7.666343294899622e-19
-0.039999999999999813 -1.02 -3.8837817550332655e-18
-0.039999999999999813 -0.8799999999999999 -8.160221053546301e-17
-0.039999999999999813 -0.7400000000000002 -1.0420388448643956e-16
-0.039999999999999813 -0.6000000000000001 -6.26119001587984e-17
-0.039999999999999813 -0.45999999999999996 -8.089631515143856e-17
-0.039999999999999813 -0.32000000000000006 6.140402408151941e-17
-0.039999999999999813 -0.17999999999999994 -9.41862424254323e-18
-0.039999999999999813 -0.039999999999999813 -2.0729724838151434e-18
-0.039999999999999813 0.10000000000000009 2.6008859196140116e-20
-0.039999999999999813 1.6400000000000001 1.0344984794925875e-8
-0.039999999999999813 1.7800000000000002 2.2720398668134192e-7
-0.039999999999999813 1.9200000000000004 3.1845425602367664e-6
-0.039999999999999813 2.0599999999999996 2.801428653552687e-5
-0.039999999999999813 2.2 0.00015273714408104637
-0.039999999999999813 2.34 0.0005219302920390757
-0.039999999999999813 2.4800000000000004 0.0011749846813898484
-0.039999999999999813 2.62 0.0018096411529629093
-0.039999999999999813 2.7600000000000007 0.0019990070843103197
-0.039999999999999813 2.9 0.002228111589711971
-0.039999999999999813 3.0399999999999996 0.0024217066638032234
-0.039999999999999813 3.18 0.0014435364440576043
-0.039999999999999813 3.32 0.0003645792470476928
-0.039999999999999813 3.4600000000000004 2.8776905093213092e-5
-0.039999999999999813 3.6 -2.5218928683107636e-6
-0.039999999999999813 3.7399999999999993 -5.099037771285692e-7
-0.039999999999999813 3.88 -2.3183378959400998e-8
-0.039999999999999813 4.02 -3.264172649477391e-10
-0.039999999999999813 4.16 -5.044180399728544e-13
-0.039999999999999813 4.3 1.4295934116116952e-14
0.10000000000000009 -1.1600000000000001 -2.0547953476833302e-20
0.10000000000000009 -1.02 -5.815008518983135e-20
0.10000000000000009 -0.8799999999999999 -2.8660814817284787e-18
0.10000000000000009 -0.7400000000000002 -5.002264699442852e-18
0.10000000000000009 -0.6000000000000001 4.3298747579801754e-17
0.10000000000000009 -0.45999999999999996 1.607604973723324e-17
0.10000000000000009 -0.32000000000000006 -7.006705222392451e-18
0.10000000000000009 -0.17999999999999994 2.4803013278339993e-18
0.10000000000000009 -0.039999999999999813 4.1808135989163667e-19
0.10000000000000009 0.10000000000000009 1.0340945974382078e-20
0.10000000000000009 1.6400000000000001 1.417361339324025e-10
0.10000000000000009 1.7800000000000002 3.4577543795722786e-9
0.10000000000000009 1.9200000000000004 5.203935140724828e-8
0.10000000000000009 2.0599999999999996 4.7634253664333585e-7
0.10000000000000009 2.2 2.615911303065871e-6
0.10000000000000009 2.34 8.675146167789634e-6
0.10000000000000009 2.4800000000000004 1.8278390887273508e-5
0.10000000000000009 2.62 2.6164363959873445e-5
0.10000000000000009 2.7600000000000007 2.857460582289525e-5
0.10000000000000009 2.9 3.5030481361729416e-5
0.10000000000000009 3.0399999999999996 3.889653725016557e-5
0.10000000000000009 3.18 2.102714578296299e-5
0.10000000000000009 3.32 3.8106453186294173e-6
0.10000000000000009 3.4600000000000004 -2.71779089608251e-7
0.10000000000000009 3.6 -1.7497981828735765e-7
0.10000000000000009 3.7399999999999993 -2.0502467269698044e-8
0.10000000000000009 3.88 -8.8694015480218e-10
0.10000000000000009 4.02 -1.486145272745755e-11
0.10000000000000009 4.16 -9.04071301282951e-14
0.10000000000000009 4.3 -9.994660460501972e-17
1.7800000000000002 -1.1600000000000001 -2.6983852472117573e-10
1.7800000000000002 -1.02 -1.3285742102707428e-8
1.7800000000000002 -0.8799999999999999 7.327216883731077e-7
1.7800000000000002 -0.7400000000000002 2.3375469383782275e-5
1.7800000000000002 -0.6000000000000001 0.00014218566265307512
1.7800000000000002 -0.45999999999999996 0.0002965755348286293
1.7800000000000002 -0.32000000000000006 0.00020408298750759446
1.7800000000000002 -0.17999999999999994 3.779930345924779e-5
1.7800000000000002 -0.039999999999999813 1.6611623737562997e-6
1.7800000000000002 0.10000000000000009 1.5504134986413014e-8
1.7800000000000002 1.6400000000000001 4.6159139573536005e-9
1.7800000000000002 1.7800000000000002 7.277706961454193e-8
1.7800000000000002 1.9200000000000004 7.030929520084556e-7
1.7800000000000002 2.0599999999999996 4.0950473116829414e-6
1.7800000000000002 2.2 1.4339463612447482e-5
1.7800000000000002 2.34 3.123089944035381e-5
1.7800000000000002 2.4800000000000004 4.8061214472575184e-5
1.7800000000000002 2.62 7.578626066806323e-5
1.7800000000000002 2.7600000000000007 0.00015363656720630907
1.7800000000000002 2.9 0.00027066090485978366
1.7800000000000002 3.0399999999999996 0.00033252856584927516
1.7800000000000002 3.18 0.000275544217910272
1.7800000000000002 3.32 0.0001451358587633769
1.7800000000000002 3.4600000000000004 4.460527494203315e-5
1.7800000000000002 3.6 7.576694612374528e-6
1.7800000000000002 3.7399999999999993 7.040656528669063e-7
1.7800000000000002 3.88 3.603105394847906e-8
1.7800000000000002 4.02 1.0067251391868456e-9
1.7800000000000002 4.16 1.4872119649851085e-11
1.7800000000000002 4.3 1.1148666536767243e-13
1.9200000000000004 -1.1600000000000001 -4.38767677043794e-9
1.9200000000000004 -1.02 -2.5360972086765274e-7
1.9200000000000004 -0.8799999999999999 4.159926686161766e-6
1.9200000000000004 -0.7400000000000002 0.00015384931375924822
1.9200000000000004 -0.6000000000000001 0.0007931374781339479
1.9200000000000004 -0.45999999999999996 0.0015365010184484596
1.9200000000000004 -0.32000000000000006 0.0009963296913134238
1.9200000000000004 -0.17999999999999994 0.00016619899289695882
1.9200000000000004 -0.039999999999999813 6.381101091137587e-6
1.9200000000000004 0.10000000000000009 4.903939409925873e-8
1.9200000000000004 1.6400000000000001 1.4471169305877997e-8
1.9200000000000004 1.7800000000000002 2.252794738112933e-7
1.9200000000000004 1.9200000000000004 2.139109662501728e-6
1.9200000000000004 2.0599999999999996 1.21649434452181e-5
1.9200000000000004 2.2 4.127489545223964e-5
1.9200000000000004 2.34 8.660340039888538e-5
1.9200000000000004 2.4800000000000004 0.00013149625340759744
1.9200000000000004 2.62 0.0002375671843299402
1.9200000000000004 2.7600000000000007 0.0005888171713104285
1.9200000000000004 2.9 0.0011644434739075114
1.9200000000000004 3.0399999999999996 0.0015322741736337618
1.9200000000000004 3.18 0.0013243956132722487
1.9200000000000004 3.32 0.0007125309952668629
1.9200000000000004 3.4600000000000004 0.00022035020493002566
1.9200000000000004 3.6 3.7337865024297985e-5
1.9200000000000004 3.7399999999999993 3.4473500192382186e-6
1.9200000000000004 3.88 1.7519927733551203e-7
1.9200000000000004 4.02 4.870543491328474e-9
1.9200000000000004 4.16 7.172940327447979e-11
1.9200000000000004 4.3 5.365351365339416e-13
2.0599999999999996 -1.1600000000000001 -3.19055917648939e-8
2.0599999999999996 -1.02 -1.8982700455308211e-6
2.0599999999999996 -0.8799999999999999 1.62868368916561e-5
2.0599999999999996 -0.7400000000000002 0.0006900567230762095
2.0599999999999996 -0.6000000000000001 0.0028997860870127066
2.0599999999999996 -0.45999999999999996 0.005307574616262697
2.0599999999999996 -0.32000000000000006 0.00343319906922785
2.0599999999999996 -0.17999999999999994 0.0005346909659902811
2.0599999999999996 -0.039999999999999813 1.763575397936017e-5
2.0599999999999996 0.10000000000000009 8.6337457237775e-8
2.0599999999999996 1.6400000000000001 1.055289437052812e-8
2.0599999999999996 1.7800000000000002 1.6200760802862321e-7
2.0599999999999996 1.9200000000000004 1.5255522081648865e-6
2.0599999999999996 2.0599999999999996 8.651930193567403e-6
2.0599999999999996 2.2 2.981718237605282e-5
2.0599999999999996 2.34 6.864286167164304e-5
2.0599999999999996 2.4800000000000004 0.00015255243644019429
2.0599999999999996 2.62 0.0005084933630681185
2.0599999999999996 2.7600000000000007 0.0016496319408935063
2.0599999999999996 2.9 0.0035495229026750925
2.0599999999999996 3.0399999999999996 0.0048072067740805744
2.0599999999999996 3.18 0.004094858934589944
2.0599999999999996 3.32 0.0021167347172236116
2.0599999999999996 3.4600000000000004 0.000625585719644547
2.0599999999999996 3.6 0.0001018182629572171
2.0599999999999996 3.7399999999999993 9.111227068580631e-6
2.0599999999999996 3.88 4.533108047097638e-7
2.0599999999999996 4.02 1.2447275222825315e-8
2.0599999999999996 4.16 1.8197678434276868e-10
2.0599999999999996 4.3 1.3533865670013606e-12
2.2 -1.1600000000000001 -1.2944201171499485e-7
2.2 -1.02 -7.377356958118392e-6
2.2 -0.8799999999999999 7.586829181185003e-5
2.2 -0.7400000000000002 0.002610944602448088
2.2 -0.6000000000000001 0.009569088085776906
2.2 -0.45999999999999996 0.017485446695952152
2.2 -0.32000000000000006 0.012170335322292329
2.2 -0.17999999999999994 0.002033048714577783
2.2 -0.039999999999999813 7.279447334582381e-5
2.2 0.10000000000000009 4.101537814598023e-7
2.2 1.6400000000000001 -2.4561580698250535e-8
2.2 1.7800000000000002 -3.8151921765437537e-7
2.2 1.9200000000000004 -3.5515462965118976e-6
2.2 2.0599999999999996 -1.93372030674467e-5
2.2 2.2 -5.9287830137285196e-5
2.2 2.34 -8.561610042411179e-5
2.2 2.4800000000000004 0.00010549931662739971
2.2 2.62 0.0012201589078251914
2.2 2.7600000000000007 0.004791532940320819
2.2 2.9 0.011091801103973474
2.2 3.0399999999999996 0.015179576805340007
2.2 3.18 0.012040887381663966
2.2 3.32 0.005462410308314222
2.2 3.4600000000000004 0.0013941540809747188
2.2 3.6 0.00019845036801242316
2.2 3.7399999999999993 1.5921038917052925e-5
2.2 3.88 7.31741924491967e-7
2.2 4.02 1.9090527068885636e-8
2.2 4.16 2.6995923631152094e-10
2.2 4.3 1.9580552262963155e-12
2.34 -1.1600000000000001 -2.3792335010743944e-7
2.34 -1.02 -8.416171304920719e-6
2.34 -0.8799999999999999 0.0005146445979787133
2.34 -0.7400000000000002 0.009964410758357935
2.34 -0.6000000000000001 0.037724134105327205
2.34 -0.45999999999999996 0.06468146774122815
2.34 -0.32000000000000006 0.042510451250863855
2.34 -0.17999999999999994 0.007432844867573564
2.34 -0.039999999999999813 0.00030434463875227385
2.34 0.10000000000000009 2.4577497594462834e-6
2.34 1.6400000000000001 -4.5077245243851544e-8
2.34 1.7800000000000002 -6.936042134719196e-7
2.34 1.9200000000000004 -6.400902544885937e-6
2.34 2.0599999999999996 -3.4446338399675627e-5
2.34 2.2 -0.00010302452683323191
2.34 2.34 -0.00012876260347308255
2.34 2.4800000000000004 0.0003670488572063892
2.34 2.62 0.0033830921595578976
2.34 2.7600000000000007 0.01452683564029041
2.34 2.9 0.037290579059626745
2.34 3.0399999999999996 0.05421674457572201
2.34 3.18 0.042699488829611665
2.34 3.32 0.017851330580354905
2.34 3.4600000000000004 0.003942258497380282
2.34 3.6 0.0004646049355465189
2.34 3.7399999999999993 3.0142796546183315e-5
2.34 3.88 1.1268842188470627e-6
2.34 4.02 2.474614549196035e-8
2.34 4.16 3.06016421155875e-10
2.34 4.3 1.9924984681800733e-12
2.4800000000000004 -1.1600000000000001 1.6039631319505186e-7
2.4800000000000004 -1.02 4.893300771333953e-5
2.4800000000000004 -0.8799999999999999 0.002839549063444534
2.4800000000000004 -0.7400000000000002 0.037445203020341045
2.4800000000000004 -0.6000000000000001 0.1435344362427518
2.4800000000000004 -0.45999999999999996 0.2123232084785508
2.4800000000000004 -0.32000000000000006 0.11711893584122383
2.4800000000000004 -0.17999999999999994 0.019689508167145483
2.4800000000000004 -0.039999999999999813 0.0008643498456731499
2.4800000000000004 0.10000000000000009 8.625304509291036e-6
2.4800000000000004 1.6400000000000001 -7.10984274868147e-11
2.4800000000000004 1.7800000000000002 3.397120840658244e-8
2.4800000000000004 1.9200000000000004 8.830450758332315e-7
2.4800000000000004 2.0599999999999996 1.0756398906254308e-5
2.4800000000000004 2.2 7.669826778627494e-5
2.4800000000000004 2.34 0.00038463070450089464
2.4800000000000004 2.4800000000000004 0.001782037249930033
2.4800000000000004 2.62 0.00894017516061969
2.4800000000000004 2.7600000000000007 0.03877573034291335
2.4800000000000004 2.9 0.10914714792943485
2.4800000000000004 3.0399999999999996 0.17231860837021767
2.4800000000000004 3.18 0.14312059913655067
2.4800000000000004 3.32 0.060712774802483126
2.4800000000000004 3.4600000000000004 0.013020574302709862
2.4800000000000004 3.6 0.0014230443679679678
2.4800000000000004 3.7399999999999993 8.162023233702848e-5
2.4800000000000004 3.88 2.578361923730215e-6
2.4800000000000004 4.02 4.653245658595577e-8
2.4800000000000004 4.16 4.706509549614411e-10
2.4800000000000004 4.3 2.5118252907563757e-12
2.62 -1.1600000000000001 1.8791536846455258e-6
2.62 -1.02 0.0002725001404362771
2.62 -0.8799999999999999 0.010852407587092742
2.62 -0.7400000000000002 0.11954015743510886
2.62 -0.6000000000000001 0.40706734199907424
2.62 -0.45999999999999996 0.4976193570348895
2.62 -0.32000000000000006 0.2243016905103121
2.62 -0.17999999999999994 0.03376225079267782
2.62 -0.039999999999999813 0.0014633488525455946
2.62 0.10000000000000009 1.597607125818825e-5
2.62 1.6400000000000001 1.4737034926135908e-7
2.62 1.7800000000000002 2.5396675267378624e-6
2.62 1.9200000000000004 2.7918395518366735e-5
2.62 2.0599999999999996 0.0001975834136559877
2.62 2.2 0.0009322752826117137
2.62 2.34 0.0031673688385972327
2.62 2.4800000000000004 0.008847267882798293
2.62 2.62 0.025847120389373476
2.62 2.7600000000000007 0.08785724891176151
2.62 2.9 0.24449009784500694
2.62 3.0399999999999996 0.40541550808976706
2.62 3.18 0.35296611098469494
2.62 3.32 0.15387747409082975
2.62 3.4600000000000004 0.033111073341935165
2.62 3.6 0.003552366003233885
2.62 3.7399999999999993 0.00019598521742314874
2.62 3.88 5.802812129537937e-6
2.62 4.02 9.522147700403254e-8
2.62 4.16 8.591840753158795e-10
2.62 4.3 4.07470434856892e-12
2.7600000000000007 -1.1600000000000001 6.447667822248614e-6
2.7600000000000007 -1.02 0.0008653911551185245
2.7600000000000007 -0.8799999999999999 0.03120328946307855
2.7600000000000007 -0.7400000000000002 0.29952397416918713
2.7600000000000007 -0.6000000000000001 0.838565107811744
2.7600000000000007 -0.45999999999999996 0.8117329574321476
2.7600000000000007 -0.32000000000000006 0.2947063914375722
2.7600000000000007 -0.17999999999999994 0.036981877368904806
2.7600000000000007 -0.039999999999999813 0.0013770320169933235
2.7600000000000007 0.10000000000000009 1.3422562022414244e-5
2.7600000000000007 1.6400000000000001 4.292436723252752e-7
2.7600000000000007 1.7800000000000002 7.81233722217963e-6
2.7600000000000007 1.9200000000000004 9.199109450381761e-5
2.7600000000000007 2.0599999999999996 0.0007083472077673682
2.7600000000000007 2.2 0.0036820913693732553
2.7600000000000007 2.34 0.01368510111816099
2.7600000000000007 2.4800000000000004 0.03850342615975176
2.7600000000000007 2.62 0.08813626423005894
2.7600000000000007 2.7600000000000007 0.19613697984117132
2.7600000000000007 2.9 0.4335588729200247
2.7600000000000007 3.0399999999999996 0.6849699903873917
2.7600000000000007 3.18 0.5986106182993726
2.7600000000000007 3.32 0.2620261792941519
2.7600000000000007 3.4600000000000004 0.055918666860083434
2.7600000000000007 3.6 0.0058797280556037255
2.7600000000000007 3.7399999999999993 0.00031430329544068547
2.7600000000000007 3.88 8.839206246211481e-6
2.7600000000000007 4.02 1.3320691809167573e-7
2.7600000000000007 4.16 1.065516522511453e-9
2.7600000000000007 4.3 4.388084485704718e-12
2.9 -1.1600000000000001 1.696631605285418e-5
2.9 -1.02 0.0021198896141614364
2.9 -0.8799999999999999 0.0694183263469418
2.9 -0.7400000000000002 0.5860336550929282
2.9 -0.6000000000000001 1.3751462610825536
2.9 -0.45999999999999996 1.0784476334620057
2.9 -0.32000000000000006 0.33543545663591406
2.9 -0.17999999999999994 0.03840649269241554
2.9 -0.039999999999999813 0.0012499583432736322
2.9 0.10000000000000009 8.789495092996585e-6
2.9 1.6400000000000001 6.490572570707711e-7
2.9 1.7800000000000002 1.2849197547807097e-5
2.9 1.9200000000000004 0.00016630473091055754
2.9 2.0599999999999996 0.0014236165025931042
2.9 2.2 0.00831025521287707
2.9 2.34 0.034762380260019834
2.9 2.4800000000000004 0.10738293256860092
2.9 2.62 0.24389360786472217
2.9 2.7600000000000007 0.4336932764719644
2.9 2.9 0.6963839665378139
2.9 3.0399999999999996 0.9181947788221894
2.9 3.18 0.7465174669095094
2.9 3.32 0.3137898680146472
2.9 3.4600000000000004 0.06420933201803118
2.9 3.6 0.006394628524213354
2.9 3.7399999999999993 0.00031918597296711404
2.9 3.88 8.266911937481804e-6
2.9 4.02 1.1268194648073023e-7
2.9 4.16 7.942383744806847e-10
2.9 4.3 2.790706527380134e-12
3.0399999999999996 -1.1600000000000001 2.822124518790783e-5
3.0399999999999996 -1.02 0.003401660677503339
3.0399999999999996 -0.8799999999999999 0.1053382352831164
3.0399999999999996 -0.7400000000000002 0.8194975287346437
3.0399999999999996 -0.6000000000000001 1.7272300497779216
3.0399999999999996 -0.45999999999999996 1.2087635097467988
3.0399999999999996 -0.32000000000000006 0.35517434085043614
3.0399999999999996 -0.17999999999999994 0.042346233783093476
3.0399999999999996 -0.039999999999999813 0.001527266677296971
3.0399999999999996 0.10000000000000009 1.2479311449845105e-5
3.0399999999999996 1.6400000000000001 6.287609646709233e-7
3.0399999999999996 1.7800000000000002 1.3163345780370883e-5
3.0399999999999996 1.9200000000000004 0.00018153393962326656
3.0399999999999996 2.0599999999999996 0.0016760642966355804
3.0399999999999996 2.2 0.01071079065915455
3.0399999999999996 2.34 0.04953588716013887
3.0399999999999996 2.4800000000000004 0.16782003495631664
3.0399999999999996 2.62 0.4016510211113341
3.0399999999999996 2.7600000000000007 0.6819592888419981
3.0399999999999996 2.9 0.9149196999460925
3.0399999999999996 3.0399999999999996 0.9920870704451545
3.0399999999999996 3.18 0.7092952466876788
3.0399999999999996 3.32 0.2721218737698303
3.0399999999999996 3.4600000000000004 0.05081522006169097
3.0399999999999996 3.6 0.00451541833667825
3.0399999999999996 3.7399999999999993 0.00019522382044756542
3.0399999999999996 3.88 4.315522751126558e-6
3.0399999999999996 4.02 5.129816972838626e-8
3.0399999999999996 4.16 3.3932263607638963e-10
3.0399999999999996 4.3 1.2685504455068657e-12
3.18 -1.1600000000000001 2.5341736548591138e-5
3.18 -1.02 0.0030211149383656062
3.18 -0.8799999999999999 0.09116218367980505
3.18 -0.7400000000000002 0.6733707390464129
3.18 -0.6000000000000001 1.3182474010538243
3.18 -0.45999999999999996 0.8643858887220872
3.18 -0.32000000000000006 0.23357735140418598
3.18 -0.17999999999999994 0.024651221687586492
3.18 -0.039999999999999813 0.0008478644016428883
3.18 0.10000000000000009 8.038256477914332e-6
3.18 1.6400000000000001 3.384614986546587e-7
3.18 1.7800000000000002 7.494877473261447e-6
3.18 1.9200000000000004 0.0001103089566518845
3.18 2.0599999999999996 0.0010971237277096187
3.18 2.2 0.007614177771247258
3.18 2.34 0.03832114433680119
3.18 2.4800000000000004 0.13987601898299215
3.18 2.62 0.3519318397574921
3.18 2.7600000000000007 0.5991746441368223
3.18 2.9 0.7453137176896516
3.18 3.0399999999999996 0.7078370371573853
3.18 3.18 0.44396997447048064
3.18 3.32 0.1508533371685617
3.18 3.4600000000000004 0.024699237778194813
3.18 3.6 0.001867606866063749
3.18 3.7399999999999993 6.580878090004396e-5
3.18 3.88 1.1435022043031187e-6
3.18 4.02 1.0947623035395835e-8
3.18 4.16 7.086100665631439e-11
3.18 4.3 3.445820307828076e-13
3.32 -1.1600000000000001 1.09247096456319e-5
3.32 -1.02 0.001306786664883957
3.32 -0.8799999999999999 0.039133693191313476
3.32 -0.7400000000000002 0.2788298946348732
3.32 -0.6000000000000001 0.5082099678540638
3.32 -0.45999999999999996 0.3129830049568992
3.32 -0.32000000000000006 0.07314743531971152
3.32 -0.17999999999999994 0.004116808643617577
3.32 -0.039999999999999813 -3.941760295277013e-6
3.32 0.10000000000000009 -4.661400285732485e-7
3.32 1.6400000000000001 6.453888546051778e-8
3.32 1.7800000000000002 1.8065784692810594e-6
3.32 1.9200000000000004 3.178832979796704e-5
3.32 2.0599999999999996 0.0003631840604446061
3.32 2.2 0.002812097079017826
3.32 2.34 0.01542370457921583
3.32 2.4800000000000004 0.05986656357357662
3.32 2.62 0.15582623532294468
3.32 2.7600000000000007 0.26550008356745214
3.32 2.9 0.31512869405046806
3.32 3.0399999999999996 0.27201160258946044
3.32 3.18 0.15115237040570023
3.32 3.32 0.04479811179691788
3.32 3.4600000000000004 0.00632004797767328
3.32 3.6 0.0004190410002951578
3.32 3.7399999999999993 1.4340457189170895e-5
3.32 3.88 2.8067890175139687e-7
3.32 4.02 2.409973858927697e-9
3.32 4.16 -7.0810879501756185e-12
3.32 4.3 -2.07612602678646e-13
3.4600000000000004 -1.1600000000000001 1.9917048069075655e-6
3.4600000000000004 -1.02 0.0002480718444985078
3.4600000000000004 -0.8799999999999999 0.007708050298137062
3.4600000000000004 -0.7400000000000002 0.055079229443236365
3.4600000000000004 -0.6000000000000001 0.09383422653132088
3.4600000000000004 -0.45999999999999996 0.05368974341805674
3.4600000000000004 -0.32000000000000006 0.010424901720754904
3.4600000000000004 -0.17999999999999994 -0.0006529422290104882
3.4600000000000004 -0.039999999999999813 -0.0001130546050652848
3.4600000000000004 0.10000000000000009 -1.7098564393060834e-6
3.4600000000000004 1.6400000000000001 1.3647782000332733e-8
3.4600000000000004 1.7800000000000002 3.488112696139014e-7
3.4600000000000004 1.9200000000000004 5.8632966298401675e-6
3.4600000000000004 2.0599999999999996 6.66669950252557e-5
3.4600000000000004 2.2 0.0005330399806853398
3.4600000000000004 2.34 0.003075856891198126
3.4600000000000004 2.4800000000000004 0.012430788154712448
3.4600000000000004 2.62 0.03284514256957745
3.4600000000000004 2.7600000000000007 0.055309250819638285
3.4600000000000004 2.9 0.06288984518237514
3.4600000000000004 3.0399999999999996 0.050232305483674494
3.4600000000000004 3.18 0.025063425546432542
3.4600000000000004 3.32 0.006515202097923837
3.4600000000000004 3.4600000000000004 0.0008272345122732121
3.4600000000000004 3.6 6.024586754452062e-5
3.4600000000000004 3.7399999999999993 3.0561317425272005e-6
3.4600000000000004 3.88 8.013631472125271e-8
3.4600000000000004 4.02 1.4989442170444066e-10
3.4600000000000004 4.16 -2.264634055310101e-11
3.4600000000000004 4.3 -2.7181834398609e-13
3.6 -1.1600000000000001 1.2531366776064262e-7
3.6 -1.02 1.868620058338391e-5
3.6 -0.8799999999999999 0.0006791301405772833
3.6 -0.7400000000000002 0.005291089653578998
3.6 -0.6000000000000001 0.008618087762471669
3.6 -0.45999999999999996 0.0045269805911093254
3.6 -0.32000000000000006 0.0007539609948875024
3.6 -0.17999999999999994 -0.00022069990498347033
3.6 -0.039999999999999813 -2.651766861583769e-5
3.6 0.10000000000000009 -4.403525855114435e-7
3.6 1.6400000000000001 2.6617657720028412e-9
3.6 1.7800000000000002 5.1430443196719237e-8
3.6 1.9200000000000004 6.829315764966306e-7
3.6 2.0599999999999996 6.598392067821733e-6
3.6 2.2 4.9344653401398993e-5
3.6 2.34 0.0002853755195258524
3.6 2.4800000000000004 0.0011706364164380775
3.6 2.62 0.003091779031806067
3.6 2.7600000000000007 0.0051093875798883985
3.6 2.9 0.00559789163159595
3.6 3.0399999999999996 0.004233585394134856
3.6 3.18 0.00197526613442532
3.6 3.32 0.00048769188606851533
3.6 3.4600000000000004 6.785058741358373e-5
3.6 3.6 6.900788035228832e-6
3.6 3.7399999999999993 4.4036400354594066e-7
3.6 3.88 1.0443640421482367e-8
3.6 4.02 -8.81362923999711e-11
3.6 4.16 -5.769333550530934e-12
3.6 4.3 -6.105913640425605e-14
3.7399999999999993 -1.1600000000000001 5.089501058490985e-10
3.7399999999999993 -1.02 4.81960574604707e-7
3.7399999999999993 -0.8799999999999999 2.826550308046055e-5
3.7399999999999993 -0.7400000000000002 0.00026498315861056267
3.7399999999999993 -0.6000000000000001 0.00042045152377543
3.7399999999999993 -0.45999999999999996 0.0002010525339043963
3.7399999999999993 -0.32000000000000006 3.46535814492892e-5
3.7399999999999993 -0.17999999999999994 -1.8087248493325622e-5
3.7399999999999993 -0.039999999999999813 -2.2112076896712723e-6
3.7399999999999993 0.10000000000000009 -4.0072082855394396e-8
3.7399999999999993 1.6400000000000001 6.077618924421956e-11
3.7399999999999993 1.7800000000000002 1.3177436149719113e-9
3.7399999999999993 1.9200000000000004 2.022666339374512e-8
3.7399999999999993 2.0599999999999996 2.2462252398074494e-7
3.7399999999999993 2.2 1.865652523222394e-6
3.7399999999999993 2.34 1.1404866822908941e-5
3.7399999999999993 2.4800000000000004 4.753362797494852e-5
3.7399999999999993 2.62 0.00012493065613280698
3.7399999999999993 2.7600000000000007 0.00020316722672888605
3.7399999999999993 2.9 0.0002179823128218681
3.7399999999999993 3.0399999999999996 0.00016259014540849796
3.7399999999999993 3.18 7.723406135454258e-5
3.7399999999999993 3.32 2.1376605176496325e-5
3.7399999999999993 3.4600000000000004 3.858506683219081e-6
3.7399999999999993 3.6 4.6709656467415455e-7
3.7399999999999993 3.7399999999999993 2.8718174122779532e-8
3.7399999999999993 3.88 6.085448448171538e-10
3.7399999999999993 4.02 -6.208777392433593e-12
3.7399999999999993 4.16 -3.445245307112249e-13
3.7399999999999993 4.3 -3.5410532147558618e-15
3.88 -1.1600000000000001 -1.0827452800514932e-10
3.88 -1.02 5.14038583476998e-9
3.88 -0.8799999999999999 7.219489254249215e-7
3.88 -0.7400000000000002 7.699358677259977e-6
3.88 -0.6000000000000001 1.142016176344869e-5
3.88 -0.45999999999999996 4.822313956667484e-6
3.88 -0.32000000000000006 1.0673643095753825e-6
3.88 -0.17999999999999994 -5.996589119853633e-7
3.88 -0.039999999999999813 -7.859456348404426e-8
3.88 0.10000000000000009 -1.5191456213739218e-9
3.88 1.6400000000000001 -5.151036830573726e-12
3.88 1.7800000000000002 -7.170304872261564e-11
3.88 1.9200000000000004 -4.97058283247588e-10
3.88 2.0599999999999996 -4.091983759775588e-10
3.88 2.2 2.0715402636971092e-8
3.88 2.34 1.8266293413042293e-7
3.88 2.4800000000000004 8.157321324323219e-7
3.88 2.62 2.156925654449711e-6
3.88 2.7600000000000007 3.4972121700220784e-6
3.88 2.9 3.791067282057339e-6
3.88 3.0399999999999996 2.9645610447915147e-6
3.88 3.18 1.5723321333252534e-6
3.88 3.32 5.290454110176213e-7
3.88 3.4600000000000004 1.142303899849455e-7
3.88 3.6 1.4118936623054248e-8
3.88 3.7399999999999993 8.258645474256847e-10
3.88 3.88 1.887242985166642e-11
3.88 4.02 2.382816532264267e-15
3.88 4.16 -5.125807954731775e-15
3.88 4.3 -5.653588680445039e-17
4.02 -1.1600000000000001 -7.529320027966695e-13
4.02 -1.02 2.2575877881745365e-10
4.02 -0.8799999999999999 1.5529590192944106e-8
4.02 -0.7400000000000002 1.4156209480553554e-7
4.02 -0.6000000000000001 1.81194673488341e-7
4.02 -0.45999999999999996 6.237911819126459e-8
4.02 -0.32000000000000006 1.8455492915376492e-8
4.02 -0.17999999999999994 -9.170320645534662e-9
4.02 -0.039999999999999813 -1.2894958976496536e-9
4.02 0.10000000000000009 -2.5801648279415063e-11
4.02 1.6400000000000001 -1.491580715632329e-13
4.02 1.7800000000000002 -2.2208918478322743e-12
4.02 1.9200000000000004 -1.8861998831371594e-11
4.02 2.0599999999999996 -8.037928399430047e-11
4.02 2.2 -5.7029267109671385e-11
4.02 2.34 1.0798080149801793e-9
4.02 2.4800000000000004 5.958530469751815e-9
4.02 2.62 1.628090497818034e-8
4.02 2.7600000000000007 2.6900476645722113e-8
4.02 2.9 3.0809519081085046e-8
4.02 3.0399999999999996 2.6811416606839766e-8
4.02 3.18 1.6227074799784358e-8
4.02 3.32 6.222333234987939e-9
4.02 3.4600000000000004 1.461638374124537e-9
4.02 3.6 1.8654282832465623e-10
4.02 3.7399999999999993 1.1324925677312338e-11
4.02 3.88 3.011241523058265e-13
4.02 4.02 2.5522264377312545e-15
4.02 4.16 -1.6149818345313178e-17
4.02 4.3 -2.9449918296198435e-19
4.16 -1.1600000000000001 3.132329676777808e-14
4.16 -1.02 6.072899838914965e-12
4.16 -0.8799999999999999 2.285109063835209e-10
4.16 -0.7400000000000002 1.626059329398065e-9
4.16 -0.6000000000000001 1.7812543695366304e-9
4.16 -0.45999999999999996 4.6284853037641363e-10
4.16 -0.32000000000000006 1.6327818760925856e-10
4.16 -0.17999999999999994 -7.313425853317684e-11
4.16 -0.039999999999999813 -1.0676745129465499e-11
4.16 0.10000000000000009 -2.110472388299584e-13
4.16 1.6400000000000001 -1.1397680895837425e-15
4.16 1.7800000000000002 -1.7221704434044416e-14
4.16 1.9200000000000004 -1.5177398713901424e-13
4.16 2.0599999999999996 -7.272789504085781e-13
4.16 2.2 -1.4755596033213822e-12
4.16 2.34 1.8017607464264386e-12
4.16 2.4800000000000004 1.898929658673445e-11
4.16 2.62 5.574043871311393e-11
4.16 2.7600000000000007 9.616126523224669e-11
4.16 2.9 1.2159322181405706e-10
4.16 3.0399999999999996 1.207087788634103e-10
4.16 3.18 7.926836259945029e-11
4.16 3.32 3.1698117744957344e-11
4.16 3.4600000000000004 7.959692144644116e-12
4.16 3.6 1.119707273522053e-12
4.16 3.7399999999999993 7.496859758679672e-14
4.16 3.88 2.1542505902017955e-15
4.16 4.02 2.008679074075468e-17
4.16 4.16 -8.333993458206657e-20
4.16 4.3 -1.822217948722949e-21
