7.08 6.96 -3.069524928562605e-23
7.08 7.08 -4.60325077477075e-20
7.08 7.200000000000001 -2.6231936906368133e-21
7.08 7.32 3.0390836243270105e-20
7.08 7.44 4.926382286087505e-22
7.08 7.799999999999999 4.3967079266354217e-8
7.08 7.92 0.001357895709296926
7.08 8.04 1.3873951389308493e-12
7.08 9.36 1.6112400804168184e-9
7.08 9.48 9.738324884289071e-8
7.08 9.6 2.7396373587914064e-6
7.08 9.719999999999999 4.041744741887351e-5
7.08 9.84 0.0002654603099060251
7.08 9.96 0.0007155443052708384
7.08 10.08 0.0007782637237909605
7.08 10.2 0.0003089578886521972
7.08 10.32 3.863380334831326e-5
7.08 10.44 1.351723311178968e-6
7.08 10.56 1.2315979044717036e-8
7.200000000000001 6.96 -5.566761004881285e-19
7.200000000000001 7.08 -8.43779780999622e-18
7.200000000000001 7.200000000000001 -4.680186882704319e-17
7.200000000000001 7.32 2.3383965859050856e-17
7.200000000000001 7.44 2.275796713710206e-18
7.200000000000001 7.799999999999999 7.583499529029323e-7
7.200000000000001 7.92 10.45520620932509
7.200000000000001 8.04 1.2258972562710146e-5
7.200000000000001 9.36 4.152073759404686e-5
7.200000000000001 9.48 0.0025393861814570215
7.200000000000001 9.6 0.054392114606268555
7.200000000000001 9.719999999999999 0.48648459488718154
7.200000000000001 9.84 2.05452418384208
7.200000000000001 9.96 4.103407314066634
7.200000000000001 10.08 3.6817116097289957
7.200000000000001 10.2 1.3004319765489607
7.200000000000001 10.32 0.15055941248628468
7.200000000000001 10.44 0.0049638599452898995
7.200000000000001 10.56 4.324814086598579e-5
7.32 6.96 -6.273837187957187e-24
7.32 7.08 -8.71675729456444e-23
7.32 7.200000000000001 -4.881029993195978e-22
7.32 7.32 4.261144368756974e-22
7.32 7.44 2.6405904624659492e-23
7.32 7.799999999999999 1.2024927723171388e-10
7.32 7.92 0.0472866660267018
7.32 8.04 0.00024888460459482776
7.32 9.36 1.8869747350660676e-9
7.32 9.48 3.715315797820735e-7
7.32 9.6 2.6465006038073387e-5
7.32 9.719999999999999 0.0005985268011045623
7.32 9.84 0.004515751354016558
7.32 9.96 0.012753304938376614
7.32 10.08 0.014347042393476948
7.32 10.2 0.0058844194368202225
7.32 10.32 0.0007657277259923355
7.32 10.44 2.888255557607477e-5
7.32 10.56 3.0170759591403053e-7
7.799999999999999 6.96 6.522319839024735e-15
7.799999999999999 7.08 2.675064139117505e-6
7.799999999999999 7.200000000000001 1.9335539557750333e-5
7.799999999999999 7.32 3.2659403984663995e-10
7.799999999999999 7.44 8.566311305581789e-15
7.799999999999999 7.799999999999999 8.008484772649635e-31
7.799999999999999 7.92 -2.2183328659575664e-26
7.799999999999999 8.04 -7.001326046776666e-29
7.799999999999999 9.36 1.1081053218700602e-10
7.799999999999999 9.48 6.782029967178693e-9
7.799999999999999 9.6 1.8404128117712702e-7
7.799999999999999 9.719999999999999 1.8982234762942276e-6
7.799999999999999 9.84 6.772411209828266e-6
7.799999999999999 9.96 9.465536628840954e-6
7.799999999999999 10.08 5.935463096335344e-6
7.799999999999999 10.2 1.4477893036644687e-6
7.799999999999999 10.32 1.1103507727792701e-7
7.799999999999999 10.44 2.4168180465683582e-9
7.799999999999999 10.56 1.4366205278576447e-11
7.92 6.96 6.145213395439373e-14
7.92 7.08 0.0031992836513283804
7.92 7.200000000000001 11.70435369082155
7.92 7.32 0.05543769633693007
7.92 7.44 2.907178283421317e-7
7.92 7.799999999999999 9.589965479205975e-23
7.92 7.92 -2.6563998801601694e-18
7.92 8.04 -8.383918337720335e-21
7.92 9.36 4.5715381756956225e-5
7.92 9.48 0.0026949873018849864
7.92 9.6 0.05496008817720152
7.92 9.719999999999999 0.47345107384419693
7.92 9.84 2.0024421610969174
7.92 9.96 4.037937601982879
7.92 10.08 3.6208604652141814
7.92 10.2 1.2881125600139423
7.92 10.32 0.15071039729274086
7.92 10.44 0.0050372070267217925
7.92 10.56 4.55813793845201e-5
8.04 6.96 1.0833236319754909e-24
8.04 7.08 2.550129496569271e-12
8.04 7.200000000000001 1.1599854216944636e-5
8.04 7.32 0.0002630694179125594
8.04 7.44 1.3778191064628547e-8
8.04 7.799999999999999 2.2842192051949417e-29
8.04 7.92 -6.327238442461863e-25
8.04 8.04 -1.996952748912605e-27
8.04 9.36 5.220309051320487e-12
8.04 9.48 2.5221392156812913e-10
8.04 9.6 5.2321311185958405e-9
8.04 9.719999999999999 5.994968830604416e-8
8.04 9.84 3.756139161338418e-7
8.04 9.96 1.3437064742443494e-6
8.04 10.08 2.552163610291924e-6
8.04 10.2 1.7473682308633256e-6
8.04 10.32 3.317125632279385e-7
8.04 10.44 1.584008350977728e-8
8.04 10.56 1.8586243981016229e-10
9.36 6.96 1.1820496645290293e-21
9.36 7.08 1.7769586646829404e-9
9.36 7.200000000000001 3.020186950397751e-5
9.36 7.32 4.749000914005921e-10
9.36 7.44 2.873547693647078e-19
9.36 7.799999999999999 4.01552762786015e-11
9.36 7.92 4.3587269536862517e-5
9.36 8.04 9.859815020279764e-12
9.36 9.36 -1.69413208416333e-21
9.36 9.48 -3.8317078259108575e-23
9.36 9.6 2.5372475879456545e-22
9.36 9.719999999999999 -1.6574914085063762e-23
9.36 9.84 1.999240177852683e-22
9.36 9.96 2.2641621446140286e-23
9.36 10.08 1.6070735538116867e-25
9.36 10.2 4.242851923645168e-25
9.36 10.32 -6.205468167251728e-29
9.36 10.44 -2.3412859891740375e-30
9.36 10.56 -2.4465075753838058e-32
9.48 6.96 4.2028234616023996e-20
9.48 7.08 1.3707882101579006e-7
9.48 7.200000000000001 0.001860913541306101
9.48 7.32 5.5931471940653104e-8
9.48 7.44 3.589872129862872e-17
9.48 7.799999999999999 1.4000339085826866e-9
9.48 7.92 0.0021748469453856246
9.48 8.04 3.213545110883563e-10
9.48 9.36 1.681508049519719e-20
9.48 9.48 -2.882230327737812e-21
9.48 9.6 1.9846515091144375e-21
9.48 9.719999999999999 -3.049623942779019e-22
9.48 9.84 -9.83105131267246e-22
9.48 9.96 -1.8661861961744412e-25
9.48 10.08 -2.1008062627607778e-25
9.48 10.2 -8.619627479345457e-26
9.48 10.32 -1.121945822164265e-26
9.48 10.44 -4.233034406267189e-28
9.48 10.56 -4.4232745560923826e-30
9.6 6.96 1.1313017583275618e-18
9.6 7.08 4.10923447026251e-6
9.6 7.200000000000001 0.045344450471047994
9.6 7.32 3.328697700258808e-6
9.6 7.44 1.3074586557181224e-15
9.6 7.799999999999999 2.1319927302484103e-8
9.6 7.92 0.04868486368393294
9.6 8.04 6.222386691993388e-9
9.6 9.36 2.7653958181237843e-19
9.6 9.48 -1.9413760012416172e-20
9.6 9.6 1.518146572905633e-19
9.6 9.719999999999999 -1.3096970656843367e-20
9.6 9.84 -6.503143421822833e-20
9.6 9.96 -1.403028825351361e-23
9.6 10.08 -1.5794199687567228e-23
9.6 10.2 -6.480374699755861e-24
9.6 10.32 -8.434969302800692e-25
9.6 10.44 -3.1824634061709214e-26
9.6 10.56 -3.3254890136955476e-28
9.719999999999999 6.96 2.5013021026138898e-17
9.719999999999999 7.08 4.439950129692018e-5
9.719999999999999 7.200000000000001 0.4635910274301192
9.719999999999999 7.32 7.170639411391425e-5
9.719999999999999 7.44 1.4600541176088344e-14
9.719999999999999 7.799999999999999 1.3988715427958794e-7
9.719999999999999 7.92 0.4747208935878693
9.719999999999999 8.04 9.115249920707564e-8
9.719999999999999 9.36 1.250543530888241e-17
9.719999999999999 9.48 5.368341255291761e-19
9.719999999999999 9.6 3.4392603810912844e-18
9.719999999999999 9.719999999999999 -5.53009720767637e-20
9.719999999999999 9.84 -1.2297428416131662e-18
9.719999999999999 9.96 -3.4959070417498365e-22
9.719999999999999 10.08 -3.9354183540709015e-22
9.719999999999999 10.2 -1.6147057800533252e-22
9.719999999999999 10.32 -2.1017293474976417e-23
9.719999999999999 10.44 -7.92969896554913e-25
9.719999999999999 10.56 -8.286073845642227e-27
9.84 6.96 2.872260217241519e-16
9.84 7.08 0.00018070532160144128
9.84 7.200000000000001 2.0632066618432248
9.84 7.32 0.0005328307160314817
9.84 7.44 5.298319947763115e-14
9.84 7.799999999999999 3.9658655868527346e-7
9.84 7.92 2.0152343486510627
9.84 8.04 7.186507930151605e-7
9.84 9.36 9.544638811066355e-17
9.84 9.48 2.4070606734282764e-17
9.84 9.6 2.422868263109735e-17
9.84 9.719999999999999 1.2517960226007264e-18
9.84 9.84 -6.902531641323044e-18
9.84 9.96 -2.7434278737003195e-21
9.84 10.08 -3.088336239393108e-21
9.84 10.2 -1.267147206987e-21
9.84 10.32 -1.6493410167082163e-22
9.84 10.44 -6.2228648839191916e-24
9.84 10.56 -6.502531582573739e-26
9.96 6.96 1.409624355942224e-15
9.96 7.08 0.00033730070543976255
9.96 7.200000000000001 4.102694132966429
9.96 7.32 0.0013613475590615895
9.96 7.44 6.409052631475165e-14
9.96 7.799999999999999 5.394421632435578e-7
9.96 7.92 3.920521140541471
9.96 8.04 2.2807630260726036e-6
9.96 9.36 1.8724936736974728e-16
9.96 9.48 5.773079871030953e-17
9.96 9.6 2.5615858579563662e-17
9.96 9.719999999999999 6.053918579544194e-18
9.96 9.84 -1.1867546565835557e-17
9.96 9.96 -6.98121963280385e-21
9.96 10.08 -7.858910304396352e-21
9.96 10.2 -3.224518144783381e-21
9.96 10.32 -4.1970893412044456e-22
9.96 10.44 -1.5835366736341758e-23
9.96 10.56 -1.6547036494213743e-25
10.08 6.96 2.6450119285024884e-15
10.08 7.08 0.0003406873357694492
10.08 7.200000000000001 3.6825101734285566
10.08 7.32 0.0011820917666187196
10.08 7.44 2.6024420617515677e-14
10.08 7.799999999999999 3.587077346970882e-7
10.08 7.92 3.572187325215065
10.08 8.04 2.783809682795916e-6
10.08 9.36 9.416436872550031e-17
10.08 9.48 3.993147735378508e-17
10.08 9.6 3.5182493225178587e-17
10.08 9.719999999999999 -8.73970453533203e-18
10.08 9.84 -6.4092542639071754e-18
10.08 9.96 -6.1140695851575235e-21
10.08 10.08 -6.882740694279891e-21
10.08 10.2 -2.8239948534057565e-21
10.08 10.32 -3.6757612047685895e-22
10.08 10.44 -1.386842689627304e-23
10.08 10.56 -1.4491698854076659e-25
10.2 6.96 1.7807166119763148e-15
10.2 7.08 0.00016318985246551308
10.2 7.200000000000001 1.382697411776123
10.2 7.32 0.0003417691794488876
10.2 7.44 3.4954235869902953e-15
10.2 7.799999999999999 9.102897597258449e-8
10.2 7.92 1.37402391791003
10.2 8.04 1.3330880851081749e-6
10.2 9.36 2.0037995114316476e-17
10.2 9.48 1.6070160620748683e-18
10.2 9.6 1.1512566221618459e-17
10.2 9.719999999999999 8.88268157639193e-19
10.2 9.84 -2.790547373928537e-18
10.2 9.96 -2.1040042137396923e-21
10.2 10.08 -2.171720779765987e-21
10.2 10.2 -8.910590384445429e-22
10.2 10.32 -1.1598180645114277e-22
10.2 10.44 -4.375924099343727e-24
10.2 10.56 -4.572585970523815e-26
10.32 6.96 3.67871292031677e-16
10.32 7.08 2.800862683714176e-5
10.32 7.200000000000001 0.18025112106335683
10.32 7.32 3.106137973943621e-5
10.32 7.44 1.514359709357678e-16
10.32 7.799999999999999 6.950190222172477e-9
10.32 7.92 0.17957729516066082
10.32 8.04 2.364266341987214e-7
10.32 9.36 1.5133802028695456e-18
10.32 9.48 3.299151682688672e-20
10.32 9.6 1.6393670359948122e-18
10.32 9.719999999999999 1.662936955361362e-19
10.32 9.84 -6.213794550402877e-20
10.32 9.96 -2.1374265088980394e-22
10.32 10.08 -2.4061473635364074e-22
10.32 10.2 -9.872444819274196e-23
10.32 10.32 -1.2850147239460384e-23
10.32 10.44 -4.848283597697402e-25
10.32 10.56 -5.066174151328531e-27
10.44 6.96 1.8352077249740676e-17
10.44 7.08 1.292158253510385e-6
10.44 7.200000000000001 0.006585009984699025
10.44 7.32 8.043610275742954e-7
10.44 7.44 2.023783796241166e-18
10.44 7.799999999999999 1.4144031180751968e-10
10.44 7.92 0.006472623808144331
10.44 8.04 1.2768050051400744e-8
10.44 9.36 4.5886750338150795e-20
10.44 9.48 1.0551119909392635e-21
10.44 9.6 5.95174258607085e-20
10.44 9.719999999999999 4.653332465075284e-21
10.44 9.84 -1.1381605282819002e-21
10.44 9.96 -7.61383186243058e-24
10.44 10.08 -8.571055606120501e-24
10.44 10.2 -3.516712018467964e-24
10.44 10.32 -4.577414010864483e-25
10.44 10.44 -1.727030893576732e-26
10.44 10.56 -1.8046467569815993e-28
10.56 6.96 1.9447978664747843e-19
10.56 7.08 1.349658824884527e-8
10.56 7.200000000000001 5.920981478603922e-5
10.56 7.32 5.450926136024716e-9
10.56 7.44 7.99886758093264e-21
10.56 7.799999999999999 7.39943372640761e-13
10.56 7.92 5.744127085078315e-5
10.56 8.04 1.7517757979352955e-10
10.56 9.36 5.2617819922667255e-22
10.56 9.48 1.8766818424676732e-23
10.56 9.6 6.258723854709387e-22
10.56 9.719999999999999 3.123810853211381e-23
10.56 9.84 -9.335144431977542e-24
10.56 9.96 2.9904083066702628e-24
10.56 10.08 -1.259246046313183e-25
10.56 10.2 1.6988048450122473e-25
10.56 10.32 1.8020597361095594e-26
10.56 10.44 -1.813386313321981e-28
10.56 10.56 -1.8948831440205093e-30
10.68 6.96 4.635187422836667e-22
10.68 7.08 3.2413653532609974e-11
10.68 7.200000000000001 1.3127668930350858e-7
10.68 7.32 9.498205839093108e-12
10.68 7.44 9.250935299311091e-24
10.68 7.799999999999999 1.0134146094489605e-15
10.68 7.92 1.2667050404388143e-7
10.68 8.04 5.955628623204622e-13
10.68 9.36 9.640099384390814e-25
10.68 9.48 3.043246462204763e-26
10.68 9.6 1.8550436107758082e-24
10.68 9.719999999999999 1.1649359667553638e-25
10.68 9.84 -1.3312031723577533e-26
10.68 9.96 -2.3425619109274777e-28
10.68 10.08 -2.6370727331069467e-28
10.68 10.2 -1.0819933740311858e-28
10.68 10.32 -1.4083415428749273e-29
10.68 10.44 -5.313588300518974e-31
10.68 10.56 -5.552390481165147e-33
