0.72 0.0196 3.0852142277312367e-15
0.72 0.0204 4.5175344650680083e-11
0.72 0.021200000000000004 4.267052547435407e-8
0.72 0.022 4.459079260306038e-6
0.72 0.0228 8.049634259564452e-5
0.72 0.0236 0.0003737235446913174
0.72 0.024399999999999998 0.0006433310015499215
0.72 0.025200000000000004 0.0005506221128262633
0.72 0.026000000000000002 0.0002758810099731359
0.72 0.0268 9.074501660839608e-5
0.72 0.027600000000000003 2.1012144346206376e-5
0.72 0.0284 3.5909133733749086e-6
0.72 0.0292 4.821765621787151e-7
0.72 0.030000000000000002 5.245211631889684e-8
0.72 0.0308 4.842325130068308e-9
0.72 0.0316 3.8537358532009416e-10
0.72 0.032400000000000005 4.232035848943607e-8
0.72 0.0332 1.911260977610684e-12
0.72 0.034 1.2330011087900358e-13
0.72 0.0348 1.717935723244159e-8
0.72 0.0356 1.300893368280095e-8
0.72 0.0364 4.449960335235564e-9
0.72 0.037200000000000004 9.016647637935809e-10
0.74 0.0196 2.0247720439760706e-13
0.74 0.0204 2.964761875479636e-9
0.74 0.021200000000000004 2.800212228932792e-6
0.74 0.022 0.000292499278360045
0.74 0.0228 0.00526885166525631
0.74 0.0236 0.024274728241281098
0.74 0.024399999999999998 0.041098940756391984
0.74 0.025200000000000004 0.034619277692247534
0.74 0.026000000000000002 0.01727049514742489
0.74 0.0268 0.005536475640076743
0.74 0.027600000000000003 0.0012315477496992499
0.74 0.0284 0.00019971466057359347
0.74 0.0292 2.490861647504298e-5
0.74 0.030000000000000002 2.530629341299852e-6
0.74 0.0308 2.157508884707644e-7
0.74 0.0316 1.6109916132481412e-8
0.74 0.032400000000000005 -1.6454654163204744e-6
0.74 0.0332 7.21167019370396e-11
0.74 0.034 4.418805247437744e-12
0.74 0.0348 -6.637504556361496e-7
0.74 0.0356 -5.022331735712387e-7
0.74 0.0364 -1.7172384394866292e-7
0.74 0.037200000000000004 -3.4788016093808216e-8
0.76 0.0196 5.4426498880023115e-12
0.76 0.0204 7.96934273947183e-8
0.76 0.021200000000000004 7.52674803373644e-5
0.76 0.022 0.007860021383868982
0.76 0.0228 0.1413872704045537
0.76 0.0236 0.6481362224292426
0.76 0.024399999999999998 1.08479325152654
0.76 0.025200000000000004 0.9017040026225015
0.76 0.026000000000000002 0.44735280557904655
0.76 0.0268 0.1419322145424824
0.76 0.027600000000000003 0.030533745181371766
0.76 0.0284 0.004799831786793942
0.76 0.0292 0.0005908177360495998
0.76 0.030000000000000002 5.952766469339226e-5
0.76 0.0308 5.290851161947407e-6
0.76 0.0316 4.289480183382934e-7
0.76 0.032400000000000005 -5.792604971996969e-5
0.76 0.0332 2.316850309665763e-9
0.76 0.034 1.5794798003364762e-10
0.76 0.0348 -2.3501423274381047e-5
0.76 0.0356 -1.7793283900383715e-5
0.76 0.0364 -6.085972937357592e-6
0.76 0.037200000000000004 -1.2331041699480927e-6
0.7799999999999999 0.0196 6.086961627152429e-11
0.7799999999999999 0.0204 8.912832133433254e-7
0.7799999999999999 0.021200000000000004 0.000841844942283782
0.7799999999999999 0.022 0.08795816745591478
0.7799999999999999 0.0228 1.586479981627274
0.7799999999999999 0.0236 7.343906099477508
0.7799999999999999 0.024399999999999998 12.572335471137311
0.7799999999999999 0.025200000000000004 10.744672297056358
0.7799999999999999 0.026000000000000002 5.407900801905324
0.7799999999999999 0.0268 1.735349698536932
0.7799999999999999 0.027600000000000003 0.3867467215477599
0.7799999999999999 0.0284 0.0647366336983787
0.7799999999999999 0.0292 0.008825134489033767
0.7799999999999999 0.030000000000000002 0.001029040101635582
0.7799999999999999 0.0308 0.00010547255533896357
0.7799999999999999 0.0316 9.745545390133845e-6
0.7799999999999999 0.032400000000000005 -0.00044340676323735914
0.7799999999999999 0.0332 6.166280572181016e-8
0.7799999999999999 0.034 4.354161622157072e-9
0.7799999999999999 0.0348 -0.00017904265164062107
0.7799999999999999 0.0356 -0.00013547279812441376
0.7799999999999999 0.0364 -4.632064831516265e-5
0.7799999999999999 0.037200000000000004 -9.383663481759088e-6
0.7999999999999999 0.0196 3.167005135047022e-10
0.7999999999999999 0.0204 4.63734561933176e-6
0.7999999999999999 0.021200000000000004 0.0043807009301674565
0.7999999999999999 0.022 0.45814709823830335
0.7999999999999999 0.0228 8.304360401377956
0.7999999999999999 0.0236 39.12960223788856
0.7999999999999999 0.024399999999999998 69.81824590864717
0.7999999999999999 0.025200000000000004 63.2746472153873
0.7999999999999999 0.026000000000000002 33.95894186073673
0.7999999999999999 0.0268 11.94856606910002
0.7999999999999999 0.027600000000000003 3.020418937400474
0.7999999999999999 0.0284 0.5969536001356102
0.7999999999999999 0.0292 0.0970579767813998
0.7999999999999999 0.030000000000000002 0.01326884389960137
0.7999999999999999 0.0308 0.0015465346217814653
0.7999999999999999 0.0316 0.00015569247002073829
0.7999999999999999 0.032400000000000005 0.0019380433899228453
0.7999999999999999 0.0332 1.1947819795534466e-6
0.7999999999999999 0.034 9.423944800332117e-8
0.7999999999999999 0.0348 0.0007782624996296196
0.7999999999999999 0.0356 0.0005890779510821165
0.7999999999999999 0.0364 0.0002014570083402131
0.7999999999999999 0.037200000000000004 4.0815171385503426e-5
0.8200000000000001 0.0196 7.992630455310366e-10
0.8200000000000001 0.0204 1.1703651398816053e-5
0.8200000000000001 0.021200000000000004 0.011058903457586105
0.8200000000000001 0.022 1.1588157633097347
0.8200000000000001 0.0228 21.213338553401048
0.8200000000000001 0.0236 103.50390718184524
0.8200000000000001 0.024399999999999998 199.88617388264902
0.8200000000000001 0.025200000000000004 203.53734273078464
0.8200000000000001 0.026000000000000002 126.24686285159709
0.8200000000000001 0.0268 53.31491875931527
0.8200000000000001 0.027600000000000003 16.682060204910453
0.8200000000000001 0.0284 4.0540484827367225
0.8200000000000001 0.0292 0.7842810487687423
0.8200000000000001 0.030000000000000002 0.12400934681229357
0.8200000000000001 0.0308 0.016828654392788054
0.8200000000000001 0.0316 0.0020195853542672284
0.8200000000000001 0.032400000000000005 0.006705858453994801
0.8200000000000001 0.0332 2.1719333567083775e-5
0.8200000000000001 0.034 1.987276460178386e-6
0.8200000000000001 0.0348 0.002646686994488828
0.8200000000000001 0.0356 0.0020048917001336823
0.8200000000000001 0.0364 0.0006859663559030243
0.8200000000000001 0.037200000000000004 0.000139007629820079
0.8400000000000001 0.0196 9.96706381625583e-10
0.8400000000000001 0.0204 1.4595650459469029e-5
0.8400000000000001 0.021200000000000004 0.013800238436520283
0.8400000000000001 0.022 1.4526090904947433
0.8400000000000001 0.0228 27.201323141977532
0.8400000000000001 0.0236 143.16615963553724
0.8400000000000001 0.024399999999999998 322.7615084531126
0.8400000000000001 0.025200000000000004 405.0667084523789
0.8400000000000001 0.026000000000000002 320.7540921844672
0.8400000000000001 0.0268 174.9943029688509
0.8400000000000001 0.027600000000000003 69.35342382587369
0.8400000000000001 0.0284 20.68878319885927
0.8400000000000001 0.0292 4.853876484444497
0.8400000000000001 0.030000000000000002 0.9356980940961807
0.8400000000000001 0.0308 0.15402979796909774
0.8400000000000001 0.0316 0.022030312191240152
0.8400000000000001 0.032400000000000005 0.006156535976643709
0.8400000000000001 0.0332 0.00029554032019860093
0.8400000000000001 0.034 2.8044355523853238e-5
0.8400000000000001 0.0348 0.001539601106742573
0.8400000000000001 0.0356 0.0011752755869299167
0.8400000000000001 0.0364 0.0004041125814074571
0.8400000000000001 0.037200000000000004 8.208631616189923e-5
0.8600000000000001 0.0196 6.217655519381108e-10
0.8600000000000001 0.0204 9.106253229999521e-6
0.8600000000000001 0.021200000000000004 0.008624218851377376
0.8600000000000001 0.022 0.9185367298663712
0.8600000000000001 0.0228 18.2047060075511
0.8600000000000001 0.0236 113.15144782182527
0.8600000000000001 0.024399999999999998 335.00198679957094
0.8600000000000001 0.025200000000000004 570.994305801532
0.8600000000000001 0.026000000000000002 612.7939944563751
0.8600000000000001 0.0268 437.417411344216
0.8600000000000001 0.027600000000000003 219.57805669662022
0.8600000000000001 0.0284 81.65166053570303
0.8600000000000001 0.0292 23.726437529433728
0.8600000000000001 0.030000000000000002 5.583731368892483
0.8600000000000001 0.0308 1.0890332915267125
0.8600000000000001 0.0316 0.17564625966460817
0.8600000000000001 0.032400000000000005 0.0037167178145864357
0.8600000000000001 0.0332 0.002754996081343726
0.8600000000000001 0.034 0.00028322586013451907
0.8600000000000001 0.0348 -0.007052410023757575
0.8600000000000001 0.0356 -0.005281718882020037
0.8600000000000001 0.0364 -0.00179261757232214
0.8600000000000001 0.037200000000000004 -0.00036183625051168955
0.8799999999999999 0.0196 1.7867456266451306e-10
0.8799999999999999 0.0204 2.6174693118101376e-6
0.8799999999999999 0.021200000000000004 0.002493067724521206
0.8799999999999999 0.022 0.27622845943209406
0.8799999999999999 0.0228 6.472620844371432
0.8799999999999999 0.0236 57.36882913938146
0.8799999999999999 0.024399999999999998 251.1283901188487
0.8799999999999999 0.025200000000000004 606.2532414883073
0.8799999999999999 0.026000000000000002 882.8085670612245
0.8799999999999999 0.0268 825.2124376833594
0.8799999999999999 0.027600000000000003 529.1718829351548
0.8799999999999999 0.0284 247.20971387779386
0.8799999999999999 0.0292 88.51757995879828
0.8799999999999999 0.030000000000000002 25.10405784662817
0.8799999999999999 0.0308 5.682911836912796
0.8799999999999999 0.0316 1.047099164940336
0.8799999999999999 0.032400000000000005 0.2689672302045951
0.8799999999999999 0.0332 0.021887550645876448
0.8799999999999999 0.034 0.002683554517919047
0.8799999999999999 0.0348 0.04515801302791455
0.8799999999999999 0.0356 0.0340947524985096
0.8799999999999999 0.0364 0.011674023075332737
0.8799999999999999 0.037200000000000004 0.0023669141371024734
0.8999999999999999 0.0196 2.714601120676205e-11
0.8999999999999999 0.0204 3.9646663591724385e-7
0.8999999999999999 0.021200000000000004 0.0003837316952279738
0.8999999999999999 0.022 0.047136350711360374
0.8999999999999999 0.0228 1.5342795567018161
0.8999999999999999 0.0236 21.129891942532392
0.8999999999999999 0.024399999999999998 138.32407915618305
0.8999999999999999 0.025200000000000004 482.30397880313274
0.8999999999999999 0.026000000000000002 956.8563815871663
0.8999999999999999 0.0268 1181.6490091375708
0.8999999999999999 0.027600000000000003 979.0866508611502
0.8999999999999999 0.0284 579.9785779452394
0.8999999999999999 0.0292 256.8216683236825
0.8999999999999999 0.030000000000000002 87.48469769517344
0.8999999999999999 0.0308 23.367153066459665
0.8999999999999999 0.0316 5.117158568568511
0.8999999999999999 0.032400000000000005 1.2956585670217042
0.8999999999999999 0.0332 0.1524534441318798
0.8999999999999999 0.034 0.021403874356669215
0.8999999999999999 0.0348 0.1449510360535511
0.8999999999999999 0.0356 0.10816260250686337
0.8999999999999999 0.0364 0.036950845865020704
0.8999999999999999 0.037200000000000004 0.0074860305845853535
0.9199999999999999 0.0196 2.050638464496595e-11
0.9199999999999999 0.0204 2.969764166130599e-7
0.9199999999999999 0.021200000000000004 0.00028113367430713496
0.9199999999999999 0.022 0.029886216665958847
0.9199999999999999 0.0228 0.6074895550684215
0.9199999999999999 0.0236 5.725305617945268
0.9199999999999999 0.024399999999999998 53.83182177087466
0.9199999999999999 0.025200000000000004 288.2218269231521
0.9199999999999999 0.026000000000000002 787.2711282606434
0.9199999999999999 0.0268 1295.4403062540312
0.9199999999999999 0.027600000000000003 1398.9327272460812
0.9199999999999999 0.0284 1054.938236638264
0.9199999999999999 0.0292 577.8056698800788
0.9199999999999999 0.030000000000000002 238.34847891525445
0.9199999999999999 0.0308 77.18831009836163
0.9199999999999999 0.0316 20.315212096311456
0.9199999999999999 0.032400000000000005 4.832648998822699
0.9199999999999999 0.0332 0.8363826963722559
0.9199999999999999 0.034 0.13130084118842186
0.9199999999999999 0.0348 0.18201624334924477
0.9199999999999999 0.0356 0.128172285962124
0.9199999999999999 0.0364 0.04365105442611517
0.9199999999999999 0.037200000000000004 0.008849894881501733
0.94 0.0196 2.2319006035576452e-11
0.94 0.0204 3.221020562082479e-7
0.94 0.021200000000000004 0.0003025793618601852
0.94 0.022 0.030381315537816228
0.94 0.0228 0.4433690294277291
0.94 0.0236 1.135186577828763
0.94 0.024399999999999998 14.001645354257995
0.94 0.025200000000000004 130.53769027351143
0.94 0.026000000000000002 493.8007064477402
0.94 0.0268 1093.8211589205216
0.94 0.027600000000000003 1550.9149788346353
0.94 0.0284 1488.8501738643618
0.94 0.0292 1016.3925738481947
0.94 0.030000000000000002 516.5898610471875
0.94 0.0308 202.95359224391757
0.94 0.0316 63.76320055291699
0.94 0.032400000000000005 16.871463714563195
0.94 0.0332 3.5178967827288803
0.94 0.034 0.6316164750256378
0.94 0.0348 0.291468268556175
0.94 0.0356 0.16105529594430373
0.94 0.0364 0.05229298015611454
0.94 0.037200000000000004 0.010455969133639855
0.96 0.0196 1.5288003521238755e-11
0.96 0.0204 2.1872827262464194e-7
0.96 0.021200000000000004 0.00020530207180966892
0.96 0.022 0.02048036745586638
0.96 0.0228 0.2829794757489116
0.96 0.0236 0.1693517027914283
0.96 0.024399999999999998 1.5213624291629517
0.96 0.025200000000000004 44.53243692407937
0.96 0.026000000000000002 235.770852235212
0.96 0.0268 713.0750428869546
0.96 0.027600000000000003 1335.3366534907927
0.96 0.0284 1644.1073473414149
0.96 0.0292 1414.9209531805298
0.96 0.030000000000000002 890.8375077864998
0.96 0.0308 426.8263007391398
0.96 0.0316 160.48690220995485
0.96 0.032400000000000005 48.55508383730545
0.96 0.0332 11.869453319283545
0.96 0.034 2.391994281703902
0.96 0.0348 0.47363679028850314
0.96 0.0356 0.11022962950618688
0.96 0.0364 0.024742260976593555
0.96 0.037200000000000004 0.0043020881387089305
0.98 0.0196 7.135621975183997e-12
0.98 0.0204 9.983773073957428e-8
0.98 0.021200000000000004 9.37088193400752e-5
0.98 0.022 0.009346881783335972
0.98 0.0228 0.12851392701090078
0.98 0.0236 0.019141234824002117
0.98 0.024399999999999998 -0.5505903980810457
0.98 0.025200000000000004 11.242093053522062
0.98 0.026000000000000002 85.91483339297342
0.98 0.0268 358.5927793494244
0.98 0.027600000000000003 893.3377906491913
0.98 0.0284 1429.4103137957948
0.98 0.0292 1560.7066703965763
0.98 0.030000000000000002 1223.0877957821826
0.98 0.0308 717.6502522426464
0.98 0.0316 323.3022935067026
0.98 0.032400000000000005 114.43546306194223
0.98 0.0332 32.4312993761526
0.98 0.034 7.467665041480714
0.98 0.0348 1.4188997123234217
0.98 0.0356 0.2182928769033362
0.98 0.0364 0.026041652519847636
0.98 0.037200000000000004 0.0024421284113666057
1.0 0.0196 2.750362983191582e-12
1.0 0.0204 3.664685931126015e-8
1.0 0.021200000000000004 3.4398458495281555e-5
1.0 0.022 0.003431948825205971
1.0 0.0228 0.04721101587525865
1.0 0.0236 0.0015589031775716327
1.0 0.024399999999999998 -0.38650073441499594
1.0 0.025200000000000004 2.1489139129443404
1.0 0.026000000000000002 24.023070096077614
1.0 0.0268 139.2674546617216
1.0 0.027600000000000003 467.9406558276612
1.0 0.0284 981.045097391475
1.0 0.0292 1368.0788917390835
1.0 0.030000000000000002 1343.337529662702
1.0 0.0308 966.3383933147273
1.0 0.0316 523.5547399840447
1.0 0.032400000000000005 220.0706342535445
1.0 0.0332 73.24409821777296
1.0 0.034 19.699617503418576
1.0 0.0348 4.40733788716126
1.0 0.0356 0.8153561662055215
1.0 0.0364 0.12210577633725181
1.0 0.037200000000000004 0.01503593261682454
1.02 0.0196 -3.4518956377056135e-13
1.02 0.0204 -7.500055001489792e-9
1.02 0.021200000000000004 -7.041839754117727e-6
1.02 0.022 -0.0007038952834673604
1.02 0.0228 -0.009781438581032689
1.02 0.0236 8.869941142308955e-5
1.02 0.024399999999999998 0.12931971859543678
1.02 0.025200000000000004 0.3143857226585208
1.02 0.026000000000000002 5.117836099457892
1.02 0.0268 42.18602623180003
1.02 0.027600000000000003 192.98780618479717
1.02 0.0284 532.7078232808022
1.02 0.0292 955.5956102223695
1.02 0.030000000000000002 1181.9238971848552
1.02 0.0308 1048.1446613079572
1.02 0.0316 692.1271369400926
1.02 0.032400000000000005 350.27256824165
1.02 0.0332 137.77393238094604
1.02 0.034 43.47962040560655
1.02 0.0348 11.556300459344765
1.02 0.0356 2.5715688263030545
1.02 0.0364 0.4630077525386723
1.02 0.037200000000000004 0.06670238089353403
1.0399999999999998 0.0196 -1.677373402506376e-12
1.0399999999999998 0.0204 -2.597716309052399e-8
1.0399999999999998 0.021200000000000004 -2.4386437223408483e-5
1.0399999999999998 0.022 -0.00243514726531673
1.0399999999999998 0.0228 -0.03365117094744602
1.0399999999999998 0.0236 3.4757905698273087e-6
1.0399999999999998 0.024399999999999998 0.37405885302596775
1.0399999999999998 0.025200000000000004 0.03481056929878901
1.0399999999999998 0.026000000000000002 0.8369582878322811
1.0399999999999998 0.0268 9.924991980996365
1.0399999999999998 0.027600000000000003 61.806735479866056
1.0399999999999998 0.0284 228.0893812447875
1.0399999999999998 0.0292 531.1733148536175
1.0399999999999998 0.030000000000000002 833.1443788294351
1.0399999999999998 0.0308 922.6209633371235
1.0399999999999998 0.0316 749.9449003612359
1.0399999999999998 0.032400000000000005 457.9194468800413
1.0399999999999998 0.0332 213.91197872399525
1.0399999999999998 0.034 78.8105812721597
1.0399999999999998 0.0348 23.578309864511855
1.0399999999999998 0.0356 5.60354010146347
1.0399999999999998 0.0364 1.0360707656375239
1.0399999999999998 0.037200000000000004 0.1504764157122658
1.0599999999999998 0.0196 -1.5283353383742298e-12
1.0599999999999998 0.0204 -2.302597665851446e-8
1.0599999999999998 0.021200000000000004 -2.1615746919900118e-5
1.0599999999999998 0.022 -0.0021583241475790814
1.0599999999999998 0.0228 -0.029814271565546217
1.0599999999999998 0.0236 9.791222349973242e-8
1.0599999999999998 0.024399999999999998 0.3282415531189364
1.0599999999999998 0.025200000000000004 0.002792114417547045
1.0599999999999998 0.026000000000000002 0.10313236127221452
1.0599999999999998 0.0268 1.7645833589400217
1.0599999999999998 0.027600000000000003 15.257692247313651
1.0599999999999998 0.0284 76.98331042151445
1.0599999999999998 0.0292 234.85894330419148
1.0599999999999998 0.030000000000000002 472.3626164358463
1.0599999999999998 0.0308 659.040080135329
1.0599999999999998 0.0316 659.4248445463007
1.0599999999999998 0.032400000000000005 485.9536184467315
1.0599999999999998 0.0332 271.4406021814152
1.0599999999999998 0.034 117.47901005930663
1.0599999999999998 0.0348 39.735038808129616
1.0599999999999998 0.0356 10.191333964098659
1.0599999999999998 0.0364 1.9676950926227041
1.0599999999999998 0.037200000000000004 0.2927972826816994
1.0799999999999998 0.0196 -1.1621512244706979e-12
1.0799999999999998 0.0204 -1.7182065527416727e-8
1.0799999999999998 0.021200000000000004 -1.6129694249540944e-5
1.0799999999999998 0.022 -0.0016105130748676909
1.0799999999999998 0.0228 -0.022244675485813326
1.0799999999999998 0.0236 2.0704486451243526e-9
1.0799999999999998 0.024399999999999998 0.24433224562589104
1.0799999999999998 0.025200000000000004 0.00016421048313163474
1.0799999999999998 0.026000000000000002 0.009236108769749713
1.0799999999999998 0.0268 0.23494479779692498
1.0799999999999998 0.027600000000000003 2.975353277737066
1.0799999999999998 0.0284 20.73325621174963
1.0799999999999998 0.0292 82.4849068376188
1.0799999999999998 0.030000000000000002 214.78774731814133
1.0799999999999998 0.0308 378.5906329562008
1.0799999999999998 0.0316 469.28313514436724
1.0799999999999998 0.032400000000000005 424.45872568689884
1.0799999999999998 0.0332 286.73960487564483
1.0799999999999998 0.034 144.57788525032217
1.0799999999999998 0.0348 54.23290526365011
1.0799999999999998 0.0356 14.78857411483419
1.0799999999999998 0.0364 2.9589244042872203
1.0799999999999998 0.037200000000000004 0.44957781676066366
1.0999999999999999 0.0196 -5.684950541661398e-13
1.0999999999999999 0.0204 -8.263442925526717e-9
1.0999999999999999 0.021200000000000004 -7.757302462328345e-6
1.0999999999999999 0.022 -0.0007745387935332415
1.0999999999999999 0.0228 -0.010697289761425257
1.0999999999999999 0.0236 3.374570000306294e-11
1.0999999999999999 0.024399999999999998 0.1173149140785597
1.0999999999999999 0.025200000000000004 7.342713205153231e-6
1.0999999999999999 0.026000000000000002 0.000621055132555771
1.0999999999999999 0.0268 0.023499474210586107
1.0999999999999999 0.027600000000000003 0.4581178459631779
1.0999999999999999 0.0284 4.3049537431586
1.0999999999999999 0.0292 22.823805868105868
1.0999999999999999 0.030000000000000002 77.53524146844495
1.0999999999999999 0.0308 174.28447576420032
1.0999999999999999 0.0316 274.14802798718404
1.0999999999999999 0.032400000000000005 309.87381316451047
1.0999999999999999 0.0332 251.05845270072294
1.0999999999999999 0.034 143.6366109872937
1.0999999999999999 0.0348 58.27478297357374
1.0999999999999999 0.0356 16.641185442611377
1.0999999999999999 0.0364 3.424609621313196
1.0999999999999999 0.037200000000000004 0.529336724099
1.12 0.0196 -4.4193822808794835e-13
1.12 0.0204 -6.326415094160438e-9
1.12 0.021200000000000004 -5.938914129637165e-6
1.12 0.022 -0.0005929781193042168
1.12 0.0228 -0.008189637843312217
1.12 0.0236 3.355927524410789e-13
1.12 0.024399999999999998 0.08979402170802668
1.12 0.025200000000000004 2.2383166116455495e-7
1.12 0.026000000000000002 3.27897051351112e-5
1.12 0.0268 0.0019912229836891496
1.12 0.027600000000000003 0.055344413218678896
1.12 0.0284 0.6875533715628247
1.12 0.0292 4.978580832800304
1.12 0.030000000000000002 22.201949455643327
1.12 0.0308 64.9030229459651
1.12 0.0316 133.02105426604535
1.12 0.032400000000000005 185.1337810487887
1.12 0.0332 174.3783738272149
1.12 0.034 111.21679587508463
1.12 0.0348 48.75670545901855
1.12 0.0356 14.718903558751686
1.12 0.0364 3.1536698692900953
1.12 0.037200000000000004 0.5007000351747126
1.1400000000000001 0.0196 -1.991934833313297e-13
1.1400000000000001 0.0204 -2.7994972335827525e-9
1.1400000000000001 0.021200000000000004 -2.6280234785367367e-6
1.1400000000000001 0.022 -0.0002623982120380789
1.1400000000000001 0.0228 -0.003623989616697145
1.1400000000000001 0.0236 -1.8932604050257993e-14
1.1400000000000001 0.024399999999999998 0.039734794088148936
1.1400000000000001 0.025200000000000004 5.090136730199809e-9
1.1400000000000001 0.026000000000000002 1.3411555131416506e-6
1.1400000000000001 0.0268 0.00013635158986498387
1.1400000000000001 0.027600000000000003 0.005014906625451906
1.1400000000000001 0.0284 0.08585454215772333
1.1400000000000001 0.0292 0.849121326588104
1.1400000000000001 0.030000000000000002 5.0578057810597885
1.1400000000000001 0.0308 20.031626083063546
1.1400000000000001 0.0316 52.759288449057536
1.1400000000000001 0.032400000000000005 87.40718206273176
1.1400000000000001 0.0332 93.49881535956484
1.1400000000000001 0.034 65.48051471149589
1.1400000000000001 0.0348 30.647717597643915
1.1400000000000001 0.0356 9.682087799965274
1.1400000000000001 0.0364 2.1412468660184194
1.1400000000000001 0.037200000000000004 0.3469129069723488
1.16 0.0196 -3.9162960865918546e-14
1.16 0.0204 -5.170396097972214e-10
1.16 0.021200000000000004 -4.853693301603497e-7
1.16 0.022 -4.8462239105024806e-5
1.16 0.0228 -0.0006693093289617241
1.16 0.0236 -8.071956809888663e-15
1.16 0.024399999999999998 0.0073375911877320505
1.16 0.025200000000000004 8.396828516770785e-11
1.16 0.026000000000000002 4.3271347278557444e-8
1.16 0.0268 7.1292403370638235e-6
1.16 0.027600000000000003 0.0003386282442847303
1.16 0.0284 0.008299054552604167
1.16 0.0292 0.11312240226031998
1.16 0.030000000000000002 0.9382252653742619
1.16 0.0308 5.061393083402577
1.16 0.0316 16.50511346182265
1.16 0.032400000000000005 32.1193026405583
1.16 0.0332 38.452048613495705
1.16 0.034 28.92598663244225
1.16 0.0348 14.131532174805786
1.16 0.0356 4.582615654801031
1.16 0.0364 1.0304242241331307
1.16 0.037200000000000004 0.16862436821397003
1.18 0.0196 3.091198477578106e-15
1.18 0.0204 6.362610587436007e-11
1.18 0.021200000000000004 5.972937444382812e-8
1.18 0.022 5.9637774490199385e-6
1.18 0.0228 8.236782255619009e-5
1.18 0.0236 -2.2591193899416097e-15
1.18 0.024399999999999998 -0.0009035627594099491
1.18 0.025200000000000004 1.2222702346892004e-12
1.18 0.026000000000000002 1.0646167934228268e-9
1.18 0.0268 2.5693379731631653e-7
1.18 0.027600000000000003 1.7680831828397867e-5
1.18 0.0284 0.0006222928920410994
1.18 0.0292 0.011885191766470007
1.18 0.030000000000000002 0.14244036076487565
1.18 0.0308 1.0099704483715084
1.18 0.0316 3.996785885792866
1.18 0.032400000000000005 9.118127068884656
1.18 0.0332 11.999125172314665
1.18 0.034 9.482159158489772
1.18 0.0348 4.748523278856821
1.18 0.0356 1.559923819497686
1.18 0.0364 0.35332323362231755
1.18 0.037200000000000004 0.05805818629018417
1.2 0.0196 3.749998113991595e-15
1.2 0.0204 5.916962928315218e-11
1.2 0.021200000000000004 5.554554746071472e-8
1.2 0.022 5.546020117510845e-6
1.2 0.0228 7.659679315790399e-5
1.2 0.0236 -3.955928212061529e-16
1.2 0.024399999999999998 -0.000839964058187248
1.2 0.025200000000000004 1.5266907345283363e-14
1.2 0.026000000000000002 2.0545513893218687e-11
1.2 0.0268 5.607798842384014e-9
1.2 0.027600000000000003 6.182603889546146e-7
1.2 0.0284 3.571942209929981e-5
1.2 0.0292 0.0010145137612323077
1.2 0.030000000000000002 0.0172359071897286
1.2 0.0308 0.15588235644667073
1.2 0.0316 0.7495528018450272
1.2 0.032400000000000005 1.9812341362499442
1.2 0.0332 2.798787203410589
1.2 0.034 2.280922669183727
1.2 0.0348 1.1573996131753344
1.2 0.0356 0.38241355206390626
1.2 0.0364 0.0868523243753802
1.2 0.037200000000000004 0.014291007450500012
