8.34 7.85 -1.2949005821998121e-48
8.34 8.34 8.524106348924737e-54
8.34 8.83 3.5947491902819695e-54
8.34 9.32 -1.6495212614501767e-52
8.34 9.81 4.1433202917917676e-50
8.34 10.3 9.900021007582823e-53
8.34 10.79 -1.4981084010323763e-54
8.34 11.28 3.2005868132732116e-56
8.34 11.77 -5.0720392390836647e-51
8.34 12.75 2.4632799654651828e-50
8.34 13.24 1.9719567249504634e-47
8.34 13.73 7.698053792027992e-41
8.34 14.220000000000002 5.445920298029801e-36
8.34 14.709999999999999 2.5057641475928845e-35
8.34 15.2 1.2397152017353417e-28
8.34 15.69 9.452225284370464e-32
8.34 16.18 1.9446868608532464e-27
8.34 16.67 2.0459304853284925e-26
8.34 17.16 4.5966434497064137e-23
8.34 17.65 1.8933650438461136e-17
8.34 18.14 3.0656591875453837e-19
8.34 18.63 4.138628813303615e-20
8.34 19.12 9.233067757775039e-29
8.34 19.61 2.2363630292519955e-29
8.34 20.1 2.307812575503677e-27
8.34 20.59 2.584451893449937e-34
8.34 21.08 8.528673831476362e-38
8.34 21.57 1.6720269535490493e-44
8.34 22.06 -9.70624647775796e-61
8.83 7.85 7.95000201838102e-32
8.83 8.34 8.736573980527973e-37
8.83 8.83 3.684799697901413e-37
8.83 9.32 -1.6877652945074994e-35
8.83 9.81 4.2472730112519415e-33
8.83 10.3 1.0148522097233886e-35
8.83 10.79 -1.5356627351612017e-37
8.83 11.28 3.2808051049115845e-39
8.83 11.77 -5.199155742413155e-34
8.83 12.75 2.526005528714816e-33
8.83 13.24 6.765480247252523e-35
8.83 13.73 6.591660197788911e-20
8.83 14.220000000000002 1.6123675877120106e-15
8.83 14.709999999999999 4.260727580815206e-11
8.83 15.2 1.2707890816774127e-11
8.83 15.69 8.460125726794494e-20
8.83 16.18 8.602331219778383e-19
8.83 16.67 1.9083409150735802e-19
8.83 17.16 5.4037367751131114e-24
8.83 17.65 4.724746793001354e-27
8.83 18.14 7.671605749565255e-25
8.83 18.63 -1.0829492715587126e-27
8.83 19.12 5.23116239048951e-32
8.83 19.61 3.001025855727734e-33
8.83 20.1 2.0282787284098097e-37
8.83 20.59 8.660043919646169e-38
8.83 21.08 -1.2802796005700598e-36
8.83 21.57 -1.685341688731882e-40
8.83 22.06 -1.1681904485991513e-43
9.32 7.85 -1.1424259883808182e-22
9.32 8.34 -5.783753840393192e-27
9.32 8.83 -1.462406805331974e-27
9.32 9.32 2.1388937379023907e-25
9.32 9.81 3.5720926081227175e-23
9.32 10.3 1.2355827580420987e-25
9.32 10.79 2.1800401967304734e-30
9.32 11.28 -1.7908501327873495e-29
9.32 11.77 1.2575127874950533e-25
9.32 12.75 3.1752030166887653e-22
9.32 13.24 8.988746927380225e-20
9.32 13.73 8.078322603601204e-16
9.32 14.220000000000002 1.9115861781167995e-8
9.32 14.709999999999999 0.0037217134229221424
9.32 15.2 0.00954027503667162
9.32 15.69 0.0014273830643458173
9.32 16.18 2.5132033105668112e-5
9.32 16.67 1.8815405859404654e-8
9.32 17.16 4.549321152275082e-13
9.32 17.65 7.053054480276282e-22
9.32 18.14 -2.62934902201083e-27
9.32 18.63 -4.9075480847070495e-21
9.32 19.12 -1.0042914365258202e-21
9.32 19.61 -7.689077208534326e-23
9.32 20.1 -1.9645686587220864e-26
9.32 20.59 1.3604620079330027e-27
9.32 21.08 1.1776658725358722e-25
9.32 21.57 -1.8875613279710744e-28
9.32 22.06 -2.397297336443288e-34
9.81 7.85 -5.354163338315969e-27
9.81 8.34 3.442367261115103e-24
9.81 8.83 2.667354158301505e-26
9.81 9.32 -2.819665493730908e-23
9.81 9.81 -5.718651325498608e-23
9.81 10.3 -2.6487836801343624e-23
9.81 10.79 2.3962280145883938e-23
9.81 11.28 -1.8394802537390062e-24
9.81 11.77 -1.8412375608776132e-24
9.81 12.75 -6.095439372827353e-19
9.81 13.24 2.4845673979046885e-14
9.81 13.73 7.543395254816057e-7
9.81 14.220000000000002 0.0022538053806836827
9.81 14.709999999999999 0.05940303188402809
9.81 15.2 0.5896315792669525
9.81 15.69 0.7231815113221154
9.81 16.18 0.23781974305831818
9.81 16.67 0.02646271636977899
9.81 17.16 4.394029273021012e-5
9.81 17.65 8.694231351699858e-10
9.81 18.14 -2.58365962222547e-22
9.81 18.63 5.3088126892801374e-20
9.81 19.12 -1.138546132231245e-21
9.81 19.61 2.293991187345963e-20
9.81 20.1 -1.9478672484746897e-21
9.81 20.59 1.3400474509758617e-22
9.81 21.08 1.1607489374274505e-20
9.81 21.57 -1.8603486493607987e-23
9.81 22.06 -2.357620723804042e-29
10.3 7.85 -1.0167861970800858e-27
10.3 8.34 -3.766111464008873e-26
10.3 8.83 -3.3288104787079734e-25
10.3 9.32 8.162328846631642e-24
10.3 9.81 5.355655643664718e-22
10.3 10.3 -9.827482070845253e-23
10.3 10.79 1.1697402574808354e-23
10.3 11.28 2.8652729024758386e-27
10.3 11.77 8.059041559787893e-24
10.3 12.75 6.793924343020209e-16
10.3 13.24 1.7141158351176697e-11
10.3 13.73 1.7881928134671867e-8
10.3 14.220000000000002 0.0005284342799912118
10.3 14.709999999999999 0.026682337660096905
10.3 15.2 0.08528457455880235
10.3 15.69 0.04017335393956492
10.3 16.18 0.0016666643787371337
10.3 16.67 9.316564035822256e-8
10.3 17.16 3.34626270935366e-8
10.3 17.65 2.106794569812816e-12
10.3 18.14 5.72537279404869e-19
10.3 18.63 -1.1478251561893835e-21
10.3 19.12 -6.174875084397947e-21
10.3 19.61 -3.536246053885241e-22
10.3 20.1 1.4410636091463607e-20
10.3 20.59 5.813461591124392e-25
10.3 21.08 1.6857581459148982e-23
10.3 21.57 -1.8581874653164007e-27
10.3 22.06 -3.083439437053924e-31
10.79 7.85 -5.737485180367157e-32
10.79 8.34 -9.595422078155972e-38
10.79 8.83 -4.528107735458153e-37
10.79 9.32 7.720981769891385e-35
10.79 9.81 1.0949428232647958e-33
10.79 10.3 -3.449247739434402e-32
10.79 10.79 3.061460044255974e-35
10.79 11.28 9.13721510574653e-35
10.79 11.77 1.3523766442955768e-31
10.79 12.75 1.6975135542087062e-18
10.79 13.24 6.1212464025197184e-15
10.79 13.73 8.825335285677795e-12
10.79 14.220000000000002 9.139050775363547e-10
10.79 14.709999999999999 2.6205908193641195e-8
10.79 15.2 5.386199779183079e-7
10.79 15.69 2.782263746512303e-6
10.79 16.18 4.373583907122901e-8
10.79 16.67 7.517508384370542e-11
10.79 17.16 6.013525977799107e-22
10.79 17.65 4.9285117836889865e-26
10.79 18.14 1.0141048104917662e-30
10.79 18.63 -2.9782551125522627e-33
10.79 19.12 -1.633122356871083e-32
10.79 19.61 -9.109044524694465e-34
10.79 20.1 3.8131650594309593e-32
10.79 20.59 -1.4539041060637868e-32
10.79 21.08 5.517458699450754e-35
10.79 21.57 -2.4707893033562425e-38
10.79 22.06 -1.504690849294088e-40
11.28 7.85 -2.146087853652338e-40
11.28 8.34 -4.79661551813649e-45
11.28 8.83 1.6939673594380928e-38
11.28 9.32 2.195209148402408e-36
11.28 9.81 7.929331100421236e-32
11.28 10.3 -3.03680085720407e-35
11.28 10.79 -1.2824811733663112e-38
11.28 11.28 1.7492167760349203e-38
11.28 11.77 -4.761995851454475e-36
11.28 12.75 3.708908875693625e-24
11.28 13.24 2.872700361489493e-19
11.28 13.73 1.0829094081782594e-14
11.28 14.220000000000002 1.0426381255776142e-12
11.28 14.709999999999999 3.407589517189225e-13
11.28 15.2 1.2796147797925865e-13
11.28 15.69 4.733259193288907e-16
11.28 16.18 1.0041921774866208e-21
11.28 16.67 3.70589088645127e-24
11.28 17.16 3.0648535338924818e-27
11.28 17.65 1.4940037865034342e-38
11.28 18.14 9.544113547642139e-44
11.28 18.63 -4.3080789870007885e-45
11.28 19.12 -7.472900680260132e-41
11.28 19.61 3.1447610092812697e-43
11.28 20.1 7.544926486605333e-39
11.28 20.59 -2.0504020584121554e-35
11.28 21.08 -2.6657882929022027e-40
11.28 21.57 1.3695457178304677e-43
11.28 22.06 -1.042152514267338e-43
11.77 7.85 -2.5474082467681993e-50
11.77 8.34 -5.715388057180608e-55
11.77 8.83 2.0027504482020842e-48
11.77 9.32 2.592021553116408e-46
11.77 9.81 -1.3801750783950149e-42
11.77 10.3 -7.713434136587132e-39
11.77 10.79 -1.5162546872879844e-48
11.77 11.28 -7.065131600804172e-46
11.77 11.77 -5.63001134444536e-46
11.77 12.75 7.018295065042304e-34
11.77 13.24 1.1049868808417335e-25
11.77 13.73 6.383362442833467e-21
11.77 14.220000000000002 6.518296298041956e-22
11.77 14.709999999999999 2.0807969890238892e-22
11.77 15.2 1.4092353658779458e-25
11.77 15.69 9.300503021477295e-30
11.77 16.18 1.4832687302846307e-33
11.77 16.67 4.0327086061346063e-42
11.77 17.16 2.1458323898186227e-47
11.77 17.65 1.5431907762144713e-52
11.77 18.14 1.1373830358406008e-53
11.77 18.63 1.9047694365080356e-51
11.77 19.12 1.1676806713193934e-43
11.77 19.61 4.7722780852198554e-48
11.77 20.1 4.589538948654641e-40
11.77 20.59 7.804654441915254e-34
11.77 21.08 2.478523545473615e-39
11.77 21.57 1.926005648185385e-44
11.77 22.06 3.973186834670824e-46
12.26 7.85 -2.1956614121612975e-63
12.26 8.34 1.3058073587382793e-57
12.26 8.83 1.0492791374362329e-61
12.26 9.32 6.314630913211512e-46
12.26 9.81 -2.2439989042499126e-52
12.26 10.3 -1.6520626012608767e-49
12.26 10.79 -1.9114872805521123e-47
12.26 11.28 -1.5844989705059534e-56
12.26 11.77 4.2160017665570235e-58
12.26 12.75 4.881262372041668e-46
12.26 13.24 3.852251730855998e-38
12.26 13.73 1.1608218080288417e-31
12.26 14.220000000000002 3.123692974547024e-31
12.26 14.709999999999999 9.050296016826096e-39
12.26 15.2 1.3077384644489994e-42
12.26 15.69 5.182516095126145e-48
12.26 16.18 8.595006106640866e-54
12.26 16.67 -2.0863778411467727e-54
12.26 17.16 -1.0219195851233681e-57
12.26 17.65 -1.0436459769406922e-62
12.26 18.14 1.8339319343835384e-50
12.26 18.63 7.475636829333333e-38
12.26 19.12 7.691016574828817e-38
12.26 19.61 7.091493779465796e-38
12.26 20.1 2.0577098299751921e-26
12.26 20.59 4.2697752113084784e-26
12.26 21.08 1.8182481788667365e-31
12.26 21.57 1.5279727068253065e-34
12.26 22.06 2.7512403253524437e-34
12.75 7.85 -2.697908966931877e-57
12.75 8.34 -7.255216436404038e-49
12.75 8.83 1.6216320520816803e-54
12.75 9.32 5.6794643615172014e-42
12.75 9.81 -2.682741566276618e-44
12.75 10.3 1.4920573499982922e-42
12.75 10.79 4.3042197184601777e-41
12.75 11.28 -3.7979101833618684e-44
12.75 11.77 -5.13140488155952e-54
12.75 12.75 -1.402058968693002e-47
12.75 13.24 4.429467706908998e-44
12.75 13.73 4.480881050740216e-40
12.75 14.220000000000002 -5.373824208491811e-39
12.75 14.709999999999999 5.423266784639358e-41
12.75 15.2 -9.722731621753394e-42
12.75 15.69 -4.362127402625608e-44
12.75 16.18 4.894242623588837e-48
12.75 16.67 -1.668011865100343e-40
12.75 17.16 -8.144666176978481e-44
12.75 17.65 -8.364713280597632e-49
12.75 18.14 2.5374639599141578e-36
12.75 18.63 2.354505379247246e-31
12.75 19.12 4.805103330717442e-31
12.75 19.61 5.9455511549889644e-24
12.75 20.1 1.1492945604950622e-17
12.75 20.59 1.1768425681650126e-21
12.75 21.08 5.26682224603092e-25
12.75 21.57 4.419205161965132e-25
12.75 22.06 1.2745335996305607e-26
13.24 7.85 -1.8245765471239415e-47
13.24 8.34 -4.9068124008623743e-39
13.24 8.83 9.987260705642257e-45
13.24 9.32 3.8403351707466916e-32
13.24 9.81 8.52991509565124e-43
13.24 10.3 2.204706703947366e-33
13.24 10.79 -2.0496250219069718e-39
13.24 11.28 -1.190264883442296e-31
13.24 11.77 8.561681500319393e-32
13.24 12.75 -9.482237160154905e-38
13.24 13.24 7.400725165531552e-41
13.24 13.73 2.744254363895032e-38
13.24 14.220000000000002 -2.52095411843191e-37
13.24 14.709999999999999 1.3365891734655386e-37
13.24 15.2 3.6344056304329025e-37
13.24 15.69 -1.0639579241051384e-35
13.24 16.18 -1.7118472749792904e-37
13.24 16.67 -1.1280968588173067e-30
13.24 17.16 -5.508337499697191e-34
13.24 17.65 1.0653274506014052e-38
13.24 18.14 5.185446507816981e-29
13.24 18.63 3.4187120784768404e-26
13.24 19.12 1.0985414187553244e-22
13.24 19.61 3.9021611764892554e-14
13.24 20.1 9.489121823563022e-15
13.24 20.59 5.2144355665902945e-18
13.24 21.08 4.044180386288622e-18
13.24 21.57 2.3925135905653536e-17
13.24 22.06 1.3980352820959947e-21
13.73 7.85 -5.281276200869405e-44
13.73 8.34 -3.8995512027058163e-35
13.73 8.83 4.430017506546632e-41
13.73 9.32 8.052996238107365e-30
13.73 9.81 1.6288668847959646e-38
13.73 10.3 6.228551085187095e-30
13.73 10.79 -1.3012147892906112e-35
13.73 11.28 -9.452290605307716e-30
13.73 11.77 3.547561947290451e-32
13.73 12.75 6.788358587954487e-30
13.73 13.24 -7.002743583828102e-37
13.73 13.73 -2.3048494995396875e-36
13.73 14.220000000000002 8.90369395771584e-35
13.73 14.709999999999999 -7.265554276527099e-34
13.73 15.2 -2.1544492383361323e-33
13.73 15.69 -8.309819181231842e-32
13.73 16.18 9.32570383375892e-34
13.73 16.67 -3.2611104901417946e-27
13.73 17.16 -1.5923398713412643e-30
13.73 17.65 2.56184363351524e-30
13.73 18.14 7.596783594941427e-25
13.73 18.63 3.887711814629986e-24
13.73 19.12 2.468296061045926e-12
13.73 19.61 2.0454511901706806e-10
13.73 20.1 1.3501079232044391e-13
13.73 20.59 1.897202551939288e-12
13.73 21.08 1.6228490332712103e-10
13.73 21.57 6.386451499097093e-14
13.73 22.06 3.958776826653308e-20
14.220000000000002 7.85 -4.761449808365205e-46
14.220000000000002 8.34 5.9150683414025944e-33
14.220000000000002 8.83 2.025321831047581e-42
14.220000000000002 9.32 2.2686813838196806e-27
14.220000000000002 9.81 3.857753450123152e-38
14.220000000000002 10.3 -5.291068873004507e-24
14.220000000000002 10.79 -2.0785676189605335e-39
14.220000000000002 11.28 3.656992934599552e-29
14.220000000000002 11.77 3.391598674719532e-41
14.220000000000002 12.75 1.7676598681986733e-34
14.220000000000002 13.24 3.4013149565223515e-34
14.220000000000002 13.73 2.2458580966316432e-30
14.220000000000002 14.220000000000002 -6.392990349309658e-29
14.220000000000002 14.709999999999999 2.466299509529834e-31
14.220000000000002 15.2 -5.261738370668837e-32
14.220000000000002 15.69 -5.890483842297663e-33
14.220000000000002 16.18 1.5625254849021304e-34
14.220000000000002 16.67 -5.243693372656394e-31
14.220000000000002 17.16 8.576129251300952e-33
14.220000000000002 17.65 1.3289185147924198e-22
14.220000000000002 18.14 7.770918566342549e-18
14.220000000000002 18.63 1.599476617624821e-12
14.220000000000002 19.12 6.035120957545655e-9
14.220000000000002 19.61 3.277562343307421e-11
14.220000000000002 20.1 4.0972061887313845e-8
14.220000000000002 20.59 8.792320778750598e-6
14.220000000000002 21.08 3.9966013628930794e-8
14.220000000000002 21.57 3.8212701132976567e-13
14.220000000000002 22.06 8.040343853803634e-16
14.709999999999999 7.85 -5.5975381363544954e-39
14.709999999999999 8.34 1.0561149220074595e-28
14.709999999999999 8.83 -1.876316433356136e-33
14.709999999999999 9.32 -2.2540150671610368e-21
14.709999999999999 9.81 -9.195466963646575e-31
14.709999999999999 10.3 -4.765851451936556e-23
14.709999999999999 10.79 -9.0047377624475e-25
14.709999999999999 11.28 7.2113804230066e-21
14.709999999999999 11.77 1.6399459712993203e-33
14.709999999999999 12.75 -1.0351357622560445e-23
14.709999999999999 13.24 2.086973988788341e-30
14.709999999999999 13.73 1.1461586125723381e-29
14.709999999999999 14.220000000000002 -1.4784422480673618e-28
14.709999999999999 14.709999999999999 1.4936835466302596e-28
14.709999999999999 15.2 3.9777168750024737e-28
14.709999999999999 15.69 1.7955549540514229e-25
14.709999999999999 16.18 -1.9338006926245313e-28
14.709999999999999 16.67 -3.2372970688690057e-22
14.709999999999999 17.16 -9.019726668965011e-22
14.709999999999999 17.65 -5.526789823264636e-23
14.709999999999999 18.14 9.64123113907599e-15
14.709999999999999 18.63 2.8058236196760235e-6
14.709999999999999 19.12 0.013713655975270354
14.709999999999999 19.61 0.016132959346935483
14.709999999999999 20.1 0.01364302276425464
14.709999999999999 20.59 0.00046075988314243926
14.709999999999999 21.08 4.2929351160068736e-8
14.709999999999999 21.57 4.417959922074154e-10
14.709999999999999 22.06 6.276188435382746e-13
15.2 7.85 -7.428763963238172e-36
15.2 8.34 2.561359263020542e-25
15.2 8.83 -1.8833526024556838e-33
15.2 9.32 8.0461998864408e-21
15.2 9.81 -8.161348779062636e-31
15.2 10.3 -9.354877121235513e-22
15.2 10.79 -2.8699197808431636e-28
15.2 11.28 1.848092145579534e-22
15.2 11.77 3.114257517615262e-32
15.2 12.75 3.989235310168081e-27
15.2 13.24 -2.3996588269781139e-29
15.2 13.73 3.761083217014605e-28
15.2 14.220000000000002 -9.640628966215469e-27
15.2 14.709999999999999 4.529131270503784e-27
15.2 15.2 1.107286768226116e-26
15.2 15.69 -1.9562124091889074e-23
15.2 16.18 -6.012695270874655e-27
15.2 16.67 -4.590684062372317e-19
15.2 17.16 6.191023433363064e-21
15.2 17.65 3.446908354579655e-18
15.2 18.14 2.9463693022111706e-10
15.2 18.63 3.8381261536120374e-5
15.2 19.12 0.029828312636562337
15.2 19.61 0.357657752101929
15.2 20.1 0.051870740826341535
15.2 20.59 3.867261916120785e-5
15.2 21.08 6.7514984569858235e-6
15.2 21.57 3.7196089997630584e-8
15.2 22.06 8.52466480728515e-18
15.69 7.85 4.470185768923783e-37
15.69 8.34 -2.9819525992319535e-25
15.69 8.83 -4.8023395316583165e-33
15.69 9.32 -6.868127414560198e-20
15.69 9.81 5.342780250544271e-30
15.69 10.3 -2.5125429627296476e-24
15.69 10.79 9.106604900349505e-24
15.69 11.28 -4.008129047070447e-21
15.69 11.77 1.375289765400926e-31
15.69 12.75 -5.191047106270076e-26
15.69 13.24 -1.5205811243185672e-22
15.69 13.73 -1.6219531059054562e-21
15.69 14.220000000000002 -1.736793772916539e-26
15.69 14.709999999999999 -5.136617470108689e-25
15.69 15.2 -5.0681315263802334e-24
15.69 15.69 5.238140057511397e-22
15.69 16.18 -1.9579756224490492e-24
15.69 16.67 2.8868505243481927e-20
15.69 17.16 7.288118696424364e-20
15.69 17.65 3.1701937419778574e-15
15.69 18.14 -5.342214557170619e-14
15.69 18.63 -3.861642178839422e-7
15.69 19.12 0.01017426224341355
15.69 19.61 0.32273491364541856
15.69 20.1 0.20152955373188747
15.69 20.59 0.003737137425491616
15.69 21.08 7.454174288477285e-5
15.69 21.57 6.002362143442988e-14
15.69 22.06 -8.14800802376579e-28
16.18 7.85 1.0977179195584916e-38
16.18 8.34 2.2246400720146856e-21
16.18 8.83 -1.126422494100568e-35
16.18 9.32 -9.245968425102691e-22
16.18 9.81 -2.69577396812605e-32
16.18 10.3 -4.688815452397387e-25
16.18 10.79 -3.6216253949379265e-31
16.18 11.28 8.40114798424519e-23
16.18 11.77 7.569536004200767e-34
16.18 12.75 -8.434035247629414e-27
16.18 13.24 -8.302610459059802e-31
16.18 13.73 1.8781171246404613e-30
16.18 14.220000000000002 1.4617507263694936e-28
16.18 14.709999999999999 -2.5522578484503526e-26
16.18 15.2 -6.731066338645395e-26
16.18 15.69 8.190388386710214e-23
16.18 16.18 3.430025262338848e-26
16.18 16.67 -3.667619255227603e-26
16.18 17.16 4.298246569241423e-22
16.18 17.65 1.0204367479146567e-18
16.18 18.14 5.2436037350235446e-11
16.18 18.63 9.813607780785485e-6
16.18 19.12 0.0051645571798183175
16.18 19.61 9.595598865153082e-6
16.18 20.1 0.05364043217414528
16.18 20.59 0.00415436779197076
16.18 21.08 1.021653080776673e-12
16.18 21.57 -1.669331023080586e-26
16.18 22.06 -2.140047247230885e-31
16.67 7.85 -2.6030590030942197e-41
16.67 8.34 -1.3706827385929176e-26
16.67 8.83 -5.583623639093822e-37
16.67 9.32 9.740518575416606e-24
16.67 9.81 -3.162996909110578e-34
16.67 10.3 -1.4247397974360347e-26
16.67 10.79 3.133177031404459e-26
16.67 11.28 -3.0034438777533832e-24
16.67 11.77 -2.7099787058872406e-36
16.67 12.75 -1.224927483734536e-25
16.67 13.24 -1.2606511043816687e-29
16.67 13.73 2.0680509174552034e-30
16.67 14.220000000000002 3.245330569169919e-27
16.67 14.709999999999999 -3.693555809801338e-25
16.67 15.2 -8.75796067943196e-25
16.67 15.69 1.1894346627121295e-21
16.67 16.18 5.7116652417060995e-25
16.67 16.67 -9.006465124353582e-25
16.67 17.16 4.07162089642963e-26
16.67 17.65 1.8065907972930896e-15
16.67 18.14 3.6967182996868647e-10
16.67 18.63 1.949175981675758e-6
16.67 19.12 1.92849153249408e-6
16.67 19.61 0.00723282322057919
16.67 20.1 0.0023555726014979367
16.67 20.59 1.625653052894446e-13
16.67 21.08 -8.743288066408667e-24
16.67 21.57 2.0382524702507996e-26
16.67 22.06 1.3901785615173629e-30
17.16 7.85 -5.585854824187673e-41
17.16 8.34 1.6654027820724647e-25
17.16 8.83 1.2385253248655574e-24
17.16 9.32 2.1509381643975296e-32
17.16 9.81 1.984130269714252e-29
17.16 10.3 2.143671357270126e-27
17.16 10.79 5.413323797044008e-34
17.16 11.28 -3.3794445330996e-33
17.16 11.77 -4.754237389637448e-38
17.16 12.75 -1.3783033075164654e-34
17.16 13.24 5.713483648651695e-32
17.16 13.73 4.8361091845182854e-27
17.16 14.220000000000002 -3.1429014172379063e-28
17.16 14.709999999999999 -6.599406873161422e-29
17.16 15.2 -2.4769679757100768e-29
17.16 15.69 -1.8272612785642297e-31
17.16 16.18 1.8321656623644312e-33
17.16 16.67 1.545310237120053e-34
17.16 17.16 4.974353686365161e-25
17.16 17.65 4.694603535479594e-17
17.16 18.14 5.1766535269433627e-14
17.16 18.63 2.830877261217296e-8
17.16 19.12 4.182574841567581e-5
17.16 19.61 2.397847858484975e-6
17.16 20.1 3.1711710666610103e-17
17.16 20.59 -6.539645993461907e-30
17.16 21.08 -1.1507349538380304e-32
17.16 21.57 2.2922687292370953e-35
17.16 22.06 1.4908894723337886e-39
17.65 7.85 -1.5836915987936797e-38
17.65 8.34 6.1109258172072015e-33
17.65 8.83 2.9498187136255183e-32
17.65 9.32 6.414317217057832e-22
17.65 9.81 2.4860943777405067e-18
17.65 10.3 4.012738077696951e-20
17.65 10.79 2.0147114484343834e-24
17.65 11.28 6.892469722009469e-32
17.65 11.77 5.822428707438298e-38
17.65 12.75 -2.5381272756439904e-47
17.65 13.24 5.2099620095806915e-40
17.65 13.73 -1.6933232704774735e-38
17.65 14.220000000000002 -2.8659493424217686e-36
17.65 14.709999999999999 -6.033477838164981e-37
17.65 15.2 -2.2599861121189555e-37
17.65 15.69 -1.3870307578806716e-38
17.65 16.18 1.0848515389145486e-41
17.65 16.67 3.7016324361094404e-36
17.65 17.16 1.8564163492015247e-28
17.65 17.65 2.832970030403146e-21
17.65 18.14 2.848588576852259e-14
17.65 18.63 8.69467341156983e-10
17.65 19.12 3.81717784086707e-13
17.65 19.61 1.2103563293596949e-24
17.65 20.1 -1.2255020796359792e-33
17.65 20.59 -1.0360820432986087e-37
17.65 21.08 9.307338513623783e-41
17.65 21.57 1.6670332619564757e-45
17.65 22.06 4.5619228952239155e-49
18.14 7.85 -2.287643471934114e-30
18.14 8.34 3.13402775451571e-24
18.14 8.83 1.5562507499391498e-20
18.14 9.32 4.553722994761518e-13
18.14 9.81 3.2897614730772625e-10
18.14 10.3 2.584164190172525e-13
18.14 10.79 5.348992609585728e-16
18.14 11.28 5.054301982604784e-19
18.14 11.77 1.2089196599970527e-26
18.14 12.75 -2.169355535669656e-45
18.14 13.24 -3.933652506993811e-36
18.14 13.73 1.895092403125803e-31
18.14 14.220000000000002 -9.49564049804519e-34
18.14 14.709999999999999 -1.500914556878154e-30
18.14 15.2 -1.273522184940886e-31
18.14 15.69 -4.824668914482397e-38
18.14 16.18 3.592161073451693e-39
18.14 16.67 1.9392813215781084e-41
18.14 17.16 2.62686562944937e-31
18.14 17.65 2.3581153063295636e-22
18.14 18.14 3.877596180233339e-20
18.14 18.63 4.209189432519645e-25
18.14 19.12 3.7226485671275514e-36
18.14 19.61 3.017026425579438e-39
18.14 20.1 -1.1454865604383576e-37
18.14 20.59 -1.201632877449366e-40
18.14 21.08 -3.418421594391333e-45
18.14 21.57 -4.27877286473971e-45
18.14 22.06 -6.752618694301715e-47
18.63 7.85 -1.28350026682491e-25
18.63 8.34 9.370618809255635e-19
18.63 8.83 3.5629905553597355e-9
18.63 9.32 3.2849764019224125e-8
18.63 9.81 9.233962186291293e-5
18.63 10.3 5.875739690666338e-7
18.63 10.79 6.6354471837933206e-9
18.63 11.28 4.2923087235513366e-15
18.63 11.77 3.141431787909591e-23
18.63 12.75 -1.3596649020221178e-38
18.63 13.24 -1.81421993325404e-29
18.63 13.73 1.1077710357517161e-24
18.63 14.220000000000002 -5.9509651280092464e-27
18.63 14.709999999999999 -1.2626593455458654e-20
18.63 15.2 -7.982077769209106e-25
18.63 15.69 -3.024104954159713e-31
18.63 16.18 2.2516454067590987e-32
18.63 16.67 3.869441519996877e-35
18.63 17.16 1.3026291559045596e-38
18.63 17.65 -4.5779162763657104e-32
18.63 18.14 -5.5583129343631834e-30
18.63 18.63 3.305853234570755e-29
18.63 19.12 7.983583884039583e-33
18.63 19.61 5.673886852351374e-34
18.63 20.1 -1.5154196132897102e-32
18.63 20.59 -4.629030923344576e-34
18.63 21.08 1.1802303662884174e-38
18.63 21.57 -5.5807416058612285e-40
18.63 22.06 2.908509744890222e-42
19.12 7.85 9.47179619679611e-22
19.12 8.34 3.0044560827997573e-13
19.12 8.83 7.161098430433597e-6
19.12 9.32 2.497044933218641e-6
19.12 9.81 0.07207181848656592
19.12 10.3 0.0007133982424362644
19.12 10.79 1.0538747650628893e-6
19.12 11.28 1.704842643384019e-17
19.12 11.77 9.455019994115383e-20
19.12 12.75 -4.76622846176357e-34
19.12 13.24 -8.13651718245621e-26
19.12 13.73 3.195827468180868e-20
19.12 14.220000000000002 -2.0815069874068032e-22
19.12 14.709999999999999 -6.263795912284771e-18
19.12 15.2 -5.908189921437059e-19
19.12 15.69 2.4194207497500747e-19
19.12 16.18 3.3225303414582847e-19
19.12 16.67 1.3430230602396726e-22
19.12 17.16 8.482765251472256e-24
19.12 17.65 -5.140185992258483e-29
19.12 18.14 -7.700006916465807e-27
19.12 18.63 2.3806386368553805e-26
19.12 19.12 5.758064465359362e-30
19.12 19.61 5.004174379034943e-31
19.12 20.1 -1.3018192439674536e-29
19.12 20.59 -4.726213562281913e-30
19.12 21.08 1.916209541121993e-34
19.12 21.57 -2.0659494703351256e-37
19.12 22.06 -1.6074588447672124e-38
19.61 7.85 -1.8432401327969222e-19
19.61 8.34 3.230056288607378e-14
19.61 8.83 8.418253345007533e-6
19.61 9.32 0.0023625138786320665
19.61 9.81 0.7086535698949371
19.61 10.3 0.05565889102281533
19.61 10.79 2.253351864018749e-7
19.61 11.28 2.1993359416001332e-23
19.61 11.77 1.1023457968592567e-17
19.61 12.75 -4.7847234879611805e-31
19.61 13.24 2.2821931905854395e-22
19.61 13.73 -7.01640424518655e-19
19.61 14.220000000000002 -1.4112673319846808e-20
19.61 14.709999999999999 -4.107861908893644e-17
19.61 15.2 -2.382052791405826e-18
19.61 15.69 -7.190962321140972e-25
19.61 16.18 5.353612993520196e-26
19.61 16.67 9.200272194530757e-29
19.61 17.16 -2.690894105975416e-35
19.61 17.65 -5.055829286621727e-31
19.61 18.14 -1.1941022697897838e-26
19.61 18.63 2.5425832902310244e-26
19.61 19.12 -4.9958442779161596e-26
19.61 19.61 5.966514719394988e-31
19.61 20.1 -1.1495499328963434e-28
19.61 20.59 4.9976650215968026e-29
19.61 21.08 -9.378448764236218e-34
19.61 21.57 -5.454938145332946e-36
19.61 22.06 1.8091294812490435e-37
20.1 7.85 -2.2564662086500177e-19
20.1 8.34 1.2433651162066556e-18
20.1 8.83 5.874868452079799e-7
20.1 9.32 0.0012835781780707195
20.1 9.81 0.35175127587550054
20.1 10.3 0.05374767780105493
20.1 10.79 3.772547804176748e-11
20.1 11.28 1.1227829440212335e-23
20.1 11.77 5.88233073482578e-18
20.1 12.75 -8.920291255681029e-29
20.1 13.24 1.6654928475860666e-22
20.1 13.73 -1.998064426038625e-18
20.1 14.220000000000002 -3.081710631847148e-22
20.1 14.709999999999999 -5.910631068351005e-18
20.1 15.2 -4.14769829930786e-20
20.1 15.69 7.030777539918951e-18
20.1 16.18 1.2847761841366994e-27
20.1 16.67 2.154524161456822e-30
20.1 17.16 2.4341040520792254e-36
20.1 17.65 6.135951187685673e-29
20.1 18.14 8.710474681962736e-27
20.1 18.63 7.222363516177149e-29
20.1 19.12 -9.98917344305144e-24
20.1 19.61 -8.27802583236698e-34
20.1 20.1 -8.690988375206653e-30
20.1 20.59 2.315837265632527e-28
20.1 21.08 -9.119893595063812e-33
20.1 21.57 -4.152289081080631e-36
20.1 22.06 1.382871734008685e-36
20.59 7.85 -6.83638808320748e-23
20.59 8.34 -3.233882111287017e-32
20.59 8.83 7.968858380790994e-14
20.59 9.32 2.5729990500717657e-5
20.59 9.81 0.014599642643775269
20.59 10.3 0.0018313442391944825
20.59 10.79 2.2837273767779314e-10
20.59 11.28 1.7542640633548807e-27
20.59 11.77 2.1749023213483133e-21
20.59 12.75 -6.628826696678865e-30
20.59 13.24 6.230841326047838e-26
20.59 13.73 -7.653891139969133e-22
20.59 14.220000000000002 5.60419479876779e-27
20.59 14.709999999999999 -2.001627658570619e-21
20.59 15.2 -5.819238332193171e-24
20.59 15.69 -1.717182195259099e-21
20.59 16.18 -1.0192258331268064e-21
20.59 16.67 3.0619813009800226e-34
20.59 17.16 2.252399299540066e-37
20.59 17.65 2.4476926112483727e-32
20.59 18.14 3.538149705696438e-30
20.59 18.63 1.7640436335971546e-32
20.59 19.12 -7.423193092771844e-25
20.59 19.61 -7.190866512308342e-37
20.59 20.1 -2.575366165900733e-33
20.59 20.59 8.90157906224814e-32
20.59 21.08 -3.7163717782189045e-36
20.59 21.57 -1.6228397519882033e-39
20.59 22.06 5.324449016990884e-40
21.08 7.85 -4.260006553800907e-30
21.08 8.34 9.731009037089081e-37
21.08 8.83 -3.456435403543104e-29
21.08 9.32 1.0515180389712634e-13
21.08 9.81 1.27297315756994e-10
21.08 10.3 3.0785457527487783e-7
21.08 10.79 5.7255527345455e-13
21.08 11.28 4.43979816907986e-30
21.08 11.77 1.6679397809206242e-28
21.08 12.75 -1.4978148766917067e-33
21.08 13.24 2.336293447106395e-33
21.08 13.73 -6.975458161344711e-30
21.08 14.220000000000002 1.2019641092235433e-33
21.08 14.709999999999999 -1.5714329182231685e-28
21.08 15.2 -7.156842719864905e-29
21.08 15.69 1.594540083332169e-27
21.08 16.18 -2.1210008514844715e-28
21.08 16.67 -3.0253190633859615e-24
21.08 17.16 5.070122376485014e-41
21.08 17.65 -2.454957653486757e-39
21.08 18.14 -9.590562074079952e-38
21.08 18.63 -1.4950561463187979e-38
21.08 19.12 -1.6773057364144286e-28
21.08 19.61 -5.042696060338688e-41
21.08 20.1 9.225324760356154e-40
21.08 20.59 7.096736315633142e-39
21.08 21.08 -4.610781214588454e-41
21.08 21.57 -1.3417396797138146e-44
21.08 22.06 4.296152436204629e-47
21.57 7.85 2.8555982728046423e-37
21.57 8.34 -2.6403186213410976e-46
21.57 8.83 -2.712012945640684e-36
21.57 9.32 3.144489736581011e-35
21.57 9.81 1.0098181968949934e-17
21.57 10.3 1.0760575173450941e-18
21.57 10.79 7.325156588996185e-18
21.57 11.28 1.0936590146202286e-33
21.57 11.77 -1.2316369546828753e-36
21.57 12.75 -1.5592588371244443e-40
21.57 13.24 -2.8963647569986028e-40
21.57 13.73 5.8207213389443124e-36
21.57 14.220000000000002 7.323303324006004e-41
21.57 14.709999999999999 7.108266995949957e-37
21.57 15.2 -4.940213618191716e-36
21.57 15.69 -1.378552395562452e-35
21.57 16.18 -1.755794980436591e-36
21.57 16.67 -2.8474502387477752e-37
21.57 17.16 -3.9833053201022695e-35
21.57 17.65 -2.259934164548506e-46
21.57 18.14 -1.7704024188422098e-44
21.57 18.63 -1.8927993800995238e-45
21.57 19.12 -1.8136639644361947e-40
21.57 19.61 -5.2539294673514095e-48
21.57 20.1 1.1807832360350572e-46
21.57 20.59 -2.245814308047883e-47
21.57 21.08 -4.7698815035557275e-48
21.57 21.57 -1.3834080757032107e-51
21.57 22.06 -8.060403562729365e-56
