6.96 -1.1600000000000001 2.8495264367956926e-20
6.96 -1.02 2.347629088183043e-18
6.96 -0.8799999999999999 2.952810028864406e-17
6.96 -0.7400000000000002 3.227774548026442e-17
6.96 -0.6000000000000001 3.377572768358885e-16
6.96 -0.45999999999999996 1.2133645206668504e-15
6.96 -0.32000000000000006 2.8928959498238336e-15
6.96 -0.17999999999999994 1.3337013493069468e-15
6.96 -0.039999999999999813 1.2696787269526234e-16
6.96 0.10000000000000009 2.8537344159659925e-18
6.96 1.7800000000000002 -4.5689212567301e-23
6.96 1.9200000000000004 1.430847599474025e-21
6.96 2.0599999999999996 5.482477395927198e-20
6.96 2.2 1.4586410796256067e-18
6.96 2.34 2.6912574199914862e-17
6.96 2.4800000000000004 3.179117733691455e-16
6.96 2.62 2.1960815267428167e-15
6.96 2.7600000000000007 8.003801141041528e-15
6.96 2.9 1.3613089729775322e-14
6.96 3.0399999999999996 8.791526967405694e-15
6.96 3.18 6.232524603812287e-16
6.96 3.32 -8.433724695844406e-16
6.96 3.4600000000000004 -1.7695509120688623e-16
6.96 3.6 -1.0921643485448123e-17
6.96 3.7399999999999993 -2.727574973350129e-19
6.96 3.88 -3.3858455786763053e-21
6.96 4.02 -2.254844928531967e-23
6.96 4.16 -7.948416192183489e-26
7.08 -1.1600000000000001 4.213630503213478e-8
7.08 -1.02 3.455055334619535e-6
7.08 -0.8799999999999999 4.4422806737403933e-5
7.08 -0.7400000000000002 6.816195986421535e-5
7.08 -0.6000000000000001 0.000588681878861294
7.08 -0.45999999999999996 0.00028839467077085605
7.08 -0.32000000000000006 -1.819576728414263e-5
7.08 -0.17999999999999994 0.00012661847290548986
7.08 -0.039999999999999813 1.534821670109589e-5
7.08 0.10000000000000009 2.978264270229806e-7
7.08 1.7800000000000002 2.8676886467135944e-12
7.08 1.9200000000000004 8.802043403316558e-11
7.08 2.0599999999999996 3.335116434625112e-9
7.08 2.2 9.089609632575065e-8
7.08 2.34 1.6837011163486478e-6
7.08 2.4800000000000004 1.9795912853421084e-5
7.08 2.62 0.0001352035228975129
7.08 2.7600000000000007 0.00048613760173212727
7.08 2.9 0.0008302806271234881
7.08 3.0399999999999996 0.0005988880152326672
7.08 3.18 0.000146759453602079
7.08 3.32 -7.21779277000377e-8
7.08 3.4600000000000004 -2.9096063204305364e-6
7.08 3.6 -2.2723476691791103e-7
7.08 3.7399999999999993 -5.84701603836197e-9
7.08 3.88 -6.301773803781864e-11
7.08 4.02 -3.3930575431897823e-13
7.08 4.16 -1.063060342279416e-15
7.200000000000001 -1.1600000000000001 3.927171278394188e-5
7.200000000000001 -1.02 0.00520106236011464
7.200000000000001 -0.8799999999999999 0.18062865963222946
7.200000000000001 -0.7400000000000002 1.5995337694595375
7.200000000000001 -0.6000000000000001 3.8695628986191717
7.200000000000001 -0.45999999999999996 3.08507665750616
7.200000000000001 -0.32000000000000006 1.0009640334144037
7.200000000000001 -0.17999999999999994 0.1324603052649106
7.200000000000001 -0.039999999999999813 0.005926509173363238
7.200000000000001 0.10000000000000009 7.704836079164446e-5
7.200000000000001 1.7800000000000002 1.69049532204302e-10
7.200000000000001 1.9200000000000004 1.7457814400373284e-8
7.200000000000001 2.0599999999999996 5.79467882896505e-7
7.200000000000001 2.2 1.6137751952434243e-5
7.200000000000001 2.34 0.00036237559114853546
7.200000000000001 2.4800000000000004 0.006048561498611266
7.200000000000001 2.62 0.0682389556923033
7.200000000000001 2.7600000000000007 0.4696690265267868
7.200000000000001 2.9 1.7834365437941906
7.200000000000001 3.0399999999999996 3.40854391551753
7.200000000000001 3.18 3.028622528607823
7.200000000000001 3.32 1.1722619121636548
7.200000000000001 3.4600000000000004 0.18818344890590336
7.200000000000001 3.6 0.01213554839816479
7.200000000000001 3.7399999999999993 0.00030987246423310887
7.200000000000001 3.88 3.142496243431827e-6
7.200000000000001 4.02 1.2935507359482891e-8
7.200000000000001 4.16 2.259315447365267e-11
7.32 -1.1600000000000001 -4.784116149495403e-9
7.32 -1.02 -3.723160696445201e-7
7.32 -0.8799999999999999 -3.7233866087062797e-6
7.32 -0.7400000000000002 1.0476707255803305e-5
7.32 -0.6000000000000001 4.858530086273334e-5
7.32 -0.45999999999999996 0.00022084493609036239
7.32 -0.32000000000000006 0.00011531493460816117
7.32 -0.17999999999999994 -8.64389161079886e-6
7.32 -0.039999999999999813 -2.1922659647731826e-6
7.32 0.10000000000000009 -4.6825808815982893e-8
7.32 1.7800000000000002 -1.626558711336534e-11
7.32 1.9200000000000004 -1.6295908919721018e-11
7.32 2.0599999999999996 -3.743197490386705e-10
7.32 2.2 -1.4209466782864424e-8
7.32 2.34 -2.6597588729100623e-7
7.32 2.4800000000000004 -2.980783284049625e-6
7.32 2.62 -1.818552911747527e-5
7.32 2.7600000000000007 -4.874699119112416e-5
7.32 2.9 -1.7796027064944904e-5
7.32 3.0399999999999996 0.00011239132734489293
7.32 3.18 0.00014091707150333817
7.32 3.32 5.36804481125958e-5
7.32 3.4600000000000004 7.29691569979108e-6
7.32 3.6 3.553896956719167e-7
7.32 3.7399999999999993 5.918750395736608e-9
7.32 3.88 2.3295831585411132e-11
7.32 4.02 -1.7142844673341042e-13
7.32 4.16 -1.4560145578586465e-15
7.799999999999999 -1.1600000000000001 1.7544226131460754e-10
7.799999999999999 -1.02 1.4108027507781144e-8
7.799999999999999 -0.8799999999999999 1.8993077429292772e-7
7.799999999999999 -0.7400000000000002 3.307526572807209e-7
7.799999999999999 -0.6000000000000001 1.3058014967351992e-6
7.799999999999999 -0.45999999999999996 6.089826092018755e-7
7.799999999999999 -0.32000000000000006 -2.7534215723831607e-8
7.799999999999999 -0.17999999999999994 4.564880745442138e-8
7.799999999999999 -0.039999999999999813 -2.2026690718002674e-8
7.799999999999999 0.10000000000000009 -1.481314271496719e-9
7.799999999999999 1.7800000000000002 3.9156122038530486e-10
7.799999999999999 1.9200000000000004 -6.112358954538307e-11
7.799999999999999 2.0599999999999996 -4.54489727677538e-9
7.799999999999999 2.2 -9.896099275171115e-9
7.799999999999999 2.34 1.3963414124806985e-8
7.799999999999999 2.4800000000000004 1.314726646307136e-7
7.799999999999999 2.62 3.463165098010577e-7
7.799999999999999 2.7600000000000007 5.004098964955383e-7
7.799999999999999 2.9 4.800505029500033e-7
7.799999999999999 3.0399999999999996 3.2871984444302455e-7
7.799999999999999 3.18 1.4447117481197877e-7
7.799999999999999 3.32 3.432010819457384e-8
7.799999999999999 3.4600000000000004 3.7952000346193155e-9
7.799999999999999 3.6 1.7628265336598416e-10
7.799999999999999 3.7399999999999993 3.3516346196038596e-12
7.799999999999999 3.88 2.6657449931216553e-14
7.799999999999999 4.02 7.893423060239527e-17
7.799999999999999 4.16 5.525815699999346e-20
7.92 -1.1600000000000001 5.6844588305597705e-5
7.92 -1.02 0.006874019502339962
7.92 -0.8799999999999999 0.21425640725966696
7.92 -0.7400000000000002 1.7112884294032857
7.92 -0.6000000000000001 3.888784553145048
7.92 -0.45999999999999996 3.0513344925217103
7.92 -0.32000000000000006 0.9605597643235793
7.92 -0.17999999999999994 0.11820242017440263
7.92 -0.039999999999999813 0.004946023845834493
7.92 0.10000000000000009 6.412730823287079e-5
7.92 1.7800000000000002 0.00029495333678716487
7.92 1.9200000000000004 0.0014821675813163336
7.92 2.0599999999999996 0.0069212339626529415
7.92 2.2 0.036675859334633694
7.92 2.34 0.17613995762792198
7.92 2.4800000000000004 0.6313918840922309
7.92 2.62 1.5246246885330152
7.92 2.7600000000000007 2.3903754643387902
7.92 2.9 2.518692690437141
7.92 3.0399999999999996 1.8266579936283682
7.92 3.18 0.8436360456917412
7.92 3.32 0.21390516070510016
7.92 3.4600000000000004 0.025505061325343175
7.92 3.6 0.0012407871445271306
7.92 3.7399999999999993 2.1630361440538253e-5
7.92 3.88 1.2056925978998198e-7
7.92 4.02 1.9645572197562835e-10
7.92 4.16 8.801075542729573e-14
8.04 -1.1600000000000001 1.73977926189268e-11
8.04 -1.02 1.2618975637893502e-9
8.04 -0.8799999999999999 1.705636277151558e-8
8.04 -0.7400000000000002 1.0481438389541086e-7
8.04 -0.6000000000000001 3.327698823106157e-7
8.04 -0.45999999999999996 8.586777282801222e-7
8.04 -0.32000000000000006 1.6451056887584628e-6
8.04 -0.17999999999999994 3.5891857651458597e-7
8.04 -0.039999999999999813 -1.3512389721936789e-8
8.04 0.10000000000000009 -1.5201815069222703e-9
8.04 1.7800000000000002 2.1024005003154407e-7
8.04 1.9200000000000004 9.407215398991658e-7
8.04 2.0599999999999996 2.5063867520016293e-6
8.04 2.2 4.197579125841194e-6
8.04 2.34 4.437383370572601e-6
8.04 2.4800000000000004 3.0481053240948668e-6
8.04 2.62 1.6147121331128562e-6
8.04 2.7600000000000007 8.33742663523366e-7
8.04 2.9 4.2574261965450355e-7
8.04 3.0399999999999996 2.15427834683806e-7
8.04 3.18 8.330557228457934e-8
8.04 3.32 1.78882244946565e-8
8.04 3.4600000000000004 1.8102303364837298e-9
8.04 3.6 7.201731178190255e-11
8.04 3.7399999999999993 7.097449655412814e-13
8.04 3.88 -4.117914453478629e-15
8.04 4.02 -4.1119311422618806e-17
8.04 4.16 -5.786063977405589e-20
9.36 -1.1600000000000001 -3.161945211039972e-21
9.36 -1.02 -2.6860249932848764e-19
9.36 -0.8799999999999999 -2.645818179096623e-18
9.36 -0.7400000000000002 3.4103213075629656e-18
9.36 -0.6000000000000001 1.405158731849423e-17
9.36 -0.45999999999999996 1.698992105431105e-17
9.36 -0.32000000000000006 -4.597745391368463e-17
9.36 -0.17999999999999994 2.3690381162659442e-18
9.36 -0.039999999999999813 4.857115077109568e-18
9.36 0.10000000000000009 2.4007702288677905e-19
9.36 1.7800000000000002 2.2823326820326648e-11
9.36 1.9200000000000004 1.3354247799127677e-10
9.36 2.0599999999999996 6.988848179053635e-10
9.36 2.2 3.5853553030959785e-9
9.36 2.34 1.7871463699802544e-8
9.36 2.4800000000000004 9.20250959829618e-8
9.36 2.62 4.370438199916037e-7
9.36 2.7600000000000007 1.6013165501434763e-6
9.36 2.9 4.033674901036349e-6
9.36 3.0399999999999996 6.335722240456315e-6
9.36 3.18 5.601825562217744e-6
9.36 3.32 2.515591488214052e-6
9.36 3.4600000000000004 5.223676711583809e-7
9.36 3.6 4.658455675451473e-8
9.36 3.7399999999999993 1.7266499232222704e-9
9.36 3.88 2.7863775043030093e-11
9.36 4.02 2.2368473755736606e-13
9.36 4.16 9.77893816036047e-16
9.48 -1.1600000000000001 2.6131357868716434e-20
9.48 -1.02 7.163009061851132e-20
9.48 -0.8799999999999999 -1.9716087061953354e-18
9.48 -0.7400000000000002 1.4101463739406777e-18
9.48 -0.6000000000000001 3.331983890189642e-18
9.48 -0.45999999999999996 -1.0326187183238706e-17
9.48 -0.32000000000000006 -7.528138225689132e-17
9.48 -0.17999999999999994 -2.1120896638202637e-17
9.48 -0.039999999999999813 6.199258574731539e-19
9.48 0.10000000000000009 8.798040020951047e-20
9.48 1.7800000000000002 6.058960280037209e-9
9.48 1.9200000000000004 2.9132436559906552e-8
9.48 2.0599999999999996 1.0051568575302944e-7
9.48 2.2 3.3913458171895615e-7
9.48 2.34 1.5099073074635194e-6
9.48 2.4800000000000004 7.996328920960412e-6
9.48 2.62 3.723935971537715e-5
9.48 2.7600000000000007 0.00013119012919391465
9.48 2.9 0.0003226585182902847
9.48 3.0399999999999996 0.0005044830636442719
9.48 3.18 0.0004475439857036085
9.48 3.32 0.00020145060886905228
9.48 3.4600000000000004 4.1958845885575134e-5
9.48 3.6 3.796859175988365e-6
9.48 3.7399999999999993 1.465650698874499e-7
9.48 3.88 2.53222254069162e-9
9.48 4.02 2.148899367301743e-11
9.48 4.16 9.373036918551957e-14
9.6 -1.1600000000000001 2.772247120804477e-19
9.6 -1.02 5.588638632828214e-18
9.6 -0.8799999999999999 9.116890721420687e-19
9.6 -0.7400000000000002 -3.2280432873786203e-18
9.6 -0.6000000000000001 -9.384686671054867e-18
9.6 -0.45999999999999996 -6.072155830374531e-18
9.6 -0.32000000000000006 5.3820869129824437e-17
9.6 -0.17999999999999994 6.276113807049364e-18
9.6 -0.039999999999999813 -2.965425365670124e-18
9.6 0.10000000000000009 -1.7314502986102374e-19
9.6 1.7800000000000002 4.0400092705500864e-7
9.6 1.9200000000000004 1.8844776403956403e-6
9.6 2.0599999999999996 5.911632649596884e-6
9.6 2.2 1.6668166271106035e-5
9.6 2.34 6.53333091741932e-5
9.6 2.4800000000000004 0.00032152377751276006
9.6 2.62 0.0013503306775127144
9.6 2.7600000000000007 0.0042914123205140915
9.6 2.9 0.009891014215655051
9.6 3.0399999999999996 0.01510039537801959
9.6 3.18 0.013306912566587371
9.6 3.32 0.005936840651427089
9.6 3.4600000000000004 0.0012209477513672035
9.6 3.6 0.00010975630686857619
9.6 3.7399999999999993 4.270934893566498e-6
9.6 3.88 7.463999419979371e-8
9.6 4.02 6.200776768352405e-10
9.6 4.16 2.5227277127273147e-12
9.719999999999999 -1.1600000000000001 -1.8917812145637704e-20
9.719999999999999 -1.02 2.162852146697791e-17
9.719999999999999 -0.8799999999999999 4.366752536340489e-18
9.719999999999999 -0.7400000000000002 -1.3283355542605509e-17
9.719999999999999 -0.6000000000000001 -5.078925904031996e-17
9.719999999999999 -0.45999999999999996 -3.98914559807179e-17
9.719999999999999 -0.32000000000000006 2.6233540340449335e-16
9.719999999999999 -0.17999999999999994 2.2553154321462115e-17
9.719999999999999 -0.039999999999999813 -1.462899359125044e-17
9.719999999999999 0.10000000000000009 -9.577059816389544e-19
9.719999999999999 1.7800000000000002 7.8285662959756e-6
9.719999999999999 1.9200000000000004 3.6738812477089045e-5
9.719999999999999 2.0599999999999996 0.00011769759515328208
9.719999999999999 2.2 0.00034618140994685076
9.719999999999999 2.34 0.0013421964720717967
9.719999999999999 2.4800000000000004 0.005952905368756363
9.719999999999999 2.62 0.02170296509927087
9.719999999999999 2.7600000000000007 0.05995709176270036
9.719999999999999 2.9 0.12530160563071355
9.719999999999999 3.0399999999999996 0.1827820012214389
9.719999999999999 3.18 0.15743451851669601
9.719999999999999 3.32 0.06841386007367144
9.719999999999999 3.4600000000000004 0.013576460178129732
9.719999999999999 3.6 0.0011715911272371694
9.719999999999999 3.7399999999999993 4.3551219230695924e-5
9.719999999999999 3.88 7.126695361836814e-7
9.719999999999999 4.02 5.304520280582222e-9
9.719999999999999 4.16 1.8430822518613985e-11
9.84 -1.1600000000000001 4.9001910731778994e-20
9.84 -1.02 -1.4183361795900312e-17
9.84 -0.8799999999999999 -1.0828211569160397e-19
9.84 -0.7400000000000002 -1.019294229654648e-18
9.84 -0.6000000000000001 -2.0346172262798727e-19
9.84 -0.45999999999999996 -1.226949088059757e-18
9.84 -0.32000000000000006 3.332770302243215e-17
9.84 -0.17999999999999994 -5.508988002315651e-18
9.84 -0.039999999999999813 2.4044014666625714e-17
9.84 0.10000000000000009 -3.405304170848652e-19
9.84 1.7800000000000002 4.6698241761078956e-5
9.84 1.9200000000000004 0.00022385419870842079
9.84 2.0599999999999996 0.0007735045612944396
9.84 2.2 0.002683935798120268
9.84 2.34 0.011503423879583797
9.84 2.4800000000000004 0.04775269607674918
9.84 2.62 0.15085978712411285
9.84 2.7600000000000007 0.35496603085336503
9.84 2.9 0.6564927940402688
9.84 3.0399999999999996 0.8969094673249266
9.84 3.18 0.7397616036575179
9.84 3.32 0.30595554626641613
9.84 3.4600000000000004 0.05700128166292631
9.84 3.6 0.004550576921318783
9.84 3.7399999999999993 0.00015341208202065515
9.84 3.88 2.200910107433771e-6
9.84 4.02 1.3617738119968412e-8
9.84 4.16 3.6598560456734817e-11
9.96 -1.1600000000000001 1.9753297707121974e-19
9.96 -1.02 -4.6201369066369884e-17
9.96 -0.8799999999999999 -2.218078574670494e-18
9.96 -0.7400000000000002 1.8127976085448837e-18
9.96 -0.6000000000000001 1.9014166944042156e-17
9.96 -0.45999999999999996 2.794167928436985e-17
9.96 -0.32000000000000006 1.1069972507203208e-17
9.96 -0.17999999999999994 -3.5180585723659695e-18
9.96 -0.039999999999999813 1.1175828596737974e-16
9.96 0.10000000000000009 -3.335459688294944e-19
9.96 1.7800000000000002 8.972562259549064e-5
9.96 1.9200000000000004 0.0004643394581554547
9.96 2.0599999999999996 0.0019986825434825614
9.96 2.2 0.009456414263774674
9.96 2.34 0.04571174926217011
9.96 2.4800000000000004 0.17609823075347675
9.96 2.62 0.47308331039501944
9.96 2.7600000000000007 0.912729972050673
9.96 2.9 1.438957984388045
9.96 3.0399999999999996 1.7999891800733334
9.96 3.18 1.3877723629304866
9.96 3.32 0.5296605887323959
9.96 3.4600000000000004 0.08930526592314059
9.96 3.6 0.006317768301508614
9.96 3.7399999999999993 0.0001841512966011301
9.96 3.88 2.2170135290972017e-6
9.96 4.02 1.1138887768059395e-8
9.96 4.16 2.3509123605312292e-11
10.08 -1.1600000000000001 1.2747992208670578e-19
10.08 -1.02 -6.128140771690704e-17
10.08 -0.8799999999999999 -2.8102101831373918e-18
10.08 -0.7400000000000002 5.812503846881011e-18
10.08 -0.6000000000000001 3.8922045617128426e-17
10.08 -0.45999999999999996 9.339274625760787e-17
10.08 -0.32000000000000006 4.075944880684132e-17
10.08 -0.17999999999999994 5.404177881613954e-17
10.08 -0.039999999999999813 1.48070154665933e-16
10.08 0.10000000000000009 1.868020064104374e-19
10.08 1.7800000000000002 6.011233178867621e-5
10.08 1.9200000000000004 0.0003899135330853394
10.08 2.0599999999999996 0.0024801659510096013
10.08 2.2 0.01529586154574909
10.08 2.34 0.07579210948063737
10.08 2.4800000000000004 0.26669704452158277
10.08 2.62 0.6187613990007219
10.08 2.7600000000000007 0.9821195488628676
10.08 2.9 1.3006055592040742
10.08 3.0399999999999996 1.4753487645486543
10.08 3.18 1.0476560186215347
10.08 3.32 0.3602617077453114
10.08 3.4600000000000004 0.053282360789506863
10.08 3.6 0.0032149595943410177
10.08 3.7399999999999993 7.757286884927891e-5
10.08 3.88 7.503849298876793e-7
10.08 4.02 2.9635521787461873e-9
10.08 4.16 4.919285745480031e-12
10.2 -1.1600000000000001 5.634187979154454e-20
10.2 -1.02 -3.9571416185473975e-17
10.2 -0.8799999999999999 1.7977301747842127e-17
10.2 -0.7400000000000002 -6.714794228301784e-18
10.2 -0.6000000000000001 -4.8331134036151146e-17
10.2 -0.45999999999999996 -1.6834542099681541e-16
10.2 -0.32000000000000006 -3.7317613812457893e-16
10.2 -0.17999999999999994 -1.842843206440375e-16
10.2 -0.039999999999999813 2.5244207725902993e-17
10.2 0.10000000000000009 -6.4153085138999425e-19
10.2 1.7800000000000002 1.6065078646282892e-5
10.2 1.9200000000000004 0.0001521542468823149
10.2 2.0599999999999996 0.0013283925145821762
10.2 2.2 0.00889190669949987
10.2 2.34 0.041683713419501466
10.2 2.4800000000000004 0.13307084970235947
10.2 2.62 0.2747871444080189
10.2 2.7600000000000007 0.37474021852030026
10.2 2.9 0.42944152026694077
10.2 3.0399999999999996 0.4489389145654702
10.2 3.18 0.29465478687451374
10.2 3.32 0.09085680131936937
10.2 3.4600000000000004 0.011656590129316226
10.2 3.6 0.0005891473430549906
10.2 3.7399999999999993 1.1475144678429882e-5
10.2 3.88 8.652611798174707e-8
10.2 4.02 2.619414449744501e-10
10.2 4.16 3.5184391038463783e-13
10.32 -1.1600000000000001 2.311295089506104e-20
10.32 -1.02 -5.281407895165675e-18
10.32 -0.8799999999999999 5.468780807224658e-18
10.32 -0.7400000000000002 2.2557096838098426e-19
10.32 -0.6000000000000001 3.5198130931264406e-18
10.32 -0.45999999999999996 1.5159704279929562e-17
10.32 -0.32000000000000006 3.1816687426989577e-17
10.32 -0.17999999999999994 1.5830936722559773e-17
10.32 -0.039999999999999813 5.9341149693856536e-18
10.32 0.10000000000000009 3.386863676194111e-20
10.32 1.7800000000000002 1.804432650084508e-6
10.32 1.9200000000000004 2.322594514681892e-5
10.32 2.0599999999999996 0.0002298332512135552
10.32 2.2 0.0015158542747182938
10.32 2.34 0.0065485831904254325
10.32 2.4800000000000004 0.01891732852443505
10.32 2.62 0.03541942112378578
10.32 2.7600000000000007 0.04321394895982787
10.32 2.9 0.044780030348386374
10.32 3.0399999999999996 0.044362820786293555
10.32 3.18 0.027255872785825957
10.32 3.32 0.00757082308082217
10.32 3.4600000000000004 0.0008374302278729966
10.32 3.6 3.467310986087633e-5
10.32 3.7399999999999993 5.370580064203361e-7
10.32 3.88 4.299504057796223e-9
10.32 4.02 4.144600651050125e-11
10.32 4.16 3.0057622429226733e-13
10.44 -1.1600000000000001 2.4632686248733894e-20
10.44 -1.02 -4.32903856216434e-19
10.44 -0.8799999999999999 -2.94759641351396e-18
10.44 -0.7400000000000002 -2.7417324503063194e-19
10.44 -0.6000000000000001 -1.2921670293813559e-17
10.44 -0.45999999999999996 -7.82770735916153e-17
10.44 -0.32000000000000006 -2.387835129271758e-16
10.44 -0.17999999999999994 -9.684281328758504e-17
10.44 -0.039999999999999813 -6.6824368689494525e-18
10.44 0.10000000000000009 -8.553563239029304e-20
10.44 1.7800000000000002 7.000913202183012e-8
10.44 1.9200000000000004 1.01988191802224e-6
10.44 2.0599999999999996 1.0338732110398655e-5
10.44 2.2 6.593925245009931e-5
10.44 2.34 0.0002651081453802941
10.44 2.4800000000000004 0.0007019336035054541
10.44 2.62 0.0012150503415451473
10.44 2.7600000000000007 0.0013766936735045913
10.44 2.9 0.0013498440381529806
10.44 3.0399999999999996 0.0013011950951823251
10.44 3.18 0.0007608023067608006
10.44 3.32 0.00019433896696203267
10.44 3.4600000000000004 1.9253396706872593e-5
10.44 3.6 7.403427383008679e-7
10.44 3.7399999999999993 1.4835821558280417e-8
10.44 3.88 2.790896254443927e-10
10.44 4.02 4.124426384474702e-12
10.44 4.16 2.9610841536373003e-14
10.56 -1.1600000000000001 -1.0438195490525914e-21
10.56 -1.02 -1.2565218563876808e-19
10.56 -0.8799999999999999 -8.178726953437392e-19
10.56 -0.7400000000000002 5.1816854922724904e-18
10.56 -0.6000000000000001 3.292245947929088e-17
10.56 -0.45999999999999996 9.953530328690099e-17
10.56 -0.32000000000000006 1.601062829953517e-16
10.56 -0.17999999999999994 9.577094176792422e-17
10.56 -0.039999999999999813 1.3594298428199461e-17
10.56 0.10000000000000009 4.3307639953069923e-19
10.56 1.7800000000000002 7.466491753693844e-10
10.56 1.9200000000000004 1.0881468206925466e-8
10.56 2.0599999999999996 1.0892756611507732e-7
10.56 2.2 6.751868066321563e-7
10.56 2.34 2.584168409987736e-6
10.56 2.4800000000000004 6.4408052735793606e-6
10.56 2.62 1.0616447570755219e-5
10.56 2.7600000000000007 1.1669491397292763e-5
10.56 2.9 1.1333025394120673e-5
10.56 3.0399999999999996 1.0815578002957312e-5
10.56 3.18 6.125970487675781e-6
10.56 3.32 1.50756705015848e-6
10.56 3.4600000000000004 1.5371290570839805e-7
10.56 3.6 8.094833173224674e-9
10.56 3.7399999999999993 2.960981867162834e-10
10.56 3.88 6.660210191888308e-12
10.56 4.02 8.314552665288425e-14
10.56 4.16 5.318126306924924e-16
10.68 -1.1600000000000001 -1.6391651588187303e-21
10.68 -1.02 -1.237538640004506e-19
10.68 -0.8799999999999999 -1.3074976579217914e-18
10.68 -0.7400000000000002 6.186005804123868e-19
10.68 -0.6000000000000001 -4.471383203554219e-19
10.68 -0.45999999999999996 -1.5999829719089985e-17
10.68 -0.32000000000000006 -6.78578628651026e-17
10.68 -0.17999999999999994 -2.3426644842528627e-17
10.68 -0.039999999999999813 -7.274731231812562e-19
10.68 0.10000000000000009 2.5853821235531758e-20
10.68 1.7800000000000002 2.0060674464213064e-12
10.68 1.9200000000000004 2.6928611268459607e-11
10.68 2.0599999999999996 2.6028067190161377e-10
10.68 2.2 1.5781423825197956e-9
10.68 2.34 5.886537440317845e-9
10.68 2.4800000000000004 1.4286248314579018e-8
10.68 2.62 2.3316187267176415e-8
10.68 2.7600000000000007 2.6099117884528285e-8
10.68 2.9 2.6074096362936432e-8
10.68 3.0399999999999996 2.4758306767856388e-8
10.68 3.18 1.3758931611939319e-8
10.68 3.32 3.4219539665953112e-9
10.68 3.4600000000000004 4.0584030890641533e-10
10.68 3.6 3.071772030322297e-11
10.68 3.7399999999999993 1.4175776270663688e-12
10.68 3.88 3.1750269091487423e-14
10.68 4.02 3.6460086969917784e-16
10.68 4.16 2.1860431210376022e-18
