7.02 7.02 -1.5150757422984263e-32
7.02 7.08 -7.865936011388806e-24
7.02 7.140000000000001 1.5046922321125225e-25
7.02 7.200000000000001 -3.395150924196921e-30
7.02 7.26 -8.294516848393044e-26
7.02 7.32 1.2638474617960153e-27
7.02 7.380000000000001 2.6113633965698075e-24
7.02 7.859999999999999 2.144011652834923e-7
7.02 7.92 3.630265889572872e-8
7.02 7.9799999999999995 2.0499784239203165e-12
7.02 9.36 2.2852681892669393e-15
7.02 9.42 2.8552479091559776e-14
7.02 9.48 2.65899134852065e-13
7.02 9.54 1.867357231397942e-12
7.02 9.6 1.0012082868518764e-11
7.02 9.66 4.148818756344108e-11
7.02 9.719999999999999 1.3432064220105806e-10
7.02 9.780000000000001 3.424132575222099e-10
7.02 9.84 6.894830779163967e-10
7.02 9.9 1.0945011184933587e-9
7.02 9.96 1.3611631353683304e-9
7.02 10.020000000000001 1.3145138301906444e-9
7.02 10.08 9.763932604515281e-10
7.02 10.14 5.528628702843336e-10
7.02 10.2 2.3685487794853567e-10
7.02 10.26 7.632783065775509e-11
7.02 10.32 1.8424836710845624e-11
7.02 10.379999999999999 3.322808108808738e-12
7.02 10.44 4.4717689259011526e-13
7.02 10.5 4.491736822160419e-14
7.02 10.56 3.3725816954460474e-15
7.02 10.620000000000001 1.897934838889916e-16
7.08 7.02 -4.5320593555676215e-29
7.08 7.08 -1.7977970060984738e-19
7.08 7.140000000000001 6.285437369862417e-21
7.08 7.200000000000001 -2.0336800844569778e-26
7.08 7.26 -4.292348233944758e-21
7.08 7.32 5.615734216119009e-23
7.08 7.380000000000001 -6.837362371523943e-20
7.08 7.859999999999999 0.004616711527948392
7.08 7.92 0.004653632658511667
7.08 7.9799999999999995 1.8883113061275154e-6
7.08 9.36 4.0443600326626753e-10
7.08 9.42 5.445929958765635e-9
7.08 9.48 5.397653299022947e-8
7.08 9.54 3.968612712538674e-7
7.08 9.6 2.182941684939922e-6
7.08 9.66 9.068647602351519e-6
7.08 9.719999999999999 2.876719721383736e-5
7.08 9.780000000000001 7.054939856201539e-5
7.08 9.84 0.00013548068764235362
7.08 9.9 0.00020587389823065435
7.08 9.96 0.0002486890358810589
7.08 10.020000000000001 0.00023794233625194571
7.08 10.08 0.0001783714325980923
7.08 10.14 0.00010325600983595527
7.08 10.2 4.5499807041484374e-5
7.08 10.26 1.5081048834730036e-5
7.08 10.32 3.7269975795643944e-6
7.08 10.379999999999999 6.827295082462872e-7
7.08 10.44 9.239783518710209e-8
7.08 10.5 9.228531537825299e-9
7.08 10.56 6.809474023301103e-10
7.08 10.620000000000001 3.723731763142592e-11
7.140000000000001 7.02 2.144396813997269e-25
7.140000000000001 7.08 2.857005600832316e-19
7.140000000000001 7.140000000000001 -1.090884444149322e-22
7.140000000000001 7.200000000000001 6.785474591808607e-23
7.140000000000001 7.26 -3.0705226802909886e-23
7.140000000000001 7.32 1.368330113911314e-23
7.140000000000001 7.380000000000001 1.434723613354378e-17
7.140000000000001 7.859999999999999 0.6817743585192554
7.140000000000001 7.92 4.427647321114539
7.140000000000001 7.9799999999999995 0.014735383532172509
7.140000000000001 9.36 6.103441173996373e-7
7.140000000000001 9.42 8.608188949097606e-6
7.140000000000001 9.48 8.906028856913151e-5
7.140000000000001 9.54 0.0006807233900393636
7.140000000000001 9.6 0.003873554533969428
7.140000000000001 9.66 0.0165545741840236
7.140000000000001 9.719999999999999 0.05369804747061652
7.140000000000001 9.780000000000001 0.13387761919701113
7.140000000000001 9.84 0.26019025535969453
7.140000000000001 9.9 0.3993676484180191
7.140000000000001 9.96 0.4878280929566416
7.140000000000001 10.020000000000001 0.47348174655257524
7.140000000000001 10.08 0.3612673438550876
7.140000000000001 10.14 0.21326223550374815
7.140000000000001 10.2 0.09581745380477766
7.140000000000001 10.26 0.03231765864857946
7.140000000000001 10.32 0.008099456949484907
7.140000000000001 10.379999999999999 0.0014978861366486916
7.140000000000001 10.44 0.0002035569010451451
7.140000000000001 10.5 2.0289188603064534e-5
7.140000000000001 10.56 1.4837037650646912e-6
7.140000000000001 10.620000000000001 7.980800903283255e-8
7.200000000000001 7.02 2.799232782946752e-24
7.200000000000001 7.08 -2.0163606962177643e-15
7.200000000000001 7.140000000000001 -1.5823778124597007e-17
7.200000000000001 7.200000000000001 8.987721673236936e-22
7.200000000000001 7.26 1.3856088266315692e-17
7.200000000000001 7.32 -1.5346546823390174e-19
7.200000000000001 7.380000000000001 2.1507555176972617e-16
7.200000000000001 7.859999999999999 0.6226461820365582
7.200000000000001 7.92 31.420532960900868
7.200000000000001 7.9799999999999995 1.0522864050469574
7.200000000000001 9.36 4.982194713990061e-6
7.200000000000001 9.42 7.089876513774433e-5
7.200000000000001 9.48 0.0007419794107948655
7.200000000000001 9.54 0.005760898572945933
7.200000000000001 9.6 0.033525575582502264
7.200000000000001 9.66 0.14803810267166503
7.200000000000001 9.719999999999999 0.5032059748157144
7.200000000000001 9.780000000000001 1.3371413291953667
7.200000000000001 9.84 2.814040514701055
7.200000000000001 9.9 4.718697081160682
7.200000000000001 9.96 6.279820468403992
7.200000000000001 10.020000000000001 6.550812439080129
7.200000000000001 10.08 5.269700739723603
7.200000000000001 10.14 3.218322697345118
7.200000000000001 10.2 1.4734593273720078
7.200000000000001 10.26 0.5010743329426764
7.200000000000001 10.32 0.12577079904691923
7.200000000000001 10.379999999999999 0.023207274116750363
7.200000000000001 10.44 0.0031411370997150826
7.200000000000001 10.5 0.00031169596079004086
7.200000000000001 10.56 2.2700670735813427e-5
7.200000000000001 10.620000000000001 1.2169585872194073e-6
7.26 7.02 3.1061013460466904e-24
7.26 7.08 1.3979137942782082e-17
7.26 7.140000000000001 6.593421469465383e-17
7.26 7.200000000000001 9.710869324072675e-23
7.26 7.26 -4.948380271403256e-17
7.26 7.32 6.071107062138022e-19
7.26 7.380000000000001 1.708815826274788e-16
7.26 7.859999999999999 0.003737749414614521
7.26 7.92 2.4028251642025857
7.26 7.9799999999999995 1.910201434949525
7.26 9.36 1.9566433956499446e-7
7.26 9.42 2.984217444212661e-6
7.26 9.48 3.481625511647493e-5
7.26 9.54 0.00031321037718493115
7.26 9.6 0.002180035667622165
7.26 9.66 0.011732694218754215
7.26 9.719999999999999 0.048669217987736366
7.26 9.780000000000001 0.15492343343227044
7.26 9.84 0.3765994959342331
7.26 9.9 0.6956355100782867
7.26 9.96 0.9715538020273856
7.26 10.020000000000001 1.021056449281938
7.26 10.08 0.8039045484019373
7.26 10.14 0.4723367057338252
7.26 10.2 0.20645436094934974
7.26 10.26 0.06697399286701328
7.26 10.32 0.016101187606813862
7.26 10.379999999999999 0.002867032417620725
7.26 10.44 0.00037826562664911094
7.26 10.5 3.702942045895506e-5
7.26 10.56 2.695895809431552e-6
7.26 10.620000000000001 1.4643727184532557e-7
7.32 7.02 1.2218804635902463e-25
7.32 7.08 -1.900863885592115e-18
7.32 7.140000000000001 -2.5098583233538292e-24
7.32 7.200000000000001 -2.372787960100189e-24
7.32 7.26 -1.0860469386785948e-24
7.32 7.32 3.909349378770072e-25
7.32 7.380000000000001 4.674123420051697e-19
7.32 7.859999999999999 1.4684564107335016e-6
7.32 7.92 0.0292405046165964
7.32 7.9799999999999995 0.17140326501769687
7.32 9.36 5.234398145578238e-10
7.32 9.42 1.0039466435558865e-8
7.32 9.48 1.398102212317496e-7
7.32 9.54 1.419053567119514e-6
7.32 9.6 1.0543344579208038e-5
7.32 9.66 5.760019702613117e-5
7.32 9.719999999999999 0.0002323896281631462
7.32 9.780000000000001 0.0006951570036147341
7.32 9.84 0.0015471242109783095
7.32 9.9 0.002569069563723173
7.32 9.96 0.0031898945492302984
7.32 10.020000000000001 0.002966114443120622
7.32 10.08 0.00206744473056313
7.32 10.14 0.0010808511162638157
7.32 10.2 0.00042397632913593385
7.32 10.26 0.00012482468971376193
7.32 10.32 2.759451264079588e-5
7.32 10.379999999999999 4.583133400572002e-6
7.32 10.44 5.723336984041218e-7
7.32 10.5 5.378442214173585e-8
7.32 10.56 3.806636992418454e-9
7.32 10.620000000000001 2.0303396841021757e-10
7.380000000000001 7.02 4.075956430808605e-28
7.380000000000001 7.08 -3.294571670216997e-21
7.380000000000001 7.140000000000001 1.2024016809928444e-20
7.380000000000001 7.200000000000001 -2.180386372153386e-27
7.380000000000001 7.26 -8.669915774945182e-21
7.380000000000001 7.32 1.0927223813391694e-22
7.380000000000001 7.380000000000001 3.105482147189373e-22
7.380000000000001 7.859999999999999 5.908678095600739e-10
7.380000000000001 7.92 2.0327142174537467e-5
7.380000000000001 7.9799999999999995 0.0002945180088807728
7.380000000000001 9.36 1.2184537251881575e-13
7.380000000000001 9.42 2.0495381016441554e-12
7.380000000000001 9.48 2.4945354099455626e-11
7.380000000000001 9.54 2.209307836263972e-10
7.380000000000001 9.6 1.4313133273424453e-9
7.380000000000001 9.66 6.8160170907865465e-9
7.380000000000001 9.719999999999999 2.3964659976698644e-8
7.380000000000001 9.780000000000001 6.24599665397076e-8
7.380000000000001 9.84 1.211109422545749e-7
7.380000000000001 9.9 1.7526436860553386e-7
7.380000000000001 9.96 1.8981437920960254e-7
7.380000000000001 10.020000000000001 1.5420985606102873e-7
7.380000000000001 10.08 9.416751312496155e-8
7.380000000000001 10.14 4.329165871865392e-8
7.380000000000001 10.2 1.500359293919256e-8
7.380000000000001 10.26 3.9240026046934345e-9
7.380000000000001 10.32 7.750968685122457e-10
7.380000000000001 10.379999999999999 1.1569880397939517e-10
7.380000000000001 10.44 1.3055970834795543e-11
7.380000000000001 10.5 1.1139478926448822e-12
7.380000000000001 10.56 7.18565744237898e-14
7.380000000000001 10.620000000000001 3.5033370453276893e-15
7.799999999999999 7.02 6.559485415616915e-10
7.799999999999999 7.08 1.6397988398079647e-6
7.799999999999999 7.140000000000001 5.8239093735749884e-5
7.799999999999999 7.200000000000001 1.942385825934438e-5
7.799999999999999 7.26 6.07246044472523e-8
7.799999999999999 7.32 3.233798595297176e-12
7.799999999999999 7.380000000000001 1.358786104987804e-17
7.799999999999999 7.859999999999999 -7.314551628203271e-32
7.799999999999999 7.92 -1.3462758184200854e-31
7.799999999999999 7.9799999999999995 -8.455751699979925e-32
7.799999999999999 9.36 3.955955311629634e-12
7.799999999999999 9.42 5.1251921516335504e-11
7.799999999999999 9.48 4.7949901739424e-10
7.799999999999999 9.54 3.262349201082193e-9
7.799999999999999 9.6 1.6257235396715306e-8
7.799999999999999 9.66 5.97654989299487e-8
7.799999999999999 9.719999999999999 1.6322053888639467e-7
7.799999999999999 9.780000000000001 3.333384193678854e-7
7.799999999999999 9.84 5.122169991510003e-7
7.799999999999999 9.9 5.957095321155397e-7
7.799999999999999 9.96 5.274765271390616e-7
7.799999999999999 10.020000000000001 3.5774464006836686e-7
7.799999999999999 10.08 1.868108952559291e-7
7.799999999999999 10.14 7.52806616979157e-8
7.799999999999999 10.2 2.3341084728046488e-8
7.799999999999999 10.26 5.51786822413623e-9
7.799999999999999 10.32 9.811935991400387e-10
7.799999999999999 10.379999999999999 1.2929989983200706e-10
7.799999999999999 10.44 1.245752011938464e-11
7.799999999999999 10.5 8.682480905614085e-13
7.799999999999999 10.56 4.345935102060588e-14
7.799999999999999 10.620000000000001 1.5561949474545435e-15
7.859999999999999 7.02 4.82550784123207e-7
7.859999999999999 7.08 0.004474211134512071
7.859999999999999 7.140000000000001 0.6002836395603426
7.859999999999999 7.200000000000001 0.7285326286875344
7.859999999999999 7.26 0.0069928728911622575
7.859999999999999 7.32 2.464540700684126e-6
7.859999999999999 7.380000000000001 5.757856297404345e-11
7.859999999999999 7.859999999999999 -2.6150422546001504e-28
7.859999999999999 7.92 -6.016139839849217e-28
7.859999999999999 7.9799999999999995 -1.3622458940035175e-28
7.859999999999999 9.36 9.665516537606013e-8
7.859999999999999 9.42 1.4480382278523214e-6
7.859999999999999 9.48 1.5822604324189474e-5
7.859999999999999 9.54 0.00012707437596825373
7.859999999999999 9.6 0.0007562167936540816
7.859999999999999 9.66 0.0033625965981396878
7.859999999999999 9.719999999999999 0.011264575147731102
7.859999999999999 9.780000000000001 0.02864646115051274
7.859999999999999 9.84 0.05567255768770467
7.859999999999999 9.9 0.08316665077768362
7.859999999999999 9.96 0.09600799103083163
7.859999999999999 10.020000000000001 0.08606374319336743
7.859999999999999 10.08 0.06009613589880025
7.859999999999999 10.14 0.03265188015596086
7.859999999999999 10.2 0.013700767943390271
7.859999999999999 10.26 0.00437941463826476
7.859999999999999 10.32 0.001048407082397117
7.859999999999999 10.379999999999999 0.00018482951036865146
7.859999999999999 10.44 2.365577223473884e-5
7.859999999999999 10.5 2.1742956147752504e-6
7.859999999999999 10.56 1.4245590795616438e-7
7.859999999999999 10.620000000000001 6.624097238255915e-9
7.92 7.02 1.7122083609333174e-7
7.92 7.08 0.00731862657315856
7.92 7.140000000000001 4.726151488908685
7.92 7.200000000000001 31.653788617688896
7.92 7.26 2.713096153855136
7.92 7.32 0.00746887508663126
7.92 7.380000000000001 3.6160065570969196e-7
7.92 7.859999999999999 -3.2470083495191693e-16
7.92 7.92 5.291203086025016e-26
7.92 7.9799999999999995 -7.615534422754951e-27
7.92 9.36 1.6954301000736764e-6
7.92 9.42 2.7011909047592195e-5
7.92 9.48 0.00031696353059024944
7.92 9.54 0.002765422764586203
7.92 9.6 0.018125924201579633
7.92 9.66 0.09021071238037343
7.92 9.719999999999999 0.3443489176173048
7.92 9.780000000000001 1.0166434813324265
7.92 9.84 2.3362511692621593
7.92 9.9 4.199315867059097
7.92 9.96 5.930460469480826
7.92 10.020000000000001 6.605376150726002
7.92 10.08 5.805097580984726
7.92 10.14 3.9994488481888504
7.92 10.2 2.128629156412998
7.92 10.26 0.8579104363217844
7.92 10.32 0.2565069869967077
7.92 10.379999999999999 0.05589518137540201
7.92 10.44 0.008756415374727794
7.92 10.5 0.0009764882123249458
7.92 10.56 7.699309819095154e-5
7.92 10.620000000000001 4.273736185870315e-6
7.9799999999999995 7.02 2.805970214229495e-11
7.9799999999999995 7.08 6.683134125677369e-6
7.9799999999999995 7.140000000000001 0.02355733280314769
7.9799999999999995 7.200000000000001 1.1756779448900587
7.9799999999999995 7.26 0.9096868862245272
7.9799999999999995 7.32 0.010535520206948335
7.9799999999999995 7.380000000000001 1.3801471118253839e-6
7.9799999999999995 7.859999999999999 1.6751113174828555e-27
7.9799999999999995 7.92 4.0798645373930465e-27
7.9799999999999995 7.9799999999999995 -4.401578783183437e-27
7.9799999999999995 9.36 1.6100315065633976e-8
7.9799999999999995 9.42 2.5325760255969234e-7
7.9799999999999995 9.48 2.9704551614658233e-6
7.9799999999999995 9.54 2.6325283437180664e-5
7.9799999999999995 9.6 0.00017879577777062586
7.9799999999999995 9.66 0.0009430710102293323
7.9799999999999995 9.719999999999999 0.0039032087421511197
7.9799999999999995 9.780000000000001 0.012759862349704429
7.9799999999999995 9.84 0.03309444867186004
7.9799999999999995 9.9 0.06845780072862255
7.9799999999999995 9.96 0.1136902471215477
7.9799999999999995 10.020000000000001 0.1521244951962855
7.9799999999999995 10.08 0.1629307663071603
7.9799999999999995 10.14 0.13703951654780314
7.9799999999999995 10.2 0.0881648554919221
7.9799999999999995 10.26 0.042280784562912406
7.9799999999999995 10.32 0.014803377490775458
7.9799999999999995 10.379999999999999 0.0037273434368990696
7.9799999999999995 10.44 0.0006678726562495787
7.9799999999999995 10.5 8.453909942577337e-5
7.9799999999999995 10.56 7.520120085190151e-6
7.9799999999999995 10.620000000000001 4.683444735836519e-7
8.04 7.02 2.7893175274857584e-18
8.04 7.08 4.279769585701294e-12
8.04 7.140000000000001 8.298871606870068e-8
8.04 7.200000000000001 2.350635043783158e-5
8.04 7.26 0.00010517072985961179
8.04 7.32 5.49753385064547e-6
8.04 7.380000000000001 2.7368053972280416e-9
8.04 7.859999999999999 4.7575975312489744e-32
8.04 7.92 2.2853816651811183e-31
8.04 7.9799999999999995 -3.841181527550586e-31
8.04 9.36 9.358083962973759e-14
8.04 9.42 1.3674857308215477e-12
8.04 9.48 1.519726484063077e-11
8.04 9.54 1.3086364099009371e-10
8.04 9.6 8.877994692520163e-10
8.04 9.66 4.798964245194465e-9
8.04 9.719999999999999 2.0790716705326168e-8
8.04 9.780000000000001 7.25782700887423e-8
8.04 9.84 2.0634588936056957e-7
8.04 9.9 4.849793855634614e-7
8.04 9.96 9.489400733283862e-7
8.04 10.020000000000001 1.5241603193503086e-6
8.04 10.08 1.944501723587535e-6
8.04 10.14 1.8990671463398118e-6
8.04 10.2 1.3782136473378372e-6
8.04 10.26 7.28335591154824e-7
8.04 10.32 2.76642166679524e-7
8.04 10.379999999999999 7.488029321433838e-8
8.04 10.44 1.4357850940196437e-8
8.04 10.5 1.9414292813396803e-9
8.04 10.56 1.8444384451091432e-10
8.04 10.620000000000001 1.2272957446491972e-11
9.42 7.02 3.403313595617493e-15
9.42 7.08 8.940450678838034e-10
9.42 7.140000000000001 1.8259556201268918e-6
9.42 7.200000000000001 1.8094451595822816e-5
9.42 7.26 5.973173545541447e-7
9.42 7.32 6.820125264955542e-11
9.42 7.380000000000001 1.0940672183686342e-15
9.42 7.859999999999999 1.0844225901523051e-6
9.42 7.92 2.4383749224303864e-5
9.42 7.9799999999999995 3.56480480419421e-7
9.42 9.36 7.999065204067134e-19
9.42 9.42 -7.178048149628398e-19
9.42 9.48 -1.0386963054143588e-17
9.42 9.54 -1.4640146171599061e-18
9.42 9.6 1.0643130303688707e-18
9.42 9.66 -3.024630194620215e-21
9.42 9.719999999999999 -4.407271189511346e-20
9.42 9.780000000000001 -1.154855021128956e-19
9.42 9.84 -1.7128267628948764e-19
9.42 9.9 -9.301421358319115e-19
9.42 9.96 -1.33739141599999e-19
9.42 10.020000000000001 -1.0706026448333964e-18
9.42 10.08 -8.621207379733451e-19
9.42 10.14 -4.337705203225541e-19
9.42 10.2 -1.5935201525121404e-19
9.42 10.26 -5.141075642900858e-20
9.42 10.32 -1.6140025616905212e-20
9.42 10.379999999999999 -3.5252311556294934e-22
9.42 10.44 -1.898703948304654e-22
9.42 10.5 -2.518878492816361e-23
9.42 10.56 -2.4412796862834302e-24
9.42 10.620000000000001 -9.575041635915411e-26
9.48 7.02 4.287665658384895e-14
9.48 7.08 1.1611667356490713e-8
9.48 7.140000000000001 2.4694842516947028e-5
9.48 7.200000000000001 0.000244796032494984
9.48 7.26 7.775915475540945e-6
9.48 7.32 1.1696577101605212e-9
9.48 7.380000000000001 2.208174685582015e-14
9.48 7.859999999999999 1.317919412975121e-5
9.48 7.92 0.00032035138348878334
9.48 7.9799999999999995 4.632945702662571e-6
9.48 9.36 4.726082877199054e-18
9.48 9.42 -4.351386761562225e-18
9.48 9.48 -6.338551421272197e-17
9.48 9.54 -9.096366901690856e-18
9.48 9.6 6.266110266460427e-18
9.48 9.66 -2.2723275875119513e-20
9.48 9.719999999999999 -2.868052618836722e-19
9.48 9.780000000000001 -7.464593256505079e-19
9.48 9.84 -1.0146009140959697e-18
9.48 9.9 -5.778972122932186e-18
9.48 9.96 -8.371430097807002e-19
9.48 10.020000000000001 -6.634817562061218e-18
9.48 10.08 -5.309808109414345e-18
9.48 10.14 -2.6789423846601152e-18
9.48 10.2 -9.949251300176277e-19
9.48 10.26 -3.140403323794053e-19
9.48 10.32 -1.0107123043687079e-19
9.48 10.379999999999999 -2.4998848167080688e-21
9.48 10.44 -1.1834117359316054e-21
9.48 10.5 -1.5792950625798393e-22
9.48 10.56 -1.5253734372488695e-23
9.48 10.620000000000001 -5.925791540051414e-25
9.54 7.02 4.128051078734713e-13
9.54 7.08 1.1039558361734286e-7
9.54 7.140000000000001 0.0002422782750970316
9.54 7.200000000000001 0.002398663308725797
9.54 7.26 7.414732917124566e-5
9.54 7.32 1.4941269125605627e-8
9.54 7.380000000000001 3.0479694482914685e-13
9.54 7.859999999999999 0.00011524463289720175
9.54 7.92 0.0030497105716818526
9.54 7.9799999999999995 4.390419220458836e-5
9.54 9.36 1.6028333762163326e-17
9.54 9.42 -1.53679330379951e-17
9.54 9.48 -2.261428180477647e-16
9.54 9.54 -3.302796120661407e-17
9.54 9.6 2.1311693213278403e-17
9.54 9.66 -1.0447062453845323e-19
9.54 9.719999999999999 -1.1257399382494881e-18
9.54 9.780000000000001 -2.8957002805480413e-18
9.54 9.84 -3.534007926438619e-18
9.54 9.9 -2.1176519748453733e-17
9.54 9.96 -3.0894100321078776e-18
9.54 10.020000000000001 -2.4311814134337893e-17
9.54 10.08 -1.9201103426364345e-17
9.54 10.14 -9.71751811105074e-18
9.54 10.2 -3.672739788448541e-18
9.54 10.26 -1.1219329054728e-18
9.54 10.32 -3.7437060253908763e-19
9.54 10.379999999999999 -1.0678556730448837e-20
9.54 10.44 -4.35056052861466e-21
9.54 10.5 -5.860359964857828e-22
9.54 10.56 -5.635175230413925e-23
9.54 10.620000000000001 -2.1626975547990184e-24
9.6 7.02 3.125787344734464e-12
9.6 7.08 7.773076500468188e-7
9.6 7.140000000000001 0.001737939217369641
9.6 7.200000000000001 0.017152943412406533
9.6 7.26 0.0005255482403262276
9.6 7.32 1.4521761898381065e-7
9.6 7.380000000000001 2.960427837953959e-12
9.6 7.859999999999999 0.0007297320760855337
9.6 7.92 0.02118062101265174
9.6 7.9799999999999995 0.00030582653260386627
9.6 9.36 2.4415137583073464e-17
9.6 9.42 -2.5594483322433396e-17
9.6 9.48 -3.828161127589615e-16
9.6 9.54 -5.484682048577479e-17
9.6 9.6 3.4038683842607836e-17
9.6 9.66 -2.5148602985125977e-19
9.6 9.719999999999999 -2.2794419242544386e-18
9.6 9.780000000000001 -5.706717600846607e-18
9.6 9.84 -6.321047268313982e-18
9.6 9.9 -3.764044860193679e-17
9.6 9.96 -5.46534656684674e-18
9.6 10.020000000000001 -4.3997241551397883e-17
9.6 10.08 -3.336433846539011e-17
9.6 10.14 -1.6952068605076998e-17
9.6 10.2 -6.6317907010016366e-18
9.6 10.26 -1.9090943758396415e-18
9.6 10.32 -6.771963429421113e-19
9.6 10.379999999999999 -2.2592105399275445e-20
9.6 10.44 -7.73636091776975e-21
9.6 10.5 -1.0613164827871812e-21
9.6 10.56 -1.0164979538981576e-22
9.6 10.620000000000001 -3.8486790850144646e-24
9.66 7.02 1.8979594540889464e-11
9.66 7.08 4.110716013331263e-6
9.66 7.140000000000001 0.009194750201779024
9.66 7.200000000000001 0.09028875459916193
9.66 7.26 0.002817408368328173
9.66 7.32 1.0667521902729736e-6
9.66 7.380000000000001 2.047198095466808e-11
9.66 7.859999999999999 0.0033693131518800733
9.66 7.92 0.1081436823912341
9.66 7.9799999999999995 0.001581753612281157
9.66 9.36 -7.565395049691868e-18
9.66 9.42 1.3801437447612669e-18
9.66 9.48 2.7065372321417813e-17
9.66 9.54 2.7137903236110812e-17
9.66 9.6 1.4580628954448984e-18
9.66 9.66 -9.432823723045258e-20
9.66 9.719999999999999 -8.10588517372473e-19
9.66 9.780000000000001 -1.5215122163277675e-18
9.66 9.84 -3.9153570154629936e-18
9.66 9.9 -9.064832451557776e-19
9.66 9.96 5.4797432224015815e-19
9.66 10.020000000000001 -7.782298549203224e-18
9.66 10.08 -2.8086155023766415e-19
9.66 10.14 -3.976990174525689e-19
9.66 10.2 -5.333795539230996e-19
9.66 10.26 2.8236931960827e-20
9.66 10.32 -3.5931408550541606e-20
9.66 10.379999999999999 7.343889101406365e-22
9.66 10.44 3.873656964249686e-23
9.66 10.5 -2.5541978372173034e-23
9.66 10.56 -5.585398594175299e-24
9.66 10.620000000000001 -3.177098056454969e-25
9.719999999999999 7.02 9.24546788199231e-11
9.719999999999999 7.08 1.659186926098378e-5
9.719999999999999 7.140000000000001 0.036234485140806696
9.719999999999999 7.200000000000001 0.35332603682739394
9.719999999999999 7.26 0.011629928116801375
9.719999999999999 7.32 5.831745462854431e-6
9.719999999999999 7.380000000000001 1.0140232147466651e-10
9.719999999999999 7.859999999999999 0.011437587357667223
9.719999999999999 7.92 0.40982731643466674
9.719999999999999 7.9799999999999995 0.006159760040597078
9.719999999999999 9.36 -6.242895976655499e-17
9.719999999999999 9.42 5.1935638657486654e-17
9.719999999999999 9.48 9.325124481876948e-16
9.719999999999999 9.54 2.422372293097683e-16
9.719999999999999 9.6 -4.4844344451659006e-17
9.719999999999999 9.66 9.444599257165503e-19
9.719999999999999 9.719999999999999 4.620130278290172e-18
9.719999999999999 9.780000000000001 1.2156191769738473e-17
9.719999999999999 9.84 -3.757619472087845e-19
9.719999999999999 9.9 8.860751591850644e-17
9.719999999999999 9.96 1.6006945453693984e-17
9.719999999999999 10.020000000000001 7.943614702583635e-17
9.719999999999999 10.08 7.170002303995163e-17
9.719999999999999 10.14 3.415009538033752e-17
9.719999999999999 10.2 1.4567076871451603e-17
9.719999999999999 10.26 3.862442458961956e-18
9.719999999999999 10.32 1.6097637423516529e-18
9.719999999999999 10.379999999999999 9.212594075106645e-20
9.719999999999999 10.44 1.9257359340841016e-20
9.719999999999999 10.5 2.8043660217496236e-21
9.719999999999999 10.56 2.40290096586313e-22
9.719999999999999 10.620000000000001 8.057799607717775e-24
9.780000000000001 7.02 3.5527829036468705e-10
9.780000000000001 7.08 5.19246516282178e-5
9.780000000000001 7.140000000000001 0.10755618661001991
9.780000000000001 7.200000000000001 1.039766826381658
9.780000000000001 7.26 0.037474932833948905
9.780000000000001 7.32 2.3422973201140078e-5
9.780000000000001 7.380000000000001 3.6121736500337874e-10
9.780000000000001 7.859999999999999 0.028846611082532555
9.780000000000001 7.92 1.1675972335056497
9.780000000000001 7.9799999999999995 0.018425651295372325
9.780000000000001 9.36 -5.3346948926136414e-17
9.780000000000001 9.42 7.969170584190763e-18
9.780000000000001 9.48 7.122637089176401e-16
9.780000000000001 9.54 2.7695761677529504e-16
9.780000000000001 9.6 7.640656678080549e-18
9.780000000000001 9.66 1.6937081982661726e-18
9.780000000000001 9.719999999999999 3.1396006448497103e-18
9.780000000000001 9.780000000000001 5.287904856218175e-18
9.780000000000001 9.84 -2.437072593654116e-19
9.780000000000001 9.9 3.677632037322437e-17
9.780000000000001 9.96 1.0711101962073719e-17
9.780000000000001 10.020000000000001 2.0691093840176274e-17
9.780000000000001 10.08 1.6642682640403327e-17
9.780000000000001 10.14 -3.4001138021293237e-18
9.780000000000001 10.2 4.5319987504724496e-18
9.780000000000001 10.26 1.5378345837175745e-19
9.780000000000001 10.32 7.77142978356047e-19
9.780000000000001 10.379999999999999 6.348689792830661e-20
9.780000000000001 10.44 9.423115225436489e-21
9.780000000000001 10.5 2.3219849636564084e-21
9.780000000000001 10.56 1.2468979441874205e-22
9.780000000000001 10.620000000000001 2.8358271738074243e-24
9.84 7.02 1.0523210606821042e-9
9.84 7.08 0.00012740796433436378
9.84 7.140000000000001 0.24334277689773018
9.84 7.200000000000001 2.3293961934155325
9.84 7.26 0.09467923579574519
9.84 7.32 6.860716898054123e-5
9.84 7.380000000000001 9.283588632412547e-10
9.84 7.859999999999999 0.05479648791736148
9.84 7.92 2.543908488339474
9.84 7.9799999999999995 0.043457445896093426
9.84 9.36 -1.157967969004958e-16
9.84 9.42 -5.804215236878303e-17
9.84 9.48 2.1421363378084818e-16
9.84 9.54 -7.394023725510232e-20
9.84 9.6 1.1270186358026525e-20
9.84 9.66 -4.080904362716898e-19
9.84 9.719999999999999 -1.2684944240673884e-17
9.84 9.780000000000001 -4.0622513142200445e-17
9.84 9.84 3.850131369335481e-17
9.84 9.9 -1.898013409459935e-16
9.84 9.96 -2.3997557429021732e-17
9.84 10.020000000000001 -1.6259587183245422e-16
9.84 10.08 -1.3136575115786684e-16
9.84 10.14 -9.618760950858275e-17
9.84 10.2 -3.484347578612715e-17
9.84 10.26 -7.935246604028014e-18
9.84 10.32 -3.1523002066562306e-18
9.84 10.379999999999999 -3.5777094450351373e-19
9.84 10.44 -3.4883445199950167e-20
9.84 10.5 -2.563187523287479e-21
9.84 10.56 -4.348766089881826e-22
9.84 10.620000000000001 -1.6014240590066248e-23
9.9 7.02 2.354974722594916e-9
9.9 7.08 0.0002456795918132155
9.9 7.140000000000001 0.4241404021012172
9.9 7.200000000000001 4.017472510579164
9.9 7.26 0.18637250759361665
9.9 7.32 0.00014607707128342832
9.9 7.380000000000001 1.7260929831215286e-9
9.9 7.859999999999999 0.07972815562006698
9.9 7.92 4.326554933934655
9.9 7.9799999999999995 0.08297831274171528
9.9 9.36 -3.372314941482342e-16
9.9 9.42 5.97884414253225e-17
9.9 9.48 2.223776256175039e-15
9.9 9.54 -7.280019396329777e-17
9.9 9.6 -1.5730412656187065e-16
9.9 9.66 -3.091257279767934e-18
9.9 9.719999999999999 -2.044417277579345e-17
9.9 9.780000000000001 -6.415104269127397e-17
9.9 9.84 9.68289431372573e-17
9.9 9.9 -2.551939137129659e-16
9.9 9.96 -3.0111775647743746e-17
9.9 10.020000000000001 -1.1557505228857347e-16
9.9 10.08 -4.854046269972755e-17
9.9 10.14 -5.719840757654878e-17
9.9 10.2 -3.6365352099282244e-17
9.9 10.26 -3.567162870397706e-18
9.9 10.32 -3.469147513207683e-18
9.9 10.379999999999999 -7.647071047210481e-19
9.9 10.44 -3.5198582953503775e-20
9.9 10.5 -2.531014786986758e-21
9.9 10.56 -4.849676011876885e-22
9.9 10.620000000000001 -1.7047133226610774e-23
9.96 7.02 3.9277291477135936e-9
9.96 7.08 0.0003695892830619727
9.96 7.140000000000001 0.5734034199083972
9.96 7.200000000000001 5.3726288389562304
9.96 7.26 0.2820363441938593
9.96 7.32 0.0002258986526936219
9.96 7.380000000000001 2.3269753340152425e-9
9.96 7.859999999999999 0.09042097910967131
9.96 7.92 5.8538665985510345
9.96 7.9799999999999995 0.130080335501328
9.96 9.36 -2.55187656264105e-16
9.96 9.42 9.328252516099304e-17
9.96 9.48 2.9061165555224446e-15
9.96 9.54 8.1102100205667e-17
9.96 9.6 -5.535679296094632e-17
9.96 9.66 -1.6756988027878053e-18
9.96 9.719999999999999 -7.598041298841358e-18
9.96 9.780000000000001 -3.144062724764335e-17
9.96 9.84 3.6220891451078216e-17
9.96 9.9 -1.8721166050643313e-16
9.96 9.96 -1.375874886676117e-18
9.96 10.020000000000001 -2.56157476796045e-17
9.96 10.08 9.543335350040464e-17
9.96 10.14 3.6064103928953055e-17
9.96 10.2 -4.237553760906549e-18
9.96 10.26 -4.656305292065959e-19
9.96 10.32 -6.67616443831269e-19
9.96 10.379999999999999 -4.655345128292521e-19
9.96 10.44 2.0604624369857195e-21
9.96 10.5 7.635577461845723e-22
9.96 10.56 -1.4107555882495218e-22
9.96 10.620000000000001 -1.3157397046512137e-23
10.020000000000001 7.02 4.842120996664886e-9
10.020000000000001 7.08 0.00042795473047378744
10.020000000000001 7.140000000000001 0.6016252538489612
10.020000000000001 7.200000000000001 5.575310065555317
10.020000000000001 7.26 0.3232275972974791
10.020000000000001 7.32 0.00025378558340862764
10.020000000000001 7.380000000000001 2.2786834067721513e-9
10.020000000000001 7.859999999999999 0.08094170786200339
10.020000000000001 7.92 6.357044714804453
10.020000000000001 7.9799999999999995 0.1660815213592934
10.020000000000001 9.36 6.46835821129637e-17
10.020000000000001 9.42 -9.649884089109352e-17
10.020000000000001 9.48 -2.7186576718421206e-21
10.020000000000001 9.54 -2.726350889562196e-20
10.020000000000001 9.6 3.5275713060753372e-19
10.020000000000001 9.66 3.751756654954669e-19
10.020000000000001 9.719999999999999 2.4751872567348727e-19
10.020000000000001 9.780000000000001 -5.639131908722943e-18
10.020000000000001 9.84 -7.135707234456323e-17
10.020000000000001 9.9 -2.1021330363525564e-16
10.020000000000001 9.96 7.444743360163337e-18
10.020000000000001 10.020000000000001 -1.6929620275693732e-16
10.020000000000001 10.08 2.8152880150206e-18
10.020000000000001 10.14 -8.342306128036007e-18
10.020000000000001 10.2 -2.165768299675195e-18
10.020000000000001 10.26 -1.078839597653045e-17
10.020000000000001 10.32 -1.1722784711249526e-18
10.020000000000001 10.379999999999999 9.162821891180736e-20
10.020000000000001 10.44 3.0368838853794827e-21
10.020000000000001 10.5 -1.5016847402842923e-21
10.020000000000001 10.56 -2.5651813691945773e-22
10.020000000000001 10.620000000000001 -2.5548529096898365e-23
10.08 7.02 4.3918060321368865e-9
10.08 7.08 0.0003758207470561488
10.08 7.140000000000001 0.48701995010581706
10.08 7.200000000000001 4.462801234627009
10.08 7.26 0.2769480154449815
10.08 7.32 0.00020725178262531534
10.08 7.380000000000001 1.6230896196518058e-9
10.08 7.859999999999999 0.057280027314451455
10.08 7.92 5.503527220736257
10.08 7.9799999999999995 0.1683747406293717
10.08 9.36 2.3237576692971435e-17
10.08 9.42 -9.81720008287716e-17
10.08 9.48 -6.054026637540652e-16
10.08 9.54 -9.848430526019338e-17
10.08 9.6 -3.8788772722972604e-16
10.08 9.66 -7.530550470086835e-19
10.08 9.719999999999999 -4.848449050038573e-18
10.08 9.780000000000001 -5.671802147584479e-18
10.08 9.84 -4.6623978026381144e-17
10.08 9.9 -1.3724308496946783e-16
10.08 9.96 5.0244961366562845e-18
10.08 10.020000000000001 -1.7233059446599377e-16
10.08 10.08 -3.730063645748595e-17
10.08 10.14 -5.008488029467847e-17
10.08 10.2 -8.31167216839625e-18
10.08 10.26 -1.0748146952014424e-17
10.08 10.32 -1.9254930372748216e-18
10.08 10.379999999999999 1.5094925903098724e-19
10.08 10.44 -3.8440719730244275e-21
10.08 10.5 -2.8887619018901862e-21
10.08 10.56 -3.1681758671362633e-22
10.08 10.620000000000001 -2.2506428894644535e-23
10.14 7.02 2.922946304788959e-9
10.14 7.08 0.00024711178103608243
10.14 7.140000000000001 0.3010467757170394
10.14 7.200000000000001 2.726690053443633
10.14 7.26 0.17571375466067088
10.14 7.32 0.00012310139671308496
10.14 7.380000000000001 8.417820785057436e-10
10.14 7.859999999999999 0.03170518747887005
10.14 7.92 3.7261966785260805
10.14 7.9799999999999995 0.1316454696700786
10.14 9.36 -8.675199017175165e-17
10.14 9.42 2.7730633244453832e-17
10.14 9.48 8.202580379441823e-16
10.14 9.54 -4.337172947169785e-17
10.14 9.6 -4.143083481652689e-16
10.14 9.66 -1.2094847904807149e-18
10.14 9.719999999999999 -6.707069449314544e-18
10.14 9.780000000000001 -1.2444051728285347e-18
10.14 9.84 5.783453953733072e-19
10.14 9.9 -1.5180119622285314e-17
10.14 9.96 6.157463747383717e-18
10.14 10.020000000000001 -3.8504080049832573e-17
10.14 10.08 2.4734469541008117e-17
10.14 10.14 -1.7489045659763224e-17
10.14 10.2 -4.539904851812097e-18
10.14 10.26 -2.224332903123842e-18
10.14 10.32 -7.110038916623103e-19
10.14 10.379999999999999 -7.940974479342076e-21
10.14 10.44 5.589411317477087e-22
10.14 10.5 -4.419607476741695e-22
10.14 10.56 -1.0682317026691994e-22
10.14 10.620000000000001 -7.573757415584365e-24
10.2 7.02 1.4251827179247676e-9
10.2 7.08 0.00012046916575981133
10.2 7.140000000000001 0.14042890284898066
10.2 7.200000000000001 1.256460323771895
10.2 7.26 0.08200052099752721
10.2 7.32 5.320368401105194e-5
10.2 7.380000000000001 3.180745117437487e-10
10.2 7.859999999999999 0.013480778262925626
10.2 7.92 1.928315442880072
10.2 7.9799999999999995 0.07752491404802268
10.2 9.36 3.5172136810521934e-17
10.2 9.42 9.087105155147641e-18
10.2 9.48 4.78715168929305e-16
10.2 9.54 1.895237064639121e-20
10.2 9.6 1.6500760411290632e-19
10.2 9.66 6.93977191683153e-20
10.2 9.719999999999999 -3.498110349579523e-18
10.2 9.780000000000001 3.3617541294443807e-18
10.2 9.84 -2.1377710798864917e-17
10.2 9.9 -2.3936932984431462e-17
10.2 9.96 -3.767063693291812e-19
10.2 10.020000000000001 -3.930296313669821e-17
10.2 10.08 -4.141077725261702e-18
10.2 10.14 -1.0400358701815413e-17
10.2 10.2 -7.779232683017309e-18
10.2 10.26 -1.84608552536917e-18
10.2 10.32 -4.03054289596877e-19
10.2 10.379999999999999 -1.673844072195611e-20
10.2 10.44 -6.019266818993182e-21
10.2 10.5 6.795419948713351e-23
10.2 10.56 -8.162328191106294e-23
10.2 10.620000000000001 -5.607661094341874e-24
10.26 7.02 5.084900642629774e-10
10.26 7.08 4.323779238196707e-5
10.26 7.140000000000001 0.04889156674190064
10.26 7.200000000000001 0.43182977833631336
10.26 7.26 0.02801537885957113
10.26 7.32 1.6733856855096107e-5
10.26 7.380000000000001 8.75893257933848e-11
10.26 7.859999999999999 0.00432084909151925
10.26 7.92 0.747722584718238
10.26 7.9799999999999995 0.03383458331854344
10.26 9.36 7.958967555089666e-17
10.26 9.42 -2.5134622403622214e-17
10.26 9.48 -1.2341244101341423e-16
10.26 9.54 4.4571627935417236e-17
10.26 9.6 1.1408247805972575e-16
10.26 9.66 4.2041737338880845e-19
10.26 9.719999999999999 -9.047007136964945e-19
10.26 9.780000000000001 1.632175771484286e-18
10.26 9.84 -2.597288763412584e-17
10.26 9.9 -3.647501795783191e-17
10.26 9.96 -4.0401287002666155e-18
10.26 10.020000000000001 -5.028299673746399e-17
10.26 10.08 -2.9055781584517847e-17
10.26 10.14 -1.3283321998818494e-17
10.26 10.2 -7.145860635679692e-18
10.26 10.26 -2.5676433566527015e-18
10.26 10.32 -4.791852145865371e-19
10.26 10.379999999999999 7.052293866376698e-21
10.26 10.44 -8.105576633707227e-21
10.26 10.5 -4.763900103685517e-22
10.26 10.56 -9.320652192109182e-23
10.26 10.620000000000001 -5.218223175982741e-24
10.32 7.02 1.3261513861157123e-10
10.32 7.08 1.1367864667799271e-5
10.32 7.140000000000001 0.01258913611651642
10.32 7.200000000000001 0.10967559338219046
10.32 7.26 0.006983084410923946
10.32 7.32 3.829373900294009e-6
10.32 7.380000000000001 1.7578596639525032e-11
10.32 7.859999999999999 0.0010278039623813056
10.32 7.92 0.21407889712655093
10.32 7.9799999999999995 0.010830468331692699
10.32 9.36 4.2384885222122404e-18
10.32 9.42 1.1945704794992247e-18
10.32 9.48 9.863099521672757e-17
10.32 9.54 7.89785207341359e-17
10.32 9.6 -1.9557608137761634e-17
10.32 9.66 -3.378332915494968e-20
10.32 9.719999999999999 1.5430263617508928e-19
10.32 9.780000000000001 1.998868135190519e-19
10.32 9.84 -2.2044341978215367e-18
10.32 9.9 6.091333576334684e-19
10.32 9.96 -5.1511991710991395e-19
10.32 10.020000000000001 -3.1957268301008642e-18
10.32 10.08 6.729556401437997e-19
10.32 10.14 8.140141221985057e-20
10.32 10.2 -1.262318971900924e-19
10.32 10.26 -1.4460002875407594e-19
10.32 10.32 -4.657843271222587e-20
10.32 10.379999999999999 -6.032045504197362e-21
10.32 10.44 -6.8223515270615e-22
10.32 10.5 -7.487409202346286e-23
10.32 10.56 -1.0709772419807611e-23
10.32 10.620000000000001 -3.7026563108361633e-25
10.379999999999999 7.02 2.5252925546969298e-11
10.379999999999999 7.08 2.18142514694481e-6
10.379999999999999 7.140000000000001 0.002380333701755538
10.379999999999999 7.200000000000001 0.02043496263996595
10.379999999999999 7.26 0.0012663631757286878
10.379999999999999 7.32 6.371462867532709e-7
10.379999999999999 7.380000000000001 2.5722027081332633e-12
10.379999999999999 7.859999999999999 0.00017938840227124626
10.379999999999999 7.92 0.04480010774207783
10.379999999999999 7.9799999999999995 0.002525491158654964
10.379999999999999 9.36 -2.939886248034663e-17
10.379999999999999 9.42 1.6432014111016056e-17
10.379999999999999 9.48 2.420978732098421e-16
10.379999999999999 9.54 5.893769327720171e-17
10.379999999999999 9.6 -6.5338651502531e-17
10.379999999999999 9.66 -1.8991686382790321e-19
10.379999999999999 9.719999999999999 3.264170357094628e-19
10.379999999999999 9.780000000000001 2.412122785296713e-19
10.379999999999999 9.84 7.68211693130329e-18
10.379999999999999 9.9 1.7460927142788653e-17
10.379999999999999 9.96 1.6153354456739557e-18
10.379999999999999 10.020000000000001 1.9443528834885982e-17
10.379999999999999 10.08 1.6159720045258733e-17
10.379999999999999 10.14 6.793571654577035e-18
10.379999999999999 10.2 2.7072824243484155e-18
10.379999999999999 10.26 1.043958917280914e-18
10.379999999999999 10.32 1.915048432649003e-19
10.379999999999999 10.379999999999999 -1.1595815962905154e-20
10.379999999999999 10.44 2.8727573007934378e-21
10.379999999999999 10.5 2.5717669088522973e-22
10.379999999999999 10.56 3.217998150195048e-23
10.379999999999999 10.620000000000001 1.7827233420787073e-24
10.44 7.02 3.5066107480397324e-12
10.44 7.08 3.04683132109499e-7
10.44 7.140000000000001 0.0003286944909936443
10.44 7.200000000000001 0.00277739431698839
10.44 7.26 0.00016666541944394388
10.44 7.32 7.698766431964641e-8
10.44 7.380000000000001 2.752333003000489e-13
10.44 7.859999999999999 2.2796158261394858e-5
10.44 7.92 0.006805052872875014
10.44 7.9799999999999995 0.00042695203783761013
10.44 9.36 -1.6962342337395913e-17
10.44 9.42 9.591266263978291e-18
10.44 9.48 1.329403507739831e-16
10.44 9.54 2.3555825109219244e-17
10.44 9.6 -3.332234942769806e-17
10.44 9.66 -9.641077357252714e-20
10.44 9.719999999999999 1.7042255876225272e-19
10.44 9.780000000000001 2.179208668117569e-19
10.44 9.84 4.47524651487674e-18
10.44 9.9 1.0067310117444316e-17
10.44 9.96 1.0378950775496745e-18
10.44 10.020000000000001 1.1727474956736209e-17
10.44 10.08 9.457625266711676e-18
10.44 10.14 4.054374984979664e-18
10.44 10.2 1.5676596082287488e-18
10.44 10.26 6.272570024392719e-19
10.44 10.32 1.2210422755821496e-19
10.44 10.379999999999999 -5.770769682300553e-21
10.44 10.44 1.759429431638415e-21
10.44 10.5 1.7316859647144714e-22
10.44 10.56 2.0506747237620047e-23
10.44 10.620000000000001 1.0724718408249516e-24
10.5 7.02 3.545706619696016e-13
10.5 7.08 3.0906469288691526e-8
10.5 7.140000000000001 3.301171104901372e-5
10.5 7.200000000000001 0.00027412888669988973
10.5 7.26 1.5880144998607675e-5
10.5 7.32 6.745902494365561e-9
10.5 7.380000000000001 2.1789116447446174e-14
10.5 7.859999999999999 2.0985896163447506e-6
10.5 7.92 0.0007465530700435189
10.5 7.9799999999999995 5.2135511260440885e-5
10.5 9.36 -4.6248348826185944e-18
10.5 9.42 2.6852086482018645e-18
10.5 9.48 3.6713055520044215e-17
10.5 9.54 5.6263439132711745e-18
10.5 9.6 -8.614419802359743e-18
10.5 9.66 -2.4345304384336603e-20
10.5 9.719999999999999 4.7894166431043906e-20
10.5 9.780000000000001 8.007821117866733e-20
10.5 9.84 1.2143728286495205e-18
10.5 9.9 2.801170221234992e-18
10.5 9.96 3.019114014677341e-19
10.5 10.020000000000001 3.309446319093285e-18
10.5 10.08 2.655929055601919e-18
10.5 10.14 1.1548769080833172e-18
10.5 10.2 4.364475524636271e-19
10.5 10.26 1.7668263507398453e-19
10.5 10.32 3.563566056162419e-20
10.5 10.379999999999999 -1.4716920575117296e-21
10.5 10.44 5.00008283669182e-22
10.5 10.5 5.1853159442977574e-23
10.5 10.56 5.9373095913756635e-24
10.5 10.620000000000001 3.014861754987196e-25
10.56 7.02 2.6066494815119787e-14
10.56 7.08 2.2727720124611608e-9
10.56 7.140000000000001 2.403942428622023e-6
10.56 7.200000000000001 1.957740388514458e-5
10.56 7.26 1.0927034904975631e-6
10.56 7.32 4.282219120854092e-10
10.56 7.380000000000001 1.3196822373919722e-15
10.56 7.859999999999999 1.3951605743568454e-7
10.56 7.92 5.892517881871326e-5
10.56 7.9799999999999995 4.583890805093703e-6
10.56 9.36 -7.43385456035308e-19
10.56 9.42 4.423591721087694e-19
10.56 9.48 6.025593789830063e-18
10.56 9.54 8.522154325649665e-19
10.56 9.6 -1.33882393718533e-18
10.56 9.66 -3.6753194283941525e-21
10.56 9.719999999999999 8.19666833848562e-21
10.56 9.780000000000001 1.5868077752148672e-20
10.56 9.84 1.9391131945631468e-19
10.56 9.9 4.605728424605759e-19
10.56 9.96 5.104262500627583e-20
10.56 10.020000000000001 5.477433946309632e-19
10.56 10.08 4.39360935956137e-19
10.56 10.14 1.9330706548871958e-19
10.56 10.2 7.187203526285023e-20
10.56 10.26 2.918843188510579e-20
10.56 10.32 6.050855571688715e-21
10.56 10.379999999999999 -2.243542646985232e-22
10.56 10.44 8.324514685976569e-23
10.56 10.5 8.94022355694089e-24
10.56 10.56 1.0004055126652022e-24
10.56 10.620000000000001 4.975060034799652e-26
10.620000000000001 7.02 1.390977338083901e-15
10.620000000000001 7.08 1.2097834854274324e-10
10.620000000000001 7.140000000000001 1.266502724809179e-7
10.620000000000001 7.200000000000001 1.0086770271404605e-6
10.620000000000001 7.26 5.415523116335494e-8
10.620000000000001 7.32 1.9721499978699147e-11
10.620000000000001 7.380000000000001 6.551179289501915e-17
10.620000000000001 7.859999999999999 6.6848313884392675e-9
10.620000000000001 7.92 3.3356780281013903e-6
10.620000000000001 7.9799999999999995 2.89353193885662e-7
10.620000000000001 9.36 -7.609612496853452e-20
10.620000000000001 9.42 4.62897774447993e-20
10.620000000000001 9.48 6.302059400909132e-19
10.620000000000001 9.54 8.482928855995246e-20
10.620000000000001 9.6 -1.336473589811866e-19
10.620000000000001 9.66 -3.551545783105261e-22
10.620000000000001 9.719999999999999 9.01746691561829e-22
10.620000000000001 9.780000000000001 1.909374455950965e-21
10.620000000000001 9.84 1.9713496262708265e-20
10.620000000000001 9.9 4.822399725681236e-20
10.620000000000001 9.96 5.457418496257492e-21
10.620000000000001 10.020000000000001 5.755722898521956e-20
10.620000000000001 10.08 4.62003930324744e-20
10.620000000000001 10.14 2.053545946721278e-20
10.620000000000001 10.2 7.543481548271086e-21
10.620000000000001 10.26 3.06095311188593e-21
10.620000000000001 10.32 6.495526335767162e-22
10.620000000000001 10.379999999999999 -2.1812265388569462e-23
10.620000000000001 10.44 8.797579355318651e-24
10.620000000000001 10.5 9.696092519943484e-25
10.620000000000001 10.56 1.0665377497924104e-25
10.620000000000001 10.620000000000001 5.215862088951277e-27
