0.5 0.5 0.0
0.5 0.56 0.0
0.5 0.62 0.0
0.5 0.6799999999999999 0.0
0.5 0.74 0.0
0.5 0.8 0.0
0.5 0.86 0.0
0.5 0.92 0.0
0.5 0.98 0.0
0.5 1.04 0.0
0.5 1.1 0.0
0.5 1.1600000000000001 0.0
0.5 1.22 0.0
0.5 1.28 0.0
0.5 1.34 0.0
0.5 1.4 0.0
0.5 1.46 0.0
0.5 1.52 0.0
0.5 1.58 0.0
0.5 1.6400000000000001 0.0
0.5 1.7000000000000002 0.0
0.5 1.76 0.0
0.5 1.82 0.0
0.5 1.8800000000000001 0.0
0.5 1.94 0.0
0.5 2.0 0.0
0.5 2.06 0.0
0.5 2.12 0.0
0.5 2.18 0.0
0.5 2.2399999999999998 0.0
0.5 2.3000000000000003 0.0
0.5 2.36 0.0
0.5 2.4200000000000004 0.0
0.5 2.48 0.0
0.5 2.5400000000000005 0.0
0.5 2.5999999999999996 0.0
0.5 2.66 0.0
0.5 2.7199999999999998 0.0
0.5 2.7800000000000002 0.0
0.5 2.84 0.0
0.5 2.9000000000000004 0.0
0.5 2.9599999999999995 0.0
0.5 3.02 0.0
0.5 3.0799999999999996 0.0
0.5 3.14 0.0
0.5 3.1999999999999997 0.0
0.5 3.2600000000000002 0.0
0.5 3.3200000000000003 0.0
0.5 3.38 0.0
0.5 3.4399999999999995 0.0
0.5 3.5 0.0
0.56 0.5 0.0
0.56 0.56 0.0
0.56 0.62 0.0
0.56 0.6799999999999999 0.0
0.56 0.74 0.0
0.56 0.8 0.0
0.56 0.86 0.0
0.56 0.92 0.0
0.56 0.98 0.0
0.56 1.04 0.0
0.56 1.1 0.0
0.56 1.1600000000000001 0.0
0.56 1.22 0.0
0.56 1.28 0.0
0.56 1.34 0.0
0.56 1.4 0.0
0.56 1.46 0.0
0.56 1.52 0.0
0.56 1.58 0.0
0.56 1.6400000000000001 0.0
0.56 1.7000000000000002 0.0
0.56 1.76 0.0
0.56 1.82 0.0
0.56 1.8800000000000001 0.0
0.56 1.94 0.0
0.56 2.0 0.0
0.56 2.06 0.0
0.56 2.12 0.0
0.56 2.18 0.0
0.56 2.2399999999999998 0.0
0.56 2.3000000000000003 0.0
0.56 2.36 0.0
0.56 2.4200000000000004 0.0
0.56 2.48 0.0
0.56 2.5400000000000005 0.0
0.56 2.5999999999999996 0.0
0.56 2.66 0.0
0.56 2.7199999999999998 0.0
0.56 2.7800000000000002 0.0
0.56 2.84 0.0
0.56 2.9000000000000004 0.0
0.56 2.9599999999999995 0.0
0.56 3.02 0.0
0.56 3.0799999999999996 0.0
0.56 3.14 0.0
0.56 3.1999999999999997 0.0
0.56 3.2600000000000002 0.0
0.56 3.3200000000000003 0.0
0.56 3.38 0.0
0.56 3.4399999999999995 0.0
0.56 3.5 0.0
0.62 0.5 0.0
0.62 0.56 0.0
0.62 0.62 0.0
0.62 0.6799999999999999 0.0
0.62 0.74 0.0
0.62 0.8 0.0
0.62 0.86 0.0
0.62 0.92 0.0
0.62 0.98 0.0
0.62 1.04 0.0
0.62 1.1 0.0
0.62 1.1600000000000001 0.0
0.62 1.22 0.0
0.62 1.28 0.0
0.62 1.34 0.0
0.62 1.4 0.0
0.62 1.46 0.0
0.62 1.52 0.0
0.62 1.58 0.0
0.62 1.6400000000000001 0.0
0.62 1.7000000000000002 0.0
0.62 1.76 0.0
0.62 1.82 0.0
0.62 1.8800000000000001 0.0
0.62 1.94 0.0
0.62 2.0 0.0
0.62 2.06 0.0
0.62 2.12 0.0
0.62 2.18 0.0
0.62 2.2399999999999998 0.0
0.62 2.3000000000000003 0.0
0.62 2.36 0.0
0.62 2.4200000000000004 0.0
0.62 2.48 0.0
0.62 2.5400000000000005 0.0
0.62 2.5999999999999996 0.0
0.62 2.66 0.0
0.62 2.7199999999999998 0.0
0.62 2.7800000000000002 0.0
0.62 2.84 0.0
0.62 2.9000000000000004 0.0
0.62 2.9599999999999995 0.0
0.62 3.02 0.0
0.62 3.0799999999999996 0.0
0.62 3.14 0.0
0.62 3.1999999999999997 0.0
0.62 3.2600000000000002 0.0
0.62 3.3200000000000003 0.0
0.62 3.38 0.0
0.62 3.4399999999999995 0.0
0.62 3.5 0.0
0.6799999999999999 0.5 0.0
0.6799999999999999 0.56 0.0
0.6799999999999999 0.62 0.0
0.6799999999999999 0.6799999999999999 0.0
0.6799999999999999 0.74 0.0
0.6799999999999999 0.8 0.0
0.6799999999999999 0.86 0.0
0.6799999999999999 0.92 0.0
0.6799999999999999 0.98 0.0
0.6799999999999999 1.04 0.0
0.6799999999999999 1.1 0.0
0.6799999999999999 1.1600000000000001 0.0
0.6799999999999999 1.22 0.0
0.6799999999999999 1.28 0.0
0.6799999999999999 1.34 0.0
0.6799999999999999 1.4 0.0
0.6799999999999999 1.46 0.0
0.6799999999999999 1.52 0.0
0.6799999999999999 1.58 0.0
0.6799999999999999 1.6400000000000001 0.0
0.6799999999999999 1.7000000000000002 0.0
0.6799999999999999 1.76 0.0
0.6799999999999999 1.82 0.0
0.6799999999999999 1.8800000000000001 0.0
0.6799999999999999 1.94 0.0
0.6799999999999999 2.0 0.0
0.6799999999999999 2.06 0.0
0.6799999999999999 2.12 0.0
0.6799999999999999 2.18 0.0
0.6799999999999999 2.2399999999999998 0.0
0.6799999999999999 2.3000000000000003 0.0
0.6799999999999999 2.36 0.0
0.6799999999999999 2.4200000000000004 0.0
0.6799999999999999 2.48 0.0
0.6799999999999999 2.5400000000000005 0.0
0.6799999999999999 2.5999999999999996 0.0
0.6799999999999999 2.66 0.0
0.6799999999999999 2.7199999999999998 0.0
0.6799999999999999 2.7800000000000002 0.0
0.6799999999999999 2.84 0.0
0.6799999999999999 2.9000000000000004 0.0
0.6799999999999999 2.9599999999999995 0.0
0.6799999999999999 3.02 0.0
0.6799999999999999 3.0799999999999996 0.0
0.6799999999999999 3.14 0.0
0.6799999999999999 3.1999999999999997 0.0
0.6799999999999999 3.2600000000000002 0.0
0.6799999999999999 3.3200000000000003 0.0
0.6799999999999999 3.38 0.0
0.6799999999999999 3.4399999999999995 0.0
0.6799999999999999 3.5 0.0
0.74 0.5 0.0
0.74 0.56 0.0
0.74 0.62 0.0
0.74 0.6799999999999999 0.0
0.74 0.74 0.0
0.74 0.8 0.0
0.74 0.86 0.0
0.74 0.92 0.0
0.74 0.98 0.0
0.74 1.04 0.0
0.74 1.1 0.0
0.74 1.1600000000000001 0.0
0.74 1.22 0.0
0.74 1.28 0.0
0.74 1.34 0.0
0.74 1.4 0.0
0.74 1.46 0.0
0.74 1.52 0.0
0.74 1.58 0.0
0.74 1.6400000000000001 0.0
0.74 1.7000000000000002 0.0
0.74 1.76 0.0
0.74 1.82 0.0
0.74 1.8800000000000001 0.0
0.74 1.94 0.0
0.74 2.0 0.0
0.74 2.06 0.0
0.74 2.12 0.0
0.74 2.18 0.0
0.74 2.2399999999999998 0.0
0.74 2.3000000000000003 0.0
0.74 2.36 0.0
0.74 2.4200000000000004 0.0
0.74 2.48 0.0
0.74 2.5400000000000005 0.0
0.74 2.5999999999999996 0.0
0.74 2.66 0.0
0.74 2.7199999999999998 0.0
0.74 2.7800000000000002 0.0
0.74 2.84 0.0
0.74 2.9000000000000004 0.0
0.74 2.9599999999999995 0.0
0.74 3.02 0.0
0.74 3.0799999999999996 0.0
0.74 3.14 0.0
0.74 3.1999999999999997 0.0
0.74 3.2600000000000002 0.0
0.74 3.3200000000000003 0.0
0.74 3.38 0.0
0.74 3.4399999999999995 0.0
0.74 3.5 0.0
0.8 0.5 0.0
0.8 0.56 0.0
0.8 0.62 0.0
0.8 0.6799999999999999 0.0
0.8 0.74 0.0
0.8 0.8 0.0
0.8 0.86 0.0
0.8 0.92 0.0
0.8 0.98 0.0
0.8 1.04 0.0
0.8 1.1 0.0
0.8 1.1600000000000001 0.0
0.8 1.22 0.0
0.8 1.28 0.0
0.8 1.34 0.0
0.8 1.4 0.0
0.8 1.46 0.0
0.8 1.52 0.0
0.8 1.58 0.0
0.8 1.6400000000000001 0.0
0.8 1.7000000000000002 0.0
0.8 1.76 0.0
0.8 1.82 0.0
0.8 1.8800000000000001 0.0
0.8 1.94 0.0
0.8 2.0 0.0
0.8 2.06 0.0
0.8 2.12 0.0
0.8 2.18 0.0
0.8 2.2399999999999998 0.0
0.8 2.3000000000000003 0.0
0.8 2.36 0.0
0.8 2.4200000000000004 0.0
0.8 2.48 0.0
0.8 2.5400000000000005 0.0
0.8 2.5999999999999996 0.0
0.8 2.66 0.0
0.8 2.7199999999999998 0.0
0.8 2.7800000000000002 0.0
0.8 2.84 0.0
0.8 2.9000000000000004 0.0
0.8 2.9599999999999995 0.0
0.8 3.02 0.0
0.8 3.0799999999999996 0.0
0.8 3.14 0.0
0.8 3.1999999999999997 0.0
0.8 3.2600000000000002 0.0
0.8 3.3200000000000003 0.0
0.8 3.38 0.0
0.8 3.4399999999999995 0.0
0.8 3.5 0.0
0.86 0.5 0.0
0.86 0.56 0.0
0.86 0.62 0.0
0.86 0.6799999999999999 0.0
0.86 0.74 0.0
0.86 0.8 0.0
0.86 0.86 0.0
0.86 0.92 0.0
0.86 0.98 0.0
0.86 1.04 0.0
0.86 1.1 0.0
0.86 1.1600000000000001 0.0
0.86 1.22 0.0
0.86 1.28 0.0
0.86 1.34 0.0
0.86 1.4 0.0
0.86 1.46 0.0
0.86 1.52 0.0
0.86 1.58 0.0
0.86 1.6400000000000001 0.0
0.86 1.7000000000000002 0.0
0.86 1.76 0.0
0.86 1.82 0.0
0.86 1.8800000000000001 0.0
0.86 1.94 0.0
0.86 2.0 0.0
0.86 2.06 0.0
0.86 2.12 0.0
0.86 2.18 0.0
0.86 2.2399999999999998 0.0
0.86 2.3000000000000003 0.0
0.86 2.36 0.0
0.86 2.4200000000000004 0.0
0.86 2.48 0.0
0.86 2.5400000000000005 0.0
0.86 2.5999999999999996 0.0
0.86 2.66 0.0
0.86 2.7199999999999998 0.0
0.86 2.7800000000000002 0.0
0.86 2.84 0.0
0.86 2.9000000000000004 0.0
0.86 2.9599999999999995 0.0
0.86 3.02 0.0
0.86 3.0799999999999996 0.0
0.86 3.14 0.0
0.86 3.1999999999999997 0.0
0.86 3.2600000000000002 0.0
0.86 3.3200000000000003 0.0
0.86 3.38 0.0
0.86 3.4399999999999995 0.0
0.86 3.5 0.0
0.92 0.5 0.0
0.92 0.56 0.0
0.92 0.62 0.0
0.92 0.6799999999999999 0.0
0.92 0.74 0.0
0.92 0.8 0.0
0.92 0.86 0.0
0.92 0.92 0.0
0.92 0.98 0.0
0.92 1.04 0.0
0.92 1.1 0.0
0.92 1.1600000000000001 1.122849964057658e-5
0.92 1.22 8.340480827405606e-8
0.92 1.28 9.119474655370951e-15
0.92 1.34 -1.5129571574852028e-16
0.92 1.4 1.7144465706483857e-16
0.92 1.46 -1.0172461689472625e-26
0.92 1.52 -4.549288728115802e-26
0.92 1.58 -1.851033910660617e-24
0.92 1.6400000000000001 -1.2254259705067328e-30
0.92 1.7000000000000002 1.5200453598294466e-30
0.92 1.76 2.81869006930508e-26
0.92 1.82 5.015362781927702e-25
0.92 1.8800000000000001 1.0173553693802991e-29
0.92 1.94 -8.517445734644096e-25
0.92 2.0 1.5142094127664375e-26
0.92 2.06 -2.893196960830753e-29
0.92 2.12 6.908917081242022e-24
0.92 2.18 4.514254445492156e-22
0.92 2.2399999999999998 1.2573436826133624e-24
0.92 2.3000000000000003 5.1121249605915775e-24
0.92 2.36 0.0
0.92 2.4200000000000004 0.0
0.92 2.48 0.0
0.92 2.5400000000000005 0.0
0.92 2.5999999999999996 0.0
0.92 2.66 0.0
0.92 2.7199999999999998 0.0
0.92 2.7800000000000002 0.0
0.92 2.84 0.0
0.92 2.9000000000000004 0.0
0.92 2.9599999999999995 0.0
0.92 3.02 0.0
0.92 3.0799999999999996 0.0
0.92 3.14 0.0
0.92 3.1999999999999997 0.0
0.92 3.2600000000000002 0.0
0.92 3.3200000000000003 0.0
0.92 3.38 0.0
0.92 3.4399999999999995 0.0
0.92 3.5 0.0
0.98 0.5 0.0
0.98 0.56 0.0
0.98 0.62 0.0
0.98 0.6799999999999999 0.0
0.98 0.74 0.0
0.98 0.8 0.0
0.98 0.86 0.0
0.98 0.92 0.0
0.98 0.98 0.0
0.98 1.04 0.0
0.98 1.1 0.0
0.98 1.1600000000000001 1.3081866388054195e-6
0.98 1.22 5.3823029670474834e-5
0.98 1.28 1.9861662308240163e-6
0.98 1.34 1.6356176105851193e-11
0.98 1.4 -9.581855902955765e-17
0.98 1.46 -1.625262460906656e-23
0.98 1.52 2.8428508083129125e-24
0.98 1.58 -1.8950631048800348e-22
0.98 1.6400000000000001 1.9247842923329573e-24
0.98 1.7000000000000002 7.4835165104506995e-25
0.98 1.76 -9.429586404383985e-22
0.98 1.82 -9.863587905712948e-24
0.98 1.8800000000000001 -1.1379173585299846e-24
0.98 1.94 -2.8448955688749156e-24
0.98 2.0 -9.507737893209068e-24
0.98 2.06 -4.516013347879173e-24
0.98 2.12 -7.600311425464478e-23
0.98 2.18 4.5911282320126516e-23
0.98 2.2399999999999998 -5.08257398562154e-22
0.98 2.3000000000000003 4.3442081271133516e-23
0.98 2.36 0.0
0.98 2.4200000000000004 0.0
0.98 2.48 0.0
0.98 2.5400000000000005 0.0
0.98 2.5999999999999996 0.0
0.98 2.66 0.0
0.98 2.7199999999999998 0.0
0.98 2.7800000000000002 0.0
0.98 2.84 0.0
0.98 2.9000000000000004 0.0
0.98 2.9599999999999995 0.0
0.98 3.02 0.0
0.98 3.0799999999999996 0.0
0.98 3.14 0.0
0.98 3.1999999999999997 0.0
0.98 3.2600000000000002 0.0
0.98 3.3200000000000003 0.0
0.98 3.38 0.0
0.98 3.4399999999999995 0.0
0.98 3.5 0.0
1.04 0.5 0.0
1.04 0.56 0.0
1.04 0.62 0.0
1.04 0.6799999999999999 0.0
1.04 0.74 0.0
1.04 0.8 0.0
1.04 0.86 0.0
1.04 0.92 0.0
1.04 0.98 0.0
1.04 1.04 0.0
1.04 1.1 0.0
1.04 1.1600000000000001 0.00034213424135942665
1.04 1.22 4.929122023250751e-6
1.04 1.28 5.585475512578368e-5
1.04 1.34 4.010271095012237e-6
1.04 1.4 -4.641828243509298e-11
1.04 1.46 5.9982929998525e-22
1.04 1.52 -5.281844593812179e-22
1.04 1.58 -3.312758783124387e-23
1.04 1.6400000000000001 -9.196093745319127e-24
1.04 1.7000000000000002 -4.133639896638333e-24
1.04 1.76 -1.4747886370108827e-22
1.04 1.82 4.393260161936599e-24
1.04 1.8800000000000001 6.785178382655348e-22
1.04 1.94 -1.2311818330998445e-23
1.04 2.0 1.4441023283268405e-21
1.04 2.06 4.419755098180389e-21
1.04 2.12 -4.688832902155628e-21
1.04 2.18 -4.945772453513335e-22
1.04 2.2399999999999998 2.36532949389615e-20
1.04 2.3000000000000003 2.0924989197267544e-22
1.04 2.36 0.0
1.04 2.4200000000000004 0.0
1.04 2.48 0.0
1.04 2.5400000000000005 0.0
1.04 2.5999999999999996 0.0
1.04 2.66 0.0
1.04 2.7199999999999998 0.0
1.04 2.7800000000000002 0.0
1.04 2.84 0.0
1.04 2.9000000000000004 0.0
1.04 2.9599999999999995 0.0
1.04 3.02 0.0
1.04 3.0799999999999996 0.0
1.04 3.14 0.0
1.04 3.1999999999999997 0.0
1.04 3.2600000000000002 0.0
1.04 3.3200000000000003 0.0
1.04 3.38 0.0
1.04 3.4399999999999995 0.0
1.04 3.5 0.0
1.1 0.5 0.0
1.1 0.56 0.0
1.1 0.62 0.0
1.1 0.6799999999999999 0.0
1.1 0.74 0.0
1.1 0.8 0.0
1.1 0.86 0.0
1.1 0.92 0.0
1.1 0.98 0.0
1.1 1.04 0.0
1.1 1.1 0.0
1.1 1.1600000000000001 0.0014230479115390244
1.1 1.22 0.0019903019877701746
1.1 1.28 5.77674743661357e-5
1.1 1.34 0.00022862853283506815
1.1 1.4 2.6387352774994375e-6
1.1 1.46 9.524932548257234e-13
1.1 1.52 9.130870497209534e-22
1.1 1.58 -8.165906489471075e-22
1.1 1.6400000000000001 -3.635884639109445e-23
1.1 1.7000000000000002 5.079946669236043e-22
1.1 1.76 -1.7573939983163795e-21
1.1 1.82 -8.80350374099515e-23
1.1 1.8800000000000001 -1.828555177570411e-19
1.1 1.94 2.906805376388202e-23
1.1 2.0 -5.195819764984305e-18
1.1 2.06 -6.322136707479428e-20
1.1 2.12 3.0480417843519814e-21
1.1 2.18 3.4512922841128274e-21
1.1 2.2399999999999998 -5.52285384630731e-21
1.1 2.3000000000000003 -3.244114372026548e-21
1.1 2.36 0.0
1.1 2.4200000000000004 0.0
1.1 2.48 0.0
1.1 2.5400000000000005 0.0
1.1 2.5999999999999996 0.0
1.1 2.66 0.0
1.1 2.7199999999999998 0.0
1.1 2.7800000000000002 0.0
1.1 2.84 0.0
1.1 2.9000000000000004 0.0
1.1 2.9599999999999995 0.0
1.1 3.02 0.0
1.1 3.0799999999999996 0.0
1.1 3.14 0.0
1.1 3.1999999999999997 0.0
1.1 3.2600000000000002 0.0
1.1 3.3200000000000003 0.0
1.1 3.38 0.0
1.1 3.4399999999999995 0.0
1.1 3.5 0.0
1.1600000000000001 0.5 0.0
1.1600000000000001 0.56 0.0
1.1600000000000001 0.62 0.0
1.1600000000000001 0.6799999999999999 0.0
1.1600000000000001 0.74 0.0
1.1600000000000001 0.8 0.0
1.1600000000000001 0.86 0.0
1.1600000000000001 0.92 0.0
1.1600000000000001 0.98 0.0
1.1600000000000001 1.04 0.0
1.1600000000000001 1.1 0.0
1.1600000000000001 1.1600000000000001 0.00010861118189175956
1.1600000000000001 1.22 0.0050882311489247305
1.1600000000000001 1.28 0.007143080432916803
1.1600000000000001 1.34 9.47985104862937e-5
1.1600000000000001 1.4 0.0005494514047564651
1.1600000000000001 1.46 6.021222755635259e-6
1.1600000000000001 1.52 1.7834489075744057e-10
1.1600000000000001 1.58 5.512362978725996e-20
1.1600000000000001 1.6400000000000001 -3.5399340035336183e-20
1.1600000000000001 1.7000000000000002 3.1712131001472806e-16
1.1600000000000001 1.76 5.957374626235034e-17
1.1600000000000001 1.82 -8.678893404094816e-17
1.1600000000000001 1.8800000000000001 -2.0402329885527608e-16
1.1600000000000001 1.94 1.261011507625461e-17
1.1600000000000001 2.0 -8.767797883990697e-21
1.1600000000000001 2.06 8.52275961498591e-19
1.1600000000000001 2.12 8.430760953887045e-17
1.1600000000000001 2.18 -6.383667369381653e-19
1.1600000000000001 2.2399999999999998 -2.4221470713774434e-19
1.1600000000000001 2.3000000000000003 3.6410843477559895e-18
1.1600000000000001 2.36 -5.544893144690838e-22
1.1600000000000001 2.4200000000000004 5.442775159590022e-25
1.1600000000000001 2.48 -5.428848785273398e-22
1.1600000000000001 2.5400000000000005 4.995982769452994e-22
1.1600000000000001 2.5999999999999996 0.0
1.1600000000000001 2.66 0.0
1.1600000000000001 2.7199999999999998 0.0
1.1600000000000001 2.7800000000000002 0.0
1.1600000000000001 2.84 0.0
1.1600000000000001 2.9000000000000004 0.0
1.1600000000000001 2.9599999999999995 0.0
1.1600000000000001 3.02 0.0
1.1600000000000001 3.0799999999999996 0.0
1.1600000000000001 3.14 0.0
1.1600000000000001 3.1999999999999997 0.0
1.1600000000000001 3.2600000000000002 0.0
1.1600000000000001 3.3200000000000003 0.0
1.1600000000000001 3.38 0.0
1.1600000000000001 3.4399999999999995 0.0
1.1600000000000001 3.5 0.0
1.22 0.5 0.0
1.22 0.56 0.0
1.22 0.62 0.0
1.22 0.6799999999999999 0.0
1.22 0.74 0.0
1.22 0.8 0.0
1.22 0.86 0.0
1.22 0.92 0.0
1.22 0.98 0.0
1.22 1.04 0.0
1.22 1.1 0.0
1.22 1.1600000000000001 -1.4908035721034078e-5
1.22 1.22 0.0005968394296159711
1.22 1.28 0.017977632981137463
1.22 1.34 0.009301912240581056
1.22 1.4 0.0013602191344090021
1.22 1.46 0.0019904235262607575
1.22 1.52 8.158733011663e-5
1.22 1.58 1.1083455227859473e-11
1.22 1.6400000000000001 6.065739613124925e-18
1.22 1.7000000000000002 -1.5087461611302014e-17
1.22 1.76 7.842489599007875e-18
1.22 1.82 8.438889827303893e-18
1.22 1.8800000000000001 -1.2096754939473996e-16
1.22 1.94 2.543818837817403e-16
1.22 2.0 6.027940081174044e-16
1.22 2.06 3.4491102647218083e-15
1.22 2.12 1.864620906708145e-17
1.22 2.18 -1.8391478132458884e-15
1.22 2.2399999999999998 -2.1812131437416407e-16
1.22 2.3000000000000003 1.0771878182016807e-16
1.22 2.36 2.715089431483611e-20
1.22 2.4200000000000004 -7.717106892866779e-21
1.22 2.48 -8.149764663251403e-22
1.22 2.5400000000000005 -2.446323878466559e-20
1.22 2.5999999999999996 0.0
1.22 2.66 0.0
1.22 2.7199999999999998 0.0
1.22 2.7800000000000002 0.0
1.22 2.84 0.0
1.22 2.9000000000000004 0.0
1.22 2.9599999999999995 0.0
1.22 3.02 0.0
1.22 3.0799999999999996 0.0
1.22 3.14 0.0
1.22 3.1999999999999997 0.0
1.22 3.2600000000000002 0.0
1.22 3.3200000000000003 0.0
1.22 3.38 0.0
1.22 3.4399999999999995 0.0
1.22 3.5 0.0
1.28 0.5 0.0
1.28 0.56 0.0
1.28 0.62 0.0
1.28 0.6799999999999999 0.0
1.28 0.74 0.0
1.28 0.8 0.0
1.28 0.86 0.0
1.28 0.92 0.0
1.28 0.98 0.0
1.28 1.04 0.0
1.28 1.1 0.0
1.28 1.1600000000000001 9.639122575825027e-7
1.28 1.22 0.00016567300061435074
1.28 1.28 0.0037119988004186057
1.28 1.34 0.03567724410635883
1.28 1.4 0.1266452475735124
1.28 1.46 0.011581615465324206
1.28 1.52 0.03321631545164169
1.28 1.58 0.00041518113620935665
1.28 1.6400000000000001 1.569963609570161e-9
1.28 1.7000000000000002 -1.116871347136517e-16
1.28 1.76 4.055652455681901e-17
1.28 1.82 3.313517286149175e-17
1.28 1.8800000000000001 -3.275498279915234e-19
1.28 1.94 3.52334278587092e-17
1.28 2.0 -1.7441421255870337e-16
1.28 2.06 -5.880817645328187e-13
1.28 2.12 3.3425691611852717e-15
1.28 2.18 4.202234825657819e-17
1.28 2.2399999999999998 1.4277276735504498e-14
1.28 2.3000000000000003 -2.0134664693922196e-15
1.28 2.36 8.81039695422449e-21
1.28 2.4200000000000004 -3.434711714337285e-21
1.28 2.48 -7.175662402358514e-21
1.28 2.5400000000000005 -1.210779904726575e-20
1.28 2.5999999999999996 0.0
1.28 2.66 0.0
1.28 2.7199999999999998 0.0
1.28 2.7800000000000002 0.0
1.28 2.84 0.0
1.28 2.9000000000000004 0.0
1.28 2.9599999999999995 0.0
1.28 3.02 0.0
1.28 3.0799999999999996 0.0
1.28 3.14 0.0
1.28 3.1999999999999997 0.0
1.28 3.2600000000000002 0.0
1.28 3.3200000000000003 0.0
1.28 3.38 0.0
1.28 3.4399999999999995 0.0
1.28 3.5 0.0
1.34 0.5 0.0
1.34 0.56 0.0
1.34 0.62 0.0
1.34 0.6799999999999999 0.0
1.34 0.74 0.0
1.34 0.8 0.0
1.34 0.86 0.0
1.34 0.92 0.0
1.34 0.98 0.0
1.34 1.04 0.0
1.34 1.1 0.0
1.34 1.1600000000000001 -2.418316989033265e-10
1.34 1.22 1.3232029039771972e-5
1.34 1.28 0.001332729592673211
1.34 1.34 0.018631019026051236
1.34 1.4 0.10138673320167785
1.34 1.46 0.2081639885666518
1.34 1.52 0.04483946800325587
1.34 1.58 0.07443638009182714
1.34 1.6400000000000001 0.00015414932561737718
1.34 1.7000000000000002 3.797845289232004e-10
1.34 1.76 -2.0452865671935206e-17
1.34 1.82 5.585836957608159e-10
1.34 1.8800000000000001 -5.910509935918817e-19
1.34 1.94 -8.788082867111925e-16
1.34 2.0 -1.8343804702942207e-18
1.34 2.06 1.098914547262218e-13
1.34 2.12 -1.6283709993843157e-14
1.34 2.18 -5.242025204673132e-18
1.34 2.2399999999999998 -2.487925982799193e-15
1.34 2.3000000000000003 -7.644262155546627e-16
1.34 2.36 -2.2068923826135733e-19
1.34 2.4200000000000004 1.2977124168155981e-20
1.34 2.48 4.15941416355018e-19
1.34 2.5400000000000005 -1.6788617022238214e-18
1.34 2.5999999999999996 0.0
1.34 2.66 0.0
1.34 2.7199999999999998 0.0
1.34 2.7800000000000002 0.0
1.34 2.84 0.0
1.34 2.9000000000000004 0.0
1.34 2.9599999999999995 0.0
1.34 3.02 0.0
1.34 3.0799999999999996 0.0
1.34 3.14 0.0
1.34 3.1999999999999997 0.0
1.34 3.2600000000000002 0.0
1.34 3.3200000000000003 0.0
1.34 3.38 0.0
1.34 3.4399999999999995 0.0
1.34 3.5 0.0
1.4 0.5 0.0
1.4 0.56 0.0
1.4 0.62 0.0
1.4 0.6799999999999999 0.0
1.4 0.74 0.0
1.4 0.8 0.0
1.4 0.86 0.0
1.4 0.92 0.0
1.4 0.98 2.9999913887670877e-5
1.4 1.04 0.0009598588215745112
1.4 1.1 0.0014280196245110605
1.4 1.1600000000000001 0.00014627220841610577
1.4 1.22 0.0014984430208719714
1.4 1.28 0.00017816248681522907
1.4 1.34 0.0022690055257049355
1.4 1.4 0.07757261073947347
1.4 1.46 0.3930810555729172
1.4 1.52 0.6266625184267063
1.4 1.58 0.11484228006615632
1.4 1.6400000000000001 0.056359981810497506
1.4 1.7000000000000002 0.002105673649078787
1.4 1.76 2.0887821698553255e-9
1.4 1.82 4.5323717569410194e-10
1.4 1.8800000000000001 -3.1824078317657457e-14
1.4 1.94 4.090058852752041e-15
1.4 2.0 1.9139299305172433e-14
1.4 2.06 -2.8313128295044484e-15
1.4 2.12 -3.474273999977406e-15
1.4 2.18 1.0136092611109907e-15
1.4 2.2399999999999998 3.628049419629679e-15
1.4 2.3000000000000003 -1.4082191570945063e-14
1.4 2.36 -2.031579173730692e-18
1.4 2.4200000000000004 -1.6882799804281443e-19
1.4 2.48 -2.8588493237193956e-20
1.4 2.5400000000000005 -7.050158072428821e-20
1.4 2.5999999999999996 1.4069121812666676e-19
1.4 2.66 0.0
1.4 2.7199999999999998 0.0
1.4 2.7800000000000002 0.0
1.4 2.84 0.0
1.4 2.9000000000000004 0.0
1.4 2.9599999999999995 0.0
1.4 3.02 0.0
1.4 3.0799999999999996 0.0
1.4 3.14 0.0
1.4 3.1999999999999997 0.0
1.4 3.2600000000000002 0.0
1.4 3.3200000000000003 0.0
1.4 3.38 0.0
1.4 3.4399999999999995 0.0
1.4 3.5 0.0
1.46 0.5 0.0
1.46 0.56 0.0
1.46 0.62 0.0
1.46 0.6799999999999999 0.0
1.46 0.74 0.0
1.46 0.8 0.0
1.46 0.86 0.0
1.46 0.92 0.0
1.46 0.98 2.5952562787675745e-9
1.46 1.04 8.04252334195847e-5
1.46 1.1 0.0036516226208214166
1.46 1.1600000000000001 0.005858697599712289
1.46 1.22 0.0008682264058918903
1.46 1.28 0.0059364304324096
1.46 1.34 0.0008482011411836595
1.46 1.4 0.01084059732849016
1.46 1.46 0.25834273115120676
1.46 1.52 0.7802484895223137
1.46 1.58 0.840434134461795
1.46 1.6400000000000001 0.37411544532082197
1.46 1.7000000000000002 0.944484358080952
1.46 1.76 -0.013157414315193988
1.46 1.82 3.4866756611142056e-9
1.46 1.8800000000000001 -2.972404318778541e-13
1.46 1.94 4.239891146257414e-12
1.46 2.0 1.343461529361945e-12
1.46 2.06 3.470739803971664e-13
1.46 2.12 4.1915193163316707e-13
1.46 2.18 -2.559406543470891e-13
1.46 2.2399999999999998 9.828712193991986e-15
1.46 2.3000000000000003 5.337256720090497e-14
1.46 2.36 4.586431576595454e-18
1.46 2.4200000000000004 -3.468991673769253e-17
1.46 2.48 -9.097632885934513e-19
1.46 2.5400000000000005 6.158564087245061e-19
1.46 2.5999999999999996 1.7674546532692715e-19
1.46 2.66 0.0
1.46 2.7199999999999998 0.0
1.46 2.7800000000000002 0.0
1.46 2.84 0.0
1.46 2.9000000000000004 0.0
1.46 2.9599999999999995 0.0
1.46 3.02 0.0
1.46 3.0799999999999996 0.0
1.46 3.14 0.0
1.46 3.1999999999999997 0.0
1.46 3.2600000000000002 0.0
1.46 3.3200000000000003 0.0
1.46 3.38 0.0
1.46 3.4399999999999995 0.0
1.46 3.5 0.0
1.52 0.5 0.0
1.52 0.56 0.0
1.52 0.62 0.0
1.52 0.6799999999999999 0.0
1.52 0.74 0.0
1.52 0.8 0.0
1.52 0.86 0.0
1.52 0.92 0.0
1.52 0.98 1.4572311332776638e-10
1.52 1.04 5.863520618469652e-13
1.52 1.1 0.0003383264532015271
1.52 1.1600000000000001 0.010440490796593357
1.52 1.22 0.02823814373713933
1.52 1.28 0.0042581599227460515
1.52 1.34 0.019065636759231838
1.52 1.4 0.0031907104984822176
1.52 1.46 0.041441245681993734
1.52 1.52 0.7211185136311267
1.52 1.58 1.5382693689690956
1.52 1.6400000000000001 0.9938197601963978
1.52 1.7000000000000002 0.9474548174003586
1.52 1.76 1.9068553415386986
1.52 1.82 0.0037474463303762474
1.52 1.8800000000000001 -2.9800663081999313e-9
1.52 1.94 2.2511960018387532e-10
1.52 2.0 1.1466141169605169e-10
1.52 2.06 -2.484388837660531e-11
1.52 2.12 -7.714909882259107e-12
1.52 2.18 6.149511008182848e-11
1.52 2.2399999999999998 4.853488396186182e-12
1.52 2.3000000000000003 -3.2307005905822497e-12
1.52 2.36 3.435126658161515e-18
1.52 2.4200000000000004 3.318119153907124e-19
1.52 2.48 1.1873111740552057e-17
1.52 2.5400000000000005 4.430540342216828e-17
1.52 2.5999999999999996 7.184475992503394e-17
1.52 2.66 0.0
1.52 2.7199999999999998 0.0
1.52 2.7800000000000002 0.0
1.52 2.84 0.0
1.52 2.9000000000000004 0.0
1.52 2.9599999999999995 0.0
1.52 3.02 0.0
1.52 3.0799999999999996 0.0
1.52 3.14 0.0
1.52 3.1999999999999997 0.0
1.52 3.2600000000000002 0.0
1.52 3.3200000000000003 0.0
1.52 3.38 0.0
1.52 3.4399999999999995 0.0
1.52 3.5 0.0
1.58 0.5 0.0
1.58 0.56 0.0
1.58 0.62 0.0
1.58 0.6799999999999999 0.0
1.58 0.74 0.0
1.58 0.8 0.0
1.58 0.86 0.0
1.58 0.92 0.0
1.58 0.98 4.150010600958377e-12
1.58 1.04 -3.969418756621972e-12
1.58 1.1 -6.160427248596957e-9
1.58 1.1600000000000001 0.002315298116448559
1.58 1.22 0.011897314148970198
1.58 1.28 0.10405112784308229
1.58 1.34 0.016757084804938923
1.58 1.4 0.05234485674969831
1.58 1.46 0.013353952442992463
1.58 1.52 0.13025406132923514
1.58 1.58 1.6261851287228295
1.58 1.6400000000000001 2.25717513637115
1.58 1.7000000000000002 1.0462228457377836
1.58 1.76 1.8714851996117159
1.58 1.82 3.1178589245724297
1.58 1.8800000000000001 0.015217399009486526
1.58 1.94 3.2747599220953243e-7
1.58 2.0 5.4144669267880016e-8
1.58 2.06 -2.948765071032086e-9
1.58 2.12 6.619693073227019e-11
1.58 2.18 -8.521607652524485e-10
1.58 2.2399999999999998 2.453778172724049e-10
1.58 2.3000000000000003 1.2789661798323999e-9
1.58 2.36 -8.135515399200331e-17
1.58 2.4200000000000004 -2.5890940638712726e-16
1.58 2.48 -1.7651470000323724e-16
1.58 2.5400000000000005 3.393967421547304e-15
1.58 2.5999999999999996 5.145039166781569e-15
1.58 2.66 0.0
1.58 2.7199999999999998 0.0
1.58 2.7800000000000002 0.0
1.58 2.84 0.0
1.58 2.9000000000000004 0.0
1.58 2.9599999999999995 0.0
1.58 3.02 0.0
1.58 3.0799999999999996 0.0
1.58 3.14 0.0
1.58 3.1999999999999997 0.0
1.58 3.2600000000000002 0.0
1.58 3.3200000000000003 0.0
1.58 3.38 0.0
1.58 3.4399999999999995 0.0
1.58 3.5 0.0
1.6400000000000001 0.5 0.0
1.6400000000000001 0.56 0.0
1.6400000000000001 0.62 0.0
1.6400000000000001 0.6799999999999999 0.0
1.6400000000000001 0.74 0.0
1.6400000000000001 0.8 0.0
1.6400000000000001 0.86 0.0
1.6400000000000001 0.92 0.0
1.6400000000000001 0.98 -1.830219044928943e-14
1.6400000000000001 1.04 1.753488165904095e-14
1.6400000000000001 1.1 2.7224133055430564e-11
1.6400000000000001 1.1600000000000001 -2.925363701628773e-13
1.6400000000000001 1.22 0.003680925706490009
1.6400000000000001 1.28 0.11573394748912785
1.6400000000000001 1.34 0.2008718052902097
1.6400000000000001 1.4 0.060391019005154103
1.6400000000000001 1.46 0.15920220661599763
1.6400000000000001 1.52 0.05442651400699843
1.6400000000000001 1.58 0.32450243225781505
1.6400000000000001 1.6400000000000001 2.903703123232488
1.6400000000000001 1.7000000000000002 2.791225644340808
1.6400000000000001 1.76 1.1826447641160354
1.6400000000000001 1.82 3.0259880176622396
1.6400000000000001 1.8800000000000001 4.237090651029179
1.6400000000000001 1.94 0.011292729342406813
1.6400000000000001 2.0 9.24528709869173e-6
1.6400000000000001 2.06 2.2034717302491305e-6
1.6400000000000001 2.12 5.4421292615345556e-8
1.6400000000000001 2.18 1.4097651212898501e-8
1.6400000000000001 2.2399999999999998 -2.885120860623321e-9
1.6400000000000001 2.3000000000000003 1.076374750980824e-9
1.6400000000000001 2.36 -6.894634794657643e-16
1.6400000000000001 2.4200000000000004 9.035747045738e-15
1.6400000000000001 2.48 -2.113168736837182e-17
1.6400000000000001 2.5400000000000005 3.238140761955361e-17
1.6400000000000001 2.5999999999999996 7.340185094652104e-18
1.6400000000000001 2.66 0.0
1.6400000000000001 2.7199999999999998 0.0
1.6400000000000001 2.7800000000000002 0.0
1.6400000000000001 2.84 0.0
1.6400000000000001 2.9000000000000004 0.0
1.6400000000000001 2.9599999999999995 0.0
1.6400000000000001 3.02 0.0
1.6400000000000001 3.0799999999999996 0.0
1.6400000000000001 3.14 0.0
1.6400000000000001 3.1999999999999997 0.0
1.6400000000000001 3.2600000000000002 0.0
1.6400000000000001 3.3200000000000003 0.0
1.6400000000000001 3.38 0.0
1.6400000000000001 3.4399999999999995 0.0
1.6400000000000001 3.5 0.0
1.7000000000000002 0.5 0.0
1.7000000000000002 0.56 0.0
1.7000000000000002 0.62 0.0
1.7000000000000002 0.6799999999999999 0.0
1.7000000000000002 0.74 0.0
1.7000000000000002 0.8 0.0
1.7000000000000002 0.86 0.0
1.7000000000000002 0.92 0.0
1.7000000000000002 0.98 7.307894526936054e-19
1.7000000000000002 1.04 -7.674537777836689e-18
1.7000000000000002 1.1 -4.7907817834490196e-15
1.7000000000000002 1.1600000000000001 -1.963337768603841e-16
1.7000000000000002 1.22 6.029645696776221e-9
1.7000000000000002 1.28 0.03058809302786251
1.7000000000000002 1.34 0.2640363134783076
1.7000000000000002 1.4 0.493414468699815
1.7000000000000002 1.46 0.17159460874052168
1.7000000000000002 1.52 0.5515236027115572
1.7000000000000002 1.58 0.16774936305618152
1.7000000000000002 1.6400000000000001 0.6772357792714477
1.7000000000000002 1.7000000000000002 4.353129293921921
1.7000000000000002 1.76 3.001393667587505
1.7000000000000002 1.82 1.2178914143465815
1.7000000000000002 1.8800000000000001 4.267498361013225
1.7000000000000002 1.94 4.943505309668596
1.7000000000000002 2.0 0.0770360161844494
1.7000000000000002 2.06 5.705562163489449e-6
1.7000000000000002 2.12 1.7740820815944987e-5
1.7000000000000002 2.18 2.4790516721877247e-6
1.7000000000000002 2.2399999999999998 -2.1238373245660315e-8
1.7000000000000002 2.3000000000000003 3.795482148334166e-8
1.7000000000000002 2.36 1.7807201453323615e-15
1.7000000000000002 2.4200000000000004 1.3081441631513376e-15
1.7000000000000002 2.48 -7.298427137916575e-18
1.7000000000000002 2.5400000000000005 6.832855801233631e-17
1.7000000000000002 2.5999999999999996 -1.8526289303600316e-18
1.7000000000000002 2.66 0.0
1.7000000000000002 2.7199999999999998 0.0
1.7000000000000002 2.7800000000000002 0.0
1.7000000000000002 2.84 0.0
1.7000000000000002 2.9000000000000004 0.0
1.7000000000000002 2.9599999999999995 0.0
1.7000000000000002 3.02 0.0
1.7000000000000002 3.0799999999999996 0.0
1.7000000000000002 3.14 0.0
1.7000000000000002 3.1999999999999997 0.0
1.7000000000000002 3.2600000000000002 0.0
1.7000000000000002 3.3200000000000003 0.0
1.7000000000000002 3.38 0.0
1.7000000000000002 3.4399999999999995 0.0
1.7000000000000002 3.5 0.0
1.76 0.5 0.0
1.76 0.56 0.0
1.76 0.62 0.0
1.76 0.6799999999999999 0.0
1.76 0.74 0.0
1.76 0.8 0.0
1.76 0.86 0.0
1.76 0.92 0.0
1.76 0.98 5.6639095233813746e-18
1.76 1.04 1.8965580633821678e-17
1.76 1.1 7.405847263519025e-16
1.76 1.1600000000000001 -3.0834611051603665e-16
1.76 1.22 1.0367266986417419e-16
1.76 1.28 3.503426350032031e-11
1.76 1.34 0.006154764964690522
1.76 1.4 0.5157380948343895
1.76 1.46 0.8670751190166964
1.76 1.52 0.38636481683553603
1.76 1.58 1.4721116029822625
1.76 1.6400000000000001 0.3558515276984687
1.76 1.7000000000000002 1.1784949994305698
1.76 1.76 6.4020066719918916
1.76 1.82 2.966094162866347
1.76 1.8800000000000001 1.6382512953452735
1.76 1.94 4.803439121332117
1.76 2.0 5.158302062784922
1.76 2.06 0.08861676556738664
1.76 2.12 9.632166705233882e-5
1.76 2.18 0.00011010147579896099
1.76 2.2399999999999998 3.6168938829549234e-5
1.76 2.3000000000000003 -1.2359237612546724e-5
1.76 2.36 -5.1568854614859496e-17
1.76 2.4200000000000004 -1.9043776591693057e-14
1.76 2.48 -5.330884695029493e-17
1.76 2.5400000000000005 -5.465512622443439e-17
1.76 2.5999999999999996 -2.0464150989430078e-16
1.76 2.66 0.0
1.76 2.7199999999999998 0.0
1.76 2.7800000000000002 0.0
1.76 2.84 0.0
1.76 2.9000000000000004 0.0
1.76 2.9599999999999995 0.0
1.76 3.02 0.0
1.76 3.0799999999999996 0.0
1.76 3.14 0.0
1.76 3.1999999999999997 0.0
1.76 3.2600000000000002 0.0
1.76 3.3200000000000003 0.0
1.76 3.38 0.0
1.76 3.4399999999999995 0.0
1.76 3.5 0.0
1.82 0.5 0.0
1.82 0.56 0.0
1.82 0.62 0.0
1.82 0.6799999999999999 0.0
1.82 0.74 0.0
1.82 0.8 0.0
1.82 0.86 0.0
1.82 0.92 0.0
1.82 0.98 1.6990527876280748e-17
1.82 1.04 -3.24502953450868e-16
1.82 1.1 1.3343026277373378e-16
1.82 1.1600000000000001 -2.1199798116481428e-16
1.82 1.22 -1.642219344863707e-17
1.82 1.28 7.103081734911213e-16
1.82 1.34 -3.2922536573475624e-8
1.82 1.4 0.012606520799066243
1.82 1.46 0.7963360830720286
1.82 1.52 1.6069889374960113
1.82 1.58 0.6980325914259905
1.82 1.6400000000000001 2.6475573315091334
1.82 1.7000000000000002 0.742611919900442
1.82 1.76 1.821714897263722
1.82 1.82 9.265820044266832
1.82 1.8800000000000001 2.768905442718892
1.82 1.94 2.3068963068735386
1.82 2.0 4.81255681000241
1.82 2.06 4.147933426007653
1.82 2.12 0.024991279415965087
1.82 2.18 0.00022883810635010665
1.82 2.2399999999999998 0.00021731586846746118
1.82 2.3000000000000003 0.00013425542178364337
1.82 2.36 -7.74906123236299e-17
1.82 2.4200000000000004 -3.515452724498473e-15
1.82 2.48 -2.0002196750050044e-16
1.82 2.5400000000000005 -1.0646208776522409e-16
1.82 2.5999999999999996 -6.610009658583381e-17
1.82 2.66 0.0
1.82 2.7199999999999998 0.0
1.82 2.7800000000000002 0.0
1.82 2.84 0.0
1.82 2.9000000000000004 0.0
1.82 2.9599999999999995 0.0
1.82 3.02 0.0
1.82 3.0799999999999996 0.0
1.82 3.14 0.0
1.82 3.1999999999999997 0.0
1.82 3.2600000000000002 0.0
1.82 3.3200000000000003 0.0
1.82 3.38 0.0
1.82 3.4399999999999995 0.0
1.82 3.5 0.0
1.8800000000000001 0.5 0.0
1.8800000000000001 0.56 0.0
1.8800000000000001 0.62 0.0
1.8800000000000001 0.6799999999999999 0.0
1.8800000000000001 0.74 0.0
1.8800000000000001 0.8 0.0
1.8800000000000001 0.86 0.0
1.8800000000000001 0.92 0.0
1.8800000000000001 0.98 -4.2498646293876416e-17
1.8800000000000001 1.04 -7.675280079324156e-19
1.8800000000000001 1.1 -8.944956268292507e-16
1.8800000000000001 1.1600000000000001 -1.2356110132051194e-16
1.8800000000000001 1.22 -5.058810088040337e-16
1.8800000000000001 1.28 2.123981008801337e-15
1.8800000000000001 1.34 7.807185551066319e-9
1.8800000000000001 1.4 -1.1080006158095151e-6
1.8800000000000001 1.46 0.06807181512447236
1.8800000000000001 1.52 0.9077427352560555
1.8800000000000001 1.58 2.2111981840221
1.8800000000000001 1.6400000000000001 1.0092666797938141
1.8800000000000001 1.7000000000000002 3.5297113799946183
1.8800000000000001 1.76 1.2470827934137088
1.8800000000000001 1.82 2.530777114208465
1.8800000000000001 1.8800000000000001 12.191986851470675
1.8800000000000001 1.94 3.003309400153676
1.8800000000000001 2.0 2.5740185408975735
1.8800000000000001 2.06 4.172231144413748
1.8800000000000001 2.12 2.7330938169830983
1.8800000000000001 2.18 0.023161330519695187
1.8800000000000001 2.2399999999999998 0.0008091701248493163
1.8800000000000001 2.3000000000000003 0.0005579972748195803
1.8800000000000001 2.36 -5.982325720030126e-15
1.8800000000000001 2.4200000000000004 -1.4686195348872995e-11
1.8800000000000001 2.48 -1.5090926188588192e-16
1.8800000000000001 2.5400000000000005 -9.394703916761253e-15
1.8800000000000001 2.5999999999999996 -1.131525965323379e-16
1.8800000000000001 2.66 0.0
1.8800000000000001 2.7199999999999998 0.0
1.8800000000000001 2.7800000000000002 0.0
1.8800000000000001 2.84 0.0
1.8800000000000001 2.9000000000000004 0.0
1.8800000000000001 2.9599999999999995 0.0
1.8800000000000001 3.02 0.0
1.8800000000000001 3.0799999999999996 0.0
1.8800000000000001 3.14 0.0
1.8800000000000001 3.1999999999999997 0.0
1.8800000000000001 3.2600000000000002 0.0
1.8800000000000001 3.3200000000000003 0.0
1.8800000000000001 3.38 0.0
1.8800000000000001 3.4399999999999995 0.0
1.8800000000000001 3.5 0.0
1.94 0.5 0.0
1.94 0.56 0.0
1.94 0.62 0.0
1.94 0.6799999999999999 0.0
1.94 0.74 0.0
1.94 0.8 0.0
1.94 0.86 0.0
1.94 0.92 0.0
1.94 0.98 2.932337426699981e-17
1.94 1.04 -1.7731421215593503e-16
1.94 1.1 -8.631418029949015e-17
1.94 1.1600000000000001 4.923112092664224e-17
1.94 1.22 -6.176154422597284e-16
1.94 1.28 -8.63029434668693e-16
1.94 1.34 -1.387848501926879e-8
1.94 1.4 9.534569004344084e-7
1.94 1.46 2.0427324489600347e-7
1.94 1.52 0.11656150147322723
1.94 1.58 0.7681082096506988
1.94 1.6400000000000001 2.5562572651812876
1.94 1.7000000000000002 1.2908163579033138
1.94 1.76 4.201508936437125
1.94 1.82 1.872706096728148
1.94 1.8800000000000001 2.8295016645354476
1.94 1.94 13.6107421970057
1.94 2.0 3.623892826929364
1.94 2.06 2.618338722024143
1.94 2.12 2.97962368609031
1.94 2.18 1.6481648658128145
1.94 2.2399999999999998 0.07372251592757943
1.94 2.3000000000000003 0.002036019250735925
1.94 2.36 -3.459818572955638e-10
1.94 2.4200000000000004 -8.940380670827488e-7
1.94 2.48 -1.8629792614355695e-11
1.94 2.5400000000000005 -6.266573462382904e-10
1.94 2.5999999999999996 -1.763601879512046e-16
1.94 2.66 0.0
1.94 2.7199999999999998 0.0
1.94 2.7800000000000002 0.0
1.94 2.84 0.0
1.94 2.9000000000000004 0.0
1.94 2.9599999999999995 0.0
1.94 3.02 0.0
1.94 3.0799999999999996 0.0
1.94 3.14 0.0
1.94 3.1999999999999997 0.0
1.94 3.2600000000000002 0.0
1.94 3.3200000000000003 0.0
1.94 3.38 0.0
1.94 3.4399999999999995 0.0
1.94 3.5 0.0
2.0 0.5 0.0
2.0 0.56 0.0
2.0 0.62 0.0
2.0 0.6799999999999999 0.0
2.0 0.74 0.0
2.0 0.8 0.0
2.0 0.86 0.0
2.0 0.92 0.0
2.0 0.98 -3.268461387040037e-17
2.0 1.04 2.12917593820588e-16
2.0 1.1 -3.0285238351515694e-16
2.0 1.1600000000000001 -1.5646343330259285e-17
2.0 1.22 -4.0112226875952735e-16
2.0 1.28 -4.3127554553904423e-16
2.0 1.34 -1.2325760643802012e-7
2.0 1.4 8.172827850759877e-6
2.0 1.46 -6.004790869446884e-6
2.0 1.52 8.818347440429176e-5
2.0 1.58 0.019482329102271614
2.0 1.6400000000000001 0.5376448051073622
2.0 1.7000000000000002 2.5134244989227867
2.0 1.76 1.3830064329322243
2.0 1.82 4.269907096434371
2.0 1.8800000000000001 2.470074043144245
2.0 1.94 2.95333002781912
2.0 2.0 11.596180180784717
2.0 2.06 3.6490669415158252
2.0 2.12 2.186278899619648
2.0 2.18 1.7774576025251438
2.0 2.2399999999999998 0.8574985614886942
2.0 2.3000000000000003 0.018245055156701377
2.0 2.36 1.922874470967939e-7
2.0 2.4200000000000004 -7.98357541185045e-6
2.0 2.48 -1.6635709418009024e-10
2.0 2.5400000000000005 -5.5959255198809266e-9
2.0 2.5999999999999996 1.0490406761511396e-15
2.0 2.66 0.0
2.0 2.7199999999999998 0.0
2.0 2.7800000000000002 0.0
2.0 2.84 0.0
2.0 2.9000000000000004 0.0
2.0 2.9599999999999995 0.0
2.0 3.02 0.0
2.0 3.0799999999999996 0.0
2.0 3.14 0.0
2.0 3.1999999999999997 0.0
2.0 3.2600000000000002 0.0
2.0 3.3200000000000003 0.0
2.0 3.38 0.0
2.0 3.4399999999999995 0.0
2.0 3.5 0.0
2.06 0.5 0.0
2.06 0.56 0.0
2.06 0.62 0.0
2.06 0.6799999999999999 0.0
2.06 0.74 0.0
2.06 0.8 0.0
2.06 0.86 0.0
2.06 0.92 0.0
2.06 0.98 -6.7824449516052946e-18
2.06 1.04 -5.989882261117248e-17
2.06 1.1 -6.980900359843612e-18
2.06 1.1600000000000001 2.2663192654187242e-17
2.06 1.22 -1.008062114229954e-16
2.06 1.28 -2.888203516930428e-16
2.06 1.34 2.3602137965099088e-12
2.06 1.4 -1.0194591022878817e-9
2.06 1.46 1.2132237627248195e-6
2.06 1.52 -4.5643720636098704e-5
2.06 1.58 0.00011619387225559668
2.06 1.6400000000000001 0.0854930344143654
2.06 1.7000000000000002 0.3142560901490839
2.06 1.76 2.0861203315221815
2.06 1.82 1.131491417240138
2.06 1.8800000000000001 3.693559540397801
2.06 1.94 2.745390435715969
2.06 2.0 2.7419886216296767
2.06 2.06 7.3304084339395335
2.06 2.12 3.2316452204586037
2.06 2.18 1.2611394320425968
2.06 2.2399999999999998 0.8769275956407981
2.06 2.3000000000000003 0.427454150156485
2.06 2.36 0.006865651234500098
2.06 2.4200000000000004 2.583661001053099e-7
2.06 2.48 2.7600898457405904e-13
2.06 2.5400000000000005 1.0861367467960973e-13
2.06 2.5999999999999996 1.1902872989622885e-15
2.06 2.66 0.0
2.06 2.7199999999999998 0.0
2.06 2.7800000000000002 0.0
2.06 2.84 0.0
2.06 2.9000000000000004 0.0
2.06 2.9599999999999995 0.0
2.06 3.02 0.0
2.06 3.0799999999999996 0.0
2.06 3.14 0.0
2.06 3.1999999999999997 0.0
2.06 3.2600000000000002 0.0
2.06 3.3200000000000003 0.0
2.06 3.38 0.0
2.06 3.4399999999999995 0.0
2.06 3.5 0.0
2.12 0.5 0.0
2.12 0.56 0.0
2.12 0.62 0.0
2.12 0.6799999999999999 0.0
2.12 0.74 0.0
2.12 0.8 0.0
2.12 0.86 0.0
2.12 0.92 0.0
2.12 0.98 4.704965928962906e-18
2.12 1.04 7.91588387007787e-18
2.12 1.1 -5.936149740717806e-16
2.12 1.1600000000000001 2.894137430176142e-17
2.12 1.22 -2.1889607788533395e-18
2.12 1.28 1.3534288068320098e-14
2.12 1.34 3.5996434877210934e-11
2.12 1.4 -7.939220831065485e-10
2.12 1.46 -1.871217150139178e-8
2.12 1.52 9.069082370737517e-6
2.12 1.58 -0.0001010876416607619
2.12 1.6400000000000001 9.950408201864264e-5
2.12 1.7000000000000002 0.018790963849636626
2.12 1.76 0.12635317574487187
2.12 1.82 1.3555958141590125
2.12 1.8800000000000001 0.7857538901911506
2.12 1.94 2.654288036440408
2.12 2.0 2.4914949279312206
2.12 2.06 2.111690724542852
2.12 2.12 3.2533073677898003
2.12 2.18 1.7833710664719762
2.12 2.2399999999999998 0.694066541851711
2.12 2.3000000000000003 0.22927724015584694
2.12 2.36 0.16785462749309568
2.12 2.4200000000000004 0.004620430794053677
2.12 2.48 6.378195795186265e-7
2.12 2.5400000000000005 5.010417641469688e-13
2.12 2.5999999999999996 1.0239865910434172e-15
2.12 2.66 0.0
2.12 2.7199999999999998 0.0
2.12 2.7800000000000002 0.0
2.12 2.84 0.0
2.12 2.9000000000000004 0.0
2.12 2.9599999999999995 0.0
2.12 3.02 0.0
2.12 3.0799999999999996 0.0
2.12 3.14 0.0
2.12 3.1999999999999997 0.0
2.12 3.2600000000000002 0.0
2.12 3.3200000000000003 0.0
2.12 3.38 0.0
2.12 3.4399999999999995 0.0
2.12 3.5 0.0
2.18 0.5 0.0
2.18 0.56 0.0
2.18 0.62 0.0
2.18 0.6799999999999999 0.0
2.18 0.74 0.0
2.18 0.8 0.0
2.18 0.86 0.0
2.18 0.92 0.0
2.18 0.98 5.473505398679634e-16
2.18 1.04 -5.27929903928305e-16
2.18 1.1 -8.213904128414808e-13
2.18 1.1600000000000001 2.2140478190847916e-17
2.18 1.22 -3.801181468407563e-17
2.18 1.28 -4.815267587676599e-12
2.18 1.34 -1.6227333549598082e-10
2.18 1.4 7.260564875456393e-10
2.18 1.46 -3.627729670140125e-9
2.18 1.52 1.6702202073404626e-7
2.18 1.58 -6.671407948717624e-5
2.18 1.6400000000000001 5.229812412479566e-5
2.18 1.7000000000000002 -0.0003078514942115242
2.18 1.76 0.00984512018039806
2.18 1.82 0.09176375222532716
2.18 1.8800000000000001 0.7238076878731969
2.18 1.94 0.44505020991635547
2.18 2.0 1.5765264175607845
2.18 2.06 1.8021301381113233
2.18 2.12 1.2460537376379726
2.18 2.18 0.9551103243372145
2.18 2.2399999999999998 0.9498728282660955
2.18 2.3000000000000003 0.32005898813967903
2.18 2.36 0.03864551738563287
2.18 2.4200000000000004 0.05408207878917035
2.18 2.48 0.001329358987356557
2.18 2.5400000000000005 7.194272822657921e-7
2.18 2.5999999999999996 6.40763238646852e-16
2.18 2.66 0.0
2.18 2.7199999999999998 0.0
2.18 2.7800000000000002 0.0
2.18 2.84 0.0
2.18 2.9000000000000004 0.0
2.18 2.9599999999999995 0.0
2.18 3.02 0.0
2.18 3.0799999999999996 0.0
2.18 3.14 0.0
2.18 3.1999999999999997 0.0
2.18 3.2600000000000002 0.0
2.18 3.3200000000000003 0.0
2.18 3.38 0.0
2.18 3.4399999999999995 0.0
2.18 3.5 0.0
2.2399999999999998 0.5 0.0
2.2399999999999998 0.56 0.0
2.2399999999999998 0.62 0.0
2.2399999999999998 0.6799999999999999 0.0
2.2399999999999998 0.74 0.0
2.2399999999999998 0.8 0.0
2.2399999999999998 0.86 0.0
2.2399999999999998 0.92 0.0
2.2399999999999998 0.98 4.907532568904647e-16
2.2399999999999998 1.04 -7.623919742425702e-16
2.2399999999999998 1.1 -7.286011104697659e-13
2.2399999999999998 1.1600000000000001 2.858987648433358e-17
2.2399999999999998 1.22 -4.721619317705296e-16
2.2399999999999998 1.28 -4.3292133505731766e-12
2.2399999999999998 1.34 3.129088455069258e-10
2.2399999999999998 1.4 -1.3931541677261209e-9
2.2399999999999998 1.46 1.5512474241404237e-9
2.2399999999999998 1.52 -6.872304909983614e-8
2.2399999999999998 1.58 2.572184501837114e-5
2.2399999999999998 1.6400000000000001 -0.0005410480687315974
2.2399999999999998 1.7000000000000002 0.0001985803741770614
2.2399999999999998 1.76 -0.001521205190503767
2.2399999999999998 1.82 -0.0006023078662504237
2.2399999999999998 1.8800000000000001 0.05836584383366413
2.2399999999999998 1.94 0.42888858364509963
2.2399999999999998 2.0 0.21045914578330302
2.2399999999999998 2.06 0.752820315954894
2.2399999999999998 2.12 0.9541880041474187
2.2399999999999998 2.18 0.5713812086132307
2.2399999999999998 2.2399999999999998 0.3139666656414277
2.2399999999999998 2.3000000000000003 0.33999277821215007
2.2399999999999998 2.36 0.06917845261506178
2.2399999999999998 2.4200000000000004 0.0126823304784768
2.2399999999999998 2.48 0.016625064755182325
2.2399999999999998 2.5400000000000005 0.0003541432919646703
2.2399999999999998 2.5999999999999996 5.002782208374596e-17
2.2399999999999998 2.66 0.0
2.2399999999999998 2.7199999999999998 0.0
2.2399999999999998 2.7800000000000002 0.0
2.2399999999999998 2.84 0.0
2.2399999999999998 2.9000000000000004 0.0
2.2399999999999998 2.9599999999999995 0.0
2.2399999999999998 3.02 0.0
2.2399999999999998 3.0799999999999996 0.0
2.2399999999999998 3.14 0.0
2.2399999999999998 3.1999999999999997 0.0
2.2399999999999998 3.2600000000000002 0.0
2.2399999999999998 3.3200000000000003 0.0
2.2399999999999998 3.38 0.0
2.2399999999999998 3.4399999999999995 0.0
2.2399999999999998 3.5 0.0
2.3000000000000003 0.5 0.0
2.3000000000000003 0.56 0.0
2.3000000000000003 0.62 0.0
2.3000000000000003 0.6799999999999999 0.0
2.3000000000000003 0.74 0.0
2.3000000000000003 0.8 0.0
2.3000000000000003 0.86 0.0
2.3000000000000003 0.92 0.0
2.3000000000000003 0.98 -8.751278689430595e-19
2.3000000000000003 1.04 -8.038531628603382e-18
2.3000000000000003 1.1 1.18093915693454e-16
2.3000000000000003 1.1600000000000001 -6.4310656727215084e-18
2.3000000000000003 1.22 -9.581188167835831e-18
2.3000000000000003 1.28 3.0621189534250297e-15
2.3000000000000003 1.34 4.472501277885799e-12
2.3000000000000003 1.4 -2.756388136179824e-11
2.3000000000000003 1.46 -6.049330474950575e-11
2.3000000000000003 1.52 -3.155320718701504e-8
2.3000000000000003 1.58 -9.502859267607915e-7
2.3000000000000003 1.6400000000000001 0.0002472072428906525
2.3000000000000003 1.7000000000000002 -0.0008849102322934953
2.3000000000000003 1.76 -0.00027633886602526555
2.3000000000000003 1.82 -0.0016855661467764956
2.3000000000000003 1.8800000000000001 0.004456140260209014
2.3000000000000003 1.94 0.06825309576753068
2.3000000000000003 2.0 0.1973964607458169
2.3000000000000003 2.06 0.08377421555459422
2.3000000000000003 2.12 0.23901028968193877
2.3000000000000003 2.18 0.37652630083418387
2.3000000000000003 2.2399999999999998 0.1656041921634693
2.3000000000000003 2.3000000000000003 0.08493166435240215
2.3000000000000003 2.36 0.03689107852526907
2.3000000000000003 2.4200000000000004 0.010728496901179519
2.3000000000000003 2.48 0.0024125019232213475
2.3000000000000003 2.5400000000000005 0.004260774923360057
2.3000000000000003 2.5999999999999996 8.19926255508627e-18
2.3000000000000003 2.66 0.0
2.3000000000000003 2.7199999999999998 0.0
2.3000000000000003 2.7800000000000002 0.0
2.3000000000000003 2.84 0.0
2.3000000000000003 2.9000000000000004 0.0
2.3000000000000003 2.9599999999999995 0.0
2.3000000000000003 3.02 0.0
2.3000000000000003 3.0799999999999996 0.0
2.3000000000000003 3.14 0.0
2.3000000000000003 3.1999999999999997 0.0
2.3000000000000003 3.2600000000000002 0.0
2.3000000000000003 3.3200000000000003 0.0
2.3000000000000003 3.38 0.0
2.3000000000000003 3.4399999999999995 0.0
2.3000000000000003 3.5 0.0
2.36 0.5 0.0
2.36 0.56 0.0
2.36 0.62 0.0
2.36 0.6799999999999999 0.0
2.36 0.74 0.0
2.36 0.8 0.0
2.36 0.86 0.0
2.36 0.92 0.0
2.36 0.98 3.0230365165192677e-18
2.36 1.04 1.7654621517107666e-16
2.36 1.1 -2.3925571047292014e-16
2.36 1.1600000000000001 4.426247634292866e-19
2.36 1.22 6.441175106417228e-18
2.36 1.28 1.2618475300343522e-15
2.36 1.34 -2.4994216351096726e-15
2.36 1.4 -2.758046385868653e-13
2.36 1.46 -2.118092963123762e-14
2.36 1.52 -1.6099410166882528e-15
2.36 1.58 -3.9380707431146227e-14
2.36 1.6400000000000001 6.692733908310109e-15
2.36 1.7000000000000002 -4.2082268230837253e-16
2.36 1.76 -1.513073086054969e-11
2.36 1.82 3.4565874049177124e-9
2.36 1.8800000000000001 2.778010593359939e-5
2.36 1.94 7.951934145831492e-5
2.36 2.0 4.707971132702947e-5
2.36 2.06 0.033943782114959804
2.36 2.12 0.006191700872184213
2.36 2.18 0.040558827004723755
2.36 2.2399999999999998 0.07763670593393018
2.36 2.3000000000000003 0.041111879656581564
2.36 2.36 0.0034930799612875444
2.36 2.4200000000000004 0.0007380603941350326
2.36 2.48 1.881971098058801e-9
2.36 2.5400000000000005 1.3841767610881145e-13
2.36 2.5999999999999996 -2.282013461268516e-17
2.36 2.66 0.0
2.36 2.7199999999999998 0.0
2.36 2.7800000000000002 0.0
2.36 2.84 0.0
2.36 2.9000000000000004 0.0
2.36 2.9599999999999995 0.0
2.36 3.02 0.0
2.36 3.0799999999999996 0.0
2.36 3.14 0.0
2.36 3.1999999999999997 0.0
2.36 3.2600000000000002 0.0
2.36 3.3200000000000003 0.0
2.36 3.38 0.0
2.36 3.4399999999999995 0.0
2.36 3.5 0.0
2.4200000000000004 0.5 0.0
2.4200000000000004 0.56 0.0
2.4200000000000004 0.62 0.0
2.4200000000000004 0.6799999999999999 0.0
2.4200000000000004 0.74 0.0
2.4200000000000004 0.8 0.0
2.4200000000000004 0.86 0.0
2.4200000000000004 0.92 0.0
2.4200000000000004 0.98 8.927835752136633e-19
2.4200000000000004 1.04 -7.247513857847918e-18
2.4200000000000004 1.1 4.1565998522471754e-17
2.4200000000000004 1.1600000000000001 -3.384284928697108e-19
2.4200000000000004 1.22 2.39123357032642e-19
2.4200000000000004 1.28 3.3675435723214376e-16
2.4200000000000004 1.34 -7.059266873023208e-16
2.4200000000000004 1.4 -1.7212062288694438e-14
2.4200000000000004 1.46 -2.9153404524276094e-17
2.4200000000000004 1.52 4.0757628879131204e-16
2.4200000000000004 1.58 7.328070322690501e-16
2.4200000000000004 1.6400000000000001 -5.791503880271561e-16
2.4200000000000004 1.7000000000000002 -1.3501092751368696e-16
2.4200000000000004 1.76 -9.939992037762716e-14
2.4200000000000004 1.82 -7.381887961737632e-13
2.4200000000000004 1.8800000000000001 8.623939240254319e-10
2.4200000000000004 1.94 3.771235420626306e-7
2.4200000000000004 2.0 0.0002456547512540849
2.4200000000000004 2.06 -3.4297140722814776e-5
2.4200000000000004 2.12 0.009483151191837876
2.4200000000000004 2.18 0.000940322469185778
2.4200000000000004 2.2399999999999998 0.0053977640068881534
2.4200000000000004 2.3000000000000003 0.016226955273777655
2.4200000000000004 2.36 0.005064031710729949
2.4200000000000004 2.4200000000000004 0.0012036376347124064
2.4200000000000004 2.48 3.4234791736657603e-5
2.4200000000000004 2.5400000000000005 3.9388332923772624e-12
2.4200000000000004 2.5999999999999996 4.231453180664519e-18
2.4200000000000004 2.66 0.0
2.4200000000000004 2.7199999999999998 0.0
2.4200000000000004 2.7800000000000002 0.0
2.4200000000000004 2.84 0.0
2.4200000000000004 2.9000000000000004 0.0
2.4200000000000004 2.9599999999999995 0.0
2.4200000000000004 3.02 0.0
2.4200000000000004 3.0799999999999996 0.0
2.4200000000000004 3.14 0.0
2.4200000000000004 3.1999999999999997 0.0
2.4200000000000004 3.2600000000000002 0.0
2.4200000000000004 3.3200000000000003 0.0
2.4200000000000004 3.38 0.0
2.4200000000000004 3.4399999999999995 0.0
2.4200000000000004 3.5 0.0
2.48 0.5 0.0
2.48 0.56 0.0
2.48 0.62 0.0
2.48 0.6799999999999999 0.0
2.48 0.74 0.0
2.48 0.8 0.0
2.48 0.86 0.0
2.48 0.92 0.0
2.48 0.98 2.181938632273379e-20
2.48 1.04 -9.015698629869478e-17
2.48 1.1 3.816305250967202e-16
2.48 1.1600000000000001 4.173465121071453e-20
2.48 1.22 1.8657300845021574e-20
2.48 1.28 1.9902143228002263e-16
2.48 1.34 1.9738254316777147e-16
2.48 1.4 3.129616267708969e-14
2.48 1.46 -1.0160566541636931e-16
2.48 1.52 3.199918797429559e-16
2.48 1.58 -1.0673209439544508e-15
2.48 1.6400000000000001 8.968519328069353e-15
2.48 1.7000000000000002 -1.4131786141399217e-17
2.48 1.76 -8.896463215291903e-14
2.48 1.82 -6.7266110853367e-13
2.48 1.8800000000000001 6.641432152500802e-13
2.48 1.94 2.3300063685857214e-9
2.48 2.0 1.1196817600974297e-6
2.48 2.06 8.184132503164013e-5
2.48 2.12 4.254470482289948e-6
2.48 2.18 0.0023854545143130496
2.48 2.2399999999999998 0.00015277448483513496
2.48 2.3000000000000003 0.0006900358017143515
2.48 2.36 0.002451055628907059
2.48 2.4200000000000004 0.0003105926065900565
2.48 2.48 2.5927471490776012e-5
2.48 2.5400000000000005 6.255356872027682e-10
2.48 2.5999999999999996 -2.6559519526196434e-17
2.48 2.66 0.0
2.48 2.7199999999999998 0.0
2.48 2.7800000000000002 0.0
2.48 2.84 0.0
2.48 2.9000000000000004 0.0
2.48 2.9599999999999995 0.0
2.48 3.02 0.0
2.48 3.0799999999999996 0.0
2.48 3.14 0.0
2.48 3.1999999999999997 0.0
2.48 3.2600000000000002 0.0
2.48 3.3200000000000003 0.0
2.48 3.38 0.0
2.48 3.4399999999999995 0.0
2.48 3.5 0.0
2.5400000000000005 0.5 0.0
2.5400000000000005 0.56 0.0
2.5400000000000005 0.62 0.0
2.5400000000000005 0.6799999999999999 0.0
2.5400000000000005 0.74 0.0
2.5400000000000005 0.8 0.0
2.5400000000000005 0.86 0.0
2.5400000000000005 0.92 0.0
2.5400000000000005 0.98 -2.1078550720526854e-20
2.5400000000000005 1.04 2.1308385584412788e-16
2.5400000000000005 1.1 -2.677113479079711e-16
2.5400000000000005 1.1600000000000001 1.6814151554464125e-20
2.5400000000000005 1.22 -8.783209209195423e-21
2.5400000000000005 1.28 -2.0315216651813534e-16
2.5400000000000005 1.34 3.064376210907045e-17
2.5400000000000005 1.4 3.091931124990998e-14
2.5400000000000005 1.46 -8.100480348880684e-16
2.5400000000000005 1.52 -1.167696301717222e-16
2.5400000000000005 1.58 2.68500400885237e-16
2.5400000000000005 1.6400000000000001 1.0988276669396655e-16
2.5400000000000005 1.7000000000000002 -6.240351557645342e-18
2.5400000000000005 1.76 1.589719779199776e-15
2.5400000000000005 1.82 1.2808850485208235e-14
2.5400000000000005 1.8800000000000001 -2.0426115473593424e-17
2.5400000000000005 1.94 6.142304555712601e-16
2.5400000000000005 2.0 2.5791714854652285e-9
2.5400000000000005 2.06 1.0933197152389565e-6
2.5400000000000005 2.12 1.1673001908684733e-6
2.5400000000000005 2.18 1.4604451868624979e-5
2.5400000000000005 2.2399999999999998 0.000514752094823274
2.5400000000000005 2.3000000000000003 6.298558644110718e-5
2.5400000000000005 2.36 0.00014803009676340236
2.5400000000000005 2.4200000000000004 0.00019071824455331828
2.5400000000000005 2.48 6.4139003866060445e-6
2.5400000000000005 2.5400000000000005 -6.397927601064966e-10
2.5400000000000005 2.5999999999999996 -1.4269967124086796e-15
2.5400000000000005 2.66 0.0
2.5400000000000005 2.7199999999999998 0.0
2.5400000000000005 2.7800000000000002 0.0
2.5400000000000005 2.84 0.0
2.5400000000000005 2.9000000000000004 0.0
2.5400000000000005 2.9599999999999995 0.0
2.5400000000000005 3.02 0.0
2.5400000000000005 3.0799999999999996 0.0
2.5400000000000005 3.14 0.0
2.5400000000000005 3.1999999999999997 0.0
2.5400000000000005 3.2600000000000002 0.0
2.5400000000000005 3.3200000000000003 0.0
2.5400000000000005 3.38 0.0
2.5400000000000005 3.4399999999999995 0.0
2.5400000000000005 3.5 0.0
2.5999999999999996 0.5 0.0
2.5999999999999996 0.56 0.0
2.5999999999999996 0.62 0.0
2.5999999999999996 0.6799999999999999 0.0
2.5999999999999996 0.74 0.0
2.5999999999999996 0.8 0.0
2.5999999999999996 0.86 0.0
2.5999999999999996 0.92 0.0
2.5999999999999996 0.98 0.0
2.5999999999999996 1.04 0.0
2.5999999999999996 1.1 0.0
2.5999999999999996 1.1600000000000001 -3.4940674092296634e-30
2.5999999999999996 1.22 7.961214413906513e-30
2.5999999999999996 1.28 -2.2162914417780895e-16
2.5999999999999996 1.34 -9.414628598141167e-17
2.5999999999999996 1.4 -5.692311949340222e-17
2.5999999999999996 1.46 7.561558980372937e-33
2.5999999999999996 1.52 -6.326896235853625e-31
2.5999999999999996 1.58 1.4326197922644214e-30
2.5999999999999996 1.6400000000000001 4.716852992991351e-31
2.5999999999999996 1.7000000000000002 1.635869134132529e-31
2.5999999999999996 1.76 2.6011960350650733e-30
2.5999999999999996 1.82 1.0774901387225554e-31
2.5999999999999996 1.8800000000000001 3.3282149364722007e-31
2.5999999999999996 1.94 1.5849603677107766e-32
2.5999999999999996 2.0 3.997231293304783e-30
2.5999999999999996 2.06 -1.2076309861079053e-31
2.5999999999999996 2.12 5.509517805819109e-30
2.5999999999999996 2.18 -3.132383478416527e-31
2.5999999999999996 2.2399999999999998 2.0488734713529178e-30
2.5999999999999996 2.3000000000000003 2.5362696096356868e-30
2.5999999999999996 2.36 0.0
2.5999999999999996 2.4200000000000004 0.0
2.5999999999999996 2.48 0.0
2.5999999999999996 2.5400000000000005 0.0
2.5999999999999996 2.5999999999999996 0.0
2.5999999999999996 2.66 0.0
2.5999999999999996 2.7199999999999998 0.0
2.5999999999999996 2.7800000000000002 0.0
2.5999999999999996 2.84 0.0
2.5999999999999996 2.9000000000000004 0.0
2.5999999999999996 2.9599999999999995 0.0
2.5999999999999996 3.02 0.0
2.5999999999999996 3.0799999999999996 0.0
2.5999999999999996 3.14 0.0
2.5999999999999996 3.1999999999999997 0.0
2.5999999999999996 3.2600000000000002 0.0
2.5999999999999996 3.3200000000000003 0.0
2.5999999999999996 3.38 0.0
2.5999999999999996 3.4399999999999995 0.0
2.5999999999999996 3.5 0.0
2.66 0.5 0.0
2.66 0.56 0.0
2.66 0.62 0.0
2.66 0.6799999999999999 0.0
2.66 0.74 0.0
2.66 0.8 0.0
2.66 0.86 0.0
2.66 0.92 0.0
2.66 0.98 0.0
2.66 1.04 0.0
2.66 1.1 0.0
2.66 1.1600000000000001 0.0
2.66 1.22 0.0
2.66 1.28 0.0
2.66 1.34 0.0
2.66 1.4 0.0
2.66 1.46 0.0
2.66 1.52 0.0
2.66 1.58 0.0
2.66 1.6400000000000001 0.0
2.66 1.7000000000000002 0.0
2.66 1.76 0.0
2.66 1.82 0.0
2.66 1.8800000000000001 0.0
2.66 1.94 0.0
2.66 2.0 0.0
2.66 2.06 0.0
2.66 2.12 0.0
2.66 2.18 0.0
2.66 2.2399999999999998 0.0
2.66 2.3000000000000003 0.0
2.66 2.36 0.0
2.66 2.4200000000000004 0.0
2.66 2.48 0.0
2.66 2.5400000000000005 0.0
2.66 2.5999999999999996 0.0
2.66 2.66 0.0
2.66 2.7199999999999998 0.0
2.66 2.7800000000000002 0.0
2.66 2.84 0.0
2.66 2.9000000000000004 0.0
2.66 2.9599999999999995 0.0
2.66 3.02 0.0
2.66 3.0799999999999996 0.0
2.66 3.14 0.0
2.66 3.1999999999999997 0.0
2.66 3.2600000000000002 0.0
2.66 3.3200000000000003 0.0
2.66 3.38 0.0
2.66 3.4399999999999995 0.0
2.66 3.5 0.0
2.7199999999999998 0.5 0.0
2.7199999999999998 0.56 0.0
2.7199999999999998 0.62 0.0
2.7199999999999998 0.6799999999999999 0.0
2.7199999999999998 0.74 0.0
2.7199999999999998 0.8 0.0
2.7199999999999998 0.86 0.0
2.7199999999999998 0.92 0.0
2.7199999999999998 0.98 0.0
2.7199999999999998 1.04 0.0
2.7199999999999998 1.1 0.0
2.7199999999999998 1.1600000000000001 0.0
2.7199999999999998 1.22 0.0
2.7199999999999998 1.28 0.0
2.7199999999999998 1.34 0.0
2.7199999999999998 1.4 0.0
2.7199999999999998 1.46 0.0
2.7199999999999998 1.52 0.0
2.7199999999999998 1.58 0.0
2.7199999999999998 1.6400000000000001 0.0
2.7199999999999998 1.7000000000000002 0.0
2.7199999999999998 1.76 0.0
2.7199999999999998 1.82 0.0
2.7199999999999998 1.8800000000000001 0.0
2.7199999999999998 1.94 0.0
2.7199999999999998 2.0 0.0
2.7199999999999998 2.06 0.0
2.7199999999999998 2.12 0.0
2.7199999999999998 2.18 0.0
2.7199999999999998 2.2399999999999998 0.0
2.7199999999999998 2.3000000000000003 0.0
2.7199999999999998 2.36 0.0
2.7199999999999998 2.4200000000000004 0.0
2.7199999999999998 2.48 0.0
2.7199999999999998 2.5400000000000005 0.0
2.7199999999999998 2.5999999999999996 0.0
2.7199999999999998 2.66 0.0
2.7199999999999998 2.7199999999999998 0.0
2.7199999999999998 2.7800000000000002 0.0
2.7199999999999998 2.84 0.0
2.7199999999999998 2.9000000000000004 0.0
2.7199999999999998 2.9599999999999995 0.0
2.7199999999999998 3.02 0.0
2.7199999999999998 3.0799999999999996 0.0
2.7199999999999998 3.14 0.0
2.7199999999999998 3.1999999999999997 0.0
2.7199999999999998 3.2600000000000002 0.0
2.7199999999999998 3.3200000000000003 0.0
2.7199999999999998 3.38 0.0
2.7199999999999998 3.4399999999999995 0.0
2.7199999999999998 3.5 0.0
2.7800000000000002 0.5 0.0
2.7800000000000002 0.56 0.0
2.7800000000000002 0.62 0.0
2.7800000000000002 0.6799999999999999 0.0
2.7800000000000002 0.74 0.0
2.7800000000000002 0.8 0.0
2.7800000000000002 0.86 0.0
2.7800000000000002 0.92 0.0
2.7800000000000002 0.98 0.0
2.7800000000000002 1.04 0.0
2.7800000000000002 1.1 0.0
2.7800000000000002 1.1600000000000001 0.0
2.7800000000000002 1.22 0.0
2.7800000000000002 1.28 0.0
2.7800000000000002 1.34 0.0
2.7800000000000002 1.4 0.0
2.7800000000000002 1.46 0.0
2.7800000000000002 1.52 0.0
2.7800000000000002 1.58 0.0
2.7800000000000002 1.6400000000000001 0.0
2.7800000000000002 1.7000000000000002 0.0
2.7800000000000002 1.76 0.0
2.7800000000000002 1.82 0.0
2.7800000000000002 1.8800000000000001 0.0
2.7800000000000002 1.94 0.0
2.7800000000000002 2.0 0.0
2.7800000000000002 2.06 0.0
2.7800000000000002 2.12 0.0
2.7800000000000002 2.18 0.0
2.7800000000000002 2.2399999999999998 0.0
2.7800000000000002 2.3000000000000003 0.0
2.7800000000000002 2.36 0.0
2.7800000000000002 2.4200000000000004 0.0
2.7800000000000002 2.48 0.0
2.7800000000000002 2.5400000000000005 0.0
2.7800000000000002 2.5999999999999996 0.0
2.7800000000000002 2.66 0.0
2.7800000000000002 2.7199999999999998 0.0
2.7800000000000002 2.7800000000000002 0.0
2.7800000000000002 2.84 0.0
2.7800000000000002 2.9000000000000004 0.0
2.7800000000000002 2.9599999999999995 0.0
2.7800000000000002 3.02 0.0
2.7800000000000002 3.0799999999999996 0.0
2.7800000000000002 3.14 0.0
2.7800000000000002 3.1999999999999997 0.0
2.7800000000000002 3.2600000000000002 0.0
2.7800000000000002 3.3200000000000003 0.0
2.7800000000000002 3.38 0.0
2.7800000000000002 3.4399999999999995 0.0
2.7800000000000002 3.5 0.0
2.84 0.5 0.0
2.84 0.56 0.0
2.84 0.62 0.0
2.84 0.6799999999999999 0.0
2.84 0.74 0.0
2.84 0.8 0.0
2.84 0.86 0.0
2.84 0.92 0.0
2.84 0.98 0.0
2.84 1.04 0.0
2.84 1.1 0.0
2.84 1.1600000000000001 0.0
2.84 1.22 0.0
2.84 1.28 0.0
2.84 1.34 0.0
2.84 1.4 0.0
2.84 1.46 0.0
2.84 1.52 0.0
2.84 1.58 0.0
2.84 1.6400000000000001 0.0
2.84 1.7000000000000002 0.0
2.84 1.76 0.0
2.84 1.82 0.0
2.84 1.8800000000000001 0.0
2.84 1.94 0.0
2.84 2.0 0.0
2.84 2.06 0.0
2.84 2.12 0.0
2.84 2.18 0.0
2.84 2.2399999999999998 0.0
2.84 2.3000000000000003 0.0
2.84 2.36 0.0
2.84 2.4200000000000004 0.0
2.84 2.48 0.0
2.84 2.5400000000000005 0.0
2.84 2.5999999999999996 0.0
2.84 2.66 0.0
2.84 2.7199999999999998 0.0
2.84 2.7800000000000002 0.0
2.84 2.84 0.0
2.84 2.9000000000000004 0.0
2.84 2.9599999999999995 0.0
2.84 3.02 0.0
2.84 3.0799999999999996 0.0
2.84 3.14 0.0
2.84 3.1999999999999997 0.0
2.84 3.2600000000000002 0.0
2.84 3.3200000000000003 0.0
2.84 3.38 0.0
2.84 3.4399999999999995 0.0
2.84 3.5 0.0
2.9000000000000004 0.5 0.0
2.9000000000000004 0.56 0.0
2.9000000000000004 0.62 0.0
2.9000000000000004 0.6799999999999999 0.0
2.9000000000000004 0.74 0.0
2.9000000000000004 0.8 0.0
2.9000000000000004 0.86 0.0
2.9000000000000004 0.92 0.0
2.9000000000000004 0.98 0.0
2.9000000000000004 1.04 0.0
2.9000000000000004 1.1 0.0
2.9000000000000004 1.1600000000000001 0.0
2.9000000000000004 1.22 0.0
2.9000000000000004 1.28 0.0
2.9000000000000004 1.34 0.0
2.9000000000000004 1.4 0.0
2.9000000000000004 1.46 0.0
2.9000000000000004 1.52 0.0
2.9000000000000004 1.58 0.0
2.9000000000000004 1.6400000000000001 0.0
2.9000000000000004 1.7000000000000002 0.0
2.9000000000000004 1.76 0.0
2.9000000000000004 1.82 0.0
2.9000000000000004 1.8800000000000001 0.0
2.9000000000000004 1.94 0.0
2.9000000000000004 2.0 0.0
2.9000000000000004 2.06 0.0
2.9000000000000004 2.12 0.0
2.9000000000000004 2.18 0.0
2.9000000000000004 2.2399999999999998 0.0
2.9000000000000004 2.3000000000000003 0.0
2.9000000000000004 2.36 0.0
2.9000000000000004 2.4200000000000004 0.0
2.9000000000000004 2.48 0.0
2.9000000000000004 2.5400000000000005 0.0
2.9000000000000004 2.5999999999999996 0.0
2.9000000000000004 2.66 0.0
2.9000000000000004 2.7199999999999998 0.0
2.9000000000000004 2.7800000000000002 0.0
2.9000000000000004 2.84 0.0
2.9000000000000004 2.9000000000000004 0.0
2.9000000000000004 2.9599999999999995 0.0
2.9000000000000004 3.02 0.0
2.9000000000000004 3.0799999999999996 0.0
2.9000000000000004 3.14 0.0
2.9000000000000004 3.1999999999999997 0.0
2.9000000000000004 3.2600000000000002 0.0
2.9000000000000004 3.3200000000000003 0.0
2.9000000000000004 3.38 0.0
2.9000000000000004 3.4399999999999995 0.0
2.9000000000000004 3.5 0.0
2.9599999999999995 0.5 0.0
2.9599999999999995 0.56 0.0
2.9599999999999995 0.62 0.0
2.9599999999999995 0.6799999999999999 0.0
2.9599999999999995 0.74 0.0
2.9599999999999995 0.8 0.0
2.9599999999999995 0.86 0.0
2.9599999999999995 0.92 0.0
2.9599999999999995 0.98 0.0
2.9599999999999995 1.04 0.0
2.9599999999999995 1.1 0.0
2.9599999999999995 1.1600000000000001 0.0
2.9599999999999995 1.22 0.0
2.9599999999999995 1.28 0.0
2.9599999999999995 1.34 0.0
2.9599999999999995 1.4 0.0
2.9599999999999995 1.46 0.0
2.9599999999999995 1.52 0.0
2.9599999999999995 1.58 0.0
2.9599999999999995 1.6400000000000001 0.0
2.9599999999999995 1.7000000000000002 0.0
2.9599999999999995 1.76 0.0
2.9599999999999995 1.82 0.0
2.9599999999999995 1.8800000000000001 0.0
2.9599999999999995 1.94 0.0
2.9599999999999995 2.0 0.0
2.9599999999999995 2.06 0.0
2.9599999999999995 2.12 0.0
2.9599999999999995 2.18 0.0
2.9599999999999995 2.2399999999999998 0.0
2.9599999999999995 2.3000000000000003 0.0
2.9599999999999995 2.36 0.0
2.9599999999999995 2.4200000000000004 0.0
2.9599999999999995 2.48 0.0
2.9599999999999995 2.5400000000000005 0.0
2.9599999999999995 2.5999999999999996 0.0
2.9599999999999995 2.66 0.0
2.9599999999999995 2.7199999999999998 0.0
2.9599999999999995 2.7800000000000002 0.0
2.9599999999999995 2.84 0.0
2.9599999999999995 2.9000000000000004 0.0
2.9599999999999995 2.9599999999999995 0.0
2.9599999999999995 3.02 0.0
2.9599999999999995 3.0799999999999996 0.0
2.9599999999999995 3.14 0.0
2.9599999999999995 3.1999999999999997 0.0
2.9599999999999995 3.2600000000000002 0.0
2.9599999999999995 3.3200000000000003 0.0
2.9599999999999995 3.38 0.0
2.9599999999999995 3.4399999999999995 0.0
2.9599999999999995 3.5 0.0
3.02 0.5 0.0
3.02 0.56 0.0
3.02 0.62 0.0
3.02 0.6799999999999999 0.0
3.02 0.74 0.0
3.02 0.8 0.0
3.02 0.86 0.0
3.02 0.92 0.0
3.02 0.98 0.0
3.02 1.04 0.0
3.02 1.1 0.0
3.02 1.1600000000000001 0.0
3.02 1.22 0.0
3.02 1.28 0.0
3.02 1.34 0.0
3.02 1.4 0.0
3.02 1.46 0.0
3.02 1.52 0.0
3.02 1.58 0.0
3.02 1.6400000000000001 0.0
3.02 1.7000000000000002 0.0
3.02 1.76 0.0
3.02 1.82 0.0
3.02 1.8800000000000001 0.0
3.02 1.94 0.0
3.02 2.0 0.0
3.02 2.06 0.0
3.02 2.12 0.0
3.02 2.18 0.0
3.02 2.2399999999999998 0.0
3.02 2.3000000000000003 0.0
3.02 2.36 0.0
3.02 2.4200000000000004 0.0
3.02 2.48 0.0
3.02 2.5400000000000005 0.0
3.02 2.5999999999999996 0.0
3.02 2.66 0.0
3.02 2.7199999999999998 0.0
3.02 2.7800000000000002 0.0
3.02 2.84 0.0
3.02 2.9000000000000004 0.0
3.02 2.9599999999999995 0.0
3.02 3.02 0.0
3.02 3.0799999999999996 0.0
3.02 3.14 0.0
3.02 3.1999999999999997 0.0
3.02 3.2600000000000002 0.0
3.02 3.3200000000000003 0.0
3.02 3.38 0.0
3.02 3.4399999999999995 0.0
3.02 3.5 0.0
3.0799999999999996 0.5 0.0
3.0799999999999996 0.56 0.0
3.0799999999999996 0.62 0.0
3.0799999999999996 0.6799999999999999 0.0
3.0799999999999996 0.74 0.0
3.0799999999999996 0.8 0.0
3.0799999999999996 0.86 0.0
3.0799999999999996 0.92 0.0
3.0799999999999996 0.98 0.0
3.0799999999999996 1.04 0.0
3.0799999999999996 1.1 0.0
3.0799999999999996 1.1600000000000001 0.0
3.0799999999999996 1.22 0.0
3.0799999999999996 1.28 0.0
3.0799999999999996 1.34 0.0
3.0799999999999996 1.4 0.0
3.0799999999999996 1.46 0.0
3.0799999999999996 1.52 0.0
3.0799999999999996 1.58 0.0
3.0799999999999996 1.6400000000000001 0.0
3.0799999999999996 1.7000000000000002 0.0
3.0799999999999996 1.76 0.0
3.0799999999999996 1.82 0.0
3.0799999999999996 1.8800000000000001 0.0
3.0799999999999996 1.94 0.0
3.0799999999999996 2.0 0.0
3.0799999999999996 2.06 0.0
3.0799999999999996 2.12 0.0
3.0799999999999996 2.18 0.0
3.0799999999999996 2.2399999999999998 0.0
3.0799999999999996 2.3000000000000003 0.0
3.0799999999999996 2.36 0.0
3.0799999999999996 2.4200000000000004 0.0
3.0799999999999996 2.48 0.0
3.0799999999999996 2.5400000000000005 0.0
3.0799999999999996 2.5999999999999996 0.0
3.0799999999999996 2.66 0.0
3.0799999999999996 2.7199999999999998 0.0
3.0799999999999996 2.7800000000000002 0.0
3.0799999999999996 2.84 0.0
3.0799999999999996 2.9000000000000004 0.0
3.0799999999999996 2.9599999999999995 0.0
3.0799999999999996 3.02 0.0
3.0799999999999996 3.0799999999999996 0.0
3.0799999999999996 3.14 0.0
3.0799999999999996 3.1999999999999997 0.0
3.0799999999999996 3.2600000000000002 0.0
3.0799999999999996 3.3200000000000003 0.0
3.0799999999999996 3.38 0.0
3.0799999999999996 3.4399999999999995 0.0
3.0799999999999996 3.5 0.0
3.14 0.5 0.0
3.14 0.56 0.0
3.14 0.62 0.0
3.14 0.6799999999999999 0.0
3.14 0.74 0.0
3.14 0.8 0.0
3.14 0.86 0.0
3.14 0.92 0.0
3.14 0.98 0.0
3.14 1.04 0.0
3.14 1.1 0.0
3.14 1.1600000000000001 0.0
3.14 1.22 0.0
3.14 1.28 0.0
3.14 1.34 0.0
3.14 1.4 0.0
3.14 1.46 0.0
3.14 1.52 0.0
3.14 1.58 0.0
3.14 1.6400000000000001 0.0
3.14 1.7000000000000002 0.0
3.14 1.76 0.0
3.14 1.82 0.0
3.14 1.8800000000000001 0.0
3.14 1.94 0.0
3.14 2.0 0.0
3.14 2.06 0.0
3.14 2.12 0.0
3.14 2.18 0.0
3.14 2.2399999999999998 0.0
3.14 2.3000000000000003 0.0
3.14 2.36 0.0
3.14 2.4200000000000004 0.0
3.14 2.48 0.0
3.14 2.5400000000000005 0.0
3.14 2.5999999999999996 0.0
3.14 2.66 0.0
3.14 2.7199999999999998 0.0
3.14 2.7800000000000002 0.0
3.14 2.84 0.0
3.14 2.9000000000000004 0.0
3.14 2.9599999999999995 0.0
3.14 3.02 0.0
3.14 3.0799999999999996 0.0
3.14 3.14 0.0
3.14 3.1999999999999997 0.0
3.14 3.2600000000000002 0.0
3.14 3.3200000000000003 0.0
3.14 3.38 0.0
3.14 3.4399999999999995 0.0
3.14 3.5 0.0
3.1999999999999997 0.5 0.0
3.1999999999999997 0.56 0.0
3.1999999999999997 0.62 0.0
3.1999999999999997 0.6799999999999999 0.0
3.1999999999999997 0.74 0.0
3.1999999999999997 0.8 0.0
3.1999999999999997 0.86 0.0
3.1999999999999997 0.92 0.0
3.1999999999999997 0.98 0.0
3.1999999999999997 1.04 0.0
3.1999999999999997 1.1 0.0
3.1999999999999997 1.1600000000000001 0.0
3.1999999999999997 1.22 0.0
3.1999999999999997 1.28 0.0
3.1999999999999997 1.34 0.0
3.1999999999999997 1.4 0.0
3.1999999999999997 1.46 0.0
3.1999999999999997 1.52 0.0
3.1999999999999997 1.58 0.0
3.1999999999999997 1.6400000000000001 0.0
3.1999999999999997 1.7000000000000002 0.0
3.1999999999999997 1.76 0.0
3.1999999999999997 1.82 0.0
3.1999999999999997 1.8800000000000001 0.0
3.1999999999999997 1.94 0.0
3.1999999999999997 2.0 0.0
3.1999999999999997 2.06 0.0
3.1999999999999997 2.12 0.0
3.1999999999999997 2.18 0.0
3.1999999999999997 2.2399999999999998 0.0
3.1999999999999997 2.3000000000000003 0.0
3.1999999999999997 2.36 0.0
3.1999999999999997 2.4200000000000004 0.0
3.1999999999999997 2.48 0.0
3.1999999999999997 2.5400000000000005 0.0
3.1999999999999997 2.5999999999999996 0.0
3.1999999999999997 2.66 0.0
3.1999999999999997 2.7199999999999998 0.0
3.1999999999999997 2.7800000000000002 0.0
3.1999999999999997 2.84 0.0
3.1999999999999997 2.9000000000000004 0.0
3.1999999999999997 2.9599999999999995 0.0
3.1999999999999997 3.02 0.0
3.1999999999999997 3.0799999999999996 0.0
3.1999999999999997 3.14 0.0
3.1999999999999997 3.1999999999999997 0.0
3.1999999999999997 3.2600000000000002 0.0
3.1999999999999997 3.3200000000000003 0.0
3.1999999999999997 3.38 0.0
3.1999999999999997 3.4399999999999995 0.0
3.1999999999999997 3.5 0.0
3.2600000000000002 0.5 0.0
3.2600000000000002 0.56 0.0
3.2600000000000002 0.62 0.0
3.2600000000000002 0.6799999999999999 0.0
3.2600000000000002 0.74 0.0
3.2600000000000002 0.8 0.0
3.2600000000000002 0.86 0.0
3.2600000000000002 0.92 0.0
3.2600000000000002 0.98 0.0
3.2600000000000002 1.04 0.0
3.2600000000000002 1.1 0.0
3.2600000000000002 1.1600000000000001 0.0
3.2600000000000002 1.22 0.0
3.2600000000000002 1.28 0.0
3.2600000000000002 1.34 0.0
3.2600000000000002 1.4 0.0
3.2600000000000002 1.46 0.0
3.2600000000000002 1.52 0.0
3.2600000000000002 1.58 0.0
3.2600000000000002 1.6400000000000001 0.0
3.2600000000000002 1.7000000000000002 0.0
3.2600000000000002 1.76 0.0
3.2600000000000002 1.82 0.0
3.2600000000000002 1.8800000000000001 0.0
3.2600000000000002 1.94 0.0
3.2600000000000002 2.0 0.0
3.2600000000000002 2.06 0.0
3.2600000000000002 2.12 0.0
3.2600000000000002 2.18 0.0
3.2600000000000002 2.2399999999999998 0.0
3.2600000000000002 2.3000000000000003 0.0
3.2600000000000002 2.36 0.0
3.2600000000000002 2.4200000000000004 0.0
3.2600000000000002 2.48 0.0
3.2600000000000002 2.5400000000000005 0.0
3.2600000000000002 2.5999999999999996 0.0
3.2600000000000002 2.66 0.0
3.2600000000000002 2.7199999999999998 0.0
3.2600000000000002 2.7800000000000002 0.0
3.2600000000000002 2.84 0.0
3.2600000000000002 2.9000000000000004 0.0
3.2600000000000002 2.9599999999999995 0.0
3.2600000000000002 3.02 0.0
3.2600000000000002 3.0799999999999996 0.0
3.2600000000000002 3.14 0.0
3.2600000000000002 3.1999999999999997 0.0
3.2600000000000002 3.2600000000000002 0.0
3.2600000000000002 3.3200000000000003 0.0
3.2600000000000002 3.38 0.0
3.2600000000000002 3.4399999999999995 0.0
3.2600000000000002 3.5 0.0
3.3200000000000003 0.5 0.0
3.3200000000000003 0.56 0.0
3.3200000000000003 0.62 0.0
3.3200000000000003 0.6799999999999999 0.0
3.3200000000000003 0.74 0.0
3.3200000000000003 0.8 0.0
3.3200000000000003 0.86 0.0
3.3200000000000003 0.92 0.0
3.3200000000000003 0.98 0.0
3.3200000000000003 1.04 0.0
3.3200000000000003 1.1 0.0
3.3200000000000003 1.1600000000000001 0.0
3.3200000000000003 1.22 0.0
3.3200000000000003 1.28 0.0
3.3200000000000003 1.34 0.0
3.3200000000000003 1.4 0.0
3.3200000000000003 1.46 0.0
3.3200000000000003 1.52 0.0
3.3200000000000003 1.58 0.0
3.3200000000000003 1.6400000000000001 0.0
3.3200000000000003 1.7000000000000002 0.0
3.3200000000000003 1.76 0.0
3.3200000000000003 1.82 0.0
3.3200000000000003 1.8800000000000001 0.0
3.3200000000000003 1.94 0.0
3.3200000000000003 2.0 0.0
3.3200000000000003 2.06 0.0
3.3200000000000003 2.12 0.0
3.3200000000000003 2.18 0.0
3.3200000000000003 2.2399999999999998 0.0
3.3200000000000003 2.3000000000000003 0.0
3.3200000000000003 2.36 0.0
3.3200000000000003 2.4200000000000004 0.0
3.3200000000000003 2.48 0.0
3.3200000000000003 2.5400000000000005 0.0
3.3200000000000003 2.5999999999999996 0.0
3.3200000000000003 2.66 0.0
3.3200000000000003 2.7199999999999998 0.0
3.3200000000000003 2.7800000000000002 0.0
3.3200000000000003 2.84 0.0
3.3200000000000003 2.9000000000000004 0.0
3.3200000000000003 2.9599999999999995 0.0
3.3200000000000003 3.02 0.0
3.3200000000000003 3.0799999999999996 0.0
3.3200000000000003 3.14 0.0
3.3200000000000003 3.1999999999999997 0.0
3.3200000000000003 3.2600000000000002 0.0
3.3200000000000003 3.3200000000000003 0.0
3.3200000000000003 3.38 0.0
3.3200000000000003 3.4399999999999995 0.0
3.3200000000000003 3.5 0.0
3.38 0.5 0.0
3.38 0.56 0.0
3.38 0.62 0.0
3.38 0.6799999999999999 0.0
3.38 0.74 0.0
3.38 0.8 0.0
3.38 0.86 0.0
3.38 0.92 0.0
3.38 0.98 0.0
3.38 1.04 0.0
3.38 1.1 0.0
3.38 1.1600000000000001 0.0
3.38 1.22 0.0
3.38 1.28 0.0
3.38 1.34 0.0
3.38 1.4 0.0
3.38 1.46 0.0
3.38 1.52 0.0
3.38 1.58 0.0
3.38 1.6400000000000001 0.0
3.38 1.7000000000000002 0.0
3.38 1.76 0.0
3.38 1.82 0.0
3.38 1.8800000000000001 0.0
3.38 1.94 0.0
3.38 2.0 0.0
3.38 2.06 0.0
3.38 2.12 0.0
3.38 2.18 0.0
3.38 2.2399999999999998 0.0
3.38 2.3000000000000003 0.0
3.38 2.36 0.0
3.38 2.4200000000000004 0.0
3.38 2.48 0.0
3.38 2.5400000000000005 0.0
3.38 2.5999999999999996 0.0
3.38 2.66 0.0
3.38 2.7199999999999998 0.0
3.38 2.7800000000000002 0.0
3.38 2.84 0.0
3.38 2.9000000000000004 0.0
3.38 2.9599999999999995 0.0
3.38 3.02 0.0
3.38 3.0799999999999996 0.0
3.38 3.14 0.0
3.38 3.1999999999999997 0.0
3.38 3.2600000000000002 0.0
3.38 3.3200000000000003 0.0
3.38 3.38 0.0
3.38 3.4399999999999995 0.0
3.38 3.5 0.0
3.4399999999999995 0.5 0.0
3.4399999999999995 0.56 0.0
3.4399999999999995 0.62 0.0
3.4399999999999995 0.6799999999999999 0.0
3.4399999999999995 0.74 0.0
3.4399999999999995 0.8 0.0
3.4399999999999995 0.86 0.0
3.4399999999999995 0.92 0.0
3.4399999999999995 0.98 0.0
3.4399999999999995 1.04 0.0
3.4399999999999995 1.1 0.0
3.4399999999999995 1.1600000000000001 0.0
3.4399999999999995 1.22 0.0
3.4399999999999995 1.28 0.0
3.4399999999999995 1.34 0.0
3.4399999999999995 1.4 0.0
3.4399999999999995 1.46 0.0
3.4399999999999995 1.52 0.0
3.4399999999999995 1.58 0.0
3.4399999999999995 1.6400000000000001 0.0
3.4399999999999995 1.7000000000000002 0.0
3.4399999999999995 1.76 0.0
3.4399999999999995 1.82 0.0
3.4399999999999995 1.8800000000000001 0.0
3.4399999999999995 1.94 0.0
3.4399999999999995 2.0 0.0
3.4399999999999995 2.06 0.0
3.4399999999999995 2.12 0.0
3.4399999999999995 2.18 0.0
3.4399999999999995 2.2399999999999998 0.0
3.4399999999999995 2.3000000000000003 0.0
3.4399999999999995 2.36 0.0
3.4399999999999995 2.4200000000000004 0.0
3.4399999999999995 2.48 0.0
3.4399999999999995 2.5400000000000005 0.0
3.4399999999999995 2.5999999999999996 0.0
3.4399999999999995 2.66 0.0
3.4399999999999995 2.7199999999999998 0.0
3.4399999999999995 2.7800000000000002 0.0
3.4399999999999995 2.84 0.0
3.4399999999999995 2.9000000000000004 0.0
3.4399999999999995 2.9599999999999995 0.0
3.4399999999999995 3.02 0.0
3.4399999999999995 3.0799999999999996 0.0
3.4399999999999995 3.14 0.0
3.4399999999999995 3.1999999999999997 0.0
3.4399999999999995 3.2600000000000002 0.0
3.4399999999999995 3.3200000000000003 0.0
3.4399999999999995 3.38 0.0
3.4399999999999995 3.4399999999999995 0.0
3.4399999999999995 3.5 0.0
3.5 0.5 0.0
3.5 0.56 0.0
3.5 0.62 0.0
3.5 0.6799999999999999 0.0
3.5 0.74 0.0
3.5 0.8 0.0
3.5 0.86 0.0
3.5 0.92 0.0
3.5 0.98 0.0
3.5 1.04 0.0
3.5 1.1 0.0
3.5 1.1600000000000001 0.0
3.5 1.22 0.0
3.5 1.28 0.0
3.5 1.34 0.0
3.5 1.4 0.0
3.5 1.46 0.0
3.5 1.52 0.0
3.5 1.58 0.0
3.5 1.6400000000000001 0.0
3.5 1.7000000000000002 0.0
3.5 1.76 0.0
3.5 1.82 0.0
3.5 1.8800000000000001 0.0
3.5 1.94 0.0
3.5 2.0 0.0
3.5 2.06 0.0
3.5 2.12 0.0
3.5 2.18 0.0
3.5 2.2399999999999998 0.0
3.5 2.3000000000000003 0.0
3.5 2.36 0.0
3.5 2.4200000000000004 0.0
3.5 2.48 0.0
3.5 2.5400000000000005 0.0
3.5 2.5999999999999996 0.0
3.5 2.66 0.0
3.5 2.7199999999999998 0.0
3.5 2.7800000000000002 0.0
3.5 2.84 0.0
3.5 2.9000000000000004 0.0
3.5 2.9599999999999995 0.0
3.5 3.02 0.0
3.5 3.0799999999999996 0.0
3.5 3.14 0.0
3.5 3.1999999999999997 0.0
3.5 3.2600000000000002 0.0
3.5 3.3200000000000003 0.0
3.5 3.38 0.0
3.5 3.4399999999999995 0.0
3.5 3.5 0.0
