8.095 9.32 -3.654995817746444e-36
8.095 9.565 2.244431506699248e-36
8.095 9.81 3.045771927698632e-39
8.095 10.055 -4.97775651000021e-38
8.095 10.3 6.146232626887973e-37
8.095 13.73 -4.484911335351167e-39
8.095 13.975000000000001 -2.905151915016913e-35
8.095 14.220000000000002 1.3313387287263209e-36
8.095 14.464999999999998 9.417806638997155e-35
8.095 14.709999999999999 1.7956831927957603e-35
8.095 14.955 3.924980456776499e-35
8.095 15.2 -4.2601813356405915e-35
8.095 15.445 -3.9675899323929443e-35
8.095 15.69 -7.626907224769038e-35
8.095 15.935 -8.396005215648429e-35
8.095 16.18 2.032390199569305e-35
8.095 16.425 -7.151578008149582e-36
8.095 16.67 -5.212189703750365e-36
8.095 16.915 1.522129376332422e-36
8.095 17.16 9.210974143322567e-37
8.095 17.405 -6.824514880689777e-37
8.095 17.895 5.751725035642359e-34
8.095 18.14 2.080266619368507e-31
8.095 18.385 1.4998830572757766e-29
8.095 18.63 6.891326388909327e-28
8.095 18.875 1.837026715353135e-26
8.095 19.12 1.2670246774104986e-25
8.095 19.365 2.276308839523011e-25
8.095 19.61 1.030770836045924e-25
8.095 19.855 1.3738642204263603e-23
8.095 20.1 7.838375285882376e-21
8.095 20.345 4.356277051158478e-21
8.095 20.59 3.026657244523506e-22
8.095 20.835 4.788170594750735e-21
8.095 21.08 1.913154860035869e-18
8.34 9.32 -9.854789287870223e-37
8.34 9.565 6.1211839006762145e-37
8.34 9.81 1.530373395963925e-38
8.34 10.055 -1.5631406357007016e-38
8.34 10.3 1.677152035690985e-37
8.34 13.73 1.1456859514845577e-33
8.34 13.975000000000001 1.6885047894380246e-32
8.34 14.220000000000002 1.3280581553024928e-31
8.34 14.464999999999998 8.051435654080055e-30
8.34 14.709999999999999 -1.5159468608645991e-28
8.34 14.955 1.558554570886403e-26
8.34 15.2 -1.2449351579036045e-26
8.34 15.445 4.781423335502319e-25
8.34 15.69 9.682202122402887e-27
8.34 15.935 -8.611653379587037e-28
8.34 16.18 -5.281942614541571e-27
8.34 16.425 9.219658963853948e-27
8.34 16.67 -5.327597744463234e-27
8.34 16.915 8.919532452528551e-28
8.34 17.16 -5.692157456225442e-28
8.34 17.405 -2.9581139989168606e-28
8.34 17.895 4.925935515801755e-29
8.34 18.14 8.086940190458801e-29
8.34 18.385 1.1180027709137358e-26
8.34 18.63 6.67901233659107e-25
8.34 18.875 1.778197879860915e-23
8.34 19.12 1.6222619978385481e-22
8.34 19.365 4.246811472603626e-22
8.34 19.61 1.5305674498074422e-22
8.34 19.855 -3.4070458285199364e-23
8.34 20.1 2.1896937463385897e-21
8.34 20.345 1.195091498667861e-21
8.34 20.59 8.281930273606295e-23
8.34 20.835 1.3020438945569824e-21
8.34 21.08 5.202419395277787e-19
8.585 9.32 -2.062523344090177e-31
8.585 9.565 -1.5424527334000821e-30
8.585 9.81 -3.0971628888215545e-30
8.585 10.055 -9.571001208425351e-32
8.585 10.3 -1.3484206733243797e-30
8.585 13.73 2.4487760476280825e-22
8.585 13.975000000000001 3.3922675525968736e-21
8.585 14.220000000000002 2.8701098564766154e-20
8.585 14.464999999999998 1.1324507213368262e-18
8.585 14.709999999999999 -2.0102462064760404e-17
8.585 14.955 2.4450608131281027e-15
8.585 15.2 -1.6003843849616223e-15
8.585 15.445 6.609141176716058e-14
8.585 15.69 2.1894331815506418e-15
8.585 15.935 -9.117164485750117e-17
8.585 16.18 -6.646715924930952e-16
8.585 16.425 1.2417287439674345e-15
8.585 16.67 -7.049543140828651e-16
8.585 16.915 1.1793795725449463e-16
8.585 17.16 -7.533018628511268e-17
8.585 17.405 -3.67722311062704e-17
8.585 17.895 6.624595016917095e-18
8.585 18.14 2.2726578278464304e-21
8.585 18.385 1.1205897363692462e-20
8.585 18.63 2.3152871871586315e-22
8.585 18.875 1.6484025848750742e-21
8.585 19.12 1.525265032234591e-20
8.585 19.365 4.470389163504811e-20
8.585 19.61 2.3059494013842642e-20
8.585 19.855 -2.919467257375233e-21
8.585 20.1 -1.3190427266584431e-20
8.585 20.345 -7.036872936416583e-21
8.585 20.59 -6.015049648636818e-22
8.585 20.835 -9.618603332366183e-21
8.585 21.08 -3.843202483715425e-18
8.83 9.32 1.3395839580084834e-25
8.83 9.565 -9.1915080652768e-25
8.83 9.81 -1.6908579290227297e-24
8.83 10.055 1.1675511707239854e-25
8.83 10.3 -6.99749478479179e-25
8.83 13.73 2.4839311724836973e-19
8.83 13.975000000000001 8.77810919395348e-18
8.83 14.220000000000002 -6.254704305459181e-17
8.83 14.464999999999998 4.209154036454205e-15
8.83 14.709999999999999 3.155570828749482e-13
8.83 14.955 3.1821392532510697e-9
8.83 15.2 7.670645224554042e-10
8.83 15.445 3.7258430394532786e-8
8.83 15.69 5.8598446916453014e-9
8.83 15.935 9.24593984845387e-10
8.83 16.18 7.84409950337242e-10
8.83 16.425 1.7283892126466885e-9
8.83 16.67 2.028922014431963e-9
8.83 16.915 1.3249020636544336e-9
8.83 17.16 4.3168767634830835e-10
8.83 17.405 6.360930266114386e-11
8.83 17.895 3.1742678859367154e-12
8.83 18.14 9.004551169426407e-13
8.83 18.385 1.3990022406170152e-13
8.83 18.63 1.1303816213477905e-14
8.83 18.875 3.964761665736617e-16
8.83 19.12 1.930761773623258e-18
8.83 19.365 7.875773639149596e-22
8.83 19.61 6.276231231962175e-23
8.83 19.855 -1.0668276237863522e-22
8.83 20.1 -6.982047278714339e-20
8.83 20.345 -3.8804672020443606e-20
8.83 20.59 -2.696415207140439e-21
8.83 20.835 -4.2653543245100513e-20
8.83 21.08 -1.7042536296545118e-17
9.075 9.32 9.548284989972913e-23
9.075 9.565 -5.607810000396127e-21
9.075 9.81 1.917307997325549e-21
9.075 10.055 3.814356689170626e-21
9.075 10.3 -8.12626363501269e-21
9.075 13.73 -7.611640064873949e-19
9.075 13.975000000000001 -4.9112519384223024e-17
9.075 14.220000000000002 -3.3928638786510864e-17
9.075 14.464999999999998 1.86976811225616e-11
9.075 14.709999999999999 5.998998547439807e-7
9.075 14.955 6.640747674017137e-7
9.075 15.2 8.52476475568909e-5
9.075 15.445 5.8364506109022994e-6
9.075 15.69 8.515154647870875e-6
9.075 15.935 5.015476358038135e-6
9.075 16.18 1.3711067743210311e-5
9.075 16.425 4.611604784425098e-5
9.075 16.67 7.543850031024329e-5
9.075 16.915 6.861942536301307e-5
9.075 17.16 3.331885169529481e-5
9.075 17.405 6.279686595783269e-6
9.075 17.895 4.616704073236234e-9
9.075 18.14 1.1279401126885545e-11
9.075 18.385 2.9754743693686208e-15
9.075 18.63 1.0335596353882455e-18
9.075 18.875 5.225540022594153e-20
9.075 19.12 3.577927528576794e-22
9.075 19.365 1.1417718818928297e-21
9.075 19.61 -1.678662552307193e-20
9.075 19.855 -1.3715243181425844e-20
9.075 20.1 9.95438433936216e-20
9.075 20.345 5.0714210922860597e-20
9.075 20.59 -6.554092968548707e-21
9.075 20.835 5.637954315296057e-20
9.075 21.08 2.2361108065817204e-17
9.32 9.32 -5.757642954903187e-20
9.32 9.565 2.4299893578840774e-18
9.32 9.81 -2.9213917820139015e-19
9.32 10.055 6.552208360943309e-19
9.32 10.3 -5.432899610441154e-19
9.32 13.73 1.2206222514491821e-17
9.32 13.975000000000001 5.5683324009594314e-15
9.32 14.220000000000002 1.494819810778743e-11
9.32 14.464999999999998 4.802091484777874e-9
9.32 14.709999999999999 5.137776330401879e-5
9.32 14.955 0.0009449770827797652
9.32 15.2 0.0213705220630646
9.32 15.445 0.025884434546114804
9.32 15.69 0.016724752161474593
9.32 15.935 0.005584028038405912
9.32 16.18 0.0007168587380696326
9.32 16.425 0.0007011316662696902
9.32 16.67 0.0008951111499266887
9.32 16.915 0.0008219339419826082
9.32 17.16 0.00044431624019654066
9.32 17.405 9.937834021068227e-5
9.32 17.895 2.300667821184484e-7
9.32 18.14 1.5919701623423225e-9
9.32 18.385 2.208142953583667e-12
9.32 18.63 9.112869203763105e-17
9.32 18.875 7.113110594092999e-19
9.32 19.12 -4.1579040495455707e-19
9.32 19.365 -1.2071757951365918e-18
9.32 19.61 -4.12140501561181e-19
9.32 19.855 1.7509592955669935e-19
9.32 20.1 8.65385664740647e-19
9.32 20.345 6.5130371619947545e-21
9.32 20.59 -1.61852987078205e-19
9.32 20.835 1.8451512841123648e-19
9.32 21.08 -2.2687009023431514e-18
9.565 9.32 3.360305256737404e-18
9.565 9.565 2.99456592326862e-17
9.565 9.81 3.598239827308719e-18
9.565 10.055 1.2958412702836673e-17
9.565 10.3 -1.6750227632872748e-17
9.565 13.73 1.3766129916076156e-13
9.565 13.975000000000001 4.6839327933601433e-11
9.565 14.220000000000002 7.836805464110311e-9
9.565 14.464999999999998 3.235701628994557e-6
9.565 14.709999999999999 0.0005820650273096953
9.565 14.955 0.10496226451365746
9.565 15.2 0.23065303903440995
9.565 15.445 0.3187327393918325
9.565 15.69 0.34989108342934255
9.565 15.935 0.26708283160854007
9.565 16.18 0.09442750878863061
9.565 16.425 0.015146736873389566
9.565 16.67 0.0018802020150724148
9.565 16.915 0.00010712247843333902
9.565 17.16 4.321460923951746e-6
9.565 17.405 6.024801523787988e-7
9.565 17.895 3.306365866007745e-9
9.565 18.14 5.513171647756766e-11
9.565 18.385 2.0268495371919087e-13
9.565 18.63 1.8794883045980976e-16
9.565 18.875 2.3177355704381148e-18
9.565 19.12 1.0962532674206041e-17
9.565 19.365 -2.101450216437062e-18
9.565 19.61 -6.70697894255367e-19
9.565 19.855 -9.394535446381743e-18
9.565 20.1 6.103893399095319e-18
9.565 20.345 1.2173986113323543e-17
9.565 20.59 -1.128171842756137e-18
9.565 20.835 3.77472284914802e-18
9.565 21.08 -2.3958864618847187e-18
9.81 9.32 9.33556039482854e-18
9.81 9.565 2.1077925629305605e-18
9.81 9.81 1.3653800852759114e-17
9.81 10.055 3.0003733902513443e-17
9.81 10.3 -7.212119481281149e-17
9.81 13.73 4.248351193402171e-10
9.81 13.975000000000001 8.009244134529972e-8
9.81 14.220000000000002 5.884522429280389e-6
9.81 14.464999999999998 0.000167642434000297
9.81 14.709999999999999 0.002279045400729913
9.81 14.955 0.2320471802101829
9.81 15.2 0.5097536384931461
9.81 15.445 0.6614969781648036
9.81 15.69 0.563294781093383
9.81 15.935 0.35552599002674196
9.81 16.18 0.17346835720206422
9.81 16.425 0.06971025445831462
9.81 16.67 0.006232516553004365
9.81 16.915 0.00021646305762083572
9.81 17.16 2.069279583385272e-6
9.81 17.405 4.7776451943310484e-9
9.81 17.895 5.553272571601902e-14
9.81 18.14 -1.5623308494398152e-14
9.81 18.385 1.964254618828832e-15
9.81 18.63 2.1246474111096843e-17
9.81 18.875 -4.661862735643845e-19
9.81 19.12 1.6726433624403092e-17
9.81 19.365 -2.1875651775862513e-17
9.81 19.61 4.962724209074144e-18
9.81 19.855 -1.876122686224438e-17
9.81 20.1 1.9080114513910256e-17
9.81 20.345 9.260219414483601e-18
9.81 20.59 2.476495430518518e-17
9.81 20.835 2.0165828003677167e-17
9.81 21.08 6.660967138846693e-17
10.055 9.32 1.3271400832663593e-17
10.055 9.565 1.8941614118437293e-17
10.055 9.81 3.808372011336738e-18
10.055 10.055 7.7329430843288e-18
10.055 10.3 1.2304377569326531e-17
10.055 13.73 9.97942466236576e-9
10.055 13.975000000000001 9.590091382805021e-7
10.055 14.220000000000002 3.5387794513585855e-5
10.055 14.464999999999998 0.0005566634476867701
10.055 14.709999999999999 0.003993242307423288
10.055 14.955 0.01761082686303297
10.055 15.2 0.14855230646104975
10.055 15.445 0.22064155770381863
10.055 15.69 0.23943097678465705
10.055 15.935 0.12785147581155443
10.055 16.18 0.010325230448534192
10.055 16.425 0.0013986170345843662
10.055 16.67 0.00031273268735809283
10.055 16.915 2.181031600990247e-5
10.055 17.16 5.254250179967533e-7
10.055 17.405 2.4179866724063764e-9
10.055 17.895 -1.885594375357389e-14
10.055 18.14 3.984418296606194e-15
10.055 18.385 -3.704131580428573e-16
10.055 18.63 4.991518299419063e-18
10.055 18.875 -5.4746372798544795e-18
10.055 19.12 -2.986034591907161e-19
10.055 19.365 -3.467994883965291e-18
10.055 19.61 -4.842992146443488e-18
10.055 19.855 -1.0129227209387699e-17
10.055 20.1 1.3912642800683633e-17
10.055 20.345 -1.603821353902516e-17
10.055 20.59 -5.504033811004516e-18
10.055 20.835 7.588435873680455e-18
10.055 21.08 8.996647077838475e-18
10.3 9.32 -7.528311512331535e-19
10.3 9.565 3.6767300843887417e-19
10.3 9.81 1.5036719779819316e-19
10.3 10.055 7.498524829916582e-19
10.3 10.3 2.835397529217947e-19
10.3 13.73 4.3625661616103465e-9
10.3 13.975000000000001 2.0509648913199317e-7
10.3 14.220000000000002 4.316437022942508e-6
10.3 14.464999999999998 3.7316395945900815e-5
10.3 14.709999999999999 0.00017388825801715462
10.3 14.955 0.00048265609905600584
10.3 15.2 0.00257330500267198
10.3 15.445 0.006619880256105512
10.3 15.69 0.005120791761375224
10.3 15.935 0.0032638287744719864
10.3 16.18 0.00029504091725985124
10.3 16.425 2.1435561508306624e-6
10.3 16.67 -8.458395341948211e-8
10.3 16.915 2.500138606838654e-9
10.3 17.16 1.149756802053772e-10
10.3 17.405 2.7259413195440766e-12
10.3 17.895 1.5132350101970625e-13
10.3 18.14 -3.3441778880793565e-14
10.3 18.385 4.090862913587103e-15
10.3 18.63 1.6966678604300342e-18
10.3 18.875 -2.7148828246874205e-19
10.3 19.12 -5.645428004427757e-19
10.3 19.365 -1.5188065574786613e-18
10.3 19.61 -8.412623403436984e-19
10.3 19.855 3.4947385155527576e-19
10.3 20.1 -3.9479377082487314e-19
10.3 20.345 1.0861633295807868e-18
10.3 20.59 -7.5303109994116965e-19
10.3 20.835 1.4094859059597374e-18
10.3 21.08 1.2562446123098812e-19
10.545 9.32 -1.1344763918901554e-21
10.545 9.565 2.1880046905349104e-21
10.545 9.81 -5.535492274109763e-22
10.545 10.055 4.73074832572978e-22
10.545 10.3 -1.1860214876357778e-21
10.545 13.73 1.0344196301447293e-12
10.545 13.975000000000001 8.292645524266285e-10
10.545 14.220000000000002 8.943333752157988e-9
10.545 14.464999999999998 3.8606118076425977e-7
10.545 14.709999999999999 4.24666170672418e-6
10.545 14.955 1.552803180171971e-5
10.545 15.2 2.8785407642728725e-5
10.545 15.445 1.7254110680786033e-5
10.545 15.69 3.367299595541823e-5
10.545 15.935 -9.066612494065941e-6
10.545 16.18 6.720707417896366e-7
10.545 16.425 1.6937097265782057e-8
10.545 16.67 -1.772754578552387e-11
10.545 16.915 -5.972511700596106e-13
10.545 17.16 -3.0294701995890325e-15
10.545 17.405 2.0348794860467822e-14
10.545 17.895 4.649713022500557e-15
10.545 18.14 4.766015042105733e-16
10.545 18.385 -1.5224984897685065e-16
10.545 18.63 -2.2826684823593605e-20
10.545 18.875 -2.122894288451214e-20
10.545 19.12 6.489410485986215e-23
10.545 19.365 3.482224062079152e-21
10.545 19.61 5.340715999500714e-21
10.545 19.855 4.665742402029787e-21
10.545 20.1 -4.008946896221409e-21
10.545 20.345 -7.332778891030473e-21
10.545 20.59 -2.242103009632495e-21
10.545 20.835 5.618316070779508e-22
10.545 21.08 -2.03297973189434e-18
10.79 9.32 7.80868830576268e-25
10.79 9.565 6.153171213669959e-25
10.79 9.81 -2.4158162298231986e-26
10.79 10.055 -4.467400808516251e-25
10.79 10.3 2.653482119573835e-25
10.79 13.73 -3.429688552062484e-14
10.79 13.975000000000001 2.580497034062532e-11
10.79 14.220000000000002 1.5634542281413043e-10
10.79 14.464999999999998 1.1067385166861455e-8
10.79 14.709999999999999 1.4454930344056402e-8
10.79 14.955 2.8948807018715462e-8
10.79 15.2 4.207962109027157e-8
10.79 15.445 1.8309539114627885e-8
10.79 15.69 1.006608672227988e-8
10.79 15.935 -1.460242498918623e-9
10.79 16.18 4.248064378260184e-9
10.79 16.425 -3.1698840188042775e-11
10.79 16.67 -2.5104130514646165e-10
10.79 16.915 4.934510683284634e-12
10.79 17.16 -2.2391640543207083e-12
10.79 17.405 4.985069735493852e-12
10.79 17.895 1.3697118635319622e-12
10.79 18.14 -7.227972708061117e-14
10.79 18.385 -9.400726884705506e-15
10.79 18.63 -1.712851209659615e-17
10.79 18.875 -3.1434050161548156e-18
10.79 19.12 -1.7439806198798643e-20
10.79 19.365 -1.1076920000712336e-23
10.79 19.61 -7.434566123814045e-24
10.79 19.855 -1.6994037953104528e-26
10.79 20.1 2.47960231432996e-21
10.79 20.345 1.3736280112339082e-21
10.79 20.59 9.459980546957089e-23
10.79 20.835 1.5168688565289161e-21
10.79 21.08 6.053061726834577e-19
11.035 9.32 8.112575444945929e-28
11.035 9.565 -8.501446450887095e-28
11.035 9.81 1.5599186081474601e-27
11.035 10.055 2.753538610684221e-28
11.035 10.3 -7.139478742193157e-27
11.035 13.73 5.272594671249337e-16
11.035 13.975000000000001 1.627276513308769e-14
11.035 14.220000000000002 -6.467063064503626e-15
11.035 14.464999999999998 2.552781283996151e-12
11.035 14.709999999999999 -1.4442579640680947e-12
11.035 14.955 2.2387053063730607e-12
11.035 15.2 2.143585150834556e-11
11.035 15.445 8.228833313278821e-12
11.035 15.69 4.272625583985532e-12
11.035 15.935 6.372501440150881e-12
11.035 16.18 -4.4091251031038715e-12
11.035 16.425 -1.9230838334600612e-13
11.035 16.67 1.2862421583303445e-12
11.035 16.915 -2.8692513543116676e-14
11.035 17.16 8.069850285425882e-15
11.035 17.405 -1.8312035537694206e-14
11.035 17.895 -5.367688719625031e-15
11.035 18.14 5.73075176123266e-16
11.035 18.385 -1.4320839758298168e-17
11.035 18.63 6.417851274648872e-20
11.035 18.875 9.247766756261908e-21
11.035 19.12 5.043632758968237e-23
11.035 19.365 1.8690967752002166e-26
11.035 19.61 -1.551521722879453e-26
11.035 19.855 1.103529280896067e-23
11.035 20.1 6.30283395657134e-21
11.035 20.345 3.502877362726884e-21
11.035 20.59 2.433729479649376e-22
11.035 20.835 3.850163208444964e-21
11.035 21.08 1.5383653360081497e-18
11.28 9.32 1.0469317834321181e-31
11.28 9.565 -1.3304876097567308e-31
11.28 9.81 2.1648164409212167e-31
11.28 10.055 4.1934976605352393e-32
11.28 10.3 -9.281188042450818e-31
11.28 13.73 7.078667040668497e-20
11.28 13.975000000000001 2.1587507327641582e-18
11.28 14.220000000000002 -1.001418625942969e-18
11.28 14.464999999999998 3.3179435985247613e-16
11.28 14.709999999999999 -2.2585545041166033e-16
11.28 14.955 2.488579078372516e-16
11.28 15.2 2.722521435122574e-15
11.28 15.445 1.046266274550956e-15
11.28 15.69 4.829525252575133e-16
11.28 15.935 8.42276471228856e-16
11.28 16.18 -5.915294539302148e-16
11.28 16.425 -2.745662569633909e-17
11.28 16.67 1.6928727010403905e-16
11.28 16.915 -3.7975453479025255e-18
11.28 17.16 1.042096203004641e-18
11.28 17.405 -2.3678231814312e-18
11.28 17.895 -6.968211307786276e-19
11.28 18.14 7.668658515435815e-20
11.28 18.385 -2.264404470045036e-21
11.28 18.63 8.303935520021049e-24
11.28 18.875 1.1766927058759425e-24
11.28 19.12 6.408715669250944e-27
11.28 19.365 2.4564380476318937e-30
11.28 19.61 -9.588240500692198e-28
11.28 19.855 -8.547189946313602e-23
11.28 20.1 -4.8760007352812066e-20
11.28 20.345 -2.709899474222931e-20
11.28 20.59 -1.882787861157354e-21
11.28 20.835 -2.978563820602945e-20
11.28 21.08 -1.19011086625146e-17
13.485 9.32 2.402917957468388e-30
13.485 9.565 -7.079730902864783e-29
13.485 9.81 -1.3486962403695773e-28
13.485 10.055 1.7864444473246813e-28
13.485 10.3 -8.54176225597773e-30
13.485 13.73 -2.438923845229531e-29
13.485 13.975000000000001 -5.3755060062094046e-30
13.485 14.220000000000002 1.557953150650483e-29
13.485 14.464999999999998 3.4221556243503406e-29
13.485 14.709999999999999 7.30314995612451e-29
13.485 14.955 -1.0456311234455272e-29
13.485 15.2 4.3831992179514363e-29
13.485 15.445 -7.687542449507504e-29
13.485 15.69 3.5102725890483326e-29
13.485 15.935 -2.639826693899188e-29
13.485 16.18 2.076106567869751e-30
13.485 16.425 9.726943365338714e-30
13.485 16.67 6.75474352955411e-30
13.485 16.915 -1.8040161268930415e-29
13.485 17.16 5.720485651927336e-31
13.485 17.405 -5.527018763872159e-29
13.485 17.895 -1.027063402791215e-27
13.485 18.14 1.2953931143626312e-24
13.485 18.385 1.7152824138264504e-22
13.485 18.63 4.532271862515223e-21
13.485 18.875 4.2039815144772146e-20
13.485 19.12 2.1438349350034565e-19
13.485 19.365 2.474963231207017e-19
13.485 19.61 2.5954047774537496e-19
13.485 19.855 -6.260203483188235e-19
13.485 20.1 -1.718945106796942e-19
13.485 20.345 2.7727898806460964e-18
13.485 20.59 -1.323645101787564e-13
13.485 20.835 2.2697122489050096e-11
13.485 21.08 1.9639077183114125e-12
13.73 9.32 -1.2711792739983829e-27
13.73 9.565 -1.7402136479703052e-26
13.73 9.81 -3.334955714189318e-26
13.73 10.055 4.4608512095793633e-26
13.73 10.3 -3.6771916492626126e-27
13.73 13.73 -6.0193371715440735e-27
13.73 13.975000000000001 -1.7748950692742708e-27
13.73 14.220000000000002 3.784291167223306e-27
13.73 14.464999999999998 1.2864926387419567e-26
13.73 14.709999999999999 8.949618999693332e-27
13.73 14.955 -5.4373168727594884e-27
13.73 15.2 2.2220423644053822e-26
13.73 15.445 -3.417959250944792e-26
13.73 15.69 4.477041651325778e-27
13.73 15.935 -8.864048903111831e-27
13.73 16.18 -4.0092823124332815e-27
13.73 16.425 2.9099251160294615e-27
13.73 16.67 8.721225314839218e-27
13.73 16.915 -4.4690555917875716e-27
13.73 17.16 1.93428147692804e-28
13.73 17.405 -1.4879993688746196e-26
13.73 17.895 -2.5310675221305686e-25
13.73 18.14 3.237490245046123e-22
13.73 18.385 5.339768893842348e-20
13.73 18.63 1.2597829106590316e-18
13.73 18.875 1.0386309183379716e-17
13.73 19.12 5.283869060205448e-17
13.73 19.365 6.098675124245674e-17
13.73 19.61 7.437161671747755e-17
13.73 19.855 -1.2376338751405703e-16
13.73 20.1 2.658580023078154e-17
13.73 20.345 1.175737977672647e-12
13.73 20.59 8.34092410299784e-10
13.73 20.835 5.784470190062208e-9
13.73 21.08 4.849481885186723e-10
13.975000000000001 9.32 -5.954554334559944e-25
13.975000000000001 9.565 -5.6461907227210304e-27
13.975000000000001 9.81 -1.3555201911028931e-25
13.975000000000001 10.055 3.299232055553401e-25
13.975000000000001 10.3 -5.685568157096151e-25
13.975000000000001 13.73 1.8817642729035547e-25
13.975000000000001 13.975000000000001 -1.738159916085346e-25
13.975000000000001 14.220000000000002 -2.6993754626579897e-26
13.975000000000001 14.464999999999998 1.5838216434114368e-24
13.975000000000001 14.709999999999999 -3.3202145793226645e-24
13.975000000000001 14.955 -1.0598638436021674e-24
13.975000000000001 15.2 4.010622425777977e-24
13.975000000000001 15.445 -5.376709716424227e-24
13.975000000000001 15.69 -7.803960219882714e-25
13.975000000000001 15.935 -8.277872269877112e-25
13.975000000000001 16.18 -1.5625616819763082e-24
13.975000000000001 16.425 1.6633471040867567e-25
13.975000000000001 16.67 2.523271958861043e-24
13.975000000000001 16.915 -2.92733657353371e-26
13.975000000000001 17.16 5.612889551816231e-27
13.975000000000001 17.405 -4.680596141033598e-25
13.975000000000001 17.895 -3.255482014680673e-25
13.975000000000001 18.14 -3.7488650414415266e-21
13.975000000000001 18.385 -1.0299239283356626e-17
13.975000000000001 18.63 -1.3111026830013114e-16
13.975000000000001 18.875 -8.913667881507354e-18
13.975000000000001 19.12 6.937485559938895e-17
13.975000000000001 19.365 9.184987790600407e-17
13.975000000000001 19.61 -9.188241421628268e-15
13.975000000000001 19.855 -2.7233186712710646e-14
13.975000000000001 20.1 1.6520799602557094e-11
13.975000000000001 20.345 2.1655840216923236e-8
13.975000000000001 20.59 3.138399219684796e-7
13.975000000000001 20.835 7.379348622815036e-8
13.975000000000001 21.08 9.419045914638557e-10
14.220000000000002 9.32 2.0454172463622757e-23
14.220000000000002 9.565 1.9892286931980634e-25
14.220000000000002 9.81 -2.141703864402868e-23
14.220000000000002 10.055 2.7693040448603663e-23
14.220000000000002 10.3 -7.622522698472352e-24
14.220000000000002 13.73 7.791511542701761e-23
14.220000000000002 13.975000000000001 -6.450754261455287e-24
14.220000000000002 14.220000000000002 -5.019721471317838e-24
14.220000000000002 14.464999999999998 1.2174122137502791e-23
14.220000000000002 14.709999999999999 -5.773428421627876e-23
14.220000000000002 14.955 -2.4012998598305388e-23
14.220000000000002 15.2 9.33206066558577e-24
14.220000000000002 15.445 -1.8983235366059702e-23
14.220000000000002 15.69 2.792246376516687e-22
14.220000000000002 15.935 2.4357692623578435e-25
14.220000000000002 16.18 3.9833518389544334e-24
14.220000000000002 16.425 -7.310896178350851e-24
14.220000000000002 16.67 2.4715485175886364e-23
14.220000000000002 16.915 -6.0763791934022095e-24
14.220000000000002 17.16 -5.015998982571129e-24
14.220000000000002 17.405 -4.254716235659287e-24
14.220000000000002 17.895 -1.649514436788289e-23
14.220000000000002 18.14 -1.8493050284636002e-17
14.220000000000002 18.385 -4.592652578716594e-14
14.220000000000002 18.63 -5.817768910423266e-13
14.220000000000002 18.875 -8.724366628905343e-14
14.220000000000002 19.12 1.6852665742716801e-15
14.220000000000002 19.365 4.3433717741768406e-14
14.220000000000002 19.61 -3.27192299325916e-11
14.220000000000002 19.855 -7.815804267818952e-12
14.220000000000002 20.1 3.7899440956185986e-7
14.220000000000002 20.345 8.574739464717755e-6
14.220000000000002 20.59 4.690763284619432e-6
14.220000000000002 20.835 9.660981778398518e-8
14.220000000000002 21.08 1.2647231008140505e-9
14.464999999999998 9.32 4.8153676524839854e-23
14.464999999999998 9.565 -4.022205729795218e-24
14.464999999999998 9.81 -8.21461684583706e-23
14.464999999999998 10.055 1.0570574465358669e-22
14.464999999999998 10.3 -9.753049376659971e-23
14.464999999999998 13.73 2.9610389702480215e-22
14.464999999999998 13.975000000000001 -9.771768157156643e-23
14.464999999999998 14.220000000000002 -3.54182056107158e-23
14.464999999999998 14.464999999999998 1.2843918750009736e-22
14.464999999999998 14.709999999999999 4.612291025403052e-21
14.464999999999998 14.955 -1.7444454378473e-22
14.464999999999998 15.2 3.164260140144586e-22
14.464999999999998 15.445 -7.837105469872659e-23
14.464999999999998 15.69 4.644805948543419e-21
14.464999999999998 15.935 -2.2699927966614263e-22
14.464999999999998 16.18 -7.239896059628753e-23
14.464999999999998 16.425 -3.6308865062909845e-22
14.464999999999998 16.67 2.7161691111003895e-23
14.464999999999998 16.915 -1.5735277279083342e-23
14.464999999999998 17.16 -1.7237265837646397e-23
14.464999999999998 17.405 1.548048070277737e-22
14.464999999999998 17.895 6.239242801712634e-22
14.464999999999998 18.14 -2.7651500424215747e-16
14.464999999999998 18.385 -6.776751639074549e-13
14.464999999999998 18.63 -7.355173857071241e-12
14.464999999999998 18.875 1.1279499391148373e-12
14.464999999999998 19.12 -5.857048505748275e-14
14.464999999999998 19.365 -1.5620744517022193e-12
14.464999999999998 19.61 1.265236055640266e-9
14.464999999999998 19.855 2.529652569902535e-6
14.464999999999998 20.1 0.00011683764000046035
14.464999999999998 20.345 9.563810235954331e-5
14.464999999999998 20.59 8.199594005850623e-6
14.464999999999998 20.835 2.5300575313586555e-8
14.464999999999998 21.08 3.1265080503406205e-7
14.709999999999999 9.32 3.297239202224122e-23
14.709999999999999 9.565 1.0559929330572545e-22
14.709999999999999 9.81 1.2425827314991816e-22
14.709999999999999 10.055 -2.484396961445356e-21
14.709999999999999 10.3 6.116543409524223e-22
14.709999999999999 13.73 -8.247382941843435e-24
14.709999999999999 13.975000000000001 2.07463406377448e-22
14.709999999999999 14.220000000000002 5.271987489391377e-22
14.709999999999999 14.464999999999998 1.6525466134636902e-22
14.709999999999999 14.709999999999999 1.3909200147851415e-20
14.709999999999999 14.955 -4.233696535697779e-22
14.709999999999999 15.2 6.664304468578737e-23
14.709999999999999 15.445 -8.169286289321186e-22
14.709999999999999 15.69 4.663684918339585e-21
14.709999999999999 15.935 -4.554720859855375e-22
14.709999999999999 16.18 -2.6355472258121586e-22
14.709999999999999 16.425 -9.802172461281172e-22
14.709999999999999 16.67 6.411090503496285e-21
14.709999999999999 16.915 2.45440808469519e-24
14.709999999999999 17.16 -1.8845118058321676e-23
14.709999999999999 17.405 1.9985637838255672e-22
14.709999999999999 17.895 -2.9554748084629227e-19
14.709999999999999 18.14 3.4468528608637527e-13
14.709999999999999 18.385 8.778516142532727e-10
14.709999999999999 18.63 1.4165647255012572e-8
14.709999999999999 18.875 7.89162881778065e-9
14.709999999999999 19.12 2.1594013747125642e-7
14.709999999999999 19.365 5.98787007231723e-6
14.709999999999999 19.61 2.104400542279808e-5
14.709999999999999 19.855 0.0009024064771807848
14.709999999999999 20.1 0.0011267944466035506
14.709999999999999 20.345 0.00018170457383917245
14.709999999999999 20.59 3.5060560532131817e-7
14.709999999999999 20.835 1.7507160926339847e-5
14.709999999999999 21.08 3.4445360182009287e-6
14.955 9.32 5.925854373679976e-20
14.955 9.565 -2.653353121510639e-19
14.955 9.81 -1.2566076186861592e-19
14.955 10.055 1.2216504076943457e-19
14.955 10.3 1.3221882984071502e-19
14.955 13.73 9.296045677532151e-21
14.955 13.975000000000001 1.605920920918159e-19
14.955 14.220000000000002 -2.0493553127389877e-19
14.955 14.464999999999998 -4.489578421509677e-20
14.955 14.709999999999999 4.5759182788284704e-20
14.955 14.955 -3.9298865493582254e-20
14.955 15.2 -1.0876860655942943e-18
14.955 15.445 -6.553450158755112e-19
14.955 15.69 -2.315610989073315e-19
14.955 15.935 -5.38432338579611e-19
14.955 16.18 -2.61053849549581e-18
14.955 16.425 -3.6638227015320397e-19
14.955 16.67 -1.1753691852477523e-18
14.955 16.915 -3.6159280726638794e-19
14.955 17.16 6.844116666051995e-20
14.955 17.405 8.057767780496247e-20
14.955 17.895 7.202394502707169e-17
14.955 18.14 6.414448469352813e-13
14.955 18.385 1.3494177996319952e-9
14.955 18.63 1.0839236390108882e-6
14.955 18.875 9.722435943003322e-5
14.955 19.12 0.007801085735034663
14.955 19.365 0.0802782357907548
14.955 19.61 0.20746540076679573
14.955 19.855 0.15104551910555858
14.955 20.1 0.028856064918911354
14.955 20.345 0.005576800224161676
14.955 20.59 0.0009431650766496232
14.955 20.835 0.00011949834502969478
14.955 21.08 1.2773547204054736e-5
15.2 9.32 5.132154108750499e-19
15.2 9.565 2.680997779401745e-19
15.2 9.81 -5.396242190363501e-19
15.2 10.055 2.0405423252113028e-18
15.2 10.3 -1.8779780078619116e-19
15.2 13.73 -9.679782572441877e-19
15.2 13.975000000000001 -5.503649940502831e-19
15.2 14.220000000000002 1.768556528633693e-18
15.2 14.464999999999998 -1.877434158534779e-18
15.2 14.709999999999999 7.899889215060283e-18
15.2 14.955 6.500671779866327e-18
15.2 15.2 -1.9531060637708066e-17
15.2 15.445 4.174663730578748e-19
15.2 15.69 6.413932190319183e-20
15.2 15.935 -2.6645381919419738e-18
15.2 16.18 8.33873689838573e-19
15.2 16.425 -1.3093017745421667e-17
15.2 16.67 -2.314351010089531e-18
15.2 16.915 8.669431925838971e-18
15.2 17.16 -7.020287695175136e-19
15.2 17.405 -6.309354968319043e-19
15.2 17.895 1.0847542292745154e-12
15.2 18.14 1.7395149446608538e-9
15.2 18.385 8.953519209223291e-7
15.2 18.63 0.00010495217058085857
15.2 18.875 0.003252816332149301
15.2 19.12 0.04493818611761449
15.2 19.365 0.2745767877855977
15.2 19.61 0.5114989788116887
15.2 19.855 0.4433381237932131
15.2 20.1 0.1645500255931625
15.2 20.345 0.022132481328288486
15.2 20.59 0.003684949083822052
15.2 20.835 0.00047718649744287297
15.2 21.08 5.0196631139782e-5
15.445 9.32 -1.4681826634551808e-19
15.445 9.565 5.701300850267261e-18
15.445 9.81 -2.2059080193415194e-19
15.445 10.055 6.082635037192385e-18
15.445 10.3 3.944189732139747e-19
15.445 13.73 1.0230610908303962e-18
15.445 13.975000000000001 -1.9279897801640104e-18
15.445 14.220000000000002 -1.5107810432281689e-18
15.445 14.464999999999998 -6.515192428083422e-18
15.445 14.709999999999999 -6.306401267580471e-19
15.445 14.955 2.1006828909940116e-18
15.445 15.2 7.579905443193378e-18
15.445 15.445 -1.4359286946332975e-17
15.445 15.69 -1.3088373447628236e-18
15.445 15.935 8.581041056541274e-19
15.445 16.18 -2.65911364119378e-19
15.445 16.425 -5.684865105737545e-19
15.445 16.67 8.70448548623628e-19
15.445 16.915 3.949163440494271e-17
15.445 17.16 5.371984966474078e-19
15.445 17.405 2.4409264044903796e-18
15.445 17.895 3.3472526591278615e-11
15.445 18.14 2.658158546654035e-8
15.445 18.385 7.053027573006592e-6
15.445 18.63 0.00040316825104796575
15.445 18.875 0.007311432134926956
15.445 19.12 0.06565588418831558
15.445 19.365 0.3047877562536802
15.445 19.61 0.6213791715146516
15.445 19.855 0.5794451476135392
15.445 20.1 0.27817471537116273
15.445 20.345 0.06265551744881745
15.445 20.59 0.009054126651714752
15.445 20.835 0.0011127640233470494
15.445 21.08 4.0217670945192706e-5
15.69 9.32 -7.694370140547095e-19
15.69 9.565 -4.633734181397143e-19
15.69 9.81 1.6693272772710386e-18
15.69 10.055 -5.245067674286433e-18
15.69 10.3 -5.741338707392947e-19
15.69 13.73 1.2841736478623128e-17
15.69 13.975000000000001 6.122142369473891e-18
15.69 14.220000000000002 -8.956633576180774e-19
15.69 14.464999999999998 4.4382838798631625e-19
15.69 14.709999999999999 -7.212127019692415e-19
15.69 14.955 -4.2624626857942076e-18
15.69 15.2 3.9596475930122235e-18
15.69 15.445 -2.1139983620161094e-17
15.69 15.69 -3.5146241851299654e-18
15.69 15.935 -1.7059517157759962e-18
15.69 16.18 1.8151583398745652e-18
15.69 16.425 -1.299276511206537e-18
15.69 16.67 1.6403272763323228e-18
15.69 16.915 -8.004032286724271e-19
15.69 17.16 -4.106490986876419e-19
15.69 17.405 -8.212154838350577e-18
15.69 17.895 9.152358980679509e-12
15.69 18.14 8.34657270528269e-9
15.69 18.385 3.0731747525612614e-6
15.69 18.63 0.00023120700878652095
15.69 18.875 0.005294987996276538
15.69 19.12 0.05389362331809183
15.69 19.365 0.24095625945851767
15.69 19.61 0.5200200844909056
15.69 19.855 0.5426513423974609
15.69 20.1 0.2550160012691546
15.69 20.345 0.06337141307994022
15.69 20.59 0.011373265952393323
15.69 20.835 0.0005177123975150513
15.69 21.08 4.138440471574673e-6
15.935 9.32 -5.899302013615121e-20
15.935 9.565 -9.963211174624848e-19
15.935 9.81 8.219891000519225e-19
15.935 10.055 -1.3055805203576583e-18
15.935 10.3 3.7999590992960565e-19
15.935 13.73 7.435315281030734e-18
15.935 13.975000000000001 3.3057776929368305e-19
15.935 14.220000000000002 3.4521337040103194e-18
15.935 14.464999999999998 4.8929034578165237e-20
15.935 14.709999999999999 -2.5806879313549223e-18
15.935 14.955 -1.1538066438186016e-18
15.935 15.2 -1.9017712395446705e-18
15.935 15.445 -3.03890010726203e-18
15.935 15.69 -3.969858035283321e-18
15.935 15.935 -6.676619731203062e-19
15.935 16.18 -2.705614946155036e-18
15.935 16.425 -1.654927989584497e-17
15.935 16.67 -1.920643717916456e-18
15.935 16.915 2.16629981537706e-18
15.935 17.16 4.3044276316203656e-19
15.935 17.405 2.5029579059685365e-17
15.935 17.895 6.0319191999250064e-12
15.935 18.14 2.0912532921388522e-9
15.935 18.385 4.3788033123529933e-7
15.935 18.63 4.750415695660642e-5
15.935 18.875 0.002238765097667123
15.935 19.12 0.036187672690664946
15.935 19.365 0.17220241172938605
15.935 19.61 0.36732681416158586
15.935 19.855 0.33259617258950397
15.935 20.1 0.16572504693338783
15.935 20.345 0.05000286029371661
15.935 20.59 0.0037007878341261723
15.935 20.835 5.4009144688072386e-5
15.935 21.08 1.8934715838690434e-6
16.18 9.32 1.6795259978623834e-19
16.18 9.565 1.5245131426599315e-19
16.18 9.81 -5.046543173963496e-19
16.18 10.055 -2.576287216942508e-19
16.18 10.3 -4.6298188370860306e-20
16.18 13.73 1.8130688061380725e-18
16.18 13.975000000000001 7.461300264321546e-19
16.18 14.220000000000002 -1.8627202334157547e-18
16.18 14.464999999999998 1.2014828805461398e-19
16.18 14.709999999999999 2.8822234441556044e-18
16.18 14.955 4.562453256013354e-20
16.18 15.2 -9.123283951876412e-19
16.18 15.445 3.0805803277079838e-18
16.18 15.69 4.479957510470765e-19
16.18 15.935 4.0462237022352317e-20
16.18 16.18 -2.2427895249706357e-19
16.18 16.425 4.447837638596973e-18
16.18 16.67 -1.6648658984567199e-18
16.18 16.915 2.423596604678242e-19
16.18 17.16 2.7582877013689914e-19
16.18 17.405 3.590703326448432e-18
16.18 17.895 2.72722014121014e-12
16.18 18.14 1.8850102146250735e-9
16.18 18.385 4.926960790432777e-7
16.18 18.63 2.5496882407306927e-5
16.18 18.875 0.0005520580853414208
16.18 19.12 0.013430013985309405
16.18 19.365 0.09032519019104862
16.18 19.61 0.15971288497167244
16.18 19.855 0.16906020555497334
16.18 20.1 0.08629613469040287
16.18 20.345 0.009313992107934843
16.18 20.59 0.0004043017298741855
16.18 20.835 2.015197555379581e-5
16.18 21.08 1.51031377139605e-8
16.425 9.32 3.2094558873694735e-20
16.425 9.565 1.1615290612866907e-19
16.425 9.81 7.474436362725145e-19
16.425 10.055 7.477481218742344e-19
16.425 10.3 -2.84251024332118e-19
16.425 13.73 1.916895382724022e-19
16.425 13.975000000000001 -3.5217479275169297e-20
16.425 14.220000000000002 -3.120905371424292e-19
16.425 14.464999999999998 7.307463719492295e-21
16.425 14.709999999999999 5.048844502971976e-18
16.425 14.955 6.551616959835527e-21
16.425 15.2 7.159276770652976e-19
16.425 15.445 1.38200214154192e-18
16.425 15.69 -7.774720112037288e-19
16.425 15.935 -3.4097601170009757e-19
16.425 16.18 2.260429263057225e-18
16.425 16.425 5.9502369355046766e-18
16.425 16.67 -3.1285501829406265e-19
16.425 16.915 -7.383460144822996e-20
16.425 17.16 3.7785473805879406e-20
16.425 17.405 -6.515706814463485e-19
16.425 17.895 1.7606476306152805e-12
16.425 18.14 1.5420173564164185e-9
16.425 18.385 2.0322358664460086e-7
16.425 18.63 8.96048763055281e-6
16.425 18.875 0.00028996772896452944
16.425 19.12 0.003502885854727796
16.425 19.365 0.019524733882388026
16.425 19.61 0.05456522700116767
16.425 19.855 0.046842769250798014
16.425 20.1 0.011941686718550818
16.425 20.345 0.0013321934110181685
16.425 20.59 8.867246811810581e-5
16.425 20.835 5.134546305187154e-8
16.425 21.08 -4.5986950426114985e-12
16.67 9.32 4.879983010703814e-21
16.67 9.565 5.584831316973097e-20
16.67 9.81 6.500722011589402e-20
16.67 10.055 9.770909035192938e-20
16.67 10.3 -9.14540907874184e-21
16.67 13.73 -2.8178503226071375e-21
16.67 13.975000000000001 -1.84723497931645e-20
16.67 14.220000000000002 -2.743210316113462e-20
16.67 14.464999999999998 -2.3425893698061296e-20
16.67 14.709999999999999 -3.6722014509755357e-19
16.67 14.955 -3.889685623121595e-18
16.67 15.2 -3.486165598733771e-18
16.67 15.445 -1.6386329938255649e-18
16.67 15.69 -1.3820638011787921e-17
16.67 15.935 4.388775058342933e-18
16.67 16.18 7.997825260290984e-19
16.67 16.425 -6.376365114565147e-19
16.67 16.67 -3.6346340427441296e-20
16.67 16.915 -2.2367911439725025e-18
16.67 17.16 -3.126141988206142e-19
16.67 17.405 -2.913118822328854e-16
16.67 17.895 2.154790749531002e-12
16.67 18.14 6.077562759341582e-10
16.67 18.385 3.878805558484767e-8
16.67 18.63 3.912356314821631e-6
16.67 18.875 5.822284409194457e-5
16.67 19.12 0.0017603652245953094
16.67 19.365 0.0046491705250142805
16.67 19.61 0.004510592593179401
16.67 19.855 0.003880381513286718
16.67 20.1 8.75493457212786e-5
16.67 20.345 1.789604983731191e-6
16.67 20.59 2.3409872450680143e-8
16.67 20.835 2.563746782731568e-10
16.67 21.08 -1.8614872548418792e-13
16.915 9.32 -1.5809877807020342e-21
16.915 9.565 8.369353481437706e-21
16.915 9.81 7.483321901708359e-23
16.915 10.055 -1.970674870698223e-21
16.915 10.3 -1.8516231559005955e-22
16.915 13.73 1.4482585112205389e-21
16.915 13.975000000000001 2.2348194477114012e-20
16.915 14.220000000000002 -7.111673115936082e-20
16.915 14.464999999999998 -7.317566906491724e-19
16.915 14.709999999999999 -6.675397138441099e-18
16.915 14.955 -1.648445396211562e-16
16.915 15.2 -1.4436619809208844e-16
16.915 15.445 -8.068031565308825e-17
16.915 15.69 -5.740296846163622e-16
16.915 15.935 1.9714087590910453e-16
16.915 16.18 2.9127169609972934e-17
16.915 16.425 -2.7854930329764374e-17
16.915 16.67 -5.5944692642998555e-18
16.915 16.915 -9.569188049828483e-17
16.915 17.16 -1.21786750476589e-17
16.915 17.405 -1.2357624973087814e-14
16.915 17.895 4.815984100717542e-14
16.915 18.14 4.668692320636974e-11
16.915 18.385 3.052649681108048e-8
16.915 18.63 6.356651979284199e-7
16.915 18.875 1.1225083952263415e-5
16.915 19.12 0.00010325942405730253
16.915 19.365 0.0001640764638823499
16.915 19.61 0.0009809091379297252
16.915 19.855 0.00018609090105295857
16.915 20.1 3.211719765412533e-8
16.915 20.345 9.592740796907442e-9
16.915 20.59 1.3017438610648747e-10
16.915 20.835 -6.422312840874472e-13
16.915 21.08 6.395676267194921e-16
17.16 9.32 -3.702749508407611e-21
17.16 9.565 -3.954130989383004e-22
17.16 9.81 1.8682080402887346e-21
17.16 10.055 -4.13711548370726e-21
17.16 10.3 -5.343457982274397e-22
17.16 13.73 3.5164567532334044e-22
17.16 13.975000000000001 4.277457379265325e-22
17.16 14.220000000000002 -1.6424026824095447e-22
17.16 14.464999999999998 -2.645954914076215e-21
17.16 14.709999999999999 -2.2466629221808515e-20
17.16 14.955 -5.249693468455919e-19
17.16 15.2 -4.6246359327184085e-19
17.16 15.445 -2.6126842860227964e-19
17.16 15.69 -1.8542369139557723e-18
17.16 15.935 6.359076834978872e-19
17.16 16.18 9.385186498687101e-20
17.16 16.425 -9.017394584722791e-20
17.16 16.67 -1.841786082364287e-20
17.16 16.915 -3.091280752108744e-19
17.16 17.16 -3.9132376046132065e-20
17.16 17.405 -3.9913483007817695e-17
17.16 17.895 1.3846094648911473e-13
17.16 18.14 1.368178643027735e-10
17.16 18.385 6.0134674460688e-9
17.16 18.63 2.3639738589451737e-7
17.16 18.875 9.836060792275648e-6
17.16 19.12 0.00015892056926304835
17.16 19.365 0.0004273691371694993
17.16 19.61 0.0003096068680767157
17.16 19.855 2.8569435639531457e-6
17.16 20.1 9.446849678027811e-11
17.16 20.345 1.5633651366690953e-13
17.16 20.59 2.3068924727625347e-15
17.16 20.835 -1.1564038754280624e-17
17.16 21.08 1.5848927481283135e-18
17.405 9.32 6.729570901752567e-21
17.405 9.565 2.823498001849327e-20
17.405 9.81 3.9011329000642723e-19
17.405 10.055 1.6829946430038121e-19
17.405 10.3 -5.630938211792505e-21
17.405 13.73 1.6422732490642565e-25
17.405 13.975000000000001 2.4536333695059147e-24
17.405 14.220000000000002 5.2610652098101674e-24
17.405 14.464999999999998 -1.0241323177583337e-24
17.405 14.709999999999999 -4.086853370695089e-24
17.405 14.955 -1.6166514809388944e-25
17.405 15.2 2.9866719229014943e-24
17.405 15.445 -1.785976425650595e-24
17.405 15.69 -1.710342590930122e-24
17.405 15.935 3.6850275924185548e-25
17.405 16.18 -5.435352074263137e-25
17.405 16.425 -8.220935416712264e-25
17.405 16.67 -5.860979640186744e-25
17.405 16.915 -7.463286509626326e-25
17.405 17.16 1.6253337420743412e-24
17.405 17.405 1.3326692667172177e-20
17.405 17.895 8.36336536898653e-14
17.405 18.14 1.178355529622244e-11
17.405 18.385 1.7723480016214415e-9
17.405 18.63 1.2573354255652305e-7
17.405 18.875 3.7977236822652126e-6
17.405 19.12 2.107201359605026e-5
17.405 19.365 9.73557608890212e-6
17.405 19.61 5.51911054010892e-8
17.405 19.855 -2.1220047046732782e-8
17.405 20.1 -7.409595796397104e-12
17.405 20.345 -9.386430807632139e-18
17.405 20.59 5.732457884408171e-20
17.405 20.835 6.581195771710538e-20
17.405 21.08 -2.3779330854185924e-19
17.65 9.32 1.0176478214185036e-16
17.65 9.565 4.578757203053412e-16
17.65 9.81 6.297288697808199e-15
17.65 10.055 1.8036747764671356e-15
17.65 10.3 -1.8373280142181687e-17
17.65 13.73 6.684221827683189e-27
17.65 13.975000000000001 -5.012480855654049e-27
17.65 14.220000000000002 4.185128514335044e-28
17.65 14.464999999999998 -4.196789207998422e-25
17.65 14.709999999999999 -1.7390377490251317e-24
17.65 14.955 -1.8975736369461713e-24
17.65 15.2 3.550313818645099e-25
17.65 15.445 7.655976019001744e-26
17.65 15.69 1.1046217031163498e-25
17.65 15.935 1.4612137510135808e-26
17.65 16.18 -2.742758592362917e-25
17.65 16.425 -1.8160462383880344e-25
17.65 16.67 -8.300504415328744e-26
17.65 16.915 -9.646824967270845e-26
17.65 17.16 4.551135704098102e-25
17.65 17.405 1.645495008995497e-22
17.65 17.895 2.2428793196475343e-14
17.65 18.14 1.3406697470684538e-12
17.65 18.385 3.407255784890332e-10
17.65 18.63 7.112408483019915e-10
17.65 18.875 1.1819652036845047e-7
17.65 19.12 -3.377989248153156e-8
17.65 19.365 -9.821598973471016e-11
17.65 19.61 -2.4522022773282083e-10
17.65 19.855 -8.403259951571465e-10
17.65 20.1 -2.764595964644452e-13
17.65 20.345 -3.4897905878577414e-19
17.65 20.59 2.5896292624630324e-20
17.65 20.835 2.971225486305886e-20
17.65 21.08 -1.1626984950803571e-18
17.895 9.32 1.9688680712119845e-13
17.895 9.565 1.2355463712173942e-12
17.895 9.81 1.6657385718431594e-11
17.895 10.055 4.2360925658355225e-12
17.895 10.3 -3.4245629524745115e-14
17.895 13.73 -2.5361504564901636e-27
17.895 13.975000000000001 -6.653708552713788e-29
17.895 14.220000000000002 3.0604795002482243e-28
17.895 14.464999999999998 -1.3554339239488639e-27
17.895 14.709999999999999 -1.9206281307593572e-28
17.895 14.955 1.778336548692366e-28
17.895 15.2 -7.427430332129591e-28
17.895 15.445 -1.9968235159082812e-28
17.895 15.69 -3.0652006310296386e-29
17.895 15.935 3.7543988620941023e-29
17.895 16.18 -8.571153341657231e-28
17.895 16.425 -2.3910572512724577e-28
17.895 16.67 2.6539087775938298e-30
17.895 16.915 8.92406877766105e-30
17.895 17.16 8.696398336160222e-29
17.895 17.405 1.3920589419109838e-26
17.895 17.895 2.1566286398620114e-18
17.895 18.14 1.2990022491788642e-16
17.895 18.385 3.270155192863353e-14
17.895 18.63 5.607209464438462e-14
17.895 18.875 1.094910522676485e-11
17.895 19.12 -5.755467896674731e-12
17.895 19.365 -3.873192249153498e-14
17.895 19.61 -2.574806646441807e-14
17.895 19.855 -8.819454727479517e-14
17.895 20.1 -2.9005094914417267e-17
17.895 20.345 5.472270755181126e-21
17.895 20.59 3.852562105033455e-22
17.895 20.835 6.058036637472009e-21
17.895 21.08 2.419283761630526e-18
18.14 9.32 8.964442840925956e-12
18.14 9.565 7.73716496853317e-10
18.14 9.81 9.261941689701386e-9
18.14 10.055 1.4387639929047164e-9
18.14 10.3 2.402639943128853e-11
18.14 13.73 -3.2574608330840178e-24
18.14 13.975000000000001 -1.7039863706290705e-25
18.14 14.220000000000002 -5.478538655443626e-26
18.14 14.464999999999998 -3.8985014647613874e-25
18.14 14.709999999999999 1.0608194756213284e-26
18.14 14.955 2.0079379608533463e-25
18.14 15.2 -2.9363840717033926e-25
18.14 15.445 -7.399617096304143e-26
18.14 15.69 1.2212000686456002e-27
18.14 15.935 2.7160564144603687e-26
18.14 16.18 -5.295969048890203e-25
18.14 16.425 -6.670544976721984e-26
18.14 16.67 4.3018907415591087e-26
18.14 16.915 -3.546109869066894e-26
18.14 17.16 -1.0177470443860131e-26
18.14 17.405 -7.94487342348029e-26
18.14 17.895 1.11471199890131e-24
18.14 18.14 7.256478448478995e-23
18.14 18.385 1.8227699823579642e-20
18.14 18.63 3.061986634784571e-20
18.14 18.875 6.082286014628935e-18
18.14 19.12 -3.3393618983085503e-18
18.14 19.365 -2.1794833129024408e-20
18.14 19.61 -1.446979348242816e-20
18.14 19.855 -4.955704109274113e-20
18.14 20.1 2.9304148770574734e-21
18.14 20.345 1.6377971469820085e-21
18.14 20.59 1.137894409551973e-22
18.14 20.835 1.8003548725474747e-21
18.14 21.08 7.192770114492246e-19
18.385 9.32 -2.2580418099927462e-9
18.385 9.565 2.2551438752381438e-7
18.385 9.81 2.1831898709064638e-6
18.385 10.055 2.336387533620442e-7
18.385 10.3 1.9688040381665668e-8
18.385 13.73 -9.603402699183244e-22
18.385 13.975000000000001 -5.260990335520694e-23
18.385 14.220000000000002 -4.572701004577459e-23
18.385 14.464999999999998 -2.4171140918792644e-23
18.385 14.709999999999999 -1.7458500227783504e-25
18.385 14.955 7.2855631928742e-23
18.385 15.2 -4.0219755581975594e-23
18.385 15.445 -9.912258654844564e-24
18.385 15.69 4.8071334185692565e-24
18.385 15.935 7.10831671520927e-24
18.385 16.18 -1.1161999430301443e-22
18.385 16.425 -5.8848144509923694e-24
18.385 16.67 1.3860277654830057e-23
18.385 16.915 -2.4325803816032784e-23
18.385 17.16 -1.598641192428087e-23
18.385 17.405 -1.1362502209944637e-23
18.385 17.895 -2.2520689272460443e-23
18.385 18.14 5.437010082860398e-23
18.385 18.385 3.2717279257873134e-24
18.385 18.63 -4.50956958066078e-23
18.385 18.875 -3.719580010292664e-23
18.385 19.12 -9.988842441907618e-24
18.385 19.365 -9.648911464880847e-25
18.385 19.61 -6.388765966653026e-23
18.385 19.855 9.554660966462242e-23
18.385 20.1 6.437458324955546e-20
18.385 20.345 3.5792534914037334e-20
18.385 20.59 2.4651696035637895e-21
18.385 20.835 3.939589109891354e-20
18.385 21.08 1.5716352950001728e-17
18.63 9.32 2.3273190609409984e-6
18.63 9.565 2.153427164279764e-5
18.63 9.81 0.00019869259757966093
18.63 10.055 3.4137567416829236e-5
18.63 10.3 2.3353213820192964e-6
18.63 13.73 -5.447730401548693e-20
18.63 13.975000000000001 -2.5690638656987837e-21
18.63 14.220000000000002 -2.024577540761936e-21
18.63 14.464999999999998 -4.027463015155396e-21
18.63 14.709999999999999 -2.81376400299968e-22
18.63 14.955 1.0351719697316564e-20
18.63 15.2 -3.091903285735899e-21
18.63 15.445 -4.2164107028394373e-22
18.63 15.69 5.940708388086245e-22
18.63 15.935 4.243486308209775e-22
18.63 16.18 -6.099252606358288e-21
18.63 16.425 -9.433549608114791e-22
18.63 16.67 4.018106863091445e-22
18.63 16.915 -2.8583547752605635e-21
18.63 17.16 -1.089742298464676e-21
18.63 17.405 -1.346281543847563e-21
18.63 17.895 -6.855036063321787e-22
18.63 18.14 2.020080771974046e-21
18.63 18.385 6.512335133862059e-22
18.63 18.63 -2.5469639207378608e-21
18.63 18.875 -2.947371251246474e-21
18.63 19.12 -1.5702784131364938e-21
18.63 19.365 -2.8120089359031726e-22
18.63 19.61 -4.070002686692751e-21
18.63 19.855 -2.8802546127059056e-21
18.63 20.1 -2.195634639525137e-21
18.63 20.345 9.334939862843186e-23
18.63 20.59 1.5751321176599591e-21
18.63 20.835 3.826417780630795e-21
18.63 21.08 2.6462951167990736e-21
18.875 9.32 0.00010684565885951993
18.875 9.565 0.0010180807588988097
18.875 9.81 0.005918543737916417
18.875 10.055 0.0013242799622058142
18.875 10.3 9.681122948756757e-5
18.875 13.73 -2.955691638019936e-19
18.875 13.975000000000001 4.5837241000752126e-21
18.875 14.220000000000002 1.4967562105852914e-20
18.875 14.464999999999998 -1.4253914652078457e-19
18.875 14.709999999999999 -5.594197665633071e-21
18.875 14.955 1.84139528837737e-19
18.875 15.2 -3.388271362567953e-20
18.875 15.445 -5.9864335925761105e-21
18.875 15.69 9.469715668764292e-21
18.875 15.935 1.3249311177724056e-20
18.875 16.18 -5.06902486628361e-20
18.875 16.425 -5.1890960484030685e-20
18.875 16.67 -2.8727328662498186e-20
18.875 16.915 -5.299821614482593e-20
18.875 17.16 -1.3604817760958285e-20
18.875 17.405 -4.4826103533317966e-20
18.875 17.895 2.23578239173006e-20
18.875 18.14 -3.1182556982566305e-20
18.875 18.385 3.796521406006077e-20
18.875 18.63 -1.5688602979996586e-20
18.875 18.875 3.426322946304589e-21
18.875 19.12 3.791081522630359e-21
18.875 19.365 -2.2152971237593154e-20
18.875 19.61 -2.6877995978895893e-20
18.875 19.855 -1.580455295616741e-19
18.875 20.1 4.6293739866633655e-20
18.875 20.345 -1.6013821536890382e-20
18.875 20.59 1.3973975028504472e-19
18.875 20.835 4.666552279647525e-20
18.875 21.08 1.8123975485923153e-20
19.12 9.32 0.001933108728728049
19.12 9.565 0.01989127139702777
19.12 9.81 0.06699544812304131
19.12 10.055 0.0192978260755619
19.12 10.3 0.001366774005034501
19.12 13.73 1.5203917154774907e-19
19.12 13.975000000000001 2.5770208885552414e-19
19.12 14.220000000000002 2.1468340431458616e-19
19.12 14.464999999999998 5.801320339830459e-19
19.12 14.709999999999999 -2.818679222605223e-19
19.12 14.955 -3.2959538554964186e-19
19.12 15.2 6.794378596397477e-19
19.12 15.445 -3.3042940545580406e-19
19.12 15.69 -1.7706377459163926e-19
19.12 15.935 1.949048624105323e-19
19.12 16.18 3.249954914482106e-19
19.12 16.425 -4.438596389110525e-19
19.12 16.67 -5.302648990787414e-19
19.12 16.915 -4.867878773673336e-19
19.12 17.16 -8.268786227568876e-19
19.12 17.405 -1.1227468787918897e-18
19.12 17.895 9.067130866176279e-20
19.12 18.14 -4.0652482678539117e-19
19.12 18.385 1.1639931534063115e-19
19.12 18.63 -1.2002753797390003e-19
19.12 18.875 2.04180831595688e-20
19.12 19.12 1.2750280151247567e-18
19.12 19.365 -2.8125857260739133e-19
19.12 19.61 1.9109228803030847e-19
19.12 19.855 -2.9257766466484043e-18
19.12 20.1 2.121618731478455e-18
19.12 20.345 -1.0422746034716638e-19
19.12 20.59 1.3557337785175834e-18
19.12 20.835 5.499598345850717e-19
19.12 21.08 -3.23971522321499e-19
19.365 9.32 0.015443069226773375
19.365 9.565 0.12228740874460801
19.365 9.81 0.2941366020287703
19.365 10.055 0.1451329570608327
19.365 10.3 0.00796400232806394
19.365 13.73 -4.433425130054661e-18
19.365 13.975000000000001 9.339038802065597e-19
19.365 14.220000000000002 -4.4882978873211515e-20
19.365 14.464999999999998 4.501611469325436e-18
19.365 14.709999999999999 -1.756348277439274e-18
19.365 14.955 8.880070158285823e-19
19.365 15.2 4.31525366296201e-18
19.365 15.445 -2.5314950096039706e-18
19.365 15.69 -1.647958846892007e-18
19.365 15.935 4.1012942650807076e-19
19.365 16.18 3.431589760501401e-19
19.365 16.425 7.522744873570844e-19
19.365 16.67 -4.0142843426458545e-18
19.365 16.915 -3.145182201903303e-18
19.365 17.16 -6.937450930477626e-18
19.365 17.405 -1.1773003800384044e-17
19.365 17.895 3.713105514848658e-18
19.365 18.14 -3.460147213527833e-18
19.365 18.385 -2.40270111819199e-18
19.365 18.63 8.700660393833344e-20
19.365 18.875 -6.118514447344316e-20
19.365 19.12 7.365417582637812e-18
19.365 19.365 -6.642537961823396e-19
19.365 19.61 -5.572444932742344e-20
19.365 19.855 -1.625394550269177e-17
19.365 20.1 4.355123264309021e-18
19.365 20.345 8.055386315227397e-19
19.365 20.59 8.974328036588592e-18
19.365 20.835 4.584809249848125e-18
19.365 21.08 1.993753353293247e-18
19.61 9.32 0.03700130201699782
19.61 9.565 0.2558320082541104
19.61 9.81 0.6662451746157848
19.61 10.055 0.3198112609382084
19.61 10.3 0.012744808676811525
19.61 13.73 -2.18830092939941e-18
19.61 13.975000000000001 5.856124232142685e-20
19.61 14.220000000000002 7.533565796240259e-19
19.61 14.464999999999998 -2.1520317802816194e-17
19.61 14.709999999999999 2.5169658208552084e-19
19.61 14.955 4.081853768973222e-18
19.61 15.2 1.8508594213604625e-17
19.61 15.445 -1.0086970684369871e-17
19.61 15.69 -5.836553103713338e-18
19.61 15.935 4.547950374955422e-18
19.61 16.18 2.461721127330081e-18
19.61 16.425 1.1471515997671963e-17
19.61 16.67 -1.5299563454335053e-18
19.61 16.915 -4.0554462314347835e-18
19.61 17.16 -1.1670056259741429e-17
19.61 17.405 -2.2167675383574566e-17
19.61 17.895 1.4832727151138786e-17
19.61 18.14 -5.5211785881067036e-18
19.61 18.385 -7.547150139602694e-18
19.61 18.63 3.4640530316288666e-18
19.61 18.875 -6.419963606719741e-19
19.61 19.12 2.0629535299168247e-17
19.61 19.365 -1.373560677197228e-18
19.61 19.61 -1.1557768107001849e-18
19.61 19.855 -1.874667131371604e-17
19.61 20.1 3.648269157152547e-18
19.61 20.345 6.905434113206108e-18
19.61 20.59 1.4328558663541375e-17
19.61 20.835 3.1197649319497736e-18
19.61 21.08 2.783648874456817e-18
19.855 9.32 0.03034787785312194
19.855 9.565 0.2501018447094081
19.855 9.81 0.6867899194013731
19.855 10.055 0.3574865424349066
19.855 10.3 0.012506444601477274
19.855 13.73 -2.211094175552209e-18
19.855 13.975000000000001 1.080427682715534e-18
19.855 14.220000000000002 2.544792578282507e-18
19.855 14.464999999999998 -1.924282279236006e-17
19.855 14.709999999999999 -4.005427834860021e-18
19.855 14.955 -5.262207375834419e-19
19.855 15.2 3.7721597326180085e-17
19.855 15.445 -1.0354711120925459e-17
19.855 15.69 -8.0563664255007e-18
19.855 15.935 4.917375162602754e-18
19.855 16.18 1.0083925765582631e-17
19.855 16.425 1.673715147843736e-17
19.855 16.67 -4.186309515633637e-18
19.855 16.915 -4.365411547725397e-19
19.855 17.16 -1.392095545648642e-18
19.855 17.405 -6.7561684632495576e-18
19.855 17.895 1.054591564544453e-18
19.855 18.14 -9.00908434659684e-18
19.855 18.385 8.651239826278086e-18
19.855 18.63 -5.592330870644071e-19
19.855 18.875 -2.4031387034809505e-18
19.855 19.12 5.2991036393441534e-17
19.855 19.365 -2.88068405123861e-18
19.855 19.61 -2.3210035699320883e-18
19.855 19.855 -9.652994203236683e-18
19.855 20.1 4.755684575242155e-18
19.855 20.345 9.426623139665786e-18
19.855 20.59 7.609469384208415e-18
19.855 20.835 -1.8323797137373524e-17
19.855 21.08 2.9030285641666508e-18
20.1 9.32 0.010302719853637635
20.1 9.565 0.11116562455313653
20.1 9.81 0.34015831499352006
20.1 10.055 0.18740715360148189
20.1 10.3 0.006395731107946328
20.1 13.73 4.184902102615406e-18
20.1 13.975000000000001 4.92105594498126e-19
20.1 14.220000000000002 -3.843000950882838e-18
20.1 14.464999999999998 -6.1764111040251375e-18
20.1 14.709999999999999 -2.402788129663631e-18
20.1 14.955 -9.504443810210967e-19
20.1 15.2 1.6537670271616812e-17
20.1 15.445 1.2597548975361315e-18
20.1 15.69 -9.275553039326337e-19
20.1 15.935 2.37291756629148e-19
20.1 16.18 -5.244686399567075e-18
20.1 16.425 -2.5805474611431914e-18
20.1 16.67 -7.382320364183372e-19
20.1 16.915 -3.354674822368745e-18
20.1 17.16 2.2239838228778232e-18
20.1 17.405 -3.522727452652795e-18
20.1 17.895 -5.544415873626684e-19
20.1 18.14 -5.272085456402333e-18
20.1 18.385 1.605522123015367e-18
20.1 18.63 1.7409207100277315e-18
20.1 18.875 -7.813617571450913e-19
20.1 19.12 1.6343051766382934e-17
20.1 19.365 -1.493852521207435e-18
20.1 19.61 -2.7268818756823873e-18
20.1 19.855 -6.561490794458204e-18
20.1 20.1 -1.947575247522591e-17
20.1 20.345 3.130527999056919e-19
20.1 20.59 8.273868957016025e-18
20.1 20.835 -5.388414207515705e-18
20.1 21.08 1.038872116938376e-19
20.345 9.32 0.0014619865425520497
20.345 9.565 0.02936955792276109
20.345 9.81 0.11398599152414483
20.345 10.055 0.05073826991117809
20.345 10.3 0.0021493173018496035
20.345 13.73 1.6202517001031378e-18
20.345 13.975000000000001 4.149746729862895e-19
20.345 14.220000000000002 6.461021956759074e-19
20.345 14.464999999999998 4.1979085346654524e-19
20.345 14.709999999999999 -7.163441726888774e-19
20.345 14.955 -4.2349399972180037e-19
20.345 15.2 4.2090111074005354e-18
20.345 15.445 -9.494903347953782e-19
20.345 15.69 -1.7044649461438574e-19
20.345 15.935 -6.374657446315895e-19
20.345 16.18 -1.673562304979564e-18
20.345 16.425 -4.61006566899087e-18
20.345 16.67 -3.797637665715429e-19
20.345 16.915 -1.6212684810043815e-18
20.345 17.16 7.777593131207682e-19
20.345 17.405 3.255591341000834e-19
20.345 17.895 -1.3847647573339224e-18
20.345 18.14 -9.96023079945321e-19
20.345 18.385 1.6756379943459077e-18
20.345 18.63 -2.579801258730515e-19
20.345 18.875 -9.963684154363467e-19
20.345 19.12 7.65285258090992e-18
20.345 19.365 -3.655232178863754e-19
20.345 19.61 -2.252768581675066e-19
20.345 19.855 -9.781628039955166e-19
20.345 20.1 -3.828233906136411e-18
20.345 20.345 5.039381173951249e-19
20.345 20.59 2.1027580362500384e-19
20.345 20.835 -1.4741246823354947e-18
20.345 21.08 -4.5405162645413154e-20
20.59 9.32 -8.22846433492606e-5
20.59 9.565 0.0026898138553773663
20.59 9.81 0.015265646034243088
20.59 10.055 0.005394980472418771
20.59 10.3 0.0003959430499879883
20.59 13.73 1.47558466491093e-19
20.59 13.975000000000001 3.71673329658998e-20
20.59 14.220000000000002 -9.198796402849289e-21
20.59 14.464999999999998 6.827164670400032e-20
20.59 14.709999999999999 -3.3922395161281385e-20
20.59 14.955 1.3666986797284818e-19
20.59 15.2 2.980099673929781e-19
20.59 15.445 -1.687820279997878e-19
20.59 15.69 -3.690908887644161e-20
20.59 15.935 -8.666418598368594e-20
20.59 16.18 1.6573273543776513e-20
20.59 16.425 -3.166150638560585e-19
20.59 16.67 -2.0184107503250632e-20
20.59 16.915 -2.2519385786569613e-19
20.59 17.16 4.134743171042876e-20
20.59 17.405 7.53264827618343e-20
20.59 17.895 -6.069842976285486e-20
20.59 18.14 1.5227221344419446e-19
20.59 18.385 1.3238191865358712e-19
20.59 18.63 -1.45303440272352e-20
20.59 18.875 -9.933919759204909e-20
20.59 19.12 5.991243652790757e-19
20.59 19.365 -1.0823954019736387e-20
20.59 19.61 -5.124888836357304e-20
20.59 19.855 -5.938524143944059e-20
20.59 20.1 -3.350792244925807e-19
20.59 20.345 3.2231879063013666e-20
20.59 20.59 6.889182689666009e-19
20.59 20.835 -3.601327976251161e-20
20.59 21.08 1.2079287489311383e-19
20.835 9.32 2.4261281746456844e-5
20.835 9.565 0.00034881649310948565
20.835 9.81 0.0015092937519421068
20.835 10.055 0.0004767648038850245
20.835 10.3 2.6303912357106048e-5
20.835 13.73 3.666248925568027e-20
20.835 13.975000000000001 1.8060538318264394e-21
20.835 14.220000000000002 1.5249256097971804e-20
20.835 14.464999999999998 4.4986926339999525e-21
20.835 14.709999999999999 -5.143547167051232e-21
20.835 14.955 5.770677139841299e-20
20.835 15.2 2.650306604654383e-20
20.835 15.445 -2.3560974606991443e-20
20.835 15.69 1.7847087901588773e-21
20.835 15.935 -1.1610948225541397e-20
20.835 16.18 4.1177273544285694e-20
20.835 16.425 -9.520259500066596e-20
20.835 16.67 -9.522013563458337e-22
20.835 16.915 1.5143725325876006e-20
20.835 17.16 2.355804945997417e-21
20.835 17.405 4.4136703552663157e-20
20.835 17.895 3.2529239261945565e-22
20.835 18.14 1.6031850053951783e-20
20.835 18.385 1.1005355543685962e-20
20.835 18.63 -5.266023898245883e-21
20.835 18.875 2.2343952887961077e-21
20.835 19.12 7.003185979112878e-20
20.835 19.365 -1.2710889682808236e-20
20.835 19.61 -3.0158549062866067e-21
20.835 19.855 -2.302798117610994e-20
20.835 20.1 -1.5953932626596516e-21
20.835 20.345 9.326777527921563e-21
20.835 20.59 7.504161989171157e-20
20.835 20.835 -1.3740519724872232e-20
20.835 21.08 3.4716924537904015e-20
21.08 9.32 -6.933639567798848e-7
21.08 9.565 7.748366291526644e-6
21.08 9.81 4.9546143805971434e-5
21.08 10.055 9.779028951174873e-6
21.08 10.3 6.609114559976694e-7
21.08 13.73 6.145107150611884e-22
21.08 13.975000000000001 7.326041794259672e-23
21.08 14.220000000000002 -3.264862914369998e-22
21.08 14.464999999999998 2.21338081167859e-22
21.08 14.709999999999999 -6.635972686113215e-23
21.08 14.955 1.0801722290760886e-21
21.08 15.2 5.450208723508188e-22
21.08 15.445 -6.351741273007625e-22
21.08 15.69 -2.947250229557006e-23
21.08 15.935 -3.244543486784685e-22
21.08 16.18 5.749144577500326e-22
21.08 16.425 -1.540517793607701e-21
21.08 16.67 -3.212828688648816e-23
21.08 16.915 3.0845773117482834e-22
21.08 17.16 4.1907837455811544e-23
21.08 17.405 5.610473994914787e-22
21.08 17.895 -1.0211935613887135e-22
21.08 18.14 1.0490756965173739e-21
21.08 18.385 2.617050522229666e-22
21.08 18.63 -7.237734360014751e-23
21.08 18.875 1.2176547089413462e-23
21.08 19.12 1.3314061548372508e-21
21.08 19.365 -3.736975293835833e-23
21.08 19.61 -4.358917775395517e-23
21.08 19.855 -2.325953690203589e-22
21.08 20.1 -2.3504744280577434e-22
21.08 20.345 1.353339627974041e-22
21.08 20.59 1.8897135053620526e-21
21.08 20.835 -1.7297792882553324e-22
21.08 21.08 8.941137967049074e-22
21.325 9.32 5.471983538958564e-8
21.325 9.565 2.826156723452156e-7
21.325 9.81 1.3775488985655655e-6
21.325 10.055 4.139319376677045e-7
21.325 10.3 1.5035037491408362e-8
21.325 13.73 4.1553690463513005e-23
21.325 13.975000000000001 3.9733226884603313e-25
21.325 14.220000000000002 1.8522925647120334e-23
21.325 14.464999999999998 6.6690942293362e-24
21.325 14.709999999999999 1.7491333087029998e-25
21.325 14.955 5.1580147706636276e-23
21.325 15.2 1.8723053777580357e-23
21.325 15.445 -2.6464784871294496e-23
21.325 15.69 3.295834904472903e-24
21.325 15.935 -1.173056070259044e-23
21.325 16.18 4.332876886472826e-23
21.325 16.425 -1.1026344195044022e-22
21.325 16.67 -1.3132376906882335e-24
21.325 16.915 1.7322035960150168e-23
21.325 17.16 2.091289713582705e-25
21.325 17.405 4.107182140906713e-23
21.325 17.895 -3.341655974659339e-24
21.325 18.14 3.1242772166170613e-23
21.325 18.385 -1.563427643298819e-25
21.325 18.63 -4.4113451798101324e-24
21.325 18.875 1.9649969508813475e-24
21.325 19.12 4.864098608573261e-23
21.325 19.365 -2.357340874561414e-23
21.325 19.61 -2.2889452623435723e-25
21.325 19.855 -1.9051748067677763e-23
21.325 20.1 5.261157728431687e-24
21.325 20.345 1.0616422464209116e-23
21.325 20.59 5.853040713107753e-23
21.325 20.835 -5.1322238423716744e-24
21.325 21.08 2.652523850669202e-23
