0.9849999999999999 1.31 0.0063754105429460976
0.9849999999999999 1.34 0.0032312924856529837
0.9849999999999999 1.3699999999999999 -0.0013045335826059868
0.9849999999999999 1.4 0.005935369242355882
0.9849999999999999 1.43 -0.011811056775829032
0.9849999999999999 1.46 0.0007340005889536343
0.9849999999999999 1.49 0.006091253229523197
0.9849999999999999 1.52 0.013948726157779619
0.9849999999999999 1.5499999999999998 0.043468795348626556
0.9849999999999999 1.58 0.05941572947860292
0.9849999999999999 1.6099999999999999 0.1286150263460553
0.9849999999999999 1.6400000000000001 0.21464681942238112
0.9849999999999999 1.67 0.4168460910908555
0.9849999999999999 1.7000000000000002 0.5599949520620018
0.9849999999999999 1.73 0.7394901097377228
0.9849999999999999 1.76 0.6750262186182664
0.9849999999999999 1.79 0.9236678268007411
0.9849999999999999 1.82 0.5563225153144633
0.9849999999999999 1.85 0.6979799744025079
0.9849999999999999 1.8800000000000001 0.18873229939646777
0.9849999999999999 1.9100000000000001 0.3470034385126287
0.9849999999999999 1.94 0.07214687577459229
0.9849999999999999 1.9699999999999998 0.14237967088427603
0.9849999999999999 2.0 0.23325298569712782
0.9849999999999999 2.0300000000000002 0.22172702825064824
0.9849999999999999 2.06 0.1654080328188102
0.9849999999999999 2.09 0.01676361777519675
0.9849999999999999 2.12 -0.030674302347366837
0.9849999999999999 2.1500000000000004 -0.02601445697335126
0.9849999999999999 2.18 0.034167306236719805
0.9849999999999999 2.21 0.0577627230880231
0.9849999999999999 2.2399999999999998 0.043873687048307866
0.986 1.31 0.01995166762914535
0.986 1.34 0.009688499908074692
0.986 1.3699999999999999 -0.00241749547574508
0.986 1.4 0.01823449738134584
0.986 1.43 -0.03243097547188528
0.986 1.46 0.005670444901115027
0.986 1.49 0.008084309913367603
0.986 1.52 0.027906184757148834
0.986 1.5499999999999998 0.10500809370411379
0.986 1.58 0.11387024729823436
0.986 1.6099999999999999 0.2523470735711793
0.986 1.6400000000000001 0.3381518388863301
0.986 1.67 0.7824449659320752
0.986 1.7000000000000002 1.277058435061631
0.986 1.73 1.6588121641655507
0.986 1.76 1.441524168640915
0.986 1.79 1.7336801103974693
0.986 1.82 1.028514767152956
0.986 1.85 1.3913669354611162
0.986 1.8800000000000001 0.6634437209384716
0.986 1.9100000000000001 0.7011849081917809
0.986 1.94 0.1817269492747151
0.986 1.9699999999999998 0.25488112416873265
0.986 2.0 0.4736161189546453
0.986 2.0300000000000002 0.494375138746102
0.986 2.06 0.3318776378804092
0.986 2.09 -0.015426954190092457
0.986 2.12 -0.08117257647374393
0.986 2.1500000000000004 -0.0639506614521431
0.986 2.18 0.1051602768170378
0.986 2.21 0.26129434787184386
0.986 2.2399999999999998 0.24984365951046175
0.9869999999999999 1.31 0.009662049090431564
0.9869999999999999 1.34 0.022765764515804785
0.9869999999999999 1.3699999999999999 -0.007143764559017843
0.9869999999999999 1.4 0.03962761944617053
0.9869999999999999 1.43 0.0024078460883819514
0.9869999999999999 1.46 -0.002357635682731133
0.9869999999999999 1.49 0.025514797574013193
0.9869999999999999 1.52 0.054211473940056404
0.9869999999999999 1.5499999999999998 0.1873018649486517
0.9869999999999999 1.58 0.1116359434163428
0.9869999999999999 1.6099999999999999 0.30236773512716036
0.9869999999999999 1.6400000000000001 0.4799045403713007
0.9869999999999999 1.67 1.113444730354527
0.9869999999999999 1.7000000000000002 1.3832956805044039
0.9869999999999999 1.73 1.8124666231195474
0.9869999999999999 1.76 1.8920138464878595
0.9869999999999999 1.79 2.3765275203611544
0.9869999999999999 1.82 1.2488328620981965
0.9869999999999999 1.85 1.5819187721430101
0.9869999999999999 1.8800000000000001 1.214635122605054
0.9869999999999999 1.9100000000000001 0.7685654792186761
0.9869999999999999 1.94 0.5631932305562105
0.9869999999999999 1.9699999999999998 0.7258121579253765
0.9869999999999999 2.0 0.9299479620796626
0.9869999999999999 2.0300000000000002 0.5568361810858204
0.9869999999999999 2.06 0.5064437109687684
0.9869999999999999 2.09 0.29212868008978343
0.9869999999999999 2.12 0.23943107347994474
0.9869999999999999 2.1500000000000004 0.10346490889120859
0.9869999999999999 2.18 0.339643916375729
0.9869999999999999 2.21 0.5319085340152727
0.9869999999999999 2.2399999999999998 0.45965574514287966
0.988 1.31 0.009525333539863713
0.988 1.34 0.027264034397794838
0.988 1.3699999999999999 -0.010722583438682954
0.988 1.4 0.05532894902923727
0.988 1.43 -0.011982683099352761
0.988 1.46 -0.02031396782568058
0.988 1.49 0.07684326864836016
0.988 1.52 0.10624897330879476
0.988 1.5499999999999998 0.15234435282584072
0.988 1.58 0.18182261505678726
0.988 1.6099999999999999 0.3865229448044113
0.988 1.6400000000000001 0.6774096321899418
0.988 1.67 1.7619749261423017
0.988 1.7000000000000002 1.4933199274420077
0.988 1.73 1.4702831265023981
0.988 1.76 2.2308510599367666
0.988 1.79 3.383653310361671
0.988 1.82 1.8786421572920051
0.988 1.85 2.7109871237817686
0.988 1.8800000000000001 1.6482819972966756
0.988 1.9100000000000001 1.2954999678951256
0.988 1.94 1.0925530725375112
0.988 1.9699999999999998 1.8253398830773286
0.988 2.0 1.8194509491426856
0.988 2.0300000000000002 0.8203782327062117
0.988 2.06 1.0333156041487728
0.988 2.09 0.7151237119080399
0.988 2.12 1.1508452922580363
0.988 2.1500000000000004 -0.08272064776936233
0.988 2.18 0.5627404327624969
0.988 2.21 0.7790903512217681
0.988 2.2399999999999998 0.5860133003775218
0.9890000000000001 1.31 -0.07551790841259107
0.9890000000000001 1.34 0.01477580987981354
0.9890000000000001 1.3699999999999999 -0.012005981860010586
0.9890000000000001 1.4 0.03216828688332577
0.9890000000000001 1.43 0.1138132646100358
0.9890000000000001 1.46 -0.013509906502132586
0.9890000000000001 1.49 0.07132573736260854
0.9890000000000001 1.52 0.15672327151741924
0.9890000000000001 1.5499999999999998 -0.05995281993367465
0.9890000000000001 1.58 0.30382583957781867
0.9890000000000001 1.6099999999999999 0.8881065109141264
0.9890000000000001 1.6400000000000001 2.0026870017270477
0.9890000000000001 1.67 3.6557453709329306
0.9890000000000001 1.7000000000000002 2.629779805099223
0.9890000000000001 1.73 3.016699188465758
0.9890000000000001 1.76 4.108572858325991
0.9890000000000001 1.79 6.1815901458461635
0.9890000000000001 1.82 3.8120502792869755
0.9890000000000001 1.85 5.250125946764009
0.9890000000000001 1.8800000000000001 2.482927410896366
0.9890000000000001 1.9100000000000001 3.5801006419800108
0.9890000000000001 1.94 2.342463111103983
0.9890000000000001 1.9699999999999998 3.0573793423635673
0.9890000000000001 2.0 3.0465460442556505
0.9890000000000001 2.0300000000000002 0.11330449208750969
0.9890000000000001 2.06 1.4268123544026636
0.9890000000000001 2.09 1.706772094968853
0.9890000000000001 2.12 2.4001951656447122
0.9890000000000001 2.1500000000000004 0.17942460925136564
0.9890000000000001 2.18 1.0370995141510795
0.9890000000000001 2.21 1.1598593293628996
0.9890000000000001 2.2399999999999998 0.5864812960679224
0.99 1.31 -0.06957499722130629
0.99 1.34 0.010402145361657924
0.99 1.3699999999999999 -0.004028981672549344
0.99 1.4 0.03192682533801932
0.99 1.43 0.0961510695569513
0.99 1.46 -0.035593090358140046
0.99 1.49 0.16624822502826136
0.99 1.52 0.1833996041867494
0.99 1.5499999999999998 -0.026335507795550085
0.99 1.58 0.47334884441015407
0.99 1.6099999999999999 1.1513825816656515
0.99 1.6400000000000001 2.2972046320574147
0.99 1.67 4.676245198153997
0.99 1.7000000000000002 4.305354766641665
0.99 1.73 5.904466303477554
0.99 1.76 7.330922886173823
0.99 1.79 8.816387295243587
0.99 1.82 5.831752746580436
0.99 1.85 7.493808002128831
0.99 1.8800000000000001 2.9513475076958553
0.99 1.9100000000000001 5.538594619407785
0.99 1.94 3.283384764747549
0.99 1.9699999999999998 3.8584977094138817
0.99 2.0 3.96460360382213
0.99 2.0300000000000002 0.46432805599015986
0.99 2.06 1.425232411351041
0.99 2.09 2.209823871753084
0.99 2.12 2.6581259979761023
0.99 2.1500000000000004 0.04160583458595185
0.99 2.18 1.002484180839769
0.99 2.21 1.2506288562958332
0.99 2.2399999999999998 0.7019404936592902
0.991 1.31 0.01781477966741787
0.991 1.34 0.014531734879966418
0.991 1.3699999999999999 -0.0145955227138178
0.991 1.4 0.027247115095186743
0.991 1.43 -0.04266722829016478
0.991 1.46 -0.03249579560412072
0.991 1.49 0.19451189340401775
0.991 1.52 0.24830128059697565
0.991 1.5499999999999998 0.014894776477833526
0.991 1.58 0.5849148095557091
0.991 1.6099999999999999 1.3675382465799781
0.991 1.6400000000000001 3.3293220766837406
0.991 1.67 5.6163377492360045
0.991 1.7000000000000002 4.5919043665870385
0.991 1.73 6.080914165777735
0.991 1.76 7.4396724451469005
0.991 1.79 9.146911314143235
0.991 1.82 6.995098221777329
0.991 1.85 7.729350417903148
0.991 1.8800000000000001 4.46610932042612
0.991 1.9100000000000001 6.60534608580241
0.991 1.94 3.7760808860889146
0.991 1.9699999999999998 4.691104032509332
0.991 2.0 2.9638422691909194
0.991 2.0300000000000002 2.3494669790315363
0.991 2.06 3.1067944282622886
0.991 2.09 1.577937260720273
0.991 2.12 3.499719756880965
0.991 2.1500000000000004 -1.2647689739660248
0.991 2.18 0.9337198362785614
0.991 2.21 1.9782796215157041
0.991 2.2399999999999998 0.9941709860245542
0.992 1.31 -0.018241476223974817
0.992 1.34 0.03878090844921354
0.992 1.3699999999999999 0.02180463162450875
0.992 1.4 0.08105170237902956
0.992 1.43 0.004364308548677391
0.992 1.46 -0.09144466612250488
0.992 1.49 0.31631643497516887
0.992 1.52 0.23125992259588704
0.992 1.5499999999999998 0.1711966374288127
0.992 1.58 0.41706993192835784
0.992 1.6099999999999999 1.3468421965192285
0.992 1.6400000000000001 3.981957753474309
0.992 1.67 5.618202586544421
0.992 1.7000000000000002 3.289868306955034
0.992 1.73 4.470202279218819
0.992 1.76 6.5226163938650865
0.992 1.79 10.537878371588825
0.992 1.82 6.655937639575915
0.992 1.85 5.898562853935665
0.992 1.8800000000000001 6.319536210929877
0.992 1.9100000000000001 6.288887815033949
0.992 1.94 5.979923142791031
0.992 1.9699999999999998 5.925568356978757
0.992 2.0 2.1798565573876134
0.992 2.0300000000000002 2.0197056441138477
0.992 2.06 3.386488471074758
0.992 2.09 2.314062252674967
0.992 2.12 4.26684657203819
0.992 2.1500000000000004 -0.12327042008937428
0.992 2.18 1.7999186299326426
0.992 2.21 2.5366840018812016
0.992 2.2399999999999998 1.488883825724285
0.993 1.31 -0.022587454828261518
0.993 1.34 0.06991786195017037
0.993 1.3699999999999999 0.021912389952138987
0.993 1.4 0.12977466590876788
0.993 1.43 0.04251223161435832
0.993 1.46 -0.07575472417233141
0.993 1.49 0.2938936973209196
0.993 1.52 0.2885143741965611
0.993 1.5499999999999998 0.18491108344204113
0.993 1.58 0.5382204545080269
0.993 1.6099999999999999 1.7798416321292856
0.993 1.6400000000000001 4.8079703612194615
0.993 1.67 7.563999808856481
0.993 1.7000000000000002 3.7800433488143943
0.993 1.73 5.5121242514723585
0.993 1.76 7.107425577194054
0.993 1.79 14.908517962235448
0.993 1.82 7.853768742143096
0.993 1.85 7.315673069265803
0.993 1.8800000000000001 7.614548197530082
0.993 1.9100000000000001 6.461017738981364
0.993 1.94 7.071210787004705
0.993 1.9699999999999998 7.7399589763005405
0.993 2.0 2.39851980737988
0.993 2.0300000000000002 2.8373773196245953
0.993 2.06 4.370861270033922
0.993 2.09 2.36774045232789
0.993 2.12 6.0409632556702775
0.993 2.1500000000000004 -0.1558191361653605
0.993 2.18 2.988482372669522
0.993 2.21 3.7014754401979837
0.993 2.2399999999999998 1.8153024287762858
0.994 1.31 0.030014005494062412
0.994 1.34 0.07937236226383325
0.994 1.3699999999999999 -0.016912883658485568
0.994 1.4 0.10765318665908943
0.994 1.43 -0.05697552669027248
0.994 1.46 -0.07827116005442113
0.994 1.49 0.43628963928487546
0.994 1.52 0.3828203597942233
0.994 1.5499999999999998 0.14572417506960095
0.994 1.58 0.6753639081892603
0.994 1.6099999999999999 2.5675290718328108
0.994 1.6400000000000001 4.99933174868712
0.994 1.67 9.199309999811573
0.994 1.7000000000000002 3.972635605561773
0.994 1.73 5.188249779551138
0.994 1.76 9.086502282220817
0.994 1.79 17.805743406244396
0.994 1.82 9.772922009049672
0.994 1.85 9.585202683144015
0.994 1.8800000000000001 11.021841676612787
0.994 1.9100000000000001 8.023931361690927
0.994 1.94 8.377392297792184
0.994 1.9699999999999998 9.334125002531414
0.994 2.0 5.004671952215038
0.994 2.0300000000000002 5.3352127282018325
0.994 2.06 6.429044424639795
0.994 2.09 3.10348683543024
0.994 2.12 6.638226262047043
0.994 2.1500000000000004 -1.0471177818108284
0.994 2.18 2.7231448390406165
0.994 2.21 4.427495848568192
0.994 2.2399999999999998 2.8365520514064375
0.995 1.31 0.06937077792561226
0.995 1.34 0.21885398991255317
0.995 1.3699999999999999 -0.05408754073353077
0.995 1.4 0.3672922740847473
0.995 1.43 -0.11911006053705302
0.995 1.46 -0.104230703215033
0.995 1.49 0.4156431619746547
0.995 1.52 0.5584531180235842
0.995 1.5499999999999998 0.4243021747497173
0.995 1.58 1.3301046722418426
0.995 1.6099999999999999 4.5446220941489655
0.995 1.6400000000000001 4.017410270197198
0.995 1.67 10.377473280001887
0.995 1.7000000000000002 5.3363988030241964
0.995 1.73 6.196439283789552
0.995 1.76 13.751344403362749
0.995 1.79 25.450018922091186
0.995 1.82 11.646789397694988
0.995 1.85 14.16168953934149
0.995 1.8800000000000001 15.856266551488341
0.995 1.9100000000000001 10.426041420131716
0.995 1.94 9.3440806181069
0.995 1.9699999999999998 11.86118856800152
0.995 2.0 7.890488014023211
0.995 2.0300000000000002 12.683685531429218
0.995 2.06 11.097013658497946
0.995 2.09 4.50417710232589
0.995 2.12 8.283526844234522
0.995 2.1500000000000004 -1.4167411841625388
0.995 2.18 4.588361300045926
0.995 2.21 5.873858396500156
0.995 2.2399999999999998 3.8424013659848515
0.996 1.31 -0.06109232402535996
0.996 1.34 0.2108887931799422
0.996 1.3699999999999999 -0.07379674303666556
0.996 1.4 0.36407280140105597
0.996 1.43 0.18541242933118363
0.996 1.46 -0.2958026437083695
0.996 1.49 0.5003347488477417
0.996 1.52 0.7729401962231932
0.996 1.5499999999999998 0.5506110868423473
0.996 1.58 3.6451526313101192
0.996 1.6099999999999999 5.2296013485949535
0.996 1.6400000000000001 -0.13568771475979496
0.996 1.67 9.165377142978956
0.996 1.7000000000000002 8.183988919609273
0.996 1.73 8.787609127928201
0.996 1.76 22.315012266735806
0.996 1.79 39.00932234020782
0.996 1.82 13.656215763666737
0.996 1.85 25.40784611773836
0.996 1.8800000000000001 14.827603202374915
0.996 1.9100000000000001 21.038076467121268
0.996 1.94 21.306341758523143
0.996 1.9699999999999998 26.72283427390716
0.996 2.0 21.924428257976714
0.996 2.0300000000000002 12.669189719939627
0.996 2.06 12.103291739096186
0.996 2.09 8.043431693457883
0.996 2.12 11.70122524351474
0.996 2.1500000000000004 -2.6319158980129433
0.996 2.18 2.597532421403788
0.996 2.21 2.4704870542059743
0.996 2.2399999999999998 1.1761710324500463
0.9969999999999999 1.31 -0.3662317502880281
0.9969999999999999 1.34 0.2024299431173363
0.9969999999999999 1.3699999999999999 0.10404561142790462
0.9969999999999999 1.4 0.29632141047716115
0.9969999999999999 1.43 0.6764697011873105
0.9969999999999999 1.46 0.10333990245978436
0.9969999999999999 1.49 0.0006400751703662897
0.9969999999999999 1.52 0.24903933552533306
0.9969999999999999 1.5499999999999998 0.3934826697997816
0.9969999999999999 1.58 3.0098783980561032
0.9969999999999999 1.6099999999999999 3.9490106273830703
0.9969999999999999 1.6400000000000001 5.961742782069985
0.9969999999999999 1.67 9.528420884074864
0.9969999999999999 1.7000000000000002 10.337527731285533
0.9969999999999999 1.73 14.820755126862984
0.9969999999999999 1.76 27.879961751614527
0.9969999999999999 1.79 41.828782098281266
0.9969999999999999 1.82 16.160136824680386
0.9969999999999999 1.85 40.58092660622775
0.9969999999999999 1.8800000000000001 13.785251188308127
0.9969999999999999 1.9100000000000001 33.965404419193156
0.9969999999999999 1.94 33.45715731585052
0.9969999999999999 1.9699999999999998 41.07472927386029
0.9969999999999999 2.0 51.820495584552674
0.9969999999999999 2.0300000000000002 17.984732200136264
0.9969999999999999 2.06 12.766123219908419
0.9969999999999999 2.09 14.444555234370785
0.9969999999999999 2.12 8.450889202892734
0.9969999999999999 2.1500000000000004 6.50845151653506
0.9969999999999999 2.18 8.340585207520501
0.9969999999999999 2.21 4.147097448850903
0.9969999999999999 2.2399999999999998 1.56000732873287
0.998 1.31 0.1239397752320853
0.998 1.34 0.2957892657344744
0.998 1.3699999999999999 0.10771263147873948
0.998 1.4 0.4507711338657039
0.998 1.43 -0.04428613092401715
0.998 1.46 0.2624186698447961
0.998 1.49 0.0858893294595728
0.998 1.52 0.30043124726385656
0.998 1.5499999999999998 1.210839102575193
0.998 1.58 1.6615663746838807
0.998 1.6099999999999999 4.480048048762394
0.998 1.6400000000000001 12.90556722732494
0.998 1.67 9.145967732026325
0.998 1.7000000000000002 12.766404038007003
0.998 1.73 19.737754872601432
0.998 1.76 35.192937571252585
0.998 1.79 34.828264776515915
0.998 1.82 19.549568389553365
0.998 1.85 52.206753996560195
0.998 1.8800000000000001 22.33118274517927
0.998 1.9100000000000001 42.391545167187346
0.998 1.94 36.66370824166818
0.998 1.9699999999999998 46.16747467409153
0.998 2.0 66.97941923726306
0.998 2.0300000000000002 43.8876238367744
0.998 2.06 33.646721306178854
0.998 2.09 26.006876980017893
0.998 2.12 8.977613662090544
0.998 2.1500000000000004 7.851854820273181
0.998 2.18 9.35657343245937
0.998 2.21 6.98251327944815
0.998 2.2399999999999998 3.6227774634881618
0.9989999999999999 1.31 0.21786571165339738
0.9989999999999999 1.34 0.3848447086373693
0.9989999999999999 1.3699999999999999 -0.003509058189768453
0.9989999999999999 1.4 0.5946774925633961
0.9989999999999999 1.43 -0.3166202230777022
0.9989999999999999 1.46 0.18499812292350068
0.9989999999999999 1.49 0.36215243563716465
0.9989999999999999 1.52 0.6664282276372678
0.9989999999999999 1.5499999999999998 1.9243970358535156
0.9989999999999999 1.58 5.377085175070621
0.9989999999999999 1.6099999999999999 9.890937481149546
0.9989999999999999 1.6400000000000001 18.58054155580973
0.9989999999999999 1.67 13.74387136405685
0.9989999999999999 1.7000000000000002 17.393651375083902
0.9989999999999999 1.73 36.58929918135836
0.9989999999999999 1.76 65.12491267471292
0.9989999999999999 1.79 52.78368560205587
0.9989999999999999 1.82 33.70019218897889
0.9989999999999999 1.85 60.17695669821096
0.9989999999999999 1.8800000000000001 37.92784831367692
0.9989999999999999 1.9100000000000001 59.349812574290034
0.9989999999999999 1.94 54.512802790629046
0.9989999999999999 1.9699999999999998 68.24024353540219
0.9989999999999999 2.0 71.5939530373734
0.9989999999999999 2.0300000000000002 51.714184653071
0.9989999999999999 2.06 48.48499569685129
0.9989999999999999 2.09 38.52817218834611
0.9989999999999999 2.12 17.000473490491377
0.9989999999999999 2.1500000000000004 10.339508761174299
0.9989999999999999 2.18 8.520943162475556
0.9989999999999999 2.21 4.560242878568626
0.9989999999999999 2.2399999999999998 2.40610091979591
1.0 1.31 -0.023970322838430133
1.0 1.34 0.5030099532234452
1.0 1.3699999999999999 0.9394736476785243
1.0 1.4 0.7608815682985913
1.0 1.43 0.26629977656349046
1.0 1.46 0.3060997536217509
1.0 1.49 0.4036133473990166
1.0 1.52 -0.7320520814399316
1.0 1.5499999999999998 4.332906942122949
1.0 1.58 14.003886015759061
1.0 1.6099999999999999 9.491844502544078
1.0 1.6400000000000001 21.315319527082355
1.0 1.67 15.671834552446393
1.0 1.7000000000000002 21.695380375347327
1.0 1.73 55.326196028156495
1.0 1.76 60.91609117976016
1.0 1.79 88.73877518360737
1.0 1.82 45.59861106453001
1.0 1.85 79.54168480582257
1.0 1.8800000000000001 49.90531341124582
1.0 1.9100000000000001 81.99484252050956
1.0 1.94 96.04174883646155
1.0 1.9699999999999998 118.76131741373653
1.0 2.0 87.43870322459874
1.0 2.0300000000000002 37.010004786082426
1.0 2.06 28.838777068709902
1.0 2.09 38.00792118071256
1.0 2.12 16.971183164052626
1.0 2.1500000000000004 34.84746278441095
1.0 2.18 20.06491936139713
1.0 2.21 3.3847415359349657
1.0 2.2399999999999998 1.679581557979598
1.0010000000000001 1.31 0.05210071779393503
1.0010000000000001 1.34 0.3918715961210143
1.0010000000000001 1.3699999999999999 0.49763717305024685
1.0010000000000001 1.4 0.10415755212060455
1.0010000000000001 1.43 0.16760664314096832
1.0010000000000001 1.46 0.39515990091886377
1.0010000000000001 1.49 0.5316515867215846
1.0010000000000001 1.52 0.25613239402456023
1.0010000000000001 1.5499999999999998 5.047411433610288
1.0010000000000001 1.58 10.357636982629792
1.0010000000000001 1.6099999999999999 8.52709598383454
1.0010000000000001 1.6400000000000001 39.22863107992258
1.0010000000000001 1.67 22.86800221962755
1.0010000000000001 1.7000000000000002 23.672334509208383
1.0010000000000001 1.73 86.67053963914363
1.0010000000000001 1.76 71.58508562144895
1.0010000000000001 1.79 111.19964328391629
1.0010000000000001 1.82 55.302434306613236
1.0010000000000001 1.85 71.75399759873936
1.0010000000000001 1.8800000000000001 44.65707708656064
1.0010000000000001 1.9100000000000001 77.84823032811944
1.0010000000000001 1.94 89.24823472549579
1.0010000000000001 1.9699999999999998 146.3511508605816
1.0010000000000001 2.0 121.88318634279044
1.0010000000000001 2.0300000000000002 56.265758716918185
1.0010000000000001 2.06 72.55619457296227
1.0010000000000001 2.09 44.78611488057027
1.0010000000000001 2.12 19.41302657145349
1.0010000000000001 2.1500000000000004 22.153711535706545
1.0010000000000001 2.18 13.477167176606951
1.0010000000000001 2.21 12.574149615058838
1.0010000000000001 2.2399999999999998 3.0886155680585796
1.002 1.31 0.3426529361609757
1.002 1.34 -0.02761969100039721
1.002 1.3699999999999999 -0.5566260013872966
1.002 1.4 -0.34881595018913264
1.002 1.43 -0.3011247313507463
1.002 1.46 0.576521948106014
1.002 1.49 0.5248903159548118
1.002 1.52 2.4421879274684937
1.002 1.5499999999999998 3.4854814989064047
1.002 1.58 3.525140153844887
1.002 1.6099999999999999 9.586395196996628
1.002 1.6400000000000001 30.06697898534124
1.002 1.67 25.834303457851465
1.002 1.7000000000000002 33.85624063129775
1.002 1.73 93.206591316762
1.002 1.76 141.1944029778223
1.002 1.79 168.642043692125
1.002 1.82 76.4629009900827
1.002 1.85 56.558703648388914
1.002 1.8800000000000001 51.23950096623916
1.002 1.9100000000000001 65.7171538260151
1.002 1.94 65.024679413325
1.002 1.9699999999999998 116.36885472668202
1.002 2.0 128.33209851781052
1.002 2.0300000000000002 87.02316740374947
1.002 2.06 111.21103865523821
1.002 2.09 70.07115230862522
1.002 2.12 32.74340550390218
1.002 2.1500000000000004 2.9229956919176416
1.002 2.18 -0.45873322249750065
1.002 2.21 13.034178026598621
1.002 2.2399999999999998 3.5090143071450015
1.0030000000000001 1.31 0.12055552990003565
1.0030000000000001 1.34 0.5006020839680295
1.0030000000000001 1.3699999999999999 0.7423731581408026
1.0030000000000001 1.4 1.4359669421201788
1.0030000000000001 1.43 -0.03640422371084014
1.0030000000000001 1.46 0.75496924937661
1.0030000000000001 1.49 0.38386585623145947
1.0030000000000001 1.52 0.16323996093535895
1.0030000000000001 1.5499999999999998 4.093536060497408
1.0030000000000001 1.58 5.374166762104919
1.0030000000000001 1.6099999999999999 8.058076865229491
1.0030000000000001 1.6400000000000001 27.561233117890684
1.0030000000000001 1.67 13.113442215079274
1.0030000000000001 1.7000000000000002 40.197504134556304
1.0030000000000001 1.73 72.55878838194467
1.0030000000000001 1.76 119.1452735104426
1.0030000000000001 1.79 195.1145541969596
1.0030000000000001 1.82 80.44570256541363
1.0030000000000001 1.85 69.9063572343649
1.0030000000000001 1.8800000000000001 68.58988924031567
1.0030000000000001 1.9100000000000001 95.54152110292983
1.0030000000000001 1.94 90.49767071769632
1.0030000000000001 1.9699999999999998 93.23760243079846
1.0030000000000001 2.0 95.53438519758329
1.0030000000000001 2.0300000000000002 82.7561974453066
1.0030000000000001 2.06 72.28713002277382
1.0030000000000001 2.09 81.23316965628266
1.0030000000000001 2.12 35.57345501105334
1.0030000000000001 2.1500000000000004 50.807874534423156
1.0030000000000001 2.18 28.73311991893101
1.0030000000000001 2.21 13.993012770451243
1.0030000000000001 2.2399999999999998 7.510985932615432
1.004 1.31 0.21180408772214532
1.004 1.34 0.46721109524682186
1.004 1.3699999999999999 1.0263749939820337
1.004 1.4 1.1404318076596949
1.004 1.43 -0.07934447961495568
1.004 1.46 1.32441658687333
1.004 1.49 0.5654920195605997
1.004 1.52 0.7979516451616415
1.004 1.5499999999999998 5.604952322151698
1.004 1.58 6.707989230542152
1.004 1.6099999999999999 6.272745316511803
1.004 1.6400000000000001 27.371538610779197
1.004 1.67 19.14611604321427
1.004 1.7000000000000002 46.16428368223193
1.004 1.73 89.77671288244147
1.004 1.76 85.12586710353746
1.004 1.79 148.53062986023807
1.004 1.82 86.61501469233477
1.004 1.85 98.90767601447497
1.004 1.8800000000000001 86.88335921915407
1.004 1.9100000000000001 131.45861779893397
1.004 1.94 118.70117897474316
1.004 1.9699999999999998 120.49114376116361
1.004 2.0 82.59380493182091
1.004 2.0300000000000002 79.04559961655754
1.004 2.06 64.50791652965026
1.004 2.09 77.65994724476289
1.004 2.12 42.73120911754474
1.004 2.1500000000000004 58.998837209652834
1.004 2.18 40.9580092642443
1.004 2.21 18.96832837293919
1.004 2.2399999999999998 9.192414429194644
1.0050000000000001 1.31 0.4350447806950931
1.0050000000000001 1.34 0.3589334171298431
1.0050000000000001 1.3699999999999999 0.4934970031097958
1.0050000000000001 1.4 0.6243563129666027
1.0050000000000001 1.43 -0.17996403096710548
1.0050000000000001 1.46 3.171712859980692
1.0050000000000001 1.49 1.000498695370261
1.0050000000000001 1.52 3.467969380046963
1.0050000000000001 1.5499999999999998 9.654152429024881
1.0050000000000001 1.58 10.136588410696351
1.0050000000000001 1.6099999999999999 5.742183034767163
1.0050000000000001 1.6400000000000001 40.738510099735144
1.0050000000000001 1.67 29.034888972904195
1.0050000000000001 1.7000000000000002 49.33757299633729
1.0050000000000001 1.73 142.94985885718464
1.0050000000000001 1.76 131.64350356931132
1.0050000000000001 1.79 171.35861112289317
1.0050000000000001 1.82 84.48235414702656
1.0050000000000001 1.85 83.29047370571165
1.0050000000000001 1.8800000000000001 101.62245796073698
1.0050000000000001 1.9100000000000001 137.15297758124154
1.0050000000000001 1.94 129.1697099599583
1.0050000000000001 1.9699999999999998 142.1982810706986
1.0050000000000001 2.0 94.61851214850869
1.0050000000000001 2.0300000000000002 99.15203875757628
1.0050000000000001 2.06 89.02688935542018
1.0050000000000001 2.09 80.0741242078602
1.0050000000000001 2.12 51.137925403808225
1.0050000000000001 2.1500000000000004 42.96526543117978
1.0050000000000001 2.18 38.26295236483545
1.0050000000000001 2.21 22.794805289919474
1.0050000000000001 2.2399999999999998 8.522959748868765
1.006 1.31 0.4481399327925286
1.006 1.34 0.5049951717171701
1.006 1.3699999999999999 1.1873581142399223
1.006 1.4 0.9074952251171476
1.006 1.43 -0.02871005340244245
1.006 1.46 2.8179387243588607
1.006 1.49 0.550202209731031
1.006 1.52 6.7173296392769934
1.006 1.5499999999999998 12.359544282342535
1.006 1.58 12.405313858032091
1.006 1.6099999999999999 6.742901220751004
1.006 1.6400000000000001 31.437887601876618
1.006 1.67 18.501162213568197
1.006 1.7000000000000002 45.925420756464085
1.006 1.73 145.25483859756486
1.006 1.76 187.18208293046055
1.006 1.79 206.0285989894883
1.006 1.82 100.8516543212528
1.006 1.85 97.6357789678479
1.006 1.8800000000000001 137.6177597147656
1.006 1.9100000000000001 149.90333041595858
1.006 1.94 132.22737278104793
1.006 1.9699999999999998 150.36303817002425
1.006 2.0 132.36886564027694
1.006 2.0300000000000002 124.53749158524538
1.006 2.06 99.78767346865679
1.006 2.09 90.26630997663105
1.006 2.12 60.06435391366966
1.006 2.1500000000000004 58.28265168118187
1.006 2.18 44.55521491119276
1.006 2.21 26.582372544876915
1.006 2.2399999999999998 10.494703279129643
1.007 1.31 0.5054087647818459
1.007 1.34 0.08867797230975158
1.007 1.3699999999999999 1.1123425403035478
1.007 1.4 0.40161826652035276
1.007 1.43 1.2225966873988543
1.007 1.46 2.2004700064297125
1.007 1.49 0.6414075372655227
1.007 1.52 6.6676478835282955
1.007 1.5499999999999998 13.501862830109198
1.007 1.58 8.697653919330394
1.007 1.6099999999999999 9.013726335028354
1.007 1.6400000000000001 18.94536445407508
1.007 1.67 16.266510402333243
1.007 1.7000000000000002 45.771619933799286
1.007 1.73 113.40574944738113
1.007 1.76 183.15984864421765
1.007 1.79 184.43348904552695
1.007 1.82 99.33886782825077
1.007 1.85 110.82820343696733
1.007 1.8800000000000001 166.679561114798
1.007 1.9100000000000001 182.5484168371038
1.007 1.94 163.14073461502528
1.007 1.9699999999999998 168.51383585806255
1.007 2.0 147.06970764584062
1.007 2.0300000000000002 139.6400334124919
1.007 2.06 123.67812975415069
1.007 2.09 116.14978546438233
1.007 2.12 72.97232513418203
1.007 2.1500000000000004 70.94929025416583
1.007 2.18 49.28265587888637
1.007 2.21 27.01361631076038
1.007 2.2399999999999998 7.469576737501838
1.008 1.31 0.12504808063944484
1.008 1.34 0.45649250889460996
1.008 1.3699999999999999 1.6111815487942087
1.008 1.4 1.1492456763531003
1.008 1.43 1.3171255813429705
1.008 1.46 1.9509745247833965
1.008 1.49 0.6623093042749721
1.008 1.52 10.243008844920917
1.008 1.5499999999999998 9.742071849381707
1.008 1.58 14.772424591447756
1.008 1.6099999999999999 8.414624662431436
1.008 1.6400000000000001 27.591423870429367
1.008 1.67 17.888966617311166
1.008 1.7000000000000002 44.95320718776477
1.008 1.73 123.85258030598091
1.008 1.76 181.0274136649798
1.008 1.79 180.33376948850923
1.008 1.82 108.93234090112374
1.008 1.85 96.05533814205559
1.008 1.8800000000000001 186.54957283849095
1.008 1.9100000000000001 195.64009750565378
1.008 1.94 175.5149688073097
1.008 1.9699999999999998 179.90376218464903
1.008 2.0 158.42214376138705
1.008 2.0300000000000002 144.39514364314942
1.008 2.06 109.72333155806031
1.008 2.09 136.00896222069372
1.008 2.12 82.40596971309071
1.008 2.1500000000000004 85.46761512968902
1.008 2.18 55.26491440889741
1.008 2.21 22.853274922961376
1.008 2.2399999999999998 9.937019265763276
1.009 1.31 0.03337585567719422
1.009 1.34 0.5783717898317302
1.009 1.3699999999999999 1.1537321258997175
1.009 1.4 0.895778300586425
1.009 1.43 0.970725860159478
1.009 1.46 2.5574354225367673
1.009 1.49 0.5594356576529558
1.009 1.52 8.821085535974653
1.009 1.5499999999999998 7.686160691248439
1.009 1.58 20.649823860370645
1.009 1.6099999999999999 18.970583724112544
1.009 1.6400000000000001 28.615373584307655
1.009 1.67 14.935044708392441
1.009 1.7000000000000002 43.20290850555217
1.009 1.73 131.5968416251172
1.009 1.76 195.76568811406767
1.009 1.79 190.28666664730244
1.009 1.82 115.76207839239389
1.009 1.85 85.49564707467934
1.009 1.8800000000000001 191.4769364059665
1.009 1.9100000000000001 187.5147329588437
1.009 1.94 152.7773294970596
1.009 1.9699999999999998 169.35183293189348
1.009 2.0 160.83721509375977
1.009 2.0300000000000002 136.02209472957733
1.009 2.06 114.82033078066003
1.009 2.09 128.570056355907
1.009 2.12 91.62286648119387
1.009 2.1500000000000004 85.12598661926502
1.009 2.18 52.956918857090315
1.009 2.21 24.776674590206188
1.009 2.2399999999999998 12.598658502660523
1.01 1.31 0.10016703735017297
1.01 1.34 0.31054025736514057
1.01 1.3699999999999999 0.6513533571695225
1.01 1.4 0.3185826850373516
1.01 1.43 1.0697411526112044
1.01 1.46 3.0066685345464523
1.01 1.49 0.46930777675263097
1.01 1.52 9.345528571843394
1.01 1.5499999999999998 5.038031430859176
1.01 1.58 19.428065120681204
1.01 1.6099999999999999 16.179265702871515
1.01 1.6400000000000001 32.78273393138863
1.01 1.67 15.539510766713581
1.01 1.7000000000000002 47.93768341036983
1.01 1.73 130.65252831295638
1.01 1.76 185.76740341877286
1.01 1.79 209.3107537320957
1.01 1.82 138.7138659164465
1.01 1.85 83.52436441533402
1.01 1.8800000000000001 214.58922428606792
1.01 1.9100000000000001 202.99795650500425
1.01 1.94 175.9154266632298
1.01 1.9699999999999998 177.81488932592126
1.01 2.0 151.35242170110146
1.01 2.0300000000000002 133.22643520301813
1.01 2.06 116.9762704784948
1.01 2.09 125.21704117692634
1.01 2.12 98.8134320857782
1.01 2.1500000000000004 73.37596247228001
1.01 2.18 41.82187474040944
1.01 2.21 25.170580841687556
1.01 2.2399999999999998 13.047378655524676
1.011 1.31 -0.176420598232834
1.011 1.34 0.1828324826927362
1.011 1.3699999999999999 0.6960716652473953
1.011 1.4 0.44006112465498526
1.011 1.43 1.2822227809277764
1.011 1.46 2.0577368713131863
1.011 1.49 0.5765615790428054
1.011 1.52 9.840810086744318
1.011 1.5499999999999998 0.40990456097740924
1.011 1.58 17.854143649904167
1.011 1.6099999999999999 11.518629037976158
1.011 1.6400000000000001 28.627385823509147
1.011 1.67 13.218781919212391
1.011 1.7000000000000002 43.436622579064576
1.011 1.73 123.42492756836344
1.011 1.76 172.21864684658007
1.011 1.79 189.32437223040776
1.011 1.82 114.11987348318124
1.011 1.85 54.889940908338176
1.011 1.8800000000000001 172.96993934720777
1.011 1.9100000000000001 191.18507190559376
1.011 1.94 173.78688396803702
1.011 1.9699999999999998 179.25795382852118
1.011 2.0 153.99611700788788
1.011 2.0300000000000002 146.67937716071697
1.011 2.06 106.53894974106557
1.011 2.09 115.66386732652363
1.011 2.12 95.1835214610293
1.011 2.1500000000000004 71.28455266419161
1.011 2.18 37.587261759509474
1.011 2.21 19.350095159354133
1.011 2.2399999999999998 11.765118141867406
1.012 1.31 -0.15806085390863037
1.012 1.34 0.12128904275177274
1.012 1.3699999999999999 0.4772250815276822
1.012 1.4 0.2882278860710583
1.012 1.43 1.5035230045623584
1.012 1.46 1.5824580396553651
1.012 1.49 0.49187430067425514
1.012 1.52 7.872653867722067
1.012 1.5499999999999998 1.766872258158822
1.012 1.58 15.29199725077421
1.012 1.6099999999999999 20.334597439693734
1.012 1.6400000000000001 26.135353006545593
1.012 1.67 8.840123899263702
1.012 1.7000000000000002 31.06008873989186
1.012 1.73 114.7326509964673
1.012 1.76 173.72191941876306
1.012 1.79 165.57530238433066
1.012 1.82 88.22987171909973
1.012 1.85 38.08043158119846
1.012 1.8800000000000001 128.3180479507576
1.012 1.9100000000000001 134.17505579979766
1.012 1.94 125.31463629553859
1.012 1.9699999999999998 157.41304304016393
1.012 2.0 156.36886749835116
1.012 2.0300000000000002 137.41877143019056
1.012 2.06 98.48241832246732
1.012 2.09 97.88588741508754
1.012 2.12 82.40112025941545
1.012 2.1500000000000004 62.94519083076626
1.012 2.18 31.401965380457845
1.012 2.21 19.333945460757537
1.012 2.2399999999999998 12.388684914036991
1.0130000000000001 1.31 -0.03323525989835318
1.0130000000000001 1.34 0.15600549812498388
1.0130000000000001 1.3699999999999999 0.3433785415226514
1.0130000000000001 1.4 0.18220123092450027
1.0130000000000001 1.43 0.7611051579329834
1.0130000000000001 1.46 1.018361231561405
1.0130000000000001 1.49 0.3407315595349931
1.0130000000000001 1.52 10.087199226945527
1.0130000000000001 1.5499999999999998 3.293503495879595
1.0130000000000001 1.58 10.700041538612783
1.0130000000000001 1.6099999999999999 12.616102581991118
1.0130000000000001 1.6400000000000001 21.359414001063534
1.0130000000000001 1.67 8.997709224208297
1.0130000000000001 1.7000000000000002 19.729665411727925
1.0130000000000001 1.73 88.04228008983998
1.0130000000000001 1.76 134.84208499705005
1.0130000000000001 1.79 151.57452873112243
1.0130000000000001 1.82 73.59785645611527
1.0130000000000001 1.85 34.37394561111562
1.0130000000000001 1.8800000000000001 116.40987918566564
1.0130000000000001 1.9100000000000001 97.11471449017321
1.0130000000000001 1.94 98.63166056288755
1.0130000000000001 1.9699999999999998 127.05651895292762
1.0130000000000001 2.0 115.59671198371633
1.0130000000000001 2.0300000000000002 99.63364949274411
1.0130000000000001 2.06 96.96397819821036
1.0130000000000001 2.09 85.94462751701535
1.0130000000000001 2.12 64.52240613247723
1.0130000000000001 2.1500000000000004 51.37269145708604
1.0130000000000001 2.18 26.375818130863166
1.0130000000000001 2.21 16.365675744293004
1.0130000000000001 2.2399999999999998 11.218089159190916
1.014 1.31 -0.0617806007036467
1.014 1.34 0.0018248825390747346
1.014 1.3699999999999999 0.35083585568552916
1.014 1.4 0.13712115047434856
1.014 1.43 0.6057687300158108
1.014 1.46 0.8975384949454983
1.014 1.49 0.30397926720995677
1.014 1.52 12.127111037064731
1.014 1.5499999999999998 -0.6838538309278269
1.014 1.58 4.352098014537956
1.014 1.6099999999999999 5.627797907177347
1.014 1.6400000000000001 11.495242574142281
1.014 1.67 9.580482653204694
1.014 1.7000000000000002 22.56152019863423
1.014 1.73 49.528190979282904
1.014 1.76 85.26079716851851
1.014 1.79 119.28565301033139
1.014 1.82 69.36880845258143
1.014 1.85 27.51501820232735
1.014 1.8800000000000001 104.4048094143383
1.014 1.9100000000000001 92.71080317347956
1.014 1.94 91.60905468654066
1.014 1.9699999999999998 109.17531434046796
1.014 2.0 94.30827697940842
1.014 2.0300000000000002 78.23707448233613
1.014 2.06 75.27002833026515
1.014 2.09 59.39851587953855
1.014 2.12 53.32325788781522
1.014 2.1500000000000004 42.62014707698252
1.014 2.18 26.162301088772498
1.014 2.21 15.038524892488645
1.014 2.2399999999999998 9.788506523686907
1.0150000000000001 1.31 -0.03305361853423538
1.0150000000000001 1.34 -0.08516828731248188
1.0150000000000001 1.3699999999999999 0.20047450287771335
1.0150000000000001 1.4 -0.284163626421863
1.0150000000000001 1.43 0.14900968125964129
1.0150000000000001 1.46 0.8818620850962222
1.0150000000000001 1.49 0.20602242844662605
1.0150000000000001 1.52 7.50206931304062
1.0150000000000001 1.5499999999999998 0.07705397114929498
1.0150000000000001 1.58 2.399187896861576
1.0150000000000001 1.6099999999999999 3.35349102135745
1.0150000000000001 1.6400000000000001 10.270081041715354
1.0150000000000001 1.67 6.224199417290082
1.0150000000000001 1.7000000000000002 15.359558502690618
1.0150000000000001 1.73 38.38758052516239
1.0150000000000001 1.76 59.80698565435206
1.0150000000000001 1.79 90.1579782683715
1.0150000000000001 1.82 55.00900116363663
1.0150000000000001 1.85 23.053211560657054
1.0150000000000001 1.8800000000000001 75.50540681921329
1.0150000000000001 1.9100000000000001 82.53619155620004
1.0150000000000001 1.94 77.97094529150782
1.0150000000000001 1.9699999999999998 99.27068312242668
1.0150000000000001 2.0 87.63836942541745
1.0150000000000001 2.0300000000000002 56.60862658367906
1.0150000000000001 2.06 62.20545798674177
1.0150000000000001 2.09 38.17897106688173
1.0150000000000001 2.12 44.774506791927905
1.0150000000000001 2.1500000000000004 31.59290246394038
1.0150000000000001 2.18 21.047475452236966
1.0150000000000001 2.21 13.88783808330157
1.0150000000000001 2.2399999999999998 9.243733811521206
1.016 1.31 -0.025389055863087664
1.016 1.34 -0.19890922253645418
1.016 1.3699999999999999 0.5129090513821527
1.016 1.4 -0.6088812029797994
1.016 1.43 -0.2029076932748106
1.016 1.46 -0.1407009576072608
1.016 1.49 0.011163737877045625
1.016 1.52 7.817628166534256
1.016 1.5499999999999998 0.9712773392126134
1.016 1.58 0.5496837432229371
1.016 1.6099999999999999 1.9931126854951622
1.016 1.6400000000000001 13.653243767534674
1.016 1.67 2.2658061094477313
1.016 1.7000000000000002 11.246944827329289
1.016 1.73 43.90416570558794
1.016 1.76 57.03243391618874
1.016 1.79 83.70516876785557
1.016 1.82 32.775198823006065
1.016 1.85 17.846223027061665
1.016 1.8800000000000001 50.44657820151247
1.016 1.9100000000000001 52.79484230145291
1.016 1.94 59.21910916840635
1.016 1.9699999999999998 81.25489498459716
1.016 2.0 69.8255057217297
1.016 2.0300000000000002 45.91908228850905
1.016 2.06 45.29523619723738
1.016 2.09 32.338984659953894
1.016 2.12 32.19535952766751
1.016 2.1500000000000004 26.185963302560992
1.016 2.18 14.496028876758166
1.016 2.21 12.349233300695035
1.016 2.2399999999999998 10.803168277201655
1.0170000000000001 1.31 -0.03248465967231515
1.0170000000000001 1.34 -0.14886643753731324
1.0170000000000001 1.3699999999999999 0.4682745903913142
1.0170000000000001 1.4 -0.4611221312477618
1.0170000000000001 1.43 0.18568014872746097
1.0170000000000001 1.46 -0.5011655994366142
1.0170000000000001 1.49 -0.005396692545512817
1.0170000000000001 1.52 5.4662725340124165
1.0170000000000001 1.5499999999999998 1.4534127289544883
1.0170000000000001 1.58 0.16919785995418468
1.0170000000000001 1.6099999999999999 1.1978643977786294
1.0170000000000001 1.6400000000000001 9.247971615441736
1.0170000000000001 1.67 1.3041828342137864
1.0170000000000001 1.7000000000000002 8.463932173813614
1.0170000000000001 1.73 33.97447308239681
1.0170000000000001 1.76 42.94149333235568
1.0170000000000001 1.79 55.66593152030547
1.0170000000000001 1.82 17.743152077958825
1.0170000000000001 1.85 12.744904231832848
1.0170000000000001 1.8800000000000001 41.41602459615261
1.0170000000000001 1.9100000000000001 34.64683166197483
1.0170000000000001 1.94 47.588084287702685
1.0170000000000001 1.9699999999999998 62.68450024879238
1.0170000000000001 2.0 54.07164467455195
1.0170000000000001 2.0300000000000002 41.88510437976131
1.0170000000000001 2.06 31.755370170918056
1.0170000000000001 2.09 27.618138051911583
1.0170000000000001 2.12 24.276394323199707
1.0170000000000001 2.1500000000000004 19.71368280279583
1.0170000000000001 2.18 10.630707102705202
1.0170000000000001 2.21 11.152335548088159
1.0170000000000001 2.2399999999999998 9.359368153205027
1.018 1.31 -0.011771151404183257
1.018 1.34 -0.04959312438171271
1.018 1.3699999999999999 0.15782527461323853
1.018 1.4 -0.1409598455843307
1.018 1.43 0.10745551170399598
1.018 1.46 -0.26109375244397887
1.018 1.49 0.010155906489852859
1.018 1.52 2.608397997233706
1.018 1.5499999999999998 0.529660584504854
1.018 1.58 0.18126888776871866
1.018 1.6099999999999999 0.8222571211201294
1.018 1.6400000000000001 3.716590572673111
1.018 1.67 1.2038208823212602
1.018 1.7000000000000002 5.068290398265747
1.018 1.73 15.868877525365535
1.018 1.76 20.72349604000668
1.018 1.79 30.438493642268917
1.018 1.82 11.562169302643955
1.018 1.85 11.408718734999205
1.018 1.8800000000000001 28.501057198399195
1.018 1.9100000000000001 29.66967266630058
1.018 1.94 40.098743654853756
1.018 1.9699999999999998 44.78672348486997
1.018 2.0 31.379776973541464
1.018 2.0300000000000002 28.673635012209154
1.018 2.06 12.909390304383876
1.018 2.09 21.000019288437
1.018 2.12 15.508858194365219
1.018 2.1500000000000004 12.058356937025605
1.018 2.18 6.688279515809502
1.018 2.21 8.492961547847731
1.018 2.2399999999999998 8.056702362516907
1.019 1.31 0.00699983962277312
1.019 1.34 -0.05897733617735008
1.019 1.3699999999999999 0.17603467132021358
1.019 1.4 -0.2217209381406943
1.019 1.43 -0.06163673929054484
1.019 1.46 -0.26568731289170927
1.019 1.49 0.010976525945453154
1.019 1.52 1.758211438112497
1.019 1.5499999999999998 -0.18798655327892197
1.019 1.58 0.076325475244973
1.019 1.6099999999999999 0.6132493089919167
1.019 1.6400000000000001 2.0090796485664706
1.019 1.67 0.17352050535731964
1.019 1.7000000000000002 1.8374764959138083
1.019 1.73 10.186548722060733
1.019 1.76 12.919077808777976
1.019 1.79 17.98199933904758
1.019 1.82 6.050041659546231
1.019 1.85 6.069373942359274
1.019 1.8800000000000001 14.986817090935647
1.019 1.9100000000000001 19.13018438788185
1.019 1.94 26.399219879765777
1.019 1.9699999999999998 25.535864373464932
1.019 2.0 18.802816304651092
1.019 2.0300000000000002 20.409010623901775
1.019 2.06 2.6381017356334135
1.019 2.09 14.308339073653915
1.019 2.12 7.8465031303805475
1.019 2.1500000000000004 9.242643558641399
1.019 2.18 4.178018614544076
1.019 2.21 6.368405379298606
1.019 2.2399999999999998 5.762102146466734
1.02 1.31 -0.010413080603743552
1.02 1.34 -0.053082648262668085
1.02 1.3699999999999999 0.14837537997431274
1.02 1.4 -0.1350296087582741
1.02 1.43 -0.008045248630949992
1.02 1.46 -0.12607667920487475
1.02 1.49 0.004170552961632462
1.02 1.52 0.47173563212700276
1.02 1.5499999999999998 0.04555889443410906
1.02 1.58 0.04274847082517856
1.02 1.6099999999999999 0.02856460658448707
1.02 1.6400000000000001 1.2825896344924044
1.02 1.67 -0.0026045894912250923
1.02 1.7000000000000002 0.43312898618352363
1.02 1.73 5.329476165289267
1.02 1.76 6.796792852351559
1.02 1.79 9.953001275630701
1.02 1.82 2.1758937264085185
1.02 1.85 2.0697866751119665
1.02 1.8800000000000001 7.171375641549095
1.02 1.9100000000000001 7.798227365899
1.02 1.94 15.845269020115058
1.02 1.9699999999999998 9.795020409665428
1.02 2.0 7.564821634605225
1.02 2.0300000000000002 10.350248447832477
1.02 2.06 2.101804460972964
1.02 2.09 9.723997817312167
1.02 2.12 4.936363863553771
1.02 2.1500000000000004 5.00259100007163
1.02 2.18 2.0785783270135854
1.02 2.21 2.9475142581541105
1.02 2.2399999999999998 4.031536232143716
1.021 1.31 -0.010626357979277403
1.021 1.34 -0.027578663820361293
1.021 1.3699999999999999 0.05899983163917694
1.021 1.4 -0.06703077183441511
1.021 1.43 0.0034866131003647893
1.021 1.46 -0.038963296755474434
1.021 1.49 0.00454082429765114
1.021 1.52 -0.061349875607778485
1.021 1.5499999999999998 0.02698351092905389
1.021 1.58 0.05437597674135274
1.021 1.6099999999999999 0.0023935450669353257
1.021 1.6400000000000001 0.5898499927206692
1.021 1.67 0.21327031537435345
1.021 1.7000000000000002 0.6788894538492432
1.021 1.73 2.9343361742934495
1.021 1.76 3.8062700497792537
1.021 1.79 6.030091684641152
1.021 1.82 0.9929817620068361
1.021 1.85 0.42098512034373237
1.021 1.8800000000000001 2.966758916866842
1.021 1.9100000000000001 2.548841983657263
1.021 1.94 5.69878742025713
1.021 1.9699999999999998 3.813765213020832
1.021 2.0 3.355063812389422
1.021 2.0300000000000002 4.540456915585436
1.021 2.06 2.251468487647823
1.021 2.09 5.844998827465545
1.021 2.12 3.536745747070757
1.021 2.1500000000000004 2.6552046682991923
1.021 2.18 1.4267684947674029
1.021 2.21 0.7777487988351356
1.021 2.2399999999999998 1.5538534722756026
1.022 1.31 -0.007499226042699063
1.022 1.34 -0.013265809396860206
1.022 1.3699999999999999 0.010004820483489734
1.022 1.4 -0.02542423147715155
1.022 1.43 0.005288720323837793
1.022 1.46 -0.015479544557095937
1.022 1.49 0.004046766445891722
1.022 1.52 0.40286063019318535
1.022 1.5499999999999998 -0.003941874862626093
1.022 1.58 0.04633935095585596
1.022 1.6099999999999999 0.017013384326591944
1.022 1.6400000000000001 0.06939993106130202
1.022 1.67 0.2429154259668026
1.022 1.7000000000000002 0.46799722710007846
1.022 1.73 1.8006209168564047
1.022 1.76 2.3186880128815828
1.022 1.79 3.819978540261138
1.022 1.82 0.4676665049736816
1.022 1.85 -0.007321437183927231
1.022 1.8800000000000001 2.823237934275716
1.022 1.9100000000000001 1.3952219577671996
1.022 1.94 2.156500501867755
1.022 1.9699999999999998 3.7246876925581107
1.022 2.0 2.4847752026814707
1.022 2.0300000000000002 1.4449347764794367
1.022 2.06 2.3016714569825125
1.022 2.09 3.474100210072703
1.022 2.12 2.761719490522076
1.022 2.1500000000000004 2.0217601106058485
1.022 2.18 1.348117930535233
1.022 2.21 0.5420493454270747
1.022 2.2399999999999998 0.9308254140294072
1.023 1.31 0.007557742157452733
1.023 1.34 -0.021298704543572217
1.023 1.3699999999999999 -0.026827501468854445
1.023 1.4 -0.10389169365554908
1.023 1.43 0.008661177700729017
1.023 1.46 -0.005155227228270025
1.023 1.49 -0.00010142587455217693
1.023 1.52 0.25658056058986445
1.023 1.5499999999999998 -0.5592902939696249
1.023 1.58 -0.014511766927737304
1.023 1.6099999999999999 -0.08392112542982527
1.023 1.6400000000000001 -0.17480382064146335
1.023 1.67 0.28135781750496863
1.023 1.7000000000000002 0.14920058604397227
1.023 1.73 2.6297878048689722
1.023 1.76 2.8978134882981337
1.023 1.79 8.096004543544035
1.023 1.82 0.3110857197133268
1.023 1.85 0.2210918197187205
1.023 1.8800000000000001 1.8857412486167728
1.023 1.9100000000000001 0.9475362959265824
1.023 1.94 1.5184615913014217
1.023 1.9699999999999998 10.165363877502173
1.023 2.0 7.932790059264554
1.023 2.0300000000000002 2.414049331363255
1.023 2.06 2.727325800409295
1.023 2.09 4.256103885005796
1.023 2.12 1.5649652713012605
1.023 2.1500000000000004 1.6600157992574622
1.023 2.18 0.9707867317017999
1.023 2.21 1.9466635215280232
1.023 2.2399999999999998 2.083965445584684
1.024 1.31 0.010416353564726028
1.024 1.34 -0.005533078658772634
1.024 1.3699999999999999 -0.021770290840691237
1.024 1.4 -0.05812348045332594
1.024 1.43 -0.008462788696294183
1.024 1.46 0.006679107182229402
1.024 1.49 -0.0012750428867039684
1.024 1.52 -0.17349466389801715
1.024 1.5499999999999998 -0.29123397134295
1.024 1.58 -0.031245700125680523
1.024 1.6099999999999999 -0.05977499566933934
1.024 1.6400000000000001 0.4070641786930592
1.024 1.67 0.3488013436452187
1.024 1.7000000000000002 0.2774994269378715
1.024 1.73 3.3742311076293072
1.024 1.76 3.6093268330127652
1.024 1.79 7.805915615543218
1.024 1.82 0.5199005638791383
1.024 1.85 0.33283415859478754
1.024 1.8800000000000001 1.4685724038217585
1.024 1.9100000000000001 2.0865823155764187
1.024 1.94 1.6760965069846503
1.024 1.9699999999999998 9.117270730114118
1.024 2.0 9.533231569224307
1.024 2.0300000000000002 3.067534219113337
1.024 2.06 2.7819677937767393
1.024 2.09 3.6540192078400953
1.024 2.12 1.0668404302418548
1.024 2.1500000000000004 1.302155894255815
1.024 2.18 0.4135989026944994
1.024 2.21 2.1118735714583448
1.024 2.2399999999999998 1.8605213599054016
1.0250000000000001 1.31 0.007507808520657422
1.0250000000000001 1.34 0.004507943063784018
1.0250000000000001 1.3699999999999999 -0.03630585995007349
1.0250000000000001 1.4 -0.004545127929319131
1.0250000000000001 1.43 -0.010366624047843867
1.0250000000000001 1.46 0.0323687314312411
1.0250000000000001 1.49 0.0023112778145802726
1.0250000000000001 1.52 -0.04206002719000621
1.0250000000000001 1.5499999999999998 -0.034043452977310804
1.0250000000000001 1.58 -0.004365798193142969
1.0250000000000001 1.6099999999999999 -0.05909429586466519
1.0250000000000001 1.6400000000000001 0.47394165651303727
1.0250000000000001 1.67 0.3551322713775001
1.0250000000000001 1.7000000000000002 0.3982696407709648
1.0250000000000001 1.73 1.8294005076885576
1.0250000000000001 1.76 1.7693552833705546
1.0250000000000001 1.79 2.380725691420456
1.0250000000000001 1.82 0.25267243411063733
1.0250000000000001 1.85 0.22337718697584863
1.0250000000000001 1.8800000000000001 0.2338580151065836
1.0250000000000001 1.9100000000000001 0.9727418325452977
1.0250000000000001 1.94 1.88855695159512
1.0250000000000001 1.9699999999999998 5.973567795142693
1.0250000000000001 2.0 4.334717529389542
1.0250000000000001 2.0300000000000002 2.040648721084917
1.0250000000000001 2.06 1.49386823274204
1.0250000000000001 2.09 2.651881918811716
1.0250000000000001 2.12 0.6621547759477661
1.0250000000000001 2.1500000000000004 0.19914538963325054
1.0250000000000001 2.18 0.09531745683862128
1.0250000000000001 2.21 1.435216996599761
1.0250000000000001 2.2399999999999998 1.558400807853509
1.026 1.31 0.0014817854817768647
1.026 1.34 -0.0020400692833072538
1.026 1.3699999999999999 -0.008895128004829937
1.026 1.4 -0.003230446213903966
1.026 1.43 0.03492393011958435
1.026 1.46 0.005132845132988749
1.026 1.49 0.004574406350701603
1.026 1.52 0.008495741878389789
1.026 1.5499999999999998 0.008321974258774099
1.026 1.58 0.0062582149564515705
1.026 1.6099999999999999 -0.06953937807680824
1.026 1.6400000000000001 0.18375620680207477
1.026 1.67 0.2239711508485566
1.026 1.7000000000000002 0.3538278564666856
1.026 1.73 1.1990721824908952
1.026 1.76 0.612167780094473
1.026 1.79 0.4199547319928579
1.026 1.82 -0.02375927292747062
1.026 1.85 0.03975868960684642
1.026 1.8800000000000001 -0.05698688225398111
1.026 1.9100000000000001 -0.09283030543898212
1.026 1.94 1.7636631663135396
1.026 1.9699999999999998 3.8372026438743827
1.026 2.0 1.813357018505871
1.026 2.0300000000000002 0.9236197981141373
1.026 2.06 0.4782136072178285
1.026 2.09 2.0059072333105172
1.026 2.12 0.58537451174795
1.026 2.1500000000000004 0.12542152787004102
1.026 2.18 0.11324876050738136
1.026 2.21 1.0117862063703935
1.026 2.2399999999999998 1.3614235832582413
1.0270000000000001 1.31 0.0012151412473302822
1.0270000000000001 1.34 -0.0069303728002047356
1.0270000000000001 1.3699999999999999 -0.0027191598098979196
1.0270000000000001 1.4 -0.006013254019575986
1.0270000000000001 1.43 0.06926874349367572
1.0270000000000001 1.46 -0.0017060899030929878
1.0270000000000001 1.49 0.005369014050823116
1.0270000000000001 1.52 0.018205812157801784
1.0270000000000001 1.5499999999999998 0.019279787894133097
1.0270000000000001 1.58 0.04758773297490646
1.0270000000000001 1.6099999999999999 -0.06433992382006112
1.0270000000000001 1.6400000000000001 0.07834448995333725
1.0270000000000001 1.67 0.1977678152054399
1.0270000000000001 1.7000000000000002 0.36255716951724737
1.0270000000000001 1.73 1.3017947702450003
1.0270000000000001 1.76 0.5525238274534201
1.0270000000000001 1.79 0.32805998110330836
1.0270000000000001 1.82 -0.06046075826461632
1.0270000000000001 1.85 0.006499808137582237
1.0270000000000001 1.8800000000000001 0.02653724877899488
1.0270000000000001 1.9100000000000001 -0.24661073236652875
1.0270000000000001 1.94 1.8730612924929972
1.0270000000000001 1.9699999999999998 3.148083900990992
1.0270000000000001 2.0 1.3729855047219641
1.0270000000000001 2.0300000000000002 0.3173185738790873
1.0270000000000001 2.06 0.35444164420156316
1.0270000000000001 2.09 1.783306500139857
1.0270000000000001 2.12 0.5350186467394216
1.0270000000000001 2.1500000000000004 0.10186196483834427
1.0270000000000001 2.18 0.08856232894364263
1.0270000000000001 2.21 0.7629117080349562
1.0270000000000001 2.2399999999999998 1.205415168972854
1.028 1.31 0.011769966302439898
1.028 1.34 -0.016380563238819965
1.028 1.3699999999999999 -0.019758616007727135
1.028 1.4 -0.023704757022460603
1.028 1.43 0.02169170580310609
1.028 1.46 0.0024430563530736804
1.028 1.49 0.009360293650688698
1.028 1.52 0.029017212579481234
1.028 1.5499999999999998 0.11668152347427634
1.028 1.58 0.10510440681504506
1.028 1.6099999999999999 -0.05222976145115784
1.028 1.6400000000000001 -0.36786867008551455
1.028 1.67 0.09594438002679323
1.028 1.7000000000000002 0.07714576561513806
1.028 1.73 0.49966309132813924
1.028 1.76 0.35199588616827754
1.028 1.79 0.28789545014722523
1.028 1.82 0.001511838819806051
1.028 1.85 0.555274390726437
1.028 1.8800000000000001 0.01140320529751574
1.028 1.9100000000000001 -0.18920918855367475
1.028 1.94 0.8150450158717091
1.028 1.9699999999999998 1.8613176874655304
1.028 2.0 1.064701416841447
1.028 2.0300000000000002 0.04022234919654586
1.028 2.06 0.7138986301166912
1.028 2.09 0.9113986345841455
1.028 2.12 0.03246324813497288
1.028 2.1500000000000004 -0.17739273733558017
1.028 2.18 -0.036407016733772585
1.028 2.21 0.33541853123185306
1.028 2.2399999999999998 0.6549449958223847
1.0290000000000001 1.31 0.015060617494485116
1.0290000000000001 1.34 -0.020814787236348165
1.0290000000000001 1.3699999999999999 -0.019908879095924627
1.0290000000000001 1.4 -0.025663259050732353
1.0290000000000001 1.43 -0.009247191631584686
1.0290000000000001 1.46 0.0021752171021255096
1.0290000000000001 1.49 0.01986090161294274
1.0290000000000001 1.52 0.028165703785014276
1.0290000000000001 1.5499999999999998 0.1775750248304324
1.0290000000000001 1.58 0.23267151075137457
1.0290000000000001 1.6099999999999999 -0.02921698308412467
1.0290000000000001 1.6400000000000001 -0.5245922991933973
1.0290000000000001 1.67 -0.025195788828260093
1.0290000000000001 1.7000000000000002 -0.13909827793175494
1.0290000000000001 1.73 0.07402200674034652
1.0290000000000001 1.76 0.1285173434674414
1.0290000000000001 1.79 0.15670212448786952
1.0290000000000001 1.82 0.02410644044958996
1.0290000000000001 1.85 0.7553625583103085
1.0290000000000001 1.8800000000000001 0.07743659378646638
1.0290000000000001 1.9100000000000001 -0.11489386291216357
1.0290000000000001 1.94 0.28330413901296836
1.0290000000000001 1.9699999999999998 0.4545525663039877
1.0290000000000001 2.0 0.6506499483737292
1.0290000000000001 2.0300000000000002 -0.03034631084360682
1.0290000000000001 2.06 0.7228400500226454
1.0290000000000001 2.09 0.20959315616635724
1.0290000000000001 2.12 -0.20535154363663755
1.0290000000000001 2.1500000000000004 -0.18080376895692415
1.0290000000000001 2.18 0.01439829540792467
1.0290000000000001 2.21 0.061869690017755774
1.0290000000000001 2.2399999999999998 0.22145387253332058
1.03 1.31 0.003960155279238403
1.03 1.34 -0.005764285948158824
1.03 1.3699999999999999 -0.005998759014071974
1.03 1.4 -0.007519957292207171
1.03 1.43 -0.0033512822415185306
1.03 1.46 0.0007213282232368854
1.03 1.49 0.018097308081097312
1.03 1.52 0.011525946371555771
1.03 1.5499999999999998 0.07717898549238421
1.03 1.58 0.22449922084015803
1.03 1.6099999999999999 -0.005200858130650815
1.03 1.6400000000000001 -0.14796656293598603
1.03 1.67 -0.01055511595129299
1.03 1.7000000000000002 -0.032065595559221
1.03 1.73 0.05609896925620867
1.03 1.76 0.09440282054712487
1.03 1.79 0.03031658460027102
1.03 1.82 0.013570440006898925
1.03 1.85 0.2131073803762185
1.03 1.8800000000000001 0.021056968973860522
1.03 1.9100000000000001 -0.030983189036305828
1.03 1.94 0.14126253784600737
1.03 1.9699999999999998 0.09791611087549272
1.03 2.0 0.20016016494979144
1.03 2.0300000000000002 0.023649827292182173
1.03 2.06 0.27945025346161595
1.03 2.09 0.12396304755669531
1.03 2.12 -0.013278933715116624
1.03 2.1500000000000004 -0.025185204293006764
1.03 2.18 0.05656677928569479
1.03 2.21 0.008893430214364994
1.03 2.2399999999999998 0.05905724406981476
1.0310000000000001 1.31 0.0002655477482066859
1.0310000000000001 1.34 -0.0007613308601272057
1.0310000000000001 1.3699999999999999 -0.0021854048605439605
1.0310000000000001 1.4 -0.002087143834320957
1.0310000000000001 1.43 -0.00040430050036877833
1.0310000000000001 1.46 0.00026251962101439026
1.0310000000000001 1.49 0.00609033757910468
1.0310000000000001 1.52 0.00427873402964445
1.0310000000000001 1.5499999999999998 0.021140938957176596
1.0310000000000001 1.58 0.0765943246782704
1.0310000000000001 1.6099999999999999 -0.004335919613556777
1.0310000000000001 1.6400000000000001 -0.018240266538243864
1.0310000000000001 1.67 0.018601827194188774
1.0310000000000001 1.7000000000000002 0.029496384754045903
1.0310000000000001 1.73 0.06995746999530232
1.0310000000000001 1.76 0.10024231056867557
1.0310000000000001 1.79 0.014217326405053432
1.0310000000000001 1.82 0.0073087011252587
1.0310000000000001 1.85 0.02924740028415036
1.0310000000000001 1.8800000000000001 -0.02232023582508337
1.0310000000000001 1.9100000000000001 -0.03253700740529926
1.0310000000000001 1.94 0.04837261382967859
1.0310000000000001 1.9699999999999998 0.22982932717377805
1.0310000000000001 2.0 0.12102271097695165
1.0310000000000001 2.0300000000000002 0.07798347256439682
1.0310000000000001 2.06 0.1858937654227683
1.0310000000000001 2.09 0.1656891522129071
1.0310000000000001 2.12 0.04140812201570041
1.0310000000000001 2.1500000000000004 -0.009035244792104716
1.0310000000000001 2.18 0.07522502478918205
1.0310000000000001 2.21 0.029923833168917703
1.0310000000000001 2.2399999999999998 0.06302645893266454
1.032 1.31 0.0004465103473754784
1.032 1.34 -0.0008236649113376243
1.032 1.3699999999999999 -0.004240264652951793
1.032 1.4 -0.003714918423571692
1.032 1.43 -5.554936199637897e-5
1.032 1.46 0.00038712948921481303
1.032 1.49 0.00047679667275273214
1.032 1.52 0.005493364005125444
1.032 1.5499999999999998 0.0025919761520300857
1.032 1.58 0.006325822802759516
1.032 1.6099999999999999 -0.016243119956662323
1.032 1.6400000000000001 -0.010669389463868474
1.032 1.67 0.05901408969630998
1.032 1.7000000000000002 0.06365154274472609
1.032 1.73 0.1315120596275484
1.032 1.76 0.14582834983439175
1.032 1.79 0.03329643138842249
1.032 1.82 0.002816924333074557
1.032 1.85 0.010998326300169323
1.032 1.8800000000000001 -0.1025630232400375
1.032 1.9100000000000001 -0.09802157594309548
1.032 1.94 0.054453059515976766
1.032 1.9699999999999998 0.6588579898439902
1.032 2.0 0.2670416540747759
1.032 2.0300000000000002 0.07309954028115093
1.032 2.06 0.24367029031448736
1.032 2.09 0.3316071029462865
1.032 2.12 0.05819128652004408
1.032 2.1500000000000004 -0.05928488056510394
1.032 2.18 0.027110941102414025
1.032 2.21 0.10132256183279546
1.032 2.2399999999999998 0.1837751077016024
1.033 1.31 0.00031351998723250327
1.033 1.34 -0.0006176965385643696
1.033 1.3699999999999999 -0.0027679153545930105
1.033 1.4 -0.002481234765877994
1.033 1.43 0.00015145153973259622
1.033 1.46 0.00018511143828321767
1.033 1.49 5.8339930188975736e-5
1.033 1.52 0.0034019950446800107
1.033 1.5499999999999998 9.888700946512036e-5
1.033 1.58 0.00045556809257465893
1.033 1.6099999999999999 -0.012746452086409378
1.033 1.6400000000000001 -0.009501668269747389
1.033 1.67 0.033610943802079865
1.033 1.7000000000000002 0.03586838129302698
1.033 1.73 0.07721591342915361
1.033 1.76 0.07252531310395123
1.033 1.79 0.013999697891880668
1.033 1.82 -0.008241785490602595
1.033 1.85 0.007173528492331649
1.033 1.8800000000000001 -0.0820823206359901
1.033 1.9100000000000001 -0.06797431728608665
1.033 1.94 0.12505904637871174
1.033 1.9699999999999998 0.4285350007415968
1.033 2.0 0.15944027689231363
1.033 2.0300000000000002 0.013695434918759087
1.033 2.06 0.1199512596498444
1.033 2.09 0.23092601005265878
1.033 2.12 0.03672957613159401
1.033 2.1500000000000004 -0.04280398450686218
1.033 2.18 -0.0045367095724565595
1.033 2.21 0.08355416657975337
1.033 2.2399999999999998 0.15407873210065826
1.034 1.31 0.00023869216847899593
1.034 1.34 -0.00044223524543742513
1.034 1.3699999999999999 -0.002070124069757936
1.034 1.4 -0.0018801077111322095
1.034 1.43 2.399032029193978e-6
1.034 1.46 0.0001260182673030656
1.034 1.49 7.258138790447071e-5
1.034 1.52 0.0026291924944021198
1.034 1.5499999999999998 -0.00011924277147518707
1.034 1.58 0.000388118389253399
1.034 1.6099999999999999 -0.007468168604245673
1.034 1.6400000000000001 -0.009041530336368066
1.034 1.67 0.022240870644801503
1.034 1.7000000000000002 0.022529896766498695
1.034 1.73 0.06095251526789437
1.034 1.76 0.05963495753165185
1.034 1.79 0.009684504529392585
1.034 1.82 -0.0007458902854045982
1.034 1.85 0.0059401194058895145
1.034 1.8800000000000001 -0.04987106998163261
1.034 1.9100000000000001 -0.04222056902268005
1.034 1.94 0.08035758948794759
1.034 1.9699999999999998 0.28261573538496054
1.034 2.0 0.11909829680454434
1.034 2.0300000000000002 0.006075315388036065
1.034 2.06 0.0893934968858581
1.034 2.09 0.15732873840244616
1.034 2.12 0.03345195550994515
1.034 2.1500000000000004 -0.02340413568597412
1.034 2.18 -0.0061011617394919745
1.034 2.21 0.04979348795827776
1.034 2.2399999999999998 0.09462965166259701
