0.95 0.5 0.0
0.95 0.56 0.0
0.95 0.62 0.0
0.95 0.6799999999999999 0.0
0.95 0.74 0.0
0.95 0.8 0.0
0.95 0.86 0.0
0.95 0.92 0.0
0.95 0.98 0.0
0.95 1.04 0.0
0.95 1.1 0.0
0.95 1.1600000000000001 0.0
0.95 1.22 0.0
0.95 1.28 0.0
0.95 1.34 0.0
0.95 1.4 0.0
0.95 1.46 0.0
0.95 1.52 0.0
0.95 1.58 0.0
0.95 1.6400000000000001 0.0
0.95 1.7000000000000002 0.0
0.95 1.76 0.0
0.95 1.82 0.0
0.95 1.8800000000000001 0.0
0.95 1.94 0.0
0.95 2.0 0.0
0.95 2.06 0.0
0.95 2.12 0.0
0.95 2.18 0.0
0.95 2.2399999999999998 0.0
0.95 2.3000000000000003 0.0
0.95 2.36 0.0
0.95 2.4200000000000004 0.0
0.95 2.48 0.0
0.95 2.5400000000000005 0.0
0.95 2.5999999999999996 0.0
0.95 2.66 0.0
0.95 2.7199999999999998 0.0
0.95 2.7800000000000002 0.0
0.95 2.84 0.0
0.95 2.9000000000000004 0.0
0.95 2.9599999999999995 0.0
0.95 3.02 0.0
0.95 3.0799999999999996 0.0
0.95 3.14 0.0
0.95 3.1999999999999997 0.0
0.95 3.2600000000000002 0.0
0.95 3.3200000000000003 0.0
0.95 3.38 0.0
0.95 3.4399999999999995 0.0
0.95 3.5 0.0
0.952 0.5 0.0
0.952 0.56 0.0
0.952 0.62 0.0
0.952 0.6799999999999999 0.0
0.952 0.74 0.0
0.952 0.8 0.0
0.952 0.86 0.0
0.952 0.92 0.0
0.952 0.98 0.0
0.952 1.04 0.0
0.952 1.1 0.0
0.952 1.1600000000000001 0.0
0.952 1.22 0.0
0.952 1.28 0.0
0.952 1.34 0.0
0.952 1.4 0.0
0.952 1.46 0.0
0.952 1.52 0.0
0.952 1.58 0.0
0.952 1.6400000000000001 0.0
0.952 1.7000000000000002 0.0
0.952 1.76 0.0
0.952 1.82 0.0
0.952 1.8800000000000001 0.0
0.952 1.94 0.0
0.952 2.0 0.0
0.952 2.06 0.0
0.952 2.12 0.0
0.952 2.18 0.0
0.952 2.2399999999999998 0.0
0.952 2.3000000000000003 0.0
0.952 2.36 0.0
0.952 2.4200000000000004 0.0
0.952 2.48 0.0
0.952 2.5400000000000005 0.0
0.952 2.5999999999999996 0.0
0.952 2.66 0.0
0.952 2.7199999999999998 0.0
0.952 2.7800000000000002 0.0
0.952 2.84 0.0
0.952 2.9000000000000004 0.0
0.952 2.9599999999999995 0.0
0.952 3.02 0.0
0.952 3.0799999999999996 0.0
0.952 3.14 0.0
0.952 3.1999999999999997 0.0
0.952 3.2600000000000002 0.0
0.952 3.3200000000000003 0.0
0.952 3.38 0.0
0.952 3.4399999999999995 0.0
0.952 3.5 0.0
0.954 0.5 0.0
0.954 0.56 0.0
0.954 0.62 0.0
0.954 0.6799999999999999 0.0
0.954 0.74 0.0
0.954 0.8 0.0
0.954 0.86 0.0
0.954 0.92 0.0
0.954 0.98 0.0
0.954 1.04 0.0
0.954 1.1 0.0
0.954 1.1600000000000001 0.0
0.954 1.22 0.0
0.954 1.28 0.0
0.954 1.34 0.0
0.954 1.4 0.0
0.954 1.46 0.0
0.954 1.52 0.0
0.954 1.58 0.0
0.954 1.6400000000000001 0.0
0.954 1.7000000000000002 0.0
0.954 1.76 0.0
0.954 1.82 0.0
0.954 1.8800000000000001 0.0
0.954 1.94 0.0
0.954 2.0 0.0
0.954 2.06 0.0
0.954 2.12 0.0
0.954 2.18 0.0
0.954 2.2399999999999998 0.0
0.954 2.3000000000000003 0.0
0.954 2.36 0.0
0.954 2.4200000000000004 0.0
0.954 2.48 0.0
0.954 2.5400000000000005 0.0
0.954 2.5999999999999996 0.0
0.954 2.66 0.0
0.954 2.7199999999999998 0.0
0.954 2.7800000000000002 0.0
0.954 2.84 0.0
0.954 2.9000000000000004 0.0
0.954 2.9599999999999995 0.0
0.954 3.02 0.0
0.954 3.0799999999999996 0.0
0.954 3.14 0.0
0.954 3.1999999999999997 0.0
0.954 3.2600000000000002 0.0
0.954 3.3200000000000003 0.0
0.954 3.38 0.0
0.954 3.4399999999999995 0.0
0.954 3.5 0.0
0.956 0.5 0.0
0.956 0.56 0.0
0.956 0.62 0.0
0.956 0.6799999999999999 0.0
0.956 0.74 0.0
0.956 0.8 0.0
0.956 0.86 0.0
0.956 0.92 0.0
0.956 0.98 0.0
0.956 1.04 0.0
0.956 1.1 0.0
0.956 1.1600000000000001 0.0
0.956 1.22 0.0
0.956 1.28 0.0
0.956 1.34 0.0
0.956 1.4 0.0
0.956 1.46 0.0
0.956 1.52 0.0
0.956 1.58 0.0
0.956 1.6400000000000001 0.0
0.956 1.7000000000000002 0.0
0.956 1.76 0.0
0.956 1.82 0.0
0.956 1.8800000000000001 0.0
0.956 1.94 0.0
0.956 2.0 0.0
0.956 2.06 0.0
0.956 2.12 0.0
0.956 2.18 0.0
0.956 2.2399999999999998 0.0
0.956 2.3000000000000003 0.0
0.956 2.36 0.0
0.956 2.4200000000000004 0.0
0.956 2.48 0.0
0.956 2.5400000000000005 0.0
0.956 2.5999999999999996 0.0
0.956 2.66 0.0
0.956 2.7199999999999998 0.0
0.956 2.7800000000000002 0.0
0.956 2.84 0.0
0.956 2.9000000000000004 0.0
0.956 2.9599999999999995 0.0
0.956 3.02 0.0
0.956 3.0799999999999996 0.0
0.956 3.14 0.0
0.956 3.1999999999999997 0.0
0.956 3.2600000000000002 0.0
0.956 3.3200000000000003 0.0
0.956 3.38 0.0
0.956 3.4399999999999995 0.0
0.956 3.5 0.0
0.958 0.5 0.0
0.958 0.56 0.0
0.958 0.62 0.0
0.958 0.6799999999999999 0.0
0.958 0.74 0.0
0.958 0.8 0.0
0.958 0.86 0.0
0.958 0.92 0.0
0.958 0.98 0.0
0.958 1.04 0.0
0.958 1.1 0.0
0.958 1.1600000000000001 0.0
0.958 1.22 0.0
0.958 1.28 0.0
0.958 1.34 0.0
0.958 1.4 0.0
0.958 1.46 0.0
0.958 1.52 0.0
0.958 1.58 0.0
0.958 1.6400000000000001 0.0
0.958 1.7000000000000002 0.0
0.958 1.76 0.0
0.958 1.82 0.0
0.958 1.8800000000000001 0.0
0.958 1.94 0.0
0.958 2.0 0.0
0.958 2.06 0.0
0.958 2.12 0.0
0.958 2.18 0.0
0.958 2.2399999999999998 0.0
0.958 2.3000000000000003 0.0
0.958 2.36 0.0
0.958 2.4200000000000004 0.0
0.958 2.48 0.0
0.958 2.5400000000000005 0.0
0.958 2.5999999999999996 0.0
0.958 2.66 0.0
0.958 2.7199999999999998 0.0
0.958 2.7800000000000002 0.0
0.958 2.84 0.0
0.958 2.9000000000000004 0.0
0.958 2.9599999999999995 0.0
0.958 3.02 0.0
0.958 3.0799999999999996 0.0
0.958 3.14 0.0
0.958 3.1999999999999997 0.0
0.958 3.2600000000000002 0.0
0.958 3.3200000000000003 0.0
0.958 3.38 0.0
0.958 3.4399999999999995 0.0
0.958 3.5 0.0
0.96 0.5 0.0
0.96 0.56 0.0
0.96 0.62 0.0
0.96 0.6799999999999999 0.0
0.96 0.74 0.0
0.96 0.8 0.0
0.96 0.86 0.0
0.96 0.92 0.0
0.96 0.98 0.0
0.96 1.04 0.0
0.96 1.1 0.0
0.96 1.1600000000000001 0.0
0.96 1.22 0.0
0.96 1.28 0.0
0.96 1.34 0.0
0.96 1.4 0.0
0.96 1.46 0.0
0.96 1.52 0.0
0.96 1.58 0.0
0.96 1.6400000000000001 0.0
0.96 1.7000000000000002 0.0
0.96 1.76 0.0
0.96 1.82 0.0
0.96 1.8800000000000001 0.0
0.96 1.94 0.0
0.96 2.0 0.0
0.96 2.06 0.0
0.96 2.12 0.0
0.96 2.18 0.0
0.96 2.2399999999999998 0.0
0.96 2.3000000000000003 0.0
0.96 2.36 0.0
0.96 2.4200000000000004 0.0
0.96 2.48 0.0
0.96 2.5400000000000005 0.0
0.96 2.5999999999999996 0.0
0.96 2.66 0.0
0.96 2.7199999999999998 0.0
0.96 2.7800000000000002 0.0
0.96 2.84 0.0
0.96 2.9000000000000004 0.0
0.96 2.9599999999999995 0.0
0.96 3.02 0.0
0.96 3.0799999999999996 0.0
0.96 3.14 0.0
0.96 3.1999999999999997 0.0
0.96 3.2600000000000002 0.0
0.96 3.3200000000000003 0.0
0.96 3.38 0.0
0.96 3.4399999999999995 0.0
0.96 3.5 0.0
0.962 0.5 0.0
0.962 0.56 0.0
0.962 0.62 0.0
0.962 0.6799999999999999 0.0
0.962 0.74 0.0
0.962 0.8 0.0
0.962 0.86 0.0
0.962 0.92 0.0
0.962 0.98 0.0
0.962 1.04 0.0
0.962 1.1 0.0
0.962 1.1600000000000001 0.0
0.962 1.22 0.0
0.962 1.28 0.0
0.962 1.34 0.0
0.962 1.4 0.0
0.962 1.46 0.0
0.962 1.52 0.0
0.962 1.58 0.0
0.962 1.6400000000000001 0.0
0.962 1.7000000000000002 0.0
0.962 1.76 0.0
0.962 1.82 0.0
0.962 1.8800000000000001 0.0
0.962 1.94 0.0
0.962 2.0 0.0
0.962 2.06 0.0
0.962 2.12 0.0
0.962 2.18 0.0
0.962 2.2399999999999998 0.0
0.962 2.3000000000000003 0.0
0.962 2.36 0.0
0.962 2.4200000000000004 0.0
0.962 2.48 0.0
0.962 2.5400000000000005 0.0
0.962 2.5999999999999996 0.0
0.962 2.66 0.0
0.962 2.7199999999999998 0.0
0.962 2.7800000000000002 0.0
0.962 2.84 0.0
0.962 2.9000000000000004 0.0
0.962 2.9599999999999995 0.0
0.962 3.02 0.0
0.962 3.0799999999999996 0.0
0.962 3.14 0.0
0.962 3.1999999999999997 0.0
0.962 3.2600000000000002 0.0
0.962 3.3200000000000003 0.0
0.962 3.38 0.0
0.962 3.4399999999999995 0.0
0.962 3.5 0.0
0.964 0.5 0.0
0.964 0.56 0.0
0.964 0.62 0.0
0.964 0.6799999999999999 0.0
0.964 0.74 0.0
0.964 0.8 0.0
0.964 0.86 0.0
0.964 0.92 0.0
0.964 0.98 0.0
0.964 1.04 0.0
0.964 1.1 0.0
0.964 1.1600000000000001 0.0
0.964 1.22 0.0
0.964 1.28 0.0
0.964 1.34 0.0
0.964 1.4 0.0
0.964 1.46 0.0
0.964 1.52 0.0
0.964 1.58 0.0
0.964 1.6400000000000001 0.0
0.964 1.7000000000000002 0.0
0.964 1.76 0.0
0.964 1.82 0.0
0.964 1.8800000000000001 0.0
0.964 1.94 0.0
0.964 2.0 0.0
0.964 2.06 0.0
0.964 2.12 0.0
0.964 2.18 0.0
0.964 2.2399999999999998 0.0
0.964 2.3000000000000003 0.0
0.964 2.36 0.0
0.964 2.4200000000000004 0.0
0.964 2.48 0.0
0.964 2.5400000000000005 0.0
0.964 2.5999999999999996 0.0
0.964 2.66 0.0
0.964 2.7199999999999998 0.0
0.964 2.7800000000000002 0.0
0.964 2.84 0.0
0.964 2.9000000000000004 0.0
0.964 2.9599999999999995 0.0
0.964 3.02 0.0
0.964 3.0799999999999996 0.0
0.964 3.14 0.0
0.964 3.1999999999999997 0.0
0.964 3.2600000000000002 0.0
0.964 3.3200000000000003 0.0
0.964 3.38 0.0
0.964 3.4399999999999995 0.0
0.964 3.5 0.0
0.966 0.5 0.0
0.966 0.56 0.0
0.966 0.62 0.0
0.966 0.6799999999999999 0.0
0.966 0.74 0.0
0.966 0.8 0.0
0.966 0.86 0.0
0.966 0.92 0.0
0.966 0.98 0.0
0.966 1.04 0.0
0.966 1.1 0.0
0.966 1.1600000000000001 0.0
0.966 1.22 0.0
0.966 1.28 0.0
0.966 1.34 0.0
0.966 1.4 0.0
0.966 1.46 0.0
0.966 1.52 0.0
0.966 1.58 0.0
0.966 1.6400000000000001 0.0
0.966 1.7000000000000002 0.0
0.966 1.76 0.0
0.966 1.82 0.0
0.966 1.8800000000000001 0.0
0.966 1.94 0.0
0.966 2.0 0.0
0.966 2.06 0.0
0.966 2.12 0.0
0.966 2.18 0.0
0.966 2.2399999999999998 0.0
0.966 2.3000000000000003 0.0
0.966 2.36 0.0
0.966 2.4200000000000004 0.0
0.966 2.48 0.0
0.966 2.5400000000000005 0.0
0.966 2.5999999999999996 0.0
0.966 2.66 0.0
0.966 2.7199999999999998 0.0
0.966 2.7800000000000002 0.0
0.966 2.84 0.0
0.966 2.9000000000000004 0.0
0.966 2.9599999999999995 0.0
0.966 3.02 0.0
0.966 3.0799999999999996 0.0
0.966 3.14 0.0
0.966 3.1999999999999997 0.0
0.966 3.2600000000000002 0.0
0.966 3.3200000000000003 0.0
0.966 3.38 0.0
0.966 3.4399999999999995 0.0
0.966 3.5 0.0
0.968 0.5 0.0
0.968 0.56 0.0
0.968 0.62 0.0
0.968 0.6799999999999999 0.0
0.968 0.74 0.0
0.968 0.8 0.0
0.968 0.86 0.0
0.968 0.92 0.0
0.968 0.98 0.0
0.968 1.04 0.0
0.968 1.1 0.0
0.968 1.1600000000000001 0.0
0.968 1.22 0.0
0.968 1.28 0.0
0.968 1.34 0.0
0.968 1.4 0.0
0.968 1.46 0.0
0.968 1.52 0.0
0.968 1.58 0.0
0.968 1.6400000000000001 0.0
0.968 1.7000000000000002 0.0
0.968 1.76 0.0
0.968 1.82 0.0
0.968 1.8800000000000001 0.0
0.968 1.94 0.0
0.968 2.0 0.0
0.968 2.06 0.0
0.968 2.12 0.0
0.968 2.18 0.0
0.968 2.2399999999999998 0.0
0.968 2.3000000000000003 0.0
0.968 2.36 0.0
0.968 2.4200000000000004 0.0
0.968 2.48 0.0
0.968 2.5400000000000005 0.0
0.968 2.5999999999999996 0.0
0.968 2.66 0.0
0.968 2.7199999999999998 0.0
0.968 2.7800000000000002 0.0
0.968 2.84 0.0
0.968 2.9000000000000004 0.0
0.968 2.9599999999999995 0.0
0.968 3.02 0.0
0.968 3.0799999999999996 0.0
0.968 3.14 0.0
0.968 3.1999999999999997 0.0
0.968 3.2600000000000002 0.0
0.968 3.3200000000000003 0.0
0.968 3.38 0.0
0.968 3.4399999999999995 0.0
0.968 3.5 0.0
0.97 0.5 0.0
0.97 0.56 0.0
0.97 0.62 0.0
0.97 0.6799999999999999 0.0
0.97 0.74 0.0
0.97 0.8 0.0
0.97 0.86 0.0
0.97 0.92 0.0
0.97 0.98 0.0
0.97 1.04 0.0
0.97 1.1 0.0
0.97 1.1600000000000001 2.920871036592313e-11
0.97 1.22 2.371096648590666e-10
0.97 1.28 7.46914028567102e-10
0.97 1.34 3.128545381954612e-10
0.97 1.4 -1.9527162323078616e-11
0.97 1.46 2.6039719671500273e-9
0.97 1.52 8.984237658436641e-10
0.97 1.58 -1.3437991392734339e-9
0.97 1.6400000000000001 1.452606214052589e-9
0.97 1.7000000000000002 2.5439435971103035e-8
0.97 1.76 8.55954904454444e-9
0.97 1.82 1.528526598464108e-9
0.97 1.8800000000000001 2.3314684769931657e-9
0.97 1.94 -2.265140550212618e-9
0.97 2.0 -6.0638719696419135e-9
0.97 2.06 -1.0701728295512084e-9
0.97 2.12 -3.340162742454997e-9
0.97 2.18 -4.16530507300673e-10
0.97 2.2399999999999998 -2.9956565414957365e-11
0.97 2.3000000000000003 4.010445748179826e-13
0.97 2.36 0.0
0.97 2.4200000000000004 0.0
0.97 2.48 0.0
0.97 2.5400000000000005 0.0
0.97 2.5999999999999996 0.0
0.97 2.66 0.0
0.97 2.7199999999999998 0.0
0.97 2.7800000000000002 0.0
0.97 2.84 0.0
0.97 2.9000000000000004 0.0
0.97 2.9599999999999995 0.0
0.97 3.02 0.0
0.97 3.0799999999999996 0.0
0.97 3.14 0.0
0.97 3.1999999999999997 0.0
0.97 3.2600000000000002 0.0
0.97 3.3200000000000003 0.0
0.97 3.38 0.0
0.97 3.4399999999999995 0.0
0.97 3.5 0.0
0.972 0.5 0.0
0.972 0.56 0.0
0.972 0.62 0.0
0.972 0.6799999999999999 0.0
0.972 0.74 0.0
0.972 0.8 0.0
0.972 0.86 0.0
0.972 0.92 0.0
0.972 0.98 0.0
0.972 1.04 0.0
0.972 1.1 0.0
0.972 1.1600000000000001 -1.9249491458498922e-10
0.972 1.22 2.79205235026335e-8
0.972 1.28 1.2595173395674452e-7
0.972 1.34 2.516519319206284e-7
0.972 1.4 3.323585313222787e-7
0.972 1.46 6.92986406423169e-8
0.972 1.52 -6.185148907647759e-7
0.972 1.58 -4.244334901608191e-7
0.972 1.6400000000000001 2.717307786143626e-7
0.972 1.7000000000000002 3.595597619446203e-6
0.972 1.76 2.771802146671925e-6
0.972 1.82 4.6359887271130356e-8
0.972 1.8800000000000001 1.76871832227284e-7
0.972 1.94 -1.3080823160187684e-7
0.972 2.0 -3.6026197818226227e-7
0.972 2.06 -5.305106246639529e-8
0.972 2.12 -5.736325907097488e-8
0.972 2.18 -2.3233926586180407e-8
0.972 2.2399999999999998 -2.492775751449939e-9
0.972 2.3000000000000003 1.6663136804378291e-10
0.972 2.36 0.0
0.972 2.4200000000000004 0.0
0.972 2.48 0.0
0.972 2.5400000000000005 0.0
0.972 2.5999999999999996 0.0
0.972 2.66 0.0
0.972 2.7199999999999998 0.0
0.972 2.7800000000000002 0.0
0.972 2.84 0.0
0.972 2.9000000000000004 0.0
0.972 2.9599999999999995 0.0
0.972 3.02 0.0
0.972 3.0799999999999996 0.0
0.972 3.14 0.0
0.972 3.1999999999999997 0.0
0.972 3.2600000000000002 0.0
0.972 3.3200000000000003 0.0
0.972 3.38 0.0
0.972 3.4399999999999995 0.0
0.972 3.5 0.0
0.974 0.5 0.0
0.974 0.56 0.0
0.974 0.62 0.0
0.974 0.6799999999999999 0.0
0.974 0.74 0.0
0.974 0.8 0.0
0.974 0.86 0.0
0.974 0.92 0.0
0.974 0.98 0.0
0.974 1.04 0.0
0.974 1.1 0.0
0.974 1.1600000000000001 1.9936430828239168e-8
0.974 1.22 -3.8422327761812684e-8
0.974 1.28 -5.893400762092205e-7
0.974 1.34 -9.613626546361748e-7
0.974 1.4 -1.126931450941373e-6
0.974 1.46 -1.460928668568942e-6
0.974 1.52 2.850990343092575e-6
0.974 1.58 2.2324100986931885e-6
0.974 1.6400000000000001 2.1090802888192243e-6
0.974 1.7000000000000002 5.935284888051972e-6
0.974 1.76 2.6661666990512894e-5
0.974 1.82 2.8148880384016027e-5
0.974 1.8800000000000001 3.7231090424017634e-6
0.974 1.94 1.8269817835524352e-6
0.974 2.0 7.100577458975067e-6
0.974 2.06 4.633745524012097e-7
0.974 2.12 2.4262766571773732e-6
0.974 2.18 2.503734807552299e-7
0.974 2.2399999999999998 1.8139788782508023e-8
0.974 2.3000000000000003 -1.0406573598545622e-9
0.974 2.36 0.0
0.974 2.4200000000000004 0.0
0.974 2.48 0.0
0.974 2.5400000000000005 0.0
0.974 2.5999999999999996 0.0
0.974 2.66 0.0
0.974 2.7199999999999998 0.0
0.974 2.7800000000000002 0.0
0.974 2.84 0.0
0.974 2.9000000000000004 0.0
0.974 2.9599999999999995 0.0
0.974 3.02 0.0
0.974 3.0799999999999996 0.0
0.974 3.14 0.0
0.974 3.1999999999999997 0.0
0.974 3.2600000000000002 0.0
0.974 3.3200000000000003 0.0
0.974 3.38 0.0
0.974 3.4399999999999995 0.0
0.974 3.5 0.0
0.976 0.5 0.0
0.976 0.56 0.0
0.976 0.62 0.0
0.976 0.6799999999999999 0.0
0.976 0.74 0.0
0.976 0.8 0.0
0.976 0.86 0.0
0.976 0.92 0.0
0.976 0.98 0.0
0.976 1.04 0.0
0.976 1.1 0.0
0.976 1.1600000000000001 1.7662554165471413e-6
0.976 1.22 1.8847912582029395e-7
0.976 1.28 -2.721098304028832e-5
0.976 1.34 -9.162745727249321e-5
0.976 1.4 -0.00013473151463937584
0.976 1.46 8.89132193851413e-6
0.976 1.52 0.00021277827621778468
0.976 1.58 0.00013448061014041175
0.976 1.6400000000000001 4.67981287291903e-5
0.976 1.7000000000000002 0.0002682896796087008
0.976 1.76 0.00036181081937852386
0.976 1.82 0.0003544638258350191
0.976 1.8800000000000001 0.00022741956908748623
0.976 1.94 2.3575418000394843e-5
0.976 2.0 5.89735644063428e-5
0.976 2.06 -4.511137235554971e-7
0.976 2.12 -3.914696151834079e-5
0.976 2.18 -3.8845040696558183e-7
0.976 2.2399999999999998 5.918168798281347e-8
0.976 2.3000000000000003 -7.823395152687315e-8
0.976 2.36 0.0
0.976 2.4200000000000004 0.0
0.976 2.48 0.0
0.976 2.5400000000000005 0.0
0.976 2.5999999999999996 0.0
0.976 2.66 0.0
0.976 2.7199999999999998 0.0
0.976 2.7800000000000002 0.0
0.976 2.84 0.0
0.976 2.9000000000000004 0.0
0.976 2.9599999999999995 0.0
0.976 3.02 0.0
0.976 3.0799999999999996 0.0
0.976 3.14 0.0
0.976 3.1999999999999997 0.0
0.976 3.2600000000000002 0.0
0.976 3.3200000000000003 0.0
0.976 3.38 0.0
0.976 3.4399999999999995 0.0
0.976 3.5 0.0
0.978 0.5 0.0
0.978 0.56 0.0
0.978 0.62 0.0
0.978 0.6799999999999999 0.0
0.978 0.74 0.0
0.978 0.8 0.0
0.978 0.86 0.0
0.978 0.92 0.0
0.978 0.98 0.0
0.978 1.04 0.0
0.978 1.1 0.0
0.978 1.1600000000000001 7.1148792951174015e-6
0.978 1.22 -8.879432483313189e-6
0.978 1.28 -0.0001583790012087595
0.978 1.34 -0.0004414523303766148
0.978 1.4 -0.00035794360969524514
0.978 1.46 0.00011874918876130847
0.978 1.52 0.0011772362876534418
0.978 1.58 0.0005402579910346652
0.978 1.6400000000000001 4.237268492724748e-5
0.978 1.7000000000000002 0.0004744721279336789
0.978 1.76 0.002433297745854843
0.978 1.82 0.005534892924864579
0.978 1.8800000000000001 0.004142504424222419
0.978 1.94 0.0012913488123437182
0.978 2.0 0.0019811807011706553
0.978 2.06 0.00034926493984423196
0.978 2.12 -0.00013504796117047832
0.978 2.18 0.000523809322945624
0.978 2.2399999999999998 0.0002491623008775338
0.978 2.3000000000000003 -5.48469499103802e-5
0.978 2.36 0.00020319298850141922
0.978 2.4200000000000004 0.0
0.978 2.48 0.0
0.978 2.5400000000000005 0.0
0.978 2.5999999999999996 0.0
0.978 2.66 0.0
0.978 2.7199999999999998 0.0
0.978 2.7800000000000002 0.0
0.978 2.84 0.0
0.978 2.9000000000000004 0.0
0.978 2.9599999999999995 0.0
0.978 3.02 0.0
0.978 3.0799999999999996 0.0
0.978 3.14 0.0
0.978 3.1999999999999997 0.0
0.978 3.2600000000000002 0.0
0.978 3.3200000000000003 0.0
0.978 3.38 0.0
0.978 3.4399999999999995 0.0
0.978 3.5 0.0
0.98 0.5 0.0
0.98 0.56 0.0
0.98 0.62 0.0
0.98 0.6799999999999999 0.0
0.98 0.74 0.0
0.98 0.8 0.0
0.98 0.86 0.0
0.98 0.92 0.0
0.98 0.98 0.0
0.98 1.04 0.0
0.98 1.1 0.0
0.98 1.1600000000000001 4.278825811415238e-5
0.98 1.22 1.7791921779080196e-5
0.98 1.28 -0.000652400940225186
0.98 1.34 -0.0025152376846973605
0.98 1.4 -0.0011434685075671566
0.98 1.46 0.004605508828808212
0.98 1.52 0.008362983928701152
0.98 1.58 0.004119451114007284
0.98 1.6400000000000001 -0.0005433557509802159
0.98 1.7000000000000002 0.012923472224903648
0.98 1.76 0.017307258410116336
0.98 1.82 0.02013484077215781
0.98 1.8800000000000001 0.012894312113428855
0.98 1.94 0.006142992817797589
0.98 2.0 0.002359329813915111
0.98 2.06 0.008947222099290362
0.98 2.12 0.009837793887634462
0.98 2.18 0.001987109984226221
0.98 2.2399999999999998 0.000317669869806656
0.98 2.3000000000000003 -0.0016529573654729586
0.98 2.36 -0.00014403884303859494
0.98 2.4200000000000004 0.0
0.98 2.48 0.0
0.98 2.5400000000000005 0.0
0.98 2.5999999999999996 0.0
0.98 2.66 0.0
0.98 2.7199999999999998 0.0
0.98 2.7800000000000002 0.0
0.98 2.84 0.0
0.98 2.9000000000000004 0.0
0.98 2.9599999999999995 0.0
0.98 3.02 0.0
0.98 3.0799999999999996 0.0
0.98 3.14 0.0
0.98 3.1999999999999997 0.0
0.98 3.2600000000000002 0.0
0.98 3.3200000000000003 0.0
0.98 3.38 0.0
0.98 3.4399999999999995 0.0
0.98 3.5 0.0
0.982 0.5 0.0
0.982 0.56 0.0
0.982 0.62 0.0
0.982 0.6799999999999999 0.0
0.982 0.74 0.0
0.982 0.8 0.0
0.982 0.86 0.0
0.982 0.92 0.0
0.982 0.98 0.0
0.982 1.04 0.0
0.982 1.1 0.0
0.982 1.1600000000000001 8.224833484642824e-5
0.982 1.22 -0.00022907339979685797
0.982 1.28 -0.0030139606085928055
0.982 1.34 -0.006995393083046231
0.982 1.4 -0.01000341319288333
0.982 1.46 -0.0018047171325934848
0.982 1.52 0.01993250095734535
0.982 1.58 0.022279973068241372
0.982 1.6400000000000001 0.004924837070315189
0.982 1.7000000000000002 0.031224724319917532
0.982 1.76 0.06892524384438725
0.982 1.82 0.12179796835134166
0.982 1.8800000000000001 0.10418892181433054
0.982 1.94 0.056746362427496116
0.982 2.0 0.0690405954358253
0.982 2.06 0.03710015537170843
0.982 2.12 0.03566492111473272
0.982 2.18 0.0108382859037893
0.982 2.2399999999999998 -0.0035268226015136434
0.982 2.3000000000000003 -0.00572244076994285
0.982 2.36 0.0002901057353183547
0.982 2.4200000000000004 -3.979044339663482e-6
0.982 2.48 4.032828379149839e-6
0.982 2.5400000000000005 0.0
0.982 2.5999999999999996 0.0
0.982 2.66 0.0
0.982 2.7199999999999998 0.0
0.982 2.7800000000000002 0.0
0.982 2.84 0.0
0.982 2.9000000000000004 0.0
0.982 2.9599999999999995 0.0
0.982 3.02 0.0
0.982 3.0799999999999996 0.0
0.982 3.14 0.0
0.982 3.1999999999999997 0.0
0.982 3.2600000000000002 0.0
0.982 3.3200000000000003 0.0
0.982 3.38 0.0
0.982 3.4399999999999995 0.0
0.982 3.5 0.0
0.984 0.5 0.0
0.984 0.56 0.0
0.984 0.62 0.0
0.984 0.6799999999999999 0.0
0.984 0.74 0.0
0.984 0.8 0.0
0.984 0.86 0.0
0.984 0.92 0.0
0.984 0.98 0.0
0.984 1.04 0.0
0.984 1.1 0.0
0.984 1.1600000000000001 -0.00011938788386764002
0.984 1.22 -0.00023388048740156204
0.984 1.28 -0.0024952087414840496
0.984 1.34 -0.018412476070323577
0.984 1.4 -0.02685047810746818
0.984 1.46 0.0013931497483277017
0.984 1.52 0.033896664515891836
0.984 1.58 0.052028211419596807
0.984 1.6400000000000001 0.02787071433418162
0.984 1.7000000000000002 0.18153043687098758
0.984 1.76 0.2961035311718532
0.984 1.82 0.1726990974436896
0.984 1.8800000000000001 0.22008033946863728
0.984 1.94 0.20951973720224337
0.984 2.0 0.09880249619184042
0.984 2.06 0.15258578276257925
0.984 2.12 0.15102906373875058
0.984 2.18 0.0666412948397113
0.984 2.2399999999999998 0.032512988071549814
0.984 2.3000000000000003 0.01879867001717036
0.984 2.36 0.005650052823544111
0.984 2.4200000000000004 -9.895736918514111e-6
0.984 2.48 -1.3023500802828904e-6
0.984 2.5400000000000005 0.0
0.984 2.5999999999999996 0.0
0.984 2.66 0.0
0.984 2.7199999999999998 0.0
0.984 2.7800000000000002 0.0
0.984 2.84 0.0
0.984 2.9000000000000004 0.0
0.984 2.9599999999999995 0.0
0.984 3.02 0.0
0.984 3.0799999999999996 0.0
0.984 3.14 0.0
0.984 3.1999999999999997 0.0
0.984 3.2600000000000002 0.0
0.984 3.3200000000000003 0.0
0.984 3.38 0.0
0.984 3.4399999999999995 0.0
0.984 3.5 0.0
0.986 0.5 0.0
0.986 0.56 0.0
0.986 0.62 0.0
0.986 0.6799999999999999 0.0
0.986 0.74 0.0
0.986 0.8 0.0
0.986 0.86 0.0
0.986 0.92 0.0
0.986 0.98 0.0
0.986 1.04 0.0
0.986 1.1 0.0
0.986 1.1600000000000001 -0.000306215051570582
0.986 1.22 -0.0012294973434870571
0.986 1.28 -0.0064587560475118985
0.986 1.34 -0.014811228257384033
0.986 1.4 -0.03405438774813723
0.986 1.46 -0.037972866056394355
0.986 1.52 -0.02226269041103462
0.986 1.58 0.06437407380810388
0.986 1.6400000000000001 0.16736002496414815
0.986 1.7000000000000002 0.346525727019222
0.986 1.76 0.8431208184179648
0.986 1.82 1.3878389604137786
0.986 1.8800000000000001 0.7391952904031152
0.986 1.94 0.42200375452302485
0.986 2.0 0.4608836993903893
0.986 2.06 0.2667045289329691
0.986 2.12 0.15487057516656946
0.986 2.18 0.12885711867248614
0.986 2.2399999999999998 0.09825717749959922
0.986 2.3000000000000003 0.05784350200621505
0.986 2.36 0.03151723202898113
0.986 2.4200000000000004 0.00010334100965464221
0.986 2.48 7.46566568710967e-5
0.986 2.5400000000000005 0.0
0.986 2.5999999999999996 0.0
0.986 2.66 0.0
0.986 2.7199999999999998 0.0
0.986 2.7800000000000002 0.0
0.986 2.84 0.0
0.986 2.9000000000000004 0.0
0.986 2.9599999999999995 0.0
0.986 3.02 0.0
0.986 3.0799999999999996 0.0
0.986 3.14 0.0
0.986 3.1999999999999997 0.0
0.986 3.2600000000000002 0.0
0.986 3.3200000000000003 0.0
0.986 3.38 0.0
0.986 3.4399999999999995 0.0
0.986 3.5 0.0
0.988 0.5 0.0
0.988 0.56 0.0
0.988 0.62 0.0
0.988 0.6799999999999999 0.0
0.988 0.74 0.0
0.988 0.8 0.0
0.988 0.86 0.0
0.988 0.92 0.0
0.988 0.98 0.0
0.988 1.04 0.0
0.988 1.1 0.0
0.988 1.1600000000000001 -0.0028532668603642015
0.988 1.22 -0.0022071050429792838
0.988 1.28 0.0035054398691258095
0.988 1.34 -0.03084762577266914
0.988 1.4 -0.1582406113326585
0.988 1.46 -0.13278237354377123
0.988 1.52 0.05269488339230391
0.988 1.58 0.3510977928911055
0.988 1.6400000000000001 0.6156216322280967
0.988 1.7000000000000002 1.0022423928090332
0.988 1.76 1.5307769380464855
0.988 1.82 1.3148293664810216
0.988 1.8800000000000001 2.3591504495507807
0.988 1.94 1.653027427803415
0.988 2.0 0.7790557699185541
0.988 2.06 0.37123503863718077
0.988 2.12 0.32042746756544654
0.988 2.18 0.3685004445689498
0.988 2.2399999999999998 0.13276609751004861
0.988 2.3000000000000003 0.10206773305475939
0.988 2.36 0.060589405402370705
0.988 2.4200000000000004 -0.0005393615783431697
0.988 2.48 -0.00019098763048935568
0.988 2.5400000000000005 0.0
0.988 2.5999999999999996 0.0
0.988 2.66 0.0
0.988 2.7199999999999998 0.0
0.988 2.7800000000000002 0.0
0.988 2.84 0.0
0.988 2.9000000000000004 0.0
0.988 2.9599999999999995 0.0
0.988 3.02 0.0
0.988 3.0799999999999996 0.0
0.988 3.14 0.0
0.988 3.1999999999999997 0.0
0.988 3.2600000000000002 0.0
0.988 3.3200000000000003 0.0
0.988 3.38 0.0
0.988 3.4399999999999995 0.0
0.988 3.5 0.0
0.99 0.5 0.0
0.99 0.56 0.0
0.99 0.62 0.0
0.99 0.6799999999999999 0.0
0.99 0.74 0.0
0.99 0.8 0.0
0.99 0.86 0.0
0.99 0.92 0.0
0.99 0.98 0.0
0.99 1.04 0.0
0.99 1.1 0.0
0.99 1.1600000000000001 0.005257979105101819
0.99 1.22 0.0029653643880207885
0.99 1.28 -0.013409237762100377
0.99 1.34 -0.03728034612871039
0.99 1.4 0.03166742428553096
0.99 1.46 0.10051220918937312
0.99 1.52 0.024657078944451183
0.99 1.58 0.32645389073589703
0.99 1.6400000000000001 0.5607234522766937
0.99 1.7000000000000002 1.1156296830397991
0.99 1.76 3.9694307003595775
0.99 1.82 10.011081633369654
0.99 1.8800000000000001 8.05308017952605
0.99 1.94 4.810837959854634
0.99 2.0 3.0973306685164865
0.99 2.06 1.6875432150472185
0.99 2.12 0.7360984253893094
0.99 2.18 0.5950715261576157
0.99 2.2399999999999998 0.36139045307389434
0.99 2.3000000000000003 0.25915781129498977
0.99 2.36 0.1358595035754194
0.99 2.4200000000000004 0.0012073926162876943
0.99 2.48 0.0012735662519325576
0.99 2.5400000000000005 0.0
0.99 2.5999999999999996 0.0
0.99 2.66 0.0
0.99 2.7199999999999998 0.0
0.99 2.7800000000000002 0.0
0.99 2.84 0.0
0.99 2.9000000000000004 0.0
0.99 2.9599999999999995 0.0
0.99 3.02 0.0
0.99 3.0799999999999996 0.0
0.99 3.14 0.0
0.99 3.1999999999999997 0.0
0.99 3.2600000000000002 0.0
0.99 3.3200000000000003 0.0
0.99 3.38 0.0
0.99 3.4399999999999995 0.0
0.99 3.5 0.0
0.992 0.5 0.0
0.992 0.56 0.0
0.992 0.62 0.0
0.992 0.6799999999999999 0.0
0.992 0.74 0.0
0.992 0.8 0.0
0.992 0.86 0.0
0.992 0.92 0.0
0.992 0.98 0.0
0.992 1.04 0.0
0.992 1.1 0.0
0.992 1.1600000000000001 -0.011154601800066328
0.992 1.22 -0.006881859527428742
0.992 1.28 0.033871338824901676
0.992 1.34 0.05600647508177746
0.992 1.4 -0.11446569520711249
0.992 1.46 -0.0994206560823499
0.992 1.52 0.2437097939113433
0.992 1.58 1.1137269057183243
0.992 1.6400000000000001 2.356687699514568
0.992 1.7000000000000002 3.3751574204110404
0.992 1.76 4.468148050528529
0.992 1.82 5.092156766274074
0.992 1.8800000000000001 8.537320317057313
0.992 1.94 10.293343099620309
0.992 2.0 5.710128867419171
0.992 2.06 2.5900635762066444
0.992 2.12 0.8989905379250525
0.992 2.18 0.514209531880831
0.992 2.2399999999999998 0.23025392338237585
0.992 2.3000000000000003 0.21729948564844562
0.992 2.36 0.16377642944532844
0.992 2.4200000000000004 -0.004781425599257736
0.992 2.48 -0.001659682098403176
0.992 2.5400000000000005 0.0
0.992 2.5999999999999996 0.0
0.992 2.66 0.0
0.992 2.7199999999999998 0.0
0.992 2.7800000000000002 0.0
0.992 2.84 0.0
0.992 2.9000000000000004 0.0
0.992 2.9599999999999995 0.0
0.992 3.02 0.0
0.992 3.0799999999999996 0.0
0.992 3.14 0.0
0.992 3.1999999999999997 0.0
0.992 3.2600000000000002 0.0
0.992 3.3200000000000003 0.0
0.992 3.38 0.0
0.992 3.4399999999999995 0.0
0.992 3.5 0.0
0.994 0.5 0.0
0.994 0.56 0.0
0.994 0.62 0.0
0.994 0.6799999999999999 0.0
0.994 0.74 0.0
0.994 0.8 0.0
0.994 0.86 0.0
0.994 0.92 0.0
0.994 0.98 0.0
0.994 1.04 0.0
0.994 1.1 0.0
0.994 1.1600000000000001 0.007387751153553094
0.994 1.22 0.02399619000461378
0.994 1.28 0.07016245260229391
0.994 1.34 0.07688896381673799
0.994 1.4 0.7454862709315799
0.994 1.46 1.177307656064538
0.994 1.52 1.3775150047712494
0.994 1.58 1.4755057859424094
0.994 1.6400000000000001 2.288833874671375
0.994 1.7000000000000002 4.003467658303245
0.994 1.76 12.112405273040844
0.994 1.82 29.738763311454274
0.994 1.8800000000000001 28.906148596467496
0.994 1.94 14.328890823888727
0.994 2.0 9.915893235371017
0.994 2.06 8.044212868315759
0.994 2.12 4.140615218179504
0.994 2.18 1.9052004465639634
0.994 2.2399999999999998 0.9386862932992923
0.994 2.3000000000000003 0.44358408745142375
0.994 2.36 0.2911653975468436
0.994 2.4200000000000004 7.68544049932318e-5
0.994 2.48 -0.00015247172407845165
0.994 2.5400000000000005 0.0
0.994 2.5999999999999996 0.0
0.994 2.66 0.0
0.994 2.7199999999999998 0.0
0.994 2.7800000000000002 0.0
0.994 2.84 0.0
0.994 2.9000000000000004 0.0
0.994 2.9599999999999995 0.0
0.994 3.02 0.0
0.994 3.0799999999999996 0.0
0.994 3.14 0.0
0.994 3.1999999999999997 0.0
0.994 3.2600000000000002 0.0
0.994 3.3200000000000003 0.0
0.994 3.38 0.0
0.994 3.4399999999999995 0.0
0.994 3.5 0.0
0.996 0.5 0.0
0.996 0.56 0.0
0.996 0.62 0.0
0.996 0.6799999999999999 0.0
0.996 0.74 0.0
0.996 0.8 0.0
0.996 0.86 0.0
0.996 0.92 0.0
0.996 0.98 0.0
0.996 1.04 0.0
0.996 1.1 0.0
0.996 1.1600000000000001 0.003299755723556067
0.996 1.22 0.0066085034788611035
0.996 1.28 0.03125630710341862
0.996 1.34 0.10831716100727601
0.996 1.4 0.5206846140714221
0.996 1.46 1.4016834459327474
0.996 1.52 3.2284676590255943
0.996 1.58 5.5735017269551195
0.996 1.6400000000000001 7.666865589036286
0.996 1.7000000000000002 8.557727296922856
0.996 1.76 10.179879915892545
0.996 1.82 13.272184252277535
0.996 1.8800000000000001 28.600705669910813
0.996 1.94 43.57065061268618
0.996 2.0 26.240668469819177
0.996 2.06 10.960041495742603
0.996 2.12 4.084670004029017
0.996 2.18 1.7425126328221237
0.996 2.2399999999999998 0.5875704607575382
0.996 2.3000000000000003 0.7075653773342376
0.996 2.36 0.46103819899275483
0.996 2.4200000000000004 0.0006337691686248465
0.996 2.48 0.0054919779886573195
0.996 2.5400000000000005 0.0
0.996 2.5999999999999996 0.0
0.996 2.66 0.0
0.996 2.7199999999999998 0.0
0.996 2.7800000000000002 0.0
0.996 2.84 0.0
0.996 2.9000000000000004 0.0
0.996 2.9599999999999995 0.0
0.996 3.02 0.0
0.996 3.0799999999999996 0.0
0.996 3.14 0.0
0.996 3.1999999999999997 0.0
0.996 3.2600000000000002 0.0
0.996 3.3200000000000003 0.0
0.996 3.38 0.0
0.996 3.4399999999999995 0.0
0.996 3.5 0.0
0.998 0.5 0.0
0.998 0.56 0.0
0.998 0.62 0.0
0.998 0.6799999999999999 0.0
0.998 0.74 0.0
0.998 0.8 0.0
0.998 0.86 0.0
0.998 0.92 0.0
0.998 0.98 0.0
0.998 1.04 0.0
0.998 1.1 0.0
0.998 1.1600000000000001 -0.0031363290659966107
0.998 1.22 0.034329049403284004
0.998 1.28 0.08662875804530758
0.998 1.34 0.12384837189720278
0.998 1.4 1.1935152927704988
0.998 1.46 1.3902652753378049
0.998 1.52 1.696151235960901
0.998 1.58 4.0499324288402985
0.998 1.6400000000000001 7.815998886924593
0.998 1.7000000000000002 11.928907132477068
0.998 1.76 19.07994006190734
0.998 1.82 37.615827101522285
0.998 1.8800000000000001 49.87174349228773
0.998 1.94 36.14282001668319
0.998 2.0 32.311015632207756
0.998 2.06 22.56836532976338
0.998 2.12 9.534952822670952
0.998 2.18 3.3439678056298012
0.998 2.2399999999999998 1.4276845166154626
0.998 2.3000000000000003 0.5837903597427675
0.998 2.36 0.5137627981968458
0.998 2.4200000000000004 -0.013955361163597203
0.998 2.48 -0.00423829619759027
0.998 2.5400000000000005 0.0
0.998 2.5999999999999996 0.0
0.998 2.66 0.0
0.998 2.7199999999999998 0.0
0.998 2.7800000000000002 0.0
0.998 2.84 0.0
0.998 2.9000000000000004 0.0
0.998 2.9599999999999995 0.0
0.998 3.02 0.0
0.998 3.0799999999999996 0.0
0.998 3.14 0.0
0.998 3.1999999999999997 0.0
0.998 3.2600000000000002 0.0
0.998 3.3200000000000003 0.0
0.998 3.38 0.0
0.998 3.4399999999999995 0.0
0.998 3.5 0.0
1.0 0.5 0.0
1.0 0.56 0.0
1.0 0.62 0.0
1.0 0.6799999999999999 0.0
1.0 0.74 0.0
1.0 0.8 0.0
1.0 0.86 0.0
1.0 0.92 0.0
1.0 0.98 0.0
1.0 1.04 0.0
1.0 1.1 0.0
1.0 1.1600000000000001 0.03490829721225907
1.0 1.22 0.005596761449746147
1.0 1.28 0.1211449952709134
1.0 1.34 0.07189560641891704
1.0 1.4 0.47456334854376786
1.0 1.46 3.104375801356429
1.0 1.52 6.6005701717252325
1.0 1.58 10.158340979446528
1.0 1.6400000000000001 14.334164862546839
1.0 1.7000000000000002 20.20043212855739
1.0 1.76 28.318175323381872
1.0 1.82 40.225937690570504
1.0 1.8800000000000001 51.63180033134686
1.0 1.94 68.79453430358522
1.0 2.0 57.60524844659831
1.0 2.06 31.723163116210614
1.0 2.12 19.118639939886826
1.0 2.18 9.169624322993045
1.0 2.2399999999999998 2.8621649142752896
1.0 2.3000000000000003 1.3190649483310524
1.0 2.36 1.3980570441623654
1.0 2.4200000000000004 -0.007033556040248605
1.0 2.48 -0.015436004809967749
1.0 2.5400000000000005 0.0
1.0 2.5999999999999996 0.0
1.0 2.66 0.0
1.0 2.7199999999999998 0.0
1.0 2.7800000000000002 0.0
1.0 2.84 0.0
1.0 2.9000000000000004 0.0
1.0 2.9599999999999995 0.0
1.0 3.02 0.0
1.0 3.0799999999999996 0.0
1.0 3.14 0.0
1.0 3.1999999999999997 0.0
1.0 3.2600000000000002 0.0
1.0 3.3200000000000003 0.0
1.0 3.38 0.0
1.0 3.4399999999999995 0.0
1.0 3.5 0.0
1.002 0.5 0.0
1.002 0.56 0.0
1.002 0.62 0.0
1.002 0.6799999999999999 0.0
1.002 0.74 0.0
1.002 0.8 0.0
1.002 0.86 0.0
1.002 0.92 0.0
1.002 0.98 0.0
1.002 1.04 0.0
1.002 1.1 0.0
1.002 1.1600000000000001 0.04402460394210925
1.002 1.22 0.20771992890122368
1.002 1.28 0.5682965742600621
1.002 1.34 1.8720790356991595
1.002 1.4 4.506078255376393
1.002 1.46 6.586468393384434
1.002 1.52 9.005339778392536
1.002 1.58 14.36015905580328
1.002 1.6400000000000001 20.918995927271254
1.002 1.7000000000000002 29.537867764379804
1.002 1.76 42.19703520518279
1.002 1.82 65.91447118273358
1.002 1.8800000000000001 90.01888296072
1.002 1.94 92.75861563553207
1.002 2.0 72.81038569966782
1.002 2.06 50.045719027103715
1.002 2.12 23.831144350650938
1.002 2.18 11.904264643605817
1.002 2.2399999999999998 3.669609301839064
1.002 2.3000000000000003 1.0821482762077679
1.002 2.36 0.683291175327613
1.002 2.4200000000000004 0.013136656961710859
1.002 2.48 0.008899861565155976
1.002 2.5400000000000005 0.0
1.002 2.5999999999999996 0.0
1.002 2.66 0.0
1.002 2.7199999999999998 0.0
1.002 2.7800000000000002 0.0
1.002 2.84 0.0
1.002 2.9000000000000004 0.0
1.002 2.9599999999999995 0.0
1.002 3.02 0.0
1.002 3.0799999999999996 0.0
1.002 3.14 0.0
1.002 3.1999999999999997 0.0
1.002 3.2600000000000002 0.0
1.002 3.3200000000000003 0.0
1.002 3.38 0.0
1.002 3.4399999999999995 0.0
1.002 3.5 0.0
1.004 0.5 0.0
1.004 0.56 0.0
1.004 0.62 0.0
1.004 0.6799999999999999 0.0
1.004 0.74 0.0
1.004 0.8 0.0
1.004 0.86 0.0
1.004 0.92 0.0
1.004 0.98 0.0
1.004 1.04 0.0
1.004 1.1 0.0
1.004 1.1600000000000001 0.016691967186517043
1.004 1.22 0.19117999630850518
1.004 1.28 0.4936065560970365
1.004 1.34 0.2447156593392302
1.004 1.4 0.2175113086212634
1.004 1.46 6.466692886340872
1.004 1.52 14.96699304459598
1.004 1.58 24.925346996062373
1.004 1.6400000000000001 36.06502348684347
1.004 1.7000000000000002 46.27520956014989
1.004 1.76 58.578424273742385
1.004 1.82 71.83955819517148
1.004 1.8800000000000001 91.65536075693355
1.004 1.94 114.3294796365312
1.004 2.0 113.14686501475083
1.004 2.06 73.4976490286895
1.004 2.12 33.323198920123886
1.004 2.18 17.191124168819403
1.004 2.2399999999999998 6.667323740814968
1.004 2.3000000000000003 2.5793202697932665
1.004 2.36 1.356870922917178
1.004 2.4200000000000004 0.014495926524825288
1.004 2.48 -0.014148953246708928
1.004 2.5400000000000005 0.0
1.004 2.5999999999999996 0.0
1.004 2.66 0.0
1.004 2.7199999999999998 0.0
1.004 2.7800000000000002 0.0
1.004 2.84 0.0
1.004 2.9000000000000004 0.0
1.004 2.9599999999999995 0.0
1.004 3.02 0.0
1.004 3.0799999999999996 0.0
1.004 3.14 0.0
1.004 3.1999999999999997 0.0
1.004 3.2600000000000002 0.0
1.004 3.3200000000000003 0.0
1.004 3.38 0.0
1.004 3.4399999999999995 0.0
1.004 3.5 0.0
1.006 0.5 0.0
1.006 0.56 0.0
1.006 0.62 0.0
1.006 0.6799999999999999 0.0
1.006 0.74 0.0
1.006 0.8 0.0
1.006 0.86 0.0
1.006 0.92 0.0
1.006 0.98 0.0
1.006 1.04 0.0
1.006 1.1 0.0
1.006 1.1600000000000001 0.11948352524983515
1.006 1.22 0.3656940073638283
1.006 1.28 0.8517897701422114
1.006 1.34 2.7738219244875633
1.006 1.4 8.696598171701918
1.006 1.46 13.133921666197232
1.006 1.52 17.00403597125032
1.006 1.58 25.556430571507185
1.006 1.6400000000000001 35.138366433167555
1.006 1.7000000000000002 47.0176898837059
1.006 1.76 59.67840326170901
1.006 1.82 81.43101484857904
1.006 1.8800000000000001 106.10595242256983
1.006 1.94 120.10189087710138
1.006 2.0 106.49589309445221
1.006 2.06 78.83725438411305
1.006 2.12 41.45964652385761
1.006 2.18 22.29259378616532
1.006 2.2399999999999998 7.1867238493549745
1.006 2.3000000000000003 1.612120650364985
1.006 2.36 0.5636190531542759
1.006 2.4200000000000004 0.025777009347788184
1.006 2.48 0.013175991801721793
1.006 2.5400000000000005 0.0
1.006 2.5999999999999996 0.0
1.006 2.66 0.0
1.006 2.7199999999999998 0.0
1.006 2.7800000000000002 0.0
1.006 2.84 0.0
1.006 2.9000000000000004 0.0
1.006 2.9599999999999995 0.0
1.006 3.02 0.0
1.006 3.0799999999999996 0.0
1.006 3.14 0.0
1.006 3.1999999999999997 0.0
1.006 3.2600000000000002 0.0
1.006 3.3200000000000003 0.0
1.006 3.38 0.0
1.006 3.4399999999999995 0.0
1.006 3.5 0.0
1.008 0.5 0.0
1.008 0.56 0.0
1.008 0.62 0.0
1.008 0.6799999999999999 0.0
1.008 0.74 0.0
1.008 0.8 0.0
1.008 0.86 0.0
1.008 0.92 0.0
1.008 0.98 0.0
1.008 1.04 0.0
1.008 1.1 0.0
1.008 1.1600000000000001 0.08981112611313943
1.008 1.22 0.29373764109023515
1.008 1.28 0.7618526762469946
1.008 1.34 1.702441094380588
1.008 1.4 0.7866424667871744
1.008 1.46 8.395137316587002
1.008 1.52 20.390865055950066
1.008 1.58 36.11557256023161
1.008 1.6400000000000001 49.31850932084966
1.008 1.7000000000000002 64.48820783669089
1.008 1.76 77.84355402420883
1.008 1.82 88.01607954759382
1.008 1.8800000000000001 94.58477848001186
1.008 1.94 110.18540863984997
1.008 2.0 114.38952826908759
1.008 2.06 94.67450352796766
1.008 2.12 48.03367623597499
1.008 2.18 25.643229603095037
1.008 2.2399999999999998 10.632040031427053
1.008 2.3000000000000003 3.367723899832785
1.008 2.36 1.1280825202393299
1.008 2.4200000000000004 0.10524733088163245
1.008 2.48 0.02256371645349904
1.008 2.5400000000000005 0.0
1.008 2.5999999999999996 0.0
1.008 2.66 0.0
1.008 2.7199999999999998 0.0
1.008 2.7800000000000002 0.0
1.008 2.84 0.0
1.008 2.9000000000000004 0.0
1.008 2.9599999999999995 0.0
1.008 3.02 0.0
1.008 3.0799999999999996 0.0
1.008 3.14 0.0
1.008 3.1999999999999997 0.0
1.008 3.2600000000000002 0.0
1.008 3.3200000000000003 0.0
1.008 3.38 0.0
1.008 3.4399999999999995 0.0
1.008 3.5 0.0
1.01 0.5 0.0
1.01 0.56 0.0
1.01 0.62 0.0
1.01 0.6799999999999999 0.0
1.01 0.74 0.0
1.01 0.8 0.0
1.01 0.86 0.0
1.01 0.92 0.0
1.01 0.98 0.0
1.01 1.04 0.0
1.01 1.1 0.0
1.01 1.1600000000000001 0.1399489848842614
1.01 1.22 0.1744727438414304
1.01 1.28 1.1024089451495722
1.01 1.34 2.0447798919299904
1.01 1.4 8.529431984431769
1.01 1.46 14.015749694518863
1.01 1.52 19.57152393698532
1.01 1.58 31.188474620506184
1.01 1.6400000000000001 54.10837507489547
1.01 1.7000000000000002 69.10112349586225
1.01 1.76 78.82258607519992
1.01 1.82 89.29518766964789
1.01 1.8800000000000001 107.18835321861472
1.01 1.94 115.50160396855861
1.01 2.0 107.91365117654107
1.01 2.06 84.72501603613537
1.01 2.12 55.78545920473286
1.01 2.18 30.274335938361567
1.01 2.2399999999999998 11.800673460296563
1.01 2.3000000000000003 2.9962057562585955
1.01 2.36 0.6022537391229874
1.01 2.4200000000000004 0.06019355878604467
1.01 2.48 0.006231496189083211
1.01 2.5400000000000005 0.0
1.01 2.5999999999999996 0.0
1.01 2.66 0.0
1.01 2.7199999999999998 0.0
1.01 2.7800000000000002 0.0
1.01 2.84 0.0
1.01 2.9000000000000004 0.0
1.01 2.9599999999999995 0.0
1.01 3.02 0.0
1.01 3.0799999999999996 0.0
1.01 3.14 0.0
1.01 3.1999999999999997 0.0
1.01 3.2600000000000002 0.0
1.01 3.3200000000000003 0.0
1.01 3.38 0.0
1.01 3.4399999999999995 0.0
1.01 3.5 0.0
1.012 0.5 0.0
1.012 0.56 0.0
1.012 0.62 0.0
1.012 0.6799999999999999 0.0
1.012 0.74 0.0
1.012 0.8 0.0
1.012 0.86 0.0
1.012 0.92 0.0
1.012 0.98 0.0
1.012 1.04 0.0
1.012 1.1 0.0
1.012 1.1600000000000001 0.018374546729355193
1.012 1.22 -0.02084606019516275
1.012 1.28 1.468127111308864
1.012 1.34 2.2456207081863644
1.012 1.4 2.423819854763082
1.012 1.46 10.802942288894592
1.012 1.52 23.71272135439632
1.012 1.58 42.432747787949324
1.012 1.6400000000000001 43.094498125413935
1.012 1.7000000000000002 59.81600228436968
1.012 1.76 81.93148527799667
1.012 1.82 102.04795463675745
1.012 1.8800000000000001 93.17968115650092
1.012 1.94 93.54637357486143
1.012 2.0 86.49367234722479
1.012 2.06 80.6331878507997
1.012 2.12 53.70422483043296
1.012 2.18 30.701465442526324
1.012 2.2399999999999998 12.32070985977996
1.012 2.3000000000000003 4.13545537081302
1.012 2.36 0.8457769263609541
1.012 2.4200000000000004 0.12368744892869996
1.012 2.48 0.017002329237099836
1.012 2.5400000000000005 0.0
1.012 2.5999999999999996 0.0
1.012 2.66 0.0
1.012 2.7199999999999998 0.0
1.012 2.7800000000000002 0.0
1.012 2.84 0.0
1.012 2.9000000000000004 0.0
1.012 2.9599999999999995 0.0
1.012 3.02 0.0
1.012 3.0799999999999996 0.0
1.012 3.14 0.0
1.012 3.1999999999999997 0.0
1.012 3.2600000000000002 0.0
1.012 3.3200000000000003 0.0
1.012 3.38 0.0
1.012 3.4399999999999995 0.0
1.012 3.5 0.0
1.014 0.5 0.0
1.014 0.56 0.0
1.014 0.62 0.0
1.014 0.6799999999999999 0.0
1.014 0.74 0.0
1.014 0.8 0.0
1.014 0.86 0.0
1.014 0.92 0.0
1.014 0.98 0.0
1.014 1.04 0.0
1.014 1.1 0.0
1.014 1.1600000000000001 0.15553466638811483
1.014 1.22 -0.013980148967043545
1.014 1.28 0.9014251583689131
1.014 1.34 1.1198425337169196
1.014 1.4 6.708396055246851
1.014 1.46 9.399839074886202
1.014 1.52 18.63819790088664
1.014 1.58 24.8774793127749
1.014 1.6400000000000001 59.21609300547399
1.014 1.7000000000000002 73.8456510723346
1.014 1.76 79.70538270277311
1.014 1.82 72.7192158086216
1.014 1.8800000000000001 97.1027016135551
1.014 1.94 105.26154743581782
1.014 2.0 91.60964278113406
1.014 2.06 73.32748581398081
1.014 2.12 51.68997395877158
1.014 2.18 30.46801434836672
1.014 2.2399999999999998 15.466922149768575
1.014 2.3000000000000003 4.3295152276499795
1.014 2.36 1.1407597919193706
1.014 2.4200000000000004 0.2575537460620796
1.014 2.48 0.05421464031645903
1.014 2.5400000000000005 0.0
1.014 2.5999999999999996 0.0
1.014 2.66 0.0
1.014 2.7199999999999998 0.0
1.014 2.7800000000000002 0.0
1.014 2.84 0.0
1.014 2.9000000000000004 0.0
1.014 2.9599999999999995 0.0
1.014 3.02 0.0
1.014 3.0799999999999996 0.0
1.014 3.14 0.0
1.014 3.1999999999999997 0.0
1.014 3.2600000000000002 0.0
1.014 3.3200000000000003 0.0
1.014 3.38 0.0
1.014 3.4399999999999995 0.0
1.014 3.5 0.0
1.016 0.5 0.0
1.016 0.56 0.0
1.016 0.62 0.0
1.016 0.6799999999999999 0.0
1.016 0.74 0.0
1.016 0.8 0.0
1.016 0.86 0.0
1.016 0.92 0.0
1.016 0.98 0.0
1.016 1.04 0.0
1.016 1.1 0.0
1.016 1.1600000000000001 0.023330707134898442
1.016 1.22 0.1261867054433141
1.016 1.28 0.5764974488496929
1.016 1.34 1.5376995986472144
1.016 1.4 1.5013111708532278
1.016 1.46 9.132537886552388
1.016 1.52 15.753363212817334
1.016 1.58 36.16019400903819
1.016 1.6400000000000001 30.090238939006184
1.016 1.7000000000000002 48.17825701499065
1.016 1.76 63.582560720949125
1.016 1.82 83.73940997908822
1.016 1.8800000000000001 68.90796519409041
1.016 1.94 68.43686012302501
1.016 2.0 63.20273797312272
1.016 2.06 63.72862188918961
1.016 2.12 42.74008709471002
1.016 2.18 24.967431523018234
1.016 2.2399999999999998 11.32920002013541
1.016 2.3000000000000003 4.23021950575954
1.016 2.36 0.7874717031478412
1.016 2.4200000000000004 0.07456173767290941
1.016 2.48 -0.005209609253059812
1.016 2.5400000000000005 0.0
1.016 2.5999999999999996 0.0
1.016 2.66 0.0
1.016 2.7199999999999998 0.0
1.016 2.7800000000000002 0.0
1.016 2.84 0.0
1.016 2.9000000000000004 0.0
1.016 2.9599999999999995 0.0
1.016 3.02 0.0
1.016 3.0799999999999996 0.0
1.016 3.14 0.0
1.016 3.1999999999999997 0.0
1.016 3.2600000000000002 0.0
1.016 3.3200000000000003 0.0
1.016 3.38 0.0
1.016 3.4399999999999995 0.0
1.016 3.5 0.0
1.018 0.5 0.0
1.018 0.56 0.0
1.018 0.62 0.0
1.018 0.6799999999999999 0.0
1.018 0.74 0.0
1.018 0.8 0.0
1.018 0.86 0.0
1.018 0.92 0.0
1.018 0.98 0.0
1.018 1.04 0.0
1.018 1.1 0.0
1.018 1.1600000000000001 0.12245919861777398
1.018 1.22 -0.035339696870287825
1.018 1.28 0.6149021261581934
1.018 1.34 0.5094443541273186
1.018 1.4 2.30212888139398
1.018 1.46 4.835716921227732
1.018 1.52 16.337066680366977
1.018 1.58 19.588562953869012
1.018 1.6400000000000001 48.4344377178586
1.018 1.7000000000000002 45.73417560931411
1.018 1.76 53.41444926923584
1.018 1.82 50.0381673779442
1.018 1.8800000000000001 65.46824871474318
1.018 1.94 60.32109840137281
1.018 2.0 52.12138979938513
1.018 2.06 39.29323163700972
1.018 2.12 33.685556252635784
1.018 2.18 20.82945834891488
1.018 2.2399999999999998 11.82319390213738
1.018 2.3000000000000003 4.787351610818375
1.018 2.36 1.0648577103429784
1.018 2.4200000000000004 0.14566435928097024
1.018 2.48 0.025454187551095304
1.018 2.5400000000000005 0.0
1.018 2.5999999999999996 0.0
1.018 2.66 0.0
1.018 2.7199999999999998 0.0
1.018 2.7800000000000002 0.0
1.018 2.84 0.0
1.018 2.9000000000000004 0.0
1.018 2.9599999999999995 0.0
1.018 3.02 0.0
1.018 3.0799999999999996 0.0
1.018 3.14 0.0
1.018 3.1999999999999997 0.0
1.018 3.2600000000000002 0.0
1.018 3.3200000000000003 0.0
1.018 3.38 0.0
1.018 3.4399999999999995 0.0
1.018 3.5 0.0
1.02 0.5 0.0
1.02 0.56 0.0
1.02 0.62 0.0
1.02 0.6799999999999999 0.0
1.02 0.74 0.0
1.02 0.8 0.0
1.02 0.86 0.0
1.02 0.92 0.0
1.02 0.98 0.0
1.02 1.04 0.0
1.02 1.1 0.0
1.02 1.1600000000000001 0.036139866738382175
1.02 1.22 0.014152640038959042
1.02 1.28 0.1413787878705424
1.02 1.34 0.09496166921668571
1.02 1.4 1.1087650574807126
1.02 1.46 4.652989432740818
1.02 1.52 6.6847966061732444
1.02 1.58 19.183602580632098
1.02 1.6400000000000001 14.085264263576196
1.02 1.7000000000000002 33.12483030951513
1.02 1.76 34.86402994122558
1.02 1.82 38.75928339394977
1.02 1.8800000000000001 30.556557156044985
1.02 1.94 35.39972392336901
1.02 2.0 32.17772351869049
1.02 2.06 30.021631929288
1.02 2.12 17.017954641224254
1.02 2.18 11.84851540296623
1.02 2.2399999999999998 5.763493062229547
1.02 2.3000000000000003 2.0051211446703268
1.02 2.36 0.37309666614553416
1.02 2.4200000000000004 0.14867135825056865
1.02 2.48 0.03584587867997009
1.02 2.5400000000000005 0.0
1.02 2.5999999999999996 0.0
1.02 2.66 0.0
1.02 2.7199999999999998 0.0
1.02 2.7800000000000002 0.0
1.02 2.84 0.0
1.02 2.9000000000000004 0.0
1.02 2.9599999999999995 0.0
1.02 3.02 0.0
1.02 3.0799999999999996 0.0
1.02 3.14 0.0
1.02 3.1999999999999997 0.0
1.02 3.2600000000000002 0.0
1.02 3.3200000000000003 0.0
1.02 3.38 0.0
1.02 3.4399999999999995 0.0
1.02 3.5 0.0
1.022 0.5 0.0
1.022 0.56 0.0
1.022 0.62 0.0
1.022 0.6799999999999999 0.0
1.022 0.74 0.0
1.022 0.8 0.0
1.022 0.86 0.0
1.022 0.92 0.0
1.022 0.98 0.0
1.022 1.04 0.0
1.022 1.1 0.0
1.022 1.1600000000000001 0.06880110141187573
1.022 1.22 -0.09683330134412019
1.022 1.28 0.10750323787341619
1.022 1.34 -0.21791761183376002
1.022 1.4 1.1265594275170223
1.022 1.46 3.822717602643432
1.022 1.52 7.955680071974271
1.022 1.58 10.265803519424459
1.022 1.6400000000000001 22.62641660349972
1.022 1.7000000000000002 15.220972807608526
1.022 1.76 22.45495301842563
1.022 1.82 27.636898205122918
1.022 1.8800000000000001 27.859791353525004
1.022 1.94 22.542227471777082
1.022 2.0 9.340249745493391
1.022 2.06 6.524095291573255
1.022 2.12 5.8073299322028
1.022 2.18 4.589702936965413
1.022 2.2399999999999998 2.720817447391317
1.022 2.3000000000000003 1.100117959854971
1.022 2.36 0.26800853257956536
1.022 2.4200000000000004 0.08189702880710933
1.022 2.48 0.030308263151134322
1.022 2.5400000000000005 0.0
1.022 2.5999999999999996 0.0
1.022 2.66 0.0
1.022 2.7199999999999998 0.0
1.022 2.7800000000000002 0.0
1.022 2.84 0.0
1.022 2.9000000000000004 0.0
1.022 2.9599999999999995 0.0
1.022 3.02 0.0
1.022 3.0799999999999996 0.0
1.022 3.14 0.0
1.022 3.1999999999999997 0.0
1.022 3.2600000000000002 0.0
1.022 3.3200000000000003 0.0
1.022 3.38 0.0
1.022 3.4399999999999995 0.0
1.022 3.5 0.0
1.024 0.5 0.0
1.024 0.56 0.0
1.024 0.62 0.0
1.024 0.6799999999999999 0.0
1.024 0.74 0.0
1.024 0.8 0.0
1.024 0.86 0.0
1.024 0.92 0.0
1.024 0.98 0.0
1.024 1.04 0.0
1.024 1.1 0.0
1.024 1.1600000000000001 0.02267732563178709
1.024 1.22 -0.0470204983599624
1.024 1.28 0.00591948883236509
1.024 1.34 0.12959525927902948
1.024 1.4 0.8906185392642505
1.024 1.46 1.0367351044259812
1.024 1.52 3.251219492377564
1.024 1.58 8.932335730714096
1.024 1.6400000000000001 8.049206085431319
1.024 1.7000000000000002 17.036179286018374
1.024 1.76 14.316524286011068
1.024 1.82 16.248063865586644
1.024 1.8800000000000001 13.989968830547626
1.024 1.94 11.772179013307191
1.024 2.0 6.755858314689339
1.024 2.06 4.697678908414519
1.024 2.12 3.1672187864169077
1.024 2.18 2.794952747039268
1.024 2.2399999999999998 0.8827162418404213
1.024 2.3000000000000003 0.4581719420388489
1.024 2.36 0.0956300035377155
1.024 2.4200000000000004 0.0291838798100061
1.024 2.48 0.006051562395419712
1.024 2.5400000000000005 0.0
1.024 2.5999999999999996 0.0
1.024 2.66 0.0
1.024 2.7199999999999998 0.0
1.024 2.7800000000000002 0.0
1.024 2.84 0.0
1.024 2.9000000000000004 0.0
1.024 2.9599999999999995 0.0
1.024 3.02 0.0
1.024 3.0799999999999996 0.0
1.024 3.14 0.0
1.024 3.1999999999999997 0.0
1.024 3.2600000000000002 0.0
1.024 3.3200000000000003 0.0
1.024 3.38 0.0
1.024 3.4399999999999995 0.0
1.024 3.5 0.0
1.026 0.5 0.0
1.026 0.56 0.0
1.026 0.62 0.0
1.026 0.6799999999999999 0.0
1.026 0.74 0.0
1.026 0.8 0.0
1.026 0.86 0.0
1.026 0.92 0.0
1.026 0.98 0.0
1.026 1.04 0.0
1.026 1.1 0.0
1.026 1.1600000000000001 0.0313697697519489
1.026 1.22 -0.02914541665839071
1.026 1.28 0.08795959461522397
1.026 1.34 -0.06868266118251994
1.026 1.4 0.07245374490977625
1.026 1.46 1.5692609111758533
1.026 1.52 1.9203464449087924
1.026 1.58 5.167010052937405
1.026 1.6400000000000001 8.682614197460374
1.026 1.7000000000000002 4.641417244093755
1.026 1.76 12.170913198580266
1.026 1.82 9.631792384827955
1.026 1.8800000000000001 5.0990078775105445
1.026 1.94 3.6779624034388245
1.026 2.0 3.8120588371659596
1.026 2.06 1.7160172730920733
1.026 2.12 3.329621491809891
1.026 2.18 1.7036475258610646
1.026 2.2399999999999998 1.2301467187202308
1.026 2.3000000000000003 0.918961433303797
1.026 2.36 0.3482538176246355
1.026 2.4200000000000004 0.08918644399622638
1.026 2.48 0.02912961344784918
1.026 2.5400000000000005 0.0
1.026 2.5999999999999996 0.0
1.026 2.66 0.0
1.026 2.7199999999999998 0.0
1.026 2.7800000000000002 0.0
1.026 2.84 0.0
1.026 2.9000000000000004 0.0
1.026 2.9599999999999995 0.0
1.026 3.02 0.0
1.026 3.0799999999999996 0.0
1.026 3.14 0.0
1.026 3.1999999999999997 0.0
1.026 3.2600000000000002 0.0
1.026 3.3200000000000003 0.0
1.026 3.38 0.0
1.026 3.4399999999999995 0.0
1.026 3.5 0.0
1.028 0.5 0.0
1.028 0.56 0.0
1.028 0.62 0.0
1.028 0.6799999999999999 0.0
1.028 0.74 0.0
1.028 0.8 0.0
1.028 0.86 0.0
1.028 0.92 0.0
1.028 0.98 0.0
1.028 1.04 0.0
1.028 1.1 0.0
1.028 1.1600000000000001 0.0026387355828371164
1.028 1.22 0.01936025889769451
1.028 1.28 0.02594627820015063
1.028 1.34 0.11730153208633114
1.028 1.4 -0.08475736615755607
1.028 1.46 0.34105210208742337
1.028 1.52 0.5060889396273751
1.028 1.58 2.8324539886950406
1.028 1.6400000000000001 1.6439259051236061
1.028 1.7000000000000002 4.918392835052421
1.028 1.76 2.7531599482802207
1.028 1.82 4.545450179547554
1.028 1.8800000000000001 3.5527969057961886
1.028 1.94 4.957432389477381
1.028 2.0 1.773551378454071
1.028 2.06 1.3276287158862425
1.028 2.12 1.945680595333689
1.028 2.18 1.995068722543802
1.028 2.2399999999999998 0.8090383825034301
1.028 2.3000000000000003 0.23361887192071662
1.028 2.36 0.06998001436543635
1.028 2.4200000000000004 0.014149638163971847
1.028 2.48 0.0029772361358592304
1.028 2.5400000000000005 0.0
1.028 2.5999999999999996 0.0
1.028 2.66 0.0
1.028 2.7199999999999998 0.0
1.028 2.7800000000000002 0.0
1.028 2.84 0.0
1.028 2.9000000000000004 0.0
1.028 2.9599999999999995 0.0
1.028 3.02 0.0
1.028 3.0799999999999996 0.0
1.028 3.14 0.0
1.028 3.1999999999999997 0.0
1.028 3.2600000000000002 0.0
1.028 3.3200000000000003 0.0
1.028 3.38 0.0
1.028 3.4399999999999995 0.0
1.028 3.5 0.0
1.03 0.5 0.0
1.03 0.56 0.0
1.03 0.62 0.0
1.03 0.6799999999999999 0.0
1.03 0.74 0.0
1.03 0.8 0.0
1.03 0.86 0.0
1.03 0.92 0.0
1.03 0.98 0.0
1.03 1.04 0.0
1.03 1.1 0.0
1.03 1.1600000000000001 0.008259647758702405
1.03 1.22 -0.02821150459092166
1.03 1.28 0.0035302917480241726
1.03 1.34 -0.11232051331875746
1.03 1.4 0.07268663926417211
1.03 1.46 0.2233297425681227
1.03 1.52 0.688270631508606
1.03 1.58 0.5508667610582585
1.03 1.6400000000000001 2.598919531436831
1.03 1.7000000000000002 1.228349654973689
1.03 1.76 2.8842567301965985
1.03 1.82 2.6074551027580566
1.03 1.8800000000000001 1.9813712362458167
1.03 1.94 2.3763037698216296
1.03 2.0 1.5635583450202204
1.03 2.06 1.4910609868945432
1.03 2.12 0.910872558352635
1.03 2.18 0.5887148617634228
1.03 2.2399999999999998 0.1902097086018549
1.03 2.3000000000000003 0.18987074137201038
1.03 2.36 -0.026290139100320166
1.03 2.4200000000000004 -0.009662579025885003
1.03 2.48 -0.0013389129627493761
1.03 2.5400000000000005 0.0
1.03 2.5999999999999996 0.0
1.03 2.66 0.0
1.03 2.7199999999999998 0.0
1.03 2.7800000000000002 0.0
1.03 2.84 0.0
1.03 2.9000000000000004 0.0
1.03 2.9599999999999995 0.0
1.03 3.02 0.0
1.03 3.0799999999999996 0.0
1.03 3.14 0.0
1.03 3.1999999999999997 0.0
1.03 3.2600000000000002 0.0
1.03 3.3200000000000003 0.0
1.03 3.38 0.0
1.03 3.4399999999999995 0.0
1.03 3.5 0.0
1.032 0.5 0.0
1.032 0.56 0.0
1.032 0.62 0.0
1.032 0.6799999999999999 0.0
1.032 0.74 0.0
1.032 0.8 0.0
1.032 0.86 0.0
1.032 0.92 0.0
1.032 0.98 0.0
1.032 1.04 0.0
1.032 1.1 0.0
1.032 1.1600000000000001 0.002374214399755584
1.032 1.22 6.567227939703702e-5
1.032 1.28 0.005051474565024534
1.032 1.34 0.01258747352361711
1.032 1.4 0.045932820466227625
1.032 1.46 0.050336509187639385
1.032 1.52 0.09422793240615035
1.032 1.58 0.3688081733786914
1.032 1.6400000000000001 0.6194701748035292
1.032 1.7000000000000002 1.318043080746844
1.032 1.76 0.5896499810763044
1.032 1.82 1.9080531196515904
1.032 1.8800000000000001 0.8547018033551469
1.032 1.94 0.8288938203744122
1.032 2.0 0.5432087439543056
1.032 2.06 0.48319494724395085
1.032 2.12 0.3622939814782494
1.032 2.18 0.30949352712949946
1.032 2.2399999999999998 -0.023409178303700876
1.032 2.3000000000000003 -0.0009085377626060903
1.032 2.36 -0.016155595466369622
1.032 2.4200000000000004 -0.0006176671534934709
1.032 2.48 -0.0004055379516856529
1.032 2.5400000000000005 0.0
1.032 2.5999999999999996 0.0
1.032 2.66 0.0
1.032 2.7199999999999998 0.0
1.032 2.7800000000000002 0.0
1.032 2.84 0.0
1.032 2.9000000000000004 0.0
1.032 2.9599999999999995 0.0
1.032 3.02 0.0
1.032 3.0799999999999996 0.0
1.032 3.14 0.0
1.032 3.1999999999999997 0.0
1.032 3.2600000000000002 0.0
1.032 3.3200000000000003 0.0
1.032 3.38 0.0
1.032 3.4399999999999995 0.0
1.032 3.5 0.0
1.034 0.5 0.0
1.034 0.56 0.0
1.034 0.62 0.0
1.034 0.6799999999999999 0.0
1.034 0.74 0.0
1.034 0.8 0.0
1.034 0.86 0.0
1.034 0.92 0.0
1.034 0.98 0.0
1.034 1.04 0.0
1.034 1.1 0.0
1.034 1.1600000000000001 0.0007606627357411208
1.034 1.22 -0.00323857040768635
1.034 1.28 0.0009760806277158865
1.034 1.34 -0.00785219596156088
1.034 1.4 0.015452341557534706
1.034 1.46 0.042013494732213524
1.034 1.52 0.09119664773428049
1.034 1.58 0.05439912328835453
1.034 1.6400000000000001 0.2901399308921365
1.034 1.7000000000000002 0.29229018001642704
1.034 1.76 0.3270958737468595
1.034 1.82 0.4480910307136618
1.034 1.8800000000000001 0.29264913514758584
1.034 1.94 0.6385146423977557
1.034 2.0 0.2411287184315707
1.034 2.06 0.1379894010829099
1.034 2.12 0.09422451870068124
1.034 2.18 0.05325231543653424
1.034 2.2399999999999998 0.016920857087324485
1.034 2.3000000000000003 0.005975200788993239
1.034 2.36 0.002178750985328052
1.034 2.4200000000000004 0.00039388461532650324
1.034 2.48 0.0001475841586098279
1.034 2.5400000000000005 0.0
1.034 2.5999999999999996 0.0
1.034 2.66 0.0
1.034 2.7199999999999998 0.0
1.034 2.7800000000000002 0.0
1.034 2.84 0.0
1.034 2.9000000000000004 0.0
1.034 2.9599999999999995 0.0
1.034 3.02 0.0
1.034 3.0799999999999996 0.0
1.034 3.14 0.0
1.034 3.1999999999999997 0.0
1.034 3.2600000000000002 0.0
1.034 3.3200000000000003 0.0
1.034 3.38 0.0
1.034 3.4399999999999995 0.0
1.034 3.5 0.0
1.036 0.5 0.0
1.036 0.56 0.0
1.036 0.62 0.0
1.036 0.6799999999999999 0.0
1.036 0.74 0.0
1.036 0.8 0.0
1.036 0.86 0.0
1.036 0.92 0.0
1.036 0.98 0.0
1.036 1.04 0.0
1.036 1.1 0.0
1.036 1.1600000000000001 0.00039596692848825425
1.036 1.22 -0.0006294291498896115
1.036 1.28 0.0003723723991863172
1.036 1.34 -0.0034637567300935482
1.036 1.4 0.003598628929300281
1.036 1.46 -0.0024414012444029577
1.036 1.52 0.02617250376828894
1.036 1.58 0.04170094448549794
1.036 1.6400000000000001 0.1507861620372235
1.036 1.7000000000000002 0.2085202619565434
1.036 1.76 0.05510620844680435
1.036 1.82 0.1956023865216147
1.036 1.8800000000000001 0.15060030801859062
1.036 1.94 0.13613161612841893
1.036 2.0 0.0533745988184157
1.036 2.06 0.08886700983731739
1.036 2.12 0.06593158119129566
1.036 2.18 0.07536621558386404
1.036 2.2399999999999998 0.016694669483795128
1.036 2.3000000000000003 0.008742186106487354
1.036 2.36 -0.0026395713768328495
1.036 2.4200000000000004 0.0
1.036 2.48 0.0
1.036 2.5400000000000005 0.0
1.036 2.5999999999999996 0.0
1.036 2.66 0.0
1.036 2.7199999999999998 0.0
1.036 2.7800000000000002 0.0
1.036 2.84 0.0
1.036 2.9000000000000004 0.0
1.036 2.9599999999999995 0.0
1.036 3.02 0.0
1.036 3.0799999999999996 0.0
1.036 3.14 0.0
1.036 3.1999999999999997 0.0
1.036 3.2600000000000002 0.0
1.036 3.3200000000000003 0.0
1.036 3.38 0.0
1.036 3.4399999999999995 0.0
1.036 3.5 0.0
1.038 0.5 0.0
1.038 0.56 0.0
1.038 0.62 0.0
1.038 0.6799999999999999 0.0
1.038 0.74 0.0
1.038 0.8 0.0
1.038 0.86 0.0
1.038 0.92 0.0
1.038 0.98 0.0
1.038 1.04 0.0
1.038 1.1 0.0
1.038 1.1600000000000001 1.745685610318327e-5
1.038 1.22 -0.0001468281170771013
1.038 1.28 0.00010381142229729036
1.038 1.34 -0.0006767448456672525
1.038 1.4 0.0006293427460638339
1.038 1.46 0.0026538289192044313
1.038 1.52 0.003939283652290472
1.038 1.58 0.006795451647134481
1.038 1.6400000000000001 0.011320814504731411
1.038 1.7000000000000002 0.020216944838422946
1.038 1.76 0.030164766254797054
1.038 1.82 0.0728898860244467
1.038 1.8800000000000001 0.03260274371766968
1.038 1.94 0.02659034208335296
1.038 2.0 0.017701932860367108
1.038 2.06 0.012265652592827705
1.038 2.12 0.00932969522102745
1.038 2.18 0.011112566933525704
1.038 2.2399999999999998 0.003679564542211357
1.038 2.3000000000000003 0.0019750990008164035
1.038 2.36 2.72753072624126e-5
1.038 2.4200000000000004 0.0
1.038 2.48 0.0
1.038 2.5400000000000005 0.0
1.038 2.5999999999999996 0.0
1.038 2.66 0.0
1.038 2.7199999999999998 0.0
1.038 2.7800000000000002 0.0
1.038 2.84 0.0
1.038 2.9000000000000004 0.0
1.038 2.9599999999999995 0.0
1.038 3.02 0.0
1.038 3.0799999999999996 0.0
1.038 3.14 0.0
1.038 3.1999999999999997 0.0
1.038 3.2600000000000002 0.0
1.038 3.3200000000000003 0.0
1.038 3.38 0.0
1.038 3.4399999999999995 0.0
1.038 3.5 0.0
1.04 0.5 0.0
1.04 0.56 0.0
1.04 0.62 0.0
1.04 0.6799999999999999 0.0
1.04 0.74 0.0
1.04 0.8 0.0
1.04 0.86 0.0
1.04 0.92 0.0
1.04 0.98 0.0
1.04 1.04 0.0
1.04 1.1 0.0
1.04 1.1600000000000001 8.164848631138882e-6
1.04 1.22 -2.5355978875544438e-5
1.04 1.28 -8.842950088687914e-7
1.04 1.34 -0.0003613970182208197
1.04 1.4 -0.0005248813138531001
1.04 1.46 -0.0003601704834870062
1.04 1.52 0.002455403266448787
1.04 1.58 -0.0012633395768085161
1.04 1.6400000000000001 0.03342017152390145
1.04 1.7000000000000002 0.00536153593233101
1.04 1.76 0.0162888817672527
1.04 1.82 0.020996256520866882
1.04 1.8800000000000001 0.011444698327842565
1.04 1.94 0.005015202789313538
1.04 2.0 0.011220335857038362
1.04 2.06 0.015265745528454595
1.04 2.12 0.009450445146654782
1.04 2.18 0.010153587425925972
1.04 2.2399999999999998 0.0003206731133217876
1.04 2.3000000000000003 0.00035458677599474697
1.04 2.36 -0.0009504959143261819
1.04 2.4200000000000004 0.0
1.04 2.48 0.0
1.04 2.5400000000000005 0.0
1.04 2.5999999999999996 0.0
1.04 2.66 0.0
1.04 2.7199999999999998 0.0
1.04 2.7800000000000002 0.0
1.04 2.84 0.0
1.04 2.9000000000000004 0.0
1.04 2.9599999999999995 0.0
1.04 3.02 0.0
1.04 3.0799999999999996 0.0
1.04 3.14 0.0
1.04 3.1999999999999997 0.0
1.04 3.2600000000000002 0.0
1.04 3.3200000000000003 0.0
1.04 3.38 0.0
1.04 3.4399999999999995 0.0
1.04 3.5 0.0
1.042 0.5 0.0
1.042 0.56 0.0
1.042 0.62 0.0
1.042 0.6799999999999999 0.0
1.042 0.74 0.0
1.042 0.8 0.0
1.042 0.86 0.0
1.042 0.92 0.0
1.042 0.98 0.0
1.042 1.04 0.0
1.042 1.1 0.0
1.042 1.1600000000000001 6.526847305704314e-7
1.042 1.22 -8.888836892643537e-6
1.042 1.28 8.216710134811873e-6
1.042 1.34 -4.423962721537337e-5
1.042 1.4 1.020647970351647e-5
1.042 1.46 5.376738371743462e-5
1.042 1.52 0.00011482460705112983
1.042 1.58 -6.610608205900199e-5
1.042 1.6400000000000001 0.0009960360022681616
1.042 1.7000000000000002 0.0006940090624429941
1.042 1.76 0.002299686487871622
1.042 1.82 0.0007134270314909526
1.042 1.8800000000000001 6.771108459016442e-5
1.042 1.94 0.0008082916223603556
1.042 2.0 0.0010461261040432494
1.042 2.06 0.0006983703185167382
1.042 2.12 0.0005579380639559964
1.042 2.18 0.0007073717216555845
1.042 2.2399999999999998 0.0001890148734440596
1.042 2.3000000000000003 9.50989928397892e-5
1.042 2.36 4.254472574026495e-6
1.042 2.4200000000000004 0.0
1.042 2.48 0.0
1.042 2.5400000000000005 0.0
1.042 2.5999999999999996 0.0
1.042 2.66 0.0
1.042 2.7199999999999998 0.0
1.042 2.7800000000000002 0.0
1.042 2.84 0.0
1.042 2.9000000000000004 0.0
1.042 2.9599999999999995 0.0
1.042 3.02 0.0
1.042 3.0799999999999996 0.0
1.042 3.14 0.0
1.042 3.1999999999999997 0.0
1.042 3.2600000000000002 0.0
1.042 3.3200000000000003 0.0
1.042 3.38 0.0
1.042 3.4399999999999995 0.0
1.042 3.5 0.0
1.044 0.5 0.0
1.044 0.56 0.0
1.044 0.62 0.0
1.044 0.6799999999999999 0.0
1.044 0.74 0.0
1.044 0.8 0.0
1.044 0.86 0.0
1.044 0.92 0.0
1.044 0.98 0.0
1.044 1.04 0.0
1.044 1.1 0.0
1.044 1.1600000000000001 1.9845332088019244e-9
1.044 1.22 -3.752625814842762e-8
1.044 1.28 8.037987764973742e-7
1.044 1.34 -1.7865839268754519e-6
1.044 1.4 1.3291902744860954e-5
1.044 1.46 -1.2098613456197695e-5
1.044 1.52 1.2129494427756344e-5
1.044 1.58 5.9135010028343955e-5
1.044 1.6400000000000001 1.0946610111288346e-5
1.044 1.7000000000000002 0.0005860568066847935
1.044 1.76 7.366689191855014e-6
1.044 1.82 0.00014714861273565507
1.044 1.8800000000000001 -9.880608825975774e-5
1.044 1.94 5.588340985535364e-5
1.044 2.0 5.3270941846432574e-5
1.044 2.06 0.00015019496280036432
1.044 2.12 0.00011422994389961516
1.044 2.18 0.00015743950717560573
1.044 2.2399999999999998 2.8337876178448415e-5
1.044 2.3000000000000003 1.3662455545604538e-5
1.044 2.36 -3.6482815022330517e-6
1.044 2.4200000000000004 0.0
1.044 2.48 0.0
1.044 2.5400000000000005 0.0
1.044 2.5999999999999996 0.0
1.044 2.66 0.0
1.044 2.7199999999999998 0.0
1.044 2.7800000000000002 0.0
1.044 2.84 0.0
1.044 2.9000000000000004 0.0
1.044 2.9599999999999995 0.0
1.044 3.02 0.0
1.044 3.0799999999999996 0.0
1.044 3.14 0.0
1.044 3.1999999999999997 0.0
1.044 3.2600000000000002 0.0
1.044 3.3200000000000003 0.0
1.044 3.38 0.0
1.044 3.4399999999999995 0.0
1.044 3.5 0.0
1.046 0.5 0.0
1.046 0.56 0.0
1.046 0.62 0.0
1.046 0.6799999999999999 0.0
1.046 0.74 0.0
1.046 0.8 0.0
1.046 0.86 0.0
1.046 0.92 0.0
1.046 0.98 0.0
1.046 1.04 0.0
1.046 1.1 0.0
1.046 1.1600000000000001 -3.1287014725468828e-9
1.046 1.22 1.7028163766805518e-8
1.046 1.28 -1.1218163941461149e-7
1.046 1.34 3.396283667955559e-7
1.046 1.4 1.4707369163001711e-8
1.046 1.46 1.9728121399725112e-6
1.046 1.52 1.0546795964809058e-6
1.046 1.58 -2.5743526493863156e-6
1.046 1.6400000000000001 1.5561424592418546e-6
1.046 1.7000000000000002 3.7511707367326834e-6
1.046 1.76 -8.787655235641221e-7
1.046 1.82 4.3161054951205325e-5
1.046 1.8800000000000001 1.857569771647969e-5
1.046 1.94 3.97959559713888e-6
1.046 2.0 1.9406675222247798e-5
1.046 2.06 1.3980390029359871e-5
1.046 2.12 7.364425616389127e-6
1.046 2.18 2.5818147936909296e-6
1.046 2.2399999999999998 -6.680503239687879e-6
1.046 2.3000000000000003 -3.4760178377168208e-6
1.046 2.36 -1.9205124867668395e-6
1.046 2.4200000000000004 0.0
1.046 2.48 0.0
1.046 2.5400000000000005 0.0
1.046 2.5999999999999996 0.0
1.046 2.66 0.0
1.046 2.7199999999999998 0.0
1.046 2.7800000000000002 0.0
1.046 2.84 0.0
1.046 2.9000000000000004 0.0
1.046 2.9599999999999995 0.0
1.046 3.02 0.0
1.046 3.0799999999999996 0.0
1.046 3.14 0.0
1.046 3.1999999999999997 0.0
1.046 3.2600000000000002 0.0
1.046 3.3200000000000003 0.0
1.046 3.38 0.0
1.046 3.4399999999999995 0.0
1.046 3.5 0.0
1.048 0.5 0.0
1.048 0.56 0.0
1.048 0.62 0.0
1.048 0.6799999999999999 0.0
1.048 0.74 0.0
1.048 0.8 0.0
1.048 0.86 0.0
1.048 0.92 0.0
1.048 0.98 0.0
1.048 1.04 0.0
1.048 1.1 0.0
1.048 1.1600000000000001 -3.935150223582895e-11
1.048 1.22 1.7516523406961824e-10
1.048 1.28 -3.3449837488457613e-10
1.048 1.34 1.952886152640785e-9
1.048 1.4 1.8724106586414106e-9
1.048 1.46 1.1395854831950632e-8
1.048 1.52 6.370516196388469e-9
1.048 1.58 -1.3431114604053921e-8
1.048 1.6400000000000001 1.0266797094461533e-7
1.048 1.7000000000000002 -2.1428232676598673e-9
1.048 1.76 2.2404880748749425e-9
1.048 1.82 1.846914519457374e-7
1.048 1.8800000000000001 6.671798604716217e-7
1.048 1.94 4.984460819249032e-7
1.048 2.0 7.125805118746056e-8
1.048 2.06 6.988608391678042e-8
1.048 2.12 3.815705707671562e-8
1.048 2.18 2.4036264490171454e-8
1.048 2.2399999999999998 -1.4747857583888308e-8
1.048 2.3000000000000003 -5.473320681233223e-9
1.048 2.36 -3.1400552583517963e-9
1.048 2.4200000000000004 0.0
1.048 2.48 0.0
1.048 2.5400000000000005 0.0
1.048 2.5999999999999996 0.0
1.048 2.66 0.0
1.048 2.7199999999999998 0.0
1.048 2.7800000000000002 0.0
1.048 2.84 0.0
1.048 2.9000000000000004 0.0
1.048 2.9599999999999995 0.0
1.048 3.02 0.0
1.048 3.0799999999999996 0.0
1.048 3.14 0.0
1.048 3.1999999999999997 0.0
1.048 3.2600000000000002 0.0
1.048 3.3200000000000003 0.0
1.048 3.38 0.0
1.048 3.4399999999999995 0.0
1.048 3.5 0.0
1.05 0.5 0.0
1.05 0.56 0.0
1.05 0.62 0.0
1.05 0.6799999999999999 0.0
1.05 0.74 0.0
1.05 0.8 0.0
1.05 0.86 0.0
1.05 0.92 0.0
1.05 0.98 0.0
1.05 1.04 0.0
1.05 1.1 0.0
1.05 1.1600000000000001 0.0
1.05 1.22 0.0
1.05 1.28 0.0
1.05 1.34 0.0
1.05 1.4 0.0
1.05 1.46 0.0
1.05 1.52 0.0
1.05 1.58 0.0
1.05 1.6400000000000001 0.0
1.05 1.7000000000000002 0.0
1.05 1.76 0.0
1.05 1.82 0.0
1.05 1.8800000000000001 0.0
1.05 1.94 0.0
1.05 2.0 0.0
1.05 2.06 0.0
1.05 2.12 0.0
1.05 2.18 0.0
1.05 2.2399999999999998 0.0
1.05 2.3000000000000003 0.0
1.05 2.36 0.0
1.05 2.4200000000000004 0.0
1.05 2.48 0.0
1.05 2.5400000000000005 0.0
1.05 2.5999999999999996 0.0
1.05 2.66 0.0
1.05 2.7199999999999998 0.0
1.05 2.7800000000000002 0.0
1.05 2.84 0.0
1.05 2.9000000000000004 0.0
1.05 2.9599999999999995 0.0
1.05 3.02 0.0
1.05 3.0799999999999996 0.0
1.05 3.14 0.0
1.05 3.1999999999999997 0.0
1.05 3.2600000000000002 0.0
1.05 3.3200000000000003 0.0
1.05 3.38 0.0
1.05 3.4399999999999995 0.0
1.05 3.5 0.0
