8.34 8.34 -1.2428899773446134e-36
8.34 8.83 1.1053259532825081e-42
8.34 9.32 1.1629271157464665e-40
8.34 9.81 2.6322109307118645e-39
8.34 10.3 7.276477024686138e-41
8.34 10.79 1.0820011454385899e-43
8.34 11.28 6.734962074357375e-38
8.34 13.73 1.677909273674982e-37
8.34 14.220000000000002 5.659094777457573e-23
8.34 14.709999999999999 9.153752128955679e-19
8.34 15.2 1.5993728536316707e-17
8.34 15.69 2.218786983834104e-15
8.34 16.18 1.9597965160402782e-13
8.34 16.67 1.0443919598591245e-13
8.34 17.16 1.6432586503009863e-21
8.34 17.65 3.959377965816603e-16
8.34 18.14 1.1411184492822901e-18
8.34 18.63 3.855850230161338e-17
8.34 19.12 1.3023262375494408e-18
8.34 19.61 9.648821634523953e-18
8.34 20.1 4.635771408815266e-19
8.34 20.59 2.782031876277539e-21
8.34 21.08 1.695240862591321e-22
8.34 21.57 1.3999334283809884e-27
8.83 8.34 7.151991651465809e-36
8.83 8.83 5.7525129958494215e-33
8.83 9.32 1.930579480689986e-30
8.83 9.81 6.555539818130921e-29
8.83 10.3 4.792876743138236e-30
8.83 10.79 7.189435668154804e-33
8.83 11.28 3.305109574405204e-28
8.83 13.73 6.964014216100536e-15
8.83 14.220000000000002 4.138132260195694e-10
8.83 14.709999999999999 1.910400366972541e-7
8.83 15.2 3.4515452612124265e-7
8.83 15.69 2.1106703605662327e-6
8.83 16.18 9.136872040400536e-6
8.83 16.67 5.353980032489798e-6
8.83 17.16 9.216665089866701e-8
8.83 17.65 2.687444459170953e-8
8.83 18.14 2.4028340994478207e-9
8.83 18.63 1.173624473483312e-8
8.83 19.12 9.246550669494153e-11
8.83 19.61 1.5237170124679333e-13
8.83 20.1 4.246501081867341e-15
8.83 20.59 1.202990013769248e-19
8.83 21.08 9.608169077472946e-24
8.83 21.57 1.1722901242545506e-27
9.32 8.34 -2.9061225372960917e-25
9.32 8.83 -2.2845151800194497e-27
9.32 9.32 -7.964830142568572e-26
9.32 9.81 -1.9446124453950917e-24
9.32 10.3 8.620683636362787e-27
9.32 10.79 -1.1154445023057818e-29
9.32 11.28 -2.7011666673681596e-25
9.32 13.73 2.3131115449455297e-8
9.32 14.220000000000002 6.360394863298703e-5
9.32 14.709999999999999 0.0017869496562110388
9.32 15.2 0.004511861535228879
9.32 15.69 0.01205263758871557
9.32 16.18 0.008765542030958456
9.32 16.67 0.001302464644549527
9.32 17.16 0.00028860390369417024
9.32 17.65 2.3284271848761617e-5
9.32 18.14 -3.8727163868486666e-8
9.32 18.63 -1.4587608754235189e-9
9.32 19.12 4.246044775936031e-12
9.32 19.61 2.853918297063466e-12
9.32 20.1 2.0978145798158858e-16
9.32 20.59 1.8801964710227327e-18
9.32 21.08 2.836776838018234e-23
9.32 21.57 3.1809242208648507e-25
9.81 8.34 -1.3618587914845758e-25
9.81 8.83 2.0618155636959525e-27
9.81 9.32 8.312992446807892e-25
9.81 9.81 1.8656741636456845e-23
9.81 10.3 7.957429684654646e-25
9.81 10.79 7.227217597140172e-28
9.81 11.28 -1.264723877089635e-22
9.81 13.73 4.212261474125794e-6
9.81 14.220000000000002 0.002584295422273702
9.81 14.709999999999999 0.05361747525211301
9.81 15.2 0.46656982485826554
9.81 15.69 0.5085157510022713
9.81 16.18 0.1725431229712528
9.81 16.67 0.022497704123646423
9.81 17.16 0.0007608932757243005
9.81 17.65 2.971200622053534e-6
9.81 18.14 8.929389078339132e-8
9.81 18.63 2.6549450083462062e-11
9.81 19.12 2.812583845767943e-13
9.81 19.61 5.638423685680414e-17
9.81 20.1 1.1436196287246546e-20
9.81 20.59 2.112756864420523e-26
9.81 21.08 5.3668777899442135e-31
9.81 21.57 -7.38481929863943e-34
10.3 8.34 -2.063608243094924e-31
10.3 8.83 7.561802553866123e-32
10.3 9.32 3.0493611288332216e-29
10.3 9.81 6.843642010116101e-28
10.3 10.3 2.918933953206453e-29
10.3 10.79 2.651078576664307e-32
10.3 11.28 -3.383907815601617e-22
10.3 13.73 4.76442172742755e-5
10.3 14.220000000000002 0.0027798202511917776
10.3 14.709999999999999 0.022297623191115952
10.3 15.2 0.07304009272127257
10.3 15.69 0.030016491686846274
10.3 16.18 0.002215449507899875
10.3 16.67 0.00015079924473895525
10.3 17.16 4.888557320140321e-7
10.3 17.65 4.788360669718437e-9
10.3 18.14 1.0707134051402978e-10
10.3 18.63 1.166447810777622e-13
10.3 19.12 1.4593160759763954e-17
10.3 19.61 2.5214419137459683e-19
10.3 20.1 1.8053534778296734e-22
10.3 20.59 1.0250792661204308e-31
10.3 21.08 1.1478041349997853e-37
10.3 21.57 -2.9183159943923133e-38
10.79 8.34 1.3227421418913316e-37
10.79 8.83 -3.942744622433442e-37
10.79 9.32 9.60340335194702e-40
10.79 9.81 2.1552938793254967e-38
10.79 10.3 9.193208781243657e-40
10.79 10.79 8.34906469049471e-43
10.79 11.28 -2.5625563901346263e-30
10.79 13.73 2.1271586039999265e-8
10.79 14.220000000000002 1.0300480110406353e-5
10.79 14.709999999999999 2.7696687530711637e-5
10.79 15.2 5.96663136196918e-7
10.79 15.69 4.386379033975658e-6
10.79 16.18 1.9132166898487656e-7
10.79 16.67 9.895826564403904e-9
10.79 17.16 8.269239656222083e-11
10.79 17.65 2.2092233611211454e-14
10.79 18.14 1.1660320098147025e-22
10.79 18.63 9.873662279272905e-26
10.79 19.12 2.9448371531390397e-31
10.79 19.61 1.4317909755460296e-33
10.79 20.1 3.338538904485282e-36
10.79 20.59 -2.5118268487073453e-40
10.79 21.08 -1.9748036111079642e-39
10.79 21.57 -1.973772473496767e-43
12.26 8.34 5.944718603777818e-76
12.26 8.83 -3.183369589135895e-75
12.26 9.32 2.3381754859670402e-65
12.26 9.81 -1.1921936290054262e-75
12.26 10.3 1.061541907859321e-75
12.26 10.79 4.481416334650266e-65
12.26 11.28 2.4465688806096957e-54
12.26 13.73 3.284735422519986e-28
12.26 14.220000000000002 4.127059611320282e-40
12.26 14.709999999999999 4.419092919061623e-38
12.26 15.2 4.566324307460949e-33
12.26 15.69 4.224869547874197e-37
12.26 16.18 4.939062941762267e-49
12.26 16.67 2.9633115607118095e-56
12.26 17.16 8.152761580248816e-53
12.26 17.65 5.049080630433671e-48
12.26 18.14 6.495691834573544e-41
12.26 18.63 1.4576870851136658e-31
12.26 19.12 2.145578501401761e-28
12.26 19.61 6.2100061767815675e-21
12.26 20.1 5.981890890393037e-22
12.26 20.59 4.928169519383506e-25
12.26 21.08 1.097897433496607e-24
12.26 21.57 1.3840969660790874e-28
12.75 8.34 2.6720822702874484e-37
12.75 8.83 -8.179904943347023e-35
12.75 9.32 1.9966877454891383e-45
12.75 9.81 4.1952015463492566e-43
12.75 10.3 -5.865196524018688e-45
12.75 10.79 -6.090801875155879e-47
12.75 11.28 -1.2707746411665516e-43
12.75 13.73 -7.989652768732246e-40
12.75 14.220000000000002 -5.340589884881295e-37
12.75 14.709999999999999 -1.2087019076028805e-47
12.75 15.2 1.0776894811725949e-44
12.75 15.69 3.4062520749620655e-45
12.75 16.18 -1.4315926377983965e-49
12.75 16.67 -7.767931341213615e-51
12.75 17.16 1.1479324079940463e-47
12.75 17.65 1.6008452555924896e-39
12.75 18.14 3.082853824044861e-29
12.75 18.63 1.4481690170334147e-23
12.75 19.12 6.432195795545923e-17
12.75 19.61 4.3946430863578574e-17
12.75 20.1 2.0752316443685386e-12
12.75 20.59 5.333200848034584e-13
12.75 21.08 2.4423146153172876e-16
12.75 21.57 8.462415971539013e-20
13.24 8.34 -1.739552422203841e-30
13.24 8.83 1.6461949637861162e-39
13.24 9.32 1.1278918410830664e-37
13.24 9.81 2.1742756960027547e-36
13.24 10.3 4.2574018156033105e-40
13.24 10.79 -1.0338209671926829e-41
13.24 11.28 2.408460935024732e-36
13.24 13.73 -1.769561429303797e-35
13.24 14.220000000000002 -5.2987405705274255e-48
13.24 14.709999999999999 -1.4740999120165644e-47
13.24 15.2 6.46872890140564e-46
13.24 15.69 -2.2466744446606665e-48
13.24 16.18 -1.0820209308218015e-49
13.24 16.67 4.386953792764969e-51
13.24 17.16 3.958480613152797e-40
13.24 17.65 8.430820820258089e-30
13.24 18.14 2.0346089881498163e-21
13.24 18.63 6.170786247419461e-15
13.24 19.12 1.7876159809289035e-14
13.24 19.61 1.094258079820445e-16
13.24 20.1 2.6049081011249122e-11
13.24 20.59 1.9008712883612696e-9
13.24 21.08 1.0146256756599135e-11
13.24 21.57 8.834896721835877e-15
13.73 8.34 1.779385037621815e-52
13.73 8.83 7.544998417344716e-56
13.73 9.32 -3.10395749520973e-56
13.73 9.81 -7.855219384539041e-55
13.73 10.3 1.4536232547963961e-56
13.73 10.79 3.647732307958077e-62
13.73 11.28 -2.5104228174940416e-63
13.73 13.73 7.329919030580547e-54
13.73 14.220000000000002 -1.2502385120871357e-55
13.73 14.709999999999999 -7.337084783148948e-56
13.73 15.2 3.8531208621160716e-51
13.73 15.69 -9.844611312085016e-60
13.73 16.18 1.6796153035149544e-49
13.73 16.67 1.6708778032927692e-43
13.73 17.16 1.8811883558303988e-33
13.73 17.65 8.070999340939641e-22
13.73 18.14 5.1605420409872654e-15
13.73 18.63 1.1100337193372685e-12
13.73 19.12 6.020207449449386e-14
13.73 19.61 2.3336638579203557e-9
13.73 20.1 -8.700863812091304e-9
13.73 20.59 2.7788264070420372e-8
13.73 21.08 2.920846019222816e-10
13.73 21.57 1.3968231646028822e-12
14.220000000000002 8.34 2.442772839968502e-24
14.220000000000002 8.83 1.0357737307192647e-27
14.220000000000002 9.32 -4.271976949527193e-28
14.220000000000002 9.81 -1.0780643027662633e-26
14.220000000000002 10.3 1.9986849889246374e-28
14.220000000000002 10.79 -1.8319752961557388e-33
14.220000000000002 11.28 -3.446287212497647e-35
14.220000000000002 13.73 1.0062647198743317e-25
14.220000000000002 14.220000000000002 -1.716350658366326e-27
14.220000000000002 14.709999999999999 -1.0072486310657014e-27
14.220000000000002 15.2 5.2896359090852825e-23
14.220000000000002 15.69 -1.3514942642220795e-31
14.220000000000002 16.18 2.3058061541730624e-21
14.220000000000002 16.67 -1.7980746605000114e-31
14.220000000000002 17.16 2.3513146781643775e-26
14.220000000000002 17.65 2.7802295330108486e-18
14.220000000000002 18.14 1.8677941831821055e-12
14.220000000000002 18.63 4.458043749553918e-8
14.220000000000002 19.12 0.00011677850441909448
14.220000000000002 19.61 0.0036458820870519967
14.220000000000002 20.1 0.0004849482909193761
14.220000000000002 20.59 1.1039802844525228e-5
14.220000000000002 21.08 9.390755355658867e-8
14.220000000000002 21.57 2.115119970672387e-10
14.709999999999999 8.34 -1.5538820374524845e-21
14.709999999999999 8.83 -4.738763222007019e-25
14.709999999999999 9.32 -1.0440219334100218e-26
14.709999999999999 9.81 -2.2193609943931822e-25
14.709999999999999 10.3 -7.701404197998941e-28
14.709999999999999 10.79 -6.780618321134784e-30
14.709999999999999 11.28 1.4448153092397857e-29
14.709999999999999 13.73 1.4856606504754726e-24
14.709999999999999 14.220000000000002 -4.38230424925157e-25
14.709999999999999 14.709999999999999 -6.790140811036098e-27
14.709999999999999 15.2 -1.3658337397658924e-21
14.709999999999999 15.69 -3.072540928090113e-32
14.709999999999999 16.18 -9.210530690641834e-26
14.709999999999999 16.67 2.4098760530567404e-31
14.709999999999999 17.16 6.602925814114427e-22
14.709999999999999 17.65 9.108656491230488e-15
14.709999999999999 18.14 4.917386755242539e-9
14.709999999999999 18.63 1.623026541052265e-5
14.709999999999999 19.12 0.013206152198555218
14.709999999999999 19.61 0.029485470300225563
14.709999999999999 20.1 0.03916544727285109
14.709999999999999 20.59 0.000935105173780479
14.709999999999999 21.08 2.9311178455397845e-6
14.709999999999999 21.57 8.428925428209605e-9
15.2 8.34 4.061231008767461e-24
15.2 8.83 3.392792572671117e-26
15.2 9.32 1.2695666873796948e-24
15.2 9.81 3.1022508946172163e-23
15.2 10.3 -8.671343789760117e-26
15.2 10.79 -1.8145334431725586e-28
15.2 11.28 3.725957942289857e-33
15.2 13.73 -2.2275463407958555e-22
15.2 14.220000000000002 -2.1152277479228863e-25
15.2 14.709999999999999 1.8487586159839495e-26
15.2 15.2 -1.89239497544785e-30
15.2 15.69 -2.393156188090042e-40
15.2 16.18 5.393333090040268e-39
15.2 16.67 2.432192252483499e-35
15.2 17.16 7.370924677041427e-23
15.2 17.65 5.117729524170479e-15
15.2 18.14 9.654433248309e-10
15.2 18.63 8.935113478006563e-5
15.2 19.12 0.04475752768663536
15.2 19.61 0.392828380401064
15.2 20.1 0.08031279958608507
15.2 20.59 0.0055632912923671545
15.2 21.08 3.2189833308628684e-5
15.2 21.57 3.8949017600103734e-8
15.69 8.34 -4.199625530777365e-24
15.69 8.83 4.457669649410641e-26
15.69 9.32 1.7549187554229182e-24
15.69 9.81 3.6555006722418423e-23
15.69 10.3 3.238191577826536e-25
15.69 10.79 4.0678882728347426e-27
15.69 11.28 8.212724839094142e-30
15.69 13.73 -2.4886213040588565e-22
15.69 14.220000000000002 1.351002545332052e-24
15.69 14.709999999999999 8.401315882216007e-28
15.69 15.2 6.564708429852554e-21
15.69 15.69 2.08180193547753e-25
15.69 16.18 2.941930042996529e-22
15.69 16.67 4.1572890792770595e-27
15.69 17.16 1.4852438487413785e-21
15.69 17.65 3.812614436654079e-14
15.69 18.14 2.6626059006817e-9
15.69 18.63 9.095393391503307e-5
15.69 19.12 0.016455121105528075
15.69 19.61 0.3107519172626796
15.69 20.1 0.20894690564994436
15.69 20.59 0.0062249405705236535
15.69 21.08 4.939031580305319e-5
15.69 21.57 6.564673461545755e-8
16.18 8.34 -5.246312344045805e-24
16.18 8.83 -5.518828013726493e-24
16.18 9.32 -9.213080558495292e-24
16.18 9.81 2.428128184885994e-24
16.18 10.3 1.7638624081072369e-25
16.18 10.79 1.3379730528603628e-28
16.18 11.28 1.0162479610770254e-33
16.18 13.73 -6.171916708349526e-23
16.18 14.220000000000002 -3.9643508862802404e-26
16.18 14.709999999999999 5.604589724878119e-23
16.18 15.2 1.547445023506713e-22
16.18 15.69 5.128046217883812e-29
16.18 16.18 -6.162080098642362e-23
16.18 16.67 1.5053182281201708e-28
16.18 17.16 2.399513186881825e-22
16.18 17.65 1.6033388290184087e-15
16.18 18.14 2.3454501481777927e-9
16.18 18.63 3.5322580853350036e-5
16.18 19.12 0.007497634447567615
16.18 19.61 0.0984504138323902
16.18 20.1 0.0730198873448213
16.18 20.59 0.003622897567283836
16.18 21.08 1.5385163675458314e-5
16.18 21.57 1.4088733220081911e-8
16.67 8.34 2.3437596855836596e-20
16.67 8.83 -1.6673745511386536e-23
16.67 9.32 -4.65744486912687e-22
16.67 9.81 -1.5537358638224646e-20
16.67 10.3 -1.336997716011036e-22
16.67 10.79 -1.0106382794488477e-24
16.67 11.28 -1.7061147873706615e-28
16.67 13.73 9.916798397222244e-22
16.67 14.220000000000002 2.0267843110425883e-26
16.67 14.709999999999999 4.286977013906444e-25
16.67 15.2 -2.7500150666974913e-23
16.67 15.69 1.3869046485244377e-23
16.67 16.18 9.658539091205472e-24
16.67 16.67 9.65597472144504e-25
16.67 17.16 6.829123815617622e-23
16.67 17.65 1.62714937034036e-14
16.67 18.14 7.329821331637095e-10
16.67 18.63 1.3749259391533527e-6
16.67 19.12 0.0009968511644628253
16.67 19.61 0.012934508428446784
16.67 20.1 0.008778329264336056
16.67 20.59 0.00045124027825771775
16.67 21.08 5.897781006496757e-8
16.67 21.57 2.1503744636321165e-10
17.16 8.34 2.316691766156276e-28
17.16 8.83 -1.2754840870822669e-22
17.16 9.32 1.3674308168738777e-20
17.16 9.81 9.018490715159996e-21
17.16 10.3 3.4327971437045366e-22
17.16 10.79 2.1131551813213726e-25
17.16 11.28 1.664526049235981e-29
17.16 13.73 1.0653200522226945e-23
17.16 14.220000000000002 -3.604473907722321e-28
17.16 14.709999999999999 -9.616572239492884e-26
17.16 15.2 1.1078289603885535e-24
17.16 15.69 -2.957258535119159e-24
17.16 16.18 1.5529924268450408e-24
17.16 16.67 -6.103830286561597e-26
17.16 17.16 4.0436333571209076e-22
17.16 17.65 1.4620341581794485e-15
17.16 18.14 7.646751993928486e-11
17.16 18.63 1.3748768243802591e-7
17.16 19.12 2.868509788759883e-5
17.16 19.61 0.0004753405071533345
17.16 20.1 0.00037578559848797864
17.16 20.59 1.8913190223771102e-5
17.16 21.08 3.4727439875494033e-7
17.16 21.57 -3.645232992265738e-15
17.65 8.34 2.5464009978754186e-22
17.65 8.83 3.1328529674149625e-16
17.65 9.32 1.7230373571035822e-14
17.65 9.81 1.2407480717321663e-13
17.65 10.3 2.0401541210306956e-15
17.65 10.79 7.754888355779028e-20
17.65 11.28 1.8093433198018856e-24
17.65 13.73 6.345920126294475e-25
17.65 14.220000000000002 -4.254119107218079e-28
17.65 14.709999999999999 2.9542646276439885e-27
17.65 15.2 -1.5000698939201109e-25
17.65 15.69 2.3321166343183686e-26
17.65 16.18 9.09481974634766e-23
17.65 16.67 -6.4570085931857224e-27
17.65 17.16 1.0575718765843949e-23
17.65 17.65 1.1671461015981532e-17
17.65 18.14 5.309287706195256e-13
17.65 18.63 2.0470965996584615e-8
17.65 19.12 8.704914351712596e-7
17.65 19.61 3.2620421416089134e-5
17.65 20.1 5.976846026388361e-7
17.65 20.59 4.074240901241371e-8
17.65 21.08 3.2263196045236853e-10
17.65 21.57 3.792078871132475e-15
18.14 8.34 2.1908174921052363e-17
18.14 8.83 2.043921563550173e-11
18.14 9.32 1.0009209746557646e-9
18.14 9.81 2.6416420843335e-8
18.14 10.3 2.8197732010796227e-10
18.14 10.79 5.6161414134179e-13
18.14 11.28 1.7804619790182828e-18
18.14 13.73 7.552992000965787e-26
18.14 14.220000000000002 -5.063304986291532e-29
18.14 14.709999999999999 3.5161994929381787e-28
18.14 15.2 -1.7858216077317857e-26
18.14 15.69 2.7757138588714215e-27
18.14 16.18 2.296932028575253e-27
18.14 16.67 -7.685281843456677e-28
18.14 17.16 2.3525853047356887e-26
18.14 17.65 1.9931248878389576e-19
18.14 18.14 6.453572897237788e-13
18.14 18.63 1.6703457481500039e-10
18.14 19.12 8.214385752211244e-9
18.14 19.61 7.412593467203264e-8
18.14 20.1 3.204847481352719e-8
18.14 20.59 2.938167055757804e-8
18.14 21.08 1.7987292601409376e-12
18.14 21.57 6.732618918345937e-18
18.63 8.34 2.6056522370538074e-14
18.63 8.83 3.2662471686791234e-8
18.63 9.32 9.536189732652857e-6
18.63 9.81 0.00029644583608623
18.63 10.3 1.228300905373337e-5
18.63 10.79 1.1376652590427702e-8
18.63 11.28 3.7453311513718996e-15
18.63 13.73 2.742330207760087e-31
18.63 14.220000000000002 -1.8383854080304702e-34
18.63 14.709999999999999 1.276663570737537e-33
18.63 15.2 -6.484010376669648e-32
18.63 15.69 1.0404029732755017e-32
18.63 16.18 8.339731640255235e-33
18.63 16.67 2.3469967330326972e-33
18.63 17.16 3.3226904263919066e-28
18.63 17.65 1.3440967640591624e-19
18.63 18.14 4.822995844552011e-17
18.63 18.63 2.210759297335275e-12
18.63 19.12 -8.196664067282749e-10
18.63 19.61 6.398241556607065e-9
18.63 20.1 1.1973295436557697e-9
18.63 20.59 1.0465972789520788e-12
18.63 21.08 7.760492854104539e-14
18.63 21.57 4.988353153379904e-18
19.12 8.34 6.896392417986385e-13
19.12 8.83 7.089699805705748e-6
19.12 9.32 0.0023509325753791124
19.12 9.81 0.08012523302286592
19.12 10.3 0.0048677844340627675
19.12 10.79 1.3648153388200761e-6
19.12 11.28 7.865741020655121e-12
19.12 13.73 -1.7478404916142555e-26
19.12 14.220000000000002 6.118603200718264e-31
19.12 14.709999999999999 1.7385536109321827e-29
19.12 15.2 7.93887846884924e-29
19.12 15.69 4.876485831167341e-24
19.12 16.18 3.904816360221223e-28
19.12 16.67 7.684056626880223e-23
19.12 17.16 2.1649800791141716e-28
19.12 17.65 -7.12297848197243e-26
19.12 18.14 1.4350855332548559e-18
19.12 18.63 1.8953090752893155e-14
19.12 19.12 1.5986224559637397e-12
19.12 19.61 1.4127120636975513e-12
19.12 20.1 3.5275993552269067e-12
19.12 20.59 3.8797094007832545e-13
19.12 21.08 4.533113108996487e-20
19.12 21.57 6.095021595986014e-26
19.61 8.34 2.2789542173546184e-13
19.61 8.83 2.4035364914613957e-5
19.61 9.32 0.014783148577693936
19.61 9.81 0.7845193388725382
19.61 10.3 0.08115302829089847
19.61 10.79 3.148300979671406e-5
19.61 11.28 7.899981219535701e-13
19.61 13.73 -1.4552378207426077e-23
19.61 14.220000000000002 5.094299411489347e-28
19.61 14.709999999999999 1.447505606009775e-26
19.61 15.2 6.610547207678166e-26
19.61 15.69 4.060122561456445e-21
19.61 16.18 2.3230780440143687e-22
19.61 16.67 6.397683240440575e-20
19.61 17.16 3.702651489823654e-27
19.61 17.65 -1.1753207310112238e-22
19.61 18.14 1.6917323638122522e-19
19.61 18.63 4.831381238724733e-15
19.61 19.12 7.971738523565413e-14
19.61 19.61 9.629583557192463e-13
19.61 20.1 4.1001207550368535e-18
19.61 20.59 -1.7627677598345349e-22
19.61 21.08 -1.147484483691469e-25
19.61 21.57 1.7481652767638029e-28
20.1 8.34 1.3741971569436838e-16
20.1 8.83 3.147209255724222e-6
20.1 9.32 0.004543762685460058
20.1 9.81 0.3576254842754682
20.1 10.3 0.06878941748234124
20.1 10.79 3.981373070519248e-5
20.1 11.28 1.2878893956663277e-11
20.1 13.73 -3.546412939863403e-26
20.1 14.220000000000002 1.2617235251757165e-30
20.1 14.709999999999999 3.5850884865146506e-29
20.1 15.2 1.626031078689531e-28
20.1 15.69 1.0975066858188481e-23
20.1 16.18 -5.9254510091369215e-24
20.1 16.67 1.5845377714903115e-22
20.1 17.16 3.10083260042632e-19
20.1 17.65 -2.694441068220348e-25
20.1 18.14 6.818399594926457e-22
20.1 18.63 9.510836481165344e-18
20.1 19.12 4.699412044643045e-17
20.1 19.61 8.422035377431508e-18
20.1 20.1 -2.7247211139485815e-23
20.1 20.59 -3.0059014165860765e-24
20.1 21.08 1.0878993525764125e-23
20.1 21.57 8.137723895947079e-26
20.59 8.34 3.49188632266604e-21
20.59 8.83 2.2716948835047432e-8
20.59 9.32 9.152215459722786e-5
20.59 9.81 0.012596890139917652
20.59 10.3 0.006365405429892112
20.59 10.79 3.433118366112805e-7
20.59 11.28 1.6611689442641216e-11
20.59 13.73 1.0550178324232728e-25
20.59 14.220000000000002 -6.743697361799411e-35
20.59 14.709999999999999 1.3248803690343244e-35
20.59 15.2 -5.736665317371424e-30
20.59 15.69 1.6770372191155431e-22
20.59 16.18 6.269340441532707e-27
20.59 16.67 7.429914016114478e-29
20.59 17.16 -2.831568617771613e-23
20.59 17.65 1.9628071679423332e-23
20.59 18.14 3.675464459000193e-23
20.59 18.63 1.3325814192770402e-22
20.59 19.12 2.979385265645956e-19
20.59 19.61 2.02355728991681e-24
20.59 20.1 1.9479477034562024e-23
20.59 20.59 3.5734562299546275e-23
20.59 21.08 1.915251795248752e-27
20.59 21.57 9.075217814619926e-35
21.08 8.34 -1.0901787001191532e-22
21.08 8.83 1.2491732886376808e-11
21.08 9.32 1.5479939096511786e-7
21.08 9.81 5.381536109445585e-5
21.08 10.3 8.197450547380685e-5
21.08 10.79 5.902588657600761e-11
21.08 11.28 4.412752308040171e-14
21.08 13.73 -6.247426114167512e-29
21.08 14.220000000000002 7.296863956945574e-41
21.08 14.709999999999999 2.2437293188412995e-41
21.08 15.2 -8.328374098450549e-33
21.08 15.69 2.259788322612437e-31
21.08 16.18 -7.080509463762654e-32
21.08 16.67 -3.99857825674526e-32
21.08 17.16 -3.1936373612372566e-27
21.08 17.65 -6.784632478276981e-27
21.08 18.14 2.918147146137175e-26
21.08 18.63 2.55770541845682e-24
21.08 19.12 9.688121546242414e-28
21.08 19.61 9.168544461810976e-26
21.08 20.1 2.188679621557217e-26
21.08 20.59 1.8763422754724514e-29
21.08 21.08 1.5081745823033775e-34
21.08 21.57 -2.4273058773304574e-37
21.57 8.34 -4.138078719583847e-27
21.57 8.83 8.494901864418768e-15
21.57 9.32 2.0463332121209283e-11
21.57 9.81 3.8401266608122626e-8
21.57 10.3 9.928191107976066e-8
21.57 10.79 1.2793752157443725e-11
21.57 11.28 -4.3779016155352744e-18
21.57 13.73 7.264922982259106e-33
21.57 14.220000000000002 -7.29599182698949e-42
21.57 14.709999999999999 -1.618157742167794e-43
21.57 15.2 5.153156214462609e-37
21.57 15.69 -3.611412209795279e-30
21.57 16.18 -4.396165343702016e-32
21.57 16.67 -7.4934229951370505e-28
21.57 17.16 -1.3895265725303983e-32
21.57 17.65 -6.378338292105181e-32
21.57 18.14 -1.4405756221062782e-27
21.57 18.63 6.035616693923895e-28
21.57 19.12 1.0056280173813295e-32
21.57 19.61 2.636373181514124e-31
21.57 20.1 -8.603342383572172e-34
21.57 20.59 -2.0930560369916597e-33
21.57 21.08 5.0358146506993846e-36
21.57 21.57 2.2719846100442945e-42
22.06 8.34 2.183558876994665e-30
22.06 8.83 1.3314445094034376e-19
22.06 9.32 2.243166085699625e-16
22.06 9.81 2.885298661879234e-12
22.06 10.3 1.945981515925138e-11
22.06 10.79 6.976862965220472e-14
22.06 11.28 3.5286885075514287e-19
22.06 13.73 1.5331147681532382e-42
22.06 14.220000000000002 -1.5396605739504763e-51
22.06 14.709999999999999 -3.414763669327495e-53
22.06 15.2 1.0874763049706244e-46
22.06 15.69 -7.62110084925133e-40
22.06 16.18 -6.710570642527067e-48
22.06 16.67 -1.5813241201639437e-37
22.06 17.16 1.7655251786738782e-46
22.06 17.65 6.74975295810624e-39
22.06 18.14 2.7345203360156925e-36
22.06 18.63 1.3290213035168644e-39
22.06 19.12 -4.741561946180148e-37
22.06 19.61 3.7417357920042475e-36
22.06 20.1 6.984427600298448e-37
22.06 20.59 5.593802455751424e-40
22.06 21.08 4.5658056900394263e-41
22.06 21.57 2.9517700837709716e-45
