0.5 0.5 0.0
0.5 0.56 0.0
0.5 0.62 0.0
0.5 0.6799999999999999 0.0
0.5 0.74 0.0
0.5 0.8 0.0
0.5 0.86 0.0
0.5 0.92 0.0
0.5 0.98 0.0
0.5 1.04 0.0
0.5 1.1 0.0
0.5 1.1600000000000001 0.0
0.5 1.22 0.0
0.5 1.28 0.0
0.5 1.34 0.0
0.5 1.4 0.0
0.5 1.46 0.0
0.5 1.52 0.0
0.5 1.58 0.0
0.5 1.6400000000000001 0.0
0.5 1.7000000000000002 0.0
0.5 1.76 0.0
0.5 1.82 0.0
0.5 1.8800000000000001 0.0
0.5 1.94 0.0
0.5 2.0 0.0
0.5 2.06 0.0
0.5 2.12 0.0
0.5 2.18 0.0
0.5 2.2399999999999998 0.0
0.5 2.3000000000000003 0.0
0.5 2.36 0.0
0.5 2.4200000000000004 0.0
0.5 2.48 0.0
0.5 2.5400000000000005 0.0
0.5 2.5999999999999996 0.0
0.5 2.66 0.0
0.5 2.7199999999999998 0.0
0.5 2.7800000000000002 0.0
0.5 2.84 0.0
0.5 2.9000000000000004 0.0
0.5 2.9599999999999995 0.0
0.5 3.02 0.0
0.5 3.0799999999999996 0.0
0.5 3.14 0.0
0.5 3.1999999999999997 0.0
0.5 3.2600000000000002 0.0
0.5 3.3200000000000003 0.0
0.5 3.38 0.0
0.5 3.4399999999999995 0.0
0.5 3.5 0.0
0.56 0.5 0.0
0.56 0.56 0.0
0.56 0.62 0.0
0.56 0.6799999999999999 0.0
0.56 0.74 0.0
0.56 0.8 0.0
0.56 0.86 0.0
0.56 0.92 0.0
0.56 0.98 0.0
0.56 1.04 0.0
0.56 1.1 0.0
0.56 1.1600000000000001 0.0
0.56 1.22 0.0
0.56 1.28 0.0
0.56 1.34 0.0
0.56 1.4 0.0
0.56 1.46 0.0
0.56 1.52 0.0
0.56 1.58 0.0
0.56 1.6400000000000001 0.0
0.56 1.7000000000000002 0.0
0.56 1.76 0.0
0.56 1.82 0.0
0.56 1.8800000000000001 0.0
0.56 1.94 0.0
0.56 2.0 0.0
0.56 2.06 0.0
0.56 2.12 0.0
0.56 2.18 0.0
0.56 2.2399999999999998 0.0
0.56 2.3000000000000003 0.0
0.56 2.36 0.0
0.56 2.4200000000000004 0.0
0.56 2.48 0.0
0.56 2.5400000000000005 0.0
0.56 2.5999999999999996 0.0
0.56 2.66 0.0
0.56 2.7199999999999998 0.0
0.56 2.7800000000000002 0.0
0.56 2.84 0.0
0.56 2.9000000000000004 0.0
0.56 2.9599999999999995 0.0
0.56 3.02 0.0
0.56 3.0799999999999996 0.0
0.56 3.14 0.0
0.56 3.1999999999999997 0.0
0.56 3.2600000000000002 0.0
0.56 3.3200000000000003 0.0
0.56 3.38 0.0
0.56 3.4399999999999995 0.0
0.56 3.5 0.0
0.62 0.5 0.0
0.62 0.56 0.0
0.62 0.62 0.0
0.62 0.6799999999999999 0.0
0.62 0.74 0.0
0.62 0.8 0.0
0.62 0.86 0.0
0.62 0.92 0.0
0.62 0.98 0.0
0.62 1.04 0.0
0.62 1.1 0.0
0.62 1.1600000000000001 0.0
0.62 1.22 0.0
0.62 1.28 0.0
0.62 1.34 0.0
0.62 1.4 0.0
0.62 1.46 0.0
0.62 1.52 0.0
0.62 1.58 0.0
0.62 1.6400000000000001 0.0
0.62 1.7000000000000002 0.0
0.62 1.76 0.0
0.62 1.82 0.0
0.62 1.8800000000000001 0.0
0.62 1.94 0.0
0.62 2.0 0.0
0.62 2.06 0.0
0.62 2.12 0.0
0.62 2.18 0.0
0.62 2.2399999999999998 0.0
0.62 2.3000000000000003 0.0
0.62 2.36 0.0
0.62 2.4200000000000004 0.0
0.62 2.48 0.0
0.62 2.5400000000000005 0.0
0.62 2.5999999999999996 0.0
0.62 2.66 0.0
0.62 2.7199999999999998 0.0
0.62 2.7800000000000002 0.0
0.62 2.84 0.0
0.62 2.9000000000000004 0.0
0.62 2.9599999999999995 0.0
0.62 3.02 0.0
0.62 3.0799999999999996 0.0
0.62 3.14 0.0
0.62 3.1999999999999997 0.0
0.62 3.2600000000000002 0.0
0.62 3.3200000000000003 0.0
0.62 3.38 0.0
0.62 3.4399999999999995 0.0
0.62 3.5 0.0
0.6799999999999999 0.5 0.0
0.6799999999999999 0.56 0.0
0.6799999999999999 0.62 0.0
0.6799999999999999 0.6799999999999999 0.0
0.6799999999999999 0.74 0.0
0.6799999999999999 0.8 0.0
0.6799999999999999 0.86 0.0
0.6799999999999999 0.92 0.0
0.6799999999999999 0.98 0.0
0.6799999999999999 1.04 0.0
0.6799999999999999 1.1 0.0
0.6799999999999999 1.1600000000000001 0.0
0.6799999999999999 1.22 0.0
0.6799999999999999 1.28 0.0
0.6799999999999999 1.34 0.0
0.6799999999999999 1.4 0.0
0.6799999999999999 1.46 0.0
0.6799999999999999 1.52 0.0
0.6799999999999999 1.58 0.0
0.6799999999999999 1.6400000000000001 0.0
0.6799999999999999 1.7000000000000002 0.0
0.6799999999999999 1.76 0.0
0.6799999999999999 1.82 0.0
0.6799999999999999 1.8800000000000001 0.0
0.6799999999999999 1.94 0.0
0.6799999999999999 2.0 0.0
0.6799999999999999 2.06 0.0
0.6799999999999999 2.12 0.0
0.6799999999999999 2.18 0.0
0.6799999999999999 2.2399999999999998 0.0
0.6799999999999999 2.3000000000000003 0.0
0.6799999999999999 2.36 0.0
0.6799999999999999 2.4200000000000004 0.0
0.6799999999999999 2.48 0.0
0.6799999999999999 2.5400000000000005 0.0
0.6799999999999999 2.5999999999999996 0.0
0.6799999999999999 2.66 0.0
0.6799999999999999 2.7199999999999998 0.0
0.6799999999999999 2.7800000000000002 0.0
0.6799999999999999 2.84 0.0
0.6799999999999999 2.9000000000000004 0.0
0.6799999999999999 2.9599999999999995 0.0
0.6799999999999999 3.02 0.0
0.6799999999999999 3.0799999999999996 0.0
0.6799999999999999 3.14 0.0
0.6799999999999999 3.1999999999999997 0.0
0.6799999999999999 3.2600000000000002 0.0
0.6799999999999999 3.3200000000000003 0.0
0.6799999999999999 3.38 0.0
0.6799999999999999 3.4399999999999995 0.0
0.6799999999999999 3.5 0.0
0.74 0.5 0.0
0.74 0.56 0.0
0.74 0.62 0.0
0.74 0.6799999999999999 0.0
0.74 0.74 0.0
0.74 0.8 0.0
0.74 0.86 0.0
0.74 0.92 0.0
0.74 0.98 0.0
0.74 1.04 0.0
0.74 1.1 0.0
0.74 1.1600000000000001 0.0
0.74 1.22 0.0
0.74 1.28 0.0
0.74 1.34 0.0
0.74 1.4 0.0
0.74 1.46 0.0
0.74 1.52 0.0
0.74 1.58 0.0
0.74 1.6400000000000001 0.0
0.74 1.7000000000000002 0.0
0.74 1.76 0.0
0.74 1.82 0.0
0.74 1.8800000000000001 0.0
0.74 1.94 0.0
0.74 2.0 0.0
0.74 2.06 0.0
0.74 2.12 0.0
0.74 2.18 0.0
0.74 2.2399999999999998 0.0
0.74 2.3000000000000003 0.0
0.74 2.36 0.0
0.74 2.4200000000000004 0.0
0.74 2.48 0.0
0.74 2.5400000000000005 0.0
0.74 2.5999999999999996 0.0
0.74 2.66 0.0
0.74 2.7199999999999998 0.0
0.74 2.7800000000000002 0.0
0.74 2.84 0.0
0.74 2.9000000000000004 0.0
0.74 2.9599999999999995 0.0
0.74 3.02 0.0
0.74 3.0799999999999996 0.0
0.74 3.14 0.0
0.74 3.1999999999999997 0.0
0.74 3.2600000000000002 0.0
0.74 3.3200000000000003 0.0
0.74 3.38 0.0
0.74 3.4399999999999995 0.0
0.74 3.5 0.0
0.8 0.5 0.0
0.8 0.56 0.0
0.8 0.62 0.0
0.8 0.6799999999999999 0.0
0.8 0.74 0.0
0.8 0.8 0.0
0.8 0.86 0.0
0.8 0.92 0.0
0.8 0.98 0.0
0.8 1.04 0.0
0.8 1.1 0.0
0.8 1.1600000000000001 0.0
0.8 1.22 0.0
0.8 1.28 0.0
0.8 1.34 0.0
0.8 1.4 0.0
0.8 1.46 0.0
0.8 1.52 0.0
0.8 1.58 0.0
0.8 1.6400000000000001 0.0
0.8 1.7000000000000002 0.0
0.8 1.76 0.0
0.8 1.82 0.0
0.8 1.8800000000000001 0.0
0.8 1.94 0.0
0.8 2.0 0.0
0.8 2.06 0.0
0.8 2.12 0.0
0.8 2.18 0.0
0.8 2.2399999999999998 0.0
0.8 2.3000000000000003 0.0
0.8 2.36 0.0
0.8 2.4200000000000004 0.0
0.8 2.48 0.0
0.8 2.5400000000000005 0.0
0.8 2.5999999999999996 0.0
0.8 2.66 0.0
0.8 2.7199999999999998 0.0
0.8 2.7800000000000002 0.0
0.8 2.84 0.0
0.8 2.9000000000000004 0.0
0.8 2.9599999999999995 0.0
0.8 3.02 0.0
0.8 3.0799999999999996 0.0
0.8 3.14 0.0
0.8 3.1999999999999997 0.0
0.8 3.2600000000000002 0.0
0.8 3.3200000000000003 0.0
0.8 3.38 0.0
0.8 3.4399999999999995 0.0
0.8 3.5 0.0
0.86 0.5 0.0
0.86 0.56 0.0
0.86 0.62 0.0
0.86 0.6799999999999999 0.0
0.86 0.74 0.0
0.86 0.8 0.0
0.86 0.86 0.0
0.86 0.92 0.0
0.86 0.98 0.0
0.86 1.04 0.0
0.86 1.1 0.0
0.86 1.1600000000000001 0.0
0.86 1.22 0.0
0.86 1.28 0.0
0.86 1.34 0.0
0.86 1.4 0.0
0.86 1.46 0.0
0.86 1.52 0.0
0.86 1.58 0.0
0.86 1.6400000000000001 0.0
0.86 1.7000000000000002 0.0
0.86 1.76 0.0
0.86 1.82 0.0
0.86 1.8800000000000001 0.0
0.86 1.94 0.0
0.86 2.0 0.0
0.86 2.06 0.0
0.86 2.12 0.0
0.86 2.18 0.0
0.86 2.2399999999999998 0.0
0.86 2.3000000000000003 0.0
0.86 2.36 0.0
0.86 2.4200000000000004 0.0
0.86 2.48 0.0
0.86 2.5400000000000005 0.0
0.86 2.5999999999999996 0.0
0.86 2.66 0.0
0.86 2.7199999999999998 0.0
0.86 2.7800000000000002 0.0
0.86 2.84 0.0
0.86 2.9000000000000004 0.0
0.86 2.9599999999999995 0.0
0.86 3.02 0.0
0.86 3.0799999999999996 0.0
0.86 3.14 0.0
0.86 3.1999999999999997 0.0
0.86 3.2600000000000002 0.0
0.86 3.3200000000000003 0.0
0.86 3.38 0.0
0.86 3.4399999999999995 0.0
0.86 3.5 0.0
0.92 0.5 0.0
0.92 0.56 0.0
0.92 0.62 0.0
0.92 0.6799999999999999 0.0
0.92 0.74 0.0
0.92 0.8 0.0
0.92 0.86 0.0
0.92 0.92 0.0
0.92 0.98 0.0
0.92 1.04 0.0
0.92 1.1 0.0
0.92 1.1600000000000001 0.0
0.92 1.22 0.0
0.92 1.28 0.0
0.92 1.34 0.0
0.92 1.4 0.0
0.92 1.46 0.0
0.92 1.52 0.0
0.92 1.58 0.0
0.92 1.6400000000000001 0.0
0.92 1.7000000000000002 0.0
0.92 1.76 0.0
0.92 1.82 0.0
0.92 1.8800000000000001 0.0
0.92 1.94 0.0
0.92 2.0 0.0
0.92 2.06 0.0
0.92 2.12 0.0
0.92 2.18 0.0
0.92 2.2399999999999998 0.0
0.92 2.3000000000000003 0.0
0.92 2.36 0.0
0.92 2.4200000000000004 0.0
0.92 2.48 0.0
0.92 2.5400000000000005 0.0
0.92 2.5999999999999996 0.0
0.92 2.66 0.0
0.92 2.7199999999999998 0.0
0.92 2.7800000000000002 0.0
0.92 2.84 0.0
0.92 2.9000000000000004 0.0
0.92 2.9599999999999995 0.0
0.92 3.02 0.0
0.92 3.0799999999999996 0.0
0.92 3.14 0.0
0.92 3.1999999999999997 0.0
0.92 3.2600000000000002 0.0
0.92 3.3200000000000003 0.0
0.92 3.38 0.0
0.92 3.4399999999999995 0.0
0.92 3.5 0.0
0.98 0.5 0.0
0.98 0.56 0.0
0.98 0.62 0.0
0.98 0.6799999999999999 0.0
0.98 0.74 0.0
0.98 0.8 0.0
0.98 0.86 0.0
0.98 0.92 0.0
0.98 0.98 0.0
0.98 1.04 0.0
0.98 1.1 0.0
0.98 1.1600000000000001 0.0
0.98 1.22 0.0
0.98 1.28 0.0
0.98 1.34 0.0
0.98 1.4 0.0
0.98 1.46 0.0
0.98 1.52 0.0
0.98 1.58 0.0
0.98 1.6400000000000001 0.0
0.98 1.7000000000000002 0.0
0.98 1.76 0.0
0.98 1.82 0.0
0.98 1.8800000000000001 0.0
0.98 1.94 0.0
0.98 2.0 0.0
0.98 2.06 0.0
0.98 2.12 0.0
0.98 2.18 0.0
0.98 2.2399999999999998 0.0
0.98 2.3000000000000003 0.0
0.98 2.36 0.0
0.98 2.4200000000000004 0.0
0.98 2.48 0.0
0.98 2.5400000000000005 0.0
0.98 2.5999999999999996 0.0
0.98 2.66 0.0
0.98 2.7199999999999998 0.0
0.98 2.7800000000000002 0.0
0.98 2.84 0.0
0.98 2.9000000000000004 0.0
0.98 2.9599999999999995 0.0
0.98 3.02 0.0
0.98 3.0799999999999996 0.0
0.98 3.14 0.0
0.98 3.1999999999999997 0.0
0.98 3.2600000000000002 0.0
0.98 3.3200000000000003 0.0
0.98 3.38 0.0
0.98 3.4399999999999995 0.0
0.98 3.5 0.0
1.04 0.5 0.0
1.04 0.56 0.0
1.04 0.62 0.0
1.04 0.6799999999999999 0.0
1.04 0.74 0.0
1.04 0.8 0.0
1.04 0.86 0.0
1.04 0.92 0.0
1.04 0.98 0.0
1.04 1.04 0.0
1.04 1.1 0.0
1.04 1.1600000000000001 0.0
1.04 1.22 0.0
1.04 1.28 0.0
1.04 1.34 0.0
1.04 1.4 0.0
1.04 1.46 0.0
1.04 1.52 0.0
1.04 1.58 0.0
1.04 1.6400000000000001 0.0
1.04 1.7000000000000002 0.0
1.04 1.76 0.0
1.04 1.82 0.0
1.04 1.8800000000000001 0.0
1.04 1.94 0.0
1.04 2.0 0.0
1.04 2.06 0.0
1.04 2.12 0.0
1.04 2.18 0.0
1.04 2.2399999999999998 0.0
1.04 2.3000000000000003 0.0
1.04 2.36 0.0
1.04 2.4200000000000004 0.0
1.04 2.48 0.0
1.04 2.5400000000000005 0.0
1.04 2.5999999999999996 0.0
1.04 2.66 0.0
1.04 2.7199999999999998 0.0
1.04 2.7800000000000002 0.0
1.04 2.84 0.0
1.04 2.9000000000000004 0.0
1.04 2.9599999999999995 0.0
1.04 3.02 0.0
1.04 3.0799999999999996 0.0
1.04 3.14 0.0
1.04 3.1999999999999997 0.0
1.04 3.2600000000000002 0.0
1.04 3.3200000000000003 0.0
1.04 3.38 0.0
1.04 3.4399999999999995 0.0
1.04 3.5 0.0
1.1 0.5 0.0
1.1 0.56 0.0
1.1 0.62 0.0
1.1 0.6799999999999999 0.0
1.1 0.74 0.0
1.1 0.8 0.0
1.1 0.86 0.0
1.1 0.92 0.0
1.1 0.98 0.0
1.1 1.04 0.0
1.1 1.1 0.0
1.1 1.1600000000000001 0.0
1.1 1.22 0.0
1.1 1.28 0.0
1.1 1.34 0.0
1.1 1.4 0.0
1.1 1.46 0.0
1.1 1.52 0.0
1.1 1.58 0.0
1.1 1.6400000000000001 0.0
1.1 1.7000000000000002 0.0
1.1 1.76 0.0
1.1 1.82 0.0
1.1 1.8800000000000001 0.0
1.1 1.94 0.0
1.1 2.0 0.0
1.1 2.06 0.0
1.1 2.12 0.0
1.1 2.18 0.0
1.1 2.2399999999999998 0.0
1.1 2.3000000000000003 0.0
1.1 2.36 0.0
1.1 2.4200000000000004 0.0
1.1 2.48 0.0
1.1 2.5400000000000005 0.0
1.1 2.5999999999999996 0.0
1.1 2.66 0.0
1.1 2.7199999999999998 0.0
1.1 2.7800000000000002 0.0
1.1 2.84 0.0
1.1 2.9000000000000004 0.0
1.1 2.9599999999999995 0.0
1.1 3.02 0.0
1.1 3.0799999999999996 0.0
1.1 3.14 0.0
1.1 3.1999999999999997 0.0
1.1 3.2600000000000002 0.0
1.1 3.3200000000000003 0.0
1.1 3.38 0.0
1.1 3.4399999999999995 0.0
1.1 3.5 0.0
1.1600000000000001 0.5 0.0
1.1600000000000001 0.56 0.0
1.1600000000000001 0.62 0.0
1.1600000000000001 0.6799999999999999 0.0
1.1600000000000001 0.74 0.0
1.1600000000000001 0.8 0.0
1.1600000000000001 0.86 0.0
1.1600000000000001 0.92 0.0
1.1600000000000001 0.98 0.0
1.1600000000000001 1.04 0.0
1.1600000000000001 1.1 0.0
1.1600000000000001 1.1600000000000001 0.000165724505750193
1.1600000000000001 1.22 0.000271125345688665
1.1600000000000001 1.28 0.0028957875472233165
1.1600000000000001 1.34 0.0007154064728370373
1.1600000000000001 1.4 0.0014656379736378564
1.1600000000000001 1.46 2.8752061765325746e-5
1.1600000000000001 1.52 4.390314914638623e-9
1.1600000000000001 1.58 7.242792291245308e-16
1.1600000000000001 1.6400000000000001 4.459708238944746e-17
1.1600000000000001 1.7000000000000002 3.262923760937438e-18
1.1600000000000001 1.76 -9.093515890530721e-17
1.1600000000000001 1.82 -5.6007664686215365e-18
1.1600000000000001 1.8800000000000001 -2.657918546152136e-20
1.1600000000000001 1.94 4.1014077191332487e-19
1.1600000000000001 2.0 8.316113167413789e-17
1.1600000000000001 2.06 1.0818450947720256e-14
1.1600000000000001 2.12 1.3505933134428318e-20
1.1600000000000001 2.18 1.1649350959565568e-20
1.1600000000000001 2.2399999999999998 2.6201861176517145e-16
1.1600000000000001 2.3000000000000003 3.597992684314737e-20
1.1600000000000001 2.36 0.0
1.1600000000000001 2.4200000000000004 0.0
1.1600000000000001 2.48 0.0
1.1600000000000001 2.5400000000000005 0.0
1.1600000000000001 2.5999999999999996 0.0
1.1600000000000001 2.66 0.0
1.1600000000000001 2.7199999999999998 0.0
1.1600000000000001 2.7800000000000002 0.0
1.1600000000000001 2.84 0.0
1.1600000000000001 2.9000000000000004 0.0
1.1600000000000001 2.9599999999999995 0.0
1.1600000000000001 3.02 0.0
1.1600000000000001 3.0799999999999996 0.0
1.1600000000000001 3.14 0.0
1.1600000000000001 3.1999999999999997 0.0
1.1600000000000001 3.2600000000000002 0.0
1.1600000000000001 3.3200000000000003 0.0
1.1600000000000001 3.38 0.0
1.1600000000000001 3.4399999999999995 0.0
1.1600000000000001 3.5 0.0
1.22 0.5 0.0
1.22 0.56 0.0
1.22 0.62 0.0
1.22 0.6799999999999999 0.0
1.22 0.74 0.0
1.22 0.8 0.0
1.22 0.86 0.0
1.22 0.92 0.0
1.22 0.98 0.0
1.22 1.04 0.0
1.22 1.1 0.0
1.22 1.1600000000000001 0.0005503953014984273
1.22 1.22 0.0018085626896776595
1.22 1.28 0.0019160199885909798
1.22 1.34 0.0037329907197163155
1.22 1.4 0.0003523959325306799
1.22 1.46 0.0051270802413662594
1.22 1.52 2.499560588280093e-6
1.22 1.58 1.2887315249045883e-10
1.22 1.6400000000000001 2.296998429121138e-16
1.22 1.7000000000000002 5.735958642542009e-17
1.22 1.76 1.349450657268807e-16
1.22 1.82 6.487401328400462e-17
1.22 1.8800000000000001 -1.1751455935028308e-18
1.22 1.94 -2.0747737741286743e-19
1.22 2.0 -2.4725419143868494e-16
1.22 2.06 -7.759013543150928e-17
1.22 2.12 -2.3997960855302347e-17
1.22 2.18 -5.201689361137142e-18
1.22 2.2399999999999998 2.8523572314790814e-19
1.22 2.3000000000000003 2.2793750733591938e-20
1.22 2.36 -3.1176628649933237e-19
1.22 2.4200000000000004 -1.9906586597022513e-22
1.22 2.48 -1.329741204906133e-20
1.22 2.5400000000000005 -1.3687353424251365e-21
1.22 2.5999999999999996 0.0
1.22 2.66 0.0
1.22 2.7199999999999998 0.0
1.22 2.7800000000000002 0.0
1.22 2.84 0.0
1.22 2.9000000000000004 0.0
1.22 2.9599999999999995 0.0
1.22 3.02 0.0
1.22 3.0799999999999996 0.0
1.22 3.14 0.0
1.22 3.1999999999999997 0.0
1.22 3.2600000000000002 0.0
1.22 3.3200000000000003 0.0
1.22 3.38 0.0
1.22 3.4399999999999995 0.0
1.22 3.5 0.0
1.28 0.5 0.0
1.28 0.56 0.0
1.28 0.62 0.0
1.28 0.6799999999999999 0.0
1.28 0.74 0.0
1.28 0.8 0.0
1.28 0.86 0.0
1.28 0.92 0.0
1.28 0.98 0.0
1.28 1.04 0.0
1.28 1.1 0.0
1.28 1.1600000000000001 -3.4236272481666977e-7
1.28 1.22 0.001993490371605154
1.28 1.28 0.013919162985531487
1.28 1.34 0.008133463844763296
1.28 1.4 0.18411454420743753
1.28 1.46 0.008415115450326041
1.28 1.52 0.007425757948796664
1.28 1.58 1.1100122725299738e-5
1.28 1.6400000000000001 8.736666793773769e-10
1.28 1.7000000000000002 4.0684543433063955e-14
1.28 1.76 1.434001978120785e-13
1.28 1.82 9.485620922122823e-17
1.28 1.8800000000000001 2.255971302082078e-16
1.28 1.94 3.031711568327539e-17
1.28 2.0 2.077632126007976e-15
1.28 2.06 3.130211027606441e-14
1.28 2.12 -5.814617464971139e-14
1.28 2.18 -5.564165963558713e-16
1.28 2.2399999999999998 -1.0746915964353029e-16
1.28 2.3000000000000003 2.286407070744571e-16
1.28 2.36 -4.487221227519434e-20
1.28 2.4200000000000004 7.142204940798247e-23
1.28 2.48 -1.7588088709373007e-19
1.28 2.5400000000000005 -5.462663750121586e-21
1.28 2.5999999999999996 0.0
1.28 2.66 0.0
1.28 2.7199999999999998 0.0
1.28 2.7800000000000002 0.0
1.28 2.84 0.0
1.28 2.9000000000000004 0.0
1.28 2.9599999999999995 0.0
1.28 3.02 0.0
1.28 3.0799999999999996 0.0
1.28 3.14 0.0
1.28 3.1999999999999997 0.0
1.28 3.2600000000000002 0.0
1.28 3.3200000000000003 0.0
1.28 3.38 0.0
1.28 3.4399999999999995 0.0
1.28 3.5 0.0
1.34 0.5 0.0
1.34 0.56 0.0
1.34 0.62 0.0
1.34 0.6799999999999999 0.0
1.34 0.74 0.0
1.34 0.8 0.0
1.34 0.86 0.0
1.34 0.92 0.0
1.34 0.98 0.0
1.34 1.04 0.00022860910273858005
1.34 1.1 -5.081423961781427e-5
1.34 1.1600000000000001 0.0001167156088330937
1.34 1.22 1.7855158210487304e-8
1.34 1.28 0.004409793809032901
1.34 1.34 0.07120486520786978
1.34 1.4 0.12270751052816885
1.34 1.46 0.2975397021609687
1.34 1.52 -0.001490698041663806
1.34 1.58 0.0449513854594708
1.34 1.6400000000000001 -5.035944083467033e-6
1.34 1.7000000000000002 -2.6996123360457574e-6
1.34 1.76 7.781305928244192e-13
1.34 1.82 6.489333965921772e-14
1.34 1.8800000000000001 -1.2416317491162866e-13
1.34 1.94 -3.590713596920957e-14
1.34 2.0 1.843740252351596e-15
1.34 2.06 -2.7296959916676797e-14
1.34 2.12 3.5336295689884278e-15
1.34 2.18 -1.024471271749483e-14
1.34 2.2399999999999998 3.78191257830534e-14
1.34 2.3000000000000003 3.229887794853797e-14
1.34 2.36 -4.278907819508161e-14
1.34 2.4200000000000004 -5.640766655800507e-15
1.34 2.48 -5.3647786620991876e-20
1.34 2.5400000000000005 -6.377574825658452e-23
1.34 2.5999999999999996 0.0
1.34 2.66 0.0
1.34 2.7199999999999998 0.0
1.34 2.7800000000000002 0.0
1.34 2.84 0.0
1.34 2.9000000000000004 0.0
1.34 2.9599999999999995 0.0
1.34 3.02 0.0
1.34 3.0799999999999996 0.0
1.34 3.14 0.0
1.34 3.1999999999999997 0.0
1.34 3.2600000000000002 0.0
1.34 3.3200000000000003 0.0
1.34 3.38 0.0
1.34 3.4399999999999995 0.0
1.34 3.5 0.0
1.4 0.5 0.0
1.4 0.56 0.0
1.4 0.62 0.0
1.4 0.6799999999999999 0.0
1.4 0.74 0.0
1.4 0.8 0.0
1.4 0.86 0.0
1.4 0.92 0.0
1.4 0.98 0.0
1.4 1.04 0.0010582825347610128
1.4 1.1 0.002051090919659459
1.4 1.1600000000000001 -0.0007536945497133065
1.4 1.22 0.000520265457098704
1.4 1.28 5.867425450101614e-5
1.4 1.34 0.008132862851371131
1.4 1.4 0.2738360547649268
1.4 1.46 0.6507911731987411
1.4 1.52 0.5612667185223522
1.4 1.58 0.020260071690874026
1.4 1.6400000000000001 0.0591795159576676
1.4 1.7000000000000002 -0.0005111638913134684
1.4 1.76 3.315620797465128e-10
1.4 1.82 7.730148280343805e-13
1.4 1.8800000000000001 -9.117905243767895e-13
1.4 1.94 -9.44019139381183e-12
1.4 2.0 -2.4533876488622278e-12
1.4 2.06 -2.820198093266559e-11
1.4 2.12 1.1980120125238063e-11
1.4 2.18 2.441012194707542e-12
1.4 2.2399999999999998 -1.4614921804305062e-13
1.4 2.3000000000000003 1.0017060623388298e-10
1.4 2.36 -1.3281309839366282e-10
1.4 2.4200000000000004 -1.7355078395237008e-11
1.4 2.48 4.714819413201005e-20
1.4 2.5400000000000005 -4.587400435227419e-21
1.4 2.5999999999999996 0.0
1.4 2.66 0.0
1.4 2.7199999999999998 0.0
1.4 2.7800000000000002 0.0
1.4 2.84 0.0
1.4 2.9000000000000004 0.0
1.4 2.9599999999999995 0.0
1.4 3.02 0.0
1.4 3.0799999999999996 0.0
1.4 3.14 0.0
1.4 3.1999999999999997 0.0
1.4 3.2600000000000002 0.0
1.4 3.3200000000000003 0.0
1.4 3.38 0.0
1.4 3.4399999999999995 0.0
1.4 3.5 0.0
1.46 0.5 0.0
1.46 0.56 0.0
1.46 0.62 0.0
1.46 0.6799999999999999 0.0
1.46 0.74 0.0
1.46 0.8 0.0
1.46 0.86 0.0
1.46 0.92 0.0
1.46 0.98 0.0
1.46 1.04 0.00017253905204497516
1.46 1.1 0.003526680893638636
1.46 1.1600000000000001 0.005655894274024438
1.46 1.22 -0.0029395526174286774
1.46 1.28 0.0018025046641342172
1.46 1.34 0.0005110828950187984
1.46 1.4 0.014980961258263323
1.46 1.46 0.7952670686525974
1.46 1.52 1.1613822294104976
1.46 1.58 0.8730059866348036
1.46 1.6400000000000001 0.023807642175194065
1.46 1.7000000000000002 0.4789278995598083
1.46 1.76 1.3950059276217544e-5
1.46 1.82 -5.71843408089357e-10
1.46 1.8800000000000001 2.130610600387245e-9
1.46 1.94 -4.714820612341986e-12
1.46 2.0 8.391111693122001e-13
1.46 2.06 -1.9588836155054748e-11
1.46 2.12 1.347499973190441e-12
1.46 2.18 1.5035969916601161e-12
1.46 2.2399999999999998 3.377447625688613e-14
1.46 2.3000000000000003 6.175729095826133e-11
1.46 2.36 -8.187717725495673e-11
1.46 2.4200000000000004 -1.0699103016662153e-11
1.46 2.48 3.360082626702123e-19
1.46 2.5400000000000005 -2.6605899364513122e-20
1.46 2.5999999999999996 0.0
1.46 2.66 0.0
1.46 2.7199999999999998 0.0
1.46 2.7800000000000002 0.0
1.46 2.84 0.0
1.46 2.9000000000000004 0.0
1.46 2.9599999999999995 0.0
1.46 3.02 0.0
1.46 3.0799999999999996 0.0
1.46 3.14 0.0
1.46 3.1999999999999997 0.0
1.46 3.2600000000000002 0.0
1.46 3.3200000000000003 0.0
1.46 3.38 0.0
1.46 3.4399999999999995 0.0
1.46 3.5 0.0
1.52 0.5 0.0
1.52 0.56 0.0
1.52 0.62 0.0
1.52 0.6799999999999999 0.0
1.52 0.74 0.0
1.52 0.8 0.0
1.52 0.86 0.0
1.52 0.92 0.0
1.52 0.98 0.0
1.52 1.04 2.4258664044464162e-8
1.52 1.1 0.00011143763061653714
1.52 1.1600000000000001 0.04479066454261678
1.52 1.22 0.018379332890216125
1.52 1.28 -0.004846843907401753
1.52 1.34 0.008467383836006478
1.52 1.4 0.004408613305529173
1.52 1.46 0.043168824020954316
1.52 1.52 1.7716289263161549
1.52 1.58 2.048273785886798
1.52 1.6400000000000001 0.9264349825609299
1.52 1.7000000000000002 0.1768353709711592
1.52 1.76 1.5885603924093663
1.52 1.82 0.0004144824023803913
1.52 1.8800000000000001 4.600060595444653e-8
1.52 1.94 -3.4966422914603854e-9
1.52 2.0 4.466048233305674e-10
1.52 2.06 -2.1374616274654504e-8
1.52 2.12 3.4361233752153026e-10
1.52 2.18 6.193036336469523e-11
1.52 2.2399999999999998 -5.784111274207689e-12
1.52 2.3000000000000003 2.791122885760309e-9
1.52 2.36 -3.6991657084332544e-9
1.52 2.4200000000000004 -4.833919593601234e-10
1.52 2.48 -5.596474691430114e-20
1.52 2.5400000000000005 -1.3615782942927219e-19
1.52 2.5999999999999996 0.0
1.52 2.66 0.0
1.52 2.7199999999999998 0.0
1.52 2.7800000000000002 0.0
1.52 2.84 0.0
1.52 2.9000000000000004 0.0
1.52 2.9599999999999995 0.0
1.52 3.02 0.0
1.52 3.0799999999999996 0.0
1.52 3.14 0.0
1.52 3.1999999999999997 0.0
1.52 3.2600000000000002 0.0
1.52 3.3200000000000003 0.0
1.52 3.38 0.0
1.52 3.4399999999999995 0.0
1.52 3.5 0.0
1.58 0.5 0.0
1.58 0.56 0.0
1.58 0.62 0.0
1.58 0.6799999999999999 0.0
1.58 0.74 0.0
1.58 0.8 0.0
1.58 0.86 0.0
1.58 0.92 0.0
1.58 0.98 0.0
1.58 1.04 -4.634737221853501e-17
1.58 1.1 -6.748234306467896e-6
1.58 1.1600000000000001 0.0020275620675363117
1.58 1.22 -0.0018985970989294342
1.58 1.28 0.09057653091729138
1.58 1.34 0.021234745656548978
1.58 1.4 0.04945489312535127
1.58 1.46 0.020813741098928203
1.58 1.52 0.13396960281652961
1.58 1.58 3.0240107722220833
1.58 1.6400000000000001 2.5737146678484755
1.58 1.7000000000000002 0.9576508485683614
1.58 1.76 0.4394894304859961
1.58 1.82 2.7190065056641646
1.58 1.8800000000000001 0.003988594330179718
1.58 1.94 6.195615935392125e-7
1.58 2.0 -3.710123729973431e-9
1.58 2.06 -4.343385803633764e-7
1.58 2.12 8.610778815474201e-9
1.58 2.18 2.6142507105226783e-9
1.58 2.2399999999999998 -1.7077062939485504e-10
1.58 2.3000000000000003 1.0795892519378262e-7
1.58 2.36 -1.4300160664632804e-7
1.58 2.4200000000000004 -1.8687093489235534e-8
1.58 2.48 -6.519721097697132e-11
1.58 2.5400000000000005 -1.8003368387983556e-15
1.58 2.5999999999999996 0.0
1.58 2.66 0.0
1.58 2.7199999999999998 0.0
1.58 2.7800000000000002 0.0
1.58 2.84 0.0
1.58 2.9000000000000004 0.0
1.58 2.9599999999999995 0.0
1.58 3.02 0.0
1.58 3.0799999999999996 0.0
1.58 3.14 0.0
1.58 3.1999999999999997 0.0
1.58 3.2600000000000002 0.0
1.58 3.3200000000000003 0.0
1.58 3.38 0.0
1.58 3.4399999999999995 0.0
1.58 3.5 0.0
1.6400000000000001 0.5 0.0
1.6400000000000001 0.56 0.0
1.6400000000000001 0.62 0.0
1.6400000000000001 0.6799999999999999 0.0
1.6400000000000001 0.74 0.0
1.6400000000000001 0.8 0.0
1.6400000000000001 0.86 0.0
1.6400000000000001 0.92 0.0
1.6400000000000001 0.98 0.0
1.6400000000000001 1.04 -8.513513861690163e-17
1.6400000000000001 1.1 -3.3568343144317287e-9
1.6400000000000001 1.1600000000000001 4.599042362562949e-17
1.6400000000000001 1.22 8.974997197275773e-5
1.6400000000000001 1.28 -0.0454580292955514
1.6400000000000001 1.34 0.22388336351243796
1.6400000000000001 1.4 0.06762488251522215
1.6400000000000001 1.46 0.22078076961804563
1.6400000000000001 1.52 0.0710608079540942
1.6400000000000001 1.58 0.337125153824025
1.6400000000000001 1.6400000000000001 4.481380397826006
1.6400000000000001 1.7000000000000002 3.2347001062124154
1.6400000000000001 1.76 0.908128241301184
1.6400000000000001 1.82 3.7086984961643643
1.6400000000000001 1.8800000000000001 1.9325286814254126
1.6400000000000001 1.94 0.002310658397934345
1.6400000000000001 2.0 1.218298013277692e-7
1.6400000000000001 2.06 8.28414838422472e-6
1.6400000000000001 2.12 -2.22680547007148e-6
1.6400000000000001 2.18 3.9130439433897625e-7
1.6400000000000001 2.2399999999999998 9.274001395622831e-8
1.6400000000000001 2.3000000000000003 -2.105006771328264e-5
1.6400000000000001 2.36 2.7886562146716617e-5
1.6400000000000001 2.4200000000000004 3.643911690923655e-6
1.6400000000000001 2.48 3.127067649809581e-6
1.6400000000000001 2.5400000000000005 8.607906192491436e-11
1.6400000000000001 2.5999999999999996 0.0
1.6400000000000001 2.66 0.0
1.6400000000000001 2.7199999999999998 0.0
1.6400000000000001 2.7800000000000002 0.0
1.6400000000000001 2.84 0.0
1.6400000000000001 2.9000000000000004 0.0
1.6400000000000001 2.9599999999999995 0.0
1.6400000000000001 3.02 0.0
1.6400000000000001 3.0799999999999996 0.0
1.6400000000000001 3.14 0.0
1.6400000000000001 3.1999999999999997 0.0
1.6400000000000001 3.2600000000000002 0.0
1.6400000000000001 3.3200000000000003 0.0
1.6400000000000001 3.38 0.0
1.6400000000000001 3.4399999999999995 0.0
1.6400000000000001 3.5 0.0
1.7000000000000002 0.5 0.0
1.7000000000000002 0.56 0.0
1.7000000000000002 0.62 0.0
1.7000000000000002 0.6799999999999999 0.0
1.7000000000000002 0.74 0.0
1.7000000000000002 0.8 0.0
1.7000000000000002 0.86 0.0
1.7000000000000002 0.92 0.0
1.7000000000000002 0.98 0.0
1.7000000000000002 1.04 -1.002987123923431e-15
1.7000000000000002 1.1 -1.6373264457988774e-8
1.7000000000000002 1.1600000000000001 -2.617839619213362e-17
1.7000000000000002 1.22 2.562624857132822e-7
1.7000000000000002 1.28 0.020900177291680515
1.7000000000000002 1.34 0.2807602201518624
1.7000000000000002 1.4 0.5655063641353889
1.7000000000000002 1.46 0.19709773104814987
1.7000000000000002 1.52 0.7325862528799335
1.7000000000000002 1.58 0.2091379359080349
1.7000000000000002 1.6400000000000001 0.729714755200188
1.7000000000000002 1.7000000000000002 6.22063724719571
1.7000000000000002 1.76 3.1933623665721673
1.7000000000000002 1.82 0.3540441300033069
1.7000000000000002 1.8800000000000001 4.704909181498325
1.7000000000000002 1.94 1.228541268018703
1.7000000000000002 2.0 0.0076458816224131846
1.7000000000000002 2.06 1.343693528008e-5
1.7000000000000002 2.12 -7.219487417747809e-7
1.7000000000000002 2.18 -1.1687282038541682e-6
1.7000000000000002 2.2399999999999998 1.6335578428988846e-7
1.7000000000000002 2.3000000000000003 1.4116681202746783e-6
1.7000000000000002 2.36 -2.1779232885807534e-6
1.7000000000000002 2.4200000000000004 -2.8401339024329113e-7
1.7000000000000002 2.48 -4.142107190921027e-6
1.7000000000000002 2.5400000000000005 -1.1402126317160897e-10
1.7000000000000002 2.5999999999999996 0.0
1.7000000000000002 2.66 0.0
1.7000000000000002 2.7199999999999998 0.0
1.7000000000000002 2.7800000000000002 0.0
1.7000000000000002 2.84 0.0
1.7000000000000002 2.9000000000000004 0.0
1.7000000000000002 2.9599999999999995 0.0
1.7000000000000002 3.02 0.0
1.7000000000000002 3.0799999999999996 0.0
1.7000000000000002 3.14 0.0
1.7000000000000002 3.1999999999999997 0.0
1.7000000000000002 3.2600000000000002 0.0
1.7000000000000002 3.3200000000000003 0.0
1.7000000000000002 3.38 0.0
1.7000000000000002 3.4399999999999995 0.0
1.7000000000000002 3.5 0.0
1.76 0.5 0.0
1.76 0.56 0.0
1.76 0.62 0.0
1.76 0.6799999999999999 0.0
1.76 0.74 0.0
1.76 0.8 0.0
1.76 0.86 0.0
1.76 0.92 0.0
1.76 0.98 0.0
1.76 1.04 -1.0580083287784167e-15
1.76 1.1 -3.887311437565329e-8
1.76 1.1600000000000001 2.801317429516068e-17
1.76 1.22 -1.1297115319039963e-13
1.76 1.28 9.091372977438966e-11
1.76 1.34 0.0012216996071775152
1.76 1.4 0.676093205352104
1.76 1.46 0.9625735059142493
1.76 1.52 0.3638458690392544
1.76 1.58 1.766967553388109
1.76 1.6400000000000001 0.4566241487532047
1.76 1.7000000000000002 1.3205583422433114
1.76 1.76 8.433141008297438
1.76 1.82 2.7351728951786374
1.76 1.8800000000000001 1.295412870264194
1.76 1.94 5.7801049025291675
1.76 2.0 4.253701331392445
1.76 2.06 0.013473851311781157
1.76 2.12 -1.933543035177282e-5
1.76 2.18 -5.834867587317193e-5
1.76 2.2399999999999998 4.3859729709055313e-7
1.76 2.3000000000000003 1.9112478568149554e-6
1.76 2.36 1.8435476431816006e-8
1.76 2.4200000000000004 1.1322028439071022e-8
1.76 2.48 -0.00020262720187207744
1.76 2.5400000000000005 -5.577985257582131e-9
1.76 2.5999999999999996 0.0
1.76 2.66 0.0
1.76 2.7199999999999998 0.0
1.76 2.7800000000000002 0.0
1.76 2.84 0.0
1.76 2.9000000000000004 0.0
1.76 2.9599999999999995 0.0
1.76 3.02 0.0
1.76 3.0799999999999996 0.0
1.76 3.14 0.0
1.76 3.1999999999999997 0.0
1.76 3.2600000000000002 0.0
1.76 3.3200000000000003 0.0
1.76 3.38 0.0
1.76 3.4399999999999995 0.0
1.76 3.5 0.0
1.82 0.5 0.0
1.82 0.56 0.0
1.82 0.62 0.0
1.82 0.6799999999999999 0.0
1.82 0.74 0.0
1.82 0.8 0.0
1.82 0.86 0.0
1.82 0.92 0.0
1.82 0.98 0.0
1.82 1.04 -1.354332647717517e-15
1.82 1.1 -8.663374105678296e-8
1.82 1.1600000000000001 -2.398444516269676e-16
1.82 1.22 -4.958172017360747e-14
1.82 1.28 2.463291719906815e-13
1.82 1.34 4.877577928449438e-8
1.82 1.4 0.0003989030054386469
1.82 1.46 0.8940394547654702
1.82 1.52 1.8674060931689276
1.82 1.58 0.6879568970453892
1.82 1.6400000000000001 3.2299892650059436
1.82 1.7000000000000002 0.8736662095351797
1.82 1.76 2.111999966172636
1.82 1.82 11.304678351480566
1.82 1.8800000000000001 2.347408523327269
1.82 1.94 1.970852061338269
1.82 2.0 5.277141024633613
1.82 2.06 3.972552535680735
1.82 2.12 0.00897741399066724
1.82 2.18 -2.2229848411559648e-5
1.82 2.2399999999999998 1.006540139979253e-6
1.82 2.3000000000000003 4.8588251266109935e-6
1.82 2.36 -5.980579813944327e-6
1.82 2.4200000000000004 -7.833284712970928e-7
1.82 2.48 7.106868552810671e-6
1.82 2.5400000000000005 1.916858455917102e-10
1.82 2.5999999999999996 0.0
1.82 2.66 0.0
1.82 2.7199999999999998 0.0
1.82 2.7800000000000002 0.0
1.82 2.84 0.0
1.82 2.9000000000000004 0.0
1.82 2.9599999999999995 0.0
1.82 3.02 0.0
1.82 3.0799999999999996 0.0
1.82 3.14 0.0
1.82 3.1999999999999997 0.0
1.82 3.2600000000000002 0.0
1.82 3.3200000000000003 0.0
1.82 3.38 0.0
1.82 3.4399999999999995 0.0
1.82 3.5 0.0
1.8800000000000001 0.5 0.0
1.8800000000000001 0.56 0.0
1.8800000000000001 0.62 0.0
1.8800000000000001 0.6799999999999999 0.0
1.8800000000000001 0.74 0.0
1.8800000000000001 0.8 0.0
1.8800000000000001 0.86 0.0
1.8800000000000001 0.92 0.0
1.8800000000000001 0.98 0.0
1.8800000000000001 1.04 9.925810058847136e-17
1.8800000000000001 1.1 -5.7951157906043735e-9
1.8800000000000001 1.1600000000000001 -1.1647606158191685e-15
1.8800000000000001 1.22 -3.1282046414308637e-15
1.8800000000000001 1.28 1.650114543888314e-14
1.8800000000000001 1.34 2.7970753568113434e-12
1.8800000000000001 1.4 -5.519842628747572e-7
1.8800000000000001 1.46 0.0002698979854806779
1.8800000000000001 1.52 0.9306346709739315
1.8800000000000001 1.58 2.4612702889497315
1.8800000000000001 1.6400000000000001 0.9645556641901929
1.8800000000000001 1.7000000000000002 4.364533572896548
1.8800000000000001 1.76 1.49400824591768
1.8800000000000001 1.82 2.7921207780529693
1.8800000000000001 1.8800000000000001 14.920984328581858
1.8800000000000001 1.94 2.7686678921140393
1.8800000000000001 2.0 1.038128297988354
1.8800000000000001 2.06 4.6576671537795304
1.8800000000000001 2.12 0.3353585880943412
1.8800000000000001 2.18 0.0007507824017538603
1.8800000000000001 2.2399999999999998 0.00018908783746587982
1.8800000000000001 2.3000000000000003 0.0002836220444553538
1.8800000000000001 2.36 -0.0003665263332200086
1.8800000000000001 2.4200000000000004 -4.798397808374586e-5
1.8800000000000001 2.48 4.148994709016885e-5
1.8800000000000001 2.5400000000000005 1.8412553591619638e-9
1.8800000000000001 2.5999999999999996 0.0
1.8800000000000001 2.66 0.0
1.8800000000000001 2.7199999999999998 0.0
1.8800000000000001 2.7800000000000002 0.0
1.8800000000000001 2.84 0.0
1.8800000000000001 2.9000000000000004 0.0
1.8800000000000001 2.9599999999999995 0.0
1.8800000000000001 3.02 0.0
1.8800000000000001 3.0799999999999996 0.0
1.8800000000000001 3.14 0.0
1.8800000000000001 3.1999999999999997 0.0
1.8800000000000001 3.2600000000000002 0.0
1.8800000000000001 3.3200000000000003 0.0
1.8800000000000001 3.38 0.0
1.8800000000000001 3.4399999999999995 0.0
1.8800000000000001 3.5 0.0
1.94 0.5 0.0
1.94 0.56 0.0
1.94 0.62 0.0
1.94 0.6799999999999999 0.0
1.94 0.74 0.0
1.94 0.8 0.0
1.94 0.86 0.0
1.94 0.92 0.0
1.94 0.98 0.0
1.94 1.04 -2.717410397506927e-16
1.94 1.1 -4.737033874942063e-14
1.94 1.1600000000000001 -4.2296431623535395e-17
1.94 1.22 3.080254974564706e-17
1.94 1.28 6.807622649527943e-17
1.94 1.34 -4.899676833127578e-16
1.94 1.4 -5.243324814784085e-9
1.94 1.46 5.11945273784185e-5
1.94 1.52 0.059149658216187576
1.94 1.58 0.022537102430587715
1.94 1.6400000000000001 2.9992532608447733
1.94 1.7000000000000002 1.1577647594168192
1.94 1.76 5.0763575023561565
1.94 1.82 2.236966719625653
1.94 1.8800000000000001 3.2478746867457415
1.94 1.94 17.434755708008378
1.94 2.0 3.288598341062253
1.94 2.06 0.6430792976235841
1.94 2.12 0.030478656134231098
1.94 2.18 0.025120980402902504
1.94 2.2399999999999998 0.00023957018774482702
1.94 2.3000000000000003 0.0003025219987534292
1.94 2.36 -0.00029127559950602975
1.94 2.4200000000000004 -3.812838505684798e-5
1.94 2.48 2.6068719703151326e-7
1.94 2.5400000000000005 5.672021177480805e-10
1.94 2.5999999999999996 0.0
1.94 2.66 0.0
1.94 2.7199999999999998 0.0
1.94 2.7800000000000002 0.0
1.94 2.84 0.0
1.94 2.9000000000000004 0.0
1.94 2.9599999999999995 0.0
1.94 3.02 0.0
1.94 3.0799999999999996 0.0
1.94 3.14 0.0
1.94 3.1999999999999997 0.0
1.94 3.2600000000000002 0.0
1.94 3.3200000000000003 0.0
1.94 3.38 0.0
1.94 3.4399999999999995 0.0
1.94 3.5 0.0
2.0 0.5 0.0
2.0 0.56 0.0
2.0 0.62 0.0
2.0 0.6799999999999999 0.0
2.0 0.74 0.0
2.0 0.8 0.0
2.0 0.86 0.0
2.0 0.92 0.0
2.0 0.98 0.0
2.0 1.04 1.7878439208409805e-16
2.0 1.1 -1.094771781731234e-15
2.0 1.1600000000000001 2.5547130459017092e-17
2.0 1.22 4.4356655841845536e-17
2.0 1.28 3.8186318099121074e-17
2.0 1.34 8.352403340932814e-17
2.0 1.4 -1.7992001548578866e-7
2.0 1.46 3.568681380137167e-7
2.0 1.52 0.00010072133156220225
2.0 1.58 0.04158821426481151
2.0 1.6400000000000001 0.5808735111438563
2.0 1.7000000000000002 2.847041549748498
2.0 1.76 1.2236344546016293
2.0 1.82 5.10648721484955
2.0 1.8800000000000001 2.7426598330865586
2.0 1.94 3.1277689439864904
2.0 2.0 13.020267797679061
2.0 2.06 2.490103813088032
2.0 2.12 0.5415261353400704
2.0 2.18 1.8062333991981718
2.0 2.2399999999999998 0.4607813279047389
2.0 2.3000000000000003 0.007130790389111808
2.0 2.36 -8.708696185214682e-6
2.0 2.4200000000000004 -1.1489392112486073e-6
2.0 2.48 4.668380145286335e-6
2.0 2.5400000000000005 6.999357793710011e-10
2.0 2.5999999999999996 0.0
2.0 2.66 0.0
2.0 2.7199999999999998 0.0
2.0 2.7800000000000002 0.0
2.0 2.84 0.0
2.0 2.9000000000000004 0.0
2.0 2.9599999999999995 0.0
2.0 3.02 0.0
2.0 3.0799999999999996 0.0
2.0 3.14 0.0
2.0 3.1999999999999997 0.0
2.0 3.2600000000000002 0.0
2.0 3.3200000000000003 0.0
2.0 3.38 0.0
2.0 3.4399999999999995 0.0
2.0 3.5 0.0
2.06 0.5 0.0
2.06 0.56 0.0
2.06 0.62 0.0
2.06 0.6799999999999999 0.0
2.06 0.74 0.0
2.06 0.8 0.0
2.06 0.86 0.0
2.06 0.92 0.0
2.06 0.98 0.0
2.06 1.04 5.132216697653217e-16
2.06 1.1 -3.472152252349075e-16
2.06 1.1600000000000001 2.4700643978452957e-17
2.06 1.22 -1.3179608260039853e-16
2.06 1.28 2.7416341181609836e-17
2.06 1.34 4.2845708816976386e-16
2.06 1.4 -1.0255690024159862e-7
2.06 1.46 -1.5737508100239456e-7
2.06 1.52 6.447176310739058e-5
2.06 1.58 -0.0017887243120596565
2.06 1.6400000000000001 0.0006398461144964001
2.06 1.7000000000000002 0.2201946198642732
2.06 1.76 2.132108380620808
2.06 1.82 1.0465525448361446
2.06 1.8800000000000001 4.269549755944426
2.06 1.94 2.9115156516155194
2.06 2.0 3.208977596620014
2.06 2.06 6.732960156117183
2.06 2.12 3.0496026214139658
2.06 2.18 1.4098651437760559
2.06 2.2399999999999998 0.005815369829124973
2.06 2.3000000000000003 0.03252841714092166
2.06 2.36 0.0018523022436104319
2.06 2.4200000000000004 8.787182076696301e-7
2.06 2.48 4.893695927428279e-7
2.06 2.5400000000000005 9.439693315649353e-10
2.06 2.5999999999999996 0.0
2.06 2.66 0.0
2.06 2.7199999999999998 0.0
2.06 2.7800000000000002 0.0
2.06 2.84 0.0
2.06 2.9000000000000004 0.0
2.06 2.9599999999999995 0.0
2.06 3.02 0.0
2.06 3.0799999999999996 0.0
2.06 3.14 0.0
2.06 3.1999999999999997 0.0
2.06 3.2600000000000002 0.0
2.06 3.3200000000000003 0.0
2.06 3.38 0.0
2.06 3.4399999999999995 0.0
2.06 3.5 0.0
2.12 0.5 0.0
2.12 0.56 0.0
2.12 0.62 0.0
2.12 0.6799999999999999 0.0
2.12 0.74 0.0
2.12 0.8 0.0
2.12 0.86 0.0
2.12 0.92 0.0
2.12 0.98 0.0
2.12 1.04 -2.693108364570948e-16
2.12 1.1 -2.8201826987837206e-16
2.12 1.1600000000000001 1.9643743069321447e-18
2.12 1.22 -7.513286983484017e-16
2.12 1.28 -2.5654017981386287e-17
2.12 1.34 6.2557561365915186e-18
2.12 1.4 2.8080207598685164e-8
2.12 1.46 -1.3839389018126334e-7
2.12 1.52 -6.096130137026211e-7
2.12 1.58 -4.71131912637931e-6
2.12 1.6400000000000001 -0.0009568272354041976
2.12 1.7000000000000002 0.015575002182592244
2.12 1.76 0.025312019281857362
2.12 1.82 1.1469072676488195
2.12 1.8800000000000001 0.7810435773902192
2.12 1.94 2.91621437937151
2.12 2.0 2.66109828507501
2.12 2.06 2.3318305913294637
2.12 2.12 2.236299231095982
2.12 2.18 1.6185868082983794
2.12 2.2399999999999998 0.30684820431847326
2.12 2.3000000000000003 0.2660090647325676
2.12 2.36 0.05072484642744037
2.12 2.4200000000000004 0.0004444814796796616
2.12 2.48 -6.359066094634432e-5
2.12 2.5400000000000005 1.4906302789727762e-8
2.12 2.5999999999999996 0.0
2.12 2.66 0.0
2.12 2.7199999999999998 0.0
2.12 2.7800000000000002 0.0
2.12 2.84 0.0
2.12 2.9000000000000004 0.0
2.12 2.9599999999999995 0.0
2.12 3.02 0.0
2.12 3.0799999999999996 0.0
2.12 3.14 0.0
2.12 3.1999999999999997 0.0
2.12 3.2600000000000002 0.0
2.12 3.3200000000000003 0.0
2.12 3.38 0.0
2.12 3.4399999999999995 0.0
2.12 3.5 0.0
2.18 0.5 0.0
2.18 0.56 0.0
2.18 0.62 0.0
2.18 0.6799999999999999 0.0
2.18 0.74 0.0
2.18 0.8 0.0
2.18 0.86 0.0
2.18 0.92 0.0
2.18 0.98 0.0
2.18 1.04 7.937107961670233e-17
2.18 1.1 -1.1530217932642128e-16
2.18 1.1600000000000001 1.419417520421708e-17
2.18 1.22 1.7130379206573027e-16
2.18 1.28 -1.540951804347059e-16
2.18 1.34 -1.4340838204604381e-15
2.18 1.4 4.443161018987604e-9
2.18 1.46 -1.656348082485009e-8
2.18 1.52 3.295236035911977e-5
2.18 1.58 -0.0005068395383396419
2.18 1.6400000000000001 0.0007629673338353162
2.18 1.7000000000000002 0.002551760432303701
2.18 1.76 0.01811731913532833
2.18 1.82 0.028421962137063477
2.18 1.8800000000000001 0.47460331124964256
2.18 1.94 0.49997700776348913
2.18 2.0 1.7008227804785938
2.18 2.06 2.121878565723045
2.18 2.12 1.4660870393296
2.18 2.18 0.5624007717882078
2.18 2.2399999999999998 0.38762024566640296
2.18 2.3000000000000003 0.16906540513086488
2.18 2.36 0.056699551514044384
2.18 2.4200000000000004 0.0006166074631925354
2.18 2.48 1.1858886680170197e-5
2.18 2.5400000000000005 2.1992378558407556e-8
2.18 2.5999999999999996 0.0
2.18 2.66 0.0
2.18 2.7199999999999998 0.0
2.18 2.7800000000000002 0.0
2.18 2.84 0.0
2.18 2.9000000000000004 0.0
2.18 2.9599999999999995 0.0
2.18 3.02 0.0
2.18 3.0799999999999996 0.0
2.18 3.14 0.0
2.18 3.1999999999999997 0.0
2.18 3.2600000000000002 0.0
2.18 3.3200000000000003 0.0
2.18 3.38 0.0
2.18 3.4399999999999995 0.0
2.18 3.5 0.0
2.2399999999999998 0.5 0.0
2.2399999999999998 0.56 0.0
2.2399999999999998 0.62 0.0
2.2399999999999998 0.6799999999999999 0.0
2.2399999999999998 0.74 0.0
2.2399999999999998 0.8 0.0
2.2399999999999998 0.86 0.0
2.2399999999999998 0.92 0.0
2.2399999999999998 0.98 0.0
2.2399999999999998 1.04 -1.0864156386919074e-16
2.2399999999999998 1.1 -1.1238081116586237e-17
2.2399999999999998 1.1600000000000001 -1.1313588002163488e-16
2.2399999999999998 1.22 4.240669160983731e-12
2.2399999999999998 1.28 4.494949400591297e-16
2.2399999999999998 1.34 7.757203737420759e-16
2.2399999999999998 1.4 -9.712419131628312e-9
2.2399999999999998 1.46 -1.638088839567807e-8
2.2399999999999998 1.52 6.0819705378154576e-5
2.2399999999999998 1.58 0.00035248026194570066
2.2399999999999998 1.6400000000000001 0.0006892679251282321
2.2399999999999998 1.7000000000000002 -0.00018963368868945912
2.2399999999999998 1.76 -0.0012759042644681013
2.2399999999999998 1.82 0.006082498482074223
2.2399999999999998 1.8800000000000001 0.026841715912373276
2.2399999999999998 1.94 0.25070260532503685
2.2399999999999998 2.0 0.20997484390000754
2.2399999999999998 2.06 0.8305201576473916
2.2399999999999998 2.12 1.0826324258336948
2.2399999999999998 2.18 0.6746223219754118
2.2399999999999998 2.2399999999999998 0.3051350881665922
2.2399999999999998 2.3000000000000003 0.15663762055060299
2.2399999999999998 2.36 0.09640309713698553
2.2399999999999998 2.4200000000000004 0.008133233582333227
2.2399999999999998 2.48 0.00022514692449504835
2.2399999999999998 2.5400000000000005 6.803472031045002e-6
2.2399999999999998 2.5999999999999996 0.0
2.2399999999999998 2.66 0.0
2.2399999999999998 2.7199999999999998 0.0
2.2399999999999998 2.7800000000000002 0.0
2.2399999999999998 2.84 0.0
2.2399999999999998 2.9000000000000004 0.0
2.2399999999999998 2.9599999999999995 0.0
2.2399999999999998 3.02 0.0
2.2399999999999998 3.0799999999999996 0.0
2.2399999999999998 3.14 0.0
2.2399999999999998 3.1999999999999997 0.0
2.2399999999999998 3.2600000000000002 0.0
2.2399999999999998 3.3200000000000003 0.0
2.2399999999999998 3.38 0.0
2.2399999999999998 3.4399999999999995 0.0
2.2399999999999998 3.5 0.0
2.3000000000000003 0.5 0.0
2.3000000000000003 0.56 0.0
2.3000000000000003 0.62 0.0
2.3000000000000003 0.6799999999999999 0.0
2.3000000000000003 0.74 0.0
2.3000000000000003 0.8 0.0
2.3000000000000003 0.86 0.0
2.3000000000000003 0.92 0.0
2.3000000000000003 0.98 0.0
2.3000000000000003 1.04 -2.240973947517718e-16
2.3000000000000003 1.1 -2.1826632966849854e-18
2.3000000000000003 1.1600000000000001 -1.4374018676561123e-16
2.3000000000000003 1.22 2.4701249463949805e-15
2.3000000000000003 1.28 -9.119549164526735e-17
2.3000000000000003 1.34 1.336446922657161e-14
2.3000000000000003 1.4 3.098701487745677e-8
2.3000000000000003 1.46 2.7924402236689373e-7
2.3000000000000003 1.52 -1.0530210970692544e-5
2.3000000000000003 1.58 0.0004518800817692264
2.3000000000000003 1.6400000000000001 0.00012485159771927768
2.3000000000000003 1.7000000000000002 0.0024838986311515607
2.3000000000000003 1.76 -0.0021416907800123363
2.3000000000000003 1.82 0.0007378925068313114
2.3000000000000003 1.8800000000000001 0.008566229829807996
2.3000000000000003 1.94 0.026012304996077314
2.3000000000000003 2.0 0.17260670307372833
2.3000000000000003 2.06 0.10055487369239055
2.3000000000000003 2.12 0.28814850356541605
2.3000000000000003 2.18 0.4335837554762677
2.3000000000000003 2.2399999999999998 0.2401499628961099
2.3000000000000003 2.3000000000000003 0.03979730980902493
2.3000000000000003 2.36 0.05277163048238954
2.3000000000000003 2.4200000000000004 0.02373755889737275
2.3000000000000003 2.48 0.0018340311602210412
2.3000000000000003 2.5400000000000005 0.0004682741769380731
2.3000000000000003 2.5999999999999996 0.0
2.3000000000000003 2.66 0.0
2.3000000000000003 2.7199999999999998 0.0
2.3000000000000003 2.7800000000000002 0.0
2.3000000000000003 2.84 0.0
2.3000000000000003 2.9000000000000004 0.0
2.3000000000000003 2.9599999999999995 0.0
2.3000000000000003 3.02 0.0
2.3000000000000003 3.0799999999999996 0.0
2.3000000000000003 3.14 0.0
2.3000000000000003 3.1999999999999997 0.0
2.3000000000000003 3.2600000000000002 0.0
2.3000000000000003 3.3200000000000003 0.0
2.3000000000000003 3.38 0.0
2.3000000000000003 3.4399999999999995 0.0
2.3000000000000003 3.5 0.0
2.36 0.5 0.0
2.36 0.56 0.0
2.36 0.62 0.0
2.36 0.6799999999999999 0.0
2.36 0.74 0.0
2.36 0.8 0.0
2.36 0.86 0.0
2.36 0.92 0.0
2.36 0.98 0.0
2.36 1.04 7.684563819230525e-16
2.36 1.1 -1.924251718558978e-18
2.36 1.1600000000000001 -6.559821465781555e-20
2.36 1.22 9.769668782756477e-19
2.36 1.28 1.8947386769854602e-20
2.36 1.34 -1.9299359733629546e-14
2.36 1.4 4.846700507299083e-9
2.36 1.46 2.4572786205771486e-8
2.36 1.52 -8.107351200413563e-7
2.36 1.58 -1.3976685276202255e-7
2.36 1.6400000000000001 0.0004966697908699855
2.36 1.7000000000000002 -0.000243695051162328
2.36 1.76 0.0022180002188508055
2.36 1.82 -0.002726886432932993
2.36 1.8800000000000001 0.0030511281974231167
2.36 1.94 0.010335815671861846
2.36 2.0 0.02693879478813164
2.36 2.06 0.10414423536247241
2.36 2.12 0.03889008488166123
2.36 2.18 0.0735262765783568
2.36 2.2399999999999998 0.12033598852297606
2.36 2.3000000000000003 0.06245110413636612
2.36 2.36 0.005397675534793667
2.36 2.4200000000000004 0.007390780487078101
2.36 2.48 0.0018295251010473058
2.36 2.5400000000000005 1.2757024447722784e-5
2.36 2.5999999999999996 0.0
2.36 2.66 0.0
2.36 2.7199999999999998 0.0
2.36 2.7800000000000002 0.0
2.36 2.84 0.0
2.36 2.9000000000000004 0.0
2.36 2.9599999999999995 0.0
2.36 3.02 0.0
2.36 3.0799999999999996 0.0
2.36 3.14 0.0
2.36 3.1999999999999997 0.0
2.36 3.2600000000000002 0.0
2.36 3.3200000000000003 0.0
2.36 3.38 0.0
2.36 3.4399999999999995 0.0
2.36 3.5 0.0
2.4200000000000004 0.5 0.0
2.4200000000000004 0.56 0.0
2.4200000000000004 0.62 0.0
2.4200000000000004 0.6799999999999999 0.0
2.4200000000000004 0.74 0.0
2.4200000000000004 0.8 0.0
2.4200000000000004 0.86 0.0
2.4200000000000004 0.92 0.0
2.4200000000000004 0.98 0.0
2.4200000000000004 1.04 2.09151443885503e-16
2.4200000000000004 1.1 -7.850904979677219e-19
2.4200000000000004 1.1600000000000001 -2.7019722785964506e-20
2.4200000000000004 1.22 -7.237218494564867e-19
2.4200000000000004 1.28 1.5513133089371826e-20
2.4200000000000004 1.34 -1.5899476281817408e-16
2.4200000000000004 1.4 3.9710234395102015e-15
2.4200000000000004 1.46 -2.0398509283917706e-9
2.4200000000000004 1.52 -2.839822783422179e-13
2.4200000000000004 1.58 2.5857033851216275e-6
2.4200000000000004 1.6400000000000001 -1.5580678308816978e-9
2.4200000000000004 1.7000000000000002 1.6880697029434238e-6
2.4200000000000004 1.76 -4.6703349793815696e-7
2.4200000000000004 1.82 3.232448475609413e-11
2.4200000000000004 1.8800000000000001 -7.748613074362823e-8
2.4200000000000004 1.94 5.2658906297386366e-9
2.4200000000000004 2.0 -0.00012802523815378725
2.4200000000000004 2.06 0.001280267119086918
2.4200000000000004 2.12 0.0033211277083862348
2.4200000000000004 2.18 0.004300945448389995
2.4200000000000004 2.2399999999999998 0.007595944829497215
2.4200000000000004 2.3000000000000003 0.017959125068442005
2.4200000000000004 2.36 0.009276132819847434
2.4200000000000004 2.4200000000000004 0.0033277506806931602
2.4200000000000004 2.48 0.00018018631992340926
2.4200000000000004 2.5400000000000005 4.298323500732617e-12
2.4200000000000004 2.5999999999999996 0.0
2.4200000000000004 2.66 0.0
2.4200000000000004 2.7199999999999998 0.0
2.4200000000000004 2.7800000000000002 0.0
2.4200000000000004 2.84 0.0
2.4200000000000004 2.9000000000000004 0.0
2.4200000000000004 2.9599999999999995 0.0
2.4200000000000004 3.02 0.0
2.4200000000000004 3.0799999999999996 0.0
2.4200000000000004 3.14 0.0
2.4200000000000004 3.1999999999999997 0.0
2.4200000000000004 3.2600000000000002 0.0
2.4200000000000004 3.3200000000000003 0.0
2.4200000000000004 3.38 0.0
2.4200000000000004 3.4399999999999995 0.0
2.4200000000000004 3.5 0.0
2.48 0.5 0.0
2.48 0.56 0.0
2.48 0.62 0.0
2.48 0.6799999999999999 0.0
2.48 0.74 0.0
2.48 0.8 0.0
2.48 0.86 0.0
2.48 0.92 0.0
2.48 0.98 0.0
2.48 1.04 -1.1078899093927086e-16
2.48 1.1 -4.3620940165032133e-20
2.48 1.1600000000000001 1.587168618917431e-20
2.48 1.22 6.216446105300304e-19
2.48 1.28 2.1249152779334446e-21
2.48 1.34 -1.0369180090538444e-16
2.48 1.4 -6.7829294968979465e-15
2.48 1.46 -5.7302021759928524e-11
2.48 1.52 -1.7110977633724925e-13
2.48 1.58 -3.3361206216980605e-9
2.48 1.6400000000000001 1.8949724031896536e-9
2.48 1.7000000000000002 -1.9821676114823422e-7
2.48 1.76 -3.716371392289732e-8
2.48 1.82 1.7619411656765928e-11
2.48 1.8800000000000001 -5.1061063046967434e-8
2.48 1.94 -1.4984569730675796e-10
2.48 2.0 -4.406702006883357e-7
2.48 2.06 -2.0985574004554293e-5
2.48 2.12 4.792820239474006e-5
2.48 2.18 0.0008653550628413593
2.48 2.2399999999999998 0.00042857359141885813
2.48 2.3000000000000003 0.0011948600647326219
2.48 2.36 0.0027135991309927415
2.48 2.4200000000000004 2.0356552643672896e-5
2.48 2.48 0.0006476393318037301
2.48 2.5400000000000005 1.9888059055484237e-5
2.48 2.5999999999999996 0.0
2.48 2.66 0.0
2.48 2.7199999999999998 0.0
2.48 2.7800000000000002 0.0
2.48 2.84 0.0
2.48 2.9000000000000004 0.0
2.48 2.9599999999999995 0.0
2.48 3.02 0.0
2.48 3.0799999999999996 0.0
2.48 3.14 0.0
2.48 3.1999999999999997 0.0
2.48 3.2600000000000002 0.0
2.48 3.3200000000000003 0.0
2.48 3.38 0.0
2.48 3.4399999999999995 0.0
2.48 3.5 0.0
2.5400000000000005 0.5 0.0
2.5400000000000005 0.56 0.0
2.5400000000000005 0.62 0.0
2.5400000000000005 0.6799999999999999 0.0
2.5400000000000005 0.74 0.0
2.5400000000000005 0.8 0.0
2.5400000000000005 0.86 0.0
2.5400000000000005 0.92 0.0
2.5400000000000005 0.98 0.0
2.5400000000000005 1.04 0.0
2.5400000000000005 1.1 0.0
2.5400000000000005 1.1600000000000001 0.0
2.5400000000000005 1.22 0.0
2.5400000000000005 1.28 0.0
2.5400000000000005 1.34 0.0
2.5400000000000005 1.4 0.0
2.5400000000000005 1.46 0.0
2.5400000000000005 1.52 0.0
2.5400000000000005 1.58 0.0
2.5400000000000005 1.6400000000000001 0.0
2.5400000000000005 1.7000000000000002 0.0
2.5400000000000005 1.76 0.0
2.5400000000000005 1.82 0.0
2.5400000000000005 1.8800000000000001 0.0
2.5400000000000005 1.94 0.0
2.5400000000000005 2.0 0.0
2.5400000000000005 2.06 0.0
2.5400000000000005 2.12 0.0
2.5400000000000005 2.18 0.0
2.5400000000000005 2.2399999999999998 0.0
2.5400000000000005 2.3000000000000003 0.0
2.5400000000000005 2.36 0.0
2.5400000000000005 2.4200000000000004 0.0
2.5400000000000005 2.48 0.0
2.5400000000000005 2.5400000000000005 0.0
2.5400000000000005 2.5999999999999996 0.0
2.5400000000000005 2.66 0.0
2.5400000000000005 2.7199999999999998 0.0
2.5400000000000005 2.7800000000000002 0.0
2.5400000000000005 2.84 0.0
2.5400000000000005 2.9000000000000004 0.0
2.5400000000000005 2.9599999999999995 0.0
2.5400000000000005 3.02 0.0
2.5400000000000005 3.0799999999999996 0.0
2.5400000000000005 3.14 0.0
2.5400000000000005 3.1999999999999997 0.0
2.5400000000000005 3.2600000000000002 0.0
2.5400000000000005 3.3200000000000003 0.0
2.5400000000000005 3.38 0.0
2.5400000000000005 3.4399999999999995 0.0
2.5400000000000005 3.5 0.0
2.5999999999999996 0.5 0.0
2.5999999999999996 0.56 0.0
2.5999999999999996 0.62 0.0
2.5999999999999996 0.6799999999999999 0.0
2.5999999999999996 0.74 0.0
2.5999999999999996 0.8 0.0
2.5999999999999996 0.86 0.0
2.5999999999999996 0.92 0.0
2.5999999999999996 0.98 0.0
2.5999999999999996 1.04 0.0
2.5999999999999996 1.1 0.0
2.5999999999999996 1.1600000000000001 0.0
2.5999999999999996 1.22 0.0
2.5999999999999996 1.28 0.0
2.5999999999999996 1.34 0.0
2.5999999999999996 1.4 0.0
2.5999999999999996 1.46 0.0
2.5999999999999996 1.52 0.0
2.5999999999999996 1.58 0.0
2.5999999999999996 1.6400000000000001 0.0
2.5999999999999996 1.7000000000000002 0.0
2.5999999999999996 1.76 0.0
2.5999999999999996 1.82 0.0
2.5999999999999996 1.8800000000000001 0.0
2.5999999999999996 1.94 0.0
2.5999999999999996 2.0 0.0
2.5999999999999996 2.06 0.0
2.5999999999999996 2.12 0.0
2.5999999999999996 2.18 0.0
2.5999999999999996 2.2399999999999998 0.0
2.5999999999999996 2.3000000000000003 0.0
2.5999999999999996 2.36 0.0
2.5999999999999996 2.4200000000000004 0.0
2.5999999999999996 2.48 0.0
2.5999999999999996 2.5400000000000005 0.0
2.5999999999999996 2.5999999999999996 0.0
2.5999999999999996 2.66 0.0
2.5999999999999996 2.7199999999999998 0.0
2.5999999999999996 2.7800000000000002 0.0
2.5999999999999996 2.84 0.0
2.5999999999999996 2.9000000000000004 0.0
2.5999999999999996 2.9599999999999995 0.0
2.5999999999999996 3.02 0.0
2.5999999999999996 3.0799999999999996 0.0
2.5999999999999996 3.14 0.0
2.5999999999999996 3.1999999999999997 0.0
2.5999999999999996 3.2600000000000002 0.0
2.5999999999999996 3.3200000000000003 0.0
2.5999999999999996 3.38 0.0
2.5999999999999996 3.4399999999999995 0.0
2.5999999999999996 3.5 0.0
2.66 0.5 0.0
2.66 0.56 0.0
2.66 0.62 0.0
2.66 0.6799999999999999 0.0
2.66 0.74 0.0
2.66 0.8 0.0
2.66 0.86 0.0
2.66 0.92 0.0
2.66 0.98 0.0
2.66 1.04 0.0
2.66 1.1 0.0
2.66 1.1600000000000001 0.0
2.66 1.22 0.0
2.66 1.28 0.0
2.66 1.34 0.0
2.66 1.4 0.0
2.66 1.46 0.0
2.66 1.52 0.0
2.66 1.58 0.0
2.66 1.6400000000000001 0.0
2.66 1.7000000000000002 0.0
2.66 1.76 0.0
2.66 1.82 0.0
2.66 1.8800000000000001 0.0
2.66 1.94 0.0
2.66 2.0 0.0
2.66 2.06 0.0
2.66 2.12 0.0
2.66 2.18 0.0
2.66 2.2399999999999998 0.0
2.66 2.3000000000000003 0.0
2.66 2.36 0.0
2.66 2.4200000000000004 0.0
2.66 2.48 0.0
2.66 2.5400000000000005 0.0
2.66 2.5999999999999996 0.0
2.66 2.66 0.0
2.66 2.7199999999999998 0.0
2.66 2.7800000000000002 0.0
2.66 2.84 0.0
2.66 2.9000000000000004 0.0
2.66 2.9599999999999995 0.0
2.66 3.02 0.0
2.66 3.0799999999999996 0.0
2.66 3.14 0.0
2.66 3.1999999999999997 0.0
2.66 3.2600000000000002 0.0
2.66 3.3200000000000003 0.0
2.66 3.38 0.0
2.66 3.4399999999999995 0.0
2.66 3.5 0.0
2.7199999999999998 0.5 0.0
2.7199999999999998 0.56 0.0
2.7199999999999998 0.62 0.0
2.7199999999999998 0.6799999999999999 0.0
2.7199999999999998 0.74 0.0
2.7199999999999998 0.8 0.0
2.7199999999999998 0.86 0.0
2.7199999999999998 0.92 0.0
2.7199999999999998 0.98 0.0
2.7199999999999998 1.04 0.0
2.7199999999999998 1.1 0.0
2.7199999999999998 1.1600000000000001 0.0
2.7199999999999998 1.22 0.0
2.7199999999999998 1.28 0.0
2.7199999999999998 1.34 0.0
2.7199999999999998 1.4 0.0
2.7199999999999998 1.46 0.0
2.7199999999999998 1.52 0.0
2.7199999999999998 1.58 0.0
2.7199999999999998 1.6400000000000001 0.0
2.7199999999999998 1.7000000000000002 0.0
2.7199999999999998 1.76 0.0
2.7199999999999998 1.82 0.0
2.7199999999999998 1.8800000000000001 0.0
2.7199999999999998 1.94 0.0
2.7199999999999998 2.0 0.0
2.7199999999999998 2.06 0.0
2.7199999999999998 2.12 0.0
2.7199999999999998 2.18 0.0
2.7199999999999998 2.2399999999999998 0.0
2.7199999999999998 2.3000000000000003 0.0
2.7199999999999998 2.36 0.0
2.7199999999999998 2.4200000000000004 0.0
2.7199999999999998 2.48 0.0
2.7199999999999998 2.5400000000000005 0.0
2.7199999999999998 2.5999999999999996 0.0
2.7199999999999998 2.66 0.0
2.7199999999999998 2.7199999999999998 0.0
2.7199999999999998 2.7800000000000002 0.0
2.7199999999999998 2.84 0.0
2.7199999999999998 2.9000000000000004 0.0
2.7199999999999998 2.9599999999999995 0.0
2.7199999999999998 3.02 0.0
2.7199999999999998 3.0799999999999996 0.0
2.7199999999999998 3.14 0.0
2.7199999999999998 3.1999999999999997 0.0
2.7199999999999998 3.2600000000000002 0.0
2.7199999999999998 3.3200000000000003 0.0
2.7199999999999998 3.38 0.0
2.7199999999999998 3.4399999999999995 0.0
2.7199999999999998 3.5 0.0
2.7800000000000002 0.5 0.0
2.7800000000000002 0.56 0.0
2.7800000000000002 0.62 0.0
2.7800000000000002 0.6799999999999999 0.0
2.7800000000000002 0.74 0.0
2.7800000000000002 0.8 0.0
2.7800000000000002 0.86 0.0
2.7800000000000002 0.92 0.0
2.7800000000000002 0.98 0.0
2.7800000000000002 1.04 0.0
2.7800000000000002 1.1 0.0
2.7800000000000002 1.1600000000000001 0.0
2.7800000000000002 1.22 0.0
2.7800000000000002 1.28 0.0
2.7800000000000002 1.34 0.0
2.7800000000000002 1.4 0.0
2.7800000000000002 1.46 0.0
2.7800000000000002 1.52 0.0
2.7800000000000002 1.58 0.0
2.7800000000000002 1.6400000000000001 0.0
2.7800000000000002 1.7000000000000002 0.0
2.7800000000000002 1.76 0.0
2.7800000000000002 1.82 0.0
2.7800000000000002 1.8800000000000001 0.0
2.7800000000000002 1.94 0.0
2.7800000000000002 2.0 0.0
2.7800000000000002 2.06 0.0
2.7800000000000002 2.12 0.0
2.7800000000000002 2.18 0.0
2.7800000000000002 2.2399999999999998 0.0
2.7800000000000002 2.3000000000000003 0.0
2.7800000000000002 2.36 0.0
2.7800000000000002 2.4200000000000004 0.0
2.7800000000000002 2.48 0.0
2.7800000000000002 2.5400000000000005 0.0
2.7800000000000002 2.5999999999999996 0.0
2.7800000000000002 2.66 0.0
2.7800000000000002 2.7199999999999998 0.0
2.7800000000000002 2.7800000000000002 0.0
2.7800000000000002 2.84 0.0
2.7800000000000002 2.9000000000000004 0.0
2.7800000000000002 2.9599999999999995 0.0
2.7800000000000002 3.02 0.0
2.7800000000000002 3.0799999999999996 0.0
2.7800000000000002 3.14 0.0
2.7800000000000002 3.1999999999999997 0.0
2.7800000000000002 3.2600000000000002 0.0
2.7800000000000002 3.3200000000000003 0.0
2.7800000000000002 3.38 0.0
2.7800000000000002 3.4399999999999995 0.0
2.7800000000000002 3.5 0.0
2.84 0.5 0.0
2.84 0.56 0.0
2.84 0.62 0.0
2.84 0.6799999999999999 0.0
2.84 0.74 0.0
2.84 0.8 0.0
2.84 0.86 0.0
2.84 0.92 0.0
2.84 0.98 0.0
2.84 1.04 0.0
2.84 1.1 0.0
2.84 1.1600000000000001 0.0
2.84 1.22 0.0
2.84 1.28 0.0
2.84 1.34 0.0
2.84 1.4 0.0
2.84 1.46 0.0
2.84 1.52 0.0
2.84 1.58 0.0
2.84 1.6400000000000001 0.0
2.84 1.7000000000000002 0.0
2.84 1.76 0.0
2.84 1.82 0.0
2.84 1.8800000000000001 0.0
2.84 1.94 0.0
2.84 2.0 0.0
2.84 2.06 0.0
2.84 2.12 0.0
2.84 2.18 0.0
2.84 2.2399999999999998 0.0
2.84 2.3000000000000003 0.0
2.84 2.36 0.0
2.84 2.4200000000000004 0.0
2.84 2.48 0.0
2.84 2.5400000000000005 0.0
2.84 2.5999999999999996 0.0
2.84 2.66 0.0
2.84 2.7199999999999998 0.0
2.84 2.7800000000000002 0.0
2.84 2.84 0.0
2.84 2.9000000000000004 0.0
2.84 2.9599999999999995 0.0
2.84 3.02 0.0
2.84 3.0799999999999996 0.0
2.84 3.14 0.0
2.84 3.1999999999999997 0.0
2.84 3.2600000000000002 0.0
2.84 3.3200000000000003 0.0
2.84 3.38 0.0
2.84 3.4399999999999995 0.0
2.84 3.5 0.0
2.9000000000000004 0.5 0.0
2.9000000000000004 0.56 0.0
2.9000000000000004 0.62 0.0
2.9000000000000004 0.6799999999999999 0.0
2.9000000000000004 0.74 0.0
2.9000000000000004 0.8 0.0
2.9000000000000004 0.86 0.0
2.9000000000000004 0.92 0.0
2.9000000000000004 0.98 0.0
2.9000000000000004 1.04 0.0
2.9000000000000004 1.1 0.0
2.9000000000000004 1.1600000000000001 0.0
2.9000000000000004 1.22 0.0
2.9000000000000004 1.28 0.0
2.9000000000000004 1.34 0.0
2.9000000000000004 1.4 0.0
2.9000000000000004 1.46 0.0
2.9000000000000004 1.52 0.0
2.9000000000000004 1.58 0.0
2.9000000000000004 1.6400000000000001 0.0
2.9000000000000004 1.7000000000000002 0.0
2.9000000000000004 1.76 0.0
2.9000000000000004 1.82 0.0
2.9000000000000004 1.8800000000000001 0.0
2.9000000000000004 1.94 0.0
2.9000000000000004 2.0 0.0
2.9000000000000004 2.06 0.0
2.9000000000000004 2.12 0.0
2.9000000000000004 2.18 0.0
2.9000000000000004 2.2399999999999998 0.0
2.9000000000000004 2.3000000000000003 0.0
2.9000000000000004 2.36 0.0
2.9000000000000004 2.4200000000000004 0.0
2.9000000000000004 2.48 0.0
2.9000000000000004 2.5400000000000005 0.0
2.9000000000000004 2.5999999999999996 0.0
2.9000000000000004 2.66 0.0
2.9000000000000004 2.7199999999999998 0.0
2.9000000000000004 2.7800000000000002 0.0
2.9000000000000004 2.84 0.0
2.9000000000000004 2.9000000000000004 0.0
2.9000000000000004 2.9599999999999995 0.0
2.9000000000000004 3.02 0.0
2.9000000000000004 3.0799999999999996 0.0
2.9000000000000004 3.14 0.0
2.9000000000000004 3.1999999999999997 0.0
2.9000000000000004 3.2600000000000002 0.0
2.9000000000000004 3.3200000000000003 0.0
2.9000000000000004 3.38 0.0
2.9000000000000004 3.4399999999999995 0.0
2.9000000000000004 3.5 0.0
2.9599999999999995 0.5 0.0
2.9599999999999995 0.56 0.0
2.9599999999999995 0.62 0.0
2.9599999999999995 0.6799999999999999 0.0
2.9599999999999995 0.74 0.0
2.9599999999999995 0.8 0.0
2.9599999999999995 0.86 0.0
2.9599999999999995 0.92 0.0
2.9599999999999995 0.98 0.0
2.9599999999999995 1.04 0.0
2.9599999999999995 1.1 0.0
2.9599999999999995 1.1600000000000001 0.0
2.9599999999999995 1.22 0.0
2.9599999999999995 1.28 0.0
2.9599999999999995 1.34 0.0
2.9599999999999995 1.4 0.0
2.9599999999999995 1.46 0.0
2.9599999999999995 1.52 0.0
2.9599999999999995 1.58 0.0
2.9599999999999995 1.6400000000000001 0.0
2.9599999999999995 1.7000000000000002 0.0
2.9599999999999995 1.76 0.0
2.9599999999999995 1.82 0.0
2.9599999999999995 1.8800000000000001 0.0
2.9599999999999995 1.94 0.0
2.9599999999999995 2.0 0.0
2.9599999999999995 2.06 0.0
2.9599999999999995 2.12 0.0
2.9599999999999995 2.18 0.0
2.9599999999999995 2.2399999999999998 0.0
2.9599999999999995 2.3000000000000003 0.0
2.9599999999999995 2.36 0.0
2.9599999999999995 2.4200000000000004 0.0
2.9599999999999995 2.48 0.0
2.9599999999999995 2.5400000000000005 0.0
2.9599999999999995 2.5999999999999996 0.0
2.9599999999999995 2.66 0.0
2.9599999999999995 2.7199999999999998 0.0
2.9599999999999995 2.7800000000000002 0.0
2.9599999999999995 2.84 0.0
2.9599999999999995 2.9000000000000004 0.0
2.9599999999999995 2.9599999999999995 0.0
2.9599999999999995 3.02 0.0
2.9599999999999995 3.0799999999999996 0.0
2.9599999999999995 3.14 0.0
2.9599999999999995 3.1999999999999997 0.0
2.9599999999999995 3.2600000000000002 0.0
2.9599999999999995 3.3200000000000003 0.0
2.9599999999999995 3.38 0.0
2.9599999999999995 3.4399999999999995 0.0
2.9599999999999995 3.5 0.0
3.02 0.5 0.0
3.02 0.56 0.0
3.02 0.62 0.0
3.02 0.6799999999999999 0.0
3.02 0.74 0.0
3.02 0.8 0.0
3.02 0.86 0.0
3.02 0.92 0.0
3.02 0.98 0.0
3.02 1.04 0.0
3.02 1.1 0.0
3.02 1.1600000000000001 0.0
3.02 1.22 0.0
3.02 1.28 0.0
3.02 1.34 0.0
3.02 1.4 0.0
3.02 1.46 0.0
3.02 1.52 0.0
3.02 1.58 0.0
3.02 1.6400000000000001 0.0
3.02 1.7000000000000002 0.0
3.02 1.76 0.0
3.02 1.82 0.0
3.02 1.8800000000000001 0.0
3.02 1.94 0.0
3.02 2.0 0.0
3.02 2.06 0.0
3.02 2.12 0.0
3.02 2.18 0.0
3.02 2.2399999999999998 0.0
3.02 2.3000000000000003 0.0
3.02 2.36 0.0
3.02 2.4200000000000004 0.0
3.02 2.48 0.0
3.02 2.5400000000000005 0.0
3.02 2.5999999999999996 0.0
3.02 2.66 0.0
3.02 2.7199999999999998 0.0
3.02 2.7800000000000002 0.0
3.02 2.84 0.0
3.02 2.9000000000000004 0.0
3.02 2.9599999999999995 0.0
3.02 3.02 0.0
3.02 3.0799999999999996 0.0
3.02 3.14 0.0
3.02 3.1999999999999997 0.0
3.02 3.2600000000000002 0.0
3.02 3.3200000000000003 0.0
3.02 3.38 0.0
3.02 3.4399999999999995 0.0
3.02 3.5 0.0
3.0799999999999996 0.5 0.0
3.0799999999999996 0.56 0.0
3.0799999999999996 0.62 0.0
3.0799999999999996 0.6799999999999999 0.0
3.0799999999999996 0.74 0.0
3.0799999999999996 0.8 0.0
3.0799999999999996 0.86 0.0
3.0799999999999996 0.92 0.0
3.0799999999999996 0.98 0.0
3.0799999999999996 1.04 0.0
3.0799999999999996 1.1 0.0
3.0799999999999996 1.1600000000000001 0.0
3.0799999999999996 1.22 0.0
3.0799999999999996 1.28 0.0
3.0799999999999996 1.34 0.0
3.0799999999999996 1.4 0.0
3.0799999999999996 1.46 0.0
3.0799999999999996 1.52 0.0
3.0799999999999996 1.58 0.0
3.0799999999999996 1.6400000000000001 0.0
3.0799999999999996 1.7000000000000002 0.0
3.0799999999999996 1.76 0.0
3.0799999999999996 1.82 0.0
3.0799999999999996 1.8800000000000001 0.0
3.0799999999999996 1.94 0.0
3.0799999999999996 2.0 0.0
3.0799999999999996 2.06 0.0
3.0799999999999996 2.12 0.0
3.0799999999999996 2.18 0.0
3.0799999999999996 2.2399999999999998 0.0
3.0799999999999996 2.3000000000000003 0.0
3.0799999999999996 2.36 0.0
3.0799999999999996 2.4200000000000004 0.0
3.0799999999999996 2.48 0.0
3.0799999999999996 2.5400000000000005 0.0
3.0799999999999996 2.5999999999999996 0.0
3.0799999999999996 2.66 0.0
3.0799999999999996 2.7199999999999998 0.0
3.0799999999999996 2.7800000000000002 0.0
3.0799999999999996 2.84 0.0
3.0799999999999996 2.9000000000000004 0.0
3.0799999999999996 2.9599999999999995 0.0
3.0799999999999996 3.02 0.0
3.0799999999999996 3.0799999999999996 0.0
3.0799999999999996 3.14 0.0
3.0799999999999996 3.1999999999999997 0.0
3.0799999999999996 3.2600000000000002 0.0
3.0799999999999996 3.3200000000000003 0.0
3.0799999999999996 3.38 0.0
3.0799999999999996 3.4399999999999995 0.0
3.0799999999999996 3.5 0.0
3.14 0.5 0.0
3.14 0.56 0.0
3.14 0.62 0.0
3.14 0.6799999999999999 0.0
3.14 0.74 0.0
3.14 0.8 0.0
3.14 0.86 0.0
3.14 0.92 0.0
3.14 0.98 0.0
3.14 1.04 0.0
3.14 1.1 0.0
3.14 1.1600000000000001 0.0
3.14 1.22 0.0
3.14 1.28 0.0
3.14 1.34 0.0
3.14 1.4 0.0
3.14 1.46 0.0
3.14 1.52 0.0
3.14 1.58 0.0
3.14 1.6400000000000001 0.0
3.14 1.7000000000000002 0.0
3.14 1.76 0.0
3.14 1.82 0.0
3.14 1.8800000000000001 0.0
3.14 1.94 0.0
3.14 2.0 0.0
3.14 2.06 0.0
3.14 2.12 0.0
3.14 2.18 0.0
3.14 2.2399999999999998 0.0
3.14 2.3000000000000003 0.0
3.14 2.36 0.0
3.14 2.4200000000000004 0.0
3.14 2.48 0.0
3.14 2.5400000000000005 0.0
3.14 2.5999999999999996 0.0
3.14 2.66 0.0
3.14 2.7199999999999998 0.0
3.14 2.7800000000000002 0.0
3.14 2.84 0.0
3.14 2.9000000000000004 0.0
3.14 2.9599999999999995 0.0
3.14 3.02 0.0
3.14 3.0799999999999996 0.0
3.14 3.14 0.0
3.14 3.1999999999999997 0.0
3.14 3.2600000000000002 0.0
3.14 3.3200000000000003 0.0
3.14 3.38 0.0
3.14 3.4399999999999995 0.0
3.14 3.5 0.0
3.1999999999999997 0.5 0.0
3.1999999999999997 0.56 0.0
3.1999999999999997 0.62 0.0
3.1999999999999997 0.6799999999999999 0.0
3.1999999999999997 0.74 0.0
3.1999999999999997 0.8 0.0
3.1999999999999997 0.86 0.0
3.1999999999999997 0.92 0.0
3.1999999999999997 0.98 0.0
3.1999999999999997 1.04 0.0
3.1999999999999997 1.1 0.0
3.1999999999999997 1.1600000000000001 0.0
3.1999999999999997 1.22 0.0
3.1999999999999997 1.28 0.0
3.1999999999999997 1.34 0.0
3.1999999999999997 1.4 0.0
3.1999999999999997 1.46 0.0
3.1999999999999997 1.52 0.0
3.1999999999999997 1.58 0.0
3.1999999999999997 1.6400000000000001 0.0
3.1999999999999997 1.7000000000000002 0.0
3.1999999999999997 1.76 0.0
3.1999999999999997 1.82 0.0
3.1999999999999997 1.8800000000000001 0.0
3.1999999999999997 1.94 0.0
3.1999999999999997 2.0 0.0
3.1999999999999997 2.06 0.0
3.1999999999999997 2.12 0.0
3.1999999999999997 2.18 0.0
3.1999999999999997 2.2399999999999998 0.0
3.1999999999999997 2.3000000000000003 0.0
3.1999999999999997 2.36 0.0
3.1999999999999997 2.4200000000000004 0.0
3.1999999999999997 2.48 0.0
3.1999999999999997 2.5400000000000005 0.0
3.1999999999999997 2.5999999999999996 0.0
3.1999999999999997 2.66 0.0
3.1999999999999997 2.7199999999999998 0.0
3.1999999999999997 2.7800000000000002 0.0
3.1999999999999997 2.84 0.0
3.1999999999999997 2.9000000000000004 0.0
3.1999999999999997 2.9599999999999995 0.0
3.1999999999999997 3.02 0.0
3.1999999999999997 3.0799999999999996 0.0
3.1999999999999997 3.14 0.0
3.1999999999999997 3.1999999999999997 0.0
3.1999999999999997 3.2600000000000002 0.0
3.1999999999999997 3.3200000000000003 0.0
3.1999999999999997 3.38 0.0
3.1999999999999997 3.4399999999999995 0.0
3.1999999999999997 3.5 0.0
3.2600000000000002 0.5 0.0
3.2600000000000002 0.56 0.0
3.2600000000000002 0.62 0.0
3.2600000000000002 0.6799999999999999 0.0
3.2600000000000002 0.74 0.0
3.2600000000000002 0.8 0.0
3.2600000000000002 0.86 0.0
3.2600000000000002 0.92 0.0
3.2600000000000002 0.98 0.0
3.2600000000000002 1.04 0.0
3.2600000000000002 1.1 0.0
3.2600000000000002 1.1600000000000001 0.0
3.2600000000000002 1.22 0.0
3.2600000000000002 1.28 0.0
3.2600000000000002 1.34 0.0
3.2600000000000002 1.4 0.0
3.2600000000000002 1.46 0.0
3.2600000000000002 1.52 0.0
3.2600000000000002 1.58 0.0
3.2600000000000002 1.6400000000000001 0.0
3.2600000000000002 1.7000000000000002 0.0
3.2600000000000002 1.76 0.0
3.2600000000000002 1.82 0.0
3.2600000000000002 1.8800000000000001 0.0
3.2600000000000002 1.94 0.0
3.2600000000000002 2.0 0.0
3.2600000000000002 2.06 0.0
3.2600000000000002 2.12 0.0
3.2600000000000002 2.18 0.0
3.2600000000000002 2.2399999999999998 0.0
3.2600000000000002 2.3000000000000003 0.0
3.2600000000000002 2.36 0.0
3.2600000000000002 2.4200000000000004 0.0
3.2600000000000002 2.48 0.0
3.2600000000000002 2.5400000000000005 0.0
3.2600000000000002 2.5999999999999996 0.0
3.2600000000000002 2.66 0.0
3.2600000000000002 2.7199999999999998 0.0
3.2600000000000002 2.7800000000000002 0.0
3.2600000000000002 2.84 0.0
3.2600000000000002 2.9000000000000004 0.0
3.2600000000000002 2.9599999999999995 0.0
3.2600000000000002 3.02 0.0
3.2600000000000002 3.0799999999999996 0.0
3.2600000000000002 3.14 0.0
3.2600000000000002 3.1999999999999997 0.0
3.2600000000000002 3.2600000000000002 0.0
3.2600000000000002 3.3200000000000003 0.0
3.2600000000000002 3.38 0.0
3.2600000000000002 3.4399999999999995 0.0
3.2600000000000002 3.5 0.0
3.3200000000000003 0.5 0.0
3.3200000000000003 0.56 0.0
3.3200000000000003 0.62 0.0
3.3200000000000003 0.6799999999999999 0.0
3.3200000000000003 0.74 0.0
3.3200000000000003 0.8 0.0
3.3200000000000003 0.86 0.0
3.3200000000000003 0.92 0.0
3.3200000000000003 0.98 0.0
3.3200000000000003 1.04 0.0
3.3200000000000003 1.1 0.0
3.3200000000000003 1.1600000000000001 0.0
3.3200000000000003 1.22 0.0
3.3200000000000003 1.28 0.0
3.3200000000000003 1.34 0.0
3.3200000000000003 1.4 0.0
3.3200000000000003 1.46 0.0
3.3200000000000003 1.52 0.0
3.3200000000000003 1.58 0.0
3.3200000000000003 1.6400000000000001 0.0
3.3200000000000003 1.7000000000000002 0.0
3.3200000000000003 1.76 0.0
3.3200000000000003 1.82 0.0
3.3200000000000003 1.8800000000000001 0.0
3.3200000000000003 1.94 0.0
3.3200000000000003 2.0 0.0
3.3200000000000003 2.06 0.0
3.3200000000000003 2.12 0.0
3.3200000000000003 2.18 0.0
3.3200000000000003 2.2399999999999998 0.0
3.3200000000000003 2.3000000000000003 0.0
3.3200000000000003 2.36 0.0
3.3200000000000003 2.4200000000000004 0.0
3.3200000000000003 2.48 0.0
3.3200000000000003 2.5400000000000005 0.0
3.3200000000000003 2.5999999999999996 0.0
3.3200000000000003 2.66 0.0
3.3200000000000003 2.7199999999999998 0.0
3.3200000000000003 2.7800000000000002 0.0
3.3200000000000003 2.84 0.0
3.3200000000000003 2.9000000000000004 0.0
3.3200000000000003 2.9599999999999995 0.0
3.3200000000000003 3.02 0.0
3.3200000000000003 3.0799999999999996 0.0
3.3200000000000003 3.14 0.0
3.3200000000000003 3.1999999999999997 0.0
3.3200000000000003 3.2600000000000002 0.0
3.3200000000000003 3.3200000000000003 0.0
3.3200000000000003 3.38 0.0
3.3200000000000003 3.4399999999999995 0.0
3.3200000000000003 3.5 0.0
3.38 0.5 0.0
3.38 0.56 0.0
3.38 0.62 0.0
3.38 0.6799999999999999 0.0
3.38 0.74 0.0
3.38 0.8 0.0
3.38 0.86 0.0
3.38 0.92 0.0
3.38 0.98 0.0
3.38 1.04 0.0
3.38 1.1 0.0
3.38 1.1600000000000001 0.0
3.38 1.22 0.0
3.38 1.28 0.0
3.38 1.34 0.0
3.38 1.4 0.0
3.38 1.46 0.0
3.38 1.52 0.0
3.38 1.58 0.0
3.38 1.6400000000000001 0.0
3.38 1.7000000000000002 0.0
3.38 1.76 0.0
3.38 1.82 0.0
3.38 1.8800000000000001 0.0
3.38 1.94 0.0
3.38 2.0 0.0
3.38 2.06 0.0
3.38 2.12 0.0
3.38 2.18 0.0
3.38 2.2399999999999998 0.0
3.38 2.3000000000000003 0.0
3.38 2.36 0.0
3.38 2.4200000000000004 0.0
3.38 2.48 0.0
3.38 2.5400000000000005 0.0
3.38 2.5999999999999996 0.0
3.38 2.66 0.0
3.38 2.7199999999999998 0.0
3.38 2.7800000000000002 0.0
3.38 2.84 0.0
3.38 2.9000000000000004 0.0
3.38 2.9599999999999995 0.0
3.38 3.02 0.0
3.38 3.0799999999999996 0.0
3.38 3.14 0.0
3.38 3.1999999999999997 0.0
3.38 3.2600000000000002 0.0
3.38 3.3200000000000003 0.0
3.38 3.38 0.0
3.38 3.4399999999999995 0.0
3.38 3.5 0.0
3.4399999999999995 0.5 0.0
3.4399999999999995 0.56 0.0
3.4399999999999995 0.62 0.0
3.4399999999999995 0.6799999999999999 0.0
3.4399999999999995 0.74 0.0
3.4399999999999995 0.8 0.0
3.4399999999999995 0.86 0.0
3.4399999999999995 0.92 0.0
3.4399999999999995 0.98 0.0
3.4399999999999995 1.04 0.0
3.4399999999999995 1.1 0.0
3.4399999999999995 1.1600000000000001 0.0
3.4399999999999995 1.22 0.0
3.4399999999999995 1.28 0.0
3.4399999999999995 1.34 0.0
3.4399999999999995 1.4 0.0
3.4399999999999995 1.46 0.0
3.4399999999999995 1.52 0.0
3.4399999999999995 1.58 0.0
3.4399999999999995 1.6400000000000001 0.0
3.4399999999999995 1.7000000000000002 0.0
3.4399999999999995 1.76 0.0
3.4399999999999995 1.82 0.0
3.4399999999999995 1.8800000000000001 0.0
3.4399999999999995 1.94 0.0
3.4399999999999995 2.0 0.0
3.4399999999999995 2.06 0.0
3.4399999999999995 2.12 0.0
3.4399999999999995 2.18 0.0
3.4399999999999995 2.2399999999999998 0.0
3.4399999999999995 2.3000000000000003 0.0
3.4399999999999995 2.36 0.0
3.4399999999999995 2.4200000000000004 0.0
3.4399999999999995 2.48 0.0
3.4399999999999995 2.5400000000000005 0.0
3.4399999999999995 2.5999999999999996 0.0
3.4399999999999995 2.66 0.0
3.4399999999999995 2.7199999999999998 0.0
3.4399999999999995 2.7800000000000002 0.0
3.4399999999999995 2.84 0.0
3.4399999999999995 2.9000000000000004 0.0
3.4399999999999995 2.9599999999999995 0.0
3.4399999999999995 3.02 0.0
3.4399999999999995 3.0799999999999996 0.0
3.4399999999999995 3.14 0.0
3.4399999999999995 3.1999999999999997 0.0
3.4399999999999995 3.2600000000000002 0.0
3.4399999999999995 3.3200000000000003 0.0
3.4399999999999995 3.38 0.0
3.4399999999999995 3.4399999999999995 0.0
3.4399999999999995 3.5 0.0
3.5 0.5 0.0
3.5 0.56 0.0
3.5 0.62 0.0
3.5 0.6799999999999999 0.0
3.5 0.74 0.0
3.5 0.8 0.0
3.5 0.86 0.0
3.5 0.92 0.0
3.5 0.98 0.0
3.5 1.04 0.0
3.5 1.1 0.0
3.5 1.1600000000000001 0.0
3.5 1.22 0.0
3.5 1.28 0.0
3.5 1.34 0.0
3.5 1.4 0.0
3.5 1.46 0.0
3.5 1.52 0.0
3.5 1.58 0.0
3.5 1.6400000000000001 0.0
3.5 1.7000000000000002 0.0
3.5 1.76 0.0
3.5 1.82 0.0
3.5 1.8800000000000001 0.0
3.5 1.94 0.0
3.5 2.0 0.0
3.5 2.06 0.0
3.5 2.12 0.0
3.5 2.18 0.0
3.5 2.2399999999999998 0.0
3.5 2.3000000000000003 0.0
3.5 2.36 0.0
3.5 2.4200000000000004 0.0
3.5 2.48 0.0
3.5 2.5400000000000005 0.0
3.5 2.5999999999999996 0.0
3.5 2.66 0.0
3.5 2.7199999999999998 0.0
3.5 2.7800000000000002 0.0
3.5 2.84 0.0
3.5 2.9000000000000004 0.0
3.5 2.9599999999999995 0.0
3.5 3.02 0.0
3.5 3.0799999999999996 0.0
3.5 3.14 0.0
3.5 3.1999999999999997 0.0
3.5 3.2600000000000002 0.0
3.5 3.3200000000000003 0.0
3.5 3.38 0.0
3.5 3.4399999999999995 0.0
3.5 3.5 0.0
