8.83 3.64 -5.850902753979866e-13
8.83 3.6799999999999997 -1.5561373759683746e-10
8.83 3.7199999999999998 1.8401029794109942e-9
8.83 3.76 8.130771749441617e-8
8.83 3.8 -1.0456546271570133e-8
8.83 3.8400000000000003 1.1005893252659138e-8
8.83 3.8800000000000003 1.8387832866915188e-8
8.83 3.9200000000000004 9.170598457249573e-8
8.83 3.96 2.3201794329312122e-7
8.83 4.0 3.047078798145667e-7
8.83 4.04 -3.566378023930748e-8
8.83 4.08 1.3925191123897542e-7
8.83 4.12 1.8417124167522707e-7
8.83 4.16 2.0534253637956436e-7
8.83 4.2 5.003630167968021e-8
8.83 4.24 -3.152822453079316e-8
8.83 4.28 7.51896900390543e-9
8.83 4.32 9.052578894336116e-9
8.83 4.36 9.278194700168634e-9
8.83 4.4 -1.200315091141038e-8
8.83 4.4399999999999995 -7.72109780138317e-9
8.83 4.48 -2.0723150037680585e-9
8.83 4.52 -5.112330565900242e-11
9.32 3.64 1.3839552961865635e-8
9.32 3.6799999999999997 8.413383572573689e-7
9.32 3.7199999999999998 0.0004450166294088546
9.32 3.76 0.0003460918868114863
9.32 3.8 0.0007310036524994203
9.32 3.8400000000000003 0.006477645527100791
9.32 3.8800000000000003 0.018711684901664485
9.32 3.9200000000000004 0.017480367830792716
9.32 3.96 0.005763406981080519
9.32 4.0 0.0007230569051936119
9.32 4.04 0.014747260637103852
9.32 4.08 0.0008369532744385508
9.32 4.12 0.012018930544735395
9.32 4.16 0.040562658249586006
9.32 4.2 0.01184639148494401
9.32 4.24 0.007065427332600694
9.32 4.28 0.0020652829580154776
9.32 4.32 0.0025042952713079034
9.32 4.36 0.002461347753483971
9.32 4.4 0.0001487666688785568
9.32 4.4399999999999995 0.0005495374524278224
9.32 4.48 0.00021474321814382257
9.32 4.52 3.79696805465123e-8
9.81 3.64 1.977067431916539e-5
9.81 3.6799999999999997 9.823310838184813e-5
9.81 3.7199999999999998 2.4215624373638665e-5
9.81 3.76 0.01828767781925813
9.81 3.8 0.09602277559504346
9.81 3.8400000000000003 0.2655025165268917
9.81 3.8800000000000003 0.6063206282509797
9.81 3.9200000000000004 1.1331435478614953
9.81 3.96 1.6025668395755823
9.81 4.0 1.9553867202142114
9.81 4.04 2.089771255166406
9.81 4.08 2.089659790971226
9.81 4.12 1.783701437981734
9.81 4.16 0.45553702768665366
9.81 4.2 1.5188800384869212
9.81 4.24 1.1499585725786712
9.81 4.28 0.012784912786841442
9.81 4.32 0.4434466059254158
9.81 4.36 0.23259343692726778
9.81 4.4 0.000315038020424983
9.81 4.4399999999999995 0.04245958842977602
9.81 4.48 0.0006673084764260672
9.81 4.52 0.00039406081958449874
10.3 3.64 1.5324856995431578e-7
10.3 3.6799999999999997 6.698400236200605e-7
10.3 3.7199999999999998 9.989797835855011e-5
10.3 3.76 4.3928480355562774e-6
10.3 3.8 4.879815943922829e-7
10.3 3.8400000000000003 2.434364620535161e-5
10.3 3.8800000000000003 0.00022353457931133692
10.3 3.9200000000000004 0.000881682790876998
10.3 3.96 0.1066763888453274
10.3 4.0 0.015273216152665199
10.3 4.04 0.0715457995149562
10.3 4.08 0.026668816508857777
10.3 4.12 0.10294347748562656
10.3 4.16 0.1497542198180964
10.3 4.2 0.01583684459516369
10.3 4.24 0.010165904166431386
10.3 4.28 0.015688593844123976
10.3 4.32 0.0022041854832695186
10.3 4.36 0.002021888591960131
10.3 4.4 0.00010416039021182011
10.3 4.4399999999999995 8.405382814336327e-6
10.3 4.48 1.146251152339591e-8
10.3 4.52 1.2509670681766334e-6
10.79 3.64 2.2913859178794078e-11
10.79 3.6799999999999997 2.3155040495231882e-8
10.79 3.7199999999999998 2.836216984445259e-7
10.79 3.76 4.237858363468484e-7
10.79 3.8 1.1171293197843532e-8
10.79 3.8400000000000003 -4.893916029012742e-8
10.79 3.8800000000000003 1.2465085767623547e-8
10.79 3.9200000000000004 3.191562228114559e-6
10.79 3.96 3.491166713905949e-6
10.79 4.0 -8.278817305965001e-7
10.79 4.04 3.06149268459089e-7
10.79 4.08 -2.8670257309581976e-8
10.79 4.12 1.19457769625766e-7
10.79 4.16 2.603157821889205e-7
10.79 4.2 1.8392434687405127e-7
10.79 4.24 2.355844607545267e-8
10.79 4.28 -2.8593179276593392e-8
10.79 4.32 -1.2764754187093522e-8
10.79 4.36 5.079735369077893e-9
10.79 4.4 7.024158704073982e-11
10.79 4.4399999999999995 -2.913183136755974e-10
10.79 4.48 -2.8376801053485435e-12
10.79 4.52 -3.3669135431989245e-12
13.73 3.64 -1.0974476075418484e-13
13.73 3.6799999999999997 -7.361788140719694e-12
13.73 3.7199999999999998 -2.1808298198544637e-11
13.73 3.76 -4.213854849179742e-10
13.73 3.8 1.274595900191443e-9
13.73 3.8400000000000003 3.3543085204211485e-9
13.73 3.8800000000000003 8.559355382695709e-9
13.73 3.9200000000000004 1.2403870964887463e-8
13.73 3.96 3.5216304773995597e-9
13.73 4.0 -1.8031150777346845e-8
13.73 4.04 2.2538816825382744e-8
13.73 4.08 2.0437581362064736e-8
13.73 4.12 1.5203127499548294e-7
13.73 4.16 4.7718484075390974e-8
13.73 4.2 4.6999858008494356e-8
13.73 4.24 -5.533867972436538e-9
13.73 4.28 2.301445528072724e-9
13.73 4.32 3.43325204880722e-8
13.73 4.36 1.1774597087145916e-8
13.73 4.4 6.654411972839404e-10
13.73 4.4399999999999995 5.0473691141112006e-8
13.73 4.48 2.491801976438013e-9
13.73 4.52 1.4972878138082983e-9
14.220000000000002 3.64 -6.934476396448203e-10
14.220000000000002 3.6799999999999997 -4.132009835646281e-8
14.220000000000002 3.7199999999999998 -1.4023915663272707e-7
14.220000000000002 3.76 -2.6454973736902993e-6
14.220000000000002 3.8 2.3490897021909744e-6
14.220000000000002 3.8400000000000003 2.12398868965396e-5
14.220000000000002 3.8800000000000003 5.453300425830009e-5
14.220000000000002 3.9200000000000004 8.015487381687963e-5
14.220000000000002 3.96 2.420457795718774e-5
14.220000000000002 4.0 -9.434649771964806e-5
14.220000000000002 4.04 0.00014162793142641887
14.220000000000002 4.08 0.00035652264405157234
14.220000000000002 4.12 0.0012930539816820342
14.220000000000002 4.16 0.0007356685160165679
14.220000000000002 4.2 0.0009806822910019756
14.220000000000002 4.24 0.004341183773769776
14.220000000000002 4.28 0.01164157583483691
14.220000000000002 4.32 0.00017649428812908217
14.220000000000002 4.36 6.110466205597125e-5
14.220000000000002 4.4 8.330738158262579e-6
14.220000000000002 4.4399999999999995 0.00028860094781884665
14.220000000000002 4.48 0.0012483746235452517
14.220000000000002 4.52 0.00025424733948773266
14.709999999999999 3.64 8.861730026829901e-11
14.709999999999999 3.6799999999999997 1.7736978734449591e-9
14.709999999999999 3.7199999999999998 2.5068068472398853e-8
14.709999999999999 3.76 4.038113315641353e-7
14.709999999999999 3.8 1.7424885132639003e-6
14.709999999999999 3.8400000000000003 -2.366966756707486e-6
14.709999999999999 3.8800000000000003 0.00022182834440897788
14.709999999999999 3.9200000000000004 0.0010731884868782535
14.709999999999999 3.96 0.002331452710146785
14.709999999999999 4.0 0.007330184844856992
14.709999999999999 4.04 0.03759645668626275
14.709999999999999 4.08 0.07226883286124498
14.709999999999999 4.12 0.1471812374370391
14.709999999999999 4.16 0.1599684717018402
14.709999999999999 4.2 0.012854385941484407
14.709999999999999 4.24 -0.0009920635753287992
14.709999999999999 4.28 0.005155468842348758
14.709999999999999 4.32 0.007316593512144995
14.709999999999999 4.36 0.003092431775042018
14.709999999999999 4.4 0.007316270570745815
14.709999999999999 4.4399999999999995 0.023784892943589125
14.709999999999999 4.48 0.019791561518440737
14.709999999999999 4.52 0.010372332714042752
15.2 3.64 2.7318720527125705e-10
15.2 3.6799999999999997 3.4272292396054685e-7
15.2 3.7199999999999998 6.389264641014089e-6
15.2 3.76 3.286341210807316e-5
15.2 3.8 3.216596476434963e-5
15.2 3.8400000000000003 0.0027831068687789074
15.2 3.8800000000000003 0.01874109116302402
15.2 3.9200000000000004 0.0610691162629916
15.2 3.96 0.19589216880922458
15.2 4.0 0.24639353448842805
15.2 4.04 0.3602927025589859
15.2 4.08 0.5465150442385458
15.2 4.12 0.5706998967540673
15.2 4.16 0.7967732291978187
15.2 4.2 0.9462908153178055
15.2 4.24 0.8990833164491812
15.2 4.28 0.7214250830535237
15.2 4.32 0.06429209335646498
15.2 4.36 0.21846152509044148
15.2 4.4 0.11036607611753384
15.2 4.4399999999999995 0.05343588586951708
15.2 4.48 0.01536975226726416
15.2 4.52 3.8551670764389525e-5
15.69 3.64 1.823468389332038e-7
15.69 3.6799999999999997 1.4510139331688128e-5
15.69 3.7199999999999998 6.864592649924094e-5
15.69 3.76 8.063475834416206e-5
15.69 3.8 0.007201056168720629
15.69 3.8400000000000003 0.06711871124553685
15.69 3.8800000000000003 0.2760681956271281
15.69 3.9200000000000004 0.5331712222295525
15.69 3.96 0.7892849705894968
15.69 4.0 1.2400555778723255
15.69 4.04 1.4868993401288264
15.69 4.08 1.4197570325150033
15.69 4.12 0.8761033291826691
15.69 4.16 0.49389655897203844
15.69 4.2 0.21132518504845516
15.69 4.24 0.037206438190938454
15.69 4.28 0.034570281325189064
15.69 4.32 0.004977809022261638
15.69 4.36 0.0019785862329684202
15.69 4.4 9.459664847489298e-5
15.69 4.4399999999999995 5.462818762966232e-7
15.69 4.48 1.1203003081706405e-9
15.69 4.52 1.2158635852394837e-10
16.18 3.64 6.191226601997912e-6
16.18 3.6799999999999997 7.037933943117488e-5
16.18 3.7199999999999998 8.542962816988235e-5
16.18 3.76 0.004448881909586798
16.18 3.8 0.061338793941947196
16.18 3.8400000000000003 0.17014443183184458
16.18 3.8800000000000003 0.3175176597644244
16.18 3.9200000000000004 0.5082318386727073
16.18 3.96 0.49752954215309847
16.18 4.0 0.42461044148972804
16.18 4.04 0.2401149652828756
16.18 4.08 0.12156903768255274
16.18 4.12 0.05552553111212816
16.18 4.16 0.0007696154393053489
16.18 4.2 0.0008092455235199661
16.18 4.24 0.0001038867529421797
16.18 4.28 1.4329528264569949e-5
16.18 4.32 1.6752594277396001e-6
16.18 4.36 1.515455921645807e-7
16.18 4.4 -8.22292433754341e-7
16.18 4.4399999999999995 -5.15031785221743e-7
16.18 4.48 -1.33943295206603e-7
16.18 4.52 -1.1514929363830937e-10
16.67 3.64 1.5948132687088215e-6
16.67 3.6799999999999997 2.1548324833968293e-6
16.67 3.7199999999999998 4.0119442971413605e-7
16.67 3.76 0.01345924479072023
16.67 3.8 0.028912551338894848
16.67 3.8400000000000003 0.03761606904365799
16.67 3.8800000000000003 0.03495147397622712
16.67 3.9200000000000004 0.056940338031381425
16.67 3.96 0.0312579403898159
16.67 4.0 0.015467326314879832
16.67 4.04 0.001357050688595583
16.67 4.08 6.311897766590539e-5
16.67 4.12 6.181196844069051e-6
16.67 4.16 2.248992124789788e-5
16.67 4.2 7.082002046330713e-8
16.67 4.24 8.68306927073901e-8
16.67 4.28 2.6353195434816072e-8
16.67 4.32 3.080517165750634e-8
16.67 4.36 1.0626313924073128e-9
16.67 4.4 5.557646015426169e-11
16.67 4.4399999999999995 3.525887803620154e-9
16.67 4.48 -4.345713381312332e-11
16.67 4.52 4.880621872777778e-11
17.16 3.64 4.615360286500541e-8
17.16 3.6799999999999997 -8.023436603150161e-7
17.16 3.7199999999999998 3.5366467081441297e-7
17.16 3.76 0.00015046095958815494
17.16 3.8 0.00026110276008045434
17.16 3.8400000000000003 0.00019962281995501723
17.16 3.8800000000000003 0.00020219233216268212
17.16 3.9200000000000004 0.00039985330578328144
17.16 3.96 0.0002833153778472005
17.16 4.0 8.336968136825035e-5
17.16 4.04 4.39583084467818e-5
17.16 4.08 5.782725073638179e-6
17.16 4.12 5.6171063456389835e-6
17.16 4.16 -7.436326300972362e-7
17.16 4.2 -6.235448179912049e-7
17.16 4.24 3.0351688609426586e-7
17.16 4.28 7.132609942582686e-9
17.16 4.32 1.7820262991357277e-8
17.16 4.36 1.9045559447960282e-8
17.16 4.4 -1.7245684417539391e-9
17.16 4.4399999999999995 6.793818746018619e-10
17.16 4.48 -3.8253692582598234e-10
17.16 4.52 1.2351222399228014e-10
17.65 3.64 -5.9935087437266295e-9
17.65 3.6799999999999997 -1.848143050286498e-7
17.65 3.7199999999999998 9.768314802528328e-9
17.65 3.76 -1.169609857472449e-6
17.65 3.8 -9.982342329474622e-7
17.65 3.8400000000000003 -6.295867275732506e-7
17.65 3.8800000000000003 -9.188833047112202e-7
17.65 3.9200000000000004 2.1627951621493504e-5
17.65 3.96 9.632678614654143e-7
17.65 4.0 3.3036870800865587e-7
17.65 4.04 3.37077241310967e-7
17.65 4.08 9.548868349649495e-7
17.65 4.12 6.761669639286788e-7
17.65 4.16 5.18657670021517e-8
17.65 4.2 3.827525590505812e-8
17.65 4.24 5.7568554099601864e-8
17.65 4.28 9.45702955501988e-10
17.65 4.32 3.4376164733403122e-9
17.65 4.36 -3.570520458540215e-10
17.65 4.4 5.012212644709193e-10
17.65 4.4399999999999995 2.0414929537986504e-10
17.65 4.48 6.890071115070119e-11
17.65 4.52 -1.6076773089617821e-12
18.14 3.64 1.0958785805447833e-12
18.14 3.6799999999999997 -2.8325299026810796e-11
18.14 3.7199999999999998 2.0561483977568414e-11
18.14 3.76 -1.9251615823962036e-10
18.14 3.8 -3.117937561923483e-10
18.14 3.8400000000000003 -4.253007300262485e-10
18.14 3.8800000000000003 3.549128810318326e-10
18.14 3.9200000000000004 3.970910933603935e-8
18.14 3.96 4.313588670990857e-9
18.14 4.0 5.87515485404236e-9
18.14 4.04 1.0267472038214282e-8
18.14 4.08 2.5382408824884713e-8
18.14 4.12 9.963907133636573e-8
18.14 4.16 7.710134695868423e-8
18.14 4.2 2.008029769659658e-7
18.14 4.24 2.0922181628963393e-7
18.14 4.28 1.1123057283151891e-7
18.14 4.32 7.417508700330736e-8
18.14 4.36 2.6872521015667732e-8
18.14 4.4 1.9986539413186815e-8
18.14 4.4399999999999995 6.060973328025548e-9
18.14 4.48 3.278532361268765e-11
18.14 4.52 5.538988342595958e-11
18.63 3.64 1.631354982038713e-11
18.63 3.6799999999999997 9.284013426380465e-10
18.63 3.7199999999999998 -2.430733834273911e-9
18.63 3.76 1.3600815865697432e-8
18.63 3.8 1.8587153737661957e-7
18.63 3.8400000000000003 1.0662400753576826e-6
18.63 3.8800000000000003 1.0755446869380907e-6
18.63 3.9200000000000004 4.1244194718740786e-6
18.63 3.96 4.011515567295076e-5
18.63 4.0 6.987431052794058e-5
18.63 4.04 0.0002064860042134838
18.63 4.08 0.0001840952707463028
18.63 4.12 0.0005649169296997716
18.63 4.16 0.0010172867444850086
18.63 4.2 0.0007773095804542812
18.63 4.24 0.0004872182677084575
18.63 4.28 0.0002872224357444197
18.63 4.32 9.347383272289916e-5
18.63 4.36 1.1769039342046794e-5
18.63 4.4 4.383335683561272e-6
18.63 4.4399999999999995 4.313917609932834e-6
18.63 4.48 1.0949875895158323e-6
18.63 4.52 2.1206189095362707e-8
19.12 3.64 6.924286774188197e-8
19.12 3.6799999999999997 1.472479932799875e-6
19.12 3.7199999999999998 4.983574626961655e-6
19.12 3.76 8.204206935946783e-5
19.12 3.8 0.00022627955967388178
19.12 3.8400000000000003 0.0003160701731285698
19.12 3.8800000000000003 0.0029362196692275765
19.12 3.9200000000000004 0.011590137526374637
19.12 3.96 0.029596271091703923
19.12 4.0 0.04983957446917915
19.12 4.04 0.08202825637904852
19.12 4.08 0.09857249175698546
19.12 4.12 0.18090821481048455
19.12 4.16 0.193275151439346
19.12 4.2 0.09063857722979543
19.12 4.24 0.11711825697048499
19.12 4.28 0.2062790336804477
19.12 4.32 0.03706877473551669
19.12 4.36 0.0247958334850647
19.12 4.4 0.05805973706360854
19.12 4.4399999999999995 0.09534413677000808
19.12 4.48 0.015221869686526012
19.12 4.52 0.00578234199797241
19.61 3.64 -2.218674644365692e-8
19.61 3.6799999999999997 7.131350727010408e-5
19.61 3.7199999999999998 0.0010786338966486688
19.61 3.76 0.003524261554485062
19.61 3.8 0.008624850711340455
19.61 3.8400000000000003 0.0799782304536187
19.61 3.8800000000000003 0.17747995286168733
19.61 3.9200000000000004 0.4441294769982859
19.61 3.96 0.7970451605006155
19.61 4.0 1.1626479382711408
19.61 4.04 1.349387217512869
19.61 4.08 1.7627240697645836
19.61 4.12 1.6016473296883569
19.61 4.16 1.6372153049386575
19.61 4.2 1.5370337199207034
19.61 4.24 0.2660218577315147
19.61 4.28 0.32427776715880996
19.61 4.32 0.5386604182797115
19.61 4.36 0.14640167699097748
19.61 4.4 0.037440846375817266
19.61 4.4399999999999995 0.07860322217343894
19.61 4.48 0.04988553030615754
19.61 4.52 0.012423307634570889
20.1 3.64 1.794262513286235e-5
20.1 3.6799999999999997 0.0008463313983891644
20.1 3.7199999999999998 0.002713726601943121
20.1 3.76 0.017223334256925953
20.1 3.8 0.09728450584583245
20.1 3.8400000000000003 0.19686826299036259
20.1 3.8800000000000003 0.4111775056824356
20.1 3.9200000000000004 0.6303596059138218
20.1 3.96 0.8192869078967907
20.1 4.0 0.8294651957159064
20.1 4.04 0.8950649232872014
20.1 4.08 0.43658950384736267
20.1 4.12 0.20646288154643305
20.1 4.16 0.18461391104198738
20.1 4.2 0.10969508384119929
20.1 4.24 0.02921178430902343
20.1 4.28 0.0036332895724540282
20.1 4.32 0.010388478223179318
20.1 4.36 0.0009007833489868982
20.1 4.4 0.0007084017567997983
20.1 4.4399999999999995 0.0007747173176997763
20.1 4.48 6.327425661046995e-5
20.1 4.52 9.17215887976049e-6
20.59 3.64 5.9417549466214285e-6
20.59 3.6799999999999997 0.00012195451180406925
20.59 3.7199999999999998 0.00011395199549342271
20.59 3.76 0.005419007920925493
20.59 3.8 0.015327052061828345
20.59 3.8400000000000003 0.02554356307082966
20.59 3.8800000000000003 0.03513408093536979
20.59 3.9200000000000004 0.03628193618476282
20.59 3.96 0.028822781410787666
20.59 4.0 0.018133215715781224
20.59 4.04 0.023579819790738026
20.59 4.08 0.0046948001696775436
20.59 4.12 0.0026203055811085383
20.59 4.16 0.0006888548708740922
20.59 4.2 0.0001686025341645078
20.59 4.24 0.00021759263759127043
20.59 4.28 5.308977262259527e-6
20.59 4.32 5.7779275815388836e-5
20.59 4.36 -1.3254208212733014e-6
20.59 4.4 3.0396245059647366e-6
20.59 4.4399999999999995 2.9896808925418784e-6
20.59 4.48 5.12349673180782e-6
20.59 4.52 -8.543532290325618e-8
21.08 3.64 1.1313872260114762e-7
21.08 3.6799999999999997 2.5074141311344204e-6
21.08 3.7199999999999998 2.3778683702284003e-6
21.08 3.76 5.837766322647308e-5
21.08 3.8 9.095632548610732e-5
21.08 3.8400000000000003 0.0001727385572870442
21.08 3.8800000000000003 0.00019232877647851895
21.08 3.9200000000000004 0.0001333040509872258
21.08 3.96 0.00013692753836648693
21.08 4.0 1.0753964795819096e-5
21.08 4.04 6.30916748300009e-5
21.08 4.08 4.730483837132212e-6
21.08 4.12 6.378000437114312e-6
21.08 4.16 -1.0070774565724276e-6
21.08 4.2 1.6276785377069287e-7
21.08 4.24 6.223790152883257e-7
21.08 4.28 -3.1402999749412975e-7
21.08 4.32 -1.5736977465885517e-7
21.08 4.36 -5.073613509402502e-8
21.08 4.4 1.6656321947324494e-9
21.08 4.4399999999999995 3.762230175156175e-9
21.08 4.48 1.414963437173053e-9
21.08 4.52 -2.8829558108858693e-11
21.57 3.64 5.5660265367167324e-11
21.57 3.6799999999999997 1.1705585505059122e-9
21.57 3.7199999999999998 4.869173122159701e-10
21.57 3.76 3.263890186380306e-8
21.57 3.8 4.4624559954922776e-8
21.57 3.8400000000000003 7.235587129255431e-8
21.57 3.8800000000000003 7.433535002194929e-8
21.57 3.9200000000000004 3.967762535062464e-8
21.57 3.96 5.510658232978916e-8
21.57 4.0 3.0487342730437674e-8
21.57 4.04 7.0647047115114615e-9
21.57 4.08 -2.9184078900285466e-10
21.57 4.12 1.68556070265167e-10
21.57 4.16 -2.568330172962376e-10
21.57 4.2 -6.058905534289123e-11
21.57 4.24 5.711722298543902e-11
21.57 4.28 -7.575109363402781e-11
21.57 4.32 -3.313540369742126e-11
21.57 4.36 -9.242503519736639e-13
21.57 4.4 5.593118976271437e-13
21.57 4.4399999999999995 3.4531563734659404e-13
21.57 4.48 1.0603556963324402e-13
21.57 4.52 -5.504886721986766e-15
22.06 3.64 1.0329353840753028e-15
22.06 3.6799999999999997 3.02532594202611e-14
22.06 3.7199999999999998 1.2557158997979685e-13
22.06 3.76 1.4456559830531308e-12
22.06 3.8 1.9520642305994987e-12
22.06 3.8400000000000003 2.2264309172412134e-12
22.06 3.8800000000000003 2.4848632941399725e-12
22.06 3.9200000000000004 3.1170347293872307e-12
22.06 3.96 3.75715906818093e-12
22.06 4.0 3.5922571544225006e-13
22.06 4.04 1.7448841677564566e-13
22.06 4.08 -2.2707134178234754e-14
22.06 4.12 -4.92067018385318e-14
22.06 4.16 -2.431556855248329e-15
22.06 4.2 -2.7391879082458347e-15
22.06 4.24 -6.127822416403591e-16
22.06 4.28 -1.2355838653785496e-14
22.06 4.32 -5.841936023894532e-15
22.06 4.36 -4.0223778387739666e-17
22.06 4.4 -3.158716815755113e-18
22.06 4.4399999999999995 2.2676500777555365e-19
22.06 4.48 1.3551137274165722e-19
22.06 4.52 6.74868393628832e-22
