13.24 3.8400000000000003 3.340275416231238e-17
13.24 3.8800000000000003 2.3379376912437165e-16
13.24 3.9200000000000004 9.322222467276446e-17
13.24 3.96 1.0855499373086857e-14
13.24 4.0 2.669461340203963e-13
13.24 4.04 5.934664621525607e-13
13.24 4.08 2.4139384950289403e-13
13.24 4.12 -8.66744037428155e-14
13.24 4.16 2.478039608240357e-12
13.24 4.2 5.597223384286844e-11
13.24 4.24 3.747458929636183e-10
13.24 4.28 7.096127910378076e-10
13.24 4.32 2.0597410954475136e-9
13.24 4.36 6.310348740158425e-10
13.73 3.8400000000000003 2.8907918181040815e-12
13.73 3.8800000000000003 2.055805677345156e-11
13.73 3.9200000000000004 6.772506389598565e-11
13.73 3.96 3.670697280687019e-9
13.73 4.0 1.1433200070607026e-7
13.73 4.04 6.162261817464325e-7
13.73 4.08 2.8678012643666774e-6
13.73 4.12 7.928458230944936e-6
13.73 4.16 1.3005953444970492e-5
13.73 4.2 3.710916308505272e-5
13.73 4.24 6.79215270314603e-5
13.73 4.28 0.0001685324286031282
13.73 4.32 0.0002795566349308622
13.73 4.36 0.0006193655171438911
14.220000000000002 3.8400000000000003 1.622974302764107e-8
14.220000000000002 3.8800000000000003 1.4207610524912953e-7
14.220000000000002 3.9200000000000004 1.7567511351605417e-6
14.220000000000002 3.96 2.6191675178602362e-5
14.220000000000002 4.0 0.00011028071756187166
14.220000000000002 4.04 0.00033798720204695554
14.220000000000002 4.08 0.003108456114807421
14.220000000000002 4.12 0.006309187905473525
14.220000000000002 4.16 0.009870532606164132
14.220000000000002 4.2 0.015299491187019332
14.220000000000002 4.24 0.02100978952899143
14.220000000000002 4.28 0.02646761659800778
14.220000000000002 4.32 0.02491294454684269
14.220000000000002 4.36 0.023287734315107764
14.709999999999999 3.8400000000000003 4.527888333683561e-6
14.709999999999999 3.8800000000000003 0.00020589318601418823
14.709999999999999 3.9200000000000004 0.0020638353347486363
14.709999999999999 3.96 0.009988975997380143
14.709999999999999 4.0 0.03010516006737425
14.709999999999999 4.04 0.07294002842899144
14.709999999999999 4.08 0.15078279718778478
14.709999999999999 4.12 0.21243698851694195
14.709999999999999 4.16 0.24707074143639524
14.709999999999999 4.2 0.25103203724016687
14.709999999999999 4.24 0.19520248389042555
14.709999999999999 4.28 0.11223563305411129
14.709999999999999 4.32 0.07975990393914185
14.709999999999999 4.36 0.08053710466042399
15.2 3.8400000000000003 0.002496194521803784
15.2 3.8800000000000003 0.02028333986381626
15.2 3.9200000000000004 0.07877275751868117
15.2 3.96 0.21255771391534228
15.2 4.0 0.35955740663423796
15.2 4.04 0.5252882157299303
15.2 4.08 0.6660408165591133
15.2 4.12 0.8636074285225411
15.2 4.16 1.0913084472874404
15.2 4.2 1.255423648418105
15.2 4.24 1.0590651599195884
15.2 4.28 0.7693780177515678
15.2 4.32 0.46057990676854527
15.2 4.36 0.18735901209209366
15.69 3.8400000000000003 0.01827704466593736
15.69 3.8800000000000003 0.0832630045465214
15.69 3.9200000000000004 0.34105568405901965
15.69 3.96 0.8056254479652148
15.69 4.0 1.1995115862629793
15.69 4.04 1.4806195549980234
15.69 4.08 1.3813540827701651
15.69 4.12 1.013846405154399
15.69 4.16 0.6144603883509652
15.69 4.2 0.30801424584218623
15.69 4.24 0.15514907102628236
15.69 4.28 0.019369341227122416
15.69 4.32 0.004635716128522557
15.69 4.36 5.925236894081194e-5
16.18 3.8400000000000003 0.02005832219777589
16.18 3.8800000000000003 0.1775422093076357
16.18 3.9200000000000004 0.453084016603701
16.18 3.96 0.517222002412186
16.18 4.0 0.44146892557912876
16.18 4.04 0.32198013350291166
16.18 4.08 0.17758312587347047
16.18 4.12 0.07941592374116807
16.18 4.16 0.02202149458172785
16.18 4.2 0.0025350836408992144
16.18 4.24 0.0013967865060186843
16.18 4.28 1.5259781607940288e-7
16.18 4.32 1.2653292963283137e-12
16.18 4.36 -1.4415504161099861e-12
16.67 3.8400000000000003 0.01630456587673675
16.67 3.8800000000000003 0.0635814899380847
16.67 3.9200000000000004 0.08296607975634056
16.67 3.96 0.05152185188581499
16.67 4.0 0.026611654174227128
16.67 4.04 0.012083108057121416
16.67 4.08 0.002045325989259185
16.67 4.12 0.0003499989338474654
16.67 4.16 4.2760937232394087e-7
16.67 4.2 1.137767077211046e-10
16.67 4.24 6.771749706025528e-13
16.67 4.28 7.948379809234602e-14
16.67 4.32 1.4177261557294887e-16
16.67 4.36 -1.3310948806085352e-15
17.16 3.8400000000000003 0.002253505582477889
17.16 3.8800000000000003 0.001617303252350452
17.16 3.9200000000000004 0.0010873323185779692
17.16 3.96 0.00027245394111732944
17.16 4.0 9.317807072762281e-5
17.16 4.04 2.6907838037211747e-5
17.16 4.08 2.2709425247486186e-7
17.16 4.12 1.1083213552603888e-10
17.16 4.16 1.596852009168925e-11
17.16 4.2 1.6654636036889243e-11
17.16 4.24 1.5832254659546355e-12
17.16 4.28 5.987535994836039e-13
17.16 4.32 -2.4153692120884895e-14
17.16 4.36 1.0557741691309658e-14
17.65 3.8400000000000003 8.632606912109514e-7
17.65 3.8800000000000003 1.2308139977009718e-5
17.65 3.9200000000000004 5.744427253743272e-6
17.65 3.96 1.6467671268269547e-6
17.65 4.0 7.284706974420823e-7
17.65 4.04 1.744837372814559e-9
17.65 4.08 1.4541094076241372e-9
17.65 4.12 1.7251105986495692e-9
17.65 4.16 2.2506857458472693e-11
17.65 4.2 1.7261370317482614e-11
17.65 4.24 3.223761344935475e-12
17.65 4.28 -2.352956368174016e-12
17.65 4.32 3.9305835351124756e-13
17.65 4.36 -1.25376674498523e-13
