0.994 1.6400000000000001 0.8815522346502616
0.994 1.7000000000000002 2.3398597733817423
0.994 1.76 5.422494728366912
0.994 1.82 11.215427108489116
0.994 1.8800000000000001 12.523628470736456
0.994 1.94 5.718415463038146
0.994 2.0 1.885402331127976
0.994 2.06 1.0244913894866874
0.994 2.12 0.16591334559179666
0.994 2.18 -0.10435067245701896
0.996 1.6400000000000001 0.3166084342054212
0.996 1.7000000000000002 2.220349930609662
0.996 1.76 7.229201280214763
0.996 1.82 10.312667155626533
0.996 1.8800000000000001 14.44189720236443
0.996 1.94 16.65959140330328
0.996 2.0 9.580568740709372
0.996 2.06 2.230093696421327
0.996 2.12 0.6399717524304428
0.996 2.18 0.04147686833544555
0.998 1.6400000000000001 1.3647498694149731
0.998 1.7000000000000002 4.467794358108533
0.998 1.76 9.830728218490698
0.998 1.82 22.513550907969076
0.998 1.8800000000000001 31.6755414961867
0.998 1.94 23.8807823548533
0.998 2.0 11.956671951794725
0.998 2.06 5.908496287473148
0.998 2.12 2.3273014534473906
0.998 2.18 0.3284840177269289
1.0 1.6400000000000001 0.7715701666428594
1.0 1.7000000000000002 4.1330940936252185
1.0 1.76 14.715239419236783
1.0 1.82 25.964288444038633
1.0 1.8800000000000001 32.299099938082506
1.0 1.94 39.97976634734196
1.0 2.0 31.36613760464438
1.0 2.06 12.128408766146162
1.0 2.12 3.454156716499052
1.0 2.18 0.3659695339695705
1.002 1.6400000000000001 1.2539010017758805
1.002 1.7000000000000002 7.13210804227374
1.002 1.76 15.381989413868178
1.002 1.82 27.476137738225106
1.002 1.8800000000000001 45.92278272725744
1.002 1.94 51.88069598364133
1.002 2.0 35.36684786166739
1.002 2.06 15.973448817709965
1.002 2.12 6.487249591983013
1.002 2.18 1.2170850875714312
1.004 1.6400000000000001 0.5856915687180183
1.004 1.7000000000000002 3.5084418114417755
1.004 1.76 14.92563285979819
1.004 1.82 38.09486448180356
1.004 1.8800000000000001 52.699044868195664
1.004 1.94 61.50144475886105
1.004 2.0 54.09429094725954
1.004 2.06 32.723066876152906
1.004 2.12 13.054812960358536
1.004 2.18 1.678297334293607
1.006 1.6400000000000001 0.7171749078643412
1.006 1.7000000000000002 5.941754990789716
1.006 1.76 17.630214067869183
1.006 1.82 30.931418488484546
1.006 1.8800000000000001 49.472779858052824
1.006 1.94 67.18479571058909
1.006 2.0 67.20953659160912
1.006 2.06 39.04026671867339
1.006 2.12 13.087454352523542
1.006 2.18 2.881203438034947
1.008 1.6400000000000001 0.2325297627171873
1.008 1.7000000000000002 2.056721308591001
1.008 1.76 12.91550148514867
1.008 1.82 42.875546069888365
1.008 1.8800000000000001 63.60970257558015
1.008 1.94 73.98329754960349
1.008 2.0 66.29215421037168
1.008 2.06 48.35708067456793
1.008 2.12 29.70764376104857
1.008 2.18 8.497417608017907
1.01 1.6400000000000001 0.3581982829827929
1.01 1.7000000000000002 3.1052333273612365
1.01 1.76 14.661643790419204
1.01 1.82 31.459732584135363
1.01 1.8800000000000001 51.03544491586
1.01 1.94 67.97126995972204
1.01 2.0 76.10887082658701
1.01 2.06 64.42020935985053
1.01 2.12 33.108084983255885
1.01 2.18 9.523924257735901
1.012 1.6400000000000001 0.05903779409132983
1.012 1.7000000000000002 0.8695424551953223
1.012 1.76 7.2276467520769705
1.012 1.82 35.63743608215013
1.012 1.8800000000000001 49.81527210168799
1.012 1.94 66.70721867562628
1.012 2.0 69.82033892260188
1.012 2.06 53.16311991609113
1.012 2.12 34.983623324273175
1.012 2.18 14.48078900109685
1.014 1.6400000000000001 -0.1459359872067763
1.014 1.7000000000000002 0.976555134800988
1.014 1.76 7.764773778331447
1.014 1.82 19.258349479684004
1.014 1.8800000000000001 48.949224347208045
1.014 1.94 59.011253175089585
1.014 2.0 56.084489376181644
1.014 2.06 54.05902904800718
1.014 2.12 52.08606208992684
1.014 2.18 25.145763436062172
1.016 1.6400000000000001 0.11564104225265753
1.016 1.7000000000000002 0.20004455682141495
1.016 1.76 2.9797922100835517
1.016 1.82 20.07035643427306
1.016 1.8800000000000001 19.72435569516167
1.016 1.94 36.81237520646344
1.016 2.0 52.31266142385929
1.016 2.06 53.9659580994441
1.016 2.12 30.968784026643238
1.016 2.18 12.057876911126874
1.018 1.6400000000000001 -0.3362987802928523
1.018 1.7000000000000002 0.23969369581307223
1.018 1.76 1.9192951448062192
1.018 1.82 6.697444647838079
1.018 1.8800000000000001 35.33990699145956
1.018 1.94 41.90991653603442
1.018 2.0 36.39105564926556
1.018 2.06 29.057360158366347
1.018 2.12 30.588441692309843
1.018 2.18 18.409814829281885
1.02 1.6400000000000001 0.022168468778806297
1.02 1.7000000000000002 0.004373896345504473
1.02 1.76 0.9530837908115276
1.02 1.82 8.940790075999423
1.02 1.8800000000000001 9.669540881630516
1.02 1.94 17.11974824698093
1.02 2.0 24.53581921228651
1.02 2.06 25.748070380527764
1.02 2.12 17.079498657287637
1.02 2.18 9.84491606915203
1.022 1.6400000000000001 -0.42255077274745934
1.022 1.7000000000000002 0.05806957226088148
1.022 1.76 0.369188688542588
1.022 1.82 2.930222749688481
1.022 1.8800000000000001 9.042234035528049
1.022 1.94 10.558441430027193
1.022 2.0 7.788342974636605
1.022 2.06 9.495238374277685
1.022 2.12 12.863713479463948
1.022 2.18 5.872331138202675
