1.7000000000000002 1.7000000000000002 2.0 13.975000000000001 20.1 10.3 4.3 1.02
1.7000000000000002 1.7000000000000002 2.0 13.975000000000001 20.1 10.3 4.2 1.0050000000000001
1.7000000000000002 1.7000000000000002 2.0 13.975000000000001 20.1 10.3 4.3 1.02
1.7000000000000002 2.0 1.7000000000000002 20.1 10.3 13.975000000000001 4.2 1.0050000000000001
1.7000000000000002 1.7000000000000002 2.0 13.975000000000001 20.1 10.3 4.3 1.02
1.7000000000000002 2.0 1.7000000000000002 20.1 10.3 13.975000000000001 4.2 1.01
1.7000000000000002 1.7000000000000002 2.0 13.975000000000001 20.1 10.3 4.2 1.01
1.7000000000000002 2.0 1.7000000000000002 20.1 10.3 13.975000000000001 4.2 1.0050000000000001
1.7000000000000002 1.7000000000000002 2.0 13.975000000000001 20.1 10.3 4.2 1.0050000000000001
1.7000000000000002 2.0 1.7000000000000002 20.1 10.3 13.975000000000001 4.2 1.0050000000000001
1.7000000000000002 1.7000000000000002 2.0 13.975000000000001 20.1 10.3 4.3 1.02
1.7000000000000002 2.0 1.7000000000000002 20.1 10.3 13.975000000000001 4.2 1.01
1.7000000000000002 1.7000000000000002 2.0 13.975000000000001 20.1 10.3 4.3 1.02
1.7000000000000002 1.7000000000000002 2.0 13.975000000000001 20.1 10.3 4.2 1.0050000000000001
1.7000000000000002 1.7000000000000002 2.0 13.975000000000001 20.1 10.3 4.2 1.0050000000000001
1.7000000000000002 1.7000000000000002 2.0 13.975000000000001 20.1 10.3 4.2 1.01
1.7000000000000002 1.7000000000000002 2.0 13.975000000000001 20.1 10.3 4.2 1.0050000000000001
1.7000000000000002 1.7000000000000002 2.0 13.975000000000001 20.1 10.3 4.3 1.02
1.7000000000000002 1.7000000000000002 2.0 13.975000000000001 20.1 10.3 4.2 1.0050000000000001
1.7000000000000002 2.0 1.7000000000000002 20.1 10.3 13.975000000000001 4.3 1.02
1.7000000000000002 2.0 1.7000000000000002 20.1 10.3 13.975000000000001 4.3 1.02
1.7000000000000002 2.0 1.7000000000000002 20.1 10.3 13.975000000000001 4.2 1.0050000000000001
1.7000000000000002 1.7000000000000002 2.0 13.975000000000001 20.1 10.3 4.3 1.02
1.7000000000000002 2.0 1.7000000000000002 20.1 10.3 13.975000000000001 4.3 1.02
2.3000000000000003 2.3000000000000003 2.3000000000000003 15.2 20.1 10.3 4.2 1.02
1.7000000000000002 1.7000000000000002 2.0 13.975000000000001 20.1 10.3 4.2 1.01
1.7000000000000002 2.0 1.7000000000000002 20.1 10.3 13.975000000000001 4.2 1.01
1.7000000000000002 1.7000000000000002 2.0 13.975000000000001 20.1 10.3 4.3 1.02
1.7000000000000002 1.7000000000000002 2.0 13.975000000000001 20.1 10.3 4.2 1.0050000000000001
1.7000000000000002 2.0 1.7000000000000002 20.1 10.3 13.975000000000001 4.2 1.0050000000000001
1.7000000000000002 2.0 1.7000000000000002 20.1 10.3 13.975000000000001 4.3 1.02
1.7000000000000002 1.7000000000000002 2.0 13.975000000000001 20.1 10.3 4.3 1.02
1.7000000000000002 1.7000000000000002 2.0 13.975000000000001 20.1 10.3 4.3 1.02
1.7000000000000002 2.0 1.7000000000000002 20.1 10.3 13.975000000000001 4.3 1.02
1.7000000000000002 2.0 1.7000000000000002 20.1 10.3 13.975000000000001 4.2 1.01
1.7000000000000002 2.0 1.7000000000000002 20.1 10.3 13.975000000000001 4.2 1.0050000000000001
1.7000000000000002 2.0 1.7000000000000002 20.1 10.3 13.975000000000001 4.2 1.0050000000000001
1.7000000000000002 1.7000000000000002 2.0 13.975000000000001 20.1 10.3 4.2 1.01
1.7000000000000002 1.7000000000000002 2.0 13.975000000000001 20.1 10.3 4.3 1.02
1.7000000000000002 2.0 1.7000000000000002 20.1 10.3 13.975000000000001 4.2 1.0050000000000001
1.7000000000000002 1.7000000000000002 2.0 13.975000000000001 20.1 10.3 4.2 1.01
1.7000000000000002 1.7000000000000002 2.0 13.975000000000001 20.1 10.3 4.3 1.02
1.7000000000000002 2.0 1.7000000000000002 20.1 10.3 13.975000000000001 4.3 1.02
1.7000000000000002 1.7000000000000002 2.0 13.975000000000001 20.1 10.3 4.2 1.0050000000000001
1.7000000000000002 2.0 1.7000000000000002 20.1 10.3 13.975000000000001 4.2 1.0050000000000001
2.3000000000000003 2.3000000000000003 2.3000000000000003 10.3 15.2 20.1 4.2 1.02
1.7000000000000002 2.0 1.7000000000000002 20.1 10.3 13.975000000000001 4.3 1.02
1.7000000000000002 2.0 1.7000000000000002 20.1 10.3 13.975000000000001 4.2 1.01
1.7000000000000002 2.0 1.7000000000000002 20.1 10.3 13.975000000000001 4.3 1.02
1.7000000000000002 1.7000000000000002 2.0 13.975000000000001 20.1 10.3 4.3 1.02
1.7000000000000002 1.7000000000000002 2.0 13.975000000000001 20.1 10.3 4.3 1.02
1.7000000000000002 2.0 1.7000000000000002 20.1 10.3 13.975000000000001 4.2 1.01
1.7000000000000002 2.0 1.7000000000000002 20.1 10.3 13.975000000000001 4.3 1.02
1.7000000000000002 2.0 1.7000000000000002 20.1 10.3 13.975000000000001 4.3 1.02
1.7000000000000002 1.7000000000000002 2.0 13.975000000000001 20.1 10.3 4.2 1.01
1.7000000000000002 2.0 1.7000000000000002 20.1 10.3 13.975000000000001 4.2 1.0050000000000001
1.7000000000000002 1.7000000000000002 2.0 13.975000000000001 20.1 10.3 4.3 1.02
1.7000000000000002 2.0 1.7000000000000002 20.1 10.3 13.975000000000001 4.3 1.02
1.7000000000000002 2.0 1.7000000000000002 20.1 10.3 13.975000000000001 4.2 1.0050000000000001
1.7000000000000002 2.0 1.7000000000000002 20.1 10.3 13.975000000000001 4.2 1.01
1.7000000000000002 1.7000000000000002 2.0 13.975000000000001 20.1 10.3 4.2 1.01
1.7000000000000002 1.7000000000000002 2.0 13.975000000000001 20.1 10.3 4.3 1.02
2.3000000000000003 2.3000000000000003 2.3000000000000003 20.1 10.3 13.975000000000001 4.2 1.0050000000000001
1.7000000000000002 2.0 1.7000000000000002 20.1 10.3 13.975000000000001 4.2 1.0050000000000001
1.7000000000000002 1.7000000000000002 2.0 13.975000000000001 20.1 10.3 4.3 1.02
1.7000000000000002 2.0 1.7000000000000002 20.1 10.3 13.975000000000001 4.2 1.0050000000000001
1.7000000000000002 2.0 1.7000000000000002 20.1 10.3 13.975000000000001 4.3 1.02
1.7000000000000002 2.0 1.7000000000000002 20.1 10.3 13.975000000000001 4.3 1.02
1.7000000000000002 2.0 1.7000000000000002 20.1 10.3 13.975000000000001 4.2 1.01
2.3000000000000003 2.3000000000000003 2.3000000000000003 13.975000000000001 20.1 10.3 4.3 1.02
1.7000000000000002 1.7000000000000002 2.0 13.975000000000001 20.1 10.3 4.2 1.01
2.3000000000000003 2.3000000000000003 2.3000000000000003 15.2 20.1 10.3 4.2 1.02
1.7000000000000002 2.0 1.7000000000000002 20.1 10.3 13.975000000000001 4.2 1.01
1.7000000000000002 1.7000000000000002 2.0 13.975000000000001 20.1 10.3 4.2 1.01
1.7000000000000002 1.7000000000000002 2.0 13.975000000000001 20.1 10.3 4.3 1.02
1.7000000000000002 2.0 1.7000000000000002 20.1 10.3 13.975000000000001 4.3 1.02
1.7000000000000002 2.0 1.7000000000000002 20.1 10.3 13.975000000000001 4.2 1.0050000000000001
1.7000000000000002 2.0 1.7000000000000002 20.1 10.3 13.975000000000001 4.3 1.02
1.7000000000000002 2.0 1.7000000000000002 20.1 10.3 13.975000000000001 4.2 1.01
1.7000000000000002 2.0 1.7000000000000002 20.1 10.3 13.975000000000001 4.3 1.02
1.7000000000000002 2.0 1.7000000000000002 20.1 10.3 13.975000000000001 4.3 1.02
1.7000000000000002 2.0 1.7000000000000002 20.1 10.3 13.975000000000001 4.2 1.0050000000000001
1.7000000000000002 2.0 1.7000000000000002 20.1 10.3 13.975000000000001 4.3 1.02
1.7000000000000002 2.0 1.7000000000000002 20.1 10.3 13.975000000000001 4.3 1.02
1.7000000000000002 2.0 1.7000000000000002 20.1 10.3 13.975000000000001 4.2 1.0050000000000001
1.7000000000000002 2.0 1.7000000000000002 20.1 10.3 13.975000000000001 4.3 1.02
1.7000000000000002 2.0 1.7000000000000002 20.1 10.3 13.975000000000001 4.3 1.02
1.7000000000000002 2.0 1.7000000000000002 20.1 10.3 13.975000000000001 4.2 1.0050000000000001
1.7000000000000002 1.7000000000000002 2.0 13.975000000000001 20.1 10.3 4.2 1.01
1.7000000000000002 2.0 1.7000000000000002 20.1 10.3 13.975000000000001 4.2 1.01
1.7000000000000002 2.0 1.7000000000000002 20.1 10.3 13.975000000000001 4.3 1.02
1.7000000000000002 2.0 1.7000000000000002 20.1 10.3 13.975000000000001 4.3 1.02
1.7000000000000002 2.0 1.7000000000000002 20.1 10.3 13.975000000000001 4.3 1.02
2.3000000000000003 2.3000000000000003 2.3000000000000003 20.1 10.3 15.2 4.2 1.02
1.7000000000000002 2.0 1.7000000000000002 20.1 10.3 13.975000000000001 4.2 1.01
1.7000000000000002 1.7000000000000002 2.0 13.975000000000001 20.1 10.3 4.2 1.01
1.7000000000000002 1.7000000000000002 2.0 13.975000000000001 20.1 10.3 4.3 1.02
1.7000000000000002 1.7000000000000002 2.0 13.975000000000001 20.1 10.3 4.3 1.02
1.7000000000000002 2.0 1.7000000000000002 20.1 10.3 13.975000000000001 4.2 1.01
1.7000000000000002 1.7000000000000002 2.0 13.975000000000001 20.1 10.3 4.3 1.02
1.7000000000000002 2.0 1.7000000000000002 20.1 10.3 13.975000000000001 4.3 1.02
1.7000000000000002 2.0 1.7000000000000002 20.1 10.3 13.975000000000001 4.3 1.02
1.7000000000000002 1.7000000000000002 2.0 13.975000000000001 20.1 10.3 4.2 1.0050000000000001
1.7000000000000002 2.0 1.7000000000000002 20.1 10.3 13.975000000000001 4.2 1.01
1.7000000000000002 2.0 1.7000000000000002 20.1 10.3 13.975000000000001 4.3 1.02
1.7000000000000002 1.7000000000000002 2.0 13.975000000000001 20.1 10.3 4.2 1.01
1.7000000000000002 2.0 1.7000000000000002 20.1 10.3 13.975000000000001 4.3 1.02
2.3000000000000003 2.3000000000000003 2.3000000000000003 10.3 13.975000000000001 20.1 4.2 1.0050000000000001
2.3000000000000003 2.3000000000000003 2.3000000000000003 15.2 20.1 10.3 4.2 1.02
1.7000000000000002 1.7000000000000002 2.0 13.975000000000001 20.1 10.3 4.3 1.02
1.7000000000000002 2.0 1.7000000000000002 20.1 10.3 13.975000000000001 4.2 1.01
1.7000000000000002 1.7000000000000002 2.0 13.975000000000001 20.1 10.3 4.3 1.02
1.7000000000000002 2.0 1.7000000000000002 20.1 10.3 13.975000000000001 4.2 1.0050000000000001
1.7000000000000002 2.0 1.7000000000000002 20.1 10.3 13.975000000000001 4.2 1.0050000000000001
1.7000000000000002 1.7000000000000002 2.0 13.975000000000001 20.1 10.3 4.3 1.02
1.7000000000000002 2.0 1.7000000000000002 20.1 10.3 13.975000000000001 4.3 1.02
1.7000000000000002 1.7000000000000002 2.0 13.975000000000001 20.1 10.3 4.3 1.02
1.7000000000000002 2.0 1.7000000000000002 20.1 10.3 13.975000000000001 4.3 1.02
1.7000000000000002 2.0 1.7000000000000002 20.1 10.3 13.975000000000001 4.2 1.01
1.7000000000000002 2.0 1.7000000000000002 20.1 10.3 13.975000000000001 4.2 1.0050000000000001
1.7000000000000002 2.0 1.7000000000000002 20.1 10.3 13.975000000000001 4.2 1.01
1.7000000000000002 1.7000000000000002 2.0 13.975000000000001 20.1 10.3 4.2 1.0050000000000001
1.7000000000000002 1.7000000000000002 2.0 13.975000000000001 20.1 10.3 4.2 1.01
1.7000000000000002 1.7000000000000002 2.0 13.975000000000001 20.1 10.3 4.3 1.02
1.7000000000000002 2.0 1.7000000000000002 20.1 10.3 13.975000000000001 4.2 1.0050000000000001
2.3000000000000003 2.3000000000000003 2.3000000000000003 10.3 13.975000000000001 20.1 4.2 1.0050000000000001
1.7000000000000002 2.0 1.7000000000000002 20.1 10.3 13.975000000000001 4.2 1.01
1.7000000000000002 1.7000000000000002 2.0 13.975000000000001 20.1 10.3 4.2 1.0050000000000001
1.7000000000000002 1.7000000000000002 2.0 13.975000000000001 20.1 10.3 4.3 1.02
1.7000000000000002 1.7000000000000002 2.0 13.975000000000001 20.1 10.3 4.3 1.02
1.7000000000000002 2.0 1.7000000000000002 20.1 10.3 13.975000000000001 4.3 1.02
1.7000000000000002 1.7000000000000002 2.0 13.975000000000001 20.1 10.3 4.3 1.02
1.7000000000000002 1.7000000000000002 2.0 13.975000000000001 20.1 10.3 4.2 1.01
1.7000000000000002 1.7000000000000002 2.0 13.975000000000001 20.1 10.3 4.2 1.0050000000000001
1.7000000000000002 2.0 1.7000000000000002 20.1 10.3 13.975000000000001 4.2 1.01
1.7000000000000002 1.7000000000000002 2.0 13.975000000000001 20.1 10.3 4.3 1.02
1.7000000000000002 2.0 1.7000000000000002 20.1 10.3 13.975000000000001 4.3 1.02
1.7000000000000002 2.0 1.7000000000000002 20.1 10.3 13.975000000000001 4.3 1.02
1.7000000000000002 1.7000000000000002 2.0 13.975000000000001 20.1 10.3 4.3 1.02
1.7000000000000002 1.7000000000000002 2.0 13.975000000000001 20.1 10.3 4.3 1.02
1.7000000000000002 2.0 1.7000000000000002 20.1 10.3 13.975000000000001 4.2 1.0050000000000001
1.7000000000000002 1.7000000000000002 2.0 13.975000000000001 20.1 10.3 4.2 1.0050000000000001
1.7000000000000002 2.0 1.7000000000000002 20.1 10.3 13.975000000000001 4.2 1.0050000000000001
1.7000000000000002 2.0 1.7000000000000002 20.1 10.3 13.975000000000001 4.2 1.0050000000000001
1.7000000000000002 1.7000000000000002 2.0 13.975000000000001 20.1 10.3 4.2 1.0050000000000001
1.7000000000000002 2.0 1.7000000000000002 20.1 10.3 13.975000000000001 4.2 1.0050000000000001
1.7000000000000002 1.7000000000000002 2.0 13.975000000000001 20.1 10.3 4.2 1.01
1.7000000000000002 2.0 1.7000000000000002 20.1 10.3 13.975000000000001 4.3 1.02
1.7000000000000002 2.0 1.7000000000000002 20.1 10.3 13.975000000000001 4.2 1.01
1.7000000000000002 1.7000000000000002 2.0 13.975000000000001 20.1 10.3 4.2 1.01
1.7000000000000002 2.0 1.7000000000000002 20.1 10.3 13.975000000000001 4.3 1.02
1.7000000000000002 2.0 1.7000000000000002 20.1 10.3 13.975000000000001 4.2 1.0050000000000001
1.7000000000000002 2.0 1.7000000000000002 20.1 10.3 13.975000000000001 4.3 1.02
1.7000000000000002 2.0 1.7000000000000002 20.1 10.3 13.975000000000001 4.2 1.0050000000000001
1.7000000000000002 1.7000000000000002 2.0 13.975000000000001 20.1 10.3 4.3 1.02
2.0 2.1500000000000004 2.3000000000000003 10.3 16.425 20.1 3.8 0.995
1.7000000000000002 1.7000000000000002 2.0 13.975000000000001 20.1 10.3 4.3 1.02
1.7000000000000002 2.0 1.7000000000000002 20.1 10.3 13.975000000000001 4.2 1.0050000000000001
2.0 2.0 2.0 20.1 10.3 15.2 4.0 1.0
1.7000000000000002 1.7000000000000002 2.0 13.975000000000001 20.1 10.3 4.2 1.0050000000000001
1.7000000000000002 1.7000000000000002 2.0 13.975000000000001 20.1 10.3 4.2 1.0050000000000001
1.7000000000000002 1.7000000000000002 2.0 13.975000000000001 20.1 10.3 4.2 1.0050000000000001
1.7000000000000002 2.0 1.7000000000000002 20.1 10.3 13.975000000000001 4.3 1.02
1.7000000000000002 1.7000000000000002 2.0 13.975000000000001 20.1 10.3 4.3 1.02
1.7000000000000002 1.7000000000000002 2.0 13.975000000000001 20.1 10.3 4.3 1.02
2.3000000000000003 2.3000000000000003 2.3000000000000003 15.2 20.1 10.3 4.2 1.02
1.7000000000000002 1.7000000000000002 2.0 13.975000000000001 20.1 10.3 4.2 1.0050000000000001
1.7000000000000002 1.7000000000000002 2.0 13.975000000000001 20.1 10.3 4.2 1.01
1.7000000000000002 2.0 1.7000000000000002 20.1 10.3 13.975000000000001 4.2 1.0050000000000001
1.7000000000000002 2.0 1.7000000000000002 20.1 10.3 13.975000000000001 4.3 1.02
1.7000000000000002 1.7000000000000002 2.0 13.975000000000001 20.1 10.3 4.3 1.02
1.7000000000000002 1.7000000000000002 2.0 13.975000000000001 20.1 10.3 4.2 1.01
2.3000000000000003 2.3000000000000003 2.3000000000000003 20.1 10.3 13.975000000000001 4.2 1.0050000000000001
1.7000000000000002 2.0 1.7000000000000002 20.1 10.3 13.975000000000001 4.2 1.01
1.7000000000000002 1.7000000000000002 2.0 13.975000000000001 20.1 10.3 4.3 1.02
1.7000000000000002 2.0 1.7000000000000002 20.1 10.3 13.975000000000001 4.2 1.0050000000000001
1.7000000000000002 2.0 1.7000000000000002 20.1 10.3 13.975000000000001 4.2 1.01
1.7000000000000002 1.7000000000000002 2.0 13.975000000000001 20.1 10.3 4.2 1.01
1.7000000000000002 1.7000000000000002 2.0 13.975000000000001 20.1 10.3 4.2 1.01
1.7000000000000002 1.7000000000000002 2.0 13.975000000000001 20.1 10.3 4.2 1.0050000000000001
1.7000000000000002 2.0 1.7000000000000002 20.1 10.3 13.975000000000001 4.2 1.0050000000000001
1.7000000000000002 1.7000000000000002 2.0 13.975000000000001 20.1 10.3 4.3 1.02
1.7000000000000002 2.0 1.7000000000000002 20.1 10.3 13.975000000000001 4.2 1.0050000000000001
1.7000000000000002 1.7000000000000002 2.0 13.975000000000001 20.1 10.3 4.3 1.02
1.7000000000000002 2.0 1.7000000000000002 20.1 10.3 13.975000000000001 4.3 1.02
1.7000000000000002 1.7000000000000002 2.0 13.975000000000001 20.1 10.3 4.3 1.02
1.7000000000000002 2.0 1.7000000000000002 20.1 10.3 13.975000000000001 4.3 1.02
1.7000000000000002 1.7000000000000002 2.0 13.975000000000001 20.1 10.3 4.2 1.01
2.3000000000000003 2.3000000000000003 2.3000000000000003 20.1 10.3 15.2 4.2 1.02
1.7000000000000002 1.7000000000000002 2.0 13.975000000000001 20.1 10.3 4.3 1.02
1.7000000000000002 1.7000000000000002 2.0 13.975000000000001 20.1 10.3 4.2 1.0050000000000001
1.7000000000000002 2.0 1.7000000000000002 20.1 10.3 13.975000000000001 4.2 1.0050000000000001
1.7000000000000002 2.0 1.7000000000000002 20.1 10.3 13.975000000000001 4.3 1.02
1.7000000000000002 2.0 1.7000000000000002 20.1 10.3 13.975000000000001 4.3 1.02
1.7000000000000002 1.7000000000000002 2.0 13.975000000000001 20.1 10.3 4.2 1.0050000000000001
1.7000000000000002 2.0 1.7000000000000002 20.1 10.3 13.975000000000001 4.2 1.0050000000000001
1.7000000000000002 2.0 1.7000000000000002 20.1 10.3 13.975000000000001 4.2 1.0050000000000001
2.0 2.0 2.0 20.1 10.3 13.975000000000001 4.0 0.99
1.7000000000000002 2.0 1.7000000000000002 20.1 10.3 13.975000000000001 4.3 1.02
1.7000000000000002 2.0 1.7000000000000002 20.1 10.3 13.975000000000001 4.2 1.01
1.7000000000000002 2.0 1.7000000000000002 20.1 10.3 13.975000000000001 4.2 1.01
2.3000000000000003 2.4499999999999997 2.1500000000000004 16.425 20.1 10.3 3.8 1.0
1.7000000000000002 1.7000000000000002 2.0 13.975000000000001 20.1 10.3 4.3 1.02
1.7000000000000002 1.7000000000000002 2.0 13.975000000000001 20.1 10.3 4.3 1.02
1.7000000000000002 1.7000000000000002 2.0 13.975000000000001 20.1 10.3 4.2 1.01
1.7000000000000002 1.7000000000000002 2.0 13.975000000000001 20.1 10.3 4.3 1.02
1.7000000000000002 1.7000000000000002 2.0 13.975000000000001 20.1 10.3 4.2 1.01
1.7000000000000002 2.0 1.7000000000000002 20.1 10.3 13.975000000000001 4.2 1.0050000000000001
1.7000000000000002 1.7000000000000002 2.0 13.975000000000001 20.1 10.3 4.2 1.01
1.7000000000000002 2.0 1.7000000000000002 20.1 10.3 13.975000000000001 4.2 1.0050000000000001
1.7000000000000002 1.7000000000000002 2.0 13.975000000000001 20.1 10.3 4.2 1.01
1.7000000000000002 2.0 1.7000000000000002 20.1 10.3 13.975000000000001 4.2 1.01
1.7000000000000002 2.0 1.7000000000000002 20.1 10.3 13.975000000000001 4.3 1.02
1.7000000000000002 1.7000000000000002 2.0 13.975000000000001 20.1 10.3 4.3 1.02
2.3000000000000003 2.3000000000000003 2.3000000000000003 10.3 15.2 20.1 4.2 1.02
1.7000000000000002 2.0 1.7000000000000002 20.1 10.3 13.975000000000001 4.3 1.02
1.7000000000000002 2.0 1.7000000000000002 20.1 10.3 13.975000000000001 4.3 1.02
1.7000000000000002 2.0 1.7000000000000002 20.1 10.3 13.975000000000001 4.3 1.02
1.7000000000000002 2.0 1.7000000000000002 20.1 10.3 13.975000000000001 4.2 1.01
1.7000000000000002 2.0 1.7000000000000002 20.1 10.3 13.975000000000001 4.3 1.02
1.7000000000000002 2.0 1.7000000000000002 20.1 10.3 13.975000000000001 4.2 1.01
1.7000000000000002 1.7000000000000002 2.0 13.975000000000001 20.1 10.3 4.2 1.0050000000000001
1.7000000000000002 2.0 1.7000000000000002 20.1 10.3 13.975000000000001 4.2 1.0050000000000001
1.7000000000000002 1.7000000000000002 2.0 13.975000000000001 20.1 10.3 4.2 1.01
1.7000000000000002 2.0 1.7000000000000002 20.1 10.3 13.975000000000001 4.3 1.02
1.7000000000000002 2.0 1.7000000000000002 20.1 10.3 13.975000000000001 4.3 1.02
1.7000000000000002 1.7000000000000002 2.0 13.975000000000001 20.1 10.3 4.2 1.0050000000000001
1.7000000000000002 1.7000000000000002 2.0 13.975000000000001 20.1 10.3 4.2 1.0050000000000001
2.3000000000000003 2.3000000000000003 2.3000000000000003 10.3 13.975000000000001 20.1 4.2 1.01
1.7000000000000002 2.0 1.7000000000000002 20.1 10.3 13.975000000000001 4.3 1.02
1.7000000000000002 1.7000000000000002 2.0 13.975000000000001 20.1 10.3 4.2 1.01
2.0 2.1500000000000004 2.3000000000000003 10.3 16.425 20.1 3.9000000000000004 1.0050000000000001
1.7000000000000002 2.0 1.7000000000000002 20.1 10.3 13.975000000000001 4.2 1.0050000000000001
1.7000000000000002 2.0 1.7000000000000002 20.1 10.3 13.975000000000001 4.2 1.01
1.7000000000000002 1.7000000000000002 2.0 13.975000000000001 20.1 10.3 4.3 1.02
1.7000000000000002 1.7000000000000002 2.0 13.975000000000001 20.1 10.3 4.2 1.0050000000000001
1.7000000000000002 2.0 1.7000000000000002 20.1 10.3 13.975000000000001 4.2 1.01
1.7000000000000002 1.7000000000000002 2.0 13.975000000000001 20.1 10.3 4.2 1.01
1.7000000000000002 2.0 1.7000000000000002 20.1 10.3 13.975000000000001 4.3 1.02
1.7000000000000002 2.0 1.7000000000000002 20.1 10.3 13.975000000000001 4.2 1.0050000000000001
1.7000000000000002 1.7000000000000002 2.0 13.975000000000001 20.1 10.3 4.3 1.02
1.7000000000000002 1.7000000000000002 2.0 13.975000000000001 20.1 10.3 4.3 1.02
1.7000000000000002 1.7000000000000002 2.0 13.975000000000001 20.1 10.3 4.2 1.01
1.7000000000000002 2.0 1.7000000000000002 20.1 10.3 13.975000000000001 4.3 1.02
2.1500000000000004 2.0 2.0 10.3 13.975000000000001 20.1 4.0 0.9849999999999999
1.7000000000000002 2.0 1.7000000000000002 20.1 10.3 13.975000000000001 4.3 1.02
1.7000000000000002 2.0 1.7000000000000002 20.1 10.3 13.975000000000001 4.3 1.02
1.7000000000000002 2.0 1.7000000000000002 20.1 10.3 13.975000000000001 4.2 1.0050000000000001
1.7000000000000002 2.0 1.7000000000000002 20.1 10.3 13.975000000000001 4.2 1.01
1.7000000000000002 2.0 1.7000000000000002 20.1 10.3 13.975000000000001 4.3 1.02
1.7000000000000002 2.0 1.7000000000000002 20.1 10.3 13.975000000000001 4.3 1.02
1.7000000000000002 2.0 1.7000000000000002 20.1 10.3 13.975000000000001 4.2 1.01
1.7000000000000002 1.7000000000000002 2.0 13.975000000000001 20.1 10.3 4.3 1.02
1.7000000000000002 2.0 1.7000000000000002 20.1 10.3 13.975000000000001 4.3 1.02
1.7000000000000002 1.7000000000000002 2.0 13.975000000000001 20.1 10.3 4.2 1.01
1.7000000000000002 1.7000000000000002 2.0 13.975000000000001 20.1 10.3 4.2 1.0050000000000001
1.7000000000000002 1.7000000000000002 2.0 13.975000000000001 20.1 10.3 4.3 1.02
1.7000000000000002 1.7000000000000002 2.0 13.975000000000001 20.1 10.3 4.3 1.02
1.7000000000000002 2.0 1.7000000000000002 20.1 10.3 13.975000000000001 4.2 1.0050000000000001
1.7000000000000002 1.7000000000000002 2.0 13.975000000000001 20.1 10.3 4.2 1.01
1.7000000000000002 1.7000000000000002 2.0 13.975000000000001 20.1 10.3 4.3 1.02
1.7000000000000002 2.0 1.7000000000000002 20.1 10.3 13.975000000000001 4.2 1.0050000000000001
1.7000000000000002 2.0 1.7000000000000002 20.1 10.3 13.975000000000001 4.2 1.01
1.7000000000000002 2.0 1.7000000000000002 20.1 10.3 13.975000000000001 4.3 1.02
1.7000000000000002 1.7000000000000002 2.0 13.975000000000001 20.1 10.3 4.3 1.02
1.7000000000000002 1.7000000000000002 2.0 13.975000000000001 20.1 10.3 4.3 1.02
1.7000000000000002 1.7000000000000002 2.0 13.975000000000001 20.1 10.3 4.3 1.02
1.7000000000000002 2.0 1.7000000000000002 20.1 10.3 13.975000000000001 4.2 1.01
1.7000000000000002 1.7000000000000002 2.0 13.975000000000001 20.1 10.3 4.2 1.0050000000000001
1.7000000000000002 2.0 1.7000000000000002 20.1 10.3 13.975000000000001 4.2 1.0050000000000001
1.7000000000000002 2.0 1.7000000000000002 20.1 10.3 13.975000000000001 4.2 1.01
1.7000000000000002 2.0 1.7000000000000002 20.1 10.3 13.975000000000001 4.2 1.0050000000000001
1.7000000000000002 2.0 1.7000000000000002 20.1 10.3 13.975000000000001 4.2 1.01
1.7000000000000002 2.0 1.7000000000000002 20.1 10.3 13.975000000000001 4.3 1.02
1.7000000000000002 2.0 1.7000000000000002 20.1 10.3 13.975000000000001 4.2 1.0050000000000001
1.7000000000000002 2.0 1.7000000000000002 20.1 10.3 13.975000000000001 4.2 1.0050000000000001
1.7000000000000002 2.0 1.7000000000000002 20.1 10.3 13.975000000000001 4.2 1.01
1.7000000000000002 2.0 1.7000000000000002 20.1 10.3 13.975000000000001 4.2 1.0050000000000001
1.7000000000000002 1.7000000000000002 2.0 13.975000000000001 20.1 10.3 4.2 1.0050000000000001
1.7000000000000002 2.0 1.7000000000000002 20.1 10.3 13.975000000000001 4.2 1.0050000000000001
1.7000000000000002 1.7000000000000002 2.0 13.975000000000001 20.1 10.3 4.3 1.02
1.7000000000000002 2.0 1.7000000000000002 20.1 10.3 13.975000000000001 4.2 1.01
1.7000000000000002 1.7000000000000002 2.0 13.975000000000001 20.1 10.3 4.3 1.02
1.7000000000000002 1.7000000000000002 2.0 13.975000000000001 20.1 10.3 4.2 1.01
1.7000000000000002 2.0 1.7000000000000002 20.1 10.3 13.975000000000001 4.2 1.01
1.7000000000000002 2.0 1.7000000000000002 20.1 10.3 13.975000000000001 4.3 1.02
1.7000000000000002 2.0 1.7000000000000002 20.1 10.3 13.975000000000001 4.2 1.01
1.7000000000000002 2.0 1.7000000000000002 20.1 10.3 13.975000000000001 4.2 1.01
1.7000000000000002 1.7000000000000002 2.0 13.975000000000001 20.1 10.3 4.2 1.0050000000000001
1.7000000000000002 2.0 1.7000000000000002 20.1 10.3 13.975000000000001 4.2 1.0050000000000001
1.7000000000000002 1.7000000000000002 2.0 13.975000000000001 20.1 10.3 4.3 1.02
1.7000000000000002 2.0 1.7000000000000002 20.1 10.3 13.975000000000001 4.2 1.01
1.7000000000000002 1.7000000000000002 2.0 13.975000000000001 20.1 10.3 4.3 1.02
1.7000000000000002 1.7000000000000002 2.0 13.975000000000001 20.1 10.3 4.3 1.02
1.7000000000000002 1.7000000000000002 2.0 13.975000000000001 20.1 10.3 4.3 1.02
1.7000000000000002 2.0 1.7000000000000002 20.1 10.3 13.975000000000001 4.2 1.01
1.7000000000000002 2.0 1.7000000000000002 20.1 10.3 13.975000000000001 4.2 1.01
1.7000000000000002 2.0 1.7000000000000002 20.1 10.3 13.975000000000001 4.3 1.02
1.7000000000000002 2.0 1.7000000000000002 20.1 10.3 13.975000000000001 4.3 1.02
1.7000000000000002 2.0 1.7000000000000002 20.1 10.3 13.975000000000001 4.2 1.0050000000000001
1.7000000000000002 1.7000000000000002 2.0 13.975000000000001 20.1 10.3 4.3 1.02
1.7000000000000002 2.0 1.7000000000000002 20.1 10.3 13.975000000000001 4.2 1.01
1.7000000000000002 1.7000000000000002 2.0 13.975000000000001 20.1 10.3 4.3 1.02
1.7000000000000002 1.7000000000000002 2.0 13.975000000000001 20.1 10.3 4.3 1.02
1.7000000000000002 2.0 1.7000000000000002 20.1 10.3 13.975000000000001 4.2 1.0050000000000001
1.7000000000000002 2.0 1.7000000000000002 20.1 10.3 13.975000000000001 4.2 1.0050000000000001
1.7000000000000002 1.7000000000000002 2.0 13.975000000000001 20.1 10.3 4.2 1.01
1.7000000000000002 2.0 1.7000000000000002 20.1 10.3 13.975000000000001 4.2 1.01
1.7000000000000002 2.0 1.7000000000000002 20.1 10.3 13.975000000000001 4.3 1.02
1.7000000000000002 1.7000000000000002 2.0 13.975000000000001 20.1 10.3 4.3 1.02
1.7000000000000002 2.0 1.7000000000000002 20.1 10.3 13.975000000000001 4.2 1.0050000000000001
1.7000000000000002 1.7000000000000002 2.0 13.975000000000001 20.1 10.3 4.3 1.02
2.1500000000000004 2.3000000000000003 2.3000000000000003 10.3 15.2 20.1 3.8 0.99
1.7000000000000002 1.7000000000000002 2.0 13.975000000000001 20.1 10.3 4.2 1.0050000000000001
1.7000000000000002 1.7000000000000002 2.0 13.975000000000001 20.1 10.3 4.2 1.01
1.7000000000000002 2.0 1.7000000000000002 20.1 10.3 13.975000000000001 4.2 1.01
1.7000000000000002 1.7000000000000002 2.0 13.975000000000001 20.1 10.3 4.3 1.02
1.7000000000000002 1.7000000000000002 2.0 13.975000000000001 20.1 10.3 4.2 1.01
1.7000000000000002 1.7000000000000002 2.0 13.975000000000001 20.1 10.3 4.3 1.02
1.7000000000000002 2.0 1.7000000000000002 20.1 10.3 13.975000000000001 4.2 1.01
1.7000000000000002 1.7000000000000002 2.0 13.975000000000001 20.1 10.3 4.2 1.0050000000000001
1.7000000000000002 2.0 1.7000000000000002 20.1 10.3 13.975000000000001 4.2 1.01
1.7000000000000002 2.0 1.7000000000000002 20.1 10.3 13.975000000000001 4.3 1.02
1.7000000000000002 1.7000000000000002 2.0 13.975000000000001 20.1 10.3 4.3 1.02
1.7000000000000002 2.0 1.7000000000000002 20.1 10.3 13.975000000000001 4.2 1.0050000000000001
1.7000000000000002 1.7000000000000002 2.0 13.975000000000001 20.1 10.3 4.2 1.01
1.7000000000000002 1.7000000000000002 2.0 13.975000000000001 20.1 10.3 4.2 1.01
1.7000000000000002 1.7000000000000002 2.0 13.975000000000001 20.1 10.3 4.2 1.0050000000000001
1.7000000000000002 1.7000000000000002 2.0 13.975000000000001 20.1 10.3 4.3 1.02
2.3000000000000003 2.3000000000000003 2.3000000000000003 20.1 10.3 13.975000000000001 4.2 1.0050000000000001
1.7000000000000002 2.0 1.7000000000000002 20.1 10.3 13.975000000000001 4.3 1.02
2.3000000000000003 2.3000000000000003 2.3000000000000003 20.1 10.3 13.975000000000001 4.2 1.01
1.7000000000000002 2.0 1.7000000000000002 20.1 10.3 13.975000000000001 4.2 1.01
1.7000000000000002 1.7000000000000002 2.0 13.975000000000001 20.1 10.3 4.2 1.01
1.7000000000000002 2.0 1.7000000000000002 20.1 10.3 13.975000000000001 4.3 1.02
1.7000000000000002 2.0 1.7000000000000002 20.1 10.3 13.975000000000001 4.2 1.01
2.3000000000000003 2.3000000000000003 2.3000000000000003 20.1 10.3 13.975000000000001 4.1 1.0
1.7000000000000002 1.7000000000000002 2.0 13.975000000000001 20.1 10.3 4.2 1.01
1.7000000000000002 1.7000000000000002 2.0 13.975000000000001 20.1 10.3 4.2 1.0050000000000001
1.7000000000000002 2.0 1.7000000000000002 20.1 10.3 13.975000000000001 4.3 1.02
1.7000000000000002 1.7000000000000002 2.0 13.975000000000001 20.1 10.3 4.2 1.0050000000000001
2.0 2.1500000000000004 2.3000000000000003 10.3 16.425 20.1 3.9000000000000004 1.0050000000000001
1.7000000000000002 1.7000000000000002 2.0 13.975000000000001 20.1 10.3 4.3 1.02
1.7000000000000002 1.7000000000000002 2.0 13.975000000000001 20.1 10.3 4.2 1.0050000000000001
1.7000000000000002 2.0 1.7000000000000002 20.1 10.3 13.975000000000001 4.2 1.01
1.7000000000000002 1.7000000000000002 2.0 13.975000000000001 20.1 10.3 4.3 1.02
1.7000000000000002 2.0 1.7000000000000002 20.1 10.3 13.975000000000001 4.2 1.0050000000000001
1.7000000000000002 2.0 1.7000000000000002 20.1 10.3 13.975000000000001 4.2 1.0050000000000001
1.7000000000000002 2.0 1.7000000000000002 20.1 10.3 13.975000000000001 4.3 1.02
1.7000000000000002 1.7000000000000002 2.0 13.975000000000001 20.1 10.3 4.3 1.02
1.7000000000000002 1.7000000000000002 2.0 13.975000000000001 20.1 10.3 4.2 1.01
1.7000000000000002 1.7000000000000002 2.0 13.975000000000001 20.1 10.3 4.2 1.01
1.7000000000000002 2.0 1.7000000000000002 20.1 10.3 13.975000000000001 4.2 1.0050000000000001
1.7000000000000002 1.7000000000000002 2.0 13.975000000000001 20.1 10.3 4.3 1.02
1.7000000000000002 2.0 1.7000000000000002 20.1 10.3 13.975000000000001 4.2 1.0050000000000001
1.7000000000000002 2.0 1.7000000000000002 20.1 10.3 13.975000000000001 4.2 1.01
1.7000000000000002 1.7000000000000002 2.0 13.975000000000001 20.1 10.3 4.3 1.02
1.7000000000000002 1.7000000000000002 2.0 13.975000000000001 20.1 10.3 4.3 1.02
1.7000000000000002 1.7000000000000002 2.0 13.975000000000001 20.1 10.3 4.3 1.02
1.7000000000000002 2.0 1.7000000000000002 20.1 10.3 13.975000000000001 4.3 1.02
1.7000000000000002 1.7000000000000002 2.0 13.975000000000001 20.1 10.3 4.2 1.01
1.7000000000000002 2.0 1.7000000000000002 20.1 10.3 13.975000000000001 4.3 1.02
1.7000000000000002 2.0 1.7000000000000002 20.1 10.3 13.975000000000001 4.3 1.02
1.7000000000000002 2.0 1.7000000000000002 20.1 10.3 13.975000000000001 4.2 1.01
1.7000000000000002 2.0 1.7000000000000002 20.1 10.3 13.975000000000001 4.2 1.0050000000000001
1.7000000000000002 1.7000000000000002 2.0 13.975000000000001 20.1 10.3 4.3 1.02
1.7000000000000002 1.7000000000000002 2.0 13.975000000000001 20.1 10.3 4.2 1.01
1.7000000000000002 2.0 1.7000000000000002 20.1 10.3 13.975000000000001 4.2 1.0050000000000001
2.3000000000000003 2.3000000000000003 2.3000000000000003 15.2 20.1 10.3 4.2 1.02
1.7000000000000002 1.7000000000000002 2.0 13.975000000000001 20.1 10.3 4.3 1.02
1.7000000000000002 2.0 1.7000000000000002 20.1 10.3 13.975000000000001 4.3 1.02
1.7000000000000002 1.7000000000000002 2.0 13.975000000000001 20.1 10.3 4.3 1.02
1.7000000000000002 2.0 1.7000000000000002 20.1 10.3 13.975000000000001 4.2 1.01
2.0 2.1500000000000004 2.3000000000000003 10.3 16.425 20.1 3.9000000000000004 1.0050000000000001
1.7000000000000002 1.7000000000000002 2.0 13.975000000000001 20.1 10.3 4.2 1.01
2.3000000000000003 2.3000000000000003 2.3000000000000003 13.975000000000001 20.1 10.3 4.2 1.0050000000000001
1.7000000000000002 2.0 1.7000000000000002 20.1 10.3 13.975000000000001 4.3 1.02
1.7000000000000002 1.7000000000000002 2.0 13.975000000000001 20.1 10.3 4.3 1.02
1.7000000000000002 1.7000000000000002 2.0 13.975000000000001 20.1 10.3 4.3 1.02
2.3000000000000003 2.3000000000000003 2.3000000000000003 15.2 20.1 10.3 4.2 1.02
1.7000000000000002 1.7000000000000002 2.0 13.975000000000001 20.1 10.3 4.3 1.02
1.7000000000000002 1.7000000000000002 2.0 13.975000000000001 20.1 10.3 4.3 1.02
1.7000000000000002 2.0 1.7000000000000002 20.1 10.3 13.975000000000001 4.3 1.02
1.7000000000000002 2.0 1.7000000000000002 20.1 10.3 13.975000000000001 4.3 1.02
1.7000000000000002 2.0 1.7000000000000002 20.1 10.3 13.975000000000001 4.2 1.01
1.7000000000000002 2.0 1.7000000000000002 20.1 10.3 13.975000000000001 4.3 1.02
1.7000000000000002 2.0 1.7000000000000002 20.1 10.3 13.975000000000001 4.3 1.02
1.7000000000000002 2.0 1.7000000000000002 20.1 10.3 13.975000000000001 4.3 1.02
2.3000000000000003 2.3000000000000003 2.3000000000000003 13.975000000000001 20.1 10.3 4.3 1.02
1.7000000000000002 1.7000000000000002 2.0 13.975000000000001 20.1 10.3 4.3 1.02
1.7000000000000002 1.7000000000000002 2.0 13.975000000000001 20.1 10.3 4.2 1.01
1.7000000000000002 1.7000000000000002 2.0 13.975000000000001 20.1 10.3 4.2 1.01
1.7000000000000002 2.0 1.7000000000000002 20.1 10.3 13.975000000000001 4.2 1.01
1.7000000000000002 2.0 1.7000000000000002 20.1 10.3 13.975000000000001 4.3 1.02
2.3000000000000003 2.3000000000000003 2.3000000000000003 10.3 13.975000000000001 20.1 4.2 1.0050000000000001
1.7000000000000002 2.0 1.7000000000000002 20.1 10.3 13.975000000000001 4.2 1.0050000000000001
1.7000000000000002 1.7000000000000002 2.0 13.975000000000001 20.1 10.3 4.3 1.02
1.7000000000000002 2.0 1.7000000000000002 20.1 10.3 13.975000000000001 4.2 1.0050000000000001
1.7000000000000002 2.0 1.7000000000000002 20.1 10.3 13.975000000000001 4.2 1.01
1.7000000000000002 2.0 1.7000000000000002 20.1 10.3 13.975000000000001 4.3 1.02
1.7000000000000002 2.0 1.7000000000000002 20.1 10.3 13.975000000000001 4.3 1.02
1.7000000000000002 1.7000000000000002 2.0 13.975000000000001 20.1 10.3 4.2 1.01
1.7000000000000002 1.7000000000000002 2.0 13.975000000000001 20.1 10.3 4.2 1.0050000000000001
1.7000000000000002 1.7000000000000002 2.0 13.975000000000001 20.1 10.3 4.2 1.0050000000000001
2.1500000000000004 2.3000000000000003 2.4499999999999997 10.3 16.425 20.1 3.8 0.995
1.7000000000000002 1.7000000000000002 2.0 13.975000000000001 20.1 10.3 4.3 1.02
1.7000000000000002 2.0 1.7000000000000002 20.1 10.3 13.975000000000001 4.2 1.0050000000000001
1.7000000000000002 1.7000000000000002 2.0 13.975000000000001 20.1 10.3 4.2 1.01
1.7000000000000002 2.0 1.7000000000000002 20.1 10.3 13.975000000000001 4.2 1.0050000000000001
1.7000000000000002 2.0 1.7000000000000002 20.1 10.3 13.975000000000001 4.2 1.01
1.7000000000000002 1.7000000000000002 2.0 13.975000000000001 20.1 10.3 4.3 1.02
2.3000000000000003 2.3000000000000003 2.3000000000000003 20.1 10.3 15.2 4.2 1.02
1.7000000000000002 2.0 1.7000000000000002 20.1 10.3 13.975000000000001 4.2 1.0050000000000001
1.7000000000000002 2.0 1.7000000000000002 20.1 10.3 13.975000000000001 4.3 1.02
1.7000000000000002 2.0 1.7000000000000002 20.1 10.3 13.975000000000001 4.3 1.02
2.0 2.0 2.0 15.2 20.1 10.3 4.0 1.0
1.7000000000000002 1.7000000000000002 2.0 13.975000000000001 20.1 10.3 4.2 1.01
1.7000000000000002 2.0 1.7000000000000002 20.1 10.3 13.975000000000001 4.2 1.01
1.7000000000000002 1.7000000000000002 2.0 13.975000000000001 20.1 10.3 4.2 1.0050000000000001
1.7000000000000002 1.7000000000000002 2.0 13.975000000000001 20.1 10.3 4.2 1.0050000000000001
1.7000000000000002 1.7000000000000002 2.0 13.975000000000001 20.1 10.3 4.3 1.02
1.7000000000000002 1.7000000000000002 2.0 13.975000000000001 20.1 10.3 4.2 1.0050000000000001
1.7000000000000002 2.0 1.7000000000000002 20.1 10.3 13.975000000000001 4.2 1.0050000000000001
1.7000000000000002 2.0 1.7000000000000002 20.1 10.3 13.975000000000001 4.2 1.0050000000000001
1.7000000000000002 1.7000000000000002 2.0 13.975000000000001 20.1 10.3 4.3 1.02
1.7000000000000002 1.7000000000000002 2.0 13.975000000000001 20.1 10.3 4.2 1.0050000000000001
2.3000000000000003 2.3000000000000003 2.3000000000000003 13.975000000000001 20.1 10.3 4.2 1.01
1.7000000000000002 2.0 1.7000000000000002 20.1 10.3 13.975000000000001 4.2 1.0050000000000001
1.7000000000000002 2.0 1.7000000000000002 20.1 10.3 13.975000000000001 4.2 1.01
2.3000000000000003 2.3000000000000003 2.3000000000000003 20.1 10.3 13.975000000000001 4.2 1.01
1.7000000000000002 2.0 1.7000000000000002 20.1 10.3 13.975000000000001 4.2 1.0050000000000001
1.7000000000000002 1.7000000000000002 2.0 13.975000000000001 20.1 10.3 4.2 1.01
1.7000000000000002 2.0 1.7000000000000002 20.1 10.3 13.975000000000001 4.3 1.02
1.7000000000000002 2.0 1.7000000000000002 20.1 10.3 13.975000000000001 4.2 1.01
2.3000000000000003 2.3000000000000003 2.3000000000000003 13.975000000000001 20.1 10.3 4.2 1.0050000000000001
1.7000000000000002 2.0 1.7000000000000002 20.1 10.3 13.975000000000001 4.3 1.02
1.7000000000000002 1.7000000000000002 2.0 13.975000000000001 20.1 10.3 4.2 1.01
1.7000000000000002 1.7000000000000002 2.0 13.975000000000001 20.1 10.3 4.3 1.02
1.7000000000000002 2.0 1.7000000000000002 20.1 10.3 13.975000000000001 4.3 1.02
2.3000000000000003 2.3000000000000003 2.3000000000000003 15.2 20.1 10.3 4.2 1.02
1.7000000000000002 2.0 1.7000000000000002 20.1 10.3 13.975000000000001 4.2 1.0050000000000001
1.7000000000000002 1.7000000000000002 2.0 13.975000000000001 20.1 10.3 4.3 1.02
1.7000000000000002 1.7000000000000002 2.0 13.975000000000001 20.1 10.3 4.2 1.0050000000000001
1.7000000000000002 2.0 1.7000000000000002 20.1 10.3 13.975000000000001 4.3 1.02
1.7000000000000002 2.0 1.7000000000000002 20.1 10.3 13.975000000000001 4.3 1.02
1.7000000000000002 1.7000000000000002 2.0 13.975000000000001 20.1 10.3 4.2 1.01
1.7000000000000002 1.7000000000000002 2.0 13.975000000000001 20.1 10.3 4.2 1.01
2.1500000000000004 2.0 2.0 10.3 13.975000000000001 20.1 4.0 0.9849999999999999
1.7000000000000002 2.0 1.7000000000000002 20.1 10.3 13.975000000000001 4.3 1.02
1.7000000000000002 2.0 1.7000000000000002 20.1 10.3 13.975000000000001 4.2 1.0050000000000001
1.7000000000000002 2.0 1.7000000000000002 20.1 10.3 13.975000000000001 4.2 1.01
1.7000000000000002 1.7000000000000002 2.0 13.975000000000001 20.1 10.3 4.3 1.02
1.7000000000000002 2.0 1.7000000000000002 20.1 10.3 13.975000000000001 4.2 1.01
1.7000000000000002 1.7000000000000002 2.0 13.975000000000001 20.1 10.3 4.3 1.02
1.7000000000000002 2.0 1.7000000000000002 20.1 10.3 13.975000000000001 4.3 1.02
1.7000000000000002 1.7000000000000002 2.0 13.975000000000001 20.1 10.3 4.2 1.0050000000000001
1.7000000000000002 2.0 1.7000000000000002 20.1 10.3 13.975000000000001 4.2 1.01
1.7000000000000002 2.0 1.7000000000000002 20.1 10.3 13.975000000000001 4.2 1.0050000000000001
1.7000000000000002 2.0 1.7000000000000002 20.1 10.3 13.975000000000001 4.2 1.0050000000000001
1.7000000000000002 1.7000000000000002 2.0 13.975000000000001 20.1 10.3 4.3 1.02
1.7000000000000002 2.0 1.7000000000000002 20.1 10.3 13.975000000000001 4.3 1.02
1.7000000000000002 1.7000000000000002 2.0 13.975000000000001 20.1 10.3 4.2 1.01
1.7000000000000002 1.7000000000000002 2.0 13.975000000000001 20.1 10.3 4.2 1.0050000000000001
1.7000000000000002 1.7000000000000002 2.0 13.975000000000001 20.1 10.3 4.2 1.0050000000000001
1.7000000000000002 2.0 1.7000000000000002 20.1 10.3 13.975000000000001 4.3 1.02
1.7000000000000002 1.7000000000000002 2.0 13.975000000000001 20.1 10.3 4.3 1.02
2.3000000000000003 2.3000000000000003 2.3000000000000003 20.1 10.3 13.975000000000001 4.2 1.0050000000000001
1.7000000000000002 1.7000000000000002 2.0 13.975000000000001 20.1 10.3 4.2 1.0050000000000001
1.7000000000000002 2.0 1.7000000000000002 20.1 10.3 13.975000000000001 4.3 1.02
1.7000000000000002 1.7000000000000002 2.0 13.975000000000001 20.1 10.3 4.3 1.02
1.7000000000000002 1.7000000000000002 2.0 13.975000000000001 20.1 10.3 4.3 1.02
2.3000000000000003 2.3000000000000003 2.3000000000000003 10.3 13.975000000000001 20.1 4.2 1.01
1.7000000000000002 1.7000000000000002 2.0 13.975000000000001 20.1 10.3 4.2 1.01
1.7000000000000002 2.0 1.7000000000000002 20.1 10.3 13.975000000000001 4.2 1.0050000000000001
1.7000000000000002 2.0 1.7000000000000002 20.1 10.3 13.975000000000001 4.2 1.0050000000000001
1.7000000000000002 1.7000000000000002 2.0 13.975000000000001 20.1 10.3 4.2 1.0050000000000001
1.7000000000000002 1.7000000000000002 2.0 13.975000000000001 20.1 10.3 4.2 1.01
1.7000000000000002 1.7000000000000002 2.0 13.975000000000001 20.1 10.3 4.2 1.01
1.7000000000000002 1.7000000000000002 2.0 13.975000000000001 20.1 10.3 4.3 1.02
1.7000000000000002 2.0 1.7000000000000002 20.1 10.3 13.975000000000001 4.3 1.02
1.7000000000000002 1.7000000000000002 2.0 13.975000000000001 20.1 10.3 4.3 1.02
1.7000000000000002 2.0 1.7000000000000002 20.1 10.3 13.975000000000001 4.2 1.01
1.7000000000000002 1.7000000000000002 2.0 13.975000000000001 20.1 10.3 4.2 1.0050000000000001
1.7000000000000002 1.7000000000000002 2.0 13.975000000000001 20.1 10.3 4.2 1.0150000000000001
1.7000000000000002 1.7000000000000002 2.0 13.975000000000001 20.1 10.3 4.2 1.0050000000000001
1.7000000000000002 1.7000000000000002 2.0 13.975000000000001 20.1 10.3 4.3 1.02
1.7000000000000002 1.7000000000000002 2.0 13.975000000000001 20.1 10.3 4.3 1.02
1.7000000000000002 1.7000000000000002 2.0 13.975000000000001 20.1 10.3 4.3 1.02
1.7000000000000002 2.0 1.7000000000000002 20.1 10.3 13.975000000000001 4.2 1.01
1.7000000000000002 2.0 1.7000000000000002 20.1 10.3 13.975000000000001 4.2 1.01
1.7000000000000002 2.0 1.7000000000000002 20.1 10.3 13.975000000000001 4.3 1.02
1.7000000000000002 2.0 1.7000000000000002 20.1 10.3 13.975000000000001 4.3 1.02
2.3000000000000003 2.3000000000000003 2.3000000000000003 20.1 10.3 15.2 4.2 1.02
1.7000000000000002 2.0 1.7000000000000002 20.1 10.3 13.975000000000001 4.2 1.0050000000000001
1.7000000000000002 1.7000000000000002 2.0 13.975000000000001 20.1 10.3 4.3 1.02
1.7000000000000002 1.7000000000000002 2.0 13.975000000000001 20.1 10.3 4.3 1.02
1.7000000000000002 1.7000000000000002 2.0 13.975000000000001 20.1 10.3 4.2 1.0050000000000001
1.7000000000000002 1.7000000000000002 2.0 13.975000000000001 20.1 10.3 4.2 1.0050000000000001
1.7000000000000002 2.0 1.7000000000000002 20.1 10.3 13.975000000000001 4.2 1.01
1.7000000000000002 2.0 1.7000000000000002 20.1 10.3 13.975000000000001 4.3 1.02
1.7000000000000002 2.0 1.7000000000000002 20.1 10.3 13.975000000000001 4.3 1.02
2.3000000000000003 2.3000000000000003 2.3000000000000003 20.1 10.3 15.2 4.2 1.02
1.7000000000000002 1.7000000000000002 2.0 13.975000000000001 20.1 10.3 4.2 1.01
1.7000000000000002 1.7000000000000002 2.0 13.975000000000001 20.1 10.3 4.3 1.02
1.7000000000000002 1.7000000000000002 2.0 13.975000000000001 20.1 10.3 4.3 1.02
1.7000000000000002 2.0 1.7000000000000002 20.1 10.3 13.975000000000001 4.3 1.02
1.7000000000000002 2.0 1.7000000000000002 20.1 10.3 13.975000000000001 4.2 1.01
1.7000000000000002 2.0 1.7000000000000002 20.1 10.3 13.975000000000001 4.3 1.02
1.7000000000000002 1.7000000000000002 2.0 13.975000000000001 20.1 10.3 4.2 1.01
1.7000000000000002 1.7000000000000002 2.0 13.975000000000001 20.1 10.3 4.3 1.02
1.7000000000000002 1.7000000000000002 2.0 13.975000000000001 20.1 10.3 4.2 1.0050000000000001
1.7000000000000002 2.0 1.7000000000000002 20.1 10.3 13.975000000000001 4.3 1.02
1.7000000000000002 2.0 1.7000000000000002 20.1 10.3 13.975000000000001 4.2 1.01
1.7000000000000002 1.7000000000000002 2.0 13.975000000000001 20.1 10.3 4.2 1.0050000000000001
1.7000000000000002 2.0 1.7000000000000002 20.1 10.3 13.975000000000001 4.3 1.02
1.7000000000000002 1.7000000000000002 2.0 13.975000000000001 20.1 10.3 4.3 1.02
1.7000000000000002 2.0 1.7000000000000002 20.1 10.3 13.975000000000001 4.3 1.02
1.7000000000000002 1.7000000000000002 2.0 13.975000000000001 20.1 10.3 4.2 1.01
1.7000000000000002 1.7000000000000002 2.0 13.975000000000001 20.1 10.3 4.2 1.01
1.7000000000000002 2.0 1.7000000000000002 20.1 10.3 13.975000000000001 4.3 1.02
1.7000000000000002 1.7000000000000002 2.0 13.975000000000001 20.1 10.3 4.2 1.0050000000000001
1.7000000000000002 1.7000000000000002 2.0 13.975000000000001 20.1 10.3 4.2 1.01
1.7000000000000002 2.0 1.7000000000000002 20.1 10.3 13.975000000000001 4.2 1.0050000000000001
2.3000000000000003 2.3000000000000003 2.3000000000000003 20.1 10.3 13.975000000000001 4.2 1.0050000000000001
1.7000000000000002 1.7000000000000002 2.0 13.975000000000001 20.1 10.3 4.2 1.0050000000000001
1.7000000000000002 1.7000000000000002 2.0 13.975000000000001 20.1 10.3 4.2 1.0050000000000001
1.7000000000000002 2.0 1.7000000000000002 20.1 10.3 13.975000000000001 4.2 1.0050000000000001
1.7000000000000002 2.0 1.7000000000000002 20.1 10.3 13.975000000000001 4.3 1.02
1.7000000000000002 2.0 1.7000000000000002 20.1 10.3 13.975000000000001 4.2 1.0050000000000001
1.85 2.0 2.3000000000000003 10.3 15.2 20.1 3.8 0.9849999999999999
1.7000000000000002 1.7000000000000002 2.0 13.975000000000001 20.1 10.3 4.3 1.02
1.7000000000000002 1.7000000000000002 2.0 13.975000000000001 20.1 10.3 4.2 1.01
1.7000000000000002 2.0 1.7000000000000002 20.1 10.3 13.975000000000001 4.3 1.02
1.7000000000000002 1.7000000000000002 2.0 13.975000000000001 20.1 10.3 4.3 1.02
1.7000000000000002 2.0 1.7000000000000002 20.1 10.3 13.975000000000001 4.3 1.02
1.7000000000000002 2.0 1.7000000000000002 20.1 10.3 13.975000000000001 4.3 1.02
1.7000000000000002 1.7000000000000002 2.0 13.975000000000001 20.1 10.3 4.2 1.01
1.7000000000000002 1.7000000000000002 2.0 13.975000000000001 20.1 10.3 4.2 1.0050000000000001
1.7000000000000002 2.0 1.7000000000000002 20.1 10.3 13.975000000000001 4.3 1.02
1.7000000000000002 1.7000000000000002 2.0 13.975000000000001 20.1 10.3 4.3 1.02
1.7000000000000002 2.0 1.7000000000000002 20.1 10.3 13.975000000000001 4.2 1.0050000000000001
1.7000000000000002 2.0 1.7000000000000002 20.1 10.3 13.975000000000001 4.3 1.02
1.7000000000000002 1.7000000000000002 2.0 13.975000000000001 20.1 10.3 4.3 1.02
1.7000000000000002 1.7000000000000002 2.0 13.975000000000001 20.1 10.3 4.3 1.02
1.7000000000000002 2.0 1.7000000000000002 20.1 10.3 13.975000000000001 4.3 1.02
1.7000000000000002 2.0 1.7000000000000002 20.1 10.3 13.975000000000001 4.3 1.02
1.7000000000000002 1.7000000000000002 2.0 13.975000000000001 20.1 10.3 4.2 1.01
1.7000000000000002 2.0 1.7000000000000002 20.1 10.3 13.975000000000001 4.3 1.02
1.7000000000000002 1.7000000000000002 2.0 13.975000000000001 20.1 10.3 4.3 1.02
2.1500000000000004 2.0 2.0 10.3 13.975000000000001 20.1 4.0 0.9849999999999999
1.7000000000000002 2.0 1.7000000000000002 20.1 10.3 13.975000000000001 4.3 1.02
1.7000000000000002 2.0 1.7000000000000002 20.1 10.3 13.975000000000001 4.3 1.02
1.7000000000000002 1.7000000000000002 2.0 13.975000000000001 20.1 10.3 4.3 1.02
1.7000000000000002 2.0 1.7000000000000002 20.1 10.3 13.975000000000001 4.2 1.0050000000000001
2.3000000000000003 2.4499999999999997 2.5999999999999996 10.3 16.425 20.1 3.8 0.995
1.7000000000000002 2.0 1.7000000000000002 20.1 10.3 13.975000000000001 4.2 1.0050000000000001
1.7000000000000002 1.7000000000000002 2.0 13.975000000000001 20.1 10.3 4.3 1.02
1.7000000000000002 1.7000000000000002 2.0 13.975000000000001 20.1 10.3 4.3 1.02
2.3000000000000003 2.3000000000000003 2.3000000000000003 13.975000000000001 20.1 10.3 4.3 1.02
1.7000000000000002 2.0 1.7000000000000002 20.1 10.3 13.975000000000001 4.2 1.0050000000000001
1.7000000000000002 1.7000000000000002 2.0 13.975000000000001 20.1 10.3 4.2 1.0050000000000001
1.7000000000000002 1.7000000000000002 2.0 13.975000000000001 20.1 10.3 4.3 1.02
1.7000000000000002 1.7000000000000002 2.0 13.975000000000001 20.1 10.3 4.3 1.02
1.7000000000000002 1.7000000000000002 2.0 13.975000000000001 20.1 10.3 4.3 1.02
1.7000000000000002 2.0 1.7000000000000002 20.1 10.3 13.975000000000001 4.3 1.02
1.7000000000000002 2.0 1.7000000000000002 20.1 10.3 13.975000000000001 4.2 1.0050000000000001
1.7000000000000002 1.7000000000000002 2.0 13.975000000000001 20.1 10.3 4.2 1.01
2.3000000000000003 2.3000000000000003 2.3000000000000003 20.1 10.3 15.2 4.2 1.02
1.7000000000000002 2.0 1.7000000000000002 20.1 10.3 13.975000000000001 4.3 1.02
1.7000000000000002 2.0 1.7000000000000002 20.1 10.3 13.975000000000001 4.3 1.02
1.7000000000000002 2.0 1.7000000000000002 20.1 10.3 13.975000000000001 4.2 1.0050000000000001
1.7000000000000002 1.7000000000000002 2.0 13.975000000000001 20.1 10.3 4.3 1.02
1.7000000000000002 1.7000000000000002 2.0 13.975000000000001 20.1 10.3 4.3 1.02
1.7000000000000002 2.0 1.7000000000000002 20.1 10.3 13.975000000000001 4.3 1.02
1.7000000000000002 2.0 1.7000000000000002 20.1 10.3 13.975000000000001 4.2 1.0050000000000001
1.7000000000000002 1.7000000000000002 2.0 13.975000000000001 20.1 10.3 4.3 1.02
1.7000000000000002 1.7000000000000002 2.0 13.975000000000001 20.1 10.3 4.2 1.0050000000000001
1.7000000000000002 2.0 1.7000000000000002 20.1 10.3 13.975000000000001 4.3 1.02
1.7000000000000002 1.7000000000000002 2.0 13.975000000000001 20.1 10.3 4.2 1.0050000000000001
1.7000000000000002 2.0 1.7000000000000002 20.1 10.3 13.975000000000001 4.3 1.02
1.7000000000000002 1.7000000000000002 2.0 13.975000000000001 20.1 10.3 4.3 1.02
1.7000000000000002 1.7000000000000002 2.0 13.975000000000001 20.1 10.3 4.2 1.01
1.7000000000000002 1.7000000000000002 2.0 13.975000000000001 20.1 10.3 4.3 1.02
1.7000000000000002 2.0 1.7000000000000002 20.1 10.3 13.975000000000001 4.2 1.01
1.7000000000000002 1.7000000000000002 2.0 13.975000000000001 20.1 10.3 4.2 1.01
1.7000000000000002 1.7000000000000002 2.0 13.975000000000001 20.1 10.3 4.2 1.01
1.7000000000000002 2.0 1.7000000000000002 20.1 10.3 13.975000000000001 4.2 1.0050000000000001
1.7000000000000002 1.7000000000000002 2.0 13.975000000000001 20.1 10.3 4.3 1.02
1.7000000000000002 1.7000000000000002 2.0 13.975000000000001 20.1 10.3 4.3 1.02
1.7000000000000002 1.7000000000000002 2.0 13.975000000000001 20.1 10.3 4.3 1.02
1.7000000000000002 1.7000000000000002 2.0 13.975000000000001 20.1 10.3 4.2 1.01
1.7000000000000002 2.0 1.7000000000000002 20.1 10.3 13.975000000000001 4.2 1.0050000000000001
1.7000000000000002 2.0 1.7000000000000002 20.1 10.3 13.975000000000001 4.2 1.01
1.7000000000000002 1.7000000000000002 2.0 13.975000000000001 20.1 10.3 4.3 1.02
1.7000000000000002 1.7000000000000002 2.0 13.975000000000001 20.1 10.3 4.3 1.02
1.7000000000000002 2.0 1.7000000000000002 20.1 10.3 13.975000000000001 4.3 1.02
1.7000000000000002 2.0 1.7000000000000002 20.1 10.3 13.975000000000001 4.2 1.01
1.7000000000000002 1.7000000000000002 2.0 13.975000000000001 20.1 10.3 4.3 1.02
1.7000000000000002 1.7000000000000002 2.0 13.975000000000001 20.1 10.3 4.3 1.02
1.7000000000000002 1.7000000000000002 2.0 13.975000000000001 20.1 10.3 4.3 1.02
1.7000000000000002 1.7000000000000002 2.0 13.975000000000001 20.1 10.3 4.3 1.02
1.7000000000000002 1.7000000000000002 2.0 13.975000000000001 20.1 10.3 4.2 1.0050000000000001
1.7000000000000002 2.0 1.7000000000000002 20.1 10.3 13.975000000000001 4.2 1.01
1.7000000000000002 2.0 1.7000000000000002 20.1 10.3 13.975000000000001 4.2 1.0050000000000001
1.7000000000000002 2.0 1.7000000000000002 20.1 10.3 13.975000000000001 4.3 1.02
1.7000000000000002 2.0 1.7000000000000002 20.1 10.3 13.975000000000001 4.2 1.0050000000000001
1.7000000000000002 2.0 1.7000000000000002 20.1 10.3 13.975000000000001 4.2 1.0050000000000001
1.7000000000000002 1.7000000000000002 2.0 13.975000000000001 20.1 10.3 4.2 1.01
1.7000000000000002 1.7000000000000002 2.0 13.975000000000001 20.1 10.3 4.2 1.01
1.7000000000000002 2.0 1.7000000000000002 20.1 10.3 13.975000000000001 4.2 1.01
1.7000000000000002 2.0 1.7000000000000002 20.1 10.3 13.975000000000001 4.2 1.01
1.7000000000000002 2.0 1.7000000000000002 20.1 10.3 13.975000000000001 4.2 1.0050000000000001
1.7000000000000002 1.7000000000000002 2.0 13.975000000000001 20.1 10.3 4.2 1.0050000000000001
1.7000000000000002 2.0 1.7000000000000002 20.1 10.3 13.975000000000001 4.3 1.02
1.7000000000000002 1.7000000000000002 2.0 13.975000000000001 20.1 10.3 4.2 1.01
1.7000000000000002 1.7000000000000002 2.0 13.975000000000001 20.1 10.3 4.3 1.02
1.7000000000000002 1.7000000000000002 2.0 13.975000000000001 20.1 10.3 4.2 1.01
1.7000000000000002 2.0 1.7000000000000002 20.1 10.3 13.975000000000001 4.2 1.0050000000000001
1.7000000000000002 2.0 1.7000000000000002 20.1 10.3 13.975000000000001 4.3 1.02
1.7000000000000002 2.0 1.7000000000000002 20.1 10.3 13.975000000000001 4.3 1.02
1.7000000000000002 1.7000000000000002 2.0 13.975000000000001 20.1 10.3 4.3 1.02
1.7000000000000002 1.7000000000000002 2.0 13.975000000000001 20.1 10.3 4.2 1.0050000000000001
1.7000000000000002 2.0 1.7000000000000002 20.1 10.3 13.975000000000001 4.2 1.0050000000000001
1.7000000000000002 2.0 1.7000000000000002 20.1 10.3 13.975000000000001 4.3 1.02
1.7000000000000002 1.7000000000000002 2.0 13.975000000000001 20.1 10.3 4.3 1.02
1.7000000000000002 2.0 1.7000000000000002 20.1 10.3 13.975000000000001 4.2 1.01
2.3000000000000003 2.3000000000000003 2.3000000000000003 20.1 10.3 15.2 4.2 1.02
1.7000000000000002 1.7000000000000002 2.0 13.975000000000001 20.1 10.3 4.3 1.02
1.7000000000000002 1.7000000000000002 2.0 13.975000000000001 20.1 10.3 4.2 1.01
1.7000000000000002 2.0 1.7000000000000002 20.1 10.3 13.975000000000001 4.2 1.01
1.7000000000000002 1.7000000000000002 2.0 13.975000000000001 20.1 10.3 4.3 1.02
1.7000000000000002 2.0 1.7000000000000002 20.1 10.3 13.975000000000001 4.2 1.01
1.7000000000000002 2.0 1.7000000000000002 20.1 10.3 13.975000000000001 4.2 1.01
1.7000000000000002 1.7000000000000002 2.0 13.975000000000001 20.1 10.3 4.2 1.01
1.7000000000000002 1.7000000000000002 2.0 13.975000000000001 20.1 10.3 4.3 1.02
1.7000000000000002 2.0 1.7000000000000002 20.1 10.3 13.975000000000001 4.3 1.02
1.7000000000000002 1.7000000000000002 2.0 13.975000000000001 20.1 10.3 4.2 1.0050000000000001
1.7000000000000002 2.0 1.7000000000000002 20.1 10.3 13.975000000000001 4.2 1.01
1.7000000000000002 2.0 1.7000000000000002 20.1 10.3 13.975000000000001 4.3 1.02
1.7000000000000002 2.0 1.7000000000000002 20.1 10.3 13.975000000000001 4.2 1.0050000000000001
1.7000000000000002 2.0 1.7000000000000002 20.1 10.3 13.975000000000001 4.2 1.01
1.7000000000000002 1.7000000000000002 2.0 13.975000000000001 20.1 10.3 4.2 1.01
1.7000000000000002 1.7000000000000002 2.0 13.975000000000001 20.1 10.3 4.3 1.02
1.7000000000000002 1.7000000000000002 2.0 13.975000000000001 20.1 10.3 4.3 1.02
1.7000000000000002 2.0 1.7000000000000002 20.1 10.3 13.975000000000001 4.3 1.02
1.7000000000000002 1.7000000000000002 2.0 13.975000000000001 20.1 10.3 4.3 1.02
1.7000000000000002 1.7000000000000002 2.0 13.975000000000001 20.1 10.3 4.3 1.02
1.7000000000000002 2.0 1.7000000000000002 20.1 10.3 13.975000000000001 4.2 1.01
1.7000000000000002 1.7000000000000002 2.0 13.975000000000001 20.1 10.3 4.2 1.0050000000000001
1.7000000000000002 1.7000000000000002 2.0 13.975000000000001 20.1 10.3 4.3 1.02
1.7000000000000002 1.7000000000000002 2.0 13.975000000000001 20.1 10.3 4.2 1.0050000000000001
1.7000000000000002 1.7000000000000002 2.0 13.975000000000001 20.1 10.3 4.3 1.02
1.7000000000000002 2.0 1.7000000000000002 20.1 10.3 13.975000000000001 4.2 1.0050000000000001
1.7000000000000002 1.7000000000000002 2.0 13.975000000000001 20.1 10.3 4.2 1.01
1.7000000000000002 2.0 1.7000000000000002 20.1 10.3 13.975000000000001 4.3 1.02
1.7000000000000002 1.7000000000000002 2.0 13.975000000000001 20.1 10.3 4.3 1.02
1.7000000000000002 1.7000000000000002 2.0 13.975000000000001 20.1 10.3 4.3 1.02
1.7000000000000002 1.7000000000000002 2.0 13.975000000000001 20.1 10.3 4.2 1.01
1.7000000000000002 1.7000000000000002 2.0 13.975000000000001 20.1 10.3 4.3 1.02
1.7000000000000002 2.0 1.7000000000000002 20.1 10.3 13.975000000000001 4.2 1.0050000000000001
1.7000000000000002 1.7000000000000002 2.0 13.975000000000001 20.1 10.3 4.2 1.01
1.7000000000000002 2.0 1.7000000000000002 20.1 10.3 13.975000000000001 4.2 1.01
1.7000000000000002 1.7000000000000002 2.0 13.975000000000001 20.1 10.3 4.3 1.02
1.7000000000000002 1.7000000000000002 2.0 13.975000000000001 20.1 10.3 4.2 1.0050000000000001
1.7000000000000002 2.0 1.7000000000000002 20.1 10.3 13.975000000000001 4.2 1.0050000000000001
1.7000000000000002 1.7000000000000002 2.0 13.975000000000001 20.1 10.3 4.2 1.0050000000000001
1.7000000000000002 1.7000000000000002 2.0 13.975000000000001 20.1 10.3 4.3 1.02
1.7000000000000002 1.7000000000000002 2.0 13.975000000000001 20.1 10.3 4.3 1.02
1.7000000000000002 1.7000000000000002 2.0 13.975000000000001 20.1 10.3 4.3 1.02
2.1500000000000004 2.1500000000000004 2.0 13.975000000000001 20.1 10.3 4.2 1.0050000000000001
1.7000000000000002 2.0 1.7000000000000002 20.1 10.3 13.975000000000001 4.3 1.02
1.7000000000000002 2.0 1.7000000000000002 20.1 10.3 13.975000000000001 4.2 1.0050000000000001
1.7000000000000002 1.7000000000000002 2.0 13.975000000000001 20.1 10.3 4.2 1.01
1.7000000000000002 2.0 1.7000000000000002 20.1 10.3 13.975000000000001 4.3 1.02
1.7000000000000002 2.0 1.7000000000000002 20.1 10.3 13.975000000000001 4.2 1.01
1.7000000000000002 2.0 1.7000000000000002 20.1 10.3 13.975000000000001 4.2 1.01
1.7000000000000002 1.7000000000000002 2.0 13.975000000000001 20.1 10.3 4.2 1.0050000000000001
1.7000000000000002 1.7000000000000002 2.0 13.975000000000001 20.1 10.3 4.2 1.01
1.7000000000000002 2.0 1.7000000000000002 20.1 10.3 13.975000000000001 4.2 1.0050000000000001
1.7000000000000002 2.0 1.7000000000000002 20.1 10.3 13.975000000000001 4.2 1.0050000000000001
1.7000000000000002 1.7000000000000002 2.0 13.975000000000001 20.1 10.3 4.2 1.0050000000000001
1.7000000000000002 1.7000000000000002 2.0 13.975000000000001 20.1 10.3 4.2 1.01
1.7000000000000002 1.7000000000000002 2.0 13.975000000000001 20.1 10.3 4.2 1.0050000000000001
1.7000000000000002 1.7000000000000002 2.0 13.975000000000001 20.1 10.3 4.3 1.02
2.3000000000000003 2.3000000000000003 2.3000000000000003 20.1 10.3 15.2 4.2 1.02
1.7000000000000002 2.0 1.7000000000000002 20.1 10.3 13.975000000000001 4.2 1.0050000000000001
1.7000000000000002 2.0 1.7000000000000002 20.1 10.3 13.975000000000001 4.3 1.02
1.7000000000000002 1.7000000000000002 2.0 13.975000000000001 20.1 10.3 4.2 1.01
1.7000000000000002 2.0 1.7000000000000002 20.1 10.3 13.975000000000001 4.3 1.02
1.7000000000000002 1.7000000000000002 2.0 13.975000000000001 20.1 10.3 4.3 1.02
1.7000000000000002 2.0 1.7000000000000002 20.1 10.3 13.975000000000001 4.3 1.02
1.7000000000000002 2.0 1.7000000000000002 20.1 10.3 13.975000000000001 4.3 1.02
1.7000000000000002 2.0 1.7000000000000002 20.1 10.3 13.975000000000001 4.2 1.01
2.3000000000000003 2.3000000000000003 2.3000000000000003 10.3 15.2 20.1 4.2 1.02
1.7000000000000002 1.7000000000000002 2.0 13.975000000000001 20.1 10.3 4.2 1.0050000000000001
1.7000000000000002 1.7000000000000002 2.0 13.975000000000001 20.1 10.3 4.2 1.01
1.7000000000000002 1.7000000000000002 2.0 13.975000000000001 20.1 10.3 4.2 1.0050000000000001
2.3000000000000003 2.3000000000000003 2.3000000000000003 20.1 10.3 13.975000000000001 4.2 1.0050000000000001
1.7000000000000002 1.7000000000000002 2.0 13.975000000000001 20.1 10.3 4.2 1.01
1.7000000000000002 2.0 1.7000000000000002 20.1 10.3 13.975000000000001 4.3 1.02
1.7000000000000002 1.7000000000000002 2.0 13.975000000000001 20.1 10.3 4.2 1.01
1.7000000000000002 2.0 1.7000000000000002 20.1 10.3 13.975000000000001 4.2 1.0050000000000001
1.7000000000000002 2.0 1.7000000000000002 20.1 10.3 13.975000000000001 4.3 1.02
1.7000000000000002 1.7000000000000002 2.0 13.975000000000001 20.1 10.3 4.2 1.0050000000000001
1.7000000000000002 2.0 1.7000000000000002 20.1 10.3 13.975000000000001 4.2 1.01
1.7000000000000002 1.7000000000000002 2.0 13.975000000000001 20.1 10.3 4.3 1.02
1.7000000000000002 1.7000000000000002 2.0 13.975000000000001 20.1 10.3 4.2 1.01
1.7000000000000002 1.7000000000000002 2.0 13.975000000000001 20.1 10.3 4.2 1.0050000000000001
2.3000000000000003 2.3000000000000003 2.3000000000000003 10.3 15.2 20.1 4.2 1.02
1.7000000000000002 2.0 1.7000000000000002 20.1 10.3 13.975000000000001 4.2 1.0050000000000001
2.3000000000000003 2.3000000000000003 2.3000000000000003 15.2 20.1 10.3 4.2 1.02
1.7000000000000002 1.7000000000000002 2.0 13.975000000000001 20.1 10.3 4.2 1.01
1.7000000000000002 1.7000000000000002 2.0 13.975000000000001 20.1 10.3 4.2 1.0050000000000001
1.7000000000000002 1.7000000000000002 2.0 13.975000000000001 20.1 10.3 4.3 1.02
1.7000000000000002 2.0 1.7000000000000002 20.1 10.3 13.975000000000001 4.2 1.01
1.7000000000000002 2.0 1.7000000000000002 20.1 10.3 13.975000000000001 4.3 1.02
1.7000000000000002 2.0 1.7000000000000002 20.1 10.3 13.975000000000001 4.2 1.0050000000000001
1.7000000000000002 1.7000000000000002 2.0 13.975000000000001 20.1 10.3 4.2 1.0050000000000001
1.7000000000000002 1.7000000000000002 2.0 13.975000000000001 20.1 10.3 4.3 1.02
1.7000000000000002 2.0 1.7000000000000002 20.1 10.3 13.975000000000001 4.2 1.0050000000000001
1.7000000000000002 2.0 1.7000000000000002 20.1 10.3 13.975000000000001 4.2 1.01
1.7000000000000002 2.0 1.7000000000000002 20.1 10.3 13.975000000000001 4.3 1.02
2.1500000000000004 2.0 2.0 10.3 15.2 20.1 4.2 1.0050000000000001
1.7000000000000002 2.0 1.7000000000000002 20.1 10.3 13.975000000000001 4.2 1.0050000000000001
1.7000000000000002 2.0 1.7000000000000002 20.1 10.3 13.975000000000001 4.2 1.0050000000000001
1.7000000000000002 1.7000000000000002 2.0 13.975000000000001 20.1 10.3 4.3 1.02
1.7000000000000002 1.7000000000000002 2.0 13.975000000000001 20.1 10.3 4.3 1.02
1.7000000000000002 1.7000000000000002 2.0 13.975000000000001 20.1 10.3 4.3 1.02
1.7000000000000002 1.7000000000000002 2.0 13.975000000000001 20.1 10.3 4.3 1.02
1.7000000000000002 2.0 1.7000000000000002 20.1 10.3 13.975000000000001 4.2 1.01
1.7000000000000002 1.7000000000000002 2.0 13.975000000000001 20.1 10.3 4.3 1.02
1.7000000000000002 1.7000000000000002 2.0 13.975000000000001 20.1 10.3 4.2 1.01
1.7000000000000002 1.7000000000000002 2.0 13.975000000000001 20.1 10.3 4.2 1.0050000000000001
1.7000000000000002 2.0 1.7000000000000002 20.1 10.3 13.975000000000001 4.2 1.0050000000000001
1.7000000000000002 1.7000000000000002 2.0 13.975000000000001 20.1 10.3 4.2 1.01
1.7000000000000002 2.0 1.7000000000000002 20.1 10.3 13.975000000000001 4.2 1.0050000000000001
1.7000000000000002 1.7000000000000002 2.0 13.975000000000001 20.1 10.3 4.3 1.02
1.7000000000000002 1.7000000000000002 2.0 13.975000000000001 20.1 10.3 4.2 1.0050000000000001
1.7000000000000002 2.0 1.7000000000000002 20.1 10.3 13.975000000000001 4.3 1.02
1.7000000000000002 2.0 1.7000000000000002 20.1 10.3 13.975000000000001 4.2 1.0050000000000001
1.7000000000000002 2.0 1.7000000000000002 20.1 10.3 13.975000000000001 4.3 1.02
1.7000000000000002 1.7000000000000002 2.0 13.975000000000001 20.1 10.3 4.3 1.02
1.7000000000000002 2.0 1.7000000000000002 20.1 10.3 13.975000000000001 4.3 1.02
1.7000000000000002 2.0 1.7000000000000002 20.1 10.3 13.975000000000001 4.3 1.02
1.7000000000000002 2.0 1.7000000000000002 20.1 10.3 13.975000000000001 4.3 1.02
1.7000000000000002 2.0 1.7000000000000002 20.1 10.3 13.975000000000001 4.3 1.02
1.7000000000000002 2.0 1.7000000000000002 20.1 10.3 13.975000000000001 4.3 1.02
1.7000000000000002 2.0 1.7000000000000002 20.1 10.3 13.975000000000001 4.2 1.0050000000000001
1.7000000000000002 1.7000000000000002 2.0 13.975000000000001 20.1 10.3 4.2 1.0050000000000001
1.7000000000000002 2.0 1.7000000000000002 20.1 10.3 13.975000000000001 4.2 1.01
1.7000000000000002 1.7000000000000002 2.0 13.975000000000001 20.1 10.3 4.2 1.0050000000000001
1.7000000000000002 1.7000000000000002 2.0 13.975000000000001 20.1 10.3 4.2 1.01
1.7000000000000002 2.0 1.7000000000000002 20.1 10.3 13.975000000000001 4.2 1.0050000000000001
1.7000000000000002 2.0 1.7000000000000002 20.1 10.3 13.975000000000001 4.3 1.02
1.7000000000000002 2.0 1.7000000000000002 20.1 10.3 13.975000000000001 4.3 1.02
1.7000000000000002 2.0 1.7000000000000002 20.1 10.3 13.975000000000001 4.3 1.02
1.7000000000000002 1.7000000000000002 2.0 13.975000000000001 20.1 10.3 4.2 1.0050000000000001
1.7000000000000002 1.7000000000000002 2.0 13.975000000000001 20.1 10.3 4.2 1.01
1.7000000000000002 1.7000000000000002 2.0 13.975000000000001 20.1 10.3 4.2 1.01
1.7000000000000002 1.7000000000000002 2.0 13.975000000000001 20.1 10.3 4.3 1.02
1.7000000000000002 2.0 1.7000000000000002 20.1 10.3 13.975000000000001 4.2 1.01
1.7000000000000002 1.7000000000000002 2.0 13.975000000000001 20.1 10.3 4.2 1.0050000000000001
1.7000000000000002 1.7000000000000002 2.0 13.975000000000001 20.1 10.3 4.3 1.02
1.7000000000000002 2.0 1.7000000000000002 20.1 10.3 13.975000000000001 4.3 1.02
1.7000000000000002 1.7000000000000002 2.0 13.975000000000001 20.1 10.3 4.2 1.01
1.7000000000000002 2.0 1.7000000000000002 20.1 10.3 13.975000000000001 4.3 1.02
1.7000000000000002 2.0 1.7000000000000002 20.1 10.3 13.975000000000001 4.3 1.02
1.7000000000000002 1.7000000000000002 2.0 13.975000000000001 20.1 10.3 4.3 1.02
1.7000000000000002 2.0 1.7000000000000002 20.1 10.3 13.975000000000001 4.3 1.02
1.7000000000000002 2.0 1.7000000000000002 20.1 10.3 13.975000000000001 4.2 1.0050000000000001
1.7000000000000002 1.7000000000000002 2.0 13.975000000000001 20.1 10.3 4.2 1.01
1.7000000000000002 2.0 1.7000000000000002 20.1 10.3 13.975000000000001 4.2 1.0050000000000001
1.7000000000000002 1.7000000000000002 2.0 13.975000000000001 20.1 10.3 4.2 1.01
1.7000000000000002 2.0 1.7000000000000002 20.1 10.3 13.975000000000001 4.3 1.02
1.7000000000000002 2.0 1.7000000000000002 20.1 10.3 13.975000000000001 4.2 1.01
1.7000000000000002 2.0 1.7000000000000002 20.1 10.3 13.975000000000001 4.3 1.02
1.7000000000000002 1.7000000000000002 2.0 13.975000000000001 20.1 10.3 4.3 1.02
1.7000000000000002 1.7000000000000002 2.0 13.975000000000001 20.1 10.3 4.2 1.01
1.7000000000000002 2.0 1.7000000000000002 20.1 10.3 13.975000000000001 4.2 1.01
1.7000000000000002 1.7000000000000002 2.0 13.975000000000001 20.1 10.3 4.2 1.0050000000000001
1.7000000000000002 1.7000000000000002 2.0 13.975000000000001 20.1 10.3 4.3 1.02
1.7000000000000002 1.7000000000000002 2.0 13.975000000000001 20.1 10.3 4.3 1.02
1.7000000000000002 2.0 1.7000000000000002 20.1 10.3 13.975000000000001 4.3 1.02
1.7000000000000002 2.0 1.7000000000000002 20.1 10.3 13.975000000000001 4.3 1.02
1.7000000000000002 1.7000000000000002 2.0 13.975000000000001 20.1 10.3 4.3 1.02
1.7000000000000002 1.7000000000000002 2.0 13.975000000000001 20.1 10.3 4.2 1.01
1.7000000000000002 2.0 1.7000000000000002 20.1 10.3 13.975000000000001 4.3 1.02
1.7000000000000002 2.0 1.7000000000000002 20.1 10.3 13.975000000000001 4.2 1.0050000000000001
1.7000000000000002 2.0 1.7000000000000002 20.1 10.3 13.975000000000001 4.3 1.02
1.7000000000000002 2.0 1.7000000000000002 20.1 10.3 13.975000000000001 4.2 1.01
1.7000000000000002 2.0 1.7000000000000002 20.1 10.3 13.975000000000001 4.3 1.02
2.3000000000000003 2.3000000000000003 2.3000000000000003 15.2 20.1 10.3 4.2 1.02
1.7000000000000002 2.0 1.7000000000000002 20.1 10.3 13.975000000000001 4.2 1.0050000000000001
1.7000000000000002 1.7000000000000002 2.0 13.975000000000001 20.1 10.3 4.3 1.02
1.7000000000000002 1.7000000000000002 2.0 13.975000000000001 20.1 10.3 4.3 1.02
1.7000000000000002 1.7000000000000002 2.0 13.975000000000001 20.1 10.3 4.3 1.02
1.7000000000000002 2.0 1.7000000000000002 20.1 10.3 13.975000000000001 4.3 1.02
1.7000000000000002 1.7000000000000002 2.0 13.975000000000001 20.1 10.3 4.3 1.02
1.7000000000000002 2.0 1.7000000000000002 20.1 10.3 13.975000000000001 4.3 1.02
1.7000000000000002 2.0 1.7000000000000002 20.1 10.3 13.975000000000001 4.3 1.02
1.7000000000000002 2.0 1.7000000000000002 20.1 10.3 13.975000000000001 4.3 1.02
1.7000000000000002 1.7000000000000002 2.0 13.975000000000001 20.1 10.3 4.2 1.01
1.7000000000000002 2.0 1.7000000000000002 20.1 10.3 13.975000000000001 4.3 1.02
1.7000000000000002 2.0 1.7000000000000002 20.1 10.3 13.975000000000001 4.2 1.0050000000000001
1.7000000000000002 2.0 1.7000000000000002 20.1 10.3 13.975000000000001 4.3 1.02
1.7000000000000002 1.7000000000000002 2.0 13.975000000000001 20.1 10.3 4.3 1.02
1.7000000000000002 2.0 1.7000000000000002 20.1 10.3 13.975000000000001 4.2 1.01
1.7000000000000002 1.7000000000000002 2.0 13.975000000000001 20.1 10.3 4.2 1.0050000000000001
1.7000000000000002 2.0 1.7000000000000002 20.1 10.3 13.975000000000001 4.2 1.0050000000000001
2.3000000000000003 2.3000000000000003 2.3000000000000003 13.975000000000001 20.1 10.3 4.2 1.01
2.3000000000000003 2.3000000000000003 2.3000000000000003 20.1 10.3 13.975000000000001 4.2 1.0050000000000001
1.7000000000000002 2.0 1.7000000000000002 20.1 10.3 13.975000000000001 4.2 1.0050000000000001
1.7000000000000002 2.0 1.7000000000000002 20.1 10.3 13.975000000000001 4.2 1.0050000000000001
1.7000000000000002 2.0 1.7000000000000002 20.1 10.3 13.975000000000001 4.3 1.02
1.7000000000000002 2.0 1.7000000000000002 20.1 10.3 13.975000000000001 4.2 1.01
1.7000000000000002 1.7000000000000002 2.0 13.975000000000001 20.1 10.3 4.2 1.0050000000000001
1.7000000000000002 1.7000000000000002 2.0 13.975000000000001 20.1 10.3 4.3 1.02
1.7000000000000002 1.7000000000000002 2.0 13.975000000000001 20.1 10.3 4.2 1.01
2.3000000000000003 2.3000000000000003 2.3000000000000003 20.1 10.3 13.975000000000001 4.2 1.0050000000000001
1.7000000000000002 2.0 1.7000000000000002 20.1 10.3 13.975000000000001 4.3 1.02
1.7000000000000002 1.7000000000000002 2.0 13.975000000000001 20.1 10.3 4.2 1.0050000000000001
1.7000000000000002 1.7000000000000002 2.0 13.975000000000001 20.1 10.3 4.2 1.01
1.7000000000000002 2.0 1.7000000000000002 20.1 10.3 13.975000000000001 4.3 1.02
1.7000000000000002 2.0 1.7000000000000002 20.1 10.3 13.975000000000001 4.2 1.0050000000000001
1.7000000000000002 1.7000000000000002 2.0 13.975000000000001 20.1 10.3 4.2 1.0050000000000001
1.7000000000000002 1.7000000000000002 2.0 13.975000000000001 20.1 10.3 4.2 1.0050000000000001
1.7000000000000002 2.0 1.7000000000000002 20.1 10.3 13.975000000000001 4.3 1.02
1.7000000000000002 1.7000000000000002 2.0 13.975000000000001 20.1 10.3 4.2 1.0050000000000001
1.7000000000000002 2.0 1.7000000000000002 20.1 10.3 13.975000000000001 4.2 1.01
1.7000000000000002 2.0 1.7000000000000002 20.1 10.3 13.975000000000001 4.2 1.01
1.7000000000000002 2.0 1.7000000000000002 20.1 10.3 13.975000000000001 4.2 1.0050000000000001
1.7000000000000002 1.7000000000000002 2.0 13.975000000000001 20.1 10.3 4.2 1.0050000000000001
1.7000000000000002 2.0 1.7000000000000002 20.1 10.3 13.975000000000001 4.2 1.0050000000000001
1.7000000000000002 1.7000000000000002 2.0 13.975000000000001 20.1 10.3 4.2 1.01
1.7000000000000002 1.7000000000000002 2.0 13.975000000000001 20.1 10.3 4.3 1.02
1.7000000000000002 1.7000000000000002 2.0 13.975000000000001 20.1 10.3 4.3 1.02
1.7000000000000002 1.7000000000000002 2.0 13.975000000000001 20.1 10.3 4.2 1.0050000000000001
1.7000000000000002 2.0 1.7000000000000002 20.1 10.3 13.975000000000001 4.2 1.0050000000000001
1.7000000000000002 1.7000000000000002 2.0 13.975000000000001 20.1 10.3 4.3 1.02
1.7000000000000002 2.0 1.7000000000000002 20.1 10.3 13.975000000000001 4.2 1.01
1.7000000000000002 2.0 1.7000000000000002 20.1 10.3 13.975000000000001 4.3 1.02
1.7000000000000002 1.7000000000000002 2.0 13.975000000000001 20.1 10.3 4.2 1.01
1.7000000000000002 1.7000000000000002 2.0 13.975000000000001 20.1 10.3 4.3 1.02
1.7000000000000002 1.7000000000000002 2.0 13.975000000000001 20.1 10.3 4.3 1.02
1.7000000000000002 2.0 1.7000000000000002 20.1 10.3 13.975000000000001 4.3 1.02
1.7000000000000002 2.0 1.7000000000000002 20.1 10.3 13.975000000000001 4.3 1.02
1.7000000000000002 2.0 1.7000000000000002 20.1 10.3 13.975000000000001 4.2 1.01
1.7000000000000002 1.7000000000000002 2.0 13.975000000000001 20.1 10.3 4.2 1.01
1.7000000000000002 1.7000000000000002 2.0 13.975000000000001 20.1 10.3 4.2 1.0050000000000001
1.7000000000000002 1.7000000000000002 2.0 13.975000000000001 20.1 10.3 4.2 1.0050000000000001
1.7000000000000002 2.0 1.7000000000000002 20.1 10.3 13.975000000000001 4.3 1.02
1.7000000000000002 1.7000000000000002 2.0 13.975000000000001 20.1 10.3 4.2 1.01
1.7000000000000002 2.0 1.7000000000000002 20.1 10.3 13.975000000000001 4.3 1.02
1.7000000000000002 1.7000000000000002 2.0 13.975000000000001 20.1 10.3 4.3 1.02
1.7000000000000002 2.0 1.7000000000000002 20.1 10.3 13.975000000000001 4.3 1.02
1.7000000000000002 2.0 1.7000000000000002 20.1 10.3 13.975000000000001 4.3 1.02
1.7000000000000002 2.0 1.7000000000000002 20.1 10.3 13.975000000000001 4.3 1.02
1.7000000000000002 2.0 1.7000000000000002 20.1 10.3 13.975000000000001 4.2 1.0050000000000001
1.7000000000000002 2.0 1.7000000000000002 20.1 10.3 13.975000000000001 4.2 1.01
1.7000000000000002 2.0 1.7000000000000002 20.1 10.3 13.975000000000001 4.3 1.02
1.7000000000000002 2.0 1.7000000000000002 20.1 10.3 13.975000000000001 4.2 1.0050000000000001
1.7000000000000002 2.0 1.7000000000000002 20.1 10.3 13.975000000000001 4.2 1.0050000000000001
1.7000000000000002 1.7000000000000002 2.0 13.975000000000001 20.1 10.3 4.2 1.01
2.3000000000000003 2.3000000000000003 2.3000000000000003 15.2 20.1 10.3 4.2 1.02
1.7000000000000002 1.7000000000000002 2.0 13.975000000000001 20.1 10.3 4.2 1.0050000000000001
1.7000000000000002 1.7000000000000002 2.0 13.975000000000001 20.1 10.3 4.2 1.0050000000000001
1.7000000000000002 2.0 1.7000000000000002 20.1 10.3 13.975000000000001 4.2 1.01
1.7000000000000002 1.7000000000000002 2.0 13.975000000000001 20.1 10.3 4.2 1.0050000000000001
1.7000000000000002 1.7000000000000002 2.0 13.975000000000001 20.1 10.3 4.2 1.01
1.7000000000000002 2.0 1.7000000000000002 20.1 10.3 13.975000000000001 4.3 1.02
1.7000000000000002 2.0 1.7000000000000002 20.1 10.3 13.975000000000001 4.3 1.02
1.7000000000000002 2.0 1.7000000000000002 20.1 10.3 13.975000000000001 4.2 1.01
1.7000000000000002 2.0 1.7000000000000002 20.1 10.3 13.975000000000001 4.3 1.02
1.7000000000000002 1.7000000000000002 2.0 13.975000000000001 20.1 10.3 4.2 1.0050000000000001
2.3000000000000003 2.3000000000000003 2.3000000000000003 10.3 15.2 20.1 4.2 1.02
2.3000000000000003 2.3000000000000003 2.3000000000000003 10.3 15.2 20.1 4.2 1.02
1.7000000000000002 2.0 1.7000000000000002 20.1 10.3 13.975000000000001 4.2 1.01
1.85 2.0 2.3000000000000003 10.3 13.975000000000001 20.1 3.9000000000000004 0.995
1.7000000000000002 2.0 1.7000000000000002 20.1 10.3 13.975000000000001 4.2 1.0050000000000001
1.7000000000000002 2.0 1.7000000000000002 20.1 10.3 13.975000000000001 4.2 1.0050000000000001
1.7000000000000002 1.7000000000000002 2.0 13.975000000000001 20.1 10.3 4.3 1.02
1.7000000000000002 1.7000000000000002 2.0 13.975000000000001 20.1 10.3 4.2 1.01
1.7000000000000002 1.7000000000000002 2.0 13.975000000000001 20.1 10.3 4.3 1.02
1.7000000000000002 1.7000000000000002 2.0 13.975000000000001 20.1 10.3 4.2 1.01
1.7000000000000002 2.0 1.7000000000000002 20.1 10.3 13.975000000000001 4.2 1.0050000000000001
1.7000000000000002 2.0 1.7000000000000002 20.1 10.3 13.975000000000001 4.3 1.02
1.7000000000000002 1.7000000000000002 2.0 13.975000000000001 20.1 10.3 4.3 1.02
1.7000000000000002 2.0 1.7000000000000002 20.1 10.3 13.975000000000001 4.2 1.01
1.7000000000000002 2.0 1.7000000000000002 20.1 10.3 13.975000000000001 4.2 1.01
1.7000000000000002 2.0 1.7000000000000002 20.1 10.3 13.975000000000001 4.3 1.02
1.7000000000000002 1.7000000000000002 2.0 13.975000000000001 20.1 10.3 4.2 1.0050000000000001
1.7000000000000002 2.0 1.7000000000000002 20.1 10.3 13.975000000000001 4.2 1.01
1.7000000000000002 1.7000000000000002 2.0 13.975000000000001 20.1 10.3 4.3 1.02
1.7000000000000002 2.0 1.7000000000000002 20.1 10.3 13.975000000000001 4.2 1.0050000000000001
1.7000000000000002 2.0 1.7000000000000002 20.1 10.3 13.975000000000001 4.3 1.02
1.7000000000000002 1.7000000000000002 2.0 13.975000000000001 20.1 10.3 4.2 1.01
1.7000000000000002 2.0 1.7000000000000002 20.1 10.3 13.975000000000001 4.3 1.02
1.7000000000000002 1.7000000000000002 2.0 13.975000000000001 20.1 10.3 4.3 1.02
1.7000000000000002 1.7000000000000002 2.0 13.975000000000001 20.1 10.3 4.2 1.01
1.7000000000000002 2.0 1.7000000000000002 20.1 10.3 13.975000000000001 4.3 1.02
1.7000000000000002 1.7000000000000002 2.0 13.975000000000001 20.1 10.3 4.2 1.01
1.7000000000000002 1.7000000000000002 2.0 13.975000000000001 20.1 10.3 4.2 1.01
1.7000000000000002 2.0 1.7000000000000002 20.1 10.3 13.975000000000001 4.2 1.0050000000000001
1.7000000000000002 2.0 1.7000000000000002 20.1 10.3 13.975000000000001 4.3 1.02
1.7000000000000002 1.7000000000000002 2.0 13.975000000000001 20.1 10.3 4.3 1.02
1.7000000000000002 1.7000000000000002 2.0 13.975000000000001 20.1 10.3 4.3 1.02
1.7000000000000002 1.7000000000000002 2.0 13.975000000000001 20.1 10.3 4.3 1.02
1.7000000000000002 1.7000000000000002 2.0 13.975000000000001 20.1 10.3 4.2 1.01
1.7000000000000002 1.7000000000000002 2.0 13.975000000000001 20.1 10.3 4.3 1.02
1.7000000000000002 2.0 1.7000000000000002 20.1 10.3 13.975000000000001 4.2 1.01
1.7000000000000002 1.7000000000000002 2.0 13.975000000000001 20.1 10.3 4.2 1.01
1.7000000000000002 1.7000000000000002 2.0 13.975000000000001 20.1 10.3 4.2 1.0050000000000001
1.7000000000000002 1.7000000000000002 2.0 13.975000000000001 20.1 10.3 4.2 1.01
1.7000000000000002 1.7000000000000002 2.0 13.975000000000001 20.1 10.3 4.3 1.02
1.7000000000000002 2.0 1.7000000000000002 20.1 10.3 13.975000000000001 4.3 1.02
1.7000000000000002 1.7000000000000002 2.0 13.975000000000001 20.1 10.3 4.2 1.0050000000000001
1.7000000000000002 2.0 1.7000000000000002 20.1 10.3 13.975000000000001 4.3 1.02
1.7000000000000002 1.7000000000000002 2.0 13.975000000000001 20.1 10.3 4.2 1.01
1.7000000000000002 2.0 1.7000000000000002 20.1 10.3 13.975000000000001 4.2 1.0050000000000001
1.7000000000000002 1.7000000000000002 2.0 13.975000000000001 20.1 10.3 4.2 1.01
1.7000000000000002 1.7000000000000002 2.0 13.975000000000001 20.1 10.3 4.3 1.02
1.7000000000000002 1.7000000000000002 2.0 13.975000000000001 20.1 10.3 4.2 1.0050000000000001
1.7000000000000002 1.7000000000000002 2.0 13.975000000000001 20.1 10.3 4.3 1.02
1.7000000000000002 1.7000000000000002 2.0 13.975000000000001 20.1 10.3 4.2 1.01
1.7000000000000002 1.7000000000000002 2.0 13.975000000000001 20.1 10.3 4.3 1.02
2.3000000000000003 2.3000000000000003 2.3000000000000003 20.1 10.3 13.975000000000001 4.2 1.0050000000000001
1.7000000000000002 1.7000000000000002 2.0 13.975000000000001 20.1 10.3 4.3 1.02
1.7000000000000002 1.7000000000000002 2.0 13.975000000000001 20.1 10.3 4.3 1.02
1.7000000000000002 1.7000000000000002 2.0 13.975000000000001 20.1 10.3 4.3 1.02
1.7000000000000002 1.7000000000000002 2.0 13.975000000000001 20.1 10.3 4.2 1.01
1.7000000000000002 2.0 1.7000000000000002 20.1 10.3 13.975000000000001 4.2 1.01
2.3000000000000003 2.3000000000000003 2.3000000000000003 10.3 15.2 20.1 4.2 1.02
1.7000000000000002 1.7000000000000002 2.0 13.975000000000001 20.1 10.3 4.3 1.02
1.7000000000000002 2.0 1.7000000000000002 20.1 10.3 13.975000000000001 4.3 1.02
1.7000000000000002 2.0 1.7000000000000002 20.1 10.3 13.975000000000001 4.3 1.02
1.7000000000000002 2.0 1.7000000000000002 20.1 10.3 13.975000000000001 4.3 1.02
1.7000000000000002 2.0 1.7000000000000002 20.1 10.3 13.975000000000001 4.2 1.01
1.7000000000000002 2.0 1.7000000000000002 20.1 10.3 13.975000000000001 4.3 1.02
1.7000000000000002 1.7000000000000002 2.0 13.975000000000001 20.1 10.3 4.3 1.02
1.7000000000000002 2.0 1.7000000000000002 20.1 10.3 13.975000000000001 4.2 1.0050000000000001
1.7000000000000002 2.0 1.7000000000000002 20.1 10.3 13.975000000000001 4.2 1.01
1.7000000000000002 2.0 1.7000000000000002 20.1 10.3 13.975000000000001 4.3 1.02
1.7000000000000002 2.0 1.7000000000000002 20.1 10.3 13.975000000000001 4.3 1.02
1.7000000000000002 1.7000000000000002 2.0 13.975000000000001 20.1 10.3 4.2 1.0050000000000001
1.7000000000000002 2.0 1.7000000000000002 20.1 10.3 13.975000000000001 4.2 1.0050000000000001
1.7000000000000002 2.0 1.7000000000000002 20.1 10.3 13.975000000000001 4.2 1.0050000000000001
1.7000000000000002 2.0 1.7000000000000002 20.1 10.3 13.975000000000001 4.2 1.01
2.3000000000000003 2.3000000000000003 2.3000000000000003 20.1 10.3 15.2 4.2 1.02
1.7000000000000002 2.0 1.7000000000000002 20.1 10.3 13.975000000000001 4.2 1.0050000000000001
1.7000000000000002 2.0 1.7000000000000002 20.1 10.3 13.975000000000001 4.3 1.02
1.7000000000000002 1.7000000000000002 2.0 13.975000000000001 20.1 10.3 4.2 1.01
1.7000000000000002 1.7000000000000002 2.0 13.975000000000001 20.1 10.3 4.2 1.0050000000000001
1.7000000000000002 1.7000000000000002 2.0 13.975000000000001 20.1 10.3 4.3 1.02
1.7000000000000002 2.0 1.7000000000000002 20.1 10.3 13.975000000000001 4.2 1.01
1.7000000000000002 2.0 1.7000000000000002 20.1 10.3 13.975000000000001 4.2 1.01
1.7000000000000002 2.0 1.7000000000000002 20.1 10.3 13.975000000000001 4.2 1.0050000000000001
1.7000000000000002 2.0 1.7000000000000002 20.1 10.3 13.975000000000001 4.2 1.01
1.7000000000000002 2.0 1.7000000000000002 20.1 10.3 13.975000000000001 4.2 1.0050000000000001
1.7000000000000002 1.7000000000000002 2.0 13.975000000000001 20.1 10.3 4.3 1.02
1.7000000000000002 1.7000000000000002 2.0 13.975000000000001 20.1 10.3 4.2 1.0050000000000001
1.7000000000000002 1.7000000000000002 2.0 13.975000000000001 20.1 10.3 4.2 1.01
1.7000000000000002 2.0 1.7000000000000002 20.1 10.3 13.975000000000001 4.2 1.0050000000000001
1.7000000000000002 1.7000000000000002 2.0 13.975000000000001 20.1 10.3 4.3 1.02
1.7000000000000002 1.7000000000000002 2.0 13.975000000000001 20.1 10.3 4.2 1.01
1.7000000000000002 1.7000000000000002 2.0 13.975000000000001 20.1 10.3 4.2 1.0050000000000001
1.7000000000000002 1.7000000000000002 2.0 13.975000000000001 20.1 10.3 4.2 1.01
1.7000000000000002 1.7000000000000002 2.0 13.975000000000001 20.1 10.3 4.2 1.0050000000000001
1.7000000000000002 2.0 1.7000000000000002 20.1 10.3 13.975000000000001 4.2 1.0050000000000001
1.7000000000000002 2.0 1.7000000000000002 20.1 10.3 13.975000000000001 4.2 1.0050000000000001
1.7000000000000002 2.0 1.7000000000000002 20.1 10.3 13.975000000000001 4.2 1.0050000000000001
1.7000000000000002 2.0 1.7000000000000002 20.1 10.3 13.975000000000001 4.2 1.01
1.7000000000000002 1.7000000000000002 2.0 13.975000000000001 20.1 10.3 4.3 1.02
1.7000000000000002 1.7000000000000002 2.0 13.975000000000001 20.1 10.3 4.2 1.0050000000000001
1.7000000000000002 1.7000000000000002 2.0 13.975000000000001 20.1 10.3 4.3 1.02
2.0 2.0 2.0 13.975000000000001 20.1 10.3 4.0 1.0150000000000001
1.7000000000000002 1.7000000000000002 2.0 13.975000000000001 20.1 10.3 4.2 1.0050000000000001
1.7000000000000002 2.0 1.7000000000000002 20.1 10.3 13.975000000000001 4.2 1.0050000000000001
2.3000000000000003 2.3000000000000003 2.3000000000000003 13.975000000000001 20.1 10.3 4.2 1.0050000000000001
1.7000000000000002 1.7000000000000002 2.0 13.975000000000001 20.1 10.3 4.2 1.0050000000000001
1.7000000000000002 1.7000000000000002 2.0 13.975000000000001 20.1 10.3 4.2 1.01
1.7000000000000002 1.7000000000000002 2.0 13.975000000000001 20.1 10.3 4.3 1.02
1.7000000000000002 2.0 1.7000000000000002 20.1 10.3 13.975000000000001 4.3 1.02
1.7000000000000002 1.7000000000000002 2.0 13.975000000000001 20.1 10.3 4.2 1.01
1.7000000000000002 1.7000000000000002 2.0 13.975000000000001 20.1 10.3 4.2 1.01
1.7000000000000002 1.7000000000000002 2.0 13.975000000000001 20.1 10.3 4.2 1.01
1.7000000000000002 1.7000000000000002 2.0 13.975000000000001 20.1 10.3 4.2 1.0050000000000001
1.7000000000000002 1.7000000000000002 2.0 13.975000000000001 20.1 10.3 4.3 1.02
1.7000000000000002 1.7000000000000002 2.0 13.975000000000001 20.1 10.3 4.3 1.02
1.7000000000000002 2.0 1.7000000000000002 20.1 10.3 13.975000000000001 4.2 1.0050000000000001
1.7000000000000002 2.0 1.7000000000000002 20.1 10.3 13.975000000000001 4.2 1.0050000000000001
1.7000000000000002 1.7000000000000002 2.0 13.975000000000001 20.1 10.3 4.2 1.01
1.7000000000000002 1.7000000000000002 2.0 13.975000000000001 20.1 10.3 4.2 1.01
1.7000000000000002 1.7000000000000002 2.0 13.975000000000001 20.1 10.3 4.3 1.02
1.7000000000000002 2.0 1.7000000000000002 20.1 10.3 13.975000000000001 4.2 1.0050000000000001
1.7000000000000002 2.0 1.7000000000000002 20.1 10.3 13.975000000000001 4.2 1.0050000000000001
1.7000000000000002 1.7000000000000002 2.0 13.975000000000001 20.1 10.3 4.2 1.01
1.7000000000000002 2.0 1.7000000000000002 20.1 10.3 13.975000000000001 4.3 1.02
1.7000000000000002 1.7000000000000002 2.0 13.975000000000001 20.1 10.3 4.3 1.02
1.7000000000000002 1.7000000000000002 2.0 13.975000000000001 20.1 10.3 4.3 1.02
1.7000000000000002 2.0 1.7000000000000002 20.1 10.3 13.975000000000001 4.2 1.01
