0.5 3.0 -6.452810024076995e-41
0.5 3.0999999999999996 7.691807273748864e-42
0.5 3.2 -1.6551331320202815e-39
0.5 3.3 -3.770094115741516e-38
0.5 3.4000000000000004 2.2341622153306228e-38
0.5 3.5 -8.629477680533654e-36
0.5 3.5999999999999996 -1.0655619877131311e-30
0.5 3.7 -4.818402723622272e-24
0.5 3.8 1.2224902830373619e-19
0.5 3.9000000000000004 -7.765761630621477e-29
0.5 4.0 -3.5650798454030493e-23
0.5 4.1 -8.2643911106967475e-25
0.5 4.2 -3.130364330808504e-24
0.5 4.3 5.850567921149246e-21
0.5 4.4 7.77206755755689e-20
0.5 4.5 4.705691855439562e-24
0.5 4.6 -7.752892159957133e-23
0.5 4.7 4.7083788204276205e-23
0.5 4.8 1.4142482412254e-35
0.5 4.9 -4.165930356882285e-39
0.5 5.0 -1.9427908604573502e-42
1.725 3.0 -9.957388575926742e-42
1.725 3.0999999999999996 1.3995031821791103e-42
1.725 3.2 2.4968942636838524e-40
1.725 3.3 -8.926804521197241e-39
1.725 3.4000000000000004 1.4133374975777657e-38
1.725 3.5 1.3131721066978131e-36
1.725 3.5999999999999996 -2.4684072606896413e-31
1.725 3.7 -1.1161978753992477e-24
1.725 3.8 2.8319365044620506e-20
1.725 3.9000000000000004 -1.7967766398052092e-29
1.725 4.0 -8.258617590345516e-24
1.725 4.1 -1.1178338165299715e-25
1.725 4.2 7.043827355813172e-25
1.725 4.3 9.540547489995648e-22
1.725 4.4 -1.1724750196737121e-20
1.725 4.5 -9.27362498239688e-25
1.725 4.6 1.5762195006173715e-23
1.725 4.7 -9.438449586471192e-24
1.725 4.8 2.1998573964234044e-36
1.725 4.9 -5.625432439561352e-40
1.725 5.0 -4.481811748254124e-43
2.95 3.0 1.0067398867802049e-41
2.95 3.0999999999999996 -1.8177274897243522e-41
2.95 3.2 4.7440588878710285e-39
2.95 3.3 3.298707338405737e-37
2.95 3.4000000000000004 -1.8837605854821737e-36
2.95 3.5 2.4600021236579457e-35
2.95 3.5999999999999996 9.241696575654346e-30
2.95 3.7 4.179035707400993e-23
2.95 3.8 -1.0602747088195397e-18
2.95 3.9000000000000004 6.649309637476408e-28
2.95 4.0 3.092019664656594e-22
2.95 4.1 6.905794425970471e-26
2.95 4.2 1.1117663895848942e-23
2.95 4.3 1.9189605630015697e-22
2.95 4.4 -2.227684325284025e-19
2.95 4.5 -1.5496111097805366e-23
2.95 4.6 2.5977104260219526e-22
2.95 4.7 -1.565228194609582e-22
2.95 4.8 -5.183816994867346e-37
2.95 4.9 9.419566498043849e-40
2.95 5.0 1.6686276783306299e-41
4.175 3.0 -3.1110821824459066e-41
4.175 3.0999999999999996 2.225481052932739e-42
4.175 3.2 1.6816289103905734e-41
4.175 3.3 1.0837723401476395e-38
4.175 3.4000000000000004 -1.6315923013662733e-37
4.175 3.5 8.322194308676005e-38
4.175 3.5999999999999996 3.025294338978647e-31
4.175 3.7 1.3680186278020809e-24
4.175 3.8 -3.47083790091526e-20
4.175 3.9000000000000004 2.123238763919135e-29
4.175 4.0 1.012180989812894e-23
4.175 4.1 -3.9237959832776446e-25
4.175 4.2 4.143717530319302e-25
4.175 4.3 2.966261806689386e-21
4.175 4.4 -7.896418306243459e-22
4.175 4.5 -4.0607484421367033e-25
4.175 4.6 7.48662373852954e-24
4.175 4.7 -4.3258753136759364e-24
4.175 4.8 6.995073215819242e-36
4.175 4.9 -1.919732943662435e-39
4.175 5.0 5.371563889002027e-43
5.4 3.0 3.1697273589486464e-40
5.4 3.0999999999999996 -3.0433621826977694e-41
5.4 3.2 -4.824058098012626e-41
5.4 3.3 3.4402646336583643e-38
5.4 3.4000000000000004 8.471309477488979e-37
5.4 3.5 -3.0074854284231725e-37
5.4 3.5999999999999996 9.583344193269963e-31
5.4 3.7 4.333526561074475e-24
5.4 3.8 -1.0994710106371671e-19
5.4 3.9000000000000004 7.451919658684667e-29
5.4 4.0 3.206325641205686e-23
5.4 4.1 3.918906257781467e-24
5.4 4.2 -3.897881556362731e-24
5.4 4.3 -2.994034329724971e-20
5.4 4.4 2.2651771412365077e-21
5.4 4.5 3.702489775676477e-24
5.4 4.6 -6.892525301893614e-23
5.4 4.7 3.9661424081704513e-23
5.4 4.8 -7.063053815421565e-35
5.4 4.9 1.940438044176724e-38
5.4 5.0 1.820121918740888e-42
6.625 3.0 -1.9372015280552035e-43
6.625 3.0999999999999996 6.85731500814569e-43
6.625 3.2 -2.5292657100931235e-41
6.625 3.3 -1.2497537888715258e-38
6.625 3.4000000000000004 6.991096939644044e-38
6.625 3.5 -1.2395887524805467e-37
6.625 3.5999999999999996 -3.4881461346367337e-31
6.625 3.7 -1.5773172306565961e-24
6.625 3.8 4.001855175558072e-20
6.625 3.9000000000000004 -2.510945777133201e-29
6.625 4.0 -1.1670385792479906e-23
6.625 4.1 3.990963296825567e-27
6.625 4.2 -6.01474100731304e-26
6.625 4.3 -7.60742219998869e-24
6.625 4.4 1.1876766607410475e-21
6.625 4.5 8.339622852371418e-26
6.625 4.6 -1.3995316545871241e-24
6.625 4.7 8.428647999727971e-25
6.625 4.8 -1.2771186712559137e-38
6.625 4.9 -7.522406152146695e-43
6.625 5.0 -6.296377605167522e-43
7.85 3.0 -1.6575666090636473e-39
7.85 3.0999999999999996 1.5150801008423866e-40
7.85 3.2 8.855301296421548e-40
7.85 3.3 -3.6433062992277524e-38
7.85 3.4000000000000004 -5.244429895376201e-36
7.85 3.5 4.790058641396535e-36
7.85 3.5999999999999996 -1.0041779416512305e-30
7.85 3.7 -4.540828018309826e-24
7.85 3.8 1.152066036762167e-19
7.85 3.9000000000000004 -1.0129611253752214e-28
7.85 4.0 -3.359705565944909e-23
7.85 4.1 -2.0557364539944234e-23
7.85 4.2 2.1907187276609778e-23
7.85 4.3 1.569055232202546e-19
7.85 4.4 -4.1581772065617386e-20
7.85 4.5 -2.1466990782553233e-23
7.85 4.6 3.9579933738394876e-22
7.85 4.7 -2.286929482764889e-22
7.85 4.8 3.700172545460315e-34
7.85 4.9 -1.0154847411870865e-37
7.85 5.0 -2.284979401608669e-42
9.075 3.0 -7.120290737650045e-33
9.075 3.0999999999999996 1.7396268482045747e-33
9.075 3.2 -1.225845332847354e-33
9.075 3.3 -7.357388207647543e-30
9.075 3.4000000000000004 -3.6807621988303384e-29
9.075 3.5 -3.2392421322240335e-31
9.075 3.5999999999999996 -6.015642169981285e-24
9.075 3.7 1.2448180503280317e-13
9.075 3.8 7.00506335932748e-13
9.075 3.9000000000000004 1.4849191452791994e-15
9.075 4.0 8.218956347999754e-15
9.075 4.1 5.65044512760466e-16
9.075 4.2 2.4534810993125647e-16
9.075 4.3 -3.2350344382406007e-18
9.075 4.4 -4.1145761677470164e-20
9.075 4.5 1.403616855640003e-21
9.075 4.6 2.239133742694926e-21
9.075 4.7 -1.2639921295959451e-21
9.075 4.8 -3.146949372671673e-32
9.075 4.9 -4.2593126808850927e-35
9.075 5.0 -2.0726438165231957e-33
10.3 3.0 -2.7032110340556232e-20
10.3 3.0999999999999996 9.593168014237544e-21
10.3 3.2 -4.243445180984119e-20
10.3 3.3 3.702048481105856e-19
10.3 3.4000000000000004 -5.215182831509383e-18
10.3 3.5 -1.9768422864741394e-17
10.3 3.5999999999999996 2.755478907776497e-7
10.3 3.7 0.0009559172492524783
10.3 3.8 0.0017944638796586715
10.3 3.9000000000000004 0.010217717049420974
10.3 4.0 0.007967211053179527
10.3 4.1 0.01747731890831634
10.3 4.2 0.05234317807491294
10.3 4.3 0.15094700691230192
10.3 4.4 0.17632534184490817
10.3 4.5 8.213558175481066e-6
10.3 4.6 8.733074481594112e-5
10.3 4.7 7.185114305205664e-5
10.3 4.8 3.0761973658341473e-16
10.3 4.9 9.936290802416332e-22
10.3 5.0 -2.024843628527499e-20
11.525 3.0 -3.82183923420974e-36
11.525 3.0999999999999996 -2.390245998283788e-38
11.525 3.2 -5.521924486692489e-38
11.525 3.3 1.323645968390349e-35
11.525 3.4000000000000004 -1.3506178501955326e-34
11.525 3.5 2.1825968485213435e-30
11.525 3.5999999999999996 5.215400311904189e-19
11.525 3.7 3.1577186319037015e-17
11.525 3.8 -5.347416847932655e-19
11.525 3.9000000000000004 3.5815728041727345e-20
11.525 4.0 1.348755620525227e-15
11.525 4.1 9.16988477715852e-19
11.525 4.2 4.939692208487458e-18
11.525 4.3 -3.667821671020516e-19
11.525 4.4 1.835857146640193e-18
11.525 4.5 1.9533132846480115e-22
11.525 4.6 -3.401266629511335e-21
11.525 4.7 2.0122550170953585e-21
11.525 4.8 9.505589083585644e-34
11.525 4.9 3.7273787039427884e-37
11.525 5.0 -9.42953323267274e-39
12.75 3.0 4.620111977207395e-37
12.75 3.0999999999999996 3.346583728805635e-38
12.75 3.2 -3.4692702083472954e-33
12.75 3.3 -9.763900952836249e-37
12.75 3.4000000000000004 -2.03800644593054e-36
12.75 3.5 -1.835835661331245e-34
12.75 3.5999999999999996 1.8177159092647354e-30
12.75 3.7 8.219594344548465e-24
12.75 3.8 -2.0854160171081368e-19
12.75 3.9000000000000004 1.1766480324177472e-18
12.75 4.0 1.6904694177942847e-22
12.75 4.1 4.890111199907993e-16
12.75 4.2 1.903878249054607e-18
12.75 4.3 2.812247516684036e-19
12.75 4.4 1.329199278936923e-19
12.75 4.5 2.269741664732949e-20
12.75 4.6 -5.773511704695096e-19
12.75 4.7 1.7972097202855469e-19
12.75 4.8 2.877318076858908e-28
12.75 4.9 -2.1925661241545038e-36
12.75 5.0 -2.7194521425590993e-38
13.975000000000001 3.0 -2.6458162133697025e-22
13.975000000000001 3.0999999999999996 1.0757138110294988e-22
13.975000000000001 3.2 -4.2296905293907464e-20
13.975000000000001 3.3 -2.6969763671657706e-22
13.975000000000001 3.4000000000000004 -3.1219273521911118e-18
13.975000000000001 3.5 -1.9470291401989728e-17
13.975000000000001 3.5999999999999996 -1.6928705063424284e-23
13.975000000000001 3.7 1.023889920348468e-16
13.975000000000001 3.8 1.2975848832738973e-12
13.975000000000001 3.9000000000000004 6.78180800353164e-11
13.975000000000001 4.0 3.279881354910283e-7
13.975000000000001 4.1 7.07561114025565e-5
13.975000000000001 4.2 0.017159254343022394
13.975000000000001 4.3 0.1499732387354229
13.975000000000001 4.4 0.17632433738717382
13.975000000000001 4.5 8.212644790736272e-6
13.975000000000001 4.6 8.703016516215743e-5
13.975000000000001 4.7 7.202304178407544e-5
13.975000000000001 4.8 2.9874945815579784e-16
13.975000000000001 4.9 6.715260887471233e-22
13.975000000000001 5.0 -9.188811882205539e-23
15.2 3.0 -6.273797346347513e-22
15.2 3.0999999999999996 9.468506449666186e-21
15.2 3.2 -1.9151473289611234e-22
15.2 3.3 3.150422653389865e-19
15.2 3.4000000000000004 -1.7929339934933056e-18
15.2 3.5 -2.0588053037919883e-19
15.2 3.5999999999999996 -1.1037357227111458e-15
15.2 3.7 0.00018289211905650737
15.2 3.8 0.0015832313669657623
15.2 3.9000000000000004 0.008053518985903287
15.2 4.0 0.007882218752739761
15.2 4.1 0.008449743945688854
15.2 4.2 0.005703259432064518
15.2 4.3 2.282739660562632e-5
15.2 4.4 6.136244740490702e-10
15.2 4.5 1.784623214316853e-8
15.2 4.6 1.0711858343387756e-10
15.2 4.7 -5.961668242722809e-11
15.2 4.8 -2.5422969024296993e-21
15.2 4.9 3.4451444652488837e-22
15.2 5.0 -2.008988710687422e-20
16.425 3.0 -3.580441674842951e-24
16.425 3.0999999999999996 -1.0343245058964746e-22
16.425 3.2 -1.2586107925632436e-24
16.425 3.3 5.380559870416192e-20
16.425 3.4000000000000004 -3.015486471209857e-19
16.425 3.5 -5.678563703007335e-20
16.425 3.5999999999999996 5.4888385078988403e-14
16.425 3.7 1.017514205630008e-6
16.425 3.8 0.0017612248954714854
16.425 3.9000000000000004 0.001600270281845268
16.425 4.0 7.430919995574254e-5
16.425 4.1 4.3506866792426755e-5
16.425 4.2 7.493816049339965e-9
16.425 4.3 1.089648261833779e-7
16.425 4.4 5.646197306338961e-18
16.425 4.5 -6.144173418405258e-13
16.425 4.6 9.88122976000303e-13
16.425 4.7 -5.51766275847605e-13
16.425 4.8 -1.3108265927132628e-23
16.425 4.9 3.308700924248564e-24
16.425 5.0 2.7872340874265497e-24
17.65 3.0 1.6874872682609884e-28
17.65 3.0999999999999996 -1.8848752146108562e-25
17.65 3.2 1.3501325930011764e-32
17.65 3.3 -1.3722856719821274e-24
17.65 3.4000000000000004 5.934345850281621e-24
17.65 3.5 -2.324204255328349e-25
17.65 3.5999999999999996 -1.2343515910064283e-7
17.65 3.7 2.8676518446133555e-8
17.65 3.8 4.819619485724646e-7
17.65 3.9000000000000004 4.023395923380951e-8
17.65 4.0 1.9581701352862038e-8
17.65 4.1 5.380351759123625e-12
17.65 4.2 1.309987807173062e-11
17.65 4.3 1.7286783599117403e-14
17.65 4.4 1.0028122253326318e-19
17.65 4.5 2.958008540780657e-17
17.65 4.6 -3.933946658408583e-20
17.65 4.7 3.734161866683366e-20
17.65 4.8 1.6280477334986259e-26
17.65 4.9 3.75131865874935e-32
17.65 5.0 8.401199159116396e-28
18.875 3.0 -1.016819567601054e-22
18.875 3.0999999999999996 5.3275821301994e-23
18.875 3.2 -5.957294957124067e-23
18.875 3.3 3.1309949035815193e-22
18.875 3.4000000000000004 -1.5093778735227207e-21
18.875 3.5 -9.406067513103314e-21
18.875 3.5999999999999996 -2.4611197648945275e-11
18.875 3.7 -6.882535955619187e-10
18.875 3.8 2.5824978336474644e-5
18.875 3.9000000000000004 1.486473524964339e-5
18.875 4.0 0.00017372583057546212
18.875 4.1 0.00021964151834750383
18.875 4.2 4.404192192570084e-5
18.875 4.3 2.1303893240731364e-6
18.875 4.4 1.14361712345526e-6
18.875 4.5 -6.519656783126858e-10
18.875 4.6 8.203444311207295e-8
18.875 4.7 -1.0512325125779608e-8
18.875 4.8 3.0663590118467653e-18
18.875 4.9 1.8109215194338863e-23
18.875 5.0 -9.947531164341107e-22
20.1 3.0 -1.2236245683907817e-21
20.1 3.0999999999999996 9.357527908434641e-21
20.1 3.2 -3.873882091186387e-20
20.1 3.3 3.644766935056777e-19
20.1 3.4000000000000004 -5.220237526509509e-18
20.1 3.5 1.461274385718348e-17
20.1 3.5999999999999996 5.197942867255416e-6
20.1 3.7 0.000962472029461169
20.1 3.8 0.0037532497172685178
20.1 3.9000000000000004 0.011181866004907852
20.1 4.0 0.008093335446389228
20.1 4.1 0.009078392643516833
20.1 4.2 0.022685379742178817
20.1 4.3 0.14592532310871356
20.1 4.4 0.0004396751094858626
20.1 4.5 1.292482063605125e-5
20.1 4.6 1.192035736245707e-10
20.1 4.7 0.00011945897014499524
20.1 4.8 1.0108458311047504e-17
20.1 4.9 1.0134842200508216e-21
20.1 5.0 -2.0007128750927446e-20
21.325 3.0 1.4130591314727398e-26
21.325 3.0999999999999996 -6.473684328729331e-26
21.325 3.2 1.729133261398567e-29
21.325 3.3 2.9762239785409365e-22
21.325 3.4000000000000004 -1.6567435439818808e-21
21.325 3.5 6.699882658481155e-23
21.325 3.5999999999999996 -2.325563770986065e-8
21.325 3.7 2.074386877649905e-6
21.325 3.8 2.032126969074425e-6
21.325 3.9000000000000004 7.166206746310632e-6
21.325 4.0 3.670460593349224e-7
21.325 4.1 2.335323770567712e-8
21.325 4.2 3.207329744847903e-8
21.325 4.3 4.538195140405612e-11
21.325 4.4 6.755901330071628e-13
21.325 4.5 7.65995876965859e-14
21.325 4.6 -6.541338149675133e-15
21.325 4.7 3.791425505883234e-15
21.325 4.8 -1.0866716765833011e-26
21.325 4.9 -4.833886238147195e-28
21.325 5.0 4.957889454711617e-27
22.55 3.0 -1.6966590483119124e-38
22.55 3.0999999999999996 -8.125416895165565e-38
22.55 3.2 -3.063968581417315e-41
22.55 3.3 4.418847845221962e-35
22.55 3.4000000000000004 -4.440892533460612e-32
22.55 3.5 1.6065797154201901e-27
22.55 3.5999999999999996 -7.624583739083881e-16
22.55 3.7 7.970477680553166e-16
22.55 3.8 4.358102935625445e-15
22.55 3.9000000000000004 1.9437735713661228e-18
22.55 4.0 5.0311926624905647e-20
22.55 4.1 6.986874237592308e-24
22.55 4.2 -4.019624171316565e-25
22.55 4.3 4.273290044048988e-27
22.55 4.4 1.1518543399715621e-20
22.55 4.5 8.000724470889396e-25
22.55 4.6 -1.3409836567519772e-23
22.55 4.7 8.080601953145384e-24
22.55 4.8 3.509547560689287e-36
22.55 4.9 6.65287298545563e-36
22.55 5.0 2.2384930135085606e-39
23.775 3.0 -2.404013585987116e-44
23.775 3.0999999999999996 5.1293621365325855e-44
23.775 3.2 -5.032813615142558e-42
23.775 3.3 -9.240864371749717e-40
23.775 3.4000000000000004 5.177451740014555e-39
23.775 3.5 6.360865275925463e-38
23.775 3.5999999999999996 2.134137183289512e-26
23.775 3.7 -1.1094387432134818e-25
23.775 3.8 2.9621252141731937e-21
23.775 3.9000000000000004 -1.858287313400078e-30
23.775 4.0 -8.638279613953481e-25
23.775 4.1 8.681483287376214e-29
23.775 4.2 -1.1770847619198508e-26
23.775 4.3 8.30075032400797e-29
23.775 4.4 2.3632761805746313e-22
23.775 4.5 1.64151939617287e-26
23.775 4.6 -2.7513155305085087e-25
23.775 4.7 1.657908770049303e-25
23.775 4.8 1.0304418264758956e-39
23.775 4.9 -1.1309839848503166e-42
23.775 5.0 -4.661003476198755e-44
25.0 3.0 1.1738252501640623e-45
25.0 3.0999999999999996 -3.335712972640423e-45
25.0 3.2 -9.783185375022705e-46
25.0 3.3 6.019535335323153e-41
25.0 3.4000000000000004 -3.3429335812232673e-40
25.0 3.5 -4.5478335634142487e-41
25.0 3.5999999999999996 1.6790435050265206e-33
25.0 3.7 7.592526658222095e-27
25.0 3.8 -1.9263209398987275e-22
25.0 3.9000000000000004 1.2088298210296983e-31
25.0 4.0 5.617621713563289e-26
25.0 4.1 -1.9629024389605742e-29
25.0 4.2 -2.052867892211952e-30
25.0 4.3 1.6446063598475478e-32
25.0 4.4 4.593627045238812e-26
25.0 4.5 3.190710087060326e-30
25.0 4.6 -5.347880004409224e-29
25.0 4.7 3.2225664639771865e-29
25.0 4.8 2.0029242957540794e-43
25.0 4.9 -2.2013438562529886e-46
25.0 5.0 3.03078747009398e-45
