5.89 11.28 7.644941353533604e-33
5.89 11.77 -2.541104618031427e-33
5.89 12.26 -4.397011355617633e-32
5.89 12.75 4.801136514009488e-32
5.89 13.24 -6.159430592605576e-20
5.89 13.73 6.896227321450741e-31
5.89 14.220000000000002 1.6645825731875565e-29
5.89 14.709999999999999 -1.5325525647397869e-29
5.89 15.2 -2.7465815075253845e-28
5.89 15.69 3.391377905530225e-30
5.89 16.18 -1.1109074172308731e-29
5.89 16.67 -6.263289378730886e-30
5.89 17.16 3.301549006950535e-30
5.89 17.65 -5.9527080160863136e-30
5.89 18.14 -4.415660720711297e-31
5.89 18.63 -7.736127103176683e-31
5.89 19.12 -3.037151089866597e-31
5.89 19.61 -1.493040893590578e-32
6.38 11.28 -5.86262322254902e-32
6.38 11.77 1.9486792972861358e-32
6.38 12.26 3.3719056420675713e-31
6.38 12.75 -3.681814303081607e-31
6.38 13.24 4.723439874813104e-19
6.38 13.73 -5.288462078787146e-30
6.38 14.220000000000002 -1.2765069080496066e-28
6.38 14.709999999999999 1.1752579699866028e-28
6.38 15.2 2.106251936281936e-27
6.38 15.69 -2.600722483791363e-29
6.38 16.18 8.519138762718377e-29
6.38 16.67 4.8030853427436796e-29
6.38 17.16 -2.5318360185438656e-29
6.38 17.65 4.564911964436557e-29
6.38 18.14 3.386207151500784e-30
6.38 18.63 5.932550206773163e-30
6.38 19.12 2.3290790192408646e-30
6.38 19.61 1.1449579284128366e-31
6.87 11.28 1.852067512204301e-32
6.87 11.77 -6.15609340939287e-33
6.87 12.26 -1.0652222830681024e-31
6.87 12.75 1.1631258564390105e-31
6.87 13.24 -1.492186894143964e-19
6.87 13.73 1.670683657099744e-30
6.87 14.220000000000002 4.032626494586694e-29
6.87 14.709999999999999 -3.712769901875036e-29
6.87 15.2 -6.653882802328697e-28
6.87 15.69 8.215969946632497e-30
6.87 16.18 -2.691290150406572e-29
6.87 16.67 -1.517347778282173e-29
6.87 17.16 7.998349984590987e-30
6.87 17.65 -1.44210617405662e-29
6.87 18.14 -1.0697402880619843e-30
6.87 18.63 -1.8741582198605286e-30
6.87 19.12 -7.357818200394494e-31
6.87 19.61 -3.6170487195869233e-32
7.360000000000001 11.28 8.85466950215876e-36
7.360000000000001 11.77 -2.943206562687041e-36
7.360000000000001 12.26 -5.092790192986534e-35
7.360000000000001 12.75 5.560863726789834e-35
7.360000000000001 13.24 -7.134092950732599e-23
7.360000000000001 13.73 7.987479683539916e-34
7.360000000000001 14.220000000000002 1.9279845145988017e-32
7.360000000000001 14.709999999999999 -1.7750622049159617e-32
7.360000000000001 15.2 -3.181197917056241e-31
7.360000000000001 15.69 3.92802627537665e-33
7.360000000000001 16.18 -1.28669633581028e-32
7.360000000000001 16.67 -7.254386251035009e-33
7.360000000000001 17.16 3.8239829384976234e-33
7.360000000000001 17.65 -6.894658793024292e-33
7.360000000000001 18.14 -5.114390615631141e-34
7.360000000000001 18.63 -8.960284396905175e-34
7.360000000000001 19.12 -3.517746949943529e-34
7.360000000000001 19.61 -1.7292982450207661e-35
7.85 11.28 -2.4625701310121693e-33
7.85 11.77 8.185345109611468e-34
7.85 12.26 1.4163547278306405e-32
7.85 12.75 -1.5465305523693555e-32
7.85 13.24 1.9840609757434167e-20
7.85 13.73 -2.221396160498862e-31
7.85 14.220000000000002 -5.361913368821985e-30
7.85 14.709999999999999 4.9366214803793855e-30
7.85 15.2 8.847222326559936e-29
7.85 15.69 -1.0924224983456777e-30
7.85 16.18 3.578428267115679e-30
7.85 16.67 2.0175157182624226e-30
7.85 17.16 -1.0634870294762073e-30
7.85 17.65 1.917471996338507e-30
7.85 18.14 1.422362016483129e-31
7.85 18.63 2.4919426654844222e-31
7.85 19.12 9.783198080152105e-32
7.85 19.61 4.809347435002158e-33
8.34 11.28 -5.70733878505912e-34
8.34 11.77 6.57801990126163e-34
8.34 12.26 3.282601389113691e-33
8.34 12.75 -3.5841933092437083e-33
8.34 13.24 4.598777173805369e-21
8.34 13.73 9.322046447969799e-22
8.34 14.220000000000002 4.403294572160696e-22
8.34 14.709999999999999 4.087007035962421e-18
8.34 15.2 3.155719602336467e-21
8.34 15.69 4.282306611974731e-24
8.34 16.18 1.5193529429645238e-30
8.34 16.67 4.675765763282645e-31
8.34 17.16 -2.4647599290886983e-31
8.34 17.65 4.444030477888915e-31
8.34 18.14 3.2967747325025796e-32
8.34 18.63 5.775412521443975e-32
8.34 19.12 2.2838708679971804e-32
8.34 19.61 1.1138001564217827e-33
8.83 11.28 3.056014830738933e-25
8.83 11.77 1.5117567054735763e-23
8.83 12.26 1.6009254378923589e-24
8.83 12.75 2.3760799797911455e-24
8.83 13.24 3.0245749929726095e-17
8.83 13.73 3.702390504347087e-12
8.83 14.220000000000002 3.167698655186805e-10
8.83 14.709999999999999 1.264067277726081e-7
8.83 15.2 9.335720350074983e-7
8.83 15.69 8.527269696116974e-8
8.83 16.18 2.2692438598280148e-10
8.83 16.67 8.997163023038759e-13
8.83 17.16 7.824712418065762e-15
8.83 17.65 8.2487326639564e-16
8.83 18.14 1.7713862847508057e-17
8.83 18.63 5.8004471597833786e-18
8.83 19.12 5.516682293924753e-19
8.83 19.61 6.429538948749694e-22
9.32 11.28 -4.3081539650325354e-19
9.32 11.77 -4.744249176680843e-19
9.32 12.26 7.98834563317452e-20
9.32 12.75 2.5943560352067264e-18
9.32 13.24 1.401832260511079e-12
9.32 13.73 1.7260254004071206e-7
9.32 14.220000000000002 0.0001135252719775215
9.32 14.709999999999999 0.0029933257784890894
9.32 15.2 0.012992470532571118
9.32 15.69 0.018781442550157113
9.32 16.18 0.01013753667372653
9.32 16.67 0.0008693007437377277
9.32 17.16 3.0114890560636892e-5
9.32 17.65 2.1104575804544173e-6
9.32 18.14 1.4675895934640979e-8
9.32 18.63 1.0412991375921849e-8
9.32 19.12 3.775606361270949e-12
9.32 19.61 8.319773167981036e-13
9.81 11.28 -1.2916816394082397e-18
9.81 11.77 -1.2811282324593769e-16
9.81 12.26 -2.1289253564090773e-17
9.81 12.75 9.999187706173578e-14
9.81 13.24 6.960276549152444e-8
9.81 13.73 3.823814997540654e-5
9.81 14.220000000000002 0.005325788475932875
9.81 14.709999999999999 0.07611522785163861
9.81 15.2 0.45277779521129413
9.81 15.69 0.4904523942530323
9.81 16.18 0.1600814846100609
9.81 16.67 0.01947086431854571
9.81 17.16 0.0005191790777227896
9.81 17.65 5.647341236125347e-7
9.81 18.14 6.81865064448883e-8
9.81 18.63 8.283572367381735e-12
9.81 19.12 4.911535468885243e-13
9.81 19.61 1.3250956616875412e-17
10.3 11.28 -2.8599401645119204e-19
10.3 11.77 -1.332555034672907e-18
10.3 12.26 -5.696173366770429e-19
10.3 12.75 6.397438123401025e-16
10.3 13.24 4.384683324855088e-8
10.3 13.73 7.711616319506473e-5
10.3 14.220000000000002 0.003792674278494691
10.3 14.709999999999999 0.03774754773640619
10.3 15.2 0.09658754859536978
10.3 15.69 0.04087588164043776
10.3 16.18 0.0040991352580478525
10.3 16.67 0.0001348238550883191
10.3 17.16 1.5569031229356616e-6
10.3 17.65 1.5228777176923602e-8
10.3 18.14 6.562975188360482e-12
10.3 18.63 4.45120868381298e-17
10.3 19.12 2.8521986025627172e-18
10.3 19.61 1.6764043155385852e-19
10.79 11.28 -3.726314442467392e-21
10.79 11.77 5.385645608557577e-22
10.79 12.26 -3.1279051391783244e-22
10.79 12.75 1.3853785846760024e-18
10.79 13.24 1.8681293721790636e-13
10.79 13.73 4.5094645578908477e-8
10.79 14.220000000000002 6.198198316884146e-6
10.79 14.709999999999999 4.337027663662649e-5
10.79 15.2 6.374319080591552e-5
10.79 15.69 1.7566587610286513e-5
10.79 16.18 2.81650305113872e-6
10.79 16.67 9.597382680329448e-8
10.79 17.16 4.102564096977377e-10
10.79 17.65 1.5773011003362602e-13
10.79 18.14 2.549701652716152e-21
10.79 18.63 3.2595936942159136e-22
10.79 19.12 2.9392826035893915e-22
10.79 19.61 -9.391251656987972e-21
11.28 11.28 -4.0392085208429716e-27
11.28 11.77 1.2100166341806437e-27
11.28 12.26 -3.0265766163265815e-27
11.28 12.75 3.258184667593606e-20
11.28 13.24 1.2605907459800433e-17
11.28 13.73 3.3090970340510553e-13
11.28 14.220000000000002 2.8124422103057646e-12
11.28 14.709999999999999 1.4739062762946576e-10
11.28 15.2 1.6946697920589622e-10
11.28 15.69 2.3160114062824156e-11
11.28 16.18 2.7114139642175656e-16
11.28 16.67 6.892527893672558e-16
11.28 17.16 1.4781223689242376e-20
11.28 17.65 7.084616039887358e-21
11.28 18.14 -9.850893342406333e-28
11.28 18.63 9.364916573560422e-28
11.28 19.12 1.0631569296546027e-26
11.28 19.61 3.685363739758313e-27
11.77 11.28 -6.991948587965885e-33
11.77 11.77 2.2704535873462643e-33
11.77 12.26 3.919270814199931e-32
11.77 12.75 6.8728919159781615e-28
11.77 13.24 5.48457725040221e-20
11.77 13.73 5.2745556537615675e-22
11.77 14.220000000000002 3.092686034177481e-19
11.77 14.709999999999999 2.412095423329726e-19
11.77 15.2 1.5415443881789928e-18
11.77 15.69 6.734914705723855e-23
11.77 16.18 2.3213111117519176e-23
11.77 16.67 2.645448433928229e-28
11.77 17.16 5.710234872691255e-28
11.77 17.65 5.300423755436368e-30
11.77 18.14 3.931803367623424e-31
11.77 18.63 6.888391130108348e-31
11.77 19.12 2.7038068783556366e-31
11.77 19.61 1.3298014516513498e-32
12.26 11.28 6.839369709988058e-36
12.26 11.77 -2.27334031308946e-36
12.26 12.26 -2.895529988075757e-35
12.26 12.75 2.3425690470739772e-31
12.26 13.24 -5.510391936356887e-23
12.26 13.73 3.483239542246396e-30
12.26 14.220000000000002 2.430862725321993e-27
12.26 14.709999999999999 1.516266129243864e-26
12.26 15.2 6.643335918968295e-30
12.26 15.69 3.0698578066388434e-33
12.26 16.18 -9.700985244805267e-33
12.26 16.67 -5.603306794331137e-33
12.26 17.16 2.9536543602063914e-33
12.26 17.65 -5.325452370735184e-33
12.26 18.14 -3.950368603685236e-34
12.26 18.63 -6.920946955662911e-34
12.26 19.12 -2.7171168766444285e-34
12.26 19.61 -1.3357144578622116e-35
12.75 11.28 1.4654262231834552e-34
12.75 11.77 -4.870935133327913e-35
12.75 12.26 -8.42844365467792e-34
12.75 12.75 9.203093948629836e-34
12.75 13.24 -1.1806749970829524e-21
12.75 13.73 1.321932129979557e-32
12.75 14.220000000000002 3.1907673856528314e-31
12.75 14.709999999999999 -2.9376846896344512e-31
12.75 15.2 -5.2648050247998515e-30
12.75 15.69 6.500787757114716e-32
12.75 16.18 -2.1294510781127098e-31
12.75 16.67 -1.2005832451201567e-31
12.75 17.16 6.328598570183068e-32
12.75 17.65 -1.1410492274993387e-31
12.75 18.14 -8.464191827737935e-33
12.75 18.63 -1.4829052308734036e-32
12.75 19.12 -5.8217854723025946e-33
12.75 19.61 -2.8619464513506006e-34
13.24 11.28 3.928671073709537e-34
13.24 11.77 -1.305852294539242e-34
13.24 12.26 -2.259587160286439e-33
13.24 12.75 2.467263680813118e-33
13.24 13.24 -3.16527958563165e-21
13.24 13.73 3.5439132287111826e-32
13.24 14.220000000000002 8.554149865466585e-31
13.24 14.709999999999999 -7.875658754726257e-31
13.24 15.2 -1.4114451401531044e-29
13.24 15.69 1.7428005868633473e-31
13.24 16.18 -5.708859798678535e-31
13.24 16.67 -3.2186517424517285e-31
13.24 17.16 1.6966382712727772e-31
13.24 17.65 -3.059046591930719e-31
13.24 18.14 -2.2691709121817567e-32
13.24 18.63 -3.975530663651546e-32
13.24 19.12 -1.5607664050593628e-32
13.24 19.61 -7.672611599307488e-34
13.73 11.28 -5.325973851390562e-49
13.73 11.77 1.7703022329958937e-49
13.73 12.26 3.06325011812714e-48
13.73 12.75 -3.344790541624209e-48
13.73 13.24 4.2910684017882544e-36
13.73 13.73 -4.804369934154571e-47
13.73 14.220000000000002 -1.1596587662741935e-45
13.73 14.709999999999999 1.0676778942081611e-45
13.73 15.2 1.91345108004415e-44
13.73 15.69 -2.3626590721574328e-46
13.73 16.18 7.739318827805911e-46
13.73 16.67 4.363423329518979e-46
13.73 17.16 -2.300078295823088e-46
13.73 17.65 4.147051726431453e-46
13.73 18.14 3.0762425043653926e-47
13.73 18.63 5.389499900284847e-47
13.73 19.12 2.1158811479796585e-47
13.73 19.61 1.0401514400950552e-48
14.220000000000002 11.28 -2.3564802696579432e-101
14.220000000000002 11.77 -2.710166998421728e-97
14.220000000000002 12.26 2.4372248090936387e-92
14.220000000000002 12.75 1.1894726214239237e-88
14.220000000000002 13.24 -5.306384315253223e-89
14.220000000000002 13.73 3.8093896095089366e-85
14.220000000000002 14.220000000000002 1.0149153902340503e-84
14.220000000000002 14.709999999999999 9.469142631598993e-88
14.220000000000002 15.2 8.361236957026514e-92
14.220000000000002 15.69 5.436662448891558e-90
14.220000000000002 16.18 1.7677176952965204e-90
14.220000000000002 16.67 1.3383552593740544e-95
14.220000000000002 17.16 -2.1135237676863018e-97
14.220000000000002 17.65 -1.3146830529141864e-99
14.220000000000002 18.14 3.3662348782782064e-99
14.220000000000002 18.63 5.646751343093956e-100
14.220000000000002 19.12 2.76868781710173e-100
14.220000000000002 19.61 4.744212074250231e-100
