6.96 6.0 1.3897549009485216e-30
6.96 6.12 -5.086266031568131e-29
6.96 6.24 -1.324644308711924e-31
6.96 6.359999999999999 -5.24234976680314e-30
6.96 6.48 -6.000843207694091e-31
6.96 6.6000000000000005 -4.098614666531056e-30
6.96 6.720000000000001 6.704324239377837e-30
6.96 6.84 -1.4159755381395471e-30
6.96 6.96 -3.309046784718041e-30
6.96 7.08 -2.4773031059886734e-33
6.96 7.200000000000001 4.539024421152654e-35
6.96 7.32 -3.777458074720268e-30
6.96 7.44 -3.955028616908605e-32
6.96 7.56 -2.1406509910880735e-33
6.96 7.680000000000001 4.237231982474966e-29
6.96 7.799999999999999 1.0045150221907023e-19
6.96 7.92 1.521071643935341e-14
6.96 8.04 9.191757894835704e-18
6.96 8.16 8.0191557752508e-30
6.96 8.280000000000001 6.577128107704298e-31
6.96 8.4 2.71085024596818e-29
6.96 8.52 -1.5937042756368354e-32
6.96 8.64 8.652672999085697e-32
6.96 8.760000000000002 1.618724364906915e-29
6.96 8.879999999999999 -7.599756386721583e-31
6.96 9.0 2.6935165991467034e-28
6.96 9.120000000000001 8.395488664411085e-25
6.96 9.24 1.1167721123942846e-21
6.96 9.36 6.139757888444822e-19
6.96 9.48 1.0989261423668856e-16
6.96 9.6 5.819996421476307e-15
6.96 9.719999999999999 9.153387156938351e-14
6.96 9.84 4.406525659224272e-13
6.96 9.96 6.7667043666416e-13
6.96 10.08 3.632744156851248e-13
6.96 10.2 8.644664043711756e-14
6.96 10.32 1.0447229686821789e-14
6.96 10.44 4.563342403698662e-16
7.08 6.0 1.0860174486186112e-19
7.08 6.12 -5.87250242878721e-21
7.08 6.24 2.6317356511694056e-21
7.08 6.359999999999999 5.974728803298001e-20
7.08 6.48 -2.8891456755004897e-20
7.08 6.6000000000000005 1.056359833772663e-20
7.08 6.720000000000001 3.9489349657574504e-27
7.08 6.84 1.0407673563123757e-20
7.08 6.96 -2.2603785474039118e-26
7.08 7.08 5.7886734075611464e-27
7.08 7.200000000000001 4.7048642641842137e-26
7.08 7.32 1.368383247801017e-20
7.08 7.44 5.782097011460707e-21
7.08 7.56 -2.0188167689531587e-25
7.08 7.680000000000001 4.119612917180685e-24
7.08 7.799999999999999 5.6913706312041804e-8
7.08 7.92 0.0016653983201081013
7.08 8.04 -1.0135097013111305e-9
7.08 8.16 1.6670949766651999e-21
7.08 8.280000000000001 4.917260520207283e-22
7.08 8.4 3.114930070689049e-20
7.08 8.52 7.713875233561383e-24
7.08 8.64 -4.0583229272146347e-22
7.08 8.760000000000002 -1.512660603153303e-20
7.08 8.879999999999999 4.3016496677439783e-20
7.08 9.0 6.6071702405863634e-18
7.08 9.120000000000001 1.9680681144014483e-14
7.08 9.24 1.6126379011994562e-11
7.08 9.36 3.895328028096828e-9
7.08 9.48 3.0408680436922983e-7
7.08 9.6 8.647198105463835e-6
7.08 9.719999999999999 9.961342211081345e-5
7.08 9.84 0.00048067517143922996
7.08 9.96 0.0009791847818839362
7.08 10.08 0.0009017156063174746
7.08 10.2 0.0003813110478230077
7.08 10.32 5.955042585663385e-5
7.08 10.44 2.6461213080918456e-6
7.200000000000001 6.0 1.9288085463912728e-16
7.200000000000001 6.12 7.308383700570016e-17
7.200000000000001 6.24 3.097512526951255e-17
7.200000000000001 6.359999999999999 -7.28725556118422e-17
7.200000000000001 6.48 7.520373710045722e-17
7.200000000000001 6.6000000000000005 1.1146121239537753e-17
7.200000000000001 6.720000000000001 -7.176391577986695e-17
7.200000000000001 6.84 -1.0132160427608985e-16
7.200000000000001 6.96 -1.1586932820116811e-21
7.200000000000001 7.08 5.32312537858543e-22
7.200000000000001 7.200000000000001 2.489293173489964e-23
7.200000000000001 7.32 -2.5421713547344324e-18
7.200000000000001 7.44 2.866424474404191e-16
7.200000000000001 7.56 -3.470783901821627e-21
7.200000000000001 7.680000000000001 1.7786113614455805e-21
7.200000000000001 7.799999999999999 9.624824579534411e-7
7.200000000000001 7.92 11.638191629638861
7.200000000000001 8.04 8.321369036531145e-6
7.200000000000001 8.16 5.398594244134212e-17
7.200000000000001 8.280000000000001 -4.2516803580246955e-19
7.200000000000001 8.4 7.142410747438361e-17
7.200000000000001 8.52 -5.896145543099158e-20
7.200000000000001 8.64 -1.7210649492304122e-17
7.200000000000001 8.760000000000002 9.10166794221877e-18
7.200000000000001 8.879999999999999 2.0176838420595507e-17
7.200000000000001 9.0 4.016129794471676e-14
7.200000000000001 9.120000000000001 1.2480569081243936e-10
7.200000000000001 9.24 1.0549798041969161e-7
7.200000000000001 9.36 2.5711494109018778e-5
7.200000000000001 9.48 0.00193820375038411
7.200000000000001 9.6 0.04969335473313588
7.200000000000001 9.719999999999999 0.4880858651012819
7.200000000000001 9.84 2.0498954413523767
7.200000000000001 9.96 3.955085349988073
7.200000000000001 10.08 3.5433820314031097
7.200000000000001 10.2 1.3255107337280447
7.200000000000001 10.32 0.16745708805248719
7.200000000000001 10.44 0.005843190547447648
7.32 6.0 8.943394658201039e-21
7.32 6.12 -6.394643794430004e-20
7.32 6.24 -1.1833064593655509e-20
7.32 6.359999999999999 -1.100892971797053e-20
7.32 6.48 1.0242038184766945e-20
7.32 6.6000000000000005 8.405806054641548e-21
7.32 6.720000000000001 -1.8079698756183033e-21
7.32 6.84 -1.7672224395326033e-20
7.32 6.96 2.370048608027049e-26
7.32 7.08 -5.3851875612689465e-25
7.32 7.200000000000001 4.768395073366516e-25
7.32 7.32 -4.687447441160556e-20
7.32 7.44 -8.430273848255574e-21
7.32 7.56 -1.5986855972920028e-25
7.32 7.680000000000001 6.5440406206241474e-24
7.32 7.799999999999999 2.2038772817451713e-10
7.32 7.92 0.003382856232697929
7.32 8.04 1.9858139744096287e-6
7.32 8.16 2.600515095563574e-20
7.32 8.280000000000001 -5.918538898443087e-23
7.32 8.4 8.567193728114932e-21
7.32 8.52 3.5856346369357142e-25
7.32 8.64 1.6256508620244327e-21
7.32 8.760000000000002 -1.8869803639658597e-20
7.32 8.879999999999999 9.84093959723618e-22
7.32 9.0 1.1197530707886194e-17
7.32 9.120000000000001 2.3758335665817494e-14
7.32 9.24 1.366730373779019e-11
7.32 9.36 2.3067092470033798e-9
7.32 9.48 1.3180538394120583e-7
7.32 9.6 3.2100014008096523e-6
7.32 9.719999999999999 3.747511502970158e-5
7.32 9.84 0.00018779372280618154
7.32 9.96 0.0003716861490766421
7.32 10.08 0.00029468287409481215
7.32 10.2 9.189305448573313e-5
7.32 10.32 9.647867226543435e-6
7.32 10.44 2.808149563327114e-7
7.799999999999999 6.0 1.2492471138720848e-22
7.799999999999999 6.12 6.713041810582235e-25
7.799999999999999 6.24 1.948559130093882e-22
7.799999999999999 6.359999999999999 -3.4671636368429635e-24
7.799999999999999 6.48 4.671933895061257e-23
7.799999999999999 6.6000000000000005 2.899801600383763e-22
7.799999999999999 6.720000000000001 5.480664477379674e-23
7.799999999999999 6.84 6.000744167115273e-25
7.799999999999999 6.96 9.962402933989338e-14
7.799999999999999 7.08 6.681898780579319e-5
7.799999999999999 7.200000000000001 0.00012239196036834855
7.799999999999999 7.32 -6.782892128808969e-11
7.799999999999999 7.44 -1.9230699217531093e-20
7.799999999999999 7.56 5.2265207365319895e-23
7.799999999999999 7.680000000000001 1.0784040770598043e-22
7.799999999999999 7.799999999999999 -2.4452950840781645e-21
7.799999999999999 7.92 -4.35222165804807e-17
7.799999999999999 8.04 6.796568549382883e-22
7.799999999999999 8.16 4.303510872320857e-22
7.799999999999999 8.280000000000001 5.3262024484722035e-22
7.799999999999999 8.4 -1.4606466391449388e-22
7.799999999999999 8.52 1.652936865368593e-22
7.799999999999999 8.64 8.195731447515339e-22
7.799999999999999 8.760000000000002 1.9217468993559273e-22
7.799999999999999 8.879999999999999 4.754306087589182e-22
7.799999999999999 9.0 2.6250904826174685e-18
7.799999999999999 9.120000000000001 6.279763780476871e-15
7.799999999999999 9.24 3.869044912422965e-12
7.799999999999999 9.36 6.471885983491526e-10
7.799999999999999 9.48 3.1049830096136905e-8
7.799999999999999 9.6 4.543587587399828e-7
7.799999999999999 9.719999999999999 2.1883999455449533e-6
7.799999999999999 9.84 3.8072715072812103e-6
7.799999999999999 9.96 2.6175769105854828e-6
7.799999999999999 10.08 7.643610671633066e-7
7.799999999999999 10.2 1.0080327636028893e-7
7.799999999999999 10.32 5.498814056691119e-9
7.799999999999999 10.44 9.473743144060309e-11
7.92 6.0 5.72254272856722e-17
7.92 6.12 -1.3283668757688761e-17
7.92 6.24 2.3949547064226165e-17
7.92 6.359999999999999 -1.6836309103780806e-17
7.92 6.48 1.0181713484803606e-16
7.92 6.6000000000000005 1.1964924867143005e-17
7.92 6.720000000000001 6.8421951758557086e-18
7.92 6.84 2.395420978838121e-17
7.92 6.96 1.712822728949869e-14
7.92 7.08 0.00438298505327688
7.92 7.200000000000001 11.618696870704301
7.92 7.32 0.0007046898563881789
7.92 7.44 1.3697686876793943e-15
7.92 7.56 -4.86162872026423e-18
7.92 7.680000000000001 -5.254158416032328e-19
7.92 7.799999999999999 -5.8037493362434e-17
7.92 7.92 -7.972445879336869e-16
7.92 8.04 -7.653785350681369e-16
7.92 8.16 -4.051365030539872e-18
7.92 8.280000000000001 8.376838520422911e-17
7.92 8.4 1.7412248066080687e-18
7.92 8.52 -1.6394597500869338e-17
7.92 8.64 -1.1484649686387324e-17
7.92 8.760000000000002 -1.3001452837033595e-18
7.92 8.879999999999999 1.2771553990747445e-18
7.92 9.0 3.13446553233742e-14
7.92 9.120000000000001 9.7344970558031e-11
7.92 9.24 8.545095161217296e-8
7.92 9.36 2.2385154480897943e-5
7.92 9.48 0.0018337231845331969
7.92 9.6 0.04981190016809649
7.92 9.719999999999999 0.49279480512393997
7.92 9.84 2.0393519679272623
7.92 9.96 3.96577733941923
7.92 10.08 3.5733112934971047
7.92 10.2 1.322356096954832
7.92 10.32 0.16931905565324504
7.92 10.44 0.006231226901676312
8.04 6.0 2.240615707562614e-23
8.04 6.12 2.193504374968694e-24
8.04 6.24 -1.216039517879011e-22
8.04 6.359999999999999 -3.546146027840215e-24
8.04 6.48 2.930072471406039e-23
8.04 6.6000000000000005 -1.182373218421078e-22
8.04 6.720000000000001 5.033014934078188e-24
8.04 6.84 3.29709506578719e-23
8.04 6.96 -9.076431483182936e-20
8.04 7.08 -6.27232471985513e-11
8.04 7.200000000000001 6.677945744445087e-6
8.04 7.32 3.659932323541739e-7
8.04 7.44 4.68640229196309e-17
8.04 7.56 -6.022188526278932e-26
8.04 7.680000000000001 -4.0843320929882184e-24
8.04 7.799999999999999 -9.784521550787398e-21
8.04 7.92 -1.7925011547109864e-16
8.04 8.04 -5.5511551254981086e-21
8.04 8.16 -5.75186167510471e-22
8.04 8.280000000000001 -1.6600983057481247e-21
8.04 8.4 -3.0843997739963205e-23
8.04 8.52 5.358047238107116e-22
8.04 8.64 -5.196436496282922e-21
8.04 8.760000000000002 6.934145244398668e-23
8.04 8.879999999999999 1.1836995288404065e-22
8.04 9.0 4.411581355246657e-21
8.04 9.120000000000001 1.8638363240848518e-17
8.04 9.24 2.2817425992485283e-14
8.04 9.36 1.0435400779790513e-11
8.04 9.48 2.117843683605993e-9
8.04 9.6 1.708970743811469e-7
8.04 9.719999999999999 4.746766683958597e-6
8.04 9.84 4.410319017255828e-5
8.04 9.96 0.0001454752684621238
8.04 10.08 0.00018801216880972506
8.04 10.2 9.67071562076519e-5
8.04 10.32 1.7589021320819585e-5
8.04 10.44 9.90185652050301e-7
9.36 6.0 -1.0997014077929888e-21
9.36 6.12 1.8735387144186526e-22
9.36 6.24 -7.647069875691166e-26
9.36 6.359999999999999 2.413851658825802e-21
9.36 6.48 2.1123286832336466e-21
9.36 6.6000000000000005 2.2933906123797916e-22
9.36 6.720000000000001 -4.145585540095092e-22
9.36 6.84 -1.686256179098488e-26
9.36 6.96 -1.1633077760774863e-17
9.36 7.08 1.897046597767222e-9
9.36 7.200000000000001 3.338532810201265e-5
9.36 7.32 4.477550262571674e-9
9.36 7.44 1.3955698498756025e-18
9.36 7.56 1.5262686209790927e-21
9.36 7.680000000000001 5.4003875495835204e-24
9.36 7.799999999999999 5.2980786541459125e-11
9.36 7.92 2.580895411325068e-5
9.36 8.04 -1.8178967270357681e-10
9.36 8.16 1.8575422641568504e-22
9.36 8.280000000000001 -4.5749540260408765e-23
9.36 8.4 -8.087303658297335e-25
9.36 8.52 1.702463456504282e-23
9.36 8.64 2.631310829945854e-26
9.36 8.760000000000002 -1.4232850783012931e-25
9.36 8.879999999999999 9.055093334778213e-21
9.36 9.0 -6.893677898176223e-21
9.36 9.120000000000001 3.6883893612326384e-24
9.36 9.24 -5.321181489359429e-21
9.36 9.36 -4.092629968063427e-21
9.36 9.48 1.606006088032971e-20
9.36 9.6 -1.8255229159638582e-24
9.36 9.719999999999999 5.631960636585907e-22
9.36 9.84 7.411220313310103e-21
9.36 9.96 1.300037109742113e-26
9.36 10.08 -4.538024574000436e-21
9.36 10.2 8.254116743526698e-25
9.36 10.32 -5.5842789436623285e-21
9.36 10.44 -2.6477460529082154e-21
9.48 6.0 -4.2013698489277705e-20
9.48 6.12 1.0096090648613804e-20
9.48 6.24 -1.3410897289156047e-23
9.48 6.359999999999999 1.3916761342169038e-19
9.48 6.48 1.2202166946362183e-19
9.48 6.6000000000000005 1.4521238895293198e-20
9.48 6.720000000000001 -4.0888473864534215e-20
9.48 6.84 -1.7231471797777214e-23
9.48 6.96 3.0904233870549416e-19
9.48 7.08 1.546179603327129e-7
9.48 7.200000000000001 0.0021992156637359954
9.48 7.32 1.2152491226820676e-7
9.48 7.44 1.657856503736339e-18
9.48 7.56 1.306290383140556e-19
9.48 7.680000000000001 4.427284261289353e-22
9.48 7.799999999999999 2.3355706962069474e-9
9.48 7.92 0.0019572209963610717
9.48 8.04 -6.090392276581688e-9
9.48 8.16 1.6302937703205062e-20
9.48 8.280000000000001 -6.211337714272483e-22
9.48 8.4 -1.5921070317398775e-23
9.48 8.52 1.0226366479263591e-21
9.48 8.64 -2.2119559803108723e-24
9.48 8.760000000000002 -2.9988116000089626e-24
9.48 8.879999999999999 8.663258106151307e-20
9.48 9.0 -8.34449817185893e-22
9.48 9.120000000000001 2.1045121289195035e-22
9.48 9.24 3.086086217095035e-20
9.48 9.36 -3.859974702426444e-20
9.48 9.48 -1.1688448899053695e-20
9.48 9.6 -9.88402971126083e-23
9.48 9.719999999999999 1.6705069229642779e-19
9.48 9.84 -8.354488736483803e-20
9.48 9.96 1.3133575526856875e-24
9.48 10.08 -1.8322948340378157e-19
9.48 10.2 7.59935770983282e-23
9.48 10.32 -9.390595682330004e-20
9.48 10.44 -4.2866364385850924e-20
9.6 6.0 -3.1375619975481283e-19
9.6 6.12 2.0257093534401866e-19
9.6 6.24 -9.317899837466252e-22
9.6 6.359999999999999 2.709207460105446e-18
9.6 6.48 2.937829913966156e-18
9.6 6.6000000000000005 3.6029057244329474e-19
9.6 6.720000000000001 -6.516074309220652e-19
9.6 6.84 -1.9974075859310122e-21
9.6 6.96 1.674137067540437e-17
9.6 7.08 3.722268580765212e-6
9.6 7.200000000000001 0.0505113787321407
9.6 7.32 5.340794062736117e-6
9.6 7.44 4.348321298178239e-17
9.6 7.56 3.516280449441985e-18
9.6 7.680000000000001 3.418636319054454e-20
9.6 7.799999999999999 6.001888272377806e-8
9.6 7.92 0.050300173788281055
9.6 8.04 -5.4045859875720747e-8
9.6 8.16 4.513539250034825e-19
9.6 8.280000000000001 5.2406769166813474e-21
9.6 8.4 3.375858273672584e-23
9.6 8.52 2.0653436188430357e-20
9.6 8.64 -3.1463919973124558e-24
9.6 8.760000000000002 -3.530021170300822e-24
9.6 8.879999999999999 1.907664363124809e-18
9.6 9.0 -5.0630130958333095e-19
9.6 9.120000000000001 3.386547337552321e-21
9.6 9.24 8.901462027889753e-19
9.6 9.36 -4.4708816401509795e-20
9.6 9.48 -6.001381968973247e-19
9.6 9.6 -1.5154710204596195e-21
9.6 9.719999999999999 1.7038188431271265e-18
9.6 9.84 -4.3366590712549885e-19
9.6 9.96 -1.8608753411433851e-22
9.6 10.08 -2.113953505244263e-18
9.6 10.2 -5.8374137140493775e-21
9.6 10.32 2.9271806539583436e-19
9.6 10.44 1.6892007610329647e-19
9.719999999999999 6.0 -8.771188965275064e-20
9.719999999999999 6.12 2.192490722670193e-18
9.719999999999999 6.24 -1.939149371234554e-20
9.719999999999999 6.359999999999999 1.8076221272698892e-17
9.719999999999999 6.48 3.613941224347555e-17
9.719999999999999 6.6000000000000005 4.236397304066451e-18
9.719999999999999 6.720000000000001 -1.6003909927142353e-18
9.719999999999999 6.84 -6.19985323634326e-20
9.719999999999999 6.96 1.1708802759250678e-15
9.719999999999999 7.08 4.2955646935244054e-5
9.719999999999999 7.200000000000001 0.46538651594253816
9.719999999999999 7.32 7.956660300276647e-5
9.719999999999999 7.44 4.380092109497929e-16
9.719999999999999 7.56 3.1554981248432563e-17
9.719999999999999 7.680000000000001 1.9736940283415105e-18
9.719999999999999 7.799999999999999 5.940520145374978e-7
9.719999999999999 7.92 0.48677834816288335
9.719999999999999 8.04 1.221359116784085e-6
9.719999999999999 8.16 8.149495930081007e-18
9.719999999999999 8.280000000000001 1.334357717264262e-19
9.719999999999999 8.4 2.407320350139314e-22
9.719999999999999 8.52 1.4427187973706942e-19
9.719999999999999 8.64 -1.8511647483790135e-23
9.719999999999999 8.760000000000002 -1.9180451160955022e-23
9.719999999999999 8.879999999999999 1.3666519090306247e-17
9.719999999999999 9.0 -2.2033482688129844e-17
9.719999999999999 9.120000000000001 1.60041526539208e-20
9.719999999999999 9.24 1.1162230816879559e-17
9.719999999999999 9.36 -2.073358183371815e-18
9.719999999999999 9.48 -1.3465662642367664e-17
9.719999999999999 9.6 -5.445020156119564e-21
9.719999999999999 9.719999999999999 -6.594430680612503e-18
9.719999999999999 9.84 1.516389487292664e-17
9.719999999999999 9.96 -1.3016975882138314e-20
9.719999999999999 10.08 -1.0953492362483696e-17
9.719999999999999 10.2 -4.7133752009772005e-19
9.719999999999999 10.32 -3.5875552288485364e-20
9.719999999999999 10.44 -7.693864895340676e-21
9.84 6.0 -7.496677207221217e-19
9.84 6.12 1.3255009992595921e-17
9.84 6.24 -1.2224772676395326e-19
9.84 6.359999999999999 2.3191511869985177e-17
9.84 6.48 1.9371110432608123e-16
9.84 6.6000000000000005 2.318622901117211e-17
9.84 6.720000000000001 1.6081045462361176e-17
9.84 6.84 -5.673523538115355e-19
9.84 6.96 1.7539520585556302e-14
9.84 7.08 0.00027472421538662364
9.84 7.200000000000001 1.9547399400729684
9.84 7.32 0.0004013952326232078
9.84 7.44 2.1181149225716163e-15
9.84 7.56 1.0412473696103325e-16
9.84 7.680000000000001 3.587785025941095e-17
9.84 7.799999999999999 1.9594015167091057e-6
9.84 7.92 2.03186759460693
9.84 8.04 1.8152816417543526e-5
9.84 8.16 6.96512054393367e-17
9.84 8.280000000000001 1.5529483732738182e-18
9.84 8.4 8.8333448887895e-22
9.84 8.52 4.869574881448253e-19
9.84 8.64 1.553116336890055e-23
9.84 8.760000000000002 -1.0479820173742048e-22
9.84 8.879999999999999 -1.7873056083034175e-17
9.84 9.0 5.483351270126636e-18
9.84 9.120000000000001 1.4702370321888654e-20
9.84 9.24 4.806915884574063e-17
9.84 9.36 9.593516695890764e-18
9.84 9.48 -9.096715770839094e-17
9.84 9.6 -7.1934801093861e-21
9.84 9.719999999999999 6.370384489979633e-20
9.84 9.84 7.177886756170838e-18
9.84 9.96 -1.6666333423684837e-19
9.84 10.08 -7.502957387568363e-18
9.84 10.2 -6.1929459020639535e-18
9.84 10.32 -2.0514720210644955e-19
9.84 10.44 3.165543071601939e-22
9.96 6.0 -1.9292118654797384e-18
9.96 6.12 3.400698177756799e-17
9.96 6.24 -2.626029945494293e-19
9.96 6.359999999999999 -6.901077448097427e-17
9.96 6.48 3.8544270790424843e-16
9.96 6.6000000000000005 5.110422204416507e-17
9.96 6.720000000000001 7.737982831778764e-17
9.96 6.84 -1.5759385265603376e-18
9.96 6.96 6.744086621602568e-14
9.96 7.08 0.000833633776882872
9.96 7.200000000000001 3.8799750610501906
9.96 7.32 0.0007563776667348745
9.96 7.44 4.476155804122574e-15
9.96 7.56 1.4468054415055595e-16
9.96 7.680000000000001 1.7796868822352003e-16
9.96 7.799999999999999 2.040818665374552e-6
9.96 7.92 3.951369802243842
9.96 8.04 6.835628245427142e-5
9.96 8.16 2.113817970491017e-16
9.96 8.280000000000001 5.2412046566144094e-18
9.96 8.4 2.6248817341041114e-21
9.96 8.52 1.4011184719934661e-18
9.96 8.64 3.0118907857927425e-22
9.96 8.760000000000002 -5.207566762895548e-22
9.96 8.879999999999999 1.3164435716234962e-16
9.96 9.0 -2.1873816467058952e-18
9.96 9.120000000000001 1.9555688868287042e-23
9.96 9.24 -7.977800242964608e-18
9.96 9.36 -9.495246613305102e-19
9.96 9.48 -3.175122800759153e-18
9.96 9.6 -1.2039970954802995e-19
9.96 9.719999999999999 9.391560531255128e-19
9.96 9.84 1.157799922317459e-17
9.96 9.96 -5.56138482454102e-19
9.96 10.08 -7.588333078844761e-18
9.96 10.2 -2.0886252358231316e-17
9.96 10.32 -2.9363608815897705e-19
9.96 10.44 1.5761990476552422e-19
10.08 6.0 -1.553987945300296e-18
10.08 6.12 2.283970490752415e-17
10.08 6.24 -2.2103172307997704e-19
10.08 6.359999999999999 -1.0685987962469999e-16
10.08 6.48 2.7776995176869e-16
10.08 6.6000000000000005 3.932520121318315e-17
10.08 6.720000000000001 9.862633037817789e-17
10.08 6.84 -1.3473415628578145e-18
10.08 6.96 7.540631866476112e-14
10.08 7.08 0.0009957680324548589
10.08 7.200000000000001 3.5026279206137323
10.08 7.32 0.0005867370271341419
10.08 7.44 3.4263351627303506e-15
10.08 7.56 8.865850870098285e-17
10.08 7.680000000000001 2.411879013637707e-16
10.08 7.799999999999999 6.632125822680392e-7
10.08 7.92 3.571374848022599
10.08 8.04 8.98105748242772e-5
10.08 8.16 2.1716709700299334e-16
10.08 8.280000000000001 5.103355803926281e-18
10.08 8.4 3.662193406206995e-21
10.08 8.52 2.0691843297998354e-18
10.08 8.64 4.1238929865282533e-22
10.08 8.760000000000002 -8.401353924072463e-22
10.08 8.879999999999999 2.036915526351844e-18
10.08 9.0 -8.975997577195849e-19
10.08 9.120000000000001 1.0526729303738758e-22
10.08 9.24 -6.653095438892629e-17
10.08 9.36 -5.325907316786723e-19
10.08 9.48 -3.0021721543644328e-18
10.08 9.6 -2.923281961069676e-19
10.08 9.719999999999999 1.4182980857460725e-18
10.08 9.84 1.1310640635190626e-17
10.08 9.96 -5.3276312406320395e-19
10.08 10.08 1.9433004589875152e-18
10.08 10.2 -2.0135857022237516e-17
10.08 10.32 3.509949138057585e-23
10.08 10.44 2.710198482081612e-19
10.2 6.0 -3.977637999020134e-19
10.2 6.12 -4.7888261644559644e-18
10.2 6.24 -7.195658765808542e-20
10.2 6.359999999999999 -3.3475975345031565e-17
10.2 6.48 7.151102776108078e-17
10.2 6.6000000000000005 9.1327338218694e-18
10.2 6.720000000000001 3.727890398556239e-17
10.2 6.84 -3.602768815766879e-19
10.2 6.96 2.6577665806926858e-14
10.2 7.08 0.0004230364550610617
10.2 7.200000000000001 1.3013964224228154
10.2 7.32 0.00017860878227117096
10.2 7.44 9.149493485375072e-16
10.2 7.56 2.189469760444183e-17
10.2 7.680000000000001 9.000628314869697e-17
10.2 7.799999999999999 7.239390073655044e-8
10.2 7.92 1.3576898120516296
10.2 8.04 4.295225401946296e-5
10.2 8.16 7.660372116540756e-17
10.2 8.280000000000001 1.470388606585211e-18
10.2 8.4 1.5464368283849075e-21
10.2 8.52 9.458646733790502e-19
10.2 8.64 1.414102060311017e-22
10.2 8.760000000000002 -3.6689534542228515e-22
10.2 8.879999999999999 1.4300710926229773e-17
10.2 9.0 -7.564971561724033e-18
10.2 9.120000000000001 -1.9678973764629763e-20
10.2 9.24 -4.877589734530468e-17
10.2 9.36 -3.5104745417771524e-20
10.2 9.48 3.899961240209534e-17
10.2 9.6 -1.4869830786387804e-19
10.2 9.719999999999999 5.8396113183433655e-19
10.2 9.84 1.9380404541128228e-17
10.2 9.96 -1.5433920411850256e-19
10.2 10.08 2.5686368777656245e-18
10.2 10.2 -5.862171675777345e-18
10.2 10.32 9.348912400334476e-20
10.2 10.44 1.2071442660124301e-19
10.32 6.0 1.2555871094436117e-19
10.32 6.12 -2.798797999998762e-18
10.32 6.24 -7.733073200028868e-21
10.32 6.359999999999999 -2.8245006193620467e-18
10.32 6.48 6.2352465951096084e-18
10.32 6.6000000000000005 5.404906355173063e-19
10.32 6.720000000000001 4.024639522240876e-18
10.32 6.84 -3.121148103016311e-20
10.32 6.96 3.039728995619633e-15
10.32 7.08 5.802794775542897e-5
10.32 7.200000000000001 0.16420027767286366
10.32 7.32 1.7933407765752204e-5
10.32 7.44 8.751514039620976e-17
10.32 7.56 1.9660130662778345e-18
10.32 7.680000000000001 9.261071047464716e-18
10.32 7.799999999999999 3.968344809956815e-9
10.32 7.92 0.17231950003796026
10.32 8.04 6.617716711249654e-6
10.32 8.16 8.969824994232376e-18
10.32 8.280000000000001 1.2975675374885381e-19
10.32 8.4 1.8035517011313192e-22
10.32 8.52 1.2114069315502667e-19
10.32 8.64 1.3998865269228078e-23
10.32 8.760000000000002 -4.2833817708737495e-23
10.32 8.879999999999999 -5.361417978367248e-18
10.32 9.0 7.829337189551658e-19
10.32 9.120000000000001 -6.7709739558324214e-21
10.32 9.24 -2.557122474756924e-18
10.32 9.36 4.839573011506566e-18
10.32 9.48 1.110711279388575e-18
10.32 9.6 -1.870593877833704e-20
10.32 9.719999999999999 -6.819798147991967e-20
10.32 9.84 5.2068878345489176e-18
10.32 9.96 -1.4219375351441022e-20
10.32 10.08 2.3493315458155653e-18
10.32 10.2 -5.422987821065269e-19
10.32 10.32 -3.693709264534879e-19
10.32 10.44 1.6209562980036285e-20
10.44 6.0 7.833767588196414e-21
10.44 6.12 -1.571153226363839e-19
10.44 6.24 -2.4101555422566587e-22
10.44 6.359999999999999 -7.046370412795453e-20
10.44 6.48 1.6904851733536047e-19
10.44 6.6000000000000005 5.857943307390431e-21
10.44 6.720000000000001 1.7522144784855302e-19
10.44 6.84 -9.30593061405523e-22
10.44 6.96 1.0790745086072515e-16
10.44 7.08 2.307048002875591e-6
10.44 7.200000000000001 0.005793275122210149
10.44 7.32 5.040870037852914e-7
10.44 7.44 2.9308797161554877e-18
10.44 7.56 5.671538414997108e-20
10.44 7.680000000000001 2.6117529655096884e-19
10.44 7.799999999999999 9.524396255138845e-11
10.44 7.92 0.005926999881869794
10.44 8.04 2.8006202226246556e-7
10.44 8.16 3.146819355709413e-19
10.44 8.280000000000001 3.8102260766902446e-21
10.44 8.4 5.758173369003567e-24
10.44 8.52 4.210703527292492e-21
10.44 8.64 2.871909870609467e-25
10.44 8.760000000000002 -1.5633070063789557e-24
10.44 8.879999999999999 9.137749780717704e-20
10.44 9.0 -9.924625845045462e-20
10.44 9.120000000000001 -3.735729428277151e-22
10.44 9.24 -7.457645552307156e-20
10.44 9.36 -2.0586824348392148e-19
10.44 9.48 2.5920104851713625e-19
10.44 9.6 -6.096310145224269e-22
10.44 9.719999999999999 -7.163202420146112e-20
10.44 9.84 3.525087201702065e-19
10.44 9.96 -4.4165735186441925e-22
10.44 10.08 7.9275241813721865e-19
10.44 10.2 -1.688287981076637e-20
10.44 10.32 -3.276556236071485e-20
10.44 10.44 2.481364697048161e-20
10.56 6.0 1.21511890957229e-23
10.56 6.12 -1.5997020000654583e-21
10.56 6.24 -2.048842463284065e-24
10.56 6.359999999999999 -5.893587214485823e-22
10.56 6.48 1.2929084605421445e-21
10.56 6.6000000000000005 -1.1123885860102398e-23
10.56 6.720000000000001 2.925512899946681e-21
10.56 6.84 -9.990787925322447e-24
10.56 6.96 -1.9952278039251698e-16
10.56 7.08 1.6205362358131788e-8
10.56 7.200000000000001 5.1214127654359917e-5
10.56 7.32 -2.578230749643872e-8
10.56 7.44 -1.1891243417909814e-17
10.56 7.56 4.531268299610348e-22
10.56 7.680000000000001 1.994270352656914e-21
10.56 7.799999999999999 -8.147384667443102e-11
10.56 7.92 4.981990546601863e-5
10.56 8.04 2.8360671726198255e-9
10.56 8.16 2.986298768689362e-21
10.56 8.280000000000001 5.182423436650869e-23
10.56 8.4 -1.4538547153458432e-24
10.56 8.52 5.0847777597501205e-23
10.56 8.64 -4.1841012159199296e-24
10.56 8.760000000000002 -1.148175722179832e-25
10.56 8.879999999999999 7.688028409122134e-20
10.56 9.0 -3.59179814957768e-20
10.56 9.120000000000001 -3.0434240376400462e-24
10.56 9.24 -8.809442869616726e-21
10.56 9.36 -3.688297396774849e-20
10.56 9.48 2.4692519211008806e-20
10.56 9.6 -5.2954483720851815e-24
10.56 9.719999999999999 -1.3385533199039855e-20
10.56 9.84 8.855287075542074e-21
10.56 9.96 -4.787331839918921e-24
10.56 10.08 2.2551844919705865e-20
10.56 10.2 -1.832934988341462e-22
10.56 10.32 -4.786476811267902e-21
10.56 10.44 -1.099633618294671e-21
