3.4000000000000004 0.97 -5.115885096417159e-17
3.4000000000000004 0.972 -5.748271665204236e-17
3.4000000000000004 0.974 -4.159468914824e-18
3.4000000000000004 0.976 -8.576608170854678e-16
3.4000000000000004 0.978 1.7035624569452964e-15
3.4000000000000004 0.98 2.1945700725063934e-15
3.4000000000000004 0.982 -3.575231652273183e-16
3.4000000000000004 0.984 -1.058428717853593e-14
3.4000000000000004 0.986 -1.5525298407414474e-15
3.4000000000000004 0.988 -2.514885176573965e-16
3.4000000000000004 0.99 -5.300498140886596e-18
3.4000000000000004 0.992 -1.5848372685251282e-19
3.4000000000000004 0.994 1.570894121689147e-20
3.4000000000000004 0.996 4.783700217081697e-21
3.4000000000000004 0.998 6.302242394356585e-19
3.4000000000000004 1.0 9.679481803722e-19
3.4000000000000004 1.002 -1.9525663529276637e-19
3.4000000000000004 1.004 -6.819705585865269e-18
3.4000000000000004 1.006 -7.536162229011809e-17
3.4000000000000004 1.008 4.060936400713071e-17
3.4000000000000004 1.01 5.1317617424762717e-17
3.4000000000000004 1.012 -3.729882602411062e-16
3.4000000000000004 1.014 4.034429363850692e-15
3.4000000000000004 1.016 5.147683280484438e-16
3.4000000000000004 1.018 2.6022876143414446e-16
3.4000000000000004 1.02 3.6627890840536914e-20
3.4000000000000004 1.022 -2.1202497682453227e-17
3.4000000000000004 1.024 -7.415764247539051e-19
3.4000000000000004 1.026 1.231307224230834e-20
3.4000000000000004 1.028 6.887570917896114e-23
3.4000000000000004 1.03 1.4240285279720754e-25
3.4000000000000004 1.032 6.350349614243417e-29
3.4000000000000004 1.034 1.0033157303137863e-31
3.4000000000000004 1.036 -5.348547759474888e-34
3.4000000000000004 1.038 -1.9475996948618553e-33
3.4000000000000004 1.04 -2.5357327531421577e-35
3.4000000000000004 1.042 -9.29272518608277e-34
3.4000000000000004 1.044 -3.4401456735008153e-35
3.4000000000000004 1.046 9.901490598534908e-34
3.4000000000000004 1.048 2.7349864670546076e-34
3.44 0.97 3.1940081885449417e-18
3.44 0.972 8.192999498484728e-18
3.44 0.974 5.871590583088751e-19
3.44 0.976 3.403645024965952e-16
3.44 0.978 1.5537443989002063e-14
3.44 0.98 3.116346862628606e-15
3.44 0.982 3.210318217549e-15
3.44 0.984 3.1619641119197016e-15
3.44 0.986 4.607800524711214e-16
3.44 0.988 7.40966479047456e-17
3.44 0.99 1.5614811688803415e-18
3.44 0.992 4.5326027224639476e-20
3.44 0.994 -6.427651773166512e-20
3.44 0.996 -1.9455603756665017e-20
3.44 0.998 -2.563156889064056e-18
3.44 1.0 -3.936698468200716e-18
3.44 1.002 7.941473271714243e-19
3.44 1.004 2.7738754469371518e-17
3.44 1.006 3.065334104068278e-16
3.44 1.008 -1.6484430106015362e-16
3.44 1.01 -2.1352238387193993e-16
3.44 1.012 1.5024957248434711e-15
3.44 1.014 -1.6631117167138596e-14
3.44 1.016 -2.015359593654607e-14
3.44 1.018 -1.0406651749172813e-14
3.44 1.02 -2.6811715991941045e-17
3.44 1.022 8.083476924989977e-17
3.44 1.024 -3.9924811148819224e-18
3.44 1.026 -5.12315401190963e-19
3.44 1.028 -3.0478930268842133e-21
3.44 1.03 -8.475678195379855e-24
3.44 1.032 -4.047446216287671e-27
3.44 1.034 -6.44027295128938e-30
3.44 1.036 -1.821835519945471e-34
3.44 1.038 7.909305856680836e-33
3.44 1.04 7.638174289277711e-35
3.44 1.042 4.569531427144305e-33
3.44 1.044 1.3334417825189095e-34
3.44 1.046 -4.0228968794640746e-33
3.44 1.048 -1.1205514917522258e-33
3.4800000000000004 0.97 -2.210411263873564e-16
3.4800000000000004 0.972 -2.4761374099839356e-16
3.4800000000000004 0.974 -1.19739268783493e-17
3.4800000000000004 0.976 -3.571992153600392e-15
3.4800000000000004 0.978 9.471609479156926e-15
3.4800000000000004 0.98 9.928200727389417e-15
3.4800000000000004 0.982 1.0195611866323401e-14
3.4800000000000004 0.984 -1.3436191807468224e-16
3.4800000000000004 0.986 -2.9586259029947506e-17
3.4800000000000004 0.988 -6.748473851160051e-18
3.4800000000000004 0.99 -1.4310464190826051e-19
3.4800000000000004 0.992 -4.296083166757517e-21
3.4800000000000004 0.994 -3.2668691427848313e-22
3.4800000000000004 0.996 -9.799833457589388e-23
3.4800000000000004 0.998 -1.2910671812623461e-20
3.4800000000000004 1.0 -1.98292626199147e-20
3.4800000000000004 1.002 3.997688437571176e-21
3.4800000000000004 1.004 1.3948856766520064e-19
3.4800000000000004 1.006 1.5410616111886347e-18
3.4800000000000004 1.008 -8.581864121740794e-19
3.4800000000000004 1.01 -6.516491188006369e-19
3.4800000000000004 1.012 8.842858175360704e-18
3.4800000000000004 1.014 -6.413476735793024e-17
3.4800000000000004 1.016 1.4897098187865893e-15
3.4800000000000004 1.018 7.712367294246327e-16
3.4800000000000004 1.02 2.2141399396015783e-18
3.4800000000000004 1.022 8.826798665493107e-19
3.4800000000000004 1.024 5.973931820878255e-19
3.4800000000000004 1.026 3.814609545057581e-20
3.4800000000000004 1.028 2.2850945769050223e-22
3.4800000000000004 1.03 6.530511766612967e-25
3.4800000000000004 1.032 3.134680039998586e-28
3.4800000000000004 1.034 4.990446186113025e-31
3.4800000000000004 1.036 2.067931693373861e-34
3.4800000000000004 1.038 4.086930834253889e-35
3.4800000000000004 1.04 8.013512827719383e-37
3.4800000000000004 1.042 -4.659952993798587e-35
3.4800000000000004 1.044 1.2501501543951877e-36
3.4800000000000004 1.046 -2.0624133899971047e-35
3.4800000000000004 1.048 -4.914545319813356e-36
3.5199999999999996 0.97 -2.5989524361558506e-16
3.5199999999999996 0.972 -3.04980902137719e-16
3.5199999999999996 0.974 -1.4262041499915084e-17
3.5199999999999996 0.976 -5.050456133439515e-15
3.5199999999999996 0.978 -3.5954944207275835e-14
3.5199999999999996 0.98 1.8809535996940202e-15
3.5199999999999996 0.982 3.915487949878013e-15
3.5199999999999996 0.984 -1.5872089912535712e-15
3.5199999999999996 0.986 -2.3660074024216526e-16
3.5199999999999996 0.988 -3.924376456210236e-17
3.5199999999999996 0.99 -8.27564145067291e-19
3.5199999999999996 0.992 -2.305167583959364e-20
3.5199999999999996 0.994 7.657709085393712e-20
3.5199999999999996 0.996 2.3172761811802984e-20
3.5199999999999996 0.998 3.0528698194695452e-18
3.5199999999999996 1.0 4.68883870946611e-18
3.5199999999999996 1.002 -9.458402958774719e-19
3.5199999999999996 1.004 -3.3035100178869653e-17
3.5199999999999996 1.006 -3.650562254337261e-16
3.5199999999999996 1.008 1.9674490294835866e-16
3.5199999999999996 1.01 2.481458553337932e-16
3.5199999999999996 1.012 -1.808121652610957e-15
3.5199999999999996 1.014 1.9522712839873617e-14
3.5199999999999996 1.016 8.348107015793413e-16
3.5199999999999996 1.018 4.019509939345598e-16
3.5199999999999996 1.02 -2.271496408921705e-18
3.5199999999999996 1.022 -1.0320273996664462e-16
3.5199999999999996 1.024 -4.235990437573532e-18
3.5199999999999996 1.026 1.7190083544257476e-20
3.5199999999999996 1.028 7.942602006423786e-23
3.5199999999999996 1.03 -3.546721492358098e-26
3.5199999999999996 1.032 -4.041148912879885e-29
3.5199999999999996 1.034 -6.80322192156944e-32
3.5199999999999996 1.036 -2.8074196162459027e-33
3.5199999999999996 1.038 -9.435443219684843e-33
3.5199999999999996 1.04 -9.822401634911713e-35
3.5199999999999996 1.042 -4.428917914171012e-33
3.5199999999999996 1.044 -1.6724411265826256e-34
3.5199999999999996 1.046 4.7967579295077087e-33
3.5199999999999996 1.048 1.3240210025350636e-33
3.5600000000000005 0.97 4.614774250279543e-13
3.5600000000000005 0.972 5.552592416952302e-13
3.5600000000000005 0.974 2.494845074819595e-14
3.5600000000000005 0.976 9.80305852199145e-12
3.5600000000000005 0.978 1.1058160004350814e-10
3.5600000000000005 0.98 6.378564804553143e-12
3.5600000000000005 0.982 7.859627077348422e-17
3.5600000000000005 0.984 -2.276836711525554e-15
3.5600000000000005 0.986 -4.968529893826818e-16
3.5600000000000005 0.988 3.53652102617886e-16
3.5600000000000005 0.99 7.6626895794164e-18
3.5600000000000005 0.992 2.300247098137394e-19
3.5600000000000005 0.994 1.5710655087463963e-20
3.5600000000000005 0.996 4.708251477080806e-21
3.5600000000000005 0.998 6.202817682209298e-19
3.5600000000000005 1.0 9.52677479897839e-19
3.5600000000000005 1.002 -1.921950831676717e-19
3.5600000000000005 1.004 -6.713903332382023e-18
3.5600000000000005 1.006 -7.419543727980264e-17
3.5600000000000005 1.008 3.975429370233225e-17
3.5600000000000005 1.01 5.376987161059094e-17
3.5600000000000005 1.012 -3.572941465372611e-16
3.5600000000000005 1.014 4.121893335514199e-15
3.5600000000000005 1.016 1.2751813666424994e-14
3.5600000000000005 1.018 6.594512060013975e-15
3.5600000000000005 1.02 1.8114106820750754e-17
3.5600000000000005 1.022 -1.7208719819193807e-17
3.5600000000000005 1.024 4.022082431726665e-18
3.5600000000000005 1.026 3.2552818216574267e-19
3.5600000000000005 1.028 1.9444123909062157e-21
3.5600000000000005 1.03 5.494206717696407e-24
3.5600000000000005 1.032 2.6316630037400117e-27
3.5600000000000005 1.034 4.1887545407132376e-30
3.5600000000000005 1.036 1.0720092142094927e-33
3.5600000000000005 1.038 -1.9089480780508825e-33
3.5600000000000005 1.04 -7.508208914756112e-36
3.5600000000000005 1.042 -1.450340585121551e-33
3.5600000000000005 1.044 -2.940523453444151e-35
3.5600000000000005 1.046 9.717524159353463e-34
3.5600000000000005 1.048 2.7475750172219958e-34
3.5999999999999996 0.97 3.052563673304819e-7
3.5999999999999996 0.972 3.7005766638672334e-7
3.5999999999999996 0.974 1.6503528638793658e-8
3.5999999999999996 0.976 6.65398550501609e-6
3.5999999999999996 0.978 8.256267484682462e-5
3.5999999999999996 0.98 6.1771413645492266e-6
3.5999999999999996 0.982 1.545763785008306e-6
3.5999999999999996 0.984 1.1027064644091222e-8
3.5999999999999996 0.986 1.5430738026098192e-12
3.5999999999999996 0.988 2.246163099699364e-11
3.5999999999999996 0.99 4.948122951956412e-13
3.5999999999999996 0.992 1.483219870664956e-14
3.5999999999999996 0.994 9.586893008812992e-18
3.5999999999999996 0.996 2.118662401231046e-22
3.5999999999999996 0.998 -6.39433584705304e-20
3.5999999999999996 1.0 -9.820946496925082e-20
3.5999999999999996 1.002 1.9810455594662494e-20
3.5999999999999996 1.004 6.918830209829093e-19
3.5999999999999996 1.006 7.645609350046721e-18
3.5999999999999996 1.008 -4.1268280627077356e-18
3.5999999999999996 1.01 -5.1072490070818725e-18
3.5999999999999996 1.012 3.8143225663692667e-17
3.5999999999999996 1.014 -4.0472908502965623e-16
3.5999999999999996 1.016 3.2134893653157486e-16
3.5999999999999996 1.018 1.669696907300861e-16
3.5999999999999996 1.02 5.478128208849715e-19
3.5999999999999996 1.022 2.2628753108502934e-18
3.5999999999999996 1.024 2.202152320330818e-19
3.5999999999999996 1.026 8.312255749700225e-21
3.5999999999999996 1.028 5.026418341784806e-23
3.5999999999999996 1.03 1.488940853979251e-25
3.5999999999999996 1.032 7.193735305655e-29
3.5999999999999996 1.034 1.145981138700036e-31
3.5999999999999996 1.036 1.0420210237825308e-34
3.5999999999999996 1.038 1.971391395115223e-34
3.5999999999999996 1.04 5.0200535887875505e-31
3.5999999999999996 1.042 7.893327597665594e-35
3.5999999999999996 1.044 6.51315920717897e-35
3.5999999999999996 1.046 -1.02187736262646e-34
3.5999999999999996 1.048 -1.4982923073920472e-33
3.64 0.97 1.2904984214536345e-8
3.64 0.972 3.844562534294935e-8
3.64 0.974 1.3300407148690774e-7
3.64 0.976 3.6125112072047616e-6
3.64 0.978 7.129043439730477e-5
3.64 0.98 1.451803540420326e-5
3.64 0.982 0.0002625294215837015
3.64 0.984 0.001005844326193833
3.64 0.986 0.0001473184132404159
3.64 0.988 2.3819818693971442e-5
3.64 0.99 5.020183974223375e-7
3.64 0.992 1.5044427571174102e-8
3.64 0.994 9.725654177167258e-12
3.64 0.996 7.136314425483226e-16
3.64 0.998 -3.9126300886812965e-18
3.64 1.0 -6.248038737712896e-18
3.64 1.002 1.2628909709691585e-18
3.64 1.004 4.4095229965583903e-17
3.64 1.006 4.87277028439937e-16
3.64 1.008 -2.6256358294710256e-16
3.64 1.01 -3.319615275945518e-16
3.64 1.012 2.4112291251495228e-15
3.64 1.014 -2.6092918371688726e-14
3.64 1.016 -3.892375652786244e-15
3.64 1.018 -1.9745197474896214e-15
3.64 1.02 -1.0694398138170117e-18
3.64 1.022 1.3692333990434041e-16
3.64 1.024 4.576053495485166e-18
3.64 1.026 -9.404880720074534e-20
3.64 1.028 -5.317695189063362e-22
3.64 1.03 -1.167341628234167e-24
3.64 1.032 -5.285898708404794e-28
3.64 1.034 -1.6977568923878114e-30
3.64 1.036 1.1899460868965532e-30
3.64 1.038 -7.065986520924024e-31
3.64 1.04 5.091861363418604e-25
3.64 1.042 1.012241077672001e-30
3.64 1.044 6.238569183413153e-29
3.64 1.046 -1.670931050646447e-30
3.64 1.048 -1.4917611094900697e-27
3.6799999999999997 0.97 6.640885540695065e-10
3.6799999999999997 0.972 4.440083880051774e-9
3.6799999999999997 0.974 1.5733287809538642e-7
3.6799999999999997 0.976 2.5370762956386094e-6
3.6799999999999997 0.978 9.235868296780082e-7
3.6799999999999997 0.98 4.6374612775814694e-7
3.6799999999999997 0.982 0.00029951381073027865
3.6799999999999997 0.984 0.0012132805871660187
3.6799999999999997 0.986 0.0003342960431864534
3.6799999999999997 0.988 0.00011533435640852039
3.6799999999999997 0.99 6.240068434332502e-5
3.6799999999999997 0.992 1.4716241221347723e-6
3.6799999999999997 0.994 7.52135038657573e-9
3.6799999999999997 0.996 4.053989930980866e-9
3.6799999999999997 0.998 3.548350738347405e-11
3.6799999999999997 1.0 3.2991601953384834e-12
3.6799999999999997 1.002 1.7675862712073482e-12
3.6799999999999997 1.004 1.5663796307368617e-12
3.6799999999999997 1.006 8.56945518075782e-14
3.6799999999999997 1.008 2.6345012221640873e-14
3.6799999999999997 1.01 -3.1282513307861804e-15
3.6799999999999997 1.012 2.2936010515112605e-15
3.6799999999999997 1.014 1.1369304107371792e-14
3.6799999999999997 1.016 5.843861422042457e-16
3.6799999999999997 1.018 3.1863648964602606e-16
3.6799999999999997 1.02 -1.311524062911962e-18
3.6799999999999997 1.022 -5.809816637110047e-17
3.6799999999999997 1.024 -2.3379725164405906e-18
3.6799999999999997 1.026 1.288767134897479e-20
3.6799999999999997 1.028 8.220457511365284e-23
3.6799999999999997 1.03 1.100174606800861e-22
3.6799999999999997 1.032 1.6274805525419162e-25
3.6799999999999997 1.034 -3.388137253425993e-24
3.6799999999999997 1.036 -5.494048463562936e-24
3.6799999999999997 1.038 5.977909823257868e-26
3.6799999999999997 1.04 9.933410572622512e-24
3.6799999999999997 1.042 -1.7685080812394981e-25
3.6799999999999997 1.044 -7.229236036065033e-26
3.6799999999999997 1.046 -1.7739095023868718e-24
3.6799999999999997 1.048 9.466063834599202e-27
3.7199999999999998 0.97 -1.5521263631793904e-10
3.7199999999999998 0.972 -2.4206261537291005e-11
3.7199999999999998 0.974 9.800884371361861e-9
3.7199999999999998 0.976 2.1608603982676583e-7
3.7199999999999998 0.978 6.427880671989169e-5
3.7199999999999998 0.98 0.0004465980566105032
3.7199999999999998 0.982 0.0023354211700308426
3.7199999999999998 0.984 0.0709064226752044
3.7199999999999998 0.986 0.6438570748345419
3.7199999999999998 0.988 0.35201932490128357
3.7199999999999998 0.99 0.25003741118048683
3.7199999999999998 0.992 0.0058890039969503585
3.7199999999999998 0.994 3.617341046762487e-5
3.7199999999999998 0.996 2.0902382936516827e-5
3.7199999999999998 0.998 1.7919971661749623e-6
3.7199999999999998 1.0 3.9926334958670046e-7
3.7199999999999998 1.002 5.2857480201178394e-8
3.7199999999999998 1.004 4.421556878243583e-8
3.7199999999999998 1.006 1.0687193094863742e-9
3.7199999999999998 1.008 1.8535323420420166e-10
3.7199999999999998 1.01 -2.3417478810705737e-11
3.7199999999999998 1.012 4.455283599894454e-12
3.7199999999999998 1.014 -2.09607654720548e-12
3.7199999999999998 1.016 -1.3647800832134856e-13
3.7199999999999998 1.018 -1.446306043674891e-13
3.7199999999999998 1.02 -1.9561339565955492e-14
3.7199999999999998 1.022 3.656701411874799e-16
3.7199999999999998 1.024 -6.565489085601144e-18
3.7199999999999998 1.026 -1.5719100169900884e-19
3.7199999999999998 1.028 7.023646406964138e-20
3.7199999999999998 1.03 4.448683856728907e-19
3.7199999999999998 1.032 6.5877461246971995e-22
3.7199999999999998 1.034 -1.370727509245257e-20
3.7199999999999998 1.036 -2.2235852206646023e-20
3.7199999999999998 1.038 2.4353682538464786e-22
3.7199999999999998 1.04 3.774161819876849e-20
3.7199999999999998 1.042 -7.161335704533766e-22
3.7199999999999998 1.044 -3.1836926799844167e-22
3.7199999999999998 1.046 -7.156309482966452e-21
3.7199999999999998 1.048 4.5499920664489123e-23
3.76 0.97 2.361204347093945e-14
3.76 0.972 3.317474446005876e-11
3.76 0.974 3.683301443117708e-9
3.76 0.976 1.0193036579635998e-7
3.76 0.978 4.483013876387362e-5
3.76 0.98 0.0003115559940309983
3.76 0.982 0.0016233778823609513
3.76 0.984 0.049443541800017164
3.76 0.986 0.44993372732509873
3.76 0.988 0.27646103626485485
3.76 0.99 0.45795588445142993
3.76 0.992 0.5251651964912992
3.76 0.994 0.5196927928545924
3.76 0.996 0.35191745496447785
3.76 0.998 0.06693686806444873
3.76 1.0 0.017386178033904024
3.76 1.002 0.0026345170030632834
3.76 1.004 0.0010117829676877781
3.76 1.006 1.5267534346674656e-5
3.76 1.008 7.729812894711306e-8
3.76 1.01 1.24153086027761e-7
3.76 1.012 4.40497530550079e-8
3.76 1.014 1.9101790336975482e-8
3.76 1.016 8.101603460645732e-10
3.76 1.018 -2.7263044673110975e-9
3.76 1.02 -1.4248889864342011e-11
3.76 1.022 1.469747888192883e-11
3.76 1.024 -2.376699865342484e-13
3.76 1.026 -5.939033442805125e-15
3.76 1.028 -1.541851442383476e-17
3.76 1.03 -1.3149890335898686e-19
3.76 1.032 2.249468239096007e-19
3.76 1.034 -1.0587107923646765e-19
3.76 1.036 -1.4930186738269573e-18
3.76 1.038 1.192702992959126e-18
3.76 1.04 5.287714303608775e-19
3.76 1.042 4.859782950144452e-19
3.76 1.044 6.292813628622309e-19
3.76 1.046 1.6521023818155738e-18
3.76 1.048 -9.783898155200317e-19
3.8 0.97 9.133262629386067e-15
3.8 0.972 2.284728605096645e-11
3.8 0.974 2.6988569516482452e-9
3.8 0.976 7.58980679038272e-8
3.8 0.978 3.4113184927961836e-5
3.8 0.98 0.00023709437513793073
3.8 0.982 0.0012358616050305881
3.8 0.984 0.03762688057920215
3.8 0.986 0.347708694805358
3.8 0.988 0.4303272644556575
3.8 0.99 2.395594286035447
3.8 0.992 4.455538650927789
3.8 0.994 7.189322827604326
3.8 0.996 5.562055325774549
3.8 0.998 2.781821416867188
3.8 1.0 1.9934957352929759
3.8 1.002 0.5142185711338784
3.8 1.004 0.06971616467468168
3.8 1.006 0.01742187132655315
3.8 1.008 0.0023067941596333014
3.8 1.01 4.37916507664056e-5
3.8 1.012 0.00059988825967921
3.8 1.014 -0.00024066243508432284
3.8 1.016 -9.571379353010495e-6
3.8 1.018 -2.3693347238509744e-5
3.8 1.02 -3.005070652082818e-6
3.8 1.022 2.993079881666909e-8
3.8 1.024 1.941706965612914e-9
3.8 1.026 -2.2034507863177126e-11
3.8 1.028 -3.279751639188539e-12
3.8 1.03 -6.574852699943662e-14
3.8 1.032 -1.969286069745635e-17
3.8 1.034 -7.575028869500816e-18
3.8 1.036 -9.278632974171608e-17
3.8 1.038 3.616807214941415e-17
3.8 1.04 7.255287593309629e-17
3.8 1.042 1.5604907397666296e-17
3.8 1.044 5.1320695361364614e-17
3.8 1.046 1.936681060258602e-17
3.8 1.048 -2.58163288188668e-17
3.8400000000000003 0.97 8.6138318994935e-16
3.8400000000000003 0.972 1.5399688257192797e-12
3.8400000000000003 0.974 1.8198907803430538e-10
3.8400000000000003 0.976 5.118670651523595e-9
3.8400000000000003 0.978 2.300579021656487e-6
3.8400000000000003 0.98 1.6011929175652357e-5
3.8400000000000003 0.982 8.445254559260706e-5
3.8400000000000003 0.984 0.0025440023506885334
3.8400000000000003 0.986 0.031528628670016115
3.8400000000000003 0.988 0.38252916793761466
3.8400000000000003 0.99 3.6610074973784146
3.8400000000000003 0.992 9.433125806774276
3.8400000000000003 0.994 34.8341599298459
3.8400000000000003 0.996 29.70264890966021
3.8400000000000003 0.998 21.7904743025716
3.8400000000000003 1.0 18.802566888408276
3.8400000000000003 1.002 6.629427917991064
3.8400000000000003 1.004 2.571932269067956
3.8400000000000003 1.006 1.2563015828427808
3.8400000000000003 1.008 0.26470112236791404
3.8400000000000003 1.01 -0.09069547581037771
3.8400000000000003 1.012 0.006467203237485585
3.8400000000000003 1.014 -0.013904037684373902
3.8400000000000003 1.016 -0.0016607755043785003
3.8400000000000003 1.018 -0.003640679206297134
3.8400000000000003 1.02 -0.0004597909331759323
3.8400000000000003 1.022 6.703152317845817e-6
3.8400000000000003 1.024 3.038309079580835e-7
3.8400000000000003 1.026 -2.211106762593267e-9
3.8400000000000003 1.028 -2.7507346506241757e-11
3.8400000000000003 1.03 -5.100190700668715e-13
3.8400000000000003 1.032 -2.824765229965383e-17
3.8400000000000003 1.034 -9.537490490374937e-17
3.8400000000000003 1.036 -7.742703950667239e-16
3.8400000000000003 1.038 2.7419921043309193e-16
3.8400000000000003 1.04 6.410228960389497e-16
3.8400000000000003 1.042 1.0397943592041636e-16
3.8400000000000003 1.044 4.414681566354743e-16
3.8400000000000003 1.046 8.780269052361858e-17
3.8400000000000003 1.048 -2.1566020778064715e-16
3.8800000000000003 0.97 3.2618646130012983e-15
3.8800000000000003 0.972 7.535201662251478e-14
3.8800000000000003 0.974 8.932510874424427e-12
3.8800000000000003 0.976 2.5124203346964413e-10
3.8800000000000003 0.978 1.1292073123866933e-7
3.8800000000000003 0.98 7.861169851169941e-7
3.8800000000000003 0.982 4.1866609688127145e-6
3.8800000000000003 0.984 0.00012905479606372243
3.8800000000000003 0.986 0.002353021471821443
3.8800000000000003 0.988 0.11375285833747682
3.8800000000000003 0.99 1.705867178476434
3.8800000000000003 0.992 10.2337108380651
3.8800000000000003 0.994 77.40720555215856
3.8800000000000003 0.996 77.97659391159611
3.8800000000000003 0.998 87.3526045513688
3.8800000000000003 1.0 91.54189043665646
3.8800000000000003 1.002 42.3264748002627
3.8800000000000003 1.004 25.290417181963978
3.8800000000000003 1.006 10.509570632443099
3.8800000000000003 1.008 4.344725572969136
3.8800000000000003 1.01 0.13020534388666377
3.8800000000000003 1.012 -0.06451411656494158
3.8800000000000003 1.014 -0.17916618803369058
3.8800000000000003 1.016 -0.016882017957698732
3.8800000000000003 1.018 -0.04687585110572343
3.8800000000000003 1.02 -0.006033127656262326
3.8800000000000003 1.022 0.00012839013397526424
3.8800000000000003 1.024 5.927545936506421e-6
3.8800000000000003 1.026 -3.8191161243452346e-8
3.8800000000000003 1.028 -1.1505882008605042e-10
3.8800000000000003 1.03 -3.2973901786022383e-12
3.8800000000000003 1.032 9.40120305624193e-16
3.8800000000000003 1.034 -5.68807375529183e-16
3.8800000000000003 1.036 -3.071159299921615e-15
3.8800000000000003 1.038 9.255103039087782e-16
3.8800000000000003 1.04 2.239937729912878e-15
3.8800000000000003 1.042 2.5835661847503527e-16
3.8800000000000003 1.044 1.0062161041298572e-15
3.8800000000000003 1.046 1.2318200726868245e-15
3.8800000000000003 1.048 -4.453222824335042e-16
3.9200000000000004 0.97 7.645403521026543e-15
3.9200000000000004 0.972 -4.1672803361846186e-16
3.9200000000000004 0.974 1.3665430661065862e-15
3.9200000000000004 0.976 4.959745187807096e-14
3.9200000000000004 0.978 2.4037100221058288e-11
3.9200000000000004 0.98 6.102108297463242e-10
3.9200000000000004 0.982 4.762164631276952e-8
3.9200000000000004 0.984 3.3752943340279344e-6
3.9200000000000004 0.986 0.0007338964906830624
3.9200000000000004 0.988 0.07868669865587874
3.9200000000000004 0.99 1.236162554581636
3.9200000000000004 0.992 7.792846502137585
3.9200000000000004 0.994 62.45416309191423
3.9200000000000004 0.996 82.5489113363081
3.9200000000000004 0.998 188.75730422897857
3.9200000000000004 1.0 241.53193193191012
3.9200000000000004 1.002 145.8863239937239
3.9200000000000004 1.004 121.69932629851692
3.9200000000000004 1.006 66.47255885629413
3.9200000000000004 1.008 26.8270813645234
3.9200000000000004 1.01 5.44999561838129
3.9200000000000004 1.012 2.2861415347032494
3.9200000000000004 1.014 0.17205476231948016
3.9200000000000004 1.016 0.01473103930672619
3.9200000000000004 1.018 0.03425872851370592
3.9200000000000004 1.02 0.003989101276894333
3.9200000000000004 1.022 0.00033185622344535364
3.9200000000000004 1.024 1.0718433697388415e-5
3.9200000000000004 1.026 1.144790210880253e-7
3.9200000000000004 1.028 1.3540100783668667e-8
3.9200000000000004 1.03 9.344482034846716e-11
3.9200000000000004 1.032 6.73752346082197e-14
3.9200000000000004 1.034 -4.801496514261959e-15
3.9200000000000004 1.036 -3.6875456574072474e-15
3.9200000000000004 1.038 7.118959578021089e-16
3.9200000000000004 1.04 4.25290219175832e-15
3.9200000000000004 1.042 1.9578151461290923e-16
3.9200000000000004 1.044 3.6087167048728385e-16
3.9200000000000004 1.046 1.0240355100380024e-15
3.9200000000000004 1.048 -3.961196650029927e-16
3.96 0.97 6.93797329911916e-15
3.96 0.972 8.024786197445815e-16
3.96 0.974 -9.09903943277579e-17
3.96 0.976 8.75473111826864e-15
3.96 0.978 3.5320004241063947e-14
3.96 0.98 3.0512468032959227e-12
3.96 0.982 3.565803000810774e-9
3.96 0.984 4.440544029461474e-7
3.96 0.986 8.00158839133808e-5
3.96 0.988 0.009912322886025334
3.96 0.99 0.16124930958106792
3.96 0.992 1.1218292080084296
3.96 0.994 11.295168368495853
3.96 0.996 27.561909209129183
3.96 0.998 152.9166167198824
3.96 1.0 289.471585148915
3.96 1.002 295.4530759832645
3.96 1.004 220.1809069577188
3.96 1.006 122.79115243553218
3.96 1.008 93.3725497431576
3.96 1.01 50.78105952200346
3.96 1.012 17.417103630400828
3.96 1.014 1.7439119213318235
3.96 1.016 0.22616708682063158
3.96 1.018 -0.6958722175876364
3.96 1.02 -0.059632694500661915
3.96 1.022 0.0041187158030767225
3.96 1.024 0.00010525140325692639
3.96 1.026 8.57222931430567e-7
3.96 1.028 1.2578344408318528e-7
3.96 1.03 1.0008939011112963e-9
3.96 1.032 1.545509436977638e-12
3.96 1.034 4.182045065176089e-13
3.96 1.036 9.833697532176992e-15
3.96 1.038 1.6324709920960798e-15
3.96 1.04 1.1627087371219421e-15
3.96 1.042 -2.446745648163591e-16
3.96 1.044 -2.2330195578767385e-15
3.96 1.046 7.55503550446253e-15
3.96 1.048 -3.189140758421844e-16
4.0 0.97 -4.151820013614912e-15
4.0 0.972 1.349333948343639e-15
4.0 0.974 2.382168252569947e-15
4.0 0.976 5.708281213387829e-15
4.0 0.978 8.772392692292572e-15
4.0 0.98 2.5616485513660784e-13
4.0 0.982 4.5870576122134747e-10
4.0 0.984 5.787474147035581e-8
4.0 0.986 1.0388083308189068e-5
4.0 0.988 0.0012908561866534088
4.0 0.99 0.02087258413822666
4.0 0.992 0.16417446622815443
4.0 0.994 1.89525861825658
4.0 0.996 3.5628554554595095
4.0 0.998 47.31205692195108
4.0 1.0 109.92557402494651
4.0 1.002 257.64740967121656
4.0 1.004 465.7233422171525
4.0 1.006 342.54503919708037
4.0 1.008 202.3733837612768
4.0 1.01 110.46745179723736
4.0 1.012 76.85184242801672
4.0 1.014 24.1926646471743
4.0 1.016 4.028169543986992
4.0 1.018 0.7177827114044582
4.0 1.02 0.07354358569716385
4.0 1.022 0.024624790847582234
4.0 1.024 0.0010259903253806795
4.0 1.026 5.269066799057163e-6
4.0 1.028 2.3928054221193636e-6
4.0 1.03 4.5880014822384456e-8
4.0 1.032 2.1183213933013352e-11
4.0 1.034 1.9528984242549843e-12
4.0 1.036 4.154484088966052e-14
4.0 1.038 -1.0464477574668543e-15
4.0 1.04 -3.4836493261427812e-15
4.0 1.042 -1.2892284078536281e-15
4.0 1.044 -6.686779560146181e-16
4.0 1.046 5.3219724105089805e-15
4.0 1.048 -2.6786969017812875e-16
4.04 0.97 4.079852341736804e-15
4.04 0.972 -8.089101812331837e-16
4.04 0.974 2.705044684815498e-15
4.04 0.976 2.0089563924169386e-16
4.04 0.978 -1.662546939031595e-14
4.04 0.98 3.4860242872320924e-13
4.04 0.982 6.081568962744128e-10
4.04 0.984 7.673076514149723e-8
4.04 0.986 1.3774253501637668e-5
4.04 0.988 0.0017112008396147171
4.04 0.99 0.02768369549417052
4.04 0.992 0.1875111493846338
4.04 0.994 1.7604138568017886
4.04 0.996 1.533151768849058
4.04 0.998 13.731188403271263
4.04 1.0 12.038173957699094
4.04 1.002 63.807081433177046
4.04 1.004 155.82453319382986
4.04 1.006 390.11754662491717
4.04 1.008 558.9051914864348
4.04 1.01 281.02906616911787
4.04 1.012 116.66267037526838
4.04 1.014 39.3108351811899
4.04 1.016 32.42928203997983
4.04 1.018 9.775065756585546
4.04 1.02 1.486477922945256
4.04 1.022 0.15261758084243837
4.04 1.024 0.0020066000878884898
4.04 1.026 -4.762748166295879e-5
4.04 1.028 2.5571597779335776e-6
4.04 1.03 3.511121375201977e-8
4.04 1.032 2.831813860690316e-11
4.04 1.034 2.326977068033595e-12
4.04 1.036 2.7407815890599052e-14
4.04 1.038 4.5274376408256405e-15
4.04 1.04 -4.316323835598839e-15
4.04 1.042 1.6665268728926974e-15
4.04 1.044 -3.577280009206919e-15
4.04 1.046 -5.045385867915249e-16
4.04 1.048 -4.180529511816132e-16
4.08 0.97 1.3198384996303325e-15
4.08 0.972 1.3181012024983415e-15
4.08 0.974 -1.821726343540136e-15
4.08 0.976 1.4984708065156513e-14
4.08 0.978 7.656444095035878e-15
4.08 0.98 5.3994213791490355e-15
4.08 0.982 5.18059555871996e-11
4.08 0.984 6.540873138893458e-9
4.08 0.986 1.1727638415336477e-6
4.08 0.988 0.00014569456338746638
4.08 0.99 0.002412349231578225
4.08 0.992 0.015517675402547313
4.08 0.994 0.073950225197435
4.08 0.996 0.4001713252633631
4.08 0.998 -0.4675229174984441
4.08 1.0 3.993436360140387
4.08 1.002 62.63413858464074
4.08 1.004 137.28957861783016
4.08 1.006 192.6986828665044
4.08 1.008 179.18321308538333
4.08 1.01 407.27534951858405
4.08 1.012 364.83622875967626
4.08 1.014 121.62485170796761
4.08 1.016 44.440677250472184
4.08 1.018 15.055660249707858
4.08 1.02 1.1537807981553274
4.08 1.022 0.23357307164918076
4.08 1.024 0.03270049224758935
4.08 1.026 0.002510238920578573
4.08 1.028 8.610276196028145e-5
4.08 1.03 8.253433509486351e-7
4.08 1.032 6.158430917318467e-10
4.08 1.034 2.1819617592389119e-10
4.08 1.036 1.571612999793533e-12
4.08 1.038 -2.391250375539013e-16
4.08 1.04 -2.1557622500450737e-15
4.08 1.042 2.8988269832863933e-15
4.08 1.044 -1.4628643139769218e-15
4.08 1.046 -5.212799574190056e-15
4.08 1.048 -1.8620367837554638e-17
4.12 0.97 4.233590929975719e-16
4.12 0.972 -2.629329746257007e-15
4.12 0.974 -6.072802469559703e-16
4.12 0.976 -1.841588361651164e-15
4.12 0.978 -3.028391872606467e-14
4.12 0.98 -2.6757934546014334e-15
4.12 0.982 1.552827046022756e-14
4.12 0.984 2.451820685155926e-12
4.12 0.986 8.575176150979168e-10
4.12 0.988 1.2592077780195453e-7
4.12 0.99 -1.827443293162509e-5
4.12 0.992 0.0014977779804008966
4.12 0.994 0.06351025759454464
4.12 0.996 0.07556240344080485
4.12 0.998 3.2317709225685376
4.12 1.0 9.206379627159265
4.12 1.002 24.47997212195658
4.12 1.004 47.267334187912034
4.12 1.006 205.44374413369127
4.12 1.008 281.47660362169603
4.12 1.01 163.59554955844797
4.12 1.012 145.08361639150664
4.12 1.014 350.34704771322555
4.12 1.016 200.1636225356428
4.12 1.018 47.92496021486916
4.12 1.02 9.833056340196274
4.12 1.022 2.052000952309184
4.12 1.024 0.06269978039911114
4.12 1.026 0.005032263118686287
4.12 1.028 0.0006387309826390215
4.12 1.03 1.1862639273750526e-5
4.12 1.032 8.143086654464367e-9
4.12 1.034 -1.160366829990735e-10
4.12 1.036 -8.075464807612333e-13
4.12 1.038 -1.6046461711286413e-15
4.12 1.04 -6.774328693648952e-16
4.12 1.042 -4.873605538525927e-16
4.12 1.044 1.5398435373110218e-15
4.12 1.046 -1.862436673257746e-15
4.12 1.048 -1.529438354246943e-16
4.16 0.97 1.6511083689054756e-15
4.16 0.972 6.919898961043174e-16
4.16 0.974 -1.653294438314338e-15
4.16 0.976 -3.0507931980871406e-17
4.16 0.978 -1.1288132933093078e-14
4.16 0.98 -1.5846801801623167e-15
4.16 0.982 -1.1281936312429936e-14
4.16 0.984 7.98589331123639e-15
4.16 0.986 -1.2355164724770869e-11
4.16 0.988 -2.2154680996835838e-9
4.16 0.99 5.087644599809714e-7
4.16 0.992 -4.175707435406836e-5
4.16 0.994 -0.0013436401644610504
4.16 0.996 -0.003092838790539318
4.16 0.998 0.03183153266617493
4.16 1.0 0.5674139155230331
4.16 1.002 0.9861497785977191
4.16 1.004 5.7262140976890645
4.16 1.006 27.53065419879374
4.16 1.008 124.26502334976435
4.16 1.01 398.80565923220826
4.16 1.012 224.63026464841408
4.16 1.014 105.02777527118408
4.16 1.016 105.59312007080199
4.16 1.018 134.04399648805858
4.16 1.02 27.801028034300536
4.16 1.022 4.562379555707529
4.16 1.024 0.2692099417530621
4.16 1.026 0.028490193737369114
4.16 1.028 0.0008520165742739121
4.16 1.03 8.922794980796184e-6
4.16 1.032 1.5985883887258232e-8
4.16 1.034 7.600888882181093e-12
4.16 1.036 -3.2701043813692376e-14
4.16 1.038 8.028978237468789e-16
4.16 1.04 -7.203969265107619e-15
4.16 1.042 5.104210084951834e-15
4.16 1.044 -1.6858540303783736e-15
4.16 1.046 -6.129336833871118e-15
4.16 1.048 -6.129835853157016e-16
4.2 0.97 1.477772288037536e-15
4.2 0.972 -8.508950453247778e-16
4.2 0.974 -3.3540272020182177e-15
4.2 0.976 4.080399726545979e-16
4.2 0.978 -8.850217502150993e-15
4.2 0.98 -3.89678404210919e-15
4.2 0.982 -8.969231369403553e-16
4.2 0.984 -1.5358365080982986e-13
4.2 0.986 7.46794842521923e-11
4.2 0.988 1.2268146541292113e-8
4.2 0.99 -4.306640047520771e-6
4.2 0.992 0.0002475821842792615
4.2 0.994 0.012538149876682747
4.2 0.996 0.005229343618779554
4.2 0.998 0.3470888648173416
4.2 1.0 -0.11229748954220603
4.2 1.002 0.5402995692740684
4.2 1.004 1.289046802405545
4.2 1.006 -0.4407912396424386
4.2 1.008 6.605634946492864
4.2 1.01 42.520022379269015
4.2 1.012 240.62510975028255
4.2 1.014 440.9985991447449
4.2 1.016 125.2372945817185
4.2 1.018 59.8612067552608
4.2 1.02 45.92802579870543
4.2 1.022 32.11407971069291
4.2 1.024 8.55508831169974
4.2 1.026 0.7923214168953835
4.2 1.028 0.01785728633010455
4.2 1.03 5.940740543053486e-5
4.2 1.032 9.632550957947556e-8
4.2 1.034 7.035104211728946e-8
4.2 1.036 5.060389439183465e-10
4.2 1.038 2.178445484333331e-13
4.2 1.04 9.812700742065914e-17
4.2 1.042 -6.699342710437218e-17
4.2 1.044 -2.8391723442197587e-16
4.2 1.046 -2.5839294981373575e-16
4.2 1.048 5.805864920224414e-16
4.24 0.97 8.626519518467955e-17
4.24 0.972 -9.81524246070563e-16
4.24 0.974 -3.6187169095982456e-17
4.24 0.976 -7.417791646982308e-16
4.24 0.978 -5.074704529664977e-16
4.24 0.98 1.0939165831858495e-15
4.24 0.982 -7.446226257651736e-16
4.24 0.984 4.8658984681711864e-14
4.24 0.986 -1.831605458003693e-11
4.24 0.988 -3.1357727743016886e-9
4.24 0.99 1.0691942202683147e-6
4.24 0.992 -6.657960871611933e-5
4.24 0.994 -0.0031006965140528055
4.24 0.996 -0.001573955221380974
4.24 0.998 -0.08769646040844592
4.24 1.0 -0.05590082272171809
4.24 1.002 0.11480301592787671
4.24 1.004 0.336275298283345
4.24 1.006 3.445034492120991
4.24 1.008 5.350536813553457
4.24 1.01 5.6758358693767565
4.24 1.012 20.88673777029072
4.24 1.014 91.70488828998752
4.24 1.016 336.0745330235944
4.24 1.018 217.79363931011216
4.24 1.02 43.96051775056592
4.24 1.022 12.549629166155063
4.24 1.024 4.249258876598293
4.24 1.026 0.9452716488691733
4.24 1.028 0.02806305593261189
4.24 1.03 0.0003261474971689705
4.24 1.032 4.691961599985245e-7
4.24 1.034 2.4680371604767845e-10
4.24 1.036 6.160933411561782e-14
4.24 1.038 3.0708566260979885e-15
4.24 1.04 1.829396474509975e-16
4.24 1.042 1.5287126623943988e-17
4.24 1.044 -2.2835021224626177e-16
4.24 1.046 -2.852161743717121e-16
4.24 1.048 -8.3417754227591955e-16
4.28 0.97 2.8779767694753274e-16
4.28 0.972 2.9702293333770067e-16
4.28 0.974 -5.716343501181179e-16
4.28 0.976 7.355993037182384e-16
4.28 0.978 1.8579282485622625e-15
4.28 0.98 -8.935726732539966e-16
4.28 0.982 -9.99980432405125e-16
4.28 0.984 3.087653856899999e-13
4.28 0.986 -1.0038456568322033e-10
4.28 0.988 -1.7314460724601693e-8
4.28 0.99 5.960251238913559e-6
4.28 0.992 -0.00037257616573540387
4.28 0.994 -0.01722437173833505
4.28 0.996 -0.012471340316852918
4.28 0.998 -0.502802838069214
4.28 1.0 -0.06211071267549734
4.28 1.002 -0.17225841795885877
4.28 1.004 -0.10013601565676791
4.28 1.006 4.264241096358748
4.28 1.008 1.2434723958486278
4.28 1.01 10.422848386593202
4.28 1.012 15.512454291062738
4.28 1.014 36.71588657036973
4.28 1.016 50.280352731365284
4.28 1.018 64.6542091214553
4.28 1.02 16.054759064220594
4.28 1.022 5.236635127128354
4.28 1.024 0.9272092772054794
4.28 1.026 0.08406453562691336
4.28 1.028 0.001883679999803841
4.28 1.03 7.841478848899766e-6
4.28 1.032 1.344957598166253e-8
4.28 1.034 6.326828862528474e-9
4.28 1.036 4.548291063880279e-11
4.28 1.038 1.9327635406848248e-14
4.28 1.04 -4.533644239527868e-16
4.28 1.042 5.395124905425625e-16
4.28 1.044 -1.516151687980541e-16
4.28 1.046 -2.4914441107842496e-16
4.28 1.048 -3.971471018497831e-16
4.32 0.97 1.6750268100251838e-16
4.32 0.972 -8.01470617038394e-17
4.32 0.974 -3.082469775680793e-16
4.32 0.976 -2.593548671212165e-16
4.32 0.978 -2.3830961778942335e-15
4.32 0.98 -4.15540003380489e-16
4.32 0.982 -1.3036821774214242e-14
4.32 0.984 -5.291484275819483e-14
4.32 0.986 -2.156126508142976e-12
4.32 0.988 -3.8269106785741285e-10
4.32 0.99 1.3842766418969136e-7
4.32 0.992 -8.698635800670559e-6
4.32 0.994 -0.0003967503719224915
4.32 0.996 -0.0002959254294398432
4.32 0.998 -0.011809202508330735
4.32 1.0 0.001522635341360182
4.32 1.002 -0.010160905340722374
4.32 1.004 -0.012707681356223454
4.32 1.006 0.1942619582816518
4.32 1.008 0.11525908858786843
4.32 1.01 0.8256789469708081
4.32 1.012 4.289758560970211
4.32 1.014 13.896879109152596
4.32 1.016 5.29914481299919
4.32 1.018 10.308106193845505
4.32 1.02 25.967723252280198
4.32 1.022 60.80066750918494
4.32 1.024 30.783474552896834
4.32 1.026 3.1727665047577105
4.32 1.028 0.07240116514391881
4.32 1.03 0.00024160437332618225
4.32 1.032 4.252713413368982e-7
4.32 1.034 2.7896925584900644e-7
4.32 1.036 2.006287271540021e-9
4.32 1.038 8.635118830713138e-13
4.32 1.04 2.245200860947977e-16
4.32 1.042 -6.06879919773352e-18
4.32 1.044 6.474069544752183e-17
4.32 1.046 -2.105903517417959e-17
4.32 1.048 2.1548890005649147e-15
4.36 0.97 5.931412520909405e-17
4.36 0.972 -2.9455796777936983e-16
4.36 0.974 -1.460481289877881e-16
4.36 0.976 5.839262209643002e-16
4.36 0.978 8.147920402601128e-15
4.36 0.98 5.794039674247428e-16
4.36 0.982 -1.0123700425337163e-14
4.36 0.984 -4.1206247339241216e-14
4.36 0.986 1.7634065757571845e-14
4.36 0.988 2.7074470269770134e-12
4.36 0.99 1.8085982001885096e-11
4.36 0.992 2.6016241863266065e-9
4.36 0.994 2.785647648808841e-7
4.36 0.996 1.6758148122535246e-6
4.36 0.998 -2.6706633916725063e-5
4.36 1.0 -0.00022380291214115216
4.36 1.002 -2.219828443155754e-5
4.36 1.004 0.015783786091778544
4.36 1.006 0.058909613666552875
4.36 1.008 -0.003211736191930729
4.36 1.01 0.10505981046870996
4.36 1.012 0.8525172063673634
4.36 1.014 1.7280526943713206
4.36 1.016 7.831816782985587
4.36 1.018 8.228041104489801
4.36 1.02 8.993202647765832
4.36 1.022 7.470190758839722
4.36 1.024 3.362615372498421
4.36 1.026 0.7592959803740233
4.36 1.028 0.022056022526146357
4.36 1.03 0.00025304752173126686
4.36 1.032 3.711267894132294e-7
4.36 1.034 2.2240124527827528e-10
4.36 1.036 2.046189939943221e-13
4.36 1.038 2.4673940332612284e-15
4.36 1.04 7.285738497337203e-18
4.36 1.042 4.205692905950799e-19
4.36 1.044 -2.973637462371501e-17
4.36 1.046 -3.586992434264614e-17
4.36 1.048 -2.485942207049739e-18
4.4 0.97 -7.062952658967623e-17
4.4 0.972 -7.779752229606177e-17
4.4 0.974 -1.823067732731224e-18
4.4 0.976 -1.1082027270530317e-15
4.4 0.978 6.287844274945388e-15
4.4 0.98 3.988275686808879e-15
4.4 0.982 8.489500122321844e-15
4.4 0.984 1.8108026703411142e-14
4.4 0.986 6.560694595126723e-15
4.4 0.988 6.788910592240646e-13
4.4 0.99 -2.4279193898470105e-10
4.4 0.992 1.4889904813869585e-8
4.4 0.994 7.011463736892785e-7
4.4 0.996 4.3891474183860327e-7
4.4 0.998 2.0551335301405476e-5
4.4 1.0 1.1201358883192053e-5
4.4 1.002 -5.037489209563076e-6
4.4 1.004 -0.00038174754760157437
4.4 1.006 -0.0013898147092154774
4.4 1.008 9.530225637331021e-5
4.4 1.01 -0.010070897636947355
4.4 1.012 0.07426585953386138
4.4 1.014 0.5009112028284387
4.4 1.016 1.7932691584516014
4.4 1.018 3.557739084834062
4.4 1.02 2.5171090309168367
4.4 1.022 1.4963856826112558
4.4 1.024 0.0902803393977735
4.4 1.026 0.005809525728902738
4.4 1.028 0.00012139295300744139
4.4 1.03 1.3053987805870983e-6
4.4 1.032 1.9274428083253166e-9
4.4 1.034 1.5208157559123802e-12
4.4 1.036 3.2799888460026182e-15
4.4 1.038 1.1424805454051341e-17
4.4 1.04 -2.6132879070475665e-18
4.4 1.042 -1.2252218987338571e-18
4.4 1.044 1.9509775581485824e-17
4.4 1.046 -1.763842850996496e-18
4.4 1.048 -2.794754298140761e-18
4.4399999999999995 0.97 -1.1814230142736633e-17
4.4399999999999995 0.972 -1.6443952838431093e-17
4.4399999999999995 0.974 -6.082562142491188e-18
4.4399999999999995 0.976 -3.3179339902008363e-16
4.4399999999999995 0.978 -2.4298301182728153e-15
4.4399999999999995 0.98 -8.464864738613371e-17
4.4399999999999995 0.982 -1.0246691607989888e-14
4.4399999999999995 0.984 -4.1526811096135254e-14
4.4399999999999995 0.986 -6.857558739052069e-15
4.4399999999999995 0.988 -1.3460639636634323e-13
4.4399999999999995 0.99 4.6068812814297024e-11
4.4399999999999995 0.992 -2.877902916489395e-9
4.4399999999999995 0.994 -1.3313060402656724e-7
4.4399999999999995 0.996 -9.600755787064324e-8
4.4399999999999995 0.998 -3.895699735688523e-6
4.4399999999999995 1.0 -6.282973106486013e-7
4.4399999999999995 1.002 -1.2514633642560435e-6
4.4399999999999995 1.004 6.143086626324723e-6
4.4399999999999995 1.006 5.490983705609885e-5
4.4399999999999995 1.008 1.1136324270277522e-5
4.4399999999999995 1.01 0.0002718817189297696
4.4399999999999995 1.012 0.005442583392358207
4.4399999999999995 1.014 0.0221416331114321
4.4399999999999995 1.016 -0.001168188025882892
4.4399999999999995 1.018 0.2955301526264553
4.4399999999999995 1.02 3.221976994493594
4.4399999999999995 1.022 4.437255598508151
4.4399999999999995 1.024 2.1996074885960244
4.4399999999999995 1.026 0.37698375404536644
4.4399999999999995 1.028 0.010317603107149473
4.4399999999999995 1.03 9.935925195056399e-5
4.4399999999999995 1.032 1.4800237807219386e-7
4.4399999999999995 1.034 9.089542920541496e-9
4.4399999999999995 1.036 6.486566419480029e-11
4.4399999999999995 1.038 2.8772661020454287e-14
4.4399999999999995 1.04 9.785357324590122e-18
4.4399999999999995 1.042 -5.976596068470774e-19
4.4399999999999995 1.044 -1.0823276184963922e-17
4.4399999999999995 1.046 2.401531852037962e-19
4.4399999999999995 1.048 6.897061379106199e-17
4.48 0.97 7.900804644070888e-18
4.48 0.972 9.174342244123819e-18
4.48 0.974 -2.2950875255235823e-19
4.48 0.976 1.4015639269001076e-16
4.48 0.978 9.33274472276769e-16
4.48 0.98 -9.129400226148942e-17
4.48 0.982 -1.4002325261167993e-15
4.48 0.984 -4.978277475234993e-15
4.48 0.986 -8.589456002468432e-16
4.48 0.988 -2.30351647357666e-14
4.48 0.99 8.058370517960344e-12
4.48 0.992 -5.10364945482653e-10
4.48 0.994 -2.315341485274922e-8
4.48 0.996 -1.8017609077695984e-8
4.48 0.998 -6.887504971264739e-7
4.48 1.0 1.5821627793257364e-8
4.48 1.002 -4.775635098994691e-7
4.48 1.004 -5.701680332496313e-7
4.48 1.006 8.836843870271375e-6
4.48 1.008 3.205967704403596e-6
4.48 1.01 2.403591786753391e-6
4.48 1.012 9.998106698548247e-5
4.48 1.014 0.00030297583059042693
4.48 1.016 -0.00039693421044800363
4.48 1.018 0.004415824464456698
4.48 1.02 0.057784937501548866
4.48 1.022 0.08328008361409778
4.48 1.024 0.0416371905158816
4.48 1.026 0.00694698252621335
4.48 1.028 0.00018881967820926862
4.48 1.03 1.7762119908851686e-6
4.48 1.032 2.651830663661918e-9
4.48 1.034 1.8626789200906987e-10
4.48 1.036 1.3306959382261968e-12
4.48 1.038 5.878170583642211e-16
4.48 1.04 1.9404398951634087e-19
4.48 1.042 -1.0942573565872859e-20
4.48 1.044 -1.9142378005576887e-19
4.48 1.046 4.564786341592249e-21
4.48 1.048 1.415860668970469e-18
4.52 0.97 -8.513173514045115e-17
4.52 0.972 -9.290140115262444e-17
4.52 0.974 -5.030690446455702e-18
4.52 0.976 -1.2309566643124933e-15
4.52 0.978 1.2060335965576416e-14
4.52 0.98 5.572575790524263e-15
4.52 0.982 4.51540696909933e-15
4.52 0.984 -3.211532256428806e-15
4.52 0.986 -4.76045693787947e-16
4.52 0.988 -1.949368343610452e-16
4.52 0.99 6.515300571703145e-14
4.52 0.992 -3.916315974587644e-12
4.52 0.994 -1.803696826014635e-10
4.52 0.996 -7.668506655776028e-11
4.52 0.998 -6.488303179682877e-9
4.52 1.0 -1.0454217872103152e-8
4.52 1.002 2.851078884608429e-11
4.52 1.004 7.1859450760743e-7
4.52 1.006 2.6929979838190956e-6
4.52 1.008 5.067282416669566e-7
4.52 1.01 4.4410080148744395e-6
4.52 1.012 4.05413489792608e-5
4.52 1.014 -3.6804875408658166e-6
4.52 1.016 0.0002561625742806346
4.52 1.018 0.0004786853441887605
4.52 1.02 0.00020567778378545305
4.52 1.022 9.732193113431313e-5
4.52 1.024 3.764606347302926e-5
4.52 1.026 8.495239172623142e-6
4.52 1.028 2.527316463724772e-7
4.52 1.03 2.95031510255202e-9
4.52 1.032 4.217375078869154e-12
4.52 1.034 2.4592858034848993e-15
4.52 1.036 2.497814597325094e-18
4.52 1.038 2.7450036512276555e-20
4.52 1.04 1.9760880947936535e-22
4.52 1.042 9.932796829100488e-23
4.52 1.044 -3.660656398896361e-22
4.52 1.046 6.579542833913938e-22
4.52 1.048 8.553520205733536e-23
4.5600000000000005 0.97 1.622164864617861e-16
4.5600000000000005 0.972 1.9118711521613823e-16
4.5600000000000005 0.974 8.824163487494063e-18
4.5600000000000005 0.976 3.2020032670899925e-15
4.5600000000000005 0.978 2.5271818639661112e-14
4.5600000000000005 0.98 -5.856114963643704e-16
4.5600000000000005 0.982 -2.1271228381676883e-15
4.5600000000000005 0.984 4.028348529345204e-16
4.5600000000000005 0.986 6.116084240144376e-17
4.5600000000000005 0.988 1.6852157038906587e-17
4.5600000000000005 0.99 -2.0148287201782596e-15
4.5600000000000005 0.992 1.259071594397157e-13
4.5600000000000005 0.994 5.902744544521939e-12
4.5600000000000005 0.996 4.456177211852345e-12
4.5600000000000005 0.998 1.6692246841374706e-10
4.5600000000000005 1.0 1.3266405046488763e-11
4.5600000000000005 1.002 2.968408087209692e-11
4.5600000000000005 1.004 1.2671784061574693e-9
4.5600000000000005 1.006 4.4987079518231704e-9
4.5600000000000005 1.008 2.8667438732432516e-9
4.5600000000000005 1.01 -5.166274836753345e-9
4.5600000000000005 1.012 1.3734397884815962e-7
4.5600000000000005 1.014 5.906977193760162e-7
4.5600000000000005 1.016 1.605263706853985e-6
4.5600000000000005 1.018 2.3844766166335397e-6
4.5600000000000005 1.02 5.397141762421158e-7
4.5600000000000005 1.022 8.145726832623549e-8
4.5600000000000005 1.024 4.079591190171642e-9
4.5600000000000005 1.026 1.8961658816730907e-10
4.5600000000000005 1.028 1.1714603551945612e-11
4.5600000000000005 1.03 1.6619320804962198e-13
4.5600000000000005 1.032 1.4967233999256486e-16
4.5600000000000005 1.034 1.5023780272848294e-17
4.5600000000000005 1.036 1.0811365806585407e-19
4.5600000000000005 1.038 4.577732658143451e-23
4.5600000000000005 1.04 -2.2569432679791015e-25
4.5600000000000005 1.042 -5.720417387488591e-25
4.5600000000000005 1.044 -2.312990108609808e-24
4.5600000000000005 1.046 8.792360058390456e-25
4.5600000000000005 1.048 -5.584243628512724e-24
4.6 0.97 2.4121215554835017e-16
4.6 0.972 2.837054334248952e-16
4.6 0.974 1.7225742581992783e-17
4.6 0.976 4.7854541057379294e-15
4.6 0.978 3.5282505619303224e-14
4.6 0.98 -1.3433229866702609e-15
4.6 0.982 4.25748709057972e-15
4.6 0.984 3.1798584792893774e-14
4.6 0.986 4.6611610494018715e-15
4.6 0.988 7.550265621915884e-16
4.6 0.99 -1.4083083805630275e-16
4.6 0.992 9.69862472109908e-15
4.6 0.994 4.527720464329837e-13
4.6 0.996 3.0198600031192e-13
4.6 0.998 1.3077275027208409e-11
4.6 1.0 3.6870243257584296e-12
4.6 1.002 -2.6292051838470323e-13
4.6 1.004 -6.986902275258013e-12
4.6 1.006 -9.304006487271302e-11
4.6 1.008 3.789581900445157e-10
4.6 1.01 9.652200242663313e-9
4.6 1.012 6.045437144926465e-8
4.6 1.014 1.9394377671268755e-7
4.6 1.016 -6.728110052265552e-7
4.6 1.018 -3.019498671081398e-7
4.6 1.02 1.4132419281917905e-5
4.6 1.022 5.468109837707812e-5
4.6 1.024 2.993569630047935e-5
4.6 1.026 3.0361748598331304e-6
4.6 1.028 6.861373087374405e-8
4.6 1.03 1.9825877241471975e-10
4.6 1.032 3.618475070632682e-13
4.6 1.034 2.7900272645934267e-13
4.6 1.036 2.0067671390150312e-15
4.6 1.038 8.63322598494154e-19
4.6 1.04 2.3893082318443395e-22
4.6 1.042 -6.519575443086478e-24
4.6 1.044 8.807620172529259e-24
4.6 1.046 7.046285391971949e-25
4.6 1.048 2.1397449163994186e-21
4.64 0.97 9.060734582331599e-17
4.64 0.972 1.106849171914149e-16
4.64 0.974 8.279831167144024e-18
4.64 0.976 2.0761381405918892e-15
4.64 0.978 2.712508993741513e-14
4.64 0.98 2.382070323061244e-15
4.64 0.982 7.311587960751739e-15
4.64 0.984 2.5709053209376204e-14
4.64 0.986 3.764791810920246e-15
4.64 0.988 6.087083967555354e-16
4.64 0.99 1.2828474898199837e-17
4.64 0.992 4.1251284323700526e-19
4.64 0.994 1.298167386657485e-18
4.64 0.996 7.278186712324864e-19
4.64 0.998 2.3184187327257753e-17
4.64 1.0 -7.259219462051242e-17
4.64 1.002 1.056953106878151e-15
4.64 1.004 2.586706037652294e-14
4.64 1.006 2.544254080469166e-13
4.64 1.008 9.171431707013382e-11
4.64 1.01 2.1304403734144354e-9
4.64 1.012 1.3047919517226813e-8
4.64 1.014 4.117939405794169e-8
4.64 1.016 -1.5455314922847825e-7
4.64 1.018 6.637037925452362e-7
4.64 1.02 1.0885456279359629e-5
4.64 1.022 1.8363372044739875e-5
4.64 1.024 9.388934802154023e-6
4.64 1.026 1.417627771791512e-6
4.64 1.028 3.747320002014213e-8
4.64 1.03 3.184675030711732e-10
4.64 1.032 4.804784835829585e-13
4.64 1.034 5.305225804443886e-14
4.64 1.036 3.8003806396611797e-16
4.64 1.038 1.6611534080951503e-19
4.64 1.04 5.146606899523798e-23
4.64 1.042 -2.3941454008312883e-24
4.64 1.044 -3.2064202366769575e-23
4.64 1.046 8.342235684757365e-25
4.64 1.048 4.0456444812620107e-22
4.680000000000001 0.97 2.8954423977776634e-16
4.680000000000001 0.972 3.222331491052826e-16
4.680000000000001 0.974 1.5098360526025897e-17
4.680000000000001 0.976 4.54062700667556e-15
4.680000000000001 0.978 -1.957404546366162e-14
4.680000000000001 0.98 -1.449608427515083e-14
4.680000000000001 0.982 -1.564491803662399e-14
4.680000000000001 0.984 -4.287334217831964e-15
4.680000000000001 0.986 -6.138581419549912e-16
4.680000000000001 0.988 -9.648759579976154e-17
4.680000000000001 0.99 -2.028752752684302e-18
4.680000000000001 0.992 -2.83374113682122e-19
4.680000000000001 0.994 -1.0274916864280797e-17
4.680000000000001 0.996 -8.473344016021096e-18
4.680000000000001 0.998 -4.30219207519408e-16
4.680000000000001 1.0 -8.432698417556884e-16
4.680000000000001 1.002 -5.113408945950303e-16
4.680000000000001 1.004 8.199249370665816e-14
4.680000000000001 1.006 3.032707841183153e-13
4.680000000000001 1.008 -1.2142031930718479e-13
4.680000000000001 1.01 -3.2694782663654886e-12
4.680000000000001 1.012 -4.328837030987177e-12
4.680000000000001 1.014 -1.7978650204091813e-10
4.680000000000001 1.016 2.2088719128092427e-9
4.680000000000001 1.018 8.410463509942696e-8
4.680000000000001 1.02 7.975707507703677e-7
4.680000000000001 1.022 7.695240276789727e-7
4.680000000000001 1.024 3.54485732587537e-7
4.680000000000001 1.026 8.016810659706395e-8
4.680000000000001 1.028 2.3283889431175965e-9
4.680000000000001 1.03 2.6712665264200697e-11
4.680000000000001 1.032 3.917322394043298e-14
4.680000000000001 1.034 2.3888458167206245e-17
4.680000000000001 1.036 2.464210913406531e-20
4.680000000000001 1.038 2.597904520339835e-22
4.680000000000001 1.04 5.88227239829422e-25
4.680000000000001 1.042 -9.956950663857176e-26
4.680000000000001 1.044 -3.1533782891526736e-24
4.680000000000001 1.046 6.591336202630697e-26
4.680000000000001 1.048 -4.614302980513687e-27
4.72 0.97 -2.1060430017636815e-16
4.72 0.972 -2.4642948766963807e-16
4.72 0.974 -1.2188321926030909e-17
4.72 0.976 -4.058360152404173e-15
4.72 0.978 -2.667413808883143e-14
4.72 0.98 2.035346531295135e-15
4.72 0.982 2.377606705868136e-15
4.72 0.984 -6.082538476801483e-15
4.72 0.986 -8.946592267705237e-16
4.72 0.988 -1.4553578886546194e-16
4.72 0.99 -3.0676432355187057e-18
4.72 0.992 -9.28628468930905e-20
4.72 0.994 -4.091654452590453e-20
4.72 0.996 -1.2727154655832493e-20
4.72 0.998 -1.6299053807170614e-18
4.72 1.0 -2.5157956829798176e-18
4.72 1.002 4.598357784089415e-19
4.72 1.004 2.2844999527731263e-17
4.72 1.006 2.1149294055364521e-16
4.72 1.008 -1.0111711936716705e-16
4.72 1.01 -8.834032262454461e-17
4.72 1.012 1.2837181187854203e-15
4.72 1.014 -1.0318933725454225e-14
4.72 1.016 1.4986089568195742e-15
4.72 1.018 5.287512859402684e-15
4.72 1.02 1.933233435343517e-14
4.72 1.022 1.8217676124574184e-14
4.72 1.024 8.360962165969425e-15
4.72 1.026 1.8903294013390746e-15
4.72 1.028 5.490433715278471e-17
4.72 1.03 6.298945947393067e-19
4.72 1.032 9.237137232841302e-22
4.72 1.034 5.581793541808656e-25
4.72 1.036 5.442332218571597e-28
4.72 1.038 6.114899609146941e-30
4.72 1.04 1.5474953089915745e-32
4.72 1.042 8.798300668081497e-34
4.72 1.044 -7.431272318148036e-32
4.72 1.046 -1.3977922666045703e-33
4.72 1.048 2.3724986436313534e-34
4.760000000000001 0.97 -6.96668165807109e-17
4.760000000000001 0.972 -8.397456717000372e-17
4.760000000000001 0.974 -4.243418226584634e-18
4.760000000000001 0.976 -1.4960802954859344e-15
4.760000000000001 0.978 -1.716907529309152e-14
4.760000000000001 0.98 -1.0623134232632336e-15
4.760000000000001 0.982 -9.842632289751472e-16
4.760000000000001 0.984 -3.626789847363038e-15
4.760000000000001 0.986 -5.311271843079803e-16
4.760000000000001 0.988 -8.593663432077797e-17
4.760000000000001 0.99 -1.8112049690542177e-18
4.760000000000001 0.992 -5.3984608303347815e-20
4.760000000000001 0.994 1.281428131405343e-20
4.760000000000001 0.996 3.887492697041674e-21
4.760000000000001 0.998 5.121537295860948e-19
4.760000000000001 1.0 7.86606167904233e-19
4.760000000000001 1.002 -1.58675550813403e-19
4.760000000000001 1.004 -5.542019853504379e-18
4.760000000000001 1.006 -6.124240979472761e-17
4.760000000000001 1.008 3.300559057563432e-17
4.760000000000001 1.01 4.16385891988314e-17
4.760000000000001 1.012 -3.0330508187796916e-16
4.760000000000001 1.014 3.2755881800921295e-15
4.760000000000001 1.016 1.7492991999404253e-16
4.760000000000001 1.018 8.548707402369347e-17
4.760000000000001 1.02 -3.2955980869101356e-19
4.760000000000001 1.022 -1.7303010305503296e-17
4.760000000000001 1.024 -6.970993035589059e-19
4.760000000000001 1.026 3.7766161541071944e-21
4.760000000000001 1.028 1.8671126916093713e-23
4.760000000000001 1.03 9.304185059494129e-27
4.760000000000001 1.032 5.486975584837651e-31
4.760000000000001 1.034 2.488144214228494e-34
4.760000000000001 1.036 -4.664198624432077e-34
4.760000000000001 1.038 -1.5828806300054323e-33
4.760000000000001 1.04 -1.816194464887403e-35
4.760000000000001 1.042 -7.445275319255193e-34
4.760000000000001 1.044 -2.804463408334326e-35
4.760000000000001 1.046 8.047029433563965e-34
4.760000000000001 1.048 2.2214058851962453e-34
