0.95 0.5 0.0
0.95 0.56 0.0
0.95 0.62 0.0
0.95 0.6799999999999999 0.0
0.95 0.74 0.0
0.95 0.8 0.0
0.95 0.86 0.0
0.95 0.92 0.0
0.95 0.98 0.0
0.95 1.04 0.0
0.95 1.1 0.0
0.95 1.1600000000000001 0.0
0.95 1.22 0.0
0.95 1.28 0.0
0.95 1.34 0.0
0.95 1.4 0.0
0.95 1.46 0.0
0.95 1.52 0.0
0.95 1.58 0.0
0.95 1.6400000000000001 0.0
0.95 1.7000000000000002 0.0
0.95 1.76 0.0
0.95 1.82 0.0
0.95 1.8800000000000001 0.0
0.95 1.94 0.0
0.95 2.0 0.0
0.95 2.06 0.0
0.95 2.12 0.0
0.95 2.18 0.0
0.95 2.2399999999999998 0.0
0.95 2.3000000000000003 0.0
0.95 2.36 0.0
0.95 2.4200000000000004 0.0
0.95 2.48 0.0
0.95 2.5400000000000005 0.0
0.95 2.5999999999999996 0.0
0.95 2.66 0.0
0.95 2.7199999999999998 0.0
0.95 2.7800000000000002 0.0
0.95 2.84 0.0
0.95 2.9000000000000004 0.0
0.95 2.9599999999999995 0.0
0.95 3.02 0.0
0.95 3.0799999999999996 0.0
0.95 3.14 0.0
0.95 3.1999999999999997 0.0
0.95 3.2600000000000002 0.0
0.95 3.3200000000000003 0.0
0.95 3.38 0.0
0.95 3.4399999999999995 0.0
0.95 3.5 0.0
0.952 0.5 0.0
0.952 0.56 0.0
0.952 0.62 0.0
0.952 0.6799999999999999 0.0
0.952 0.74 0.0
0.952 0.8 0.0
0.952 0.86 0.0
0.952 0.92 0.0
0.952 0.98 0.0
0.952 1.04 0.0
0.952 1.1 0.0
0.952 1.1600000000000001 0.0
0.952 1.22 0.0
0.952 1.28 0.0
0.952 1.34 0.0
0.952 1.4 0.0
0.952 1.46 0.0
0.952 1.52 0.0
0.952 1.58 0.0
0.952 1.6400000000000001 0.0
0.952 1.7000000000000002 0.0
0.952 1.76 0.0
0.952 1.82 0.0
0.952 1.8800000000000001 0.0
0.952 1.94 0.0
0.952 2.0 0.0
0.952 2.06 0.0
0.952 2.12 0.0
0.952 2.18 0.0
0.952 2.2399999999999998 0.0
0.952 2.3000000000000003 0.0
0.952 2.36 0.0
0.952 2.4200000000000004 0.0
0.952 2.48 0.0
0.952 2.5400000000000005 0.0
0.952 2.5999999999999996 0.0
0.952 2.66 0.0
0.952 2.7199999999999998 0.0
0.952 2.7800000000000002 0.0
0.952 2.84 0.0
0.952 2.9000000000000004 0.0
0.952 2.9599999999999995 0.0
0.952 3.02 0.0
0.952 3.0799999999999996 0.0
0.952 3.14 0.0
0.952 3.1999999999999997 0.0
0.952 3.2600000000000002 0.0
0.952 3.3200000000000003 0.0
0.952 3.38 0.0
0.952 3.4399999999999995 0.0
0.952 3.5 0.0
0.954 0.5 0.0
0.954 0.56 0.0
0.954 0.62 0.0
0.954 0.6799999999999999 0.0
0.954 0.74 0.0
0.954 0.8 0.0
0.954 0.86 0.0
0.954 0.92 0.0
0.954 0.98 0.0
0.954 1.04 0.0
0.954 1.1 0.0
0.954 1.1600000000000001 0.0
0.954 1.22 0.0
0.954 1.28 0.0
0.954 1.34 0.0
0.954 1.4 0.0
0.954 1.46 0.0
0.954 1.52 0.0
0.954 1.58 0.0
0.954 1.6400000000000001 0.0
0.954 1.7000000000000002 0.0
0.954 1.76 0.0
0.954 1.82 0.0
0.954 1.8800000000000001 0.0
0.954 1.94 0.0
0.954 2.0 0.0
0.954 2.06 0.0
0.954 2.12 0.0
0.954 2.18 0.0
0.954 2.2399999999999998 0.0
0.954 2.3000000000000003 0.0
0.954 2.36 0.0
0.954 2.4200000000000004 0.0
0.954 2.48 0.0
0.954 2.5400000000000005 0.0
0.954 2.5999999999999996 0.0
0.954 2.66 0.0
0.954 2.7199999999999998 0.0
0.954 2.7800000000000002 0.0
0.954 2.84 0.0
0.954 2.9000000000000004 0.0
0.954 2.9599999999999995 0.0
0.954 3.02 0.0
0.954 3.0799999999999996 0.0
0.954 3.14 0.0
0.954 3.1999999999999997 0.0
0.954 3.2600000000000002 0.0
0.954 3.3200000000000003 0.0
0.954 3.38 0.0
0.954 3.4399999999999995 0.0
0.954 3.5 0.0
0.956 0.5 0.0
0.956 0.56 0.0
0.956 0.62 0.0
0.956 0.6799999999999999 0.0
0.956 0.74 0.0
0.956 0.8 0.0
0.956 0.86 0.0
0.956 0.92 0.0
0.956 0.98 0.0
0.956 1.04 0.0
0.956 1.1 0.0
0.956 1.1600000000000001 0.0
0.956 1.22 0.0
0.956 1.28 0.0
0.956 1.34 0.0
0.956 1.4 0.0
0.956 1.46 0.0
0.956 1.52 0.0
0.956 1.58 0.0
0.956 1.6400000000000001 0.0
0.956 1.7000000000000002 0.0
0.956 1.76 0.0
0.956 1.82 0.0
0.956 1.8800000000000001 0.0
0.956 1.94 0.0
0.956 2.0 0.0
0.956 2.06 0.0
0.956 2.12 0.0
0.956 2.18 0.0
0.956 2.2399999999999998 0.0
0.956 2.3000000000000003 0.0
0.956 2.36 0.0
0.956 2.4200000000000004 0.0
0.956 2.48 0.0
0.956 2.5400000000000005 0.0
0.956 2.5999999999999996 0.0
0.956 2.66 0.0
0.956 2.7199999999999998 0.0
0.956 2.7800000000000002 0.0
0.956 2.84 0.0
0.956 2.9000000000000004 0.0
0.956 2.9599999999999995 0.0
0.956 3.02 0.0
0.956 3.0799999999999996 0.0
0.956 3.14 0.0
0.956 3.1999999999999997 0.0
0.956 3.2600000000000002 0.0
0.956 3.3200000000000003 0.0
0.956 3.38 0.0
0.956 3.4399999999999995 0.0
0.956 3.5 0.0
0.958 0.5 0.0
0.958 0.56 0.0
0.958 0.62 0.0
0.958 0.6799999999999999 0.0
0.958 0.74 0.0
0.958 0.8 0.0
0.958 0.86 0.0
0.958 0.92 0.0
0.958 0.98 0.0
0.958 1.04 0.0
0.958 1.1 0.0
0.958 1.1600000000000001 0.0
0.958 1.22 0.0
0.958 1.28 0.0
0.958 1.34 0.0
0.958 1.4 0.0
0.958 1.46 0.0
0.958 1.52 0.0
0.958 1.58 0.0
0.958 1.6400000000000001 0.0
0.958 1.7000000000000002 0.0
0.958 1.76 0.0
0.958 1.82 0.0
0.958 1.8800000000000001 0.0
0.958 1.94 0.0
0.958 2.0 0.0
0.958 2.06 0.0
0.958 2.12 0.0
0.958 2.18 0.0
0.958 2.2399999999999998 0.0
0.958 2.3000000000000003 0.0
0.958 2.36 0.0
0.958 2.4200000000000004 0.0
0.958 2.48 0.0
0.958 2.5400000000000005 0.0
0.958 2.5999999999999996 0.0
0.958 2.66 0.0
0.958 2.7199999999999998 0.0
0.958 2.7800000000000002 0.0
0.958 2.84 0.0
0.958 2.9000000000000004 0.0
0.958 2.9599999999999995 0.0
0.958 3.02 0.0
0.958 3.0799999999999996 0.0
0.958 3.14 0.0
0.958 3.1999999999999997 0.0
0.958 3.2600000000000002 0.0
0.958 3.3200000000000003 0.0
0.958 3.38 0.0
0.958 3.4399999999999995 0.0
0.958 3.5 0.0
0.96 0.5 0.0
0.96 0.56 0.0
0.96 0.62 0.0
0.96 0.6799999999999999 0.0
0.96 0.74 0.0
0.96 0.8 0.0
0.96 0.86 0.0
0.96 0.92 0.0
0.96 0.98 0.0
0.96 1.04 0.0
0.96 1.1 0.0
0.96 1.1600000000000001 0.0
0.96 1.22 0.0
0.96 1.28 0.0
0.96 1.34 0.0
0.96 1.4 0.0
0.96 1.46 0.0
0.96 1.52 0.0
0.96 1.58 0.0
0.96 1.6400000000000001 0.0
0.96 1.7000000000000002 0.0
0.96 1.76 0.0
0.96 1.82 0.0
0.96 1.8800000000000001 0.0
0.96 1.94 0.0
0.96 2.0 0.0
0.96 2.06 0.0
0.96 2.12 0.0
0.96 2.18 0.0
0.96 2.2399999999999998 0.0
0.96 2.3000000000000003 0.0
0.96 2.36 0.0
0.96 2.4200000000000004 0.0
0.96 2.48 0.0
0.96 2.5400000000000005 0.0
0.96 2.5999999999999996 0.0
0.96 2.66 0.0
0.96 2.7199999999999998 0.0
0.96 2.7800000000000002 0.0
0.96 2.84 0.0
0.96 2.9000000000000004 0.0
0.96 2.9599999999999995 0.0
0.96 3.02 0.0
0.96 3.0799999999999996 0.0
0.96 3.14 0.0
0.96 3.1999999999999997 0.0
0.96 3.2600000000000002 0.0
0.96 3.3200000000000003 0.0
0.96 3.38 0.0
0.96 3.4399999999999995 0.0
0.96 3.5 0.0
0.962 0.5 0.0
0.962 0.56 0.0
0.962 0.62 0.0
0.962 0.6799999999999999 0.0
0.962 0.74 0.0
0.962 0.8 0.0
0.962 0.86 0.0
0.962 0.92 0.0
0.962 0.98 0.0
0.962 1.04 0.0
0.962 1.1 -1.2323920455977634e-18
0.962 1.1600000000000001 3.4519160278632555e-18
0.962 1.22 1.0918588199057259e-17
0.962 1.28 7.145368464980705e-17
0.962 1.34 2.0522889365437377e-16
0.962 1.4 3.2138944963510364e-16
0.962 1.46 9.734283286739905e-17
0.962 1.52 9.170943138130624e-17
0.962 1.58 1.1893776465396397e-16
0.962 1.6400000000000001 -1.6152820008298793e-16
0.962 1.7000000000000002 -2.4451566479692336e-16
0.962 1.76 -2.48120478494992e-16
0.962 1.82 4.217721165489553e-16
0.962 1.8800000000000001 4.637110901378687e-15
0.962 1.94 -1.968386605699438e-15
0.962 2.0 -2.8013716536126143e-15
0.962 2.06 -1.340162752898745e-16
0.962 2.12 -5.695445041604005e-17
0.962 2.18 -1.6549577753617588e-16
0.962 2.2399999999999998 2.7619143728766902e-17
0.962 2.3000000000000003 -2.978312054747365e-17
0.962 2.36 -6.096028000801e-18
0.962 2.4200000000000004 -1.0076982455587513e-19
0.962 2.48 -1.3023765007677187e-19
0.962 2.5400000000000005 0.0
0.962 2.5999999999999996 0.0
0.962 2.66 0.0
0.962 2.7199999999999998 0.0
0.962 2.7800000000000002 0.0
0.962 2.84 0.0
0.962 2.9000000000000004 0.0
0.962 2.9599999999999995 0.0
0.962 3.02 0.0
0.962 3.0799999999999996 0.0
0.962 3.14 0.0
0.962 3.1999999999999997 0.0
0.962 3.2600000000000002 0.0
0.962 3.3200000000000003 0.0
0.962 3.38 0.0
0.962 3.4399999999999995 0.0
0.962 3.5 0.0
0.964 0.5 0.0
0.964 0.56 0.0
0.964 0.62 0.0
0.964 0.6799999999999999 0.0
0.964 0.74 0.0
0.964 0.8 0.0
0.964 0.86 0.0
0.964 0.92 0.0
0.964 0.98 0.0
0.964 1.04 0.0
0.964 1.1 -1.2415893663015418e-18
0.964 1.1600000000000001 3.8976021793290916e-18
0.964 1.22 1.2959925730789395e-17
0.964 1.28 8.6573809405087e-17
0.964 1.34 2.5016894839816747e-16
0.964 1.4 2.712098306684959e-16
0.964 1.46 -2.76868555003596e-16
0.964 1.52 -4.477801059142059e-16
0.964 1.58 -7.027663289120344e-16
0.964 1.6400000000000001 -2.0448487545384413e-16
0.964 1.7000000000000002 -7.712738218963247e-17
0.964 1.76 2.512788944690976e-20
0.964 1.82 -1.37434982734031e-15
0.964 1.8800000000000001 5.117050533378371e-15
0.964 1.94 6.968728343538597e-15
0.964 2.0 -6.932463904009299e-15
0.964 2.06 4.016943159064223e-16
0.964 2.12 2.878969111630957e-16
0.964 2.18 9.681876378933086e-16
0.964 2.2399999999999998 -3.2739652806928284e-16
0.964 2.3000000000000003 -6.431920821993101e-17
0.964 2.36 1.525464313356757e-18
0.964 2.4200000000000004 2.836591476462902e-19
0.964 2.48 4.812610814591698e-19
0.964 2.5400000000000005 0.0
0.964 2.5999999999999996 0.0
0.964 2.66 0.0
0.964 2.7199999999999998 0.0
0.964 2.7800000000000002 0.0
0.964 2.84 0.0
0.964 2.9000000000000004 0.0
0.964 2.9599999999999995 0.0
0.964 3.02 0.0
0.964 3.0799999999999996 0.0
0.964 3.14 0.0
0.964 3.1999999999999997 0.0
0.964 3.2600000000000002 0.0
0.964 3.3200000000000003 0.0
0.964 3.38 0.0
0.964 3.4399999999999995 0.0
0.964 3.5 0.0
0.966 0.5 0.0
0.966 0.56 0.0
0.966 0.62 0.0
0.966 0.6799999999999999 0.0
0.966 0.74 0.0
0.966 0.8 0.0
0.966 0.86 0.0
0.966 0.92 0.0
0.966 0.98 0.0
0.966 1.04 0.0
0.966 1.1 -7.41380552378626e-19
0.966 1.1600000000000001 2.1370230041949318e-18
0.966 1.22 7.880548659754873e-18
0.966 1.28 2.2404633421672626e-17
0.966 1.34 4.4494156093914046e-17
0.966 1.4 1.0139827165807093e-15
0.966 1.46 8.380494184267641e-17
0.966 1.52 2.555530509046814e-16
0.966 1.58 1.3960276760134926e-16
0.966 1.6400000000000001 -5.713736878543883e-17
0.966 1.7000000000000002 -1.207043477002532e-16
0.966 1.76 -1.5070159741668275e-16
0.966 1.82 3.173413783174102e-16
0.966 1.8800000000000001 2.6570067361523557e-15
0.966 1.94 -1.8487920902299477e-15
0.966 2.0 -9.411208399733085e-16
0.966 2.06 -8.722237575559006e-17
0.966 2.12 -3.873593735988693e-16
0.966 2.18 -1.4090971401021194e-16
0.966 2.2399999999999998 2.3193680200882247e-17
0.966 2.3000000000000003 1.2039736696601028e-18
0.966 2.36 -5.537599580291963e-18
0.966 2.4200000000000004 -6.364027018938156e-19
0.966 2.48 -1.151171799909641e-19
0.966 2.5400000000000005 0.0
0.966 2.5999999999999996 0.0
0.966 2.66 0.0
0.966 2.7199999999999998 0.0
0.966 2.7800000000000002 0.0
0.966 2.84 0.0
0.966 2.9000000000000004 0.0
0.966 2.9599999999999995 0.0
0.966 3.02 0.0
0.966 3.0799999999999996 0.0
0.966 3.14 0.0
0.966 3.1999999999999997 0.0
0.966 3.2600000000000002 0.0
0.966 3.3200000000000003 0.0
0.966 3.38 0.0
0.966 3.4399999999999995 0.0
0.966 3.5 0.0
0.968 0.5 0.0
0.968 0.56 0.0
0.968 0.62 0.0
0.968 0.6799999999999999 0.0
0.968 0.74 0.0
0.968 0.8 0.0
0.968 0.86 0.0
0.968 0.92 0.0
0.968 0.98 0.0
0.968 1.04 0.0
0.968 1.1 -1.3497618619709496e-18
0.968 1.1600000000000001 4.249909047683878e-18
0.968 1.22 1.8917213797652715e-17
0.968 1.28 -1.042784804197644e-17
0.968 1.34 -1.2099098047334878e-16
0.968 1.4 4.1261344267826764e-15
0.968 1.46 4.7850636817597944e-17
0.968 1.52 7.639815615798472e-16
0.968 1.58 -1.377294396214925e-17
0.968 1.6400000000000001 1.2787119683815325e-16
0.968 1.7000000000000002 -2.8676981569712817e-16
0.968 1.76 -1.3304291506160156e-16
0.968 1.82 -1.645713184808793e-15
0.968 1.8800000000000001 5.262559152768945e-15
0.968 1.94 8.102959934829984e-15
0.968 2.0 -2.351864570863185e-15
0.968 2.06 3.848181464099017e-16
0.968 2.12 -7.772253334438956e-16
0.968 2.18 1.129108383548819e-15
0.968 2.2399999999999998 -4.72842053664356e-16
0.968 2.3000000000000003 -2.847679643974409e-17
0.968 2.36 -3.778411565638123e-18
0.968 2.4200000000000004 6.5488542685724185e-19
0.968 2.48 5.715690991703814e-19
0.968 2.5400000000000005 0.0
0.968 2.5999999999999996 0.0
0.968 2.66 0.0
0.968 2.7199999999999998 0.0
0.968 2.7800000000000002 0.0
0.968 2.84 0.0
0.968 2.9000000000000004 0.0
0.968 2.9599999999999995 0.0
0.968 3.02 0.0
0.968 3.0799999999999996 0.0
0.968 3.14 0.0
0.968 3.1999999999999997 0.0
0.968 3.2600000000000002 0.0
0.968 3.3200000000000003 0.0
0.968 3.38 0.0
0.968 3.4399999999999995 0.0
0.968 3.5 0.0
0.97 0.5 0.0
0.97 0.56 0.0
0.97 0.62 0.0
0.97 0.6799999999999999 0.0
0.97 0.74 0.0
0.97 0.8 0.0
0.97 0.86 0.0
0.97 0.92 0.0
0.97 0.98 0.0
0.97 1.04 0.0
0.97 1.1 8.224084144459479e-19
0.97 1.1600000000000001 -1.9901502297178346e-18
0.97 1.22 -4.8375720842754636e-18
0.97 1.28 -5.85031214116392e-17
0.97 1.34 -1.8649778316518443e-16
0.97 1.4 5.409303815611622e-16
0.97 1.46 -2.558765318037398e-16
0.97 1.52 -1.4246756851999337e-16
0.97 1.58 -3.3858297136255534e-16
0.97 1.6400000000000001 -2.7819555105704667e-16
0.97 1.7000000000000002 -8.157457216456989e-17
0.97 1.76 -1.1486520932589046e-16
0.97 1.82 1.460326732773129e-15
0.97 1.8800000000000001 -2.468277678373526e-15
0.97 1.94 -8.569380734474076e-15
0.97 2.0 -6.191565522482123e-15
0.97 2.06 -3.7929698424311165e-16
0.97 2.12 -9.235301079565505e-16
0.97 2.18 -8.438642073802491e-16
0.97 2.2399999999999998 2.642468680121205e-16
0.97 2.3000000000000003 3.423951527934962e-17
0.97 2.36 -1.2634560690964634e-17
0.97 2.4200000000000004 -2.763529959336099e-18
0.97 2.48 -5.559848155371718e-19
0.97 2.5400000000000005 0.0
0.97 2.5999999999999996 0.0
0.97 2.66 0.0
0.97 2.7199999999999998 0.0
0.97 2.7800000000000002 0.0
0.97 2.84 0.0
0.97 2.9000000000000004 0.0
0.97 2.9599999999999995 0.0
0.97 3.02 0.0
0.97 3.0799999999999996 0.0
0.97 3.14 0.0
0.97 3.1999999999999997 0.0
0.97 3.2600000000000002 0.0
0.97 3.3200000000000003 0.0
0.97 3.38 0.0
0.97 3.4399999999999995 0.0
0.97 3.5 0.0
0.972 0.5 0.0
0.972 0.56 0.0
0.972 0.62 0.0
0.972 0.6799999999999999 0.0
0.972 0.74 0.0
0.972 0.8 0.0
0.972 0.86 0.0
0.972 0.92 0.0
0.972 0.98 0.0
0.972 1.04 0.0
0.972 1.1 7.760131233673283e-19
0.972 1.1600000000000001 -2.593444966743244e-18
0.972 1.22 -1.3470621498593755e-17
0.972 1.28 4.2485790317344944e-17
0.972 1.34 2.1101526673437994e-16
0.972 1.4 -3.877689213026206e-15
0.972 1.46 -4.897316025969381e-17
0.972 1.52 -8.092224654240674e-16
0.972 1.58 -1.6025806044703507e-16
0.972 1.6400000000000001 5.2349216142796874e-17
0.972 1.7000000000000002 -2.228508936266871e-16
0.972 1.76 9.279425661876953e-17
0.972 1.82 -7.415574804373886e-16
0.972 1.8800000000000001 -2.41401420685652e-15
0.972 1.94 3.601946008418951e-15
0.972 2.0 -1.4300310305958715e-15
0.972 2.06 1.8616556773665616e-16
0.972 2.12 1.0683053995977096e-15
0.972 2.18 7.066053070872904e-16
0.972 2.2399999999999998 -2.248152689033224e-16
0.972 2.3000000000000003 -1.4768731178600883e-16
0.972 2.36 -3.2637446430282864e-18
0.972 2.4200000000000004 -5.570647981365933e-19
0.972 2.48 2.50479420443188e-19
0.972 2.5400000000000005 0.0
0.972 2.5999999999999996 0.0
0.972 2.66 0.0
0.972 2.7199999999999998 0.0
0.972 2.7800000000000002 0.0
0.972 2.84 0.0
0.972 2.9000000000000004 0.0
0.972 2.9599999999999995 0.0
0.972 3.02 0.0
0.972 3.0799999999999996 0.0
0.972 3.14 0.0
0.972 3.1999999999999997 0.0
0.972 3.2600000000000002 0.0
0.972 3.3200000000000003 0.0
0.972 3.38 0.0
0.972 3.4399999999999995 0.0
0.972 3.5 0.0
0.974 0.5 0.0
0.974 0.56 0.0
0.974 0.62 0.0
0.974 0.6799999999999999 0.0
0.974 0.74 0.0
0.974 0.8 0.0
0.974 0.86 0.0
0.974 0.92 0.0
0.974 0.98 0.0
0.974 1.04 0.0
0.974 1.1 8.623384617031405e-19
0.974 1.1600000000000001 -2.369692828363446e-18
0.974 1.22 -7.292703304080347e-18
0.974 1.28 -5.1370257790833103e-17
0.974 1.34 -1.5007888966683189e-16
0.974 1.4 -1.2207077823105955e-16
0.974 1.46 -9.64500860841316e-17
0.974 1.52 -7.870074701192609e-17
0.974 1.58 -1.2067681424831244e-16
0.974 1.6400000000000001 7.582404543845622e-17
0.974 1.7000000000000002 2.975982191370209e-16
0.974 1.76 2.030678481136061e-16
0.974 1.82 3.222174735357076e-17
0.974 1.8800000000000001 -3.4494170101446346e-15
0.974 1.94 -5.75994745804132e-16
0.974 2.0 2.3823148232801946e-15
0.974 2.06 4.621616279868712e-17
0.974 2.12 -1.5313620902268725e-16
0.974 2.18 -1.1997895347877497e-16
0.974 2.2399999999999998 7.966545916240899e-17
0.974 2.3000000000000003 5.095608194185534e-17
0.974 2.36 4.061509878948976e-18
0.974 2.4200000000000004 -6.646161089067287e-19
0.974 2.48 -3.7345957849230183e-20
0.974 2.5400000000000005 0.0
0.974 2.5999999999999996 0.0
0.974 2.66 0.0
0.974 2.7199999999999998 0.0
0.974 2.7800000000000002 0.0
0.974 2.84 0.0
0.974 2.9000000000000004 0.0
0.974 2.9599999999999995 0.0
0.974 3.02 0.0
0.974 3.0799999999999996 0.0
0.974 3.14 0.0
0.974 3.1999999999999997 0.0
0.974 3.2600000000000002 0.0
0.974 3.3200000000000003 0.0
0.974 3.38 0.0
0.974 3.4399999999999995 0.0
0.974 3.5 0.0
0.976 0.5 0.0
0.976 0.56 0.0
0.976 0.62 0.0
0.976 0.6799999999999999 0.0
0.976 0.74 0.0
0.976 0.8 0.0
0.976 0.86 0.0
0.976 0.92 0.0
0.976 0.98 0.0
0.976 1.04 0.0
0.976 1.1 -3.4876303039589684e-19
0.976 1.1600000000000001 1.2724169868011318e-18
0.976 1.22 4.529286548633556e-18
0.976 1.28 2.8948324751414756e-17
0.976 1.34 8.76202407324394e-17
0.976 1.4 6.499732196348436e-17
0.976 1.46 -2.0275139213586665e-16
0.976 1.52 -2.546465987859526e-16
0.976 1.58 -3.193345898984259e-16
0.976 1.6400000000000001 -2.5331129700027124e-16
0.976 1.7000000000000002 3.870674874523738e-16
0.976 1.76 1.0020032497556502e-16
0.976 1.82 1.1624974379880402e-15
0.976 1.8800000000000001 1.1510621558764689e-15
0.976 1.94 -4.87838420900776e-15
0.976 2.0 -1.8264944552943424e-15
0.976 2.06 -1.9747568995374486e-16
0.976 2.12 -5.2137937812080767e-17
0.976 2.18 -8.719717847734161e-16
0.976 2.2399999999999998 3.5977109979002093e-16
0.976 2.3000000000000003 1.0735608178903843e-16
0.976 2.36 7.448163337352425e-18
0.976 2.4200000000000004 1.968810087809295e-19
0.976 2.48 -3.504982161375593e-19
0.976 2.5400000000000005 0.0
0.976 2.5999999999999996 0.0
0.976 2.66 0.0
0.976 2.7199999999999998 0.0
0.976 2.7800000000000002 0.0
0.976 2.84 0.0
0.976 2.9000000000000004 0.0
0.976 2.9599999999999995 0.0
0.976 3.02 0.0
0.976 3.0799999999999996 0.0
0.976 3.14 0.0
0.976 3.1999999999999997 0.0
0.976 3.2600000000000002 0.0
0.976 3.3200000000000003 0.0
0.976 3.38 0.0
0.976 3.4399999999999995 0.0
0.976 3.5 0.0
0.978 0.5 0.0
0.978 0.56 0.0
0.978 0.62 0.0
0.978 0.6799999999999999 0.0
0.978 0.74 0.0
0.978 0.8 0.0
0.978 0.86 0.0
0.978 0.92 0.0
0.978 0.98 0.0
0.978 1.04 0.0
0.978 1.1 -6.52406424712225e-19
0.978 1.1600000000000001 3.275124946922268e-19
0.978 1.22 8.438486759649776e-16
0.978 1.28 -6.627073419106707e-15
0.978 1.34 2.0194707746498754e-15
0.978 1.4 -8.646850580692677e-15
0.978 1.46 4.202486340051498e-15
0.978 1.52 1.2287235611302247e-14
0.978 1.58 1.7681833248208598e-14
0.978 1.6400000000000001 2.293626948552676e-14
0.978 1.7000000000000002 1.5483708698959624e-14
0.978 1.76 1.1959684903218636e-14
0.978 1.82 1.7211703975018917e-14
0.978 1.8800000000000001 4.0285874933261164e-14
0.978 1.94 2.241243508641887e-14
0.978 2.0 1.2656425293308744e-14
0.978 2.06 3.281996288555777e-16
0.978 2.12 -3.4690376072094853e-14
0.978 2.18 -1.028523392562651e-14
0.978 2.2399999999999998 1.035833134005263e-15
0.978 2.3000000000000003 -1.0896860497611985e-16
0.978 2.36 -7.86724803852253e-18
0.978 2.4200000000000004 -8.194480481700147e-19
0.978 2.48 -4.712567020148873e-20
0.978 2.5400000000000005 0.0
0.978 2.5999999999999996 0.0
0.978 2.66 0.0
0.978 2.7199999999999998 0.0
0.978 2.7800000000000002 0.0
0.978 2.84 0.0
0.978 2.9000000000000004 0.0
0.978 2.9599999999999995 0.0
0.978 3.02 0.0
0.978 3.0799999999999996 0.0
0.978 3.14 0.0
0.978 3.1999999999999997 0.0
0.978 3.2600000000000002 0.0
0.978 3.3200000000000003 0.0
0.978 3.38 0.0
0.978 3.4399999999999995 0.0
0.978 3.5 0.0
0.98 0.5 0.0
0.98 0.56 0.0
0.98 0.62 0.0
0.98 0.6799999999999999 0.0
0.98 0.74 0.0
0.98 0.8 0.0
0.98 0.86 0.0
0.98 0.92 0.0
0.98 0.98 0.0
0.98 1.04 0.0
0.98 1.1 6.527031773464617e-16
0.98 1.1600000000000001 -2.9755527628614276e-15
0.98 1.22 6.237253709168344e-14
0.98 1.28 -6.429597957668648e-13
0.98 1.34 1.0626538679950423e-12
0.98 1.4 -6.181769119918084e-13
0.98 1.46 1.1954793623186253e-13
0.98 1.52 2.8880681610575565e-13
0.98 1.58 3.8012981922639546e-13
0.98 1.6400000000000001 1.600163142351289e-12
0.98 1.7000000000000002 2.689961706013782e-12
0.98 1.76 3.798672954089748e-12
0.98 1.82 5.71626133021965e-12
0.98 1.8800000000000001 1.0378844603654112e-11
0.98 1.94 4.88952046655783e-12
0.98 2.0 5.894279687016585e-12
0.98 2.06 2.152829853210862e-12
0.98 2.12 -4.8175213615266114e-12
0.98 2.18 -4.786780052396601e-13
0.98 2.2399999999999998 9.198908322919319e-14
0.98 2.3000000000000003 -1.820986983180592e-14
0.98 2.36 4.3513277144984405e-18
0.98 2.4200000000000004 6.834654018367136e-19
0.98 2.48 -2.7361470407171793e-19
0.98 2.5400000000000005 0.0
0.98 2.5999999999999996 0.0
0.98 2.66 0.0
0.98 2.7199999999999998 0.0
0.98 2.7800000000000002 0.0
0.98 2.84 0.0
0.98 2.9000000000000004 0.0
0.98 2.9599999999999995 0.0
0.98 3.02 0.0
0.98 3.0799999999999996 0.0
0.98 3.14 0.0
0.98 3.1999999999999997 0.0
0.98 3.2600000000000002 0.0
0.98 3.3200000000000003 0.0
0.98 3.38 0.0
0.98 3.4399999999999995 0.0
0.98 3.5 0.0
0.982 0.5 0.0
0.982 0.56 0.0
0.982 0.62 0.0
0.982 0.6799999999999999 0.0
0.982 0.74 0.0
0.982 0.8 0.0
0.982 0.86 0.0
0.982 0.92 0.0
0.982 0.98 0.0
0.982 1.04 0.0
0.982 1.1 -9.156496982563335e-14
0.982 1.1600000000000001 -1.4455493006168e-12
0.982 1.22 -1.7942062808911722e-10
0.982 1.28 9.69576128834815e-10
0.982 1.34 2.2629077285567456e-9
0.982 1.4 1.9834494780080407e-9
0.982 1.46 -1.7634192128502354e-10
0.982 1.52 -2.2478795083140262e-10
0.982 1.58 2.072088929861111e-11
0.982 1.6400000000000001 7.942159358365337e-12
0.982 1.7000000000000002 -2.130985571367542e-10
0.982 1.76 3.428321015782624e-10
0.982 1.82 5.988475812397726e-9
0.982 1.8800000000000001 1.8028864229539167e-8
0.982 1.94 1.1573778099513305e-8
0.982 2.0 5.846315772826566e-9
0.982 2.06 1.9752061176696673e-10
0.982 2.12 4.942947441603208e-10
0.982 2.18 2.0957378782485303e-10
0.982 2.2399999999999998 -1.552024785823604e-11
0.982 2.3000000000000003 1.3509285342729926e-10
0.982 2.36 -2.692151942067755e-15
0.982 2.4200000000000004 -9.979431163004577e-16
0.982 2.48 -2.2876525372590906e-16
0.982 2.5400000000000005 0.0
0.982 2.5999999999999996 0.0
0.982 2.66 0.0
0.982 2.7199999999999998 0.0
0.982 2.7800000000000002 0.0
0.982 2.84 0.0
0.982 2.9000000000000004 0.0
0.982 2.9599999999999995 0.0
0.982 3.02 0.0
0.982 3.0799999999999996 0.0
0.982 3.14 0.0
0.982 3.1999999999999997 0.0
0.982 3.2600000000000002 0.0
0.982 3.3200000000000003 0.0
0.982 3.38 0.0
0.982 3.4399999999999995 0.0
0.982 3.5 0.0
0.984 0.5 0.0
0.984 0.56 0.0
0.984 0.62 0.0
0.984 0.6799999999999999 0.0
0.984 0.74 0.0
0.984 0.8 0.0
0.984 0.86 0.0
0.984 0.92 0.0
0.984 0.98 0.0
0.984 1.04 0.0
0.984 1.1 -6.255810648411553e-11
0.984 1.1600000000000001 8.497862804320883e-10
0.984 1.22 -1.2261449524039671e-8
0.984 1.28 8.581774046093293e-8
0.984 1.34 5.6076639964765445e-8
0.984 1.4 1.571672099283835e-7
0.984 1.46 -6.13358545434386e-9
0.984 1.52 -3.500203013218169e-8
0.984 1.58 1.3886167668482792e-8
0.984 1.6400000000000001 1.758445285171042e-8
0.984 1.7000000000000002 7.875539758897097e-9
0.984 1.76 -1.3332661193469283e-10
0.984 1.82 1.1309710735022304e-7
0.984 1.8800000000000001 2.942441225633159e-7
0.984 1.94 1.039580064108385e-6
0.984 2.0 1.533228572861741e-6
0.984 2.06 1.5867275468132462e-7
0.984 2.12 2.9632291212960533e-7
0.984 2.18 -1.7906680157782376e-8
0.984 2.2399999999999998 -2.9971779454111005e-9
0.984 2.3000000000000003 4.729162017958053e-9
0.984 2.36 8.480961462784714e-13
0.984 2.4200000000000004 4.12567405784516e-13
0.984 2.48 1.032621824354298e-13
0.984 2.5400000000000005 0.0
0.984 2.5999999999999996 0.0
0.984 2.66 0.0
0.984 2.7199999999999998 0.0
0.984 2.7800000000000002 0.0
0.984 2.84 0.0
0.984 2.9000000000000004 0.0
0.984 2.9599999999999995 0.0
0.984 3.02 0.0
0.984 3.0799999999999996 0.0
0.984 3.14 0.0
0.984 3.1999999999999997 0.0
0.984 3.2600000000000002 0.0
0.984 3.3200000000000003 0.0
0.984 3.38 0.0
0.984 3.4399999999999995 0.0
0.984 3.5 0.0
0.986 0.5 0.0
0.986 0.56 0.0
0.986 0.62 0.0
0.986 0.6799999999999999 0.0
0.986 0.74 0.0
0.986 0.8 0.0
0.986 0.86 0.0
0.986 0.92 0.0
0.986 0.98 0.0
0.986 1.04 0.0
0.986 1.1 2.075472215093429e-10
0.986 1.1600000000000001 3.2665769917155607e-9
0.986 1.22 -2.619189911183556e-7
0.986 1.28 0.0002680803385527439
0.986 1.34 0.0007940745229423944
0.986 1.4 0.004655803202946831
0.986 1.46 -0.0015732742111264182
0.986 1.52 0.023918111517638053
0.986 1.58 -0.0018819462532187444
0.986 1.6400000000000001 0.016485048606447717
0.986 1.7000000000000002 0.046773067938504616
0.986 1.76 0.041767704991161295
0.986 1.82 0.3172354650917477
0.986 1.8800000000000001 0.3574526235314841
0.986 1.94 0.18902042810959574
0.986 2.0 0.26106575698104
0.986 2.06 0.19730679258563494
0.986 2.12 0.15191508742063142
0.986 2.18 0.11692231615209982
0.986 2.2399999999999998 0.07807850261564102
0.986 2.3000000000000003 0.054125377624357165
0.986 2.36 0.03314081136605208
0.986 2.4200000000000004 0.020745036918387826
0.986 2.48 4.721482630577117e-11
0.986 2.5400000000000005 0.0
0.986 2.5999999999999996 0.0
0.986 2.66 0.0
0.986 2.7199999999999998 0.0
0.986 2.7800000000000002 0.0
0.986 2.84 0.0
0.986 2.9000000000000004 0.0
0.986 2.9599999999999995 0.0
0.986 3.02 0.0
0.986 3.0799999999999996 0.0
0.986 3.14 0.0
0.986 3.1999999999999997 0.0
0.986 3.2600000000000002 0.0
0.986 3.3200000000000003 0.0
0.986 3.38 0.0
0.986 3.4399999999999995 0.0
0.986 3.5 0.0
0.988 0.5 0.0
0.988 0.56 0.0
0.988 0.62 0.0
0.988 0.6799999999999999 0.0
0.988 0.74 0.0
0.988 0.8 0.0
0.988 0.86 0.0
0.988 0.92 0.0
0.988 0.98 0.0
0.988 1.04 0.0
0.988 1.1 -2.15684959931705e-8
0.988 1.1600000000000001 4.271436277365303e-8
0.988 1.22 -2.1512954567387158e-7
0.988 1.28 0.00015943112951069476
0.988 1.34 0.0020473755181987475
0.988 1.4 0.00943523995817961
0.988 1.46 -0.006881173553417314
0.988 1.52 0.021308457997335356
0.988 1.58 0.03699097713455301
0.988 1.6400000000000001 0.07659921706131852
0.988 1.7000000000000002 -0.007339718789200203
0.988 1.76 0.006593799795262536
0.988 1.82 0.2866634708843808
0.988 1.8800000000000001 0.24121236299571192
0.988 1.94 0.8332906558244781
0.988 2.0 0.8548650522008234
0.988 2.06 0.501872018376958
0.988 2.12 0.19517284848705516
0.988 2.18 0.04744086086401274
0.988 2.2399999999999998 0.10542806735266463
0.988 2.3000000000000003 0.11275675273687687
0.988 2.36 0.09064292922021114
0.988 2.4200000000000004 0.06204686360196885
0.988 2.48 2.0781150156586943e-9
0.988 2.5400000000000005 0.0
0.988 2.5999999999999996 0.0
0.988 2.66 0.0
0.988 2.7199999999999998 0.0
0.988 2.7800000000000002 0.0
0.988 2.84 0.0
0.988 2.9000000000000004 0.0
0.988 2.9599999999999995 0.0
0.988 3.02 0.0
0.988 3.0799999999999996 0.0
0.988 3.14 0.0
0.988 3.1999999999999997 0.0
0.988 3.2600000000000002 0.0
0.988 3.3200000000000003 0.0
0.988 3.38 0.0
0.988 3.4399999999999995 0.0
0.988 3.5 0.0
0.99 0.5 0.0
0.99 0.56 0.0
0.99 0.62 0.0
0.99 0.6799999999999999 0.0
0.99 0.74 0.0
0.99 0.8 0.0
0.99 0.86 0.0
0.99 0.92 0.0
0.99 0.98 0.0
0.99 1.04 0.0
0.99 1.1 -1.2125319410633597e-6
0.99 1.1600000000000001 1.507230610222478e-5
0.99 1.22 -3.853416225371541e-5
0.99 1.28 0.0011872427111225604
0.99 1.34 0.004986380838745636
0.99 1.4 0.04325627606181967
0.99 1.46 0.04040786037698959
0.99 1.52 0.10751220316433892
0.99 1.58 0.02246888786356179
0.99 1.6400000000000001 0.1612948983682363
0.99 1.7000000000000002 0.4462750860188031
0.99 1.76 0.41070504007194303
0.99 1.82 3.2534666538141863
0.99 1.8800000000000001 2.385013630868567
0.99 1.94 1.8748139282729797
0.99 2.0 2.334575824002224
0.99 2.06 1.7651188682346333
0.99 2.12 1.1774962965120077
0.99 2.18 1.017676092226418
0.99 2.2399999999999998 0.7088366203483366
0.99 2.3000000000000003 0.4524734192091872
0.99 2.36 0.3062908819921689
0.99 2.4200000000000004 0.197056243865301
0.99 2.48 -1.3913803275755465e-8
0.99 2.5400000000000005 0.0
0.99 2.5999999999999996 0.0
0.99 2.66 0.0
0.99 2.7199999999999998 0.0
0.99 2.7800000000000002 0.0
0.99 2.84 0.0
0.99 2.9000000000000004 0.0
0.99 2.9599999999999995 0.0
0.99 3.02 0.0
0.99 3.0799999999999996 0.0
0.99 3.14 0.0
0.99 3.1999999999999997 0.0
0.99 3.2600000000000002 0.0
0.99 3.3200000000000003 0.0
0.99 3.38 0.0
0.99 3.4399999999999995 0.0
0.99 3.5 0.0
0.992 0.5 0.0
0.992 0.56 0.0
0.992 0.62 0.0
0.992 0.6799999999999999 0.0
0.992 0.74 0.0
0.992 0.8 0.0
0.992 0.86 0.0
0.992 0.92 0.0
0.992 0.98 0.0
0.992 1.04 0.0
0.992 1.1 2.2235280123845764e-5
0.992 1.1600000000000001 0.000334494198196758
0.992 1.22 -0.0025651806792841686
0.992 1.28 0.007429733984430314
0.992 1.34 -0.0028837913860828273
0.992 1.4 0.02858070567088543
0.992 1.46 0.10752551946225866
0.992 1.52 0.33271305165743864
0.992 1.58 0.5414582887479363
0.992 1.6400000000000001 0.2822614159830752
0.992 1.7000000000000002 0.20632427796157982
0.992 1.76 0.4228122137333252
0.992 1.82 2.7040393421132687
0.992 1.8800000000000001 3.365874932163399
0.992 1.94 5.137957451938136
0.992 2.0 4.398629099342531
0.992 2.06 3.0397646976307766
0.992 2.12 1.8217840733107682
0.992 2.18 0.9979535182965626
0.992 2.2399999999999998 0.7535765826831269
0.992 2.3000000000000003 0.49471646453645385
0.992 2.36 0.3462736763401451
0.992 2.4200000000000004 0.2728712256987006
0.992 2.48 -6.284432724124275e-7
0.992 2.5400000000000005 0.0
0.992 2.5999999999999996 0.0
0.992 2.66 0.0
0.992 2.7199999999999998 0.0
0.992 2.7800000000000002 0.0
0.992 2.84 0.0
0.992 2.9000000000000004 0.0
0.992 2.9599999999999995 0.0
0.992 3.02 0.0
0.992 3.0799999999999996 0.0
0.992 3.14 0.0
0.992 3.1999999999999997 0.0
0.992 3.2600000000000002 0.0
0.992 3.3200000000000003 0.0
0.992 3.38 0.0
0.992 3.4399999999999995 0.0
0.992 3.5 0.0
0.994 0.5 0.0
0.994 0.56 0.0
0.994 0.62 0.0
0.994 0.6799999999999999 0.0
0.994 0.74 0.0
0.994 0.8 0.0
0.994 0.86 0.0
0.994 0.92 0.0
0.994 0.98 0.0
0.994 1.04 0.0
0.994 1.1 2.517941469907704e-5
0.994 1.1600000000000001 -5.556392893255274e-5
0.994 1.22 0.0007128130349410949
0.994 1.28 0.03420247388294986
0.994 1.34 0.03479473842917513
0.994 1.4 0.07807221865856986
0.994 1.46 0.09736042920500323
0.994 1.52 2.0543794898102403
0.994 1.58 0.45472395979586894
0.994 1.6400000000000001 1.3398841055910382
0.994 1.7000000000000002 2.6394932033339416
0.994 1.76 3.0421008426079235
0.994 1.82 12.361873284998952
0.994 1.8800000000000001 9.077597910737046
0.994 1.94 3.5705510376136482
0.994 2.0 4.507849786679342
0.994 2.06 7.631935699322388
0.994 2.12 5.758040382886907
0.994 2.18 4.128385583766585
0.994 2.2399999999999998 2.3158303862454273
0.994 2.3000000000000003 1.053165009239236
0.994 2.36 0.6247715262519182
0.994 2.4200000000000004 0.4885783510903625
0.994 2.48 -4.492564716161609e-5
0.994 2.5400000000000005 0.0
0.994 2.5999999999999996 0.0
0.994 2.66 0.0
0.994 2.7199999999999998 0.0
0.994 2.7800000000000002 0.0
0.994 2.84 0.0
0.994 2.9000000000000004 0.0
0.994 2.9599999999999995 0.0
0.994 3.02 0.0
0.994 3.0799999999999996 0.0
0.994 3.14 0.0
0.994 3.1999999999999997 0.0
0.994 3.2600000000000002 0.0
0.994 3.3200000000000003 0.0
0.994 3.38 0.0
0.994 3.4399999999999995 0.0
0.994 3.5 0.0
0.996 0.5 0.0
0.996 0.56 0.0
0.996 0.62 0.0
0.996 0.6799999999999999 0.0
0.996 0.74 0.0
0.996 0.8 0.0
0.996 0.86 0.0
0.996 0.92 0.0
0.996 0.98 0.0
0.996 1.04 0.0
0.996 1.1 -4.643443105735562e-5
0.996 1.1600000000000001 -0.0010733649152168511
0.996 1.22 0.06644833906433108
0.996 1.28 -0.2145489409008769
0.996 1.34 0.18775892748004397
0.996 1.4 -0.08528577881213023
0.996 1.46 0.9311147221267668
0.996 1.52 2.850297564797321
0.996 1.58 3.1356888518265373
0.996 1.6400000000000001 6.311803053287669
0.996 1.7000000000000002 4.610119244888969
0.996 1.76 3.439141310009128
0.996 1.82 4.570523010727182
0.996 1.8800000000000001 13.615803800911495
0.996 1.94 15.832977544468866
0.996 2.0 10.595783727899889
0.996 2.06 5.829967922967265
0.996 2.12 3.1327929358210866
0.996 2.18 2.8724948841527684
0.996 2.2399999999999998 1.7700569513441116
0.996 2.3000000000000003 0.7361820132036304
0.996 2.36 0.4089477218021606
0.996 2.4200000000000004 0.32502959837872314
0.996 2.48 2.5129034617764346e-5
0.996 2.5400000000000005 0.0
0.996 2.5999999999999996 0.0
0.996 2.66 0.0
0.996 2.7199999999999998 0.0
0.996 2.7800000000000002 0.0
0.996 2.84 0.0
0.996 2.9000000000000004 0.0
0.996 2.9599999999999995 0.0
0.996 3.02 0.0
0.996 3.0799999999999996 0.0
0.996 3.14 0.0
0.996 3.1999999999999997 0.0
0.996 3.2600000000000002 0.0
0.996 3.3200000000000003 0.0
0.996 3.38 0.0
0.996 3.4399999999999995 0.0
0.996 3.5 0.0
0.998 0.5 0.0
0.998 0.56 0.0
0.998 0.62 0.0
0.998 0.6799999999999999 0.0
0.998 0.74 0.0
0.998 0.8 0.0
0.998 0.86 0.0
0.998 0.92 0.0
0.998 0.98 0.0
0.998 1.04 0.0
0.998 1.1 0.000397156742538376
0.998 1.1600000000000001 0.0005970516215090798
0.998 1.22 -0.08119000063821248
0.998 1.28 0.4961412647444993
0.998 1.34 2.4902072205753893
0.998 1.4 1.6592899328316155
0.998 1.46 1.146788172133687
0.998 1.52 2.869685060022398
0.998 1.58 3.8522793432532603
0.998 1.6400000000000001 4.681304548212997
0.998 1.7000000000000002 6.830287523259969
0.998 1.76 11.374589936325805
0.998 1.82 16.842840083967975
0.998 1.8800000000000001 29.003527783580278
0.998 1.94 20.161375331282127
0.998 2.0 16.211780487712954
0.998 2.06 7.974344207337215
0.998 2.12 1.0031177886140155
0.998 2.18 1.1327829704843055
0.998 2.2399999999999998 1.3299730995733838
0.998 2.3000000000000003 0.6270134463262561
0.998 2.36 0.2268820788114107
0.998 2.4200000000000004 0.13002734838378516
0.998 2.48 -0.0019680039808950343
0.998 2.5400000000000005 0.0
0.998 2.5999999999999996 0.0
0.998 2.66 0.0
0.998 2.7199999999999998 0.0
0.998 2.7800000000000002 0.0
0.998 2.84 0.0
0.998 2.9000000000000004 0.0
0.998 2.9599999999999995 0.0
0.998 3.02 0.0
0.998 3.0799999999999996 0.0
0.998 3.14 0.0
0.998 3.1999999999999997 0.0
0.998 3.2600000000000002 0.0
0.998 3.3200000000000003 0.0
0.998 3.38 0.0
0.998 3.4399999999999995 0.0
0.998 3.5 0.0
1.0 0.5 0.0
1.0 0.56 0.0
1.0 0.62 0.0
1.0 0.6799999999999999 0.0
1.0 0.74 0.0
1.0 0.8 0.0
1.0 0.86 0.0
1.0 0.92 0.0
1.0 0.98 0.0
1.0 1.04 0.0
1.0 1.1 0.00044886732006975616
1.0 1.1600000000000001 -0.003841833363831512
1.0 1.22 0.18812675003725748
1.0 1.28 -0.06810970665982423
1.0 1.34 0.677335829419127
1.0 1.4 0.699240673144354
1.0 1.46 3.5737671286421566
1.0 1.52 6.528110407524403
1.0 1.58 10.088062424671408
1.0 1.6400000000000001 15.755298515839025
1.0 1.7000000000000002 18.90968592832822
1.0 1.76 20.503479660182286
1.0 1.82 29.350320449655797
1.0 1.8800000000000001 33.03003865298944
1.0 1.94 41.34027009855716
1.0 2.0 47.47603517457187
1.0 2.06 21.234005114173595
1.0 2.12 6.207564055389392
1.0 2.18 5.664425079348996
1.0 2.2399999999999998 1.4060034136183834
1.0 2.3000000000000003 0.6349081981251185
1.0 2.36 0.31836441730546794
1.0 2.4200000000000004 0.23077684750250632
1.0 2.48 -0.0017898043667026592
1.0 2.5400000000000005 0.0
1.0 2.5999999999999996 0.0
1.0 2.66 0.0
1.0 2.7199999999999998 0.0
1.0 2.7800000000000002 0.0
1.0 2.84 0.0
1.0 2.9000000000000004 0.0
1.0 2.9599999999999995 0.0
1.0 3.02 0.0
1.0 3.0799999999999996 0.0
1.0 3.14 0.0
1.0 3.1999999999999997 0.0
1.0 3.2600000000000002 0.0
1.0 3.3200000000000003 0.0
1.0 3.38 0.0
1.0 3.4399999999999995 0.0
1.0 3.5 0.0
1.002 0.5 0.0
1.002 0.56 0.0
1.002 0.62 0.0
1.002 0.6799999999999999 0.0
1.002 0.74 0.0
1.002 0.8 0.0
1.002 0.86 0.0
1.002 0.92 0.0
1.002 0.98 0.0
1.002 1.04 0.0
1.002 1.1 0.0010011030563941662
1.002 1.1600000000000001 0.0060777220057841195
1.002 1.22 -0.019640575116330904
1.002 1.28 0.7189414553387612
1.002 1.34 2.607058202013074
1.002 1.4 3.3121853124704517
1.002 1.46 3.548643613776039
1.002 1.52 17.576728847853666
1.002 1.58 10.33249121643896
1.002 1.6400000000000001 28.09142592928301
1.002 1.7000000000000002 27.42059852214736
1.002 1.76 35.15937748124901
1.002 1.82 57.14225162925669
1.002 1.8800000000000001 100.12399614260403
1.002 1.94 107.108364114774
1.002 2.0 76.53374243140446
1.002 2.06 47.67367905675571
1.002 2.12 28.54822037885078
1.002 2.18 10.969758448016004
1.002 2.2399999999999998 -0.3083134985332776
1.002 2.3000000000000003 -0.09817931607480679
1.002 2.36 0.4426226370711667
1.002 2.4200000000000004 0.45507200948932996
1.002 2.48 -0.0012987495192974803
1.002 2.5400000000000005 0.0
1.002 2.5999999999999996 0.0
1.002 2.66 0.0
1.002 2.7199999999999998 0.0
1.002 2.7800000000000002 0.0
1.002 2.84 0.0
1.002 2.9000000000000004 0.0
1.002 2.9599999999999995 0.0
1.002 3.02 0.0
1.002 3.0799999999999996 0.0
1.002 3.14 0.0
1.002 3.1999999999999997 0.0
1.002 3.2600000000000002 0.0
1.002 3.3200000000000003 0.0
1.002 3.38 0.0
1.002 3.4399999999999995 0.0
1.002 3.5 0.0
1.004 0.5 0.0
1.004 0.56 0.0
1.004 0.62 0.0
1.004 0.6799999999999999 0.0
1.004 0.74 0.0
1.004 0.8 0.0
1.004 0.86 0.0
1.004 0.92 0.0
1.004 0.98 0.0
1.004 1.04 0.0
1.004 1.1 0.0012765523746636408
1.004 1.1600000000000001 0.006151412479911576
1.004 1.22 0.08112992256198
1.004 1.28 -0.5078355257612535
1.004 1.34 2.1453168685932753
1.004 1.4 1.5466843629053515
1.004 1.46 5.030136669980421
1.004 1.52 12.44086756571104
1.004 1.58 15.177468899881445
1.004 1.6400000000000001 43.48383215080416
1.004 1.7000000000000002 66.45515826594271
1.004 1.76 77.14798957288664
1.004 1.82 79.57097925859546
1.004 1.8800000000000001 80.56925716962895
1.004 1.94 112.16644297702058
1.004 2.0 138.1982180442016
1.004 2.06 90.78742531802807
1.004 2.12 29.17230225922567
1.004 2.18 13.530947656776311
1.004 2.2399999999999998 5.101028636467727
1.004 2.3000000000000003 2.683931572835758
1.004 2.36 0.9273101756068345
1.004 2.4200000000000004 0.3852236493970549
1.004 2.48 -0.008127496606378234
1.004 2.5400000000000005 0.0
1.004 2.5999999999999996 0.0
1.004 2.66 0.0
1.004 2.7199999999999998 0.0
1.004 2.7800000000000002 0.0
1.004 2.84 0.0
1.004 2.9000000000000004 0.0
1.004 2.9599999999999995 0.0
1.004 3.02 0.0
1.004 3.0799999999999996 0.0
1.004 3.14 0.0
1.004 3.1999999999999997 0.0
1.004 3.2600000000000002 0.0
1.004 3.3200000000000003 0.0
1.004 3.38 0.0
1.004 3.4399999999999995 0.0
1.004 3.5 0.0
1.006 0.5 0.0
1.006 0.56 0.0
1.006 0.62 0.0
1.006 0.6799999999999999 0.0
1.006 0.74 0.0
1.006 0.8 0.0
1.006 0.86 0.0
1.006 0.92 0.0
1.006 0.98 0.0
1.006 1.04 0.0
1.006 1.1 0.0017152280371425849
1.006 1.1600000000000001 0.012762683095461073
1.006 1.22 0.16618258199271135
1.006 1.28 0.5467843063390729
1.006 1.34 1.5498331430639294
1.006 1.4 3.938136856514198
1.006 1.46 7.233095114956807
1.006 1.52 18.058771891661205
1.006 1.58 18.19411182324558
1.006 1.6400000000000001 50.15512819688988
1.006 1.7000000000000002 58.28882194598385
1.006 1.76 69.49727148280355
1.006 1.82 90.40062881689312
1.006 1.8800000000000001 96.09440081790163
1.006 1.94 120.13489555116296
1.006 2.0 117.25306296277138
1.006 2.06 82.55855848194632
1.006 2.12 44.0708814522368
1.006 2.18 22.375679161979917
1.006 2.2399999999999998 4.244261811012107
1.006 2.3000000000000003 0.9373485477607295
1.006 2.36 0.22677409912830504
1.006 2.4200000000000004 0.15248951493781213
1.006 2.48 -0.006392378151741641
1.006 2.5400000000000005 0.0
1.006 2.5999999999999996 0.0
1.006 2.66 0.0
1.006 2.7199999999999998 0.0
1.006 2.7800000000000002 0.0
1.006 2.84 0.0
1.006 2.9000000000000004 0.0
1.006 2.9599999999999995 0.0
1.006 3.02 0.0
1.006 3.0799999999999996 0.0
1.006 3.14 0.0
1.006 3.1999999999999997 0.0
1.006 3.2600000000000002 0.0
1.006 3.3200000000000003 0.0
1.006 3.38 0.0
1.006 3.4399999999999995 0.0
1.006 3.5 0.0
1.008 0.5 0.0
1.008 0.56 0.0
1.008 0.62 0.0
1.008 0.6799999999999999 0.0
1.008 0.74 0.0
1.008 0.8 0.0
1.008 0.86 0.0
1.008 0.92 0.0
1.008 0.98 0.0
1.008 1.04 0.0
1.008 1.1 3.6440639115778634e-5
1.008 1.1600000000000001 0.023872324416275854
1.008 1.22 -0.003162024180038151
1.008 1.28 0.7515651269130029
1.008 1.34 2.75180988169888
1.008 1.4 4.150393164691123
1.008 1.46 7.6040019517907265
1.008 1.52 25.626397857656954
1.008 1.58 22.0308824878882
1.008 1.6400000000000001 56.24056639798039
1.008 1.7000000000000002 68.50568127193287
1.008 1.76 92.14701530528858
1.008 1.82 118.09030878649718
1.008 1.8800000000000001 114.12662372871013
1.008 1.94 130.59410417258013
1.008 2.0 141.03184997192696
1.008 2.06 114.44772928926398
1.008 2.12 67.61404262566333
1.008 2.18 28.938625578390564
1.008 2.2399999999999998 6.553053930439254
1.008 2.3000000000000003 1.6531097036993279
1.008 2.36 0.30684363464242487
1.008 2.4200000000000004 0.1085249356690699
1.008 2.48 -0.02616137004096667
1.008 2.5400000000000005 0.0
1.008 2.5999999999999996 0.0
1.008 2.66 0.0
1.008 2.7199999999999998 0.0
1.008 2.7800000000000002 0.0
1.008 2.84 0.0
1.008 2.9000000000000004 0.0
1.008 2.9599999999999995 0.0
1.008 3.02 0.0
1.008 3.0799999999999996 0.0
1.008 3.14 0.0
1.008 3.1999999999999997 0.0
1.008 3.2600000000000002 0.0
1.008 3.3200000000000003 0.0
1.008 3.38 0.0
1.008 3.4399999999999995 0.0
1.008 3.5 0.0
1.01 0.5 0.0
1.01 0.56 0.0
1.01 0.62 0.0
1.01 0.6799999999999999 0.0
1.01 0.74 0.0
1.01 0.8 0.0
1.01 0.86 0.0
1.01 0.92 0.0
1.01 0.98 0.0
1.01 1.04 0.0
1.01 1.1 0.0013896740580401454
1.01 1.1600000000000001 0.013282648255872487
1.01 1.22 0.1925897927350651
1.01 1.28 1.1251911952650595
1.01 1.34 1.5707474520967388
1.01 1.4 9.098207072323806
1.01 1.46 11.011571999400221
1.01 1.52 17.808208933049034
1.01 1.58 23.749291552598223
1.01 1.6400000000000001 67.2616912615291
1.01 1.7000000000000002 84.31237823262259
1.01 1.76 97.52868613668446
1.01 1.82 111.72543153886257
1.01 1.8800000000000001 110.2947156190722
1.01 1.94 132.42315409823996
1.01 2.0 139.364765017772
1.01 2.06 112.54269433162436
1.01 2.12 67.39058046304436
1.01 2.18 33.64011741475203
1.01 2.2399999999999998 11.722514179887726
1.01 2.3000000000000003 3.588601947867101
1.01 2.36 0.8311871530344886
1.01 2.4200000000000004 0.22662010611103478
1.01 2.48 -0.007914569284342253
1.01 2.5400000000000005 0.0
1.01 2.5999999999999996 0.0
1.01 2.66 0.0
1.01 2.7199999999999998 0.0
1.01 2.7800000000000002 0.0
1.01 2.84 0.0
1.01 2.9000000000000004 0.0
1.01 2.9599999999999995 0.0
1.01 3.02 0.0
1.01 3.0799999999999996 0.0
1.01 3.14 0.0
1.01 3.1999999999999997 0.0
1.01 3.2600000000000002 0.0
1.01 3.3200000000000003 0.0
1.01 3.38 0.0
1.01 3.4399999999999995 0.0
1.01 3.5 0.0
1.012 0.5 0.0
1.012 0.56 0.0
1.012 0.62 0.0
1.012 0.6799999999999999 0.0
1.012 0.74 0.0
1.012 0.8 0.0
1.012 0.86 0.0
1.012 0.92 0.0
1.012 0.98 0.0
1.012 1.04 0.0
1.012 1.1 -0.0007517865843242813
1.012 1.1600000000000001 0.026029710604364605
1.012 1.22 0.07056984182096261
1.012 1.28 0.5703871185792131
1.012 1.34 2.5683328846372073
1.012 1.4 3.0089045696086827
1.012 1.46 11.874065379942257
1.012 1.52 30.76936300364308
1.012 1.58 27.68447136723214
1.012 1.6400000000000001 39.53722562334828
1.012 1.7000000000000002 55.53092120009949
1.012 1.76 85.91575049064028
1.012 1.82 115.72168064476197
1.012 1.8800000000000001 95.61633882723119
1.012 1.94 107.35497082779166
1.012 2.0 106.80046766870002
1.012 2.06 91.10834162910696
1.012 2.12 64.51137095345429
1.012 2.18 35.175698442904796
1.012 2.2399999999999998 12.747955821836332
1.012 2.3000000000000003 4.4853058841876665
1.012 2.36 0.9408251921281586
1.012 2.4200000000000004 0.14487777511762703
1.012 2.48 0.00789367075227247
1.012 2.5400000000000005 0.0
1.012 2.5999999999999996 0.0
1.012 2.66 0.0
1.012 2.7199999999999998 0.0
1.012 2.7800000000000002 0.0
1.012 2.84 0.0
1.012 2.9000000000000004 0.0
1.012 2.9599999999999995 0.0
1.012 3.02 0.0
1.012 3.0799999999999996 0.0
1.012 3.14 0.0
1.012 3.1999999999999997 0.0
1.012 3.2600000000000002 0.0
1.012 3.3200000000000003 0.0
1.012 3.38 0.0
1.012 3.4399999999999995 0.0
1.012 3.5 0.0
1.014 0.5 0.0
1.014 0.56 0.0
1.014 0.62 0.0
1.014 0.6799999999999999 0.0
1.014 0.74 0.0
1.014 0.8 0.0
1.014 0.86 0.0
1.014 0.92 0.0
1.014 0.98 0.0
1.014 1.04 0.0
1.014 1.1 0.003488427405288482
1.014 1.1600000000000001 0.022285193567479506
1.014 1.22 0.09785317881488165
1.014 1.28 1.8731455339794607
1.014 1.34 0.18750881699974103
1.014 1.4 9.55121604959009
1.014 1.46 7.6378820010151065
1.014 1.52 14.653040691002365
1.014 1.58 23.56407231818167
1.014 1.6400000000000001 75.26367932483264
1.014 1.7000000000000002 84.63918904631657
1.014 1.76 90.73711949057021
1.014 1.82 87.5444315825382
1.014 1.8800000000000001 90.99544912013842
1.014 1.94 105.78544424720475
1.014 2.0 93.91923285223896
1.014 2.06 80.5615628137388
1.014 2.12 74.67182704743675
1.014 2.18 40.467648523356644
1.014 2.2399999999999998 14.127099813715635
1.014 2.3000000000000003 3.533814537122154
1.014 2.36 0.8624828129949437
1.014 2.4200000000000004 0.2055183602525206
1.014 2.48 0.014339379047412844
1.014 2.5400000000000005 0.0
1.014 2.5999999999999996 0.0
1.014 2.66 0.0
1.014 2.7199999999999998 0.0
1.014 2.7800000000000002 0.0
1.014 2.84 0.0
1.014 2.9000000000000004 0.0
1.014 2.9599999999999995 0.0
1.014 3.02 0.0
1.014 3.0799999999999996 0.0
1.014 3.14 0.0
1.014 3.1999999999999997 0.0
1.014 3.2600000000000002 0.0
1.014 3.3200000000000003 0.0
1.014 3.38 0.0
1.014 3.4399999999999995 0.0
1.014 3.5 0.0
1.016 0.5 0.0
1.016 0.56 0.0
1.016 0.62 0.0
1.016 0.6799999999999999 0.0
1.016 0.74 0.0
1.016 0.8 0.0
1.016 0.86 0.0
1.016 0.92 0.0
1.016 0.98 0.0
1.016 1.04 0.0
1.016 1.1 -0.0008952566452817791
1.016 1.1600000000000001 0.008229315576620095
1.016 1.22 0.05561785529385368
1.016 1.28 0.3368341144293664
1.016 1.34 1.846330689660744
1.016 1.4 1.0106304148261733
1.016 1.46 10.147284408965026
1.016 1.52 19.38171621344671
1.016 1.58 24.817219616442262
1.016 1.6400000000000001 26.74446453486203
1.016 1.7000000000000002 38.550851987171136
1.016 1.76 53.56734365299046
1.016 1.82 63.10841795886986
1.016 1.8800000000000001 57.991083747613175
1.016 1.94 68.88890496941282
1.016 2.0 70.42524529903206
1.016 2.06 71.09997687293945
1.016 2.12 48.67222368919191
1.016 2.18 29.10955438105968
1.016 2.2399999999999998 14.677624768623414
1.016 2.3000000000000003 6.231673775440403
1.016 2.36 1.7545017059974042
1.016 2.4200000000000004 0.3729855014976809
1.016 2.48 0.07767477946012244
1.016 2.5400000000000005 0.0
1.016 2.5999999999999996 0.0
1.016 2.66 0.0
1.016 2.7199999999999998 0.0
1.016 2.7800000000000002 0.0
1.016 2.84 0.0
1.016 2.9000000000000004 0.0
1.016 2.9599999999999995 0.0
1.016 3.02 0.0
1.016 3.0799999999999996 0.0
1.016 3.14 0.0
1.016 3.1999999999999997 0.0
1.016 3.2600000000000002 0.0
1.016 3.3200000000000003 0.0
1.016 3.38 0.0
1.016 3.4399999999999995 0.0
1.016 3.5 0.0
1.018 0.5 0.0
1.018 0.56 0.0
1.018 0.62 0.0
1.018 0.6799999999999999 0.0
1.018 0.74 0.0
1.018 0.8 0.0
1.018 0.86 0.0
1.018 0.92 0.0
1.018 0.98 0.0
1.018 1.04 0.0
1.018 1.1 0.0003740281647999924
1.018 1.1600000000000001 0.004185241606096786
1.018 1.22 0.21147839463811954
1.018 1.28 0.43452343601910437
1.018 1.34 0.04870683726693153
1.018 1.4 2.3891208200454597
1.018 1.46 6.410052197122338
1.018 1.52 17.506569266601403
1.018 1.58 20.559007589749115
1.018 1.6400000000000001 37.292009910297004
1.018 1.7000000000000002 29.907601185495842
1.018 1.76 39.437111442161275
1.018 1.82 45.46433397416631
1.018 1.8800000000000001 60.64499104667692
1.018 1.94 61.37265090618916
1.018 2.0 57.716235027959414
1.018 2.06 41.26650547434316
1.018 2.12 38.07522288385178
1.018 2.18 26.76192694377147
1.018 2.2399999999999998 13.128075850134929
1.018 2.3000000000000003 4.875661105818106
1.018 2.36 1.0796202748707482
1.018 2.4200000000000004 0.22487678663151706
1.018 2.48 0.05042682356011621
1.018 2.5400000000000005 0.0
1.018 2.5999999999999996 0.0
1.018 2.66 0.0
1.018 2.7199999999999998 0.0
1.018 2.7800000000000002 0.0
1.018 2.84 0.0
1.018 2.9000000000000004 0.0
1.018 2.9599999999999995 0.0
1.018 3.02 0.0
1.018 3.0799999999999996 0.0
1.018 3.14 0.0
1.018 3.1999999999999997 0.0
1.018 3.2600000000000002 0.0
1.018 3.3200000000000003 0.0
1.018 3.38 0.0
1.018 3.4399999999999995 0.0
1.018 3.5 0.0
1.02 0.5 0.0
1.02 0.56 0.0
1.02 0.62 0.0
1.02 0.6799999999999999 0.0
1.02 0.74 0.0
1.02 0.8 0.0
1.02 0.86 0.0
1.02 0.92 0.0
1.02 0.98 0.0
1.02 1.04 0.0
1.02 1.1 0.0001573335669780078
1.02 1.1600000000000001 0.01745443867241909
1.02 1.22 -0.1437795411847495
1.02 1.28 0.43669857646493276
1.02 1.34 0.2712568294075385
1.02 1.4 3.528128756653419
1.02 1.46 4.50740998490434
1.02 1.52 8.861233357462133
1.02 1.58 17.20219731894606
1.02 1.6400000000000001 13.504712405440957
1.02 1.7000000000000002 28.197275545065096
1.02 1.76 46.848036048172084
1.02 1.82 43.3340961413425
1.02 1.8800000000000001 26.76121353143091
1.02 1.94 34.154596971090236
1.02 2.0 31.488939604759786
1.02 2.06 38.44640583584534
1.02 2.12 29.796746393661106
1.02 2.18 17.045530394377735
1.02 2.2399999999999998 10.534007326232485
1.02 2.3000000000000003 4.5129830876044865
1.02 2.36 1.4730310247909102
1.02 2.4200000000000004 0.4421326390940375
1.02 2.48 0.09598144563541014
1.02 2.5400000000000005 0.0
1.02 2.5999999999999996 0.0
1.02 2.66 0.0
1.02 2.7199999999999998 0.0
1.02 2.7800000000000002 0.0
1.02 2.84 0.0
1.02 2.9000000000000004 0.0
1.02 2.9599999999999995 0.0
1.02 3.02 0.0
1.02 3.0799999999999996 0.0
1.02 3.14 0.0
1.02 3.1999999999999997 0.0
1.02 3.2600000000000002 0.0
1.02 3.3200000000000003 0.0
1.02 3.38 0.0
1.02 3.4399999999999995 0.0
1.02 3.5 0.0
1.022 0.5 0.0
1.022 0.56 0.0
1.022 0.62 0.0
1.022 0.6799999999999999 0.0
1.022 0.74 0.0
1.022 0.8 0.0
1.022 0.86 0.0
1.022 0.92 0.0
1.022 0.98 0.0
1.022 1.04 0.0
1.022 1.1 0.0003391763669835398
1.022 1.1600000000000001 0.0017493784208979862
1.022 1.22 -0.030907985861627515
1.022 1.28 0.07755290226744606
1.022 1.34 0.3234937884975808
1.022 1.4 1.2763992203581598
1.022 1.46 3.1605928520918587
1.022 1.52 9.1797767432416
1.022 1.58 8.669160439351291
1.022 1.6400000000000001 14.267076544253143
1.022 1.7000000000000002 12.867029903032464
1.022 1.76 18.26087094639878
1.022 1.82 20.156015976078695
1.022 1.8800000000000001 22.524706320079417
1.022 1.94 18.480532088812275
1.022 2.0 20.545498360394813
1.022 2.06 15.97902252540246
1.022 2.12 18.525600109341987
1.022 2.18 11.675248959623632
1.022 2.2399999999999998 6.9555762367637115
1.022 2.3000000000000003 2.994991744339862
1.022 2.36 0.7890651170369822
1.022 2.4200000000000004 0.16470696922936198
1.022 2.48 0.04171874480844005
1.022 2.5400000000000005 0.0
1.022 2.5999999999999996 0.0
1.022 2.66 0.0
1.022 2.7199999999999998 0.0
1.022 2.7800000000000002 0.0
1.022 2.84 0.0
1.022 2.9000000000000004 0.0
1.022 2.9599999999999995 0.0
1.022 3.02 0.0
1.022 3.0799999999999996 0.0
1.022 3.14 0.0
1.022 3.1999999999999997 0.0
1.022 3.2600000000000002 0.0
1.022 3.3200000000000003 0.0
1.022 3.38 0.0
1.022 3.4399999999999995 0.0
1.022 3.5 0.0
1.024 0.5 0.0
1.024 0.56 0.0
1.024 0.62 0.0
1.024 0.6799999999999999 0.0
1.024 0.74 0.0
1.024 0.8 0.0
1.024 0.86 0.0
1.024 0.92 0.0
1.024 0.98 0.0
1.024 1.04 0.0
1.024 1.1 -1.6720131411277296e-5
1.024 1.1600000000000001 0.0011894216133082965
1.024 1.22 -0.01035791374472397
1.024 1.28 0.009863988861711484
1.024 1.34 0.2491963572123292
1.024 1.4 0.25862713938028914
1.024 1.46 1.0023367524493438
1.024 1.52 2.963307478653892
1.024 1.58 2.73504628436837
1.024 1.6400000000000001 3.430193997995932
1.024 1.7000000000000002 9.229252933238946
1.024 1.76 5.7426406982570235
1.024 1.82 5.801399358882969
1.024 1.8800000000000001 4.096593256901013
1.024 1.94 9.134493903997186
1.024 2.0 9.346539508394905
1.024 2.06 5.561326482136655
1.024 2.12 2.3446856697560032
1.024 2.18 2.95559050106572
1.024 2.2399999999999998 2.3215491686045397
1.024 2.3000000000000003 1.1114595089615722
1.024 2.36 0.34157637232837007
1.024 2.4200000000000004 0.13160340330430617
1.024 2.48 0.03067326334114287
1.024 2.5400000000000005 0.0
1.024 2.5999999999999996 0.0
1.024 2.66 0.0
1.024 2.7199999999999998 0.0
1.024 2.7800000000000002 0.0
1.024 2.84 0.0
1.024 2.9000000000000004 0.0
1.024 2.9599999999999995 0.0
1.024 3.02 0.0
1.024 3.0799999999999996 0.0
1.024 3.14 0.0
1.024 3.1999999999999997 0.0
1.024 3.2600000000000002 0.0
1.024 3.3200000000000003 0.0
1.024 3.38 0.0
1.024 3.4399999999999995 0.0
1.024 3.5 0.0
1.026 0.5 0.0
1.026 0.56 0.0
1.026 0.62 0.0
1.026 0.6799999999999999 0.0
1.026 0.74 0.0
1.026 0.8 0.0
1.026 0.86 0.0
1.026 0.92 0.0
1.026 0.98 0.0
1.026 1.04 0.0
1.026 1.1 1.821609097397133e-5
1.026 1.1600000000000001 -3.224960310815684e-5
1.026 1.22 -0.021350370548790576
1.026 1.28 -0.0060000787000095875
1.026 1.34 0.06749528076612712
1.026 1.4 0.1828340541179568
1.026 1.46 0.687361656600951
1.026 1.52 0.6641972539856675
1.026 1.58 0.8205800542338925
1.026 1.6400000000000001 1.309471001485317
1.026 1.7000000000000002 0.16771303670500204
1.026 1.76 6.271855804029976
1.026 1.82 6.137942236266593
1.026 1.8800000000000001 0.7821415447807166
1.026 1.94 2.1647538690366934
1.026 2.0 1.4620618123469464
1.026 2.06 0.4355232496213267
1.026 2.12 1.6110219066219358
1.026 2.18 0.48196092253465717
1.026 2.2399999999999998 0.3603374554824561
1.026 2.3000000000000003 0.11152189923446278
1.026 2.36 0.015452654478469326
1.026 2.4200000000000004 -0.0004868776089695494
1.026 2.48 0.0016834403745475228
1.026 2.5400000000000005 0.0
1.026 2.5999999999999996 0.0
1.026 2.66 0.0
1.026 2.7199999999999998 0.0
1.026 2.7800000000000002 0.0
1.026 2.84 0.0
1.026 2.9000000000000004 0.0
1.026 2.9599999999999995 0.0
1.026 3.02 0.0
1.026 3.0799999999999996 0.0
1.026 3.14 0.0
1.026 3.1999999999999997 0.0
1.026 3.2600000000000002 0.0
1.026 3.3200000000000003 0.0
1.026 3.38 0.0
1.026 3.4399999999999995 0.0
1.026 3.5 0.0
1.028 0.5 0.0
1.028 0.56 0.0
1.028 0.62 0.0
1.028 0.6799999999999999 0.0
1.028 0.74 0.0
1.028 0.8 0.0
1.028 0.86 0.0
1.028 0.92 0.0
1.028 0.98 0.0
1.028 1.04 0.0
1.028 1.1 -9.185786285561173e-7
1.028 1.1600000000000001 4.7107082565452727e-5
1.028 1.22 -0.00012605317931194972
1.028 1.28 -0.0003185964289829133
1.028 1.34 0.0021004089571071993
1.028 1.4 0.02018984090145582
1.028 1.46 0.009604959552965605
1.028 1.52 -0.2158412033467092
1.028 1.58 0.04944325928945416
1.028 1.6400000000000001 0.12943487477184018
1.028 1.7000000000000002 0.7184173202406028
1.028 1.76 1.3105043245769137
1.028 1.82 1.5143645738976936
1.028 1.8800000000000001 0.0639708358104335
1.028 1.94 0.4616247727088623
1.028 2.0 0.17072384316328554
1.028 2.06 0.006715937087724213
1.028 2.12 -0.07693153705329679
1.028 2.18 0.010618708160031166
1.028 2.2399999999999998 0.031159910170895186
1.028 2.3000000000000003 0.018740665703440882
1.028 2.36 0.007596040631859605
1.028 2.4200000000000004 0.0023158928023400333
1.028 2.48 6.702779786866391e-5
1.028 2.5400000000000005 0.0
1.028 2.5999999999999996 0.0
1.028 2.66 0.0
1.028 2.7199999999999998 0.0
1.028 2.7800000000000002 0.0
1.028 2.84 0.0
1.028 2.9000000000000004 0.0
1.028 2.9599999999999995 0.0
1.028 3.02 0.0
1.028 3.0799999999999996 0.0
1.028 3.14 0.0
1.028 3.1999999999999997 0.0
1.028 3.2600000000000002 0.0
1.028 3.3200000000000003 0.0
1.028 3.38 0.0
1.028 3.4399999999999995 0.0
1.028 3.5 0.0
1.03 0.5 0.0
1.03 0.56 0.0
1.03 0.62 0.0
1.03 0.6799999999999999 0.0
1.03 0.74 0.0
1.03 0.8 0.0
1.03 0.86 0.0
1.03 0.92 0.0
1.03 0.98 0.0
1.03 1.04 0.0
1.03 1.1 4.776608919016009e-8
1.03 1.1600000000000001 -4.998448601579376e-6
1.03 1.22 5.994575529958008e-7
1.03 1.28 7.439854343878619e-5
1.03 1.34 -9.426508538069402e-5
1.03 1.4 0.0004052095946969213
1.03 1.46 0.0006558408353203827
1.03 1.52 0.018630354200106922
1.03 1.58 0.0010411191915998736
1.03 1.6400000000000001 0.07100053729468751
1.03 1.7000000000000002 0.030297759723102224
1.03 1.76 0.11052612666269036
1.03 1.82 0.07858188912479275
1.03 1.8800000000000001 0.006230478357931851
1.03 1.94 0.055133388709851426
1.03 2.0 0.04317142685008742
1.03 2.06 0.014248561499213892
1.03 2.12 0.030717259023286828
1.03 2.18 0.025401645276202898
1.03 2.2399999999999998 0.008464563642131896
1.03 2.3000000000000003 -0.00036662792995996717
1.03 2.36 -0.0005970315241284832
1.03 2.4200000000000004 -0.00018976982086852192
1.03 2.48 3.126042191587401e-7
1.03 2.5400000000000005 0.0
1.03 2.5999999999999996 0.0
1.03 2.66 0.0
1.03 2.7199999999999998 0.0
1.03 2.7800000000000002 0.0
1.03 2.84 0.0
1.03 2.9000000000000004 0.0
1.03 2.9599999999999995 0.0
1.03 3.02 0.0
1.03 3.0799999999999996 0.0
1.03 3.14 0.0
1.03 3.1999999999999997 0.0
1.03 3.2600000000000002 0.0
1.03 3.3200000000000003 0.0
1.03 3.38 0.0
1.03 3.4399999999999995 0.0
1.03 3.5 0.0
1.032 0.5 0.0
1.032 0.56 0.0
1.032 0.62 0.0
1.032 0.6799999999999999 0.0
1.032 0.74 0.0
1.032 0.8 0.0
1.032 0.86 0.0
1.032 0.92 0.0
1.032 0.98 0.0
1.032 1.04 0.0
1.032 1.1 -6.082454214243137e-10
1.032 1.1600000000000001 9.140314436032316e-8
1.032 1.22 -3.031712831845173e-7
1.032 1.28 -4.727805251307755e-6
1.032 1.34 -1.0168511302287466e-5
1.032 1.4 -2.5557824615266834e-5
1.032 1.46 -0.00010267578239255576
1.032 1.52 0.014075945045996931
1.032 1.58 0.0006917395585796873
1.032 1.6400000000000001 0.0016582397862132895
1.032 1.7000000000000002 -0.006459127670430048
1.032 1.76 0.14701180886545337
1.032 1.82 0.15704027321844768
1.032 1.8800000000000001 0.0025936043518244257
1.032 1.94 0.004081894501131641
1.032 2.0 0.07177360712866396
1.032 2.06 0.005087219564618996
1.032 2.12 0.02020081600387494
1.032 2.18 0.031906001771685136
1.032 2.2399999999999998 0.018979875144508367
1.032 2.3000000000000003 0.00024260684756523534
1.032 2.36 -0.0004656962450730298
1.032 2.4200000000000004 -0.00019352239558556513
1.032 2.48 -1.954073237115969e-8
1.032 2.5400000000000005 0.0
1.032 2.5999999999999996 0.0
1.032 2.66 0.0
1.032 2.7199999999999998 0.0
1.032 2.7800000000000002 0.0
1.032 2.84 0.0
1.032 2.9000000000000004 0.0
1.032 2.9599999999999995 0.0
1.032 3.02 0.0
1.032 3.0799999999999996 0.0
1.032 3.14 0.0
1.032 3.1999999999999997 0.0
1.032 3.2600000000000002 0.0
1.032 3.3200000000000003 0.0
1.032 3.38 0.0
1.032 3.4399999999999995 0.0
1.032 3.5 0.0
1.034 0.5 0.0
1.034 0.56 0.0
1.034 0.62 0.0
1.034 0.6799999999999999 0.0
1.034 0.74 0.0
1.034 0.8 0.0
1.034 0.86 0.0
1.034 0.92 0.0
1.034 0.98 0.0
1.034 1.04 0.0
1.034 1.1 -5.6782979519063554e-12
1.034 1.1600000000000001 1.013462116517559e-9
1.034 1.22 -2.2570061131661803e-9
1.034 1.28 -9.789692840704522e-9
1.034 1.34 -3.7308986136022965e-9
1.034 1.4 -6.226390921397588e-9
1.034 1.46 -3.4001343473014193e-9
1.034 1.52 1.025787703165203e-7
1.034 1.58 -1.2233764689822515e-8
1.034 1.6400000000000001 7.096144189398558e-10
1.034 1.7000000000000002 1.7050794697126455e-8
1.034 1.76 6.624274542691048e-8
1.034 1.82 5.222572711277855e-8
1.034 1.8800000000000001 3.470727790669835e-8
1.034 1.94 -1.3009773030850865e-9
1.034 2.0 1.0071458247653071e-8
1.034 2.06 6.30479466312186e-8
1.034 2.12 3.308745049425716e-8
1.034 2.18 -1.9710671384457933e-8
1.034 2.2399999999999998 5.175401757938325e-8
1.034 2.3000000000000003 1.4558781137554056e-8
1.034 2.36 6.718952659653026e-9
1.034 2.4200000000000004 1.0189587372976147e-9
1.034 2.48 2.0822453905619567e-10
1.034 2.5400000000000005 0.0
1.034 2.5999999999999996 0.0
1.034 2.66 0.0
1.034 2.7199999999999998 0.0
1.034 2.7800000000000002 0.0
1.034 2.84 0.0
1.034 2.9000000000000004 0.0
1.034 2.9599999999999995 0.0
1.034 3.02 0.0
1.034 3.0799999999999996 0.0
1.034 3.14 0.0
1.034 3.1999999999999997 0.0
1.034 3.2600000000000002 0.0
1.034 3.3200000000000003 0.0
1.034 3.38 0.0
1.034 3.4399999999999995 0.0
1.034 3.5 0.0
1.036 0.5 0.0
1.036 0.56 0.0
1.036 0.62 0.0
1.036 0.6799999999999999 0.0
1.036 0.74 0.0
1.036 0.8 0.0
1.036 0.86 0.0
1.036 0.92 0.0
1.036 0.98 0.0
1.036 1.04 0.0
1.036 1.1 -1.2634213979281271e-14
1.036 1.1600000000000001 2.1131962860533893e-12
1.036 1.22 -1.779170690172286e-11
1.036 1.28 1.981732995570078e-11
1.036 1.34 -3.066444426792006e-11
1.036 1.4 -3.793794235216349e-11
1.036 1.46 5.627227437128305e-12
1.036 1.52 1.2155235834496188e-10
1.036 1.58 -9.475681004946387e-11
1.036 1.6400000000000001 3.081637106871547e-10
1.036 1.7000000000000002 2.8842028691764423e-10
1.036 1.76 2.460267160956916e-10
1.036 1.82 5.03192398397748e-10
1.036 1.8800000000000001 3.4753386764792207e-10
1.036 1.94 2.4354772748514643e-10
1.036 2.0 1.8907824015819982e-10
1.036 2.06 4.319053714210486e-10
1.036 2.12 4.240878324064259e-10
1.036 2.18 8.209852831342632e-11
1.036 2.2399999999999998 1.7325581593274344e-10
1.036 2.3000000000000003 7.216473029191186e-11
1.036 2.36 1.7491678569416424e-11
1.036 2.4200000000000004 5.49270160280338e-12
1.036 2.48 9.591974654288417e-13
1.036 2.5400000000000005 0.0
1.036 2.5999999999999996 0.0
1.036 2.66 0.0
1.036 2.7199999999999998 0.0
1.036 2.7800000000000002 0.0
1.036 2.84 0.0
1.036 2.9000000000000004 0.0
1.036 2.9599999999999995 0.0
1.036 3.02 0.0
1.036 3.0799999999999996 0.0
1.036 3.14 0.0
1.036 3.1999999999999997 0.0
1.036 3.2600000000000002 0.0
1.036 3.3200000000000003 0.0
1.036 3.38 0.0
1.036 3.4399999999999995 0.0
1.036 3.5 0.0
1.038 0.5 0.0
1.038 0.56 0.0
1.038 0.62 0.0
1.038 0.6799999999999999 0.0
1.038 0.74 0.0
1.038 0.8 0.0
1.038 0.86 0.0
1.038 0.92 0.0
1.038 0.98 0.0
1.038 1.04 0.0
1.038 1.1 1.7588378870679293e-17
1.038 1.1600000000000001 -4.767469091974825e-15
1.038 1.22 3.0567862601163952e-15
1.038 1.28 6.187492818504704e-14
1.038 1.34 2.1165261091387356e-14
1.038 1.4 2.2920284173816067e-14
1.038 1.46 4.618380305958407e-13
1.038 1.52 2.8356314588968053e-15
1.038 1.58 4.4656238869522225e-13
1.038 1.6400000000000001 6.489634009897425e-13
1.038 1.7000000000000002 4.3689131342967984e-13
1.038 1.76 2.1345959269668555e-13
1.038 1.82 -2.8615508679080974e-14
1.038 1.8800000000000001 1.0284623298187194e-13
1.038 1.94 1.7923040728131905e-13
1.038 2.0 2.1514032912425598e-13
1.038 2.06 3.1664588945800883e-13
1.038 2.12 2.8412419693625045e-13
1.038 2.18 2.9011923262439875e-13
1.038 2.2399999999999998 -8.355077788809429e-14
1.038 2.3000000000000003 -5.65702354342054e-15
1.038 2.36 -1.4385958141465935e-14
1.038 2.4200000000000004 -4.444317922859235e-16
1.038 2.48 -1.617525923625246e-16
1.038 2.5400000000000005 0.0
1.038 2.5999999999999996 0.0
1.038 2.66 0.0
1.038 2.7199999999999998 0.0
1.038 2.7800000000000002 0.0
1.038 2.84 0.0
1.038 2.9000000000000004 0.0
1.038 2.9599999999999995 0.0
1.038 3.02 0.0
1.038 3.0799999999999996 0.0
1.038 3.14 0.0
1.038 3.1999999999999997 0.0
1.038 3.2600000000000002 0.0
1.038 3.3200000000000003 0.0
1.038 3.38 0.0
1.038 3.4399999999999995 0.0
1.038 3.5 0.0
1.04 0.5 0.0
1.04 0.56 0.0
1.04 0.62 0.0
1.04 0.6799999999999999 0.0
1.04 0.74 0.0
1.04 0.8 0.0
1.04 0.86 0.0
1.04 0.92 0.0
1.04 0.98 0.0
1.04 1.04 0.0
1.04 1.1 -1.099209593154233e-18
1.04 1.1600000000000001 8.405221554969026e-19
1.04 1.22 -3.696292391008078e-18
1.04 1.28 4.475372603168792e-17
1.04 1.34 1.2905971153030752e-16
1.04 1.4 4.440988558603097e-16
1.04 1.46 9.923827259184864e-16
1.04 1.52 1.005903128522728e-15
1.04 1.58 1.832604184400186e-15
1.04 1.6400000000000001 6.96083596778008e-16
1.04 1.7000000000000002 -4.248987088028592e-17
1.04 1.76 -7.278270853983002e-17
1.04 1.82 -7.278074990732877e-16
1.04 1.8800000000000001 2.630912807720469e-15
1.04 1.94 2.3996645318735983e-15
1.04 2.0 1.3396562043518533e-14
1.04 2.06 2.287385059054317e-16
1.04 2.12 2.7503815850792587e-16
1.04 2.18 6.435041739571434e-16
1.04 2.2399999999999998 -1.4013128106386665e-16
1.04 2.3000000000000003 -2.6157602194485243e-17
1.04 2.36 -3.4715780169609016e-18
1.04 2.4200000000000004 -1.593311457283664e-18
1.04 2.48 2.4954231158400716e-19
1.04 2.5400000000000005 0.0
1.04 2.5999999999999996 0.0
1.04 2.66 0.0
1.04 2.7199999999999998 0.0
1.04 2.7800000000000002 0.0
1.04 2.84 0.0
1.04 2.9000000000000004 0.0
1.04 2.9599999999999995 0.0
1.04 3.02 0.0
1.04 3.0799999999999996 0.0
1.04 3.14 0.0
1.04 3.1999999999999997 0.0
1.04 3.2600000000000002 0.0
1.04 3.3200000000000003 0.0
1.04 3.38 0.0
1.04 3.4399999999999995 0.0
1.04 3.5 0.0
1.042 0.5 0.0
1.042 0.56 0.0
1.042 0.62 0.0
1.042 0.6799999999999999 0.0
1.042 0.74 0.0
1.042 0.8 0.0
1.042 0.86 0.0
1.042 0.92 0.0
1.042 0.98 0.0
1.042 1.04 0.0
1.042 1.1 3.972218362060997e-19
1.042 1.1600000000000001 -1.1237647735900998e-18
1.042 1.22 -3.603184826091357e-18
1.042 1.28 -2.4277054011157642e-17
1.042 1.34 -7.037244398855551e-17
1.042 1.4 -7.647244802404407e-17
1.042 1.46 -7.872160988372123e-18
1.042 1.52 3.65329054738763e-17
1.042 1.58 9.44536475659041e-17
1.042 1.6400000000000001 -1.4840251944822465e-16
1.042 1.7000000000000002 2.231254834256679e-17
1.042 1.76 -1.0100165179001998e-16
1.042 1.82 1.3740531668390798e-15
1.042 1.8800000000000001 -1.3782296212660066e-15
1.042 1.94 -6.5922368773154596e-15
1.042 2.0 -7.000193831969821e-16
1.042 2.06 -3.9482950208987027e-16
1.042 2.12 -1.552787584472802e-16
1.042 2.18 -9.702918127356202e-16
1.042 2.2399999999999998 3.292206361516756e-16
1.042 2.3000000000000003 5.895569599156918e-17
1.042 2.36 -5.343088320250514e-19
1.042 2.4200000000000004 2.681134302175233e-19
1.042 2.48 -4.616035565901939e-19
1.042 2.5400000000000005 0.0
1.042 2.5999999999999996 0.0
1.042 2.66 0.0
1.042 2.7199999999999998 0.0
1.042 2.7800000000000002 0.0
1.042 2.84 0.0
1.042 2.9000000000000004 0.0
1.042 2.9599999999999995 0.0
1.042 3.02 0.0
1.042 3.0799999999999996 0.0
1.042 3.14 0.0
1.042 3.1999999999999997 0.0
1.042 3.2600000000000002 0.0
1.042 3.3200000000000003 0.0
1.042 3.38 0.0
1.042 3.4399999999999995 0.0
1.042 3.5 0.0
1.044 0.5 0.0
1.044 0.56 0.0
1.044 0.62 0.0
1.044 0.6799999999999999 0.0
1.044 0.74 0.0
1.044 0.8 0.0
1.044 0.86 0.0
1.044 0.92 0.0
1.044 0.98 0.0
1.044 1.04 0.0
1.044 1.1 -7.008397994123783e-20
1.044 1.1600000000000001 1.811627645755665e-19
1.044 1.22 5.429390818564075e-19
1.044 1.28 3.698023493648415e-18
1.044 1.34 1.0769170289573435e-17
1.044 1.4 1.401847563941946e-17
1.044 1.46 1.6393689435136803e-17
1.044 1.52 1.2455442526670648e-17
1.044 1.58 1.0561583684126038e-17
1.044 1.6400000000000001 6.326408372633292e-18
1.044 1.7000000000000002 -2.6930362046076675e-16
1.044 1.76 -9.721766224774001e-17
1.044 1.82 -3.1075254037029817e-16
1.044 1.8800000000000001 6.555545263539566e-16
1.044 1.94 1.487770984707129e-15
1.044 2.0 -2.2419892338509287e-15
1.044 2.06 3.392724335355241e-17
1.044 2.12 1.5336077066205913e-17
1.044 2.18 3.2537172310423396e-16
1.044 2.2399999999999998 -1.505980267871371e-16
1.044 2.3000000000000003 -5.941637911277207e-17
1.044 2.36 -5.3843546858714445e-18
1.044 2.4200000000000004 -6.669663914168333e-20
1.044 2.48 1.096111466914613e-19
1.044 2.5400000000000005 0.0
1.044 2.5999999999999996 0.0
1.044 2.66 0.0
1.044 2.7199999999999998 0.0
1.044 2.7800000000000002 0.0
1.044 2.84 0.0
1.044 2.9000000000000004 0.0
1.044 2.9599999999999995 0.0
1.044 3.02 0.0
1.044 3.0799999999999996 0.0
1.044 3.14 0.0
1.044 3.1999999999999997 0.0
1.044 3.2600000000000002 0.0
1.044 3.3200000000000003 0.0
1.044 3.38 0.0
1.044 3.4399999999999995 0.0
1.044 3.5 0.0
1.046 0.5 0.0
1.046 0.56 0.0
1.046 0.62 0.0
1.046 0.6799999999999999 0.0
1.046 0.74 0.0
1.046 0.8 0.0
1.046 0.86 0.0
1.046 0.92 0.0
1.046 0.98 0.0
1.046 1.04 0.0
1.046 1.1 5.195364412253433e-19
1.046 1.1600000000000001 -1.3661632122315346e-18
1.046 1.22 -4.135975461508237e-18
1.046 1.28 -2.815910263124791e-17
1.046 1.34 -8.155411983634817e-17
1.046 1.4 -1.0538285852550933e-16
1.046 1.46 -1.1673899077357774e-16
1.046 1.52 -1.405651600616391e-16
1.046 1.58 -2.1466363415798563e-16
1.046 1.6400000000000001 2.9526511131232296e-17
1.046 1.7000000000000002 -8.42074116024494e-17
1.046 1.76 5.508450114022574e-17
1.046 1.82 -5.492602681012908e-16
1.046 1.8800000000000001 -1.5111670845379083e-15
1.046 1.94 2.565912133811381e-15
1.046 2.0 -1.920771599314427e-15
1.046 2.06 1.265155438252877e-16
1.046 2.12 2.860941371753276e-17
1.046 2.18 4.050497955707671e-16
1.046 2.2399999999999998 -1.5302745598299544e-16
1.046 2.3000000000000003 -3.441676172302939e-17
1.046 2.36 -1.2088199176354854e-18
1.046 2.4200000000000004 -1.074758478895477e-19
1.046 2.48 1.8113660312925236e-19
1.046 2.5400000000000005 0.0
1.046 2.5999999999999996 0.0
1.046 2.66 0.0
1.046 2.7199999999999998 0.0
1.046 2.7800000000000002 0.0
1.046 2.84 0.0
1.046 2.9000000000000004 0.0
1.046 2.9599999999999995 0.0
1.046 3.02 0.0
1.046 3.0799999999999996 0.0
1.046 3.14 0.0
1.046 3.1999999999999997 0.0
1.046 3.2600000000000002 0.0
1.046 3.3200000000000003 0.0
1.046 3.38 0.0
1.046 3.4399999999999995 0.0
1.046 3.5 0.0
1.048 0.5 0.0
1.048 0.56 0.0
1.048 0.62 0.0
1.048 0.6799999999999999 0.0
1.048 0.74 0.0
1.048 0.8 0.0
1.048 0.86 0.0
1.048 0.92 0.0
1.048 0.98 0.0
1.048 1.04 0.0
1.048 1.1 2.6278782738186077e-19
1.048 1.1600000000000001 -4.008034326336135e-19
1.048 1.22 -7.032885267436057e-19
1.048 1.28 -4.915830228859666e-18
1.048 1.34 -1.429189342985605e-17
1.048 1.4 -6.10682571544449e-17
1.048 1.46 -3.0819745628965187e-16
1.048 1.52 -4.0004449513998304e-16
1.048 1.58 -5.758180233769098e-16
1.048 1.6400000000000001 -2.1904544983133144e-16
1.048 1.7000000000000002 -4.9242886428598883e-17
1.048 1.76 4.727771251653188e-19
1.048 1.82 -9.001447634526674e-17
1.048 1.8800000000000001 -2.418418366250863e-16
1.048 1.94 4.172414056081739e-16
1.048 2.0 -6.293886201433275e-15
1.048 2.06 1.6589929409015564e-17
1.048 2.12 4.176634622027878e-18
1.048 2.18 7.300083057402733e-17
1.048 2.2399999999999998 -3.04003670522486e-17
1.048 2.3000000000000003 -1.04648007673785e-17
1.048 2.36 -5.907422945190019e-19
1.048 2.4200000000000004 -1.7801254881158578e-20
1.048 2.48 2.976618905998873e-20
1.048 2.5400000000000005 0.0
1.048 2.5999999999999996 0.0
1.048 2.66 0.0
1.048 2.7199999999999998 0.0
1.048 2.7800000000000002 0.0
1.048 2.84 0.0
1.048 2.9000000000000004 0.0
1.048 2.9599999999999995 0.0
1.048 3.02 0.0
1.048 3.0799999999999996 0.0
1.048 3.14 0.0
1.048 3.1999999999999997 0.0
1.048 3.2600000000000002 0.0
1.048 3.3200000000000003 0.0
1.048 3.38 0.0
1.048 3.4399999999999995 0.0
1.048 3.5 0.0
1.05 0.5 0.0
1.05 0.56 0.0
1.05 0.62 0.0
1.05 0.6799999999999999 0.0
1.05 0.74 0.0
1.05 0.8 0.0
1.05 0.86 0.0
1.05 0.92 0.0
1.05 0.98 0.0
1.05 1.04 0.0
1.05 1.1 0.0
1.05 1.1600000000000001 0.0
1.05 1.22 0.0
1.05 1.28 0.0
1.05 1.34 0.0
1.05 1.4 0.0
1.05 1.46 0.0
1.05 1.52 0.0
1.05 1.58 0.0
1.05 1.6400000000000001 0.0
1.05 1.7000000000000002 0.0
1.05 1.76 0.0
1.05 1.82 0.0
1.05 1.8800000000000001 0.0
1.05 1.94 0.0
1.05 2.0 0.0
1.05 2.06 0.0
1.05 2.12 0.0
1.05 2.18 0.0
1.05 2.2399999999999998 0.0
1.05 2.3000000000000003 0.0
1.05 2.36 0.0
1.05 2.4200000000000004 0.0
1.05 2.48 0.0
1.05 2.5400000000000005 0.0
1.05 2.5999999999999996 0.0
1.05 2.66 0.0
1.05 2.7199999999999998 0.0
1.05 2.7800000000000002 0.0
1.05 2.84 0.0
1.05 2.9000000000000004 0.0
1.05 2.9599999999999995 0.0
1.05 3.02 0.0
1.05 3.0799999999999996 0.0
1.05 3.14 0.0
1.05 3.1999999999999997 0.0
1.05 3.2600000000000002 0.0
1.05 3.3200000000000003 0.0
1.05 3.38 0.0
1.05 3.4399999999999995 0.0
1.05 3.5 0.0
