0.0 0.0 -2.0801912470669285e-30
0.0 0.012 2.593951974636742e-29
0.0 0.024 1.0679375573396413e-29
0.0 0.036 -3.02484329088654e-30
0.0 0.048 -1.2925151439647036e-29
0.0 0.06 8.50248327305714e-30
0.0 0.072 1.571390868315003e-29
0.0 0.084 7.625748134934932e-29
0.0 0.096 1.5482756646189974e-28
0.0 0.108 -3.249693039714587e-26
0.0 0.12 -1.2123331007962433e-23
0.0 0.132 -1.6931506996236403e-21
0.0 0.144 -9.879507414179188e-20
0.0 0.156 -2.5907877510367415e-18
0.0 0.168 -3.16357749855013e-17
0.0 0.18 -1.7651118153200046e-16
0.0 0.192 -3.851101302336524e-16
0.0 0.20400000000000001 -6.848520014678359e-17
0.0 0.216 3.3189956426073134e-16
0.0 0.22799999999999998 -5.727736858765144e-16
0.0 0.24 -3.5416265259310066e-16
0.0 0.252 2.4208925894065194e-16
0.0 0.264 -6.2679263635067e-16
0.0 0.276 1.3542454544998613e-15
0.0 0.288 1.0752860181778127e-16
0.0 0.3 -4.856301207947118e-16
0.0 0.312 3.656729607980223e-15
0.0 0.324 -8.150676375224233e-16
0.0 0.336 -3.77896279840672e-15
0.0 0.348 6.430082413665542e-17
0.0 0.36 4.8977833791902176e-17
0.0 0.372 -2.3787297490506085e-16
0.0 0.384 6.781253268830487e-16
0.0 0.396 3.5480151957501094e-16
0.0 0.40800000000000003 -3.4111409682621436e-16
0.0 0.42 -7.445142757498009e-16
0.0 0.432 1.7101611877705108e-16
0.0 0.444 5.41289358062109e-16
0.0 0.45599999999999996 -7.648674522943145e-17
0.0 0.46799999999999997 -1.2524494080527647e-16
0.0 0.48 -2.5960241152195802e-17
0.0 0.49199999999999994 -5.539627512238244e-17
0.0 0.504 -7.70460727873164e-18
0.0 0.516 2.8652028010017735e-17
0.0 0.528 1.8548842827287364e-17
0.0 0.54 5.4140436764734325e-18
0.0 0.552 9.39060822112266e-19
0.0 0.564 1.0736289068040283e-19
0.0 0.576 8.463797089836834e-21
0.0 0.588 4.646961123803542e-22
0.012 0.0 -1.8340747795422402e-29
0.012 0.012 2.397516074112955e-28
0.012 0.024 9.860322266087474e-29
0.012 0.036 -2.801843533287384e-29
0.012 0.048 -1.1918775590089632e-28
0.012 0.06 2.03974985193963e-28
0.012 0.072 1.436260563599197e-28
0.012 0.084 7.342771384475736e-28
0.012 0.096 1.4216671855641874e-27
0.012 0.108 -3.127050832883924e-25
0.012 0.12 -1.1650037318563668e-22
0.012 0.132 -1.6248603284493355e-20
0.012 0.144 -9.46772456632177e-19
0.012 0.156 -2.4791118073110776e-17
0.012 0.168 -3.0226402699900126e-16
0.012 0.18 -1.684415107202308e-15
0.012 0.192 -3.676999719196564e-15
0.012 0.20400000000000001 -6.815524908428214e-16
0.012 0.216 3.2589941126752058e-15
0.012 0.22799999999999998 -4.776488091923999e-15
0.012 0.24 -2.751263723042976e-15
0.012 0.252 1.3368907138958846e-15
0.012 0.264 -7.507974009177475e-15
0.012 0.276 1.2344858184244717e-14
0.012 0.288 1.4883316747626652e-15
0.012 0.3 -4.396510841341722e-15
0.012 0.312 3.384781095839188e-14
0.012 0.324 -7.531082604906741e-15
0.012 0.336 -3.4929039710637065e-14
0.012 0.348 6.027211321900501e-16
0.012 0.36 4.552420483750337e-16
0.012 0.372 -2.1952822168036477e-15
0.012 0.384 6.269553556061967e-15
0.012 0.396 3.272719912649266e-15
0.012 0.40800000000000003 -3.1626678206722177e-15
0.012 0.42 -6.869129029777251e-15
0.012 0.432 1.5892072207649406e-15
0.012 0.444 4.998026318759689e-15
0.012 0.45599999999999996 -7.037293117447565e-16
0.012 0.46799999999999997 -1.1514451518625687e-15
0.012 0.48 -2.3777531387589357e-16
0.012 0.49199999999999994 -5.11004039553284e-16
0.012 0.504 -7.068061983671951e-17
0.012 0.516 2.648196234416571e-16
0.012 0.528 1.7134590283913516e-16
0.012 0.54 5.0003942473085654e-17
0.012 0.552 8.672532549121926e-18
0.012 0.564 9.91505304785162e-19
0.012 0.576 7.816326386708742e-20
0.012 0.588 4.291466621531195e-21
0.024 0.0 -1.144118964812862e-30
0.024 0.012 1.9281267770080773e-29
0.024 0.024 7.891303923216872e-30
0.024 0.036 -2.27595454650739e-30
0.024 0.048 -9.482307286833255e-30
0.024 0.06 6.32376652404936e-29
0.024 0.072 1.0948156414392716e-29
0.024 0.084 7.005204162642138e-29
0.024 0.096 1.108370817841585e-28
0.024 0.108 -2.9759334330256597e-26
0.024 0.12 -1.1030485337996178e-23
0.024 0.132 -1.5305825924913212e-21
0.024 0.144 -8.870508931361568e-20
0.024 0.156 -2.3094367365537634e-18
0.024 0.168 -2.799273536190804e-17
0.024 0.18 -1.5524933988761962e-16
0.024 0.192 -3.3961170543876044e-16
0.024 0.20400000000000001 -7.295041536285778e-17
0.024 0.216 3.3356141151258185e-16
0.024 0.22799999999999998 -1.9084565557256247e-16
0.024 0.24 -2.6231056974138274e-17
0.024 0.252 -2.288916617616195e-16
0.024 0.264 -1.244260122049445e-15
0.024 0.276 9.285353933040397e-16
0.024 0.288 3.0438427925548535e-16
0.024 0.3 -3.192015887401485e-16
0.024 0.312 2.7406663551558666e-15
0.024 0.324 -6.047836586174305e-16
0.024 0.336 -2.8094915451735486e-15
0.024 0.348 5.1611979693791095e-17
0.024 0.36 3.756528905734024e-17
0.024 0.372 -1.7531232249106537e-16
0.024 0.384 5.048940778535992e-16
0.024 0.396 2.60729430594015e-16
0.024 0.40800000000000003 -2.5802558828688415e-16
0.024 0.42 -5.478694939756808e-16
0.024 0.432 1.3100190455815978e-16
0.024 0.444 4.0009891833792734e-16
0.024 0.45599999999999996 -5.539404064193359e-17
0.024 0.46799999999999997 -9.030120721348468e-17
0.024 0.48 -1.8312636817026324e-17
0.024 0.49199999999999994 -4.0719401161127413e-17
0.024 0.504 -5.4859807521238505e-18
0.024 0.516 2.1296190815539082e-17
0.024 0.528 1.3744180479797946e-17
0.024 0.54 4.007767508231747e-18
0.024 0.552 6.948690889593411e-19
0.024 0.564 7.943264877063449e-20
0.024 0.576 6.261679125477137e-21
0.024 0.588 3.437877474079274e-22
0.036 0.0 9.662605494139153e-30
0.036 0.012 -1.250689204059045e-28
0.036 0.024 -5.144846091645317e-29
0.036 0.036 1.460960472404954e-29
0.036 0.048 6.220509226806105e-29
0.036 0.06 -9.296419361936646e-29
0.036 0.072 -7.509695186832102e-29
0.036 0.084 -3.798862213142315e-28
0.036 0.096 -7.4263085438296065e-28
0.036 0.108 1.6180247664007946e-25
0.036 0.12 6.02968276502239e-23
0.036 0.132 8.412009813024737e-21
0.036 0.144 4.902878019824805e-19
0.036 0.156 1.2841940327324453e-17
0.036 0.168 1.5662181870731066e-16
0.036 0.18 8.730141119834542e-16
0.036 0.192 1.905545474861417e-15
0.036 0.20400000000000001 3.503330505738461e-16
0.036 0.216 -1.6795767827380612e-15
0.036 0.22799999999999998 2.5471794177427836e-15
0.036 0.24 1.4912001062058946e-15
0.036 0.252 -7.939533838523716e-16
0.036 0.264 3.732799025423423e-15
0.036 0.276 -6.4582669147497935e-15
0.036 0.288 -7.233967936692155e-16
0.036 0.3 2.3033511139819277e-15
0.036 0.312 -1.7651735131755355e-14
0.036 0.324 3.928920140889631e-15
0.036 0.336 1.8220972536860534e-14
0.036 0.348 -3.135145449221114e-16
0.036 0.36 -2.372079822565133e-16
0.036 0.372 1.1455466423693045e-15
0.036 0.384 -3.27038124802963e-15
0.036 0.396 -1.7079569380764114e-15
0.036 0.40800000000000003 1.6487829716218347e-15
0.036 0.42 3.5846609573663965e-15
0.036 0.432 -8.281095231772527e-16
0.036 0.444 -2.607803848552332e-15
0.036 0.45599999999999996 3.67452459537801e-16
0.036 0.46799999999999997 6.013234952751629e-16
0.036 0.48 1.2427035242337846e-16
0.036 0.49199999999999994 2.666786279612551e-16
0.036 0.504 3.692818960520154e-17
0.036 0.516 -1.3814622552505862e-16
0.036 0.528 -8.939464022712119e-17
0.036 0.54 -2.6088992171180063e-17
0.036 0.552 -4.524860757072695e-18
0.036 0.564 -5.173168935141443e-19
0.036 0.576 -4.0781669861108446e-20
0.036 0.588 -2.239072780441243e-21
0.048 0.0 1.812598754393325e-30
0.048 0.012 -1.9902724386075e-29
0.048 0.024 -8.219235724795114e-30
0.048 0.036 2.3060557608417244e-30
0.048 0.048 9.98453209542327e-30
0.048 0.06 2.4123501138319638e-29
0.048 0.072 -1.245115494022089e-29
0.048 0.084 -5.131208306923101e-29
0.048 0.096 -1.2108294445931468e-28
0.048 0.108 2.1916676758929396e-26
0.048 0.12 8.214782256234327e-24
0.048 0.132 1.1526333193835024e-21
0.048 0.144 6.758128111458074e-20
0.048 0.156 1.7812622310123347e-18
0.048 0.168 2.1862490742192345e-17
0.048 0.18 1.224850940141862e-16
0.048 0.192 2.6675716598956353e-16
0.048 0.20400000000000001 4.067722474992575e-17
0.048 0.216 -2.0789096239090319e-16
0.048 0.22799999999999998 5.659595515894564e-16
0.048 0.24 3.9936508613322725e-16
0.048 0.252 -4.058886006633357e-16
0.048 0.264 6.181743954353879e-17
0.048 0.276 -1.0811290241856929e-15
0.048 0.288 3.8354448216052135e-17
0.048 0.3 3.951052733741593e-16
0.048 0.312 -2.7935670865794745e-15
0.048 0.324 6.259561905555744e-16
0.048 0.336 2.8992169617190253e-15
0.048 0.348 -4.7281573043009934e-17
0.048 0.36 -3.6955222405511465e-17
0.048 0.372 1.833228367889155e-16
0.048 0.384 -5.198598279196837e-16
0.048 0.396 -2.7384557351563935e-16
0.048 0.40800000000000003 2.593212232771681e-16
0.048 0.42 5.742296601659261e-16
0.048 0.432 -1.2912554746073199e-16
0.048 0.444 -4.16529024252557e-16
0.048 0.45599999999999996 5.947233630966032e-17
0.048 0.46799999999999997 9.760239164636666e-17
0.048 0.48 2.0448475174217295e-17
0.048 0.49199999999999994 4.275050183432667e-17
0.048 0.504 6.0413015233232385e-18
0.048 0.516 -2.198467736516409e-17
0.048 0.528 -1.4255458606463822e-17
0.048 0.54 -4.162983211571545e-18
0.048 0.552 -7.222133265402685e-19
0.048 0.564 -8.25770459675411e-20
0.048 0.576 -6.509990832593441e-21
0.048 0.588 -3.5742617519868e-22
0.06 0.0 1.0469652340717602e-29
0.06 0.012 -1.3516269313246054e-28
0.06 0.024 -5.560381541389626e-29
0.06 0.036 1.5786818724763053e-29
0.06 0.048 6.723386944474336e-29
0.06 0.06 -9.661416559702713e-29
0.06 0.072 -8.120726873673595e-29
0.06 0.084 -4.096402741987808e-28
0.06 0.096 -8.028529854729548e-28
0.06 0.108 1.7448153123296152e-25
0.06 0.12 6.502645672791008e-23
0.06 0.132 9.072492634240071e-21
0.06 0.144 5.288232454887646e-19
0.06 0.156 1.3852387738165055e-17
0.06 0.168 1.6895901698575417e-16
0.06 0.18 9.418436539356928e-16
0.06 0.192 2.05572234428021e-15
0.06 0.20400000000000001 3.771147388505265e-16
0.06 0.216 -1.809248937581809e-15
0.06 0.22799999999999998 2.7686521367044706e-15
0.06 0.24 1.6275926238708843e-15
0.06 0.252 -8.857044405604597e-16
0.06 0.264 3.981370107370655e-15
0.06 0.276 -6.984772186223412e-15
0.06 0.288 -7.665855159518672e-16
0.06 0.3 2.4920724123649902e-15
0.06 0.312 -1.9074803416287397e-14
0.06 0.324 4.246078714824231e-15
0.06 0.336 1.969147291580253e-14
0.06 0.348 -3.3855863598515496e-16
0.06 0.36 -2.5627354358542323e-16
0.06 0.372 1.2381004743497726e-15
0.06 0.384 -3.534263252341445e-15
0.06 0.396 -1.846001862805051e-15
0.06 0.40800000000000003 1.781546558660832e-15
0.06 0.42 3.874338481272914e-15
0.06 0.432 -8.946798383475656e-16
0.06 0.444 -2.8184207631581553e-15
0.06 0.45599999999999996 3.972067759248988e-16
0.06 0.46799999999999997 6.50042940193503e-16
0.06 0.48 1.3436628561849905e-16
0.06 0.49199999999999994 2.8823208081237855e-16
0.06 0.504 3.9924816347194953e-17
0.06 0.516 -1.4929550102870273e-16
0.06 0.528 -9.661223872802361e-17
0.06 0.54 -2.819564438277186e-17
0.06 0.552 -4.890255970513504e-18
0.06 0.564 -5.590924836085527e-19
0.06 0.576 -4.407498598336494e-20
0.06 0.588 -2.4198889098197656e-21
0.072 0.0 -1.3685183579680243e-30
0.072 0.012 2.0579360528698872e-29
0.072 0.024 8.439747544225808e-30
0.072 0.036 -2.4190892925014536e-30
0.072 0.048 -1.0166568662250223e-29
0.072 0.06 4.6635103201358936e-29
0.072 0.072 1.1953595520210954e-29
0.072 0.084 6.986871075635398e-29
0.072 0.096 1.1985623504384037e-28
0.072 0.108 -2.970908023529066e-26
0.072 0.12 -1.1033144880994918e-23
0.072 0.132 -1.5339279896401769e-21
0.072 0.144 -8.908103978073533e-20
0.072 0.156 -2.3243075168064364e-18
0.072 0.168 -2.8236397938065516e-17
0.072 0.18 -1.5688874617667878e-16
0.072 0.192 -3.429221554767823e-16
0.072 0.20400000000000001 -6.97826450735635e-17
0.072 0.216 3.241862484902225e-16
0.072 0.22799999999999998 -2.897859637937052e-16
0.072 0.24 -1.1486487800262568e-16
0.072 0.252 -9.446391234659647e-17
0.072 0.264 -1.042766234047458e-15
0.072 0.276 1.0196703761033188e-15
0.072 0.288 2.426146646855659e-16
0.072 0.3 -3.560018920716649e-16
0.072 0.312 2.9169111798169287e-15
0.072 0.324 -6.458919821037236e-16
0.072 0.336 -2.998444568854563e-15
0.072 0.348 5.36885962338322e-17
0.072 0.36 3.967029055377719e-17
0.072 0.372 -1.8766461947627358e-16
0.072 0.384 5.385817605498912e-16
0.072 0.396 2.7938356711257884e-16
0.072 0.40800000000000003 -2.737578280790223e-16
0.072 0.42 -5.867841002052313e-16
0.072 0.432 1.3839876059821464e-16
0.072 0.444 4.2786005610099547e-16
0.072 0.45599999999999996 -5.965830678400628e-17
0.072 0.46799999999999997 -9.740515064637097e-17
0.072 0.48 -1.9906048389540868e-17
0.072 0.49199999999999994 -4.362806436297267e-17
0.072 0.504 -5.943154883136654e-18
0.072 0.516 2.27307057460198e-17
0.072 0.528 1.4685527880950326e-17
0.072 0.54 4.283685796096907e-18
0.072 0.552 7.4280859225046825e-19
0.072 0.564 8.4917086477054e-20
0.072 0.576 6.6941196383342725e-21
0.072 0.588 3.675314443104321e-22
0.084 0.0 -9.353667279813706e-30
0.084 0.012 1.2065397385379048e-28
0.084 0.024 4.9627100811446955e-29
0.084 0.036 -1.4105279100441948e-29
0.084 0.048 -6.003698357371782e-29
0.084 0.06 8.098429019696621e-29
0.084 0.072 7.256346724181016e-29
0.084 0.084 3.644464309484008e-28
0.084 0.096 7.171117925604775e-28
0.084 0.108 -1.5524074042944886e-25
0.084 0.12 -5.786212400393486e-23
0.084 0.132 -8.073815798468999e-21
0.084 0.144 -4.706659703748167e-19
0.084 0.156 -1.2330479160164095e-17
0.084 0.168 -1.504148209483164e-16
0.084 0.18 -8.385554098645355e-16
0.084 0.192 -1.830199440813931e-15
0.084 0.20400000000000001 -3.3461357502417994e-16
0.084 0.216 1.6070668333291897e-15
0.084 0.22799999999999998 -2.4932879267936633e-15
0.084 0.24 -1.4748701282305051e-15
0.084 0.252 8.284409476508502e-16
0.084 0.264 -3.4821630304339145e-15
0.084 0.276 6.242525837394073e-15
0.084 0.288 6.635684484205774e-16
0.084 0.3 -2.228450222085221e-15
0.084 0.312 1.7026212043865344e-14
0.084 0.324 -3.789524476494381e-15
0.084 0.336 -1.7576002665065288e-14
0.084 0.348 3.066854505094158e-16
0.084 0.36 2.365697228438695e-16
0.084 0.372 -1.0951744354165564e-15
0.084 0.384 3.166021195657561e-15
0.084 0.396 1.657991608000437e-15
0.084 0.40800000000000003 -1.5829556893493374e-15
0.084 0.42 -3.454417851490801e-15
0.084 0.432 8.006111064468452e-16
0.084 0.444 2.517229584305726e-15
0.084 0.45599999999999996 -3.537179013089978e-16
0.084 0.46799999999999997 -5.803291307179271e-16
0.084 0.48 -1.1804140911821553e-16
0.084 0.49199999999999994 -2.5142691020322195e-16
0.084 0.504 -2.9223211398365186e-17
0.084 0.516 1.3698197471476562e-16
0.084 0.528 8.754674302017165e-17
0.084 0.54 2.54690085641257e-17
0.084 0.552 4.412478273292613e-18
0.084 0.564 5.042803901207392e-19
0.084 0.576 3.9749765792642194e-20
0.084 0.588 2.182367831089352e-21
0.096 0.0 7.870080421598908e-29
0.096 0.012 -2.047851871595868e-29
0.096 0.024 -3.949505106021654e-29
0.096 0.036 -3.8525191454736416e-29
0.096 0.048 -1.2541104014851017e-29
0.096 0.06 -6.487310378654789e-30
0.096 0.072 2.1352310764309584e-30
0.096 0.084 -2.3038111110377854e-29
0.096 0.096 8.600996234834524e-31
0.096 0.108 8.244058739136613e-27
0.096 0.12 3.1210653068654134e-24
0.096 0.132 4.39717822736097e-22
0.096 0.144 2.581543260034318e-20
0.096 0.156 6.798576727477363e-19
0.096 0.168 8.32379068938544e-18
0.096 0.18 4.646407494757989e-17
0.096 0.192 1.0052085907796255e-16
0.096 0.20400000000000001 1.0422070654102503e-17
0.096 0.216 -1.1279442615896545e-16
0.096 0.22799999999999998 1.0814699080518032e-16
0.096 0.24 4.302270484934603e-17
0.096 0.252 -8.88764824286817e-17
0.096 0.264 2.5954556041678037e-16
0.096 0.276 -2.4425152116953466e-16
0.096 0.288 -4.381821758787414e-17
0.096 0.3 3.412700654653266e-16
0.096 0.312 2.128350887524463e-18
0.096 0.324 2.9750741872844995e-15
0.096 0.336 7.178757435933465e-15
0.096 0.348 1.1741791010585734e-14
0.096 0.36 1.8327919625728637e-14
0.096 0.372 2.246700082366592e-14
0.096 0.384 2.287493076900192e-14
0.096 0.396 1.91452647391189e-14
0.096 0.40800000000000003 1.2953841979607708e-14
0.096 0.42 8.682199238462138e-15
0.096 0.432 3.898681692221468e-15
0.096 0.444 1.8233300868625696e-15
0.096 0.45599999999999996 2.8610099859662346e-15
0.096 0.46799999999999997 1.9101535921890995e-15
0.096 0.48 7.451912255962983e-15
0.096 0.49199999999999994 1.7700107943835785e-14
0.096 0.504 1.8251696677452688e-14
0.096 0.516 1.0291094085829136e-14
0.096 0.528 3.568860198654737e-15
0.096 0.54 8.144132005455426e-16
0.096 0.552 1.2761084041257067e-16
0.096 0.564 1.4061142880579132e-17
0.096 0.576 1.0966993672797313e-18
0.096 0.588 6.00744803093869e-20
0.108 0.0 5.633331488000035e-26
0.108 0.012 -1.0961830538277068e-26
0.108 0.024 -2.5936342626586583e-26
0.108 0.036 -2.8485078796628954e-26
0.108 0.048 -1.1187511220020298e-26
0.108 0.06 2.3460064639379018e-27
0.108 0.072 3.8259429034026235e-27
0.108 0.084 -2.1864887070593157e-27
0.108 0.096 2.5525760802879e-26
0.108 0.108 -1.127555950171518e-25
0.108 0.12 -2.853787951585864e-24
0.108 0.132 3.26278137536178e-21
0.108 0.144 3.600759714354169e-19
0.108 0.156 1.3086076118640316e-17
0.108 0.168 1.9541183878036653e-16
0.108 0.18 1.1965106527905212e-15
0.108 0.192 1.9324693636082562e-15
0.108 0.20400000000000001 -6.071586510697133e-15
0.108 0.216 -1.611278531499484e-14
0.108 0.22799999999999998 3.892506731484979e-15
0.108 0.24 -5.392395107486651e-15
0.108 0.252 -6.142744959076801e-14
0.108 0.264 4.201966145742332e-15
0.108 0.276 4.703892582596129e-14
0.108 0.288 2.5142936620240273e-14
0.108 0.3 2.2845283475404327e-13
0.108 0.312 7.952590353733656e-13
0.108 0.324 2.362449545609111e-12
0.108 0.336 5.0664162298143325e-12
0.108 0.348 8.934440988881759e-12
0.108 0.36 1.3107159115791188e-11
0.108 0.372 1.5068826758369994e-11
0.108 0.384 1.4583759289038317e-11
0.108 0.396 1.1436101035320169e-11
0.108 0.40800000000000003 7.113866475266701e-12
0.108 0.42 4.6284585506350475e-12
0.108 0.432 2.1233342702084832e-12
0.108 0.444 1.3844322797332097e-12
0.108 0.45599999999999996 2.7158679051821014e-12
0.108 0.46799999999999997 2.952237225229131e-12
0.108 0.48 7.663072637948926e-12
0.108 0.49199999999999994 1.4846829104281084e-11
0.108 0.504 1.4422270442012746e-11
0.108 0.516 7.947769215548657e-12
0.108 0.528 2.728621434471375e-12
0.108 0.54 6.198736767131576e-13
0.108 0.552 9.694771548341286e-14
0.108 0.564 1.0675473814861967e-14
0.108 0.576 8.324837391173901e-16
0.108 0.588 4.55997163148906e-17
0.12 0.0 1.3451443329257619e-23
0.12 0.012 -2.820270171556955e-24
0.12 0.024 -6.036908220376798e-24
0.12 0.036 -6.959430127034157e-24
0.12 0.048 -2.7035219611792112e-24
0.12 0.06 5.763434856573406e-25
0.12 0.072 8.316092844488356e-25
0.12 0.084 -4.740231108740313e-25
0.12 0.096 6.1927302786131694e-24
0.12 0.108 -2.734333635520432e-23
0.12 0.12 -5.564786006063773e-22
0.12 0.132 8.22096860064113e-19
0.12 0.144 8.962162142631349e-17
0.12 0.156 3.243609278440755e-15
0.12 0.168 4.8344644062123934e-14
0.12 0.18 2.960863937567391e-13
0.12 0.192 4.836512489608119e-13
0.12 0.20400000000000001 -1.4682983087637972e-12
0.12 0.216 -3.9495728924929334e-12
0.12 0.22799999999999998 8.775841522483369e-13
0.12 0.24 -1.322122281266107e-12
0.12 0.252 -1.4787114239369225e-11
0.12 0.264 1.278484085004108e-12
0.12 0.276 1.2757324864566749e-11
0.12 0.288 1.388490765503045e-11
0.12 0.3 8.521580618704512e-11
0.12 0.312 2.7696068328131245e-10
0.12 0.324 7.558655392178951e-10
0.12 0.336 1.5315617443420689e-9
0.12 0.348 2.532336850224242e-9
0.12 0.36 3.468378672216163e-9
0.12 0.372 3.736562827247006e-9
0.12 0.384 3.387733922796669e-9
0.12 0.396 2.488818133271112e-9
0.12 0.40800000000000003 1.4340907127872852e-9
0.12 0.42 9.203316709088153e-10
0.12 0.432 4.658538315800199e-10
0.12 0.444 4.617025851157016e-10
0.12 0.45599999999999996 1.0070089874705837e-9
0.12 0.46799999999999997 1.3626693739177514e-9
0.12 0.48 2.677470199728042e-9
0.12 0.49199999999999994 4.285588050640648e-9
0.12 0.504 3.884600823668492e-9
0.12 0.516 2.079974206139578e-9
0.12 0.528 7.04746312948427e-10
0.12 0.54 1.5913673837966246e-10
0.12 0.552 2.4825958089846635e-11
0.12 0.564 2.7312867501216956e-12
0.12 0.576 2.1293546448213983e-13
0.12 0.588 1.166305129041646e-14
0.132 0.0 1.2233350820491007e-21
0.132 0.012 -2.835939822761714e-22
0.132 0.024 -5.320416065691706e-22
0.132 0.036 -6.603592980885646e-22
0.132 0.048 -2.528979278122151e-22
0.132 0.06 5.741517149928766e-23
0.132 0.072 6.570623524860311e-23
0.132 0.084 -3.509425277740688e-23
0.132 0.096 6.056866980042595e-22
0.132 0.108 -3.2334072200859273e-21
0.132 0.12 -2.5876137680357865e-19
0.132 0.132 5.251861251335134e-17
0.132 0.144 7.16416849607786e-15
0.132 0.156 2.757473744535396e-13
0.132 0.168 4.227658920446979e-12
0.132 0.18 2.6224985126838136e-11
0.132 0.192 4.17722308904001e-11
0.132 0.20400000000000001 -1.428958021036506e-10
0.132 0.216 -3.8109735813453394e-10
0.132 0.22799999999999998 6.90126040002314e-11
0.132 0.24 -1.3353823346890513e-10
0.132 0.252 -1.410446579909867e-9
0.132 0.264 1.655556623752115e-10
0.132 0.276 1.547598322154379e-9
0.132 0.288 2.872702115059982e-9
0.132 0.3 1.3760659103571952e-8
0.132 0.312 4.181599506997783e-8
0.132 0.324 1.0464757642817162e-7
0.132 0.336 1.9932548601234115e-7
0.132 0.348 3.076481814400085e-7
0.132 0.36 3.9128469608545947e-7
0.132 0.372 3.938784482752658e-7
0.132 0.384 3.3333410964519544e-7
0.132 0.396 2.2934070419143021e-7
0.132 0.40800000000000003 1.2294193745116665e-7
0.132 0.42 7.916107263340855e-8
0.132 0.432 5.2531884028091483e-8
0.132 0.444 7.620838740183998e-8
0.132 0.45599999999999996 1.6081902394095467e-7
0.132 0.46799999999999997 2.3294254608574593e-7
0.132 0.48 3.707294416466459e-7
0.132 0.49199999999999994 4.950215835008079e-7
0.132 0.504 4.143658891441825e-7
0.132 0.516 2.1414014783836215e-7
0.132 0.528 7.135962546002358e-8
0.132 0.54 1.599032207067099e-8
0.132 0.552 2.4865368120196442e-9
0.132 0.564 2.7325173857001726e-10
0.132 0.576 2.1296431628108148e-11
0.132 0.588 1.1663876921196463e-12
0.144 0.0 4.657416607429523e-20
0.144 0.012 -1.245623343911907e-20
0.144 0.024 -1.9333749758222464e-20
0.144 0.036 -2.7085780362209916e-20
0.144 0.048 -1.0130109299302044e-20
0.144 0.06 2.5780987245623565e-21
0.144 0.072 1.9162092184975554e-21
0.144 0.084 -7.502467924204122e-22
0.144 0.096 2.662767208323248e-20
0.144 0.108 -1.7921020426224433e-19
0.144 0.12 -2.557884231185605e-17
0.144 0.132 3.1335957720385497e-16
0.144 0.144 1.9787983859219852e-13
0.144 0.156 9.038644383596651e-12
0.144 0.168 1.4814179287143818e-10
0.144 0.18 9.442927204341101e-10
0.144 0.192 1.4079265900439971e-9
0.144 0.20400000000000001 -6.212147027185666e-9
0.144 0.216 -1.6176698054340442e-8
0.144 0.22799999999999998 2.0960394257146567e-9
0.144 0.24 -6.03672655828529e-9
0.144 0.252 -5.90310961989122e-8
0.144 0.264 1.1926298578042937e-8
0.144 0.276 9.785656715053748e-8
0.144 0.288 2.646305670711341e-7
0.144 0.3 1.0693830088306764e-6
0.144 0.312 3.0357784437463598e-6
0.144 0.324 6.981619578321732e-6
0.144 0.336 1.243968907502248e-5
0.144 0.348 1.786429657090798e-5
0.144 0.36 2.1035011913012017e-5
0.144 0.372 1.9755910111394583e-5
0.144 0.384 1.5582361995270237e-5
0.144 0.396 1.006778593900584e-5
0.144 0.40800000000000003 5.119052458804822e-6
0.144 0.42 3.5011596102399397e-6
0.144 0.432 3.498441070938277e-6
0.144 0.444 6.264694718675553e-6
0.144 0.45599999999999996 1.2050698222381962e-5
0.144 0.46799999999999997 1.713642028414414e-5
0.144 0.48 2.288570300588523e-5
0.144 0.49199999999999994 2.5688932045481595e-5
0.144 0.504 1.962697240892349e-5
0.144 0.516 9.706293144964176e-6
0.144 0.528 3.166412726290422e-6
0.144 0.54 7.025276878775899e-7
0.144 0.552 1.087905755470702e-7
0.144 0.564 1.1937732119077921e-8
0.144 0.576 9.300137235516452e-10
0.144 0.588 5.0931830450473393e-11
0.156 0.0 7.8201810168446885e-19
0.156 0.012 -2.5915450433743045e-19
0.156 0.024 -2.9879666254884507e-19
0.156 0.036 -5.208156806013969e-19
0.156 0.048 -1.8587634988641426e-19
0.156 0.06 5.68486070063164e-20
0.156 0.072 1.460317719510045e-20
0.156 0.084 9.76000879588072e-21
0.156 0.096 5.754143440167756e-19
0.156 0.108 -4.839238133425699e-18
0.156 0.12 -9.450572525947666e-16
0.156 0.132 -5.0302184899065943e-14
0.156 0.144 8.439356818088081e-13
0.156 0.156 1.0324779346803874e-10
0.156 0.168 2.058700356527134e-9
0.156 0.18 1.400364150236731e-8
0.156 0.192 1.71459955611441e-8
0.156 0.20400000000000001 -1.311884061106167e-7
0.156 0.216 -3.2581690873768867e-7
0.156 0.22799999999999998 2.581334004998352e-8
0.156 0.24 -1.294313111436667e-7
0.156 0.252 -1.1577905824906552e-6
0.156 0.264 5.276570717440719e-7
0.156 0.276 3.6381308392474574e-6
0.156 0.288 1.2236636716383368e-5
0.156 0.3 4.3586391265526054e-5
0.156 0.312 0.00011540293333928618
0.156 0.324 0.00024454776254755273
0.156 0.336 0.00040595762280127055
0.156 0.348 0.000541504395312086
0.156 0.36 0.0005901053205281751
0.156 0.372 0.0005173424683509165
0.156 0.384 0.000380753249472411
0.156 0.396 0.00023263522280311306
0.156 0.40800000000000003 0.000117630090335101
0.156 0.42 9.577039518351953e-5
0.156 0.432 0.00014055436180710482
0.156 0.444 0.0002651588340144416
0.156 0.45599999999999996 0.000455741143863646
0.156 0.46799999999999997 0.0006044086195026415
0.156 0.48 0.0006901216830712718
0.156 0.49199999999999994 0.0006552801471136553
0.156 0.504 0.00045124578732341194
0.156 0.516 0.00021125885244699933
0.156 0.528 6.704561549504663e-5
0.156 0.54 1.4682927331152574e-5
0.156 0.552 2.2613087014272366e-6
0.156 0.564 2.4765870230954034e-7
0.156 0.576 1.9283696890591638e-8
0.156 0.588 1.0559491863620708e-9
0.168 0.0 5.7145802484333465e-18
0.168 0.012 -2.691676858500085e-18
0.168 0.024 -1.7925540040555664e-18
0.168 0.036 -4.998828606415243e-18
0.168 0.048 -1.6047205251607783e-18
0.168 0.06 6.5658996150828575e-19
0.168 0.072 -1.804956334278381e-19
0.168 0.084 5.469253740511424e-19
0.168 0.096 6.598976436014404e-18
0.168 0.108 -6.553961180868738e-17
0.168 0.12 -1.5466256104032235e-14
0.168 0.132 -1.2982240135515517e-12
0.168 0.144 -3.5704308322488636e-11
0.168 0.156 -7.27766418546401e-11
0.168 0.168 7.628329791261518e-9
0.168 0.18 6.92335413836779e-8
0.168 0.192 5.240798138541742e-9
0.168 0.20400000000000001 -1.4352959632086222e-6
0.168 0.216 -3.2620458646870418e-6
0.168 0.22799999999999998 1.9743856249644916e-7
0.168 0.24 -1.3069810038923883e-6
0.168 0.252 -1.0645811441580951e-5
0.168 0.264 1.4458714453777196e-5
0.168 0.276 8.476620788407154e-5
0.168 0.288 0.00031075484538802434
0.168 0.3 0.0010004615439004332
0.168 0.312 0.0024656418426482886
0.168 0.324 0.004825536604107389
0.168 0.336 0.0074454311245233705
0.168 0.348 0.009226836742409707
0.168 0.36 0.009329100534414873
0.168 0.372 0.007654818936101027
0.168 0.384 0.005277271253249902
0.168 0.396 0.003091148097779609
0.168 0.40800000000000003 0.0017001301512418125
0.168 0.42 0.0018439102880318215
0.168 0.432 0.003357393720831373
0.168 0.444 0.006075543417884212
0.168 0.45599999999999996 0.009255683530419315
0.168 0.46799999999999997 0.011094093789372475
0.168 0.48 0.010928469849241099
0.168 0.49199999999999994 0.008822148792312192
0.168 0.504 0.005405750665159387
0.168 0.516 0.0023642972107959692
0.168 0.528 0.0007238729356932423
0.168 0.54 0.00015580853891602773
0.168 0.552 2.3821135892069303e-5
0.168 0.564 2.6022110311287555e-6
0.168 0.576 2.0247585867868725e-7
0.168 0.588 1.1085712758604464e-8
0.18 0.0 1.3968368585714697e-17
0.18 0.012 -1.4078639722233272e-17
0.18 0.024 -7.917603888166353e-19
0.18 0.036 -2.5159198744330593e-17
0.18 0.048 -6.075635194377098e-18
0.18 0.06 4.135035410264324e-18
0.18 0.072 -3.3128217610061284e-18
0.18 0.084 7.505952690687101e-18
0.18 0.096 4.311006986137619e-17
0.18 0.108 -4.478174586404586e-16
0.18 0.12 -1.2001927210386737e-13
0.18 0.132 -1.220648327073035e-11
0.18 0.144 -4.97735870269134e-10
0.18 0.156 -8.371103637534428e-9
0.18 0.168 -5.598545930836724e-8
0.18 0.18 -1.7699893663542851e-7
0.18 0.192 -1.2997626249549047e-6
0.18 0.20400000000000001 -8.5122224238871e-6
0.18 0.216 -1.6263855675860435e-5
0.18 0.22799999999999998 2.7118310384945277e-6
0.18 0.24 -4.531443978687608e-6
0.18 0.252 -3.251632736935801e-5
0.18 0.264 0.0002453650720125023
0.18 0.276 0.0012686188423000821
0.18 0.288 0.004653046501968096
0.18 0.3 0.013732695246861583
0.18 0.312 0.031451091455394806
0.18 0.324 0.05696718778479976
0.18 0.336 0.08168633288775451
0.18 0.348 0.09427041975566236
0.18 0.36 0.08885649365055248
0.18 0.372 0.06850166777405813
0.18 0.384 0.04449146014489753
0.18 0.396 0.02566834372091441
0.18 0.40800000000000003 0.017408367922217186
0.18 0.42 0.025182121767539634
0.18 0.432 0.047921757719570864
0.18 0.444 0.07930129714826506
0.18 0.45599999999999996 0.10644535982912776
0.18 0.46799999999999997 0.11306679879768868
0.18 0.48 0.09639583273490883
0.18 0.49199999999999994 0.06642066176345764
0.18 0.504 0.03577376686457848
0.18 0.516 0.014389282893450747
0.18 0.528 0.0042033797677593
0.18 0.54 0.0008839751430666666
0.18 0.552 0.00013381996471597326
0.18 0.564 1.4568028590353218e-5
0.18 0.576 1.132456716800411e-6
0.18 0.588 6.19910344644017e-8
0.192 0.0 -2.9188527041559906e-17
0.192 0.012 -3.2675662485972734e-17
0.192 0.024 3.2505245386659565e-17
0.192 0.036 -6.837787148725999e-17
0.192 0.048 -3.747014424430094e-18
0.192 0.06 1.4202535546328616e-17
0.192 0.072 -1.897466312770076e-17
0.192 0.084 4.97453599136011e-17
0.192 0.096 1.7161291843711056e-16
0.192 0.108 -1.4613110328925795e-15
0.192 0.12 -4.3728535271137273e-13
0.192 0.132 -5.063278114093949e-11
0.192 0.144 -2.439346114209593e-9
0.192 0.156 -5.2295366856555514e-8
0.192 0.168 -5.240148483100008e-7
0.192 0.18 -2.690644114738343e-6
0.192 0.192 -9.446188936913877e-6
0.192 0.20400000000000001 -2.7854970507115476e-5
0.192 0.216 -3.519978934091097e-5
0.192 0.22799999999999998 3.0305177814453905e-5
0.192 0.24 2.7055721396582323e-5
0.192 0.252 0.0002236808653065803
0.192 0.264 0.002642308180285795
0.192 0.276 0.012413304857907686
0.192 0.288 0.043558503874420486
0.192 0.3 0.11877268116319484
0.192 0.312 0.2526329524552752
0.192 0.324 0.42451371695091156
0.192 0.336 0.5669651847400948
0.192 0.348 0.6116656158887187
0.192 0.36 0.5401292099717465
0.192 0.372 0.3922153983676441
0.192 0.384 0.24189605266446002
0.192 0.396 0.14520282451520386
0.192 0.40800000000000003 0.13490709860129171
0.192 0.42 0.23281893457227174
0.192 0.432 0.41853437350916817
0.192 0.444 0.6176290962971671
0.192 0.45599999999999996 0.7260681058702074
0.192 0.46799999999999997 0.674937198029381
0.192 0.48 0.4979404743490739
0.192 0.49199999999999994 0.29371141585687754
0.192 0.504 0.1375755863015057
0.192 0.516 0.04999858957110185
0.192 0.528 0.013735691072129012
0.192 0.54 0.002799059123142324
0.192 0.552 0.0004180361844660413
0.192 0.564 4.5294332723871814e-5
0.192 0.576 3.5164843510567197e-6
0.192 0.588 1.92443894829634e-7
0.20400000000000001 0.0 -2.39208821089465e-16
0.20400000000000001 0.012 2.9065292655398702e-18
0.20400000000000001 0.024 1.4660423871983313e-16
0.20400000000000001 0.036 -9.632700112347544e-17
0.20400000000000001 0.048 4.545464384145225e-17
0.20400000000000001 0.06 2.4107654944055712e-17
0.20400000000000001 0.072 -5.620961103068579e-17
0.20400000000000001 0.084 1.8629532543098885e-16
0.20400000000000001 0.096 4.3855571648969707e-16
0.20400000000000001 0.108 -1.6722465734062362e-15
0.20400000000000001 0.12 -6.302668345467012e-13
0.20400000000000001 0.132 -8.966087640482584e-11
0.20400000000000001 0.144 -5.172295200328913e-9
0.20400000000000001 0.156 -1.3190799515677712e-7
0.20400000000000001 0.168 -1.5816072308110436e-6
0.20400000000000001 0.18 -9.407023042891385e-6
0.20400000000000001 0.192 -2.9619017921726998e-5
0.20400000000000001 0.20400000000000001 -4.811313143568034e-5
0.20400000000000001 0.216 6.035038420854526e-6
0.20400000000000001 0.22799999999999998 0.00017045361533883765
0.20400000000000001 0.24 0.0003937875175649189
0.20400000000000001 0.252 0.0029760020755242467
0.20400000000000001 0.264 0.018795939459883775
0.20400000000000001 0.276 0.08150539448288523
0.20400000000000001 0.288 0.26825098944828335
0.20400000000000001 0.3 0.6787014549244316
0.20400000000000001 0.312 1.3417470797497117
0.20400000000000001 0.324 2.0977332200520875
0.20400000000000001 0.336 2.618281408602076
0.20400000000000001 0.348 2.6489173216886397
0.20400000000000001 0.36 2.194967811439309
0.20400000000000001 0.372 1.4998033828434025
0.20400000000000001 0.384 0.893286692569737
0.20400000000000001 0.396 0.6152110952577217
0.20400000000000001 0.40800000000000003 0.7896778447476025
0.20400000000000001 0.42 1.425155120465952
0.20400000000000001 0.432 2.3078941313355723
0.20400000000000001 0.444 2.9927397706447367
0.20400000000000001 0.45599999999999996 3.063139533526575
0.20400000000000001 0.46799999999999997 2.472141647734592
0.20400000000000001 0.48 1.5758463321600753
0.20400000000000001 0.49199999999999994 0.7974397487870502
0.20400000000000001 0.504 0.3221665342006748
0.20400000000000001 0.516 0.10377999090882081
0.20400000000000001 0.528 0.02630638266336005
0.20400000000000001 0.54 0.0051316983388287685
0.20400000000000001 0.552 0.0007518719167380812
0.20400000000000001 0.564 8.092323052794893e-5
0.20400000000000001 0.576 6.271307928609412e-6
0.20400000000000001 0.588 3.4308249867082075e-7
0.216 0.0 -6.688333078491875e-16
0.216 0.012 1.9083845466876452e-16
0.216 0.024 3.7513825714400806e-16
0.216 0.036 -5.12459511568107e-17
0.216 0.048 1.724828549820041e-16
0.216 0.06 1.0557803235218842e-17
0.216 0.072 -1.2060458037927147e-16
0.216 0.084 4.314109115315784e-16
0.216 0.096 7.189762134992076e-16
0.216 0.108 1.0267675110796847e-15
0.216 0.12 -1.305329933531791e-13
0.216 0.132 -7.306198235225091e-11
0.216 0.144 -6.502984822961942e-9
0.216 0.156 -2.1346622167652873e-7
0.216 0.168 -3.056454403703517e-6
0.216 0.18 -2.0183276495696106e-5
0.216 0.192 -5.8235293241355576e-5
0.216 0.20400000000000001 -3.325432373392973e-5
0.216 0.216 0.0001910517035245127
0.216 0.22799999999999998 0.0005476512364475
0.216 0.24 0.0024051973384809386
0.216 0.252 0.017239853600326618
0.216 0.264 0.09242876831075073
0.216 0.276 0.3717634895267338
0.216 0.288 1.1385608821296325
0.216 0.3 2.678793714912753
0.216 0.312 4.929236172436285
0.216 0.324 7.188088258595606
0.216 0.336 8.399769840132858
0.216 0.348 7.961626247903717
0.216 0.36 6.1631499360036095
0.216 0.372 3.95444855483825
0.216 0.384 2.3803876200408465
0.216 0.396 2.1199764481046985
0.216 0.40800000000000003 3.3893328314190407
0.216 0.42 5.823512044551697
0.216 0.432 8.308286260454503
0.216 0.444 9.37847917854691
0.216 0.45599999999999996 8.316001982750794
0.216 0.46799999999999997 5.799502341164803
0.216 0.48 3.189885792523565
0.216 0.49199999999999994 1.38795270356671
0.216 0.504 0.4812155453242292
0.216 0.516 0.13469233521053184
0.216 0.528 0.030680898194128874
0.216 0.54 0.005615463253497908
0.216 0.552 0.0007990012087887916
0.216 0.564 8.511156469738027e-5
0.216 0.576 6.577695515388339e-6
0.216 0.588 3.5964924175704863e-7
0.22799999999999998 0.0 -1.3710908004898018e-15
0.22799999999999998 0.012 4.864294312209837e-16
0.22799999999999998 0.024 7.856791799672428e-16
0.22799999999999998 0.036 -1.6360528432773324e-17
0.22799999999999998 0.048 3.352085596209985e-16
0.22799999999999998 0.06 -1.0610900444775418e-17
0.22799999999999998 0.072 -2.358877642316572e-16
0.22799999999999998 0.084 6.638155778539156e-16
0.22799999999999998 0.096 6.401556326835585e-16
0.22799999999999998 0.108 -8.686158285950428e-16
0.22799999999999998 0.12 -1.1584585096208618e-12
0.22799999999999998 0.132 -2.5213620004779155e-10
0.22799999999999998 0.144 -1.854701737721572e-8
0.22799999999999998 0.156 -5.625271999568373e-7
0.22799999999999998 0.168 -7.641011699207512e-6
0.22799999999999998 0.18 -4.689046853911497e-5
0.22799999999999998 0.192 -0.00011277784899151329
0.22799999999999998 0.20400000000000001 6.916085105412321e-6
0.22799999999999998 0.216 0.00044265978656969445
0.22799999999999998 0.22799999999999998 0.0014513776544373739
0.22799999999999998 0.24 0.01030415778817091
0.22799999999999998 0.252 0.06756003646329113
0.22799999999999998 0.264 0.32995756151147554
0.22799999999999998 0.276 1.2263825742703833
0.22799999999999998 0.288 3.4792352762707677
0.22799999999999998 0.3 7.610413298049304
0.22799999999999998 0.312 13.03715652702457
0.22799999999999998 0.324 17.72771037828625
0.22799999999999998 0.336 19.336916378222348
0.22799999999999998 0.348 17.045209634651314
0.22799999999999998 0.36 12.212282750137575
0.22799999999999998 0.372 7.424363383302033
0.22799999999999998 0.384 4.997295331310056
0.22799999999999998 0.396 6.087867506645188
0.22799999999999998 0.40800000000000003 10.470532883055409
0.22799999999999998 0.42 16.24651145984139
0.22799999999999998 0.432 20.18728541562313
0.22799999999999998 0.444 19.718603874571915
0.22799999999999998 0.45599999999999996 15.09774739987568
0.22799999999999998 0.46799999999999997 9.081682287939335
0.22799999999999998 0.48 4.3134124910155265
0.22799999999999998 0.49199999999999994 1.623769296177203
0.22799999999999998 0.504 0.4865437924685022
0.22799999999999998 0.516 0.11773781666051011
0.22799999999999998 0.528 0.023602374433617457
0.22799999999999998 0.54 0.003959686117491556
0.22799999999999998 0.552 0.0005394911402033128
0.22799999999999998 0.564 5.656844623650363e-5
0.22799999999999998 0.576 4.3533849942980346e-6
0.22799999999999998 0.588 2.3783661079759513e-7
0.24 0.0 -2.367916160100999e-15
0.24 0.012 7.663825865584207e-16
0.24 0.024 1.3671691407616005e-15
0.24 0.036 -1.44491620079199e-16
0.24 0.048 5.219672485389956e-16
0.24 0.06 5.828265244478759e-17
0.24 0.072 -3.422813847393012e-16
0.24 0.084 7.204020916907384e-16
0.24 0.096 -1.1296096441589836e-16
0.24 0.108 -2.1058154445713286e-14
0.24 0.12 -7.59555020786547e-12
0.24 0.132 -1.0397879905718696e-9
0.24 0.144 -5.948600859380377e-8
0.24 0.156 -1.528520331814253e-6
0.24 0.168 -1.8269734323931568e-5
0.24 0.18 -9.976734988033401e-5
0.24 0.192 -0.0002130652140850481
0.24 0.20400000000000001 -1.309731877253398e-6
0.24 0.216 0.0008057174979307811
0.24 0.22799999999999998 0.005292779932388111
0.24 0.24 0.03753534806898284
0.24 0.252 0.2084188379690728
0.24 0.264 0.9072379706302394
0.24 0.276 3.0608885197861913
0.24 0.288 7.971250591291754
0.24 0.3 16.127373885022838
0.24 0.312 25.61793807842011
0.24 0.324 32.30477437135631
0.24 0.336 32.585179803872705
0.24 0.348 26.375657253571823
0.24 0.36 17.367945851309678
0.24 0.372 10.476534574567408
0.24 0.384 9.111635018512358
0.24 0.396 14.071730859157942
0.24 0.40800000000000003 23.25480361233235
0.24 0.42 31.747478889665366
0.24 0.432 34.155912440448596
0.24 0.444 28.793125302034042
0.24 0.45599999999999996 19.0397679182436
0.24 0.46799999999999997 9.924684573189198
0.24 0.48 4.123928015839836
0.24 0.49199999999999994 1.3901825130194396
0.24 0.504 0.3880228148565226
0.24 0.516 0.0915316242618534
0.24 0.528 0.018494695518170155
0.24 0.54 0.0031599147672234664
0.24 0.552 0.0004360711340749069
0.24 0.564 4.597459959847452e-5
0.24 0.576 3.5438240629676992e-6
0.24 0.588 1.9367447595405235e-7
0.252 0.0 -3.3795737193673004e-15
0.252 0.012 1.0574489219870663e-15
0.252 0.024 1.9466803878458345e-15
0.252 0.036 -1.792275344346869e-16
0.252 0.048 8.691880963030484e-16
0.252 0.06 2.6350524945513326e-16
0.252 0.072 -2.552933550451398e-16
0.252 0.084 6.109390222274244e-16
0.252 0.096 -1.3657646929198924e-15
0.252 0.108 -5.838108646177337e-14
0.252 0.12 -1.8828131730211433e-11
0.252 0.132 -2.3292603407360097e-9
0.252 0.144 -1.2194968204452517e-7
0.252 0.156 -2.890098299575883e-6
0.252 0.168 -3.193513527275317e-5
0.252 0.18 -0.00016055268480793316
0.252 0.192 -0.00030546947708647704
0.252 0.20400000000000001 0.00022058955572172234
0.252 0.216 0.003880625244385298
0.252 0.22799999999999998 0.02671095003723932
0.252 0.24 0.13842254056825837
0.252 0.252 0.5852618835222773
0.252 0.264 2.0889180499599425
0.252 0.276 6.099127100986007
0.252 0.288 14.219109665984744
0.252 0.3 26.21411825021393
0.252 0.312 38.18810210473261
0.252 0.324 44.14238380026464
0.252 0.336 40.59106692719257
0.252 0.348 29.76734836446739
0.252 0.36 18.19893941258736
0.252 0.372 12.237159782594496
0.252 0.384 14.89017634270944
0.252 0.396 25.0407760037715
0.252 0.40800000000000003 37.423154912744046
0.252 0.42 44.46927228712624
0.252 0.432 41.40208527258323
0.252 0.444 30.269585951087535
0.252 0.45599999999999996 17.54997094208157
0.252 0.46799999999999997 8.231613453894129
0.252 0.48 3.2422646238276593
0.252 0.49199999999999994 1.133054531443556
0.252 0.504 0.3653479440637842
0.252 0.516 0.10631917284366448
0.252 0.528 0.026078279432742144
0.252 0.54 0.005051107684119534
0.252 0.552 0.000739657161526471
0.252 0.564 7.963512768331553e-5
0.252 0.576 6.172660808812613e-6
0.252 0.588 3.37705192912111e-7
0.264 0.0 -4.060449628724353e-15
0.264 0.012 1.200242512051213e-15
0.264 0.024 2.277908146344965e-15
0.264 0.036 2.0618386916813146e-16
0.264 0.048 1.3549274546930232e-15
0.264 0.06 5.020566442465532e-16
0.264 0.072 7.381529086883485e-18
0.264 0.084 6.009163343396519e-16
0.264 0.096 -2.4463995471802784e-15
0.264 0.108 -1.0938667438879258e-13
0.264 0.12 -3.490049138872763e-11
0.264 0.132 -4.264876188225199e-9
0.264 0.144 -2.2061649712235e-7
0.264 0.156 -5.1618573011227246e-6
0.264 0.168 -5.601010748096057e-5
0.264 0.18 -0.0002667580876249881
0.264 0.192 -0.00028450263662130776
0.264 0.20400000000000001 0.003064877602267582
0.264 0.216 0.02599295159525129
0.264 0.22799999999999998 0.1388191935035032
0.264 0.24 0.5423993375341968
0.264 0.252 1.682697067150246
0.264 0.264 4.479364796991645
0.264 0.276 10.40404743158284
0.264 0.288 20.562775813062554
0.264 0.3 33.44645053134064
0.264 0.312 43.754699517117636
0.264 0.324 45.55830716567814
0.264 0.336 37.56872321385059
0.264 0.348 24.783627393389796
0.264 0.36 14.85643492266544
0.264 0.372 13.16454880662862
0.264 0.384 20.616703624008068
0.264 0.396 33.43814795956164
0.264 0.40800000000000003 44.12814852105734
0.264 0.42 45.73956286171996
0.264 0.432 37.4398978423805
0.264 0.444 24.70272443716842
0.264 0.45599999999999996 13.670411705964804
0.264 0.46799999999999997 6.724642306119238
0.264 0.48 3.0720168748142447
0.264 0.49199999999999994 1.285932151614536
0.264 0.504 0.4671255828446317
0.264 0.516 0.14044104766950866
0.264 0.528 0.03394649378564629
0.264 0.54 0.006434996075155111
0.264 0.552 0.0009299860342451347
0.264 0.564 9.959097397420927e-5
0.264 0.576 7.707323320270128e-6
0.264 0.588 4.215259739386682e-7
0.276 0.0 -4.036616495818174e-15
0.276 0.012 8.379786895911716e-16
0.276 0.024 1.9874707031083003e-15
0.276 0.036 5.641625505928223e-16
0.276 0.048 1.5514557008779572e-15
0.276 0.06 6.78200550273888e-16
0.276 0.072 1.6959922795153134e-16
0.276 0.084 9.583886732946612e-16
0.276 0.096 -2.58018750834679e-15
0.276 0.108 -1.7297959000183924e-13
0.276 0.12 -5.704404913790661e-11
0.276 0.132 -7.184627887755155e-9
0.276 0.144 -3.822887152154361e-7
0.276 0.156 -9.159819311624114e-6
0.276 0.168 -9.98591655974199e-5
0.276 0.18 -0.0004174820114131724
0.276 0.192 0.0008505625944267519
0.276 0.20400000000000001 0.019628391684089915
0.276 0.216 0.13468099974879746
0.276 0.22799999999999998 0.6116099528597922
0.276 0.24 1.9794764585195763
0.276 0.252 4.812261016845988
0.276 0.264 9.503838262523077
0.276 0.276 16.39342741790627
0.276 0.288 25.403194933472285
0.276 0.3 34.45426598110977
0.276 0.312 39.051988472787826
0.276 0.324 35.73627879930069
0.276 0.336 25.984030152747003
0.276 0.348 15.591891282210003
0.276 0.36 10.452244843890012
0.276 0.372 13.2434921156875
0.276 0.384 22.604662356682322
0.276 0.396 33.43365448018129
0.276 0.40800000000000003 39.232391698612275
0.276 0.42 36.87914549317522
0.276 0.432 28.92012240492445
0.276 0.444 20.073036494527262
0.276 0.45599999999999996 12.923709283235771
0.276 0.46799999999999997 7.6656750236758855
0.276 0.48 3.9405368643172856
0.276 0.49199999999999994 1.6319683184621612
0.276 0.504 0.5193727033327128
0.276 0.516 0.1262659357979928
0.276 0.528 0.02426148244222255
0.276 0.54 0.0038489130242683493
0.276 0.552 0.0005046668621350874
0.276 0.564 5.204868945398347e-5
0.276 0.576 3.986021756013431e-6
0.276 0.588 2.1754466121634394e-7
0.288 0.0 -3.216781625565365e-15
0.288 0.012 1.51723870814089e-16
0.288 0.024 1.4130186457856468e-15
0.288 0.036 5.017626978517518e-16
0.288 0.048 1.1821799630528728e-15
0.288 0.06 8.379111774569132e-16
0.288 0.072 4.162676386421248e-17
0.288 0.084 1.6924478007089725e-15
0.288 0.096 -1.7565232693455925e-15
0.288 0.108 -2.1786601059871636e-13
0.288 0.12 -7.44675191116698e-11
0.288 0.132 -9.65765840311755e-9
0.288 0.144 -5.244891033868937e-7
0.288 0.156 -1.2563158027190317e-5
0.288 0.168 -0.00012588995518461469
0.288 0.18 -0.0001623020828774451
0.288 0.192 0.007719355970337977
0.288 0.20400000000000001 0.08606237576039448
0.288 0.216 0.5202917303064092
0.288 0.22799999999999998 2.0977341857656038
0.288 0.24 5.909436119547199
0.288 0.252 12.075587089458155
0.288 0.264 18.943061309701502
0.288 0.276 24.587799380407812
0.288 0.288 28.39425634363673
0.288 0.3 29.9401671276219
0.288 0.312 27.816388959665023
0.288 0.324 21.564329768110877
0.288 0.336 13.589834590671378
0.288 0.348 7.818039834939243
0.288 0.36 7.023584965763012
0.288 0.372 11.558859976860894
0.288 0.384 19.29853068356651
0.288 0.396 26.403005332887503
0.288 0.40800000000000003 29.874633642432595
0.288 0.42 29.634205673815746
0.288 0.432 27.091113861112152
0.288 0.444 22.71350561935297
0.288 0.45599999999999996 16.522197579820936
0.288 0.46799999999999997 9.803338336864732
0.288 0.48 4.524596793333013
0.288 0.49199999999999994 1.5617111547242428
0.288 0.504 0.3874040190741085
0.288 0.516 0.06601958668717976
0.288 0.528 0.007275784251970334
0.288 0.54 0.00045702748366316826
0.288 0.552 7.386002575579326e-6
0.288 0.564 -1.3663691164113797e-6
0.288 0.576 -1.496942935695042e-7
0.288 0.588 -8.65529160890297e-9
0.3 0.0 -2.7622983772244417e-15
0.3 0.012 -1.8746631502249542e-16
0.3 0.024 1.7263695908052447e-15
0.3 0.036 5.880976977364202e-16
0.3 0.048 6.380017065192179e-16
0.3 0.06 1.157454015350694e-15
0.3 0.072 -3.0093845810655357e-16
0.3 0.084 2.697056464525661e-15
0.3 0.096 -8.214401449794234e-16
0.3 0.108 -1.9793023464475343e-13
0.3 0.12 -6.871108796916985e-11
0.3 0.132 -8.93096465937789e-9
0.3 0.144 -4.7150830232514725e-7
0.3 0.156 -9.891109173575317e-6
0.3 0.168 -3.5695607049004085e-5
0.3 0.18 0.0017262410157186166
0.3 0.192 0.031893832934995224
0.3 0.20400000000000001 0.27923597843336323
0.3 0.216 1.5123356394704563
0.3 0.22799999999999998 5.463899774076043
0.3 0.24 13.637051479623013
0.3 0.252 24.277594393568503
0.3 0.264 32.1371852557582
0.3 0.276 33.45824505932861
0.3 0.288 29.379599135611414
0.3 0.3 23.126642650876573
0.3 0.312 16.49981870126513
0.3 0.324 10.268474330149717
0.3 0.336 5.5225369800348405
0.3 0.348 3.4534804164236643
0.3 0.36 4.589873607106562
0.3 0.372 8.55661501705938
0.3 0.384 14.326908689682982
0.3 0.396 20.859265544362373
0.3 0.40800000000000003 27.609558532214198
0.3 0.42 33.23506039384498
0.3 0.432 34.55172128195664
0.3 0.444 29.30144232615953
0.3 0.45599999999999996 19.45609564388418
0.3 0.46799999999999997 9.813439971820655
0.3 0.48 3.6569783477015854
0.3 0.49199999999999994 0.9765604317368143
0.3 0.504 0.17968608731382524
0.3 0.516 0.02131881577379936
0.3 0.528 0.001330317619363366
0.3 0.54 -2.40356498535642e-5
0.3 0.552 -1.54074382792737e-5
0.3 0.564 -1.948789285576091e-6
0.3 0.576 -1.5503462961070826e-7
0.3 0.588 -8.511603306521075e-9
0.312 0.0 -3.516178983837241e-15
0.312 0.012 -1.1717463517757875e-16
0.312 0.024 2.2998350686150024e-15
0.312 0.036 7.955699499465991e-16
0.312 0.048 3.565955368439898e-16
0.312 0.06 1.594203685030623e-15
0.312 0.072 -4.614059178200192e-16
0.312 0.084 3.3703510529169464e-15
0.312 0.096 -7.485991118368538e-17
0.312 0.108 -6.631724567598696e-14
0.312 0.12 -1.966606478861037e-11
0.312 0.132 -1.8041386875671089e-9
0.312 0.144 -1.5379458310087855e-9
0.312 0.156 6.630385258634341e-6
0.312 0.168 0.000329314602709062
0.312 0.18 0.007314970430838661
0.312 0.192 0.09065653563867543
0.312 0.20400000000000001 0.685755194957311
0.312 0.216 3.3324677895808974
0.312 0.22799999999999998 10.783053712631244
0.312 0.24 23.95269800791422
0.312 0.252 37.6756294082187
0.312 0.264 43.4585344437904
0.312 0.276 38.31947393412702
0.312 0.288 27.13233706301792
0.312 0.3 16.261387628424988
0.312 0.312 8.576836015583773
0.312 0.324 4.034796741901472
0.312 0.336 1.8547662684301176
0.312 0.348 1.5549453987480844
0.312 0.36 3.0338361004994403
0.312 0.372 6.593308604345852
0.312 0.384 13.118120987450368
0.312 0.396 23.290831862976756
0.312 0.40800000000000003 35.28186675829743
0.312 0.42 43.33635071202305
0.312 0.432 41.60149174877915
0.312 0.444 30.513461216430365
0.312 0.45599999999999996 16.783708344833464
0.312 0.46799999999999997 6.767384546714771
0.312 0.48 1.9431165065926248
0.312 0.49199999999999994 0.38364727722950526
0.312 0.504 0.04997500929572225
0.312 0.516 0.004178091234931546
0.312 0.528 0.00028170860557829387
0.312 0.54 3.60177362477515e-5
0.312 0.552 6.087766361380503e-6
0.312 0.564 7.243438953973536e-7
0.312 0.576 5.797596911749716e-8
0.312 0.588 3.193464501692685e-9
0.324 0.0 -3.973856984346023e-15
0.324 0.012 -3.905114956912453e-16
0.324 0.024 1.3958866225255643e-15
0.324 0.036 2.154503375434011e-16
0.324 0.048 2.841278289974921e-16
0.324 0.06 1.4960523063913338e-15
0.324 0.072 -1.9963477859610167e-16
0.324 0.084 2.572540052502137e-15
0.324 0.096 7.581778072337519e-16
0.324 0.108 1.265568182624685e-13
0.324 0.12 5.4493349268975016e-11
0.324 0.132 9.54345236932529e-9
0.324 0.144 8.069012203377335e-7
0.324 0.156 3.765367103248268e-5
0.324 0.168 0.001048669333562816
0.324 0.18 0.017958889635326564
0.324 0.192 0.19138608638035973
0.324 0.20400000000000001 1.2886085952472965
0.324 0.216 5.606315008886623
0.324 0.22799999999999998 16.197905622508973
0.324 0.24 32.02544065518584
0.324 0.252 44.72909542308953
0.324 0.264 45.61525234450121
0.324 0.276 35.1106138477589
0.324 0.288 21.0449376457746
0.324 0.3 10.110644061226607
0.324 0.312 4.016325281999665
0.324 0.324 1.4032419935881149
0.324 0.336 0.6168922459963586
0.324 0.348 0.9472216051927052
0.324 0.36 2.7411419583273315
0.324 0.372 7.438913925218577
0.324 0.384 16.964789698858308
0.324 0.396 30.857616953624706
0.324 0.40800000000000003 43.49048514771736
0.324 0.42 46.72604476686706
0.324 0.432 37.772194551238165
0.324 0.444 22.676579512651397
0.324 0.45599999999999996 9.927432818201702
0.324 0.46799999999999997 3.0786454133314005
0.324 0.48 0.6570215516050523
0.324 0.49199999999999994 0.09739471143479782
0.324 0.504 0.008060384439740689
0.324 0.516 -0.002715235594342988
0.324 0.528 -0.0018488307370281927
0.324 0.54 -0.0005290899464030292
0.324 0.552 -9.091462604564561e-5
0.324 0.564 -1.0356324427493586e-5
0.324 0.576 -8.153983447944868e-7
0.324 0.588 -4.475286613167576e-8
0.336 0.0 -2.8299596123722925e-15
0.336 0.012 -8.205986717450029e-16
0.336 0.024 3.5469201944615607e-16
0.336 0.036 -4.3010577659525935e-16
0.336 0.048 4.638983258279427e-16
0.336 0.06 5.717742877590579e-16
0.336 0.072 8.810073964240227e-17
0.336 0.084 7.382664349397997e-16
0.336 0.096 1.1439794984113337e-15
0.336 0.108 1.4119958995816395e-13
0.336 0.12 6.752067235211578e-11
0.336 0.132 1.3782996787999294e-8
0.336 0.144 1.3512361293480574e-6
0.336 0.156 6.901074467800625e-5
0.336 0.168 0.0019447482672513303
0.336 0.18 0.03162595241644505
0.336 0.192 0.3084164329328669
0.336 0.20400000000000001 1.8674166164368722
0.336 0.216 7.2527504343902
0.336 0.22799999999999998 18.650572733330552
0.336 0.24 32.793038915502414
0.336 0.252 40.75894529665716
0.336 0.264 37.01002782245951
0.336 0.276 25.26247939839928
0.336 0.288 13.236626900591618
0.336 0.3 5.418446595045977
0.336 0.312 1.8002247393559048
0.336 0.324 0.5853193296346126
0.336 0.336 0.4381459186713444
0.336 0.348 1.1755792687675832
0.336 0.36 3.7992695165006776
0.336 0.372 10.248861348072428
0.336 0.384 21.571379916256134
0.336 0.396 34.430802427283886
0.336 0.40800000000000003 41.258379668105725
0.336 0.42 36.87485526705486
0.336 0.432 24.281722120836818
0.336 0.444 11.576710765855328
0.336 0.45599999999999996 3.9079847001240546
0.336 0.46799999999999997 0.9008370785563204
0.336 0.48 0.1369645106774862
0.336 0.49199999999999994 0.01631286285494606
0.336 0.504 0.0007492958163359999
0.336 0.516 -0.002041249379836366
0.336 0.528 -0.0012412115596112678
0.336 0.54 -0.00035479451343822284
0.336 0.552 -6.104866902016615e-5
0.336 0.564 -6.957997663481299e-6
0.336 0.576 -5.479209462255088e-7
0.336 0.588 -3.007356250051702e-8
0.348 0.0 -1.1404244660069073e-15
0.348 0.012 -4.0136224152115316e-16
0.348 0.024 7.609763175318512e-16
0.348 0.036 -7.384352120024636e-17
0.348 0.048 8.752388790855411e-16
0.348 0.06 -1.7673206671934728e-16
0.348 0.072 1.0615976572841943e-16
0.348 0.084 -1.1658769393493878e-16
0.348 0.096 6.338420495765961e-16
0.348 0.108 -5.631021528666214e-15
0.348 0.12 3.267879822477518e-11
0.348 0.132 1.3301593540052831e-8
0.348 0.144 1.7503643810650624e-6
0.348 0.156 9.978311935769905e-5
0.348 0.168 0.002825678925822888
0.348 0.18 0.043440321198568166
0.348 0.192 0.38699177626664805
0.348 0.20400000000000001 2.102765452228915
0.348 0.216 7.271091481054125
0.348 0.22799999999999998 16.612935879815204
0.348 0.24 25.99888954271971
0.348 0.252 28.907535815673814
0.348 0.264 23.69554653038657
0.348 0.276 14.842507622475663
0.348 0.288 7.407738801397307
0.348 0.3 3.172126480357365
0.348 0.312 1.3556248812193958
0.348 0.324 0.8257029968517889
0.348 0.336 1.0915168412516028
0.348 0.348 2.4013552284437325
0.348 0.36 5.800914779325956
0.348 0.372 12.521528784259532
0.348 0.384 21.725159675368282
0.348 0.396 28.75351209911027
0.348 0.40800000000000003 28.37729284549916
0.348 0.42 20.592028537326943
0.348 0.432 10.778596851666773
0.348 0.444 3.9594550639823636
0.348 0.45599999999999996 0.9952064340642539
0.348 0.46799999999999997 0.16977683949152864
0.348 0.48 0.01803189156478372
0.348 0.49199999999999994 0.00033814053651401096
0.348 0.504 0.0003520720070520652
0.348 0.516 0.00048508513679786834
0.348 0.528 0.0001972429003400686
0.348 0.54 4.508381228584619e-5
0.348 0.552 6.881468924901517e-6
0.348 0.564 7.4500901503807e-7
0.348 0.576 5.7708528717159946e-8
0.348 0.588 3.1554698112175638e-9
0.36 0.0 -3.370793465191987e-16
0.36 0.012 4.364836524621986e-16
0.36 0.024 1.090714092087601e-15
0.36 0.036 4.2984168255712974e-16
0.36 0.048 9.750208841761958e-16
0.36 0.06 -1.72420563569263e-17
0.36 0.072 6.652779005661712e-17
0.36 0.084 4.0153539591294853e-16
0.36 0.096 3.063440505067319e-16
0.36 0.108 1.110584912626627e-13
0.36 0.12 1.0054220160114912e-10
0.36 0.132 2.701661632813994e-8
0.36 0.144 2.8808019240654695e-6
0.36 0.156 0.00014145316983300152
0.36 0.168 0.00353300283954715
0.36 0.18 0.04832830047050971
0.36 0.192 0.3837890593335314
0.36 0.20400000000000001 1.857137048164133
0.36 0.216 5.715779285672733
0.36 0.22799999999999998 11.662091757019201
0.36 0.24 16.49509707260404
0.36 0.252 17.071030287473732
0.36 0.264 13.869303506469057
0.36 0.276 9.66878900694891
0.36 0.288 6.300267350667774
0.36 0.3 4.004358250317157
0.36 0.312 2.679969147481385
0.36 0.324 2.511482494854074
0.36 0.336 3.541430971954169
0.36 0.348 5.570656449318709
0.36 0.36 8.655014169257143
0.36 0.372 12.871601125512012
0.36 0.384 16.83419686300549
0.36 0.396 17.621246929723025
0.36 0.40800000000000003 13.910034853090883
0.36 0.42 7.9859550896530465
0.36 0.432 3.231119906866054
0.36 0.444 0.8876687467045211
0.36 0.45599999999999996 0.15848318957727678
0.36 0.46799999999999997 0.019061039159014255
0.36 0.48 0.001814427479727448
0.36 0.49199999999999994 -0.0002279566882266983
0.36 0.504 0.00020477039738372245
0.36 0.516 0.00043061218506261376
0.36 0.528 0.00022371107657930488
0.36 0.54 6.055382382155314e-5
0.36 0.552 1.018334500909409e-5
0.36 0.564 1.1507858094995982e-6
0.36 0.576 9.039699262412838e-8
0.36 0.588 4.959040752512897e-9
0.372 0.0 -4.012040039120825e-16
0.372 0.012 5.7838251420159e-16
0.372 0.024 5.29695987817919e-16
0.372 0.036 3.578092476349316e-16
0.372 0.048 5.77572244787773e-16
0.372 0.06 3.579638804672062e-16
0.372 0.072 9.983733256377956e-17
0.372 0.084 1.1739585624040241e-15
0.372 0.096 8.651922148944072e-16
0.372 0.108 5.252188985790651e-13
0.372 0.12 2.6045946039292374e-10
0.372 0.132 4.975550279420544e-8
0.372 0.144 4.174820476569895e-6
0.372 0.156 0.00017004105991611589
0.372 0.168 0.0036342309829908133
0.372 0.18 0.04337097575052543
0.372 0.192 0.3042958465408442
0.372 0.20400000000000001 1.3144007696985383
0.372 0.216 3.665113807138585
0.372 0.22799999999999998 6.99818552444008
0.372 0.24 9.949544697033309
0.372 0.252 11.751137268165428
0.372 0.264 12.610932736322727
0.372 0.276 12.37626520194702
0.372 0.288 10.566288092994967
0.372 0.3 7.870919911760249
0.372 0.312 6.290318984834136
0.372 0.324 7.22285692281936
0.372 0.336 9.859234625294334
0.372 0.348 12.054272183262698
0.372 0.36 12.60275467490273
0.372 0.372 11.930216232436544
0.372 0.384 10.50064381817996
0.372 0.396 8.028531165732282
0.372 0.40800000000000003 4.825684992965197
0.372 0.42 2.1109116150706564
0.372 0.432 0.6365572674623448
0.372 0.444 0.13034031014723338
0.372 0.45599999999999996 0.015174347953775851
0.372 0.46799999999999997 -0.0029027064398388
0.372 0.48 -0.0009416535898209572
0.372 0.49199999999999994 0.0004192420265847172
0.372 0.504 -0.00024304600722894752
0.372 0.516 -0.0004186512780308322
0.372 0.528 -0.00019287427760687417
0.372 0.54 -4.856692912842547e-5
0.372 0.552 -7.864502293991e-6
0.372 0.564 -8.745875119574815e-7
0.372 0.576 -6.834212730394e-8
0.372 0.588 -3.7444400325502916e-9
0.384 0.0 -6.852966968744065e-16
0.384 0.012 1.5767662945213982e-16
0.384 0.024 8.648144459398769e-17
0.384 0.036 1.3848085970852615e-16
0.384 0.048 1.8596498839787767e-16
0.384 0.06 2.1606022846612238e-16
0.384 0.072 1.6548424340288375e-16
0.384 0.084 1.6364114659463067e-15
0.384 0.096 1.0878249186740736e-15
0.384 0.108 8.135748270940254e-13
0.384 0.12 3.4871084855384783e-10
0.384 0.132 5.8283821210751485e-8
0.384 0.144 4.307576558451732e-6
0.384 0.156 0.00015522241258321173
0.384 0.168 0.0029488643110232565
0.384 0.18 0.03153202039540552
0.384 0.192 0.20156140548474966
0.384 0.20400000000000001 0.8225399762899097
0.384 0.216 2.3334486385995534
0.384 0.22799999999999998 5.127037441020109
0.384 0.24 9.562298180494734
0.384 0.252 15.400166304329444
0.384 0.264 20.53860078978677
0.384 0.276 21.784799005317556
0.384 0.288 18.389091172050644
0.384 0.3 13.917705363921604
0.384 0.312 13.129947415540215
0.384 0.324 16.93923258032349
0.384 0.336 21.224516886008406
0.384 0.348 21.208729661221835
0.384 0.36 16.44407224711278
0.384 0.372 10.327483091939921
0.384 0.384 5.679637071798687
0.384 0.396 2.8317203117003813
0.384 0.40800000000000003 1.189487573580993
0.384 0.42 0.37339893825766135
0.384 0.432 0.07923472282078713
0.384 0.444 0.012922218884335167
0.384 0.45599999999999996 0.0009405449925720534
0.384 0.46799999999999997 -0.0028274673250469166
0.384 0.48 -0.0010899716182535826
0.384 0.49199999999999994 0.00020604714603939935
0.384 0.504 -0.0002894979695500953
0.384 0.516 -0.00047095014488371595
0.384 0.528 -0.00023007789639299266
0.384 0.54 -6.050282061669127e-5
0.384 0.552 -1.0037061026804137e-5
0.384 0.564 -1.128028874636319e-6
0.384 0.576 -8.845453935187723e-8
0.384 0.588 -4.850479149793302e-9
0.396 0.0 -1.1061072529671597e-15
0.396 0.012 -1.7806509279288677e-16
0.396 0.024 1.189733721020481e-16
0.396 0.036 1.4829341135051924e-16
0.396 0.048 9.950285035973599e-17
0.396 0.06 -2.4811271261435605e-16
0.396 0.072 2.0662740045895212e-16
0.396 0.084 1.6039122209660874e-15
0.396 0.096 3.7582190626864287e-16
0.396 0.108 8.352453193205832e-13
0.396 0.12 3.314549359881243e-10
0.396 0.132 5.122272512651008e-8
0.396 0.144 3.4929856721071344e-6
0.396 0.156 0.00011623920301049926
0.396 0.168 0.0020615292577185747
0.396 0.18 0.021271483461290652
0.396 0.192 0.14090002655732783
0.396 0.20400000000000001 0.6657322273777029
0.396 0.216 2.4271138468681075
0.396 0.22799999999999998 6.96962435499557
0.396 0.24 15.497696033433359
0.396 0.252 26.22613088426233
0.396 0.264 33.5719155377083
0.396 0.276 32.765594864017054
0.396 0.288 25.8621455720827
0.396 0.3 20.884966520547444
0.396 0.312 23.623582811154524
0.396 0.324 31.03238294981225
0.396 0.336 34.215508806461465
0.396 0.348 28.2958100337463
0.396 0.36 17.185525389728287
0.396 0.372 7.756551044374578
0.396 0.384 2.735522539325369
0.396 0.396 0.8180497091795668
0.396 0.40800000000000003 0.2115171205921986
0.396 0.42 0.042379524328938024
0.396 0.432 0.006625912070277074
0.396 0.444 0.002254800164909954
0.396 0.45599999999999996 0.0001635184198765639
0.396 0.46799999999999997 -0.0011254691454218669
0.396 0.48 -0.00045250564714035727
0.396 0.49199999999999994 8.362286839464757e-6
0.396 0.504 -0.00012637095911851245
0.396 0.516 -0.00016146513543837123
0.396 0.528 -7.540782203701531e-5
0.396 0.54 -1.9513475276075878e-5
0.396 0.552 -3.2169285908720914e-6
0.396 0.564 -3.6072058832463785e-7
0.396 0.576 -2.8266214101182842e-8
0.396 0.588 -1.5497340663424788e-9
0.40800000000000003 0.0 -1.6619952978848853e-15
0.40800000000000003 0.012 -4.134194008872981e-16
0.40800000000000003 0.024 2.5752850950059503e-16
0.40800000000000003 0.036 3.8427549805687227e-16
0.40800000000000003 0.048 8.090811721616278e-17
0.40800000000000003 0.06 -5.133927503434761e-16
0.40800000000000003 0.072 1.713062389454335e-16
0.40800000000000003 0.084 1.4131804951603935e-15
0.40800000000000003 0.096 2.5183712469704195e-16
0.40800000000000003 0.108 6.383604048033727e-13
0.40800000000000003 0.12 2.4486666733095406e-10
0.40800000000000003 0.132 3.687681741041701e-8
0.40800000000000003 0.144 2.491852147279042e-6
0.40800000000000003 0.156 8.496951594000557e-5
0.40800000000000003 0.168 0.0016381194802057117
0.40800000000000003 0.18 0.01990064988577204
0.40800000000000003 0.192 0.16515327842069538
0.40800000000000003 0.20400000000000001 0.9678077815464969
0.40800000000000003 0.216 4.011884083006884
0.40800000000000003 0.22799999999999998 11.785150094629344
0.40800000000000003 0.24 24.859948073246436
0.40800000000000003 0.252 38.351434490574306
0.40800000000000003 0.264 43.99470725064079
0.40800000000000003 0.276 38.6667233187485
0.40800000000000003 0.288 29.578655299302827
0.40800000000000003 0.3 27.677860395328498
0.40800000000000003 0.312 35.4804208475852
0.40800000000000003 0.324 43.56148952205499
0.40800000000000003 0.336 41.006184555306554
0.40800000000000003 0.348 27.857658926650867
0.40800000000000003 0.36 13.39760960835118
0.40800000000000003 0.372 4.523788114103099
0.40800000000000003 0.384 1.0884346139473504
0.40800000000000003 0.396 0.19680277953484696
0.40800000000000003 0.40800000000000003 0.02643517058526959
0.40800000000000003 0.42 0.0021163360365766457
0.40800000000000003 0.432 0.0013693447789730549
0.40800000000000003 0.444 0.0018248979891288498
0.40800000000000003 0.45599999999999996 0.00023333984021538354
0.40800000000000003 0.46799999999999997 -0.0006229739152667261
0.40800000000000003 0.48 -0.00018962836785193707
0.40800000000000003 0.49199999999999994 2.210237553155893e-5
0.40800000000000003 0.504 -5.758204433990366e-5
0.40800000000000003 0.516 -6.992673879856744e-5
0.40800000000000003 0.528 -3.105772893959646e-5
0.40800000000000003 0.54 -7.80853389287254e-6
0.40800000000000003 0.552 -1.2693167583254066e-6
0.40800000000000003 0.564 -1.415055641198681e-7
0.40800000000000003 0.576 -1.1066478916038026e-8
0.40800000000000003 0.588 -6.064126490777204e-10
0.42 0.0 -1.9414945833741725e-15
0.42 0.012 -6.49278218985642e-16
0.42 0.024 3.1414246501896265e-16
0.42 0.036 6.788083723726185e-16
0.42 0.048 3.4180503022214675e-17
0.42 0.06 -2.4200387901450026e-16
0.42 0.072 1.238868228247572e-16
0.42 0.084 2.1264431963740672e-15
0.42 0.096 6.408747780142747e-16
0.42 0.108 2.2346452490987417e-13
0.42 0.12 1.0002080943688174e-10
0.42 0.132 1.887560438938713e-8
0.42 0.144 1.6924990839843658e-6
0.42 0.156 7.867356527542869e-5
0.42 0.168 0.00202687892690235
0.42 0.18 0.030539488055776987
0.42 0.192 0.28163067031919736
0.42 0.20400000000000001 1.6552927138130145
0.42 0.216 6.438900343573514
0.42 0.22799999999999998 17.175688851235066
0.42 0.24 32.43459598234111
0.42 0.252 44.47566376413216
0.42 0.264 45.297096261671605
0.42 0.276 36.37992901506468
0.42 0.288 29.126472891416988
0.42 0.3 32.74155910312448
0.42 0.312 43.00729539305931
0.42 0.324 46.46876335718072
0.42 0.336 36.396633611613844
0.42 0.348 19.926398266110382
0.42 0.36 7.473210629100404
0.42 0.372 1.8862471033781718
0.42 0.384 0.31542122183450955
0.42 0.396 0.03510666954650661
0.42 0.40800000000000003 0.0027317151502008296
0.42 0.42 0.0013361927246449661
0.42 0.432 0.0005293748366400366
0.42 0.444 -0.0007990167404373207
0.42 0.45599999999999996 0.00024712460793383824
0.42 0.46799999999999997 0.000673399702174216
0.42 0.48 0.00018540092452662177
0.42 0.49199999999999994 4.732697792768667e-5
0.42 0.504 4.5301596094485796e-5
0.42 0.516 1.0432680663625724e-5
0.42 0.528 -3.120162403193582e-6
0.42 0.54 -1.8705631254107548e-6
0.42 0.552 -3.937353332567505e-7
0.42 0.564 -4.8039145702203774e-8
0.42 0.576 -3.86020723634756e-9
0.42 0.588 -2.128542376626021e-10
0.432 0.0 -1.7349015420199929e-15
0.432 0.012 -6.158453055870746e-16
0.432 0.024 2.8861786490219923e-16
0.432 0.036 8.023877985874318e-16
0.432 0.048 1.0419962684872239e-16
0.432 0.06 4.438975986015342e-16
0.432 0.072 9.700249581373299e-17
0.432 0.084 3.3086379372635946e-15
0.432 0.096 2.361767036677135e-17
0.432 0.108 1.3092342970698708e-13
0.432 0.12 1.0152171998634886e-10
0.432 0.132 2.6411128381744523e-8
0.432 0.144 2.8311000666185944e-6
0.432 0.156 0.00014240475753691365
0.432 0.168 0.003696551126116523
0.432 0.18 0.05335354290104503
0.432 0.192 0.4554118319647535
0.432 0.20400000000000001 2.4250402676540266
0.432 0.216 8.449326353062803
0.432 0.22799999999999998 20.08891930623108
0.432 0.24 33.71856676804919
0.432 0.252 40.959965532729086
0.432 0.264 37.14980961125
0.432 0.276 28.391884258730286
0.432 0.288 26.090785223062316
0.432 0.3 33.52960977861458
0.432 0.312 40.98955248450712
0.432 0.324 37.31242884886709
0.432 0.336 23.6471310539295
0.432 0.348 10.152955744191347
0.432 0.36 2.885026540981026
0.432 0.372 0.5307787047944189
0.432 0.384 0.05861264247546161
0.432 0.396 0.002964386208011421
0.432 0.40800000000000003 0.0009601536927567237
0.432 0.42 0.0015629743406616304
0.432 0.432 0.00013847930047884374
0.432 0.444 -0.0013417571642011618
0.432 0.45599999999999996 0.00018661306738643942
0.432 0.46799999999999997 0.0008137419460741508
0.432 0.48 0.0002349660961633971
0.432 0.49199999999999994 6.6762555956742e-5
0.432 0.504 6.134882785715564e-5
0.432 0.516 1.605779331689977e-5
0.432 0.528 -2.426736351838665e-6
0.432 0.54 -1.908387368422115e-6
0.432 0.552 -4.1563082390981746e-7
0.432 0.564 -5.1170383334050743e-8
0.432 0.576 -4.122277309374042e-9
0.432 0.588 -2.2744675254804005e-10
0.444 0.0 -1.2027492894814626e-15
0.444 0.012 -3.2476020495910544e-16
0.444 0.024 2.186552794681294e-16
0.444 0.036 7.041236145357285e-16
0.444 0.048 1.2201670413976092e-16
0.444 0.06 3.9187384190848827e-16
0.444 0.072 4.241481031496826e-17
0.444 0.084 2.8520817554275347e-15
0.444 0.096 -3.010232517976332e-16
0.444 0.108 1.0956390784498386e-12
0.444 0.12 5.024209141468197e-10
0.444 0.132 9.12576186699286e-8
0.444 0.144 7.4469677297670275e-6
0.444 0.156 0.00030123694296495116
0.444 0.168 0.0065329946018122835
0.444 0.18 0.08097677113398843
0.444 0.192 0.605247525470127
0.444 0.20400000000000001 2.857621450082309
0.444 0.216 8.882050414716604
0.444 0.22799999999999998 18.845042424248167
0.444 0.24 28.107040407651322
0.444 0.252 30.20560210086681
0.444 0.264 24.71933281505142
0.444 0.276 19.40267796601824
0.444 0.288 21.51899384570293
0.444 0.3 28.332545536083444
0.444 0.312 29.95410652583671
0.444 0.324 22.136752027570243
0.444 0.336 10.99159202028367
0.444 0.348 3.581805848079904
0.444 0.36 0.7481736786017977
0.444 0.372 0.09635297037925067
0.444 0.384 0.007978640518643854
0.444 0.396 0.0010509614266553905
0.444 0.40800000000000003 -0.00015879500848637733
0.444 0.42 -0.0004479737568523211
0.444 0.432 -2.5252837034305178e-5
0.444 0.444 0.0005121737346864181
0.444 0.45599999999999996 1.186296808255447e-5
0.444 0.46799999999999997 -0.0003744907446560361
0.444 0.48 -0.00012825390523345706
0.444 0.49199999999999994 7.111428230809834e-6
0.444 0.504 -3.4317400864663685e-5
0.444 0.516 -4.163719592476389e-5
0.444 0.528 -1.8537001393248498e-5
0.444 0.54 -4.6499405599473475e-6
0.444 0.552 -7.538912216491439e-7
0.444 0.564 -8.393975312830659e-8
0.444 0.576 -6.56275041041759e-9
0.444 0.588 -3.596256486665008e-10
0.45599999999999996 0.0 -5.9119204608279e-16
0.45599999999999996 0.012 -1.5438260623192316e-16
0.45599999999999996 0.024 1.2817040661710731e-16
0.45599999999999996 0.036 5.169237350240415e-16
0.45599999999999996 0.048 1.4952809450510217e-17
0.45599999999999996 0.06 -8.282675502287997e-16
0.45599999999999996 0.072 -5.1315777569486915e-18
0.45599999999999996 0.084 1.170340759986352e-15
0.45599999999999996 0.096 5.821159919912136e-16
0.45599999999999996 0.108 2.472727010975147e-12
0.45599999999999996 0.12 1.035640171918728e-9
0.45599999999999996 0.132 1.705361677002191e-7
0.45599999999999996 0.144 1.2522017874301389e-5
0.45599999999999996 0.156 0.0004528334062140744
0.45599999999999996 0.168 0.008741245141249394
0.45599999999999996 0.18 0.0962981082387784
0.45599999999999996 0.192 0.6407109899061044
0.45599999999999996 0.20400000000000001 2.701739305397185
0.45599999999999996 0.216 7.516885885801069
0.45599999999999996 0.22799999999999998 14.244971162296592
0.45599999999999996 0.24 18.835357315840945
0.45599999999999996 0.252 17.89677744243992
0.45599999999999996 0.264 13.68629806949751
0.45599999999999996 0.276 12.222612397622463
0.45599999999999996 0.288 15.609010433612246
0.45599999999999996 0.3 18.806126079353856
0.45599999999999996 0.312 16.284905282430664
0.45599999999999996 0.324 9.426866067072082
0.45599999999999996 0.336 3.5444798231261
0.45599999999999996 0.348 0.8449657885458473
0.45599999999999996 0.36 0.12448910121402681
0.45599999999999996 0.372 0.010675682954859319
0.45599999999999996 0.384 0.0010504350430463867
0.45599999999999996 0.396 0.0003722316269885296
0.45599999999999996 0.40800000000000003 -0.0002583790104710347
0.45599999999999996 0.42 -0.00034494131498454076
0.45599999999999996 0.432 0.00011707102597164518
0.45599999999999996 0.444 0.0003206593074827774
0.45599999999999996 0.45599999999999996 -7.910788383922253e-6
0.45599999999999996 0.46799999999999997 -0.00010900115129914751
0.45599999999999996 0.48 -3.308512305628387e-5
0.45599999999999996 0.49199999999999994 -1.7993258417805697e-5
0.45599999999999996 0.504 -9.583528523335155e-6
0.45599999999999996 0.516 1.3824457552550621e-6
0.45599999999999996 0.528 2.5375019143159867e-6
0.45599999999999996 0.54 8.840404289752353e-7
0.45599999999999996 0.552 1.630212497878514e-7
0.45599999999999996 0.564 1.904766944901808e-8
0.45599999999999996 0.576 1.511513025287439e-9
0.45599999999999996 0.588 8.311649489864441e-11
0.46799999999999997 0.0 -1.820593763168798e-16
0.46799999999999997 0.012 -1.032217877412496e-16
0.46799999999999997 0.024 5.161307942734877e-17
0.46799999999999997 0.036 3.1407604910171816e-16
0.46799999999999997 0.048 -2.8119610955512447e-17
0.46799999999999997 0.06 -1.5075102806247878e-15
0.46799999999999997 0.072 -3.2586089422604654e-18
0.46799999999999997 0.084 1.9451064933840924e-16
0.46799999999999997 0.096 1.4944814997577504e-15
0.46799999999999997 0.108 2.9673271800332555e-12
0.46799999999999997 0.12 1.2164861736088162e-9
0.46799999999999997 0.132 1.9466109481883588e-7
0.46799999999999997 0.144 1.3769466810738236e-5
0.46799999999999997 0.156 0.0004747123418256443
0.46799999999999997 0.168 0.008630524516231213
0.46799999999999997 0.18 0.08835781539860453
0.46799999999999997 0.192 0.5390273379171525
0.46799999999999997 0.20400000000000001 2.059157133740803
0.46799999999999997 0.216 5.1391924531467845
0.46799999999999997 0.22799999999999998 8.658159650157668
0.46799999999999997 0.24 10.08804046926053
0.46799999999999997 0.252 8.53681378867638
0.46799999999999997 0.264 6.579257619248179
0.46799999999999997 0.276 7.124107450627374
0.46799999999999997 0.288 9.242487677934006
0.46799999999999997 0.3 9.361419833041385
0.46799999999999997 0.312 6.361930210179907
0.46799999999999997 0.324 2.7776185316614326
0.46799999999999997 0.336 0.767278195704679
0.46799999999999997 0.348 0.12861226298095224
0.46799999999999997 0.36 0.009103502479285472
0.46799999999999997 0.372 -9.663327680187144e-5
0.46799999999999997 0.384 -0.0014916726245700433
0.46799999999999997 0.396 -0.000924853066702391
0.46799999999999997 0.40800000000000003 2.0023037781627403e-5
0.46799999999999997 0.42 0.0007939509687405079
0.46799999999999997 0.432 0.00035097787674300663
0.46799999999999997 0.444 -0.0005678113176468732
0.46799999999999997 0.45599999999999996 0.0001411671431688274
0.46799999999999997 0.46799999999999997 0.0005049603067685611
0.46799999999999997 0.48 0.00017081415061487998
0.46799999999999997 0.49199999999999994 4.7849204532546575e-5
0.46799999999999997 0.504 4.38028348077684e-5
0.46799999999999997 0.516 1.8464750999553504e-5
0.46799999999999997 0.528 3.032249930162086e-6
0.46799999999999997 0.54 7.304409510136785e-8
0.46799999999999997 0.552 -4.399514396260491e-8
0.46799999999999997 0.564 -7.455844357002082e-9
0.46799999999999997 0.576 -6.457609722862619e-10
0.46799999999999997 0.588 -3.617428987480726e-11
0.48 0.0 -3.836692708785915e-17
0.48 0.012 -3.4481692341093097e-17
0.48 0.024 1.9918041780121668e-17
0.48 0.036 1.424252250760067e-16
0.48 0.048 -8.340912656687255e-18
0.48 0.06 -9.95764107335278e-16
0.48 0.072 7.87736024883084e-18
0.48 0.084 -2.351002025259425e-16
0.48 0.096 1.787532371254136e-15
0.48 0.108 2.518302150500881e-12
0.48 0.12 1.027918545558845e-9
0.48 0.132 1.6269656993974826e-7
0.48 0.144 1.1297643928383776e-5
0.48 0.156 0.0003788366976584458
0.48 0.168 0.006620523123791246
0.48 0.18 0.06418535071810992
0.48 0.192 0.3641173705515299
0.48 0.20400000000000001 1.2676562176915758
0.48 0.216 2.8277817837530455
0.48 0.22799999999999998 4.192278985407759
0.48 0.24 4.275188267560728
0.48 0.252 3.324374433222642
0.48 0.264 2.8850937173070026
0.48 0.276 3.6035420473461603
0.48 0.288 4.17243979354153
0.48 0.3 3.350850291799431
0.48 0.312 1.7219590711811386
0.48 0.324 0.5441429958452508
0.48 0.336 0.10726546736021005
0.48 0.348 0.012034877654988145
0.48 0.36 -0.0014063974799793186
0.48 0.372 -0.0006372645559376423
0.48 0.384 -0.0008713091459838008
0.48 0.396 -0.0004482004790651593
0.48 0.40800000000000003 -8.376759718914274e-5
0.48 0.42 0.0004136242419355363
0.48 0.432 0.00026220896010000454
0.48 0.444 -0.0002216698662667689
0.48 0.45599999999999996 0.00010477747092225817
0.48 0.46799999999999997 0.00024249424600798677
0.48 0.48 8.486856577792015e-5
0.48 0.49199999999999994 3.706530428424476e-5
0.48 0.504 2.132180174249451e-5
0.48 0.516 1.4320712529618727e-6
0.48 0.528 -2.9403834592583477e-6
0.48 0.54 -1.2084444411432408e-6
0.48 0.552 -2.3407003899753578e-7
0.48 0.564 -2.780601293083031e-8
0.48 0.576 -2.2167425064442894e-9
0.48 0.588 -1.2200730430284005e-10
0.49199999999999994 0.0 -1.0201483004802938e-17
0.49199999999999994 0.012 3.6826219213753364e-19
0.49199999999999994 0.024 9.69388100700932e-18
0.49199999999999994 0.036 4.873643989007259e-17
0.49199999999999994 0.048 -1.9369211217983903e-19
0.49199999999999994 0.06 -4.2267503925775885e-16
0.49199999999999994 0.072 2.319818198444401e-18
0.49199999999999994 0.084 -4.971050880725248e-16
0.49199999999999994 0.096 1.4555147771923196e-15
0.49199999999999994 0.108 1.7272196597396147e-12
0.49199999999999994 0.12 7.002893978988017e-10
0.49199999999999994 0.132 1.0950498495808326e-7
0.49199999999999994 0.144 7.464149830392203e-6
0.49199999999999994 0.156 0.0002436630476782433
0.49199999999999994 0.168 0.004099887383104012
0.49199999999999994 0.18 0.03770180187070099
0.49199999999999994 0.192 0.1988971872129515
0.49199999999999994 0.20400000000000001 0.6284550734281797
0.49199999999999994 0.216 1.2399141463389052
0.49199999999999994 0.22799999999999998 1.595176474792978
0.49199999999999994 0.24 1.4271059882033708
0.49199999999999994 0.252 1.1022984553789528
0.49199999999999994 0.264 1.1556021441811153
0.49199999999999994 0.276 1.4461999258019207
0.49199999999999994 0.288 1.3640115680561584
0.49199999999999994 0.3 0.83090281538905
0.49199999999999994 0.312 0.31151963055057375
0.49199999999999994 0.324 0.0684418587277995
0.49199999999999994 0.336 0.009041617868555672
0.49199999999999994 0.348 0.0006103030631436318
0.49199999999999994 0.36 -0.00034490387268664845
0.49199999999999994 0.372 -0.00016201367820031863
0.49199999999999994 0.384 -7.701193024626608e-5
0.49199999999999994 0.396 -2.5929269308381075e-5
0.49199999999999994 0.40800000000000003 -6.572891253652177e-5
0.49199999999999994 0.42 -1.979283346649513e-6
0.49199999999999994 0.432 7.073806494806823e-5
0.49199999999999994 0.444 3.10073340314592e-5
0.49199999999999994 0.45599999999999996 1.5899322758026016e-5
0.49199999999999994 0.46799999999999997 1.9511006164433303e-5
0.49199999999999994 0.48 9.189604640963064e-6
0.49199999999999994 0.49199999999999994 3.5441440478049522e-6
0.49199999999999994 0.504 2.1047711845777182e-6
0.49199999999999994 0.516 7.598859039515935e-7
0.49199999999999994 0.528 1.1247933510732419e-7
0.49199999999999994 0.54 -8.367426818451065e-10
0.49199999999999994 0.552 -2.4995648608474607e-9
0.49199999999999994 0.564 -3.8545331263946076e-10
0.49199999999999994 0.576 -3.266243910420209e-11
0.49199999999999994 0.588 -1.8188387906700173e-12
0.504 0.0 -2.8081745852856425e-18
0.504 0.012 -8.79678515906574e-19
0.504 0.024 2.9277020901768206e-18
0.504 0.036 1.475584479334281e-17
0.504 0.048 -1.1705318594229396e-18
0.504 0.06 -2.1424181142338413e-16
0.504 0.072 -2.595575828272533e-18
0.504 0.084 -4.13307902062306e-16
0.504 0.096 8.476087116190764e-16
0.504 0.108 9.585817853998789e-13
0.504 0.12 3.8389610231566497e-10
0.504 0.132 5.9114529578380344e-8
0.504 0.144 3.949811293628319e-6
0.504 0.156 0.0001255415471295557
0.504 0.168 0.00203629380129855
0.504 0.18 0.0177869858182608
0.504 0.192 0.08723940814467551
0.504 0.20400000000000001 0.24878399860742026
0.504 0.216 0.4278868397296532
0.504 0.22799999999999998 0.4701987661913591
0.504 0.24 0.38061606158568895
0.504 0.252 0.32938993149269036
0.504 0.264 0.3923813225024515
0.504 0.276 0.42774179959681213
0.504 0.288 0.3100066261424511
0.504 0.3 0.13804769689909488
0.504 0.312 0.03664692769726658
0.504 0.324 0.005168364425781443
0.504 0.336 0.0007339504639320059
0.504 0.348 0.00013454213306055902
0.504 0.36 -0.00018647943049956636
0.504 0.372 4.7281020492156595e-6
0.504 0.384 -9.260255580711219e-5
0.504 0.396 -7.961163062191717e-5
0.504 0.40800000000000003 2.17307320129473e-5
0.504 0.42 5.9946717685201326e-5
0.504 0.432 2.6207434736767236e-6
0.504 0.444 -5.2755466081269796e-5
0.504 0.45599999999999996 3.9689132781746805e-6
0.504 0.46799999999999997 3.2532763454996155e-5
0.504 0.48 1.133878459696359e-5
0.504 0.49199999999999994 2.843183722614162e-6
0.504 0.504 3.0474833695761355e-6
0.504 0.516 1.6582567763342112e-6
0.504 0.528 4.4981566888462834e-7
0.504 0.54 7.588687604347171e-8
0.504 0.552 9.358276460550144e-9
0.504 0.564 9.081522800420196e-10
0.504 0.576 6.771102268368221e-11
0.504 0.588 3.668717491264817e-12
0.516 0.0 -2.6673239580528177e-19
0.516 0.012 -2.304904756951916e-18
0.516 0.024 2.4131782819901224e-19
0.516 0.036 4.195543031070656e-18
0.516 0.048 -1.0584416474856325e-18
0.516 0.06 -1.199362441893682e-16
0.516 0.072 -1.7128140327505482e-18
0.516 0.084 -1.9998999582562554e-16
0.516 0.096 3.6883122438891067e-16
0.516 0.108 4.1291287947260965e-13
0.516 0.12 1.631061901633487e-10
0.516 0.132 2.4735790586386387e-8
0.516 0.144 1.6226399192109474e-6
0.516 0.156 5.036427847545105e-5
0.516 0.168 0.0007908560368611047
0.516 0.18 0.006595199934700261
0.516 0.192 0.03019794191831905
0.516 0.20400000000000001 0.07762561927829562
0.516 0.216 0.11483190768292505
0.516 0.22799999999999998 0.10645024930364225
0.516 0.24 0.08473727203064912
0.516 0.252 0.0889028911041004
0.516 0.264 0.10245396741426369
0.516 0.276 0.0884376811833398
0.516 0.288 0.04701396936734778
0.516 0.3 0.014913397510903039
0.516 0.312 0.002883856196413751
0.516 0.324 -3.8413703742751736e-5
0.516 0.336 0.0003073142575852677
0.516 0.348 0.00010066707327789724
0.516 0.36 -0.00016527662029101634
0.516 0.372 2.198479139886304e-6
0.516 0.384 -9.966418910698735e-5
0.516 0.396 -7.600886118047573e-5
0.516 0.40800000000000003 2.447929027728186e-5
0.516 0.42 7.10891655622224e-5
0.516 0.432 9.74099636702058e-7
0.516 0.444 -5.7778150924754676e-5
0.516 0.45599999999999996 6.458229078530691e-6
0.516 0.46799999999999997 3.150172933831289e-5
0.516 0.48 1.048172226535385e-5
0.516 0.49199999999999994 4.10954816766014e-6
0.516 0.504 2.8156642669395046e-6
0.516 0.516 5.32234939080531e-7
0.516 0.528 -1.8454973305298155e-7
0.516 0.54 -1.0100749212580385e-7
0.516 0.552 -2.076385965961695e-8
0.516 0.564 -2.5120019566919154e-9
0.516 0.576 -2.013387977813584e-10
0.516 0.588 -1.1095827949856057e-11
0.528 0.0 1.0089042778959534e-19
0.528 0.012 -9.855345016032845e-19
0.528 0.024 -8.613900019806728e-20
0.528 0.036 1.0144881978138194e-18
0.528 0.048 -4.547087008291932e-19
0.528 0.06 -5.1353687140107487e-17
0.528 0.072 -4.788224193476099e-19
0.528 0.084 -7.078337756340743e-17
0.528 0.096 1.2251032151870388e-16
0.528 0.108 1.347645745567347e-13
0.528 0.12 5.254036584971011e-11
0.528 0.132 7.856656193117733e-9
0.528 0.144 5.069442534556389e-7
0.528 0.156 1.5407890865442776e-5
0.528 0.168 0.00023513371979394442
0.528 0.18 0.0018815947720267339
0.528 0.192 0.008089429419609842
0.528 0.20400000000000001 0.018806650433454527
0.528 0.216 0.023768955439460542
0.528 0.22799999999999998 0.018681097240335277
0.528 0.24 0.0166340201840845
0.528 0.252 0.019983274475041418
0.528 0.264 0.01907898465578919
0.528 0.276 0.012243382437004848
0.528 0.288 0.004488694146071725
0.528 0.3 0.001031604546198912
0.528 0.312 0.0002071170196184294
0.528 0.324 -0.0001384592290466814
0.528 0.336 0.00011439878053895549
0.528 0.348 3.687825004090628e-5
0.528 0.36 -6.803324239247044e-5
0.528 0.372 -2.589508976765298e-6
0.528 0.384 -4.007006854153709e-5
0.528 0.396 -2.930559192791445e-5
0.528 0.40800000000000003 7.923478287412056e-6
0.528 0.42 2.8320902342547514e-5
0.528 0.432 1.879789572583087e-6
0.528 0.444 -2.1864283748218792e-5
0.528 0.45599999999999996 3.0982587899560863e-6
0.528 0.46799999999999997 1.2389072048589304e-5
0.528 0.48 4.141268619315684e-6
0.528 0.49199999999999994 1.7895965071694616e-6
0.528 0.504 1.1038429946015861e-6
0.528 0.516 1.0675275470265415e-7
0.528 0.528 -1.3250992174212555e-7
0.528 0.54 -5.664316762338925e-8
0.528 0.552 -1.1062569140164499e-8
0.528 0.564 -1.3174585249273515e-9
0.528 0.576 -1.0511893470228733e-10
0.528 0.588 -5.787158316162349e-12
0.54 0.0 5.3823853557426674e-20
0.54 0.012 -2.6283891950620425e-19
0.54 0.024 -3.8022024080920515e-20
0.54 0.036 2.0515020992317274e-19
0.54 0.048 -1.3029164227162044e-19
0.54 0.06 -1.6145526697886748e-17
0.54 0.072 -9.876876326559644e-20
0.54 0.084 -1.9838807722937957e-17
0.54 0.096 3.0301010197352196e-17
0.54 0.108 3.262411309546335e-14
0.54 0.12 1.2562497012301659e-11
0.54 0.132 1.8541886787737003e-9
0.54 0.144 1.1785736185718605e-7
0.54 0.156 3.5156303965658265e-6
0.54 0.168 5.2318930009673266e-5
0.54 0.18 0.00040383995317005853
0.54 0.192 0.0016427654255602143
0.54 0.20400000000000001 0.0034885508958098876
0.54 0.216 0.003801365673230605
0.54 0.22799999999999998 0.0026458552877377146
0.54 0.24 0.0028796781395089336
0.54 0.252 0.003395085226482122
0.54 0.264 0.0023940453818840856
0.54 0.276 0.0010807554780254427
0.54 0.288 0.00023147279886640376
0.54 0.3 5.0867245963923626e-5
0.54 0.312 2.671844371768899e-5
0.54 0.324 -4.115185793317191e-5
0.54 0.336 2.9322687755331152e-5
0.54 0.348 9.293942182754452e-6
0.54 0.36 -1.8260287812683196e-5
0.54 0.372 -1.0484866333899557e-6
0.54 0.384 -1.0528050260441027e-5
0.54 0.396 -7.605310277698072e-6
0.54 0.40800000000000003 1.8817636533743753e-6
0.54 0.42 7.376170742040163e-6
0.54 0.432 6.591463138306216e-7
0.54 0.444 -5.601796554590629e-6
0.54 0.45599999999999996 8.540515289411361e-7
0.54 0.46799999999999997 3.2493851725113218e-6
0.54 0.48 1.0895901877721586e-6
0.54 0.49199999999999994 4.769942455977066e-7
0.54 0.504 2.894936945186818e-7
0.54 0.516 2.425302993676468e-8
0.54 0.528 -3.694286391032988e-8
0.54 0.54 -1.5475720163051995e-8
0.54 0.552 -3.007771627651786e-9
0.54 0.564 -3.576462030428858e-10
0.54 0.576 -2.8523311838225478e-11
0.54 0.588 -1.5701382658761268e-12
0.552 0.0 1.3754220347781903e-20
0.552 0.012 -5.499135981494619e-20
0.552 0.024 -9.52339153990068e-21
0.552 0.036 3.459267633954887e-20
0.552 0.048 -2.5659204651606e-20
0.552 0.06 -3.662580051470191e-18
0.552 0.072 -1.6782194758756983e-20
0.552 0.084 -4.0441479015767164e-18
0.552 0.096 5.3375941710814515e-18
0.552 0.108 5.661558013071249e-15
0.552 0.12 2.1549738463985625e-12
0.552 0.132 3.14366023190615e-10
0.552 0.144 1.9725761175494798e-8
0.552 0.156 5.79363324387014e-7
0.552 0.168 8.450182382680666e-6
0.552 0.18 6.341610241758809e-5
0.552 0.192 0.0002472786593800617
0.552 0.20400000000000001 0.000490376521553268
0.552 0.216 0.00047912681868612656
0.552 0.22799999999999998 0.00032126753434495194
0.552 0.24 0.0004056026952584525
0.552 0.252 0.0004080210124041416
0.552 0.264 0.0001899152691225365
0.552 0.276 5.5275921895279606e-5
0.552 0.288 -1.0066556649980347e-6
0.552 0.3 3.1297414788097514e-6
0.552 0.312 4.7007270819621016e-6
0.552 0.324 -8.394845330034509e-6
0.552 0.336 5.862569470174785e-6
0.552 0.348 1.79292671212867e-6
0.552 0.36 -3.677844934550058e-6
0.552 0.372 -2.3235161052233063e-7
0.552 0.384 -2.131001195179103e-6
0.552 0.396 -1.5166055747632854e-6
0.552 0.40800000000000003 3.847021949369007e-7
0.552 0.42 1.4906392920858775e-6
0.552 0.432 1.2934172932848818e-7
0.552 0.444 -1.1287789336476755e-6
0.552 0.45599999999999996 1.743077255186583e-7
0.552 0.46799999999999997 6.494306948783971e-7
0.552 0.48 2.1680727221429489e-7
0.552 0.49199999999999994 9.699829798971734e-8
0.552 0.504 5.7593688089083884e-8
0.552 0.516 3.3335165418567787e-9
0.552 0.528 -8.25193796396413e-9
0.552 0.54 -3.3371408741806302e-9
0.552 0.552 -6.428631471362366e-10
0.552 0.564 -7.622421054888862e-11
0.552 0.576 -6.074115103936614e-12
0.552 0.588 -3.343035513957338e-13
0.564 0.0 2.0483951512213254e-21
0.564 0.012 -7.82659060597336e-21
0.564 0.024 -1.4954003586215623e-21
0.564 0.036 4.3642324742477664e-21
0.564 0.048 -3.382242111386591e-21
0.564 0.06 -5.560403162786569e-19
0.564 0.072 -1.8137172269768153e-21
0.564 0.084 -5.414909501495323e-19
0.564 0.096 6.448587328687908e-19
0.564 0.108 6.781420041472109e-16
0.564 0.12 2.555577528808389e-13
0.564 0.132 3.6933373246867515e-11
0.564 0.144 2.295659410386412e-9
0.564 0.156 6.672693590150153e-8
0.564 0.168 9.611924576754072e-7
0.564 0.18 7.098952841979668e-6
0.564 0.192 2.7083581877938365e-5
0.564 0.20400000000000001 5.2104202036382424e-5
0.564 0.216 4.9270436076723255e-5
0.564 0.22799999999999998 3.4101907005507576e-5
0.564 0.24 4.1980086628619515e-5
0.564 0.252 3.3182421012113134e-5
0.564 0.264 8.387566690743232e-6
0.564 0.276 1.0305237112743136e-6
0.564 0.288 -1.5879724519898662e-6
0.564 0.3 2.7750235805490364e-7
0.564 0.312 6.166535379807004e-7
0.564 0.324 -1.2245619124289743e-6
0.564 0.336 8.046330259199021e-7
0.564 0.348 2.366465540324907e-7
0.564 0.36 -5.162684584465735e-7
0.564 0.372 -4.046050566678304e-8
0.564 0.384 -2.9807974540041514e-7
0.564 0.396 -2.0771906770460622e-7
0.564 0.40800000000000003 5.1275096851369185e-8
0.564 0.42 2.0704423814452659e-7
0.564 0.432 1.994841759973286e-8
0.564 0.444 -1.5479345934182724e-7
0.564 0.45599999999999996 2.5168203638767642e-8
0.564 0.46799999999999997 8.941397086559e-8
0.564 0.48 2.9796908390883758e-8
0.564 0.49199999999999994 1.3760942802353524e-8
0.564 0.504 7.901205200686105e-9
0.564 0.516 1.727505898450556e-10
0.564 0.528 -1.302004793010244e-9
0.564 0.54 -5.062017353590571e-10
0.564 0.552 -9.650628974677361e-11
0.564 0.564 -1.1404142111564424e-11
0.564 0.576 -9.078729145720349e-13
0.564 0.588 -4.9955789912858054e-14
0.576 0.0 1.794180311430751e-22
0.576 0.012 -6.595737429716181e-22
0.576 0.024 -1.3467154587062036e-22
0.576 0.036 3.6889390550700917e-22
0.576 0.048 -2.8976024664283926e-22
0.576 0.06 -5.2462788541444137e-20
0.576 0.072 -1.0125654617740185e-22
0.576 0.084 -4.532400222946054e-20
0.576 0.096 5.2511284571780656e-20
0.576 0.108 5.4929334508674584e-17
0.576 0.12 2.057097852012056e-14
0.576 0.132 2.9583342679585285e-12
0.576 0.144 1.8318106267133843e-10
0.576 0.156 5.309677655318973e-9
0.576 0.168 7.636834562093131e-8
0.576 0.18 5.643625643936508e-7
0.576 0.192 2.164757562331773e-6
0.576 0.20400000000000001 4.240461325940657e-6
0.576 0.216 4.213552241367259e-6
0.576 0.22799999999999998 2.968684886040718e-6
0.576 0.24 2.950788514638743e-6
0.576 0.252 1.7500064823059466e-6
0.576 0.264 1.1374005079644565e-7
0.576 0.276 -5.860297243829511e-8
0.576 0.288 -1.8838242958042876e-7
0.576 0.3 1.768966462136514e-8
0.576 0.312 5.011870634091927e-8
0.576 0.324 -1.1585059346864938e-7
0.576 0.336 6.718014231181538e-8
0.576 0.348 1.9404022379394312e-8
0.576 0.36 -4.58990532449199e-8
0.576 0.372 -4.777013994488575e-9
0.576 0.384 -2.5743913806397982e-8
0.576 0.396 -1.7616248153444452e-8
0.576 0.40800000000000003 3.737272642526194e-9
0.576 0.42 1.7581878554327784e-8
0.576 0.432 2.2899327266536033e-9
0.576 0.444 -1.282593962246778e-8
0.576 0.45599999999999996 2.29949905500457e-9
0.576 0.46799999999999997 7.682996910433188e-9
0.576 0.48 2.5752423002067933e-9
0.576 0.49199999999999994 1.2077618951481599e-9
0.576 0.504 6.797553592294668e-10
0.576 0.516 4.177201250459165e-12
0.576 0.528 -1.1818062765913952e-10
0.576 0.54 -4.528545555113268e-11
0.576 0.552 -8.599827356260153e-12
0.576 0.564 -1.0149335984015186e-12
0.576 0.576 -8.076671743785006e-14
0.576 0.588 -4.443784322749709e-15
0.588 0.0 9.743188532391755e-24
0.588 0.012 -3.214263383499184e-23
0.588 0.024 -6.958125622170174e-24
0.588 0.036 2.0567525316362267e-23
0.588 0.048 -1.6030424324507593e-23
0.588 0.06 -2.978057328304429e-21
0.588 0.072 -3.414896511372608e-24
0.588 0.084 -2.4300823390211055e-21
0.588 0.096 2.998577187991242e-21
0.588 0.108 3.137815597246196e-18
0.588 0.12 1.1773646664881045e-15
0.588 0.132 1.6986559161119694e-13
0.588 0.144 1.0570500421686406e-11
0.588 0.156 3.0868955446040494e-10
0.588 0.168 4.490316353316588e-9
0.588 0.18 3.377545450450774e-8
0.588 0.192 1.3335538428372034e-7
0.588 0.20400000000000001 2.742396455946385e-7
0.588 0.216 2.912738809596394e-7
0.588 0.22799999999999998 1.9043642028281926e-7
0.588 0.24 1.3270191704744415e-7
0.588 0.252 5.779647432060168e-8
0.588 0.264 -6.6547693969285146e-9
0.588 0.276 -5.351316604162908e-9
0.588 0.288 -1.1898028233702406e-8
0.588 0.3 7.437258365200359e-10
0.588 0.312 2.5723540848959986e-9
0.588 0.324 -6.722207404872333e-9
0.588 0.336 3.437690503431462e-9
0.588 0.348 1.010112093900265e-9
0.588 0.36 -2.5386221977164227e-9
0.588 0.372 -3.207708705083891e-10
0.588 0.384 -1.3659575754789568e-9
0.588 0.396 -9.302634423847032e-10
0.588 0.40800000000000003 1.5319408983192505e-10
0.588 0.42 9.154912794019704e-10
0.588 0.432 1.599381617869167e-10
0.588 0.444 -6.513242251487385e-10
0.588 0.45599999999999996 1.2856401507913458e-10
0.588 0.46799999999999997 4.122441381683504e-10
0.588 0.48 1.3965716532513768e-10
0.588 0.49199999999999994 6.46411453416031e-11
0.588 0.504 3.66763822526685e-11
0.588 0.516 8.959036477816947e-13
0.588 0.528 -5.9601395477353736e-12
0.588 0.54 -2.3234950384029067e-12
0.588 0.552 -4.433456955622267e-13
0.588 0.564 -5.240459582712123e-14
0.588 0.576 -4.172110002109374e-15
0.588 0.588 -2.295706645858657e-16
