6.96 6.96 -3.8897141917316215e-45
6.96 7.08 1.185967539245386e-30
6.96 7.200000000000001 6.023454165184111e-31
6.96 7.32 1.732769838318843e-45
6.96 7.799999999999999 1.7957536917769992e-16
6.96 7.92 1.7861273641905756e-14
6.96 8.04 3.9750400838002826e-24
6.96 9.36 2.742218746199014e-21
6.96 9.48 2.1104562042676265e-19
6.96 9.6 7.98842559370187e-18
6.96 9.719999999999999 1.14218081628563e-16
6.96 9.84 6.782825261551152e-16
6.96 9.96 2.69470395125012e-15
6.96 10.08 7.068998541508321e-15
6.96 10.2 6.313055059087716e-15
6.96 10.32 1.4080908801651932e-15
6.96 10.44 7.14568609624927e-17
6.96 10.56 7.89801808354331e-19
7.08 6.96 -4.5691291974828707e-35
7.08 7.08 -1.0191106608619852e-21
7.08 7.200000000000001 2.3788397889082124e-21
7.08 7.32 -1.9877148020608386e-19
7.08 7.799999999999999 1.4127949249053802e-7
7.08 7.92 0.0018295026048791047
7.08 8.04 2.4919985432622345e-12
7.08 9.36 3.033990871821353e-9
7.08 9.48 1.6642743653148457e-7
7.08 9.6 3.7900073133767826e-6
7.08 9.719999999999999 4.482479654299146e-5
7.08 9.84 0.000263279282093135
7.08 9.96 0.0006844988010950651
7.08 10.08 0.0007430801883171353
7.08 10.2 0.00030919452466177295
7.08 10.32 4.323995255800043e-5
7.08 10.44 1.7421476834636632e-6
7.08 10.56 1.778628306449883e-8
7.200000000000001 6.96 6.830496838026716e-32
7.200000000000001 7.08 6.162183373382281e-17
7.200000000000001 7.200000000000001 6.447089227386642e-17
7.200000000000001 7.32 -4.384259100695661e-16
7.200000000000001 7.799999999999999 1.0375230606450791e-6
7.200000000000001 7.92 11.552967650550688
7.200000000000001 8.04 1.4080846957037353e-5
7.200000000000001 9.36 4.173611998358541e-5
7.200000000000001 9.48 0.002516282213614891
7.200000000000001 9.6 0.05408803316555336
7.200000000000001 9.719999999999999 0.49015808338499395
7.200000000000001 9.84 2.0637728053415496
7.200000000000001 9.96 4.046524148738846
7.200000000000001 10.08 3.625389633791804
7.200000000000001 10.2 1.3555868221758687
7.200000000000001 10.32 0.17458122424847758
7.200000000000001 10.44 0.006368476758796588
7.200000000000001 10.56 5.802083695232568e-5
7.32 6.96 -7.77496275003468e-33
7.32 7.08 9.202768885723514e-32
7.32 7.200000000000001 -1.6745666915924484e-31
7.32 7.32 -2.740426397999826e-32
7.32 7.799999999999999 2.768099559213253e-11
7.32 7.92 0.030347912048218642
7.32 8.04 4.89231301885389e-5
7.32 9.36 1.5141177791404373e-9
7.32 9.48 3.3937869933540033e-7
7.32 9.6 2.5051594660906425e-5
7.32 9.719999999999999 0.0005697050139266036
7.32 9.84 0.00419606802860336
7.32 9.96 0.011173164128197324
7.32 10.08 0.012271313561117863
7.32 10.2 0.005377916469227008
7.32 10.32 0.0007498903902055168
7.32 10.44 2.7420960711856983e-5
7.32 10.56 2.4000053200283767e-7
7.44 6.96 2.2404378809003382e-38
7.44 7.08 2.527711363052348e-22
7.44 7.200000000000001 -1.0735167389970295e-35
7.44 7.32 -5.1731550177037204e-36
7.44 7.799999999999999 2.7415909970999227e-17
7.44 7.92 4.681321571715545e-9
7.44 8.04 1.0526536547912712e-10
7.44 9.36 8.47405502374252e-13
7.44 9.48 1.647019929877656e-10
7.44 9.6 9.326807085216351e-9
7.44 9.719999999999999 1.615061725799272e-7
7.44 9.84 8.917931722255293e-7
7.44 9.96 1.6262212748138145e-6
7.44 10.08 1.0069936896729053e-6
7.44 10.2 2.1600481033368848e-7
7.44 10.32 1.6216229406740226e-8
7.44 10.44 4.258088070391791e-10
7.44 10.56 3.878373172333994e-12
7.799999999999999 6.96 1.0419232811337383e-14
7.799999999999999 7.08 9.290094208285472e-7
7.799999999999999 7.200000000000001 6.9294656274048236e-6
7.799999999999999 7.32 2.055825533319168e-10
7.799999999999999 7.799999999999999 2.4117103550138424e-37
7.799999999999999 7.92 -2.9283298940620475e-36
7.799999999999999 8.04 1.5322845204067091e-35
7.799999999999999 9.36 8.215927901729063e-11
7.799999999999999 9.48 3.910708109978554e-9
7.799999999999999 9.6 7.957769850948401e-8
7.799999999999999 9.719999999999999 6.787164640647814e-7
7.799999999999999 9.84 2.1224169274790673e-6
7.799999999999999 9.96 2.4939820394019162e-6
7.799999999999999 10.08 1.1750494751291837e-6
7.799999999999999 10.2 2.040885669574138e-7
7.799999999999999 10.32 1.1204129086974938e-8
7.799999999999999 10.44 1.7458469980578273e-10
7.799999999999999 10.56 7.293125281007258e-13
7.92 6.96 5.892318509031414e-14
7.92 7.08 0.0025436446947448934
7.92 7.200000000000001 11.121171600459052
7.92 7.32 0.05374959411719038
7.92 7.799999999999999 1.636937402930292e-31
7.92 7.92 -8.987810429650393e-31
7.92 8.04 8.154174058510443e-31
7.92 9.36 4.094278967581962e-5
7.92 9.48 0.0024304017673975327
7.92 9.6 0.05153898780204847
7.92 9.719999999999999 0.47100518075655434
7.92 9.84 2.0222480035005033
7.92 9.96 3.9955962575893516
7.92 10.08 3.5866048540533098
7.92 10.2 1.3337135234983608
7.92 10.32 0.16770274402113444
7.92 10.44 0.005862553316078962
7.92 10.56 5.053262212007398e-5
8.04 6.96 -4.66545870041519e-22
8.04 7.08 2.582583776464906e-12
8.04 7.200000000000001 1.5292484964419536e-5
8.04 7.32 0.0002315973225970354
8.04 7.799999999999999 -2.748186872987221e-22
8.04 7.92 -1.827409071680405e-35
8.04 8.04 -3.2391523040766943e-35
8.04 9.36 4.53504590711727e-12
8.04 9.48 2.0349796473069647e-10
8.04 9.6 3.5764201472285103e-9
8.04 9.719999999999999 4.118781651057552e-8
8.04 9.84 4.250580299160574e-7
8.04 9.96 2.264653787466287e-6
8.04 10.08 4.375107730222699e-6
8.04 10.2 2.8123512322258402e-6
8.04 10.32 5.469253399464888e-7
8.04 10.44 2.8413995325944446e-8
8.04 10.56 3.5854276720879283e-10
9.36 6.96 4.680658647652017e-22
9.36 7.08 1.0555682764827599e-9
9.36 7.200000000000001 2.4114342230461228e-5
9.36 7.32 2.3003365254128305e-10
9.36 7.799999999999999 1.6906961623233873e-10
9.36 7.92 2.2602019828689558e-5
9.36 8.04 5.379875927386915e-12
9.36 9.36 -1.3242637490755673e-29
9.36 9.48 -7.616823651841003e-24
9.36 9.6 -1.1570401772242232e-22
9.36 9.719999999999999 -8.221981598572635e-24
9.36 9.84 1.9330156706763362e-23
9.36 9.96 4.982192369397497e-25
9.36 10.08 9.780308464844547e-25
9.36 10.2 -7.981777928793341e-26
9.36 10.32 3.338347324682133e-26
9.36 10.44 9.476433762861181e-27
9.36 10.56 6.7883451034701e-31
9.48 6.96 2.3206232478419797e-20
9.48 7.08 6.383073831221796e-8
9.48 7.200000000000001 0.0016935926594304838
9.48 7.32 1.8960408684273806e-8
9.48 7.799999999999999 8.317530129791834e-9
9.48 7.92 0.0014755897692004711
9.48 8.04 2.5846406301115446e-10
9.48 9.36 -1.7818358364079227e-18
9.48 9.48 -2.546591004141561e-19
9.48 9.6 -1.8223543343386886e-19
9.48 9.719999999999999 6.543489493514118e-20
9.48 9.84 6.125724263378584e-20
9.48 9.96 3.141158820808328e-20
9.48 10.08 -2.1412277521198753e-21
9.48 10.2 6.0030752381445886e-21
9.48 10.32 -1.2769285351656266e-21
9.48 10.44 6.73740013019202e-24
9.48 10.56 -1.4327200237002823e-24
9.6 6.96 9.490803390738588e-19
9.6 7.08 1.4682058475212852e-6
9.6 7.200000000000001 0.04327998757841733
9.6 7.32 1.072528627335828e-6
9.6 7.799999999999999 1.474811770202989e-7
9.6 7.92 0.03836316480513907
9.6 8.04 4.9589236152167405e-9
9.6 9.36 -5.96112830276686e-17
9.6 9.48 6.126527720615178e-20
9.6 9.6 -1.5240927660292652e-18
9.6 9.719999999999999 -1.5453730457703692e-19
9.6 9.84 1.1419092262808637e-18
9.6 9.96 2.194219966554328e-19
9.6 10.08 1.7072543272592487e-19
9.6 10.2 4.391655757052834e-21
9.6 10.32 6.335311059479508e-21
9.6 10.44 1.9783936162794287e-22
9.6 10.56 1.927724596499234e-24
9.719999999999999 6.96 2.257283375193357e-17
9.719999999999999 7.08 1.6351320812470674e-5
9.719999999999999 7.200000000000001 0.4495070881731091
9.719999999999999 7.32 2.641679012314915e-5
9.719999999999999 7.799999999999999 9.58616891802316e-7
9.719999999999999 7.92 0.41385154380044004
9.719999999999999 8.04 4.5791835142598494e-8
9.719999999999999 9.36 -2.259739581381096e-16
9.719999999999999 9.48 7.273626062689071e-18
9.719999999999999 9.6 -2.795287750748845e-17
9.719999999999999 9.719999999999999 -3.753244427969466e-18
9.719999999999999 9.84 2.6360799318850868e-17
9.719999999999999 9.96 4.855411692810107e-18
9.719999999999999 10.08 3.0276803701542665e-18
9.719999999999999 10.2 -2.491164144959229e-20
9.719999999999999 10.32 9.209394313636224e-20
9.719999999999999 10.44 -8.896698430164588e-22
9.719999999999999 10.56 -1.1842798860610683e-23
9.84 6.96 2.628662781867082e-16
9.84 7.08 0.00010555245275342258
9.84 7.200000000000001 2.0209055751277205
9.84 7.32 0.00020882096847592958
9.84 7.799999999999999 2.320746000619822e-6
9.84 7.92 1.9177790067858371
9.84 8.04 3.0453659877031955e-7
9.84 9.36 -4.46097789019542e-16
9.84 9.48 -1.3316948867059082e-16
9.84 9.6 1.0039409673043355e-16
9.84 9.719999999999999 -4.0931556663540057e-17
9.84 9.84 1.4209339630021007e-16
9.84 9.96 -1.718622269778812e-17
9.84 10.08 -1.2162046986289031e-17
9.84 10.2 -8.604106840438399e-18
9.84 10.32 5.326087311562792e-19
9.84 10.44 -9.947506087958631e-21
9.84 10.56 3.955452297824197e-23
9.96 6.96 1.8706698835181852e-15
9.96 7.08 0.00037657062369123457
9.96 7.200000000000001 4.049176969980502
9.96 7.32 0.0004834612236534796
9.96 7.799999999999999 2.20809127959347e-6
9.96 7.92 3.9347200085452676
9.96 8.04 1.3398279725242944e-6
9.96 9.36 4.144982093841319e-17
9.96 9.48 3.3781937724285856e-16
9.96 9.6 1.4812505520526207e-15
9.96 9.719999999999999 5.16137112432735e-17
9.96 9.84 2.298261180590137e-16
9.96 9.96 1.5732358717600638e-16
9.96 10.08 2.802729704438863e-17
9.96 10.2 -1.482957672083894e-17
9.96 10.32 2.7743388040504704e-18
9.96 10.44 5.496333799405745e-20
9.96 10.56 1.391297653660831e-21
10.08 6.96 5.2247170002671075e-15
10.08 7.08 0.0005988613067000526
10.08 7.200000000000001 3.636633087712105
10.08 7.32 0.00029924619628950134
10.08 7.799999999999999 8.945772581216002e-7
10.08 7.92 3.5797812092728765
10.08 8.04 2.623310187655396e-6
10.08 9.36 -4.911775910859328e-18
10.08 9.48 4.320160468311611e-16
10.08 9.6 1.107357687754234e-16
10.08 9.719999999999999 -1.024357551350306e-16
10.08 9.84 3.8259187677049366e-16
10.08 9.96 1.405969008840372e-16
10.08 10.08 1.1947032017947095e-16
10.08 10.2 -9.778783485504225e-18
10.08 10.32 7.832862657728076e-19
10.08 10.44 -5.009616053814316e-20
10.08 10.56 1.0417921350589485e-21
10.2 6.96 3.910466599091394e-15
10.2 7.08 0.00032929625869379287
10.2 7.200000000000001 1.3426231124318841
10.2 7.32 4.2002591298123104e-5
10.2 7.799999999999999 1.4648436191837704e-7
10.2 7.92 1.3250704250584318
10.2 8.04 1.8703943767681124e-6
10.2 9.36 -1.6044512752303542e-17
10.2 9.48 -3.832271986124003e-18
10.2 9.6 1.4348777396524227e-16
10.2 9.719999999999999 -1.9009286573395607e-17
10.2 9.84 -3.0196360180490425e-17
10.2 9.96 4.363629069393555e-17
10.2 10.08 8.414784536509873e-17
10.2 10.2 6.5222121940018894e-18
10.2 10.32 3.2769709791054476e-18
10.2 10.44 5.691938007439054e-20
10.2 10.56 7.924346534409569e-22
10.32 6.96 7.00722259880921e-16
10.32 7.08 5.125874963120498e-5
10.32 7.200000000000001 0.16755318471185082
10.32 7.32 1.16946897999306e-6
10.32 7.799999999999999 8.121878462034833e-9
10.32 7.92 0.16593670588317067
10.32 8.04 3.986721310547995e-7
10.32 9.36 -2.903299492904632e-19
10.32 9.48 -1.6704090938872729e-18
10.32 9.6 9.294609728549955e-19
10.32 9.719999999999999 2.6594476302032602e-18
10.32 9.84 4.704820324351191e-18
10.32 9.96 1.1814648905349048e-17
10.32 10.08 1.7071241716629444e-17
10.32 10.2 4.596577339108981e-18
10.32 10.32 6.575344021620834e-19
10.32 10.44 1.2970401629109122e-20
10.32 10.56 2.1150224471831808e-22
10.44 6.96 2.881505804544531e-17
10.44 7.08 2.000709865201005e-6
10.44 7.200000000000001 0.005783205882172689
10.44 7.32 3.398822163370532e-8
10.44 7.799999999999999 1.33255416415755e-10
10.44 7.92 0.005783634757237896
10.44 8.04 2.1583841591691943e-8
10.44 9.36 -7.739710878757808e-25
10.44 9.48 -8.994850885130147e-21
10.44 9.6 -7.870157115009215e-20
10.44 9.719999999999999 -1.5337244142520025e-19
10.44 9.84 -2.8893400477607286e-20
10.44 9.96 2.095183013439559e-19
10.44 10.08 3.6251467071573195e-19
10.44 10.2 1.381312669085365e-20
10.44 10.32 1.8024127471338095e-20
10.44 10.44 -1.1289433917162973e-22
10.44 10.56 8.0873074405102135e-25
10.56 6.96 2.636147492084462e-19
10.56 7.08 1.8350786866669875e-8
10.56 7.200000000000001 4.897839379960157e-5
10.56 7.32 7.493316339700032e-10
10.56 7.799999999999999 6.070318241794061e-13
10.56 7.92 4.9644497510449695e-5
10.56 8.04 2.7132012748975237e-10
10.56 9.36 7.728875875996273e-23
10.56 9.48 -1.26511827350596e-22
10.56 9.6 -1.5416694591587839e-21
10.56 9.719999999999999 -9.326716808982645e-22
10.56 9.84 -2.638138387292338e-21
10.56 9.96 -1.7740897221395494e-21
10.56 10.08 -2.079894679515312e-21
10.56 10.2 -3.5557332753092664e-22
10.56 10.32 1.6967010139493436e-22
10.56 10.44 1.164667279574951e-24
10.56 10.56 4.1506398538370867e-26
