7.08 -1.3 3.714777954540014e-12
7.08 -1.1600000000000001 1.965184991724212e-9
7.08 -1.02 3.1951162077296096e-7
7.08 -0.8799999999999999 1.4498525125550065e-5
7.08 -0.7400000000000002 0.00016849947691701574
7.08 -0.6000000000000001 0.00046651827395653093
7.08 -0.45999999999999996 0.000290452038738155
7.08 -0.32000000000000006 3.8802580649524575e-5
7.08 -0.17999999999999994 1.0584678051989343e-6
7.08 -0.039999999999999813 5.585139817321233e-9
7.08 0.10000000000000009 7.123211334320113e-12
7.08 1.5 2.007040207595595e-14
7.08 1.6400000000000001 5.534789313531431e-13
7.08 1.7800000000000002 1.2260226429456695e-11
7.08 1.9200000000000004 2.091693832821163e-10
7.08 2.0599999999999996 2.4226965491659824e-9
7.08 2.2 1.8425796049526103e-8
7.08 2.34 1.2536630363542056e-7
7.08 2.4800000000000004 1.313725879479705e-6
7.08 2.62 1.4861404329893369e-5
7.08 2.7600000000000007 0.00011033292975190116
7.08 2.9 0.00044248450612472865
7.08 3.0399999999999996 0.000859849348281778
7.08 3.18 0.0007474486412825829
7.08 3.32 0.00027486614110625317
7.08 3.4600000000000004 4.140621524649828e-5
7.08 3.6 2.5228073686672793e-6
7.08 3.7399999999999993 6.213984024804625e-8
7.08 3.88 6.237031531639425e-10
7.08 4.02 2.6076547325660934e-12
7.08 4.16 4.777616608065815e-15
7.08 4.3 4.193230330651806e-18
7.200000000000001 -1.3 3.064028745026253e-8
7.200000000000001 -1.1600000000000001 1.620106491490172e-5
7.200000000000001 -1.02 0.002631940144610901
7.200000000000001 -0.8799999999999999 0.11931567548873824
7.200000000000001 -0.7400000000000002 1.3854398920924984
7.200000000000001 -0.6000000000000001 3.833463119796676
7.200000000000001 -0.45999999999999996 2.3861925904345305
7.200000000000001 -0.32000000000000006 0.3188283316473639
7.200000000000001 -0.17999999999999994 0.008675708946098776
7.200000000000001 -0.039999999999999813 4.374074969487117e-5
7.200000000000001 0.10000000000000009 3.4148198863762066e-8
7.200000000000001 1.5 7.164487099034885e-14
7.200000000000001 1.6400000000000001 3.7731000881073915e-12
7.200000000000001 1.7800000000000002 1.824929074692337e-10
7.200000000000001 1.9200000000000004 8.043509604402786e-9
7.200000000000001 2.0599999999999996 3.137713256347736e-7
7.200000000000001 2.2 1.0345253632874707e-5
7.200000000000001 2.34 0.0002702894777231844
7.200000000000001 2.4800000000000004 0.005143133518087915
7.200000000000001 2.62 0.06444440825469767
7.200000000000001 2.7600000000000007 0.47698014647158443
7.200000000000001 2.9 1.8746256692217775
7.200000000000001 3.0399999999999996 3.556601463729688
7.200000000000001 3.18 3.014718521668145
7.200000000000001 3.32 1.0798076987692031
7.200000000000001 3.4600000000000004 0.15794282030889298
7.200000000000001 3.6 0.009276839551516492
7.200000000000001 3.7399999999999993 0.0002177068538966829
7.200000000000001 3.88 2.053123813772155e-6
7.200000000000001 4.02 7.96631523793964e-9
7.200000000000001 4.16 1.344703192301976e-11
7.200000000000001 4.3 1.0908026160260289e-14
7.32 -1.3 1.621293069065158e-13
7.32 -1.1600000000000001 8.581599636857252e-11
7.32 -1.02 1.3964796919272035e-8
7.32 -0.8799999999999999 6.343268965193938e-7
7.32 -0.7400000000000002 7.378148991146585e-6
7.32 -0.6000000000000001 2.0433325756203014e-5
7.32 -0.45999999999999996 1.2713175018690736e-5
7.32 -0.32000000000000006 1.6961738246323714e-6
7.32 -0.17999999999999994 4.68903246389802e-8
7.32 -0.039999999999999813 3.0174729813363614e-10
7.32 0.10000000000000009 9.451283717007807e-13
7.32 1.5 -2.801924483635314e-16
7.32 1.6400000000000001 -7.687678359350228e-15
7.32 1.7800000000000002 -1.6843603207018398e-13
7.32 1.9200000000000004 -2.784924395444523e-12
7.32 2.0599999999999996 -2.8363087649213813e-11
7.32 2.2 -7.845478657902761e-11
7.32 2.34 2.8140719780976605e-9
7.32 2.4800000000000004 6.596471528854308e-8
7.32 2.62 8.116844615240193e-7
7.32 2.7600000000000007 5.681440300729914e-6
7.32 2.9 2.076028884056157e-5
7.32 3.0399999999999996 3.607788616875697e-5
7.32 3.18 2.7578615314433902e-5
7.32 3.32 8.722191342643116e-6
7.32 3.4600000000000004 1.0809473343684965e-6
7.32 3.6 4.878662300000964e-8
7.32 3.7399999999999993 6.719575824487963e-10
7.32 3.88 3.012075317286856e-13
7.32 4.02 -2.877476161658213e-14
7.32 4.16 -1.0859329492025444e-16
7.32 4.3 -1.3896277829815475e-19
7.799999999999999 -1.3 -3.957256999567904e-14
7.799999999999999 -1.1600000000000001 -1.6681859032037753e-11
7.799999999999999 -1.02 -1.5892800245046914e-9
7.799999999999999 -0.8799999999999999 -1.3345489056125346e-8
7.799999999999999 -0.7400000000000002 4.0328851231424463e-7
7.799999999999999 -0.6000000000000001 1.6560297533541016e-6
7.799999999999999 -0.45999999999999996 3.0229154886231956e-7
7.799999999999999 -0.32000000000000006 -1.302578393863824e-7
7.799999999999999 -0.17999999999999994 5.854590418319058e-8
7.799999999999999 -0.039999999999999813 5.4657206747690436e-9
7.799999999999999 0.10000000000000009 5.955932491215169e-11
7.799999999999999 1.5 1.374603739384993e-14
7.799999999999999 1.6400000000000001 3.812500759281946e-13
7.799999999999999 1.7800000000000002 8.474075700514828e-12
7.799999999999999 1.9200000000000004 1.4528980400693895e-10
7.799999999999999 2.0599999999999996 1.6951117944775463e-9
7.799999999999999 2.2 1.2461937214407877e-8
7.799999999999999 2.34 5.928422701477261e-8
7.799999999999999 2.4800000000000004 2.0253369805638653e-7
7.799999999999999 2.62 5.16608082532637e-7
7.799999999999999 2.7600000000000007 8.982147016465278e-7
7.799999999999999 2.9 9.132406348847106e-7
7.799999999999999 3.0399999999999996 3.7521862424098054e-7
7.799999999999999 3.18 -8.984844218023036e-8
7.799999999999999 3.32 -1.1053429321113012e-7
7.799999999999999 3.4600000000000004 -2.5796504410072992e-8
7.799999999999999 3.6 -2.0579147671185663e-9
7.799999999999999 3.7399999999999993 -5.6881911148989794e-11
7.799999999999999 3.88 -5.133600018267724e-13
7.799999999999999 4.02 -1.4022696559609831e-15
7.799999999999999 4.16 -1.0780290412652023e-18
7.799999999999999 4.3 -2.189145173303072e-22
7.92 -1.3 8.702004505592417e-8
7.92 -1.1600000000000001 4.127115911275346e-5
7.92 -1.02 0.005623002392521224
7.92 -0.8799999999999999 0.20083695825570622
7.92 -0.7400000000000002 1.802642912342229
7.92 -0.6000000000000001 4.316839431674813
7.92 -0.45999999999999996 3.3117650705539576
7.92 -0.32000000000000006 0.9187805202082098
7.92 -0.17999999999999994 0.08249052446977935
7.92 -0.039999999999999813 0.001984607238173493
7.92 0.10000000000000009 1.1221159630864718e-5
7.92 1.5 1.386585646870517e-8
7.92 1.6400000000000001 4.08506431847086e-7
7.92 1.7800000000000002 9.296989253178206e-6
7.92 1.9200000000000004 0.00016562835046867724
7.92 2.0599999999999996 0.002171799770440957
7.92 2.2 0.020044689310920256
7.92 2.34 0.1284366144955046
7.92 2.4800000000000004 0.5520911506148704
7.92 2.62 1.5031772675630337
7.92 2.7600000000000007 2.5289695870624835
7.92 2.9 2.7157360859655832
7.92 3.0399999999999996 1.9215595276104793
7.92 3.18 0.8558853219379698
7.92 3.32 0.2138470853424569
7.92 3.4600000000000004 0.026181863072291364
7.92 3.6 0.0013738946181291235
7.92 3.7399999999999993 2.7143115665101948e-5
7.92 3.88 1.7938967198186168e-7
7.92 4.02 3.6021424346552e-10
7.92 4.16 2.0477763005939729e-13
7.92 4.3 3.130138792926492e-17
8.04 -1.3 6.103720459857778e-14
8.04 -1.1600000000000001 2.621372558487398e-11
8.04 -1.02 2.770432367782655e-9
8.04 -0.8799999999999999 5.222966901484912e-8
8.04 -0.7400000000000002 2.8286809695528106e-9
8.04 -0.6000000000000001 1.1371499465498245e-7
8.04 -0.45999999999999996 2.080624198007306e-6
8.04 -0.32000000000000006 6.661511226468445e-7
8.04 -0.17999999999999994 -1.0269095800708068e-7
8.04 -0.039999999999999813 -1.0519732426113025e-8
8.04 0.10000000000000009 -1.1449019431611221e-10
8.04 1.5 3.8662011953614234e-14
8.04 1.6400000000000001 1.0979092734325752e-12
8.04 1.7800000000000002 2.4521454252668902e-11
8.04 1.9200000000000004 4.2073818326043516e-10
8.04 2.0599999999999996 4.968684022968014e-9
8.04 2.2 3.7448395037133596e-8
8.04 2.34 1.7884274269986147e-7
8.04 2.4800000000000004 5.434326568090971e-7
8.04 2.62 9.739065895227015e-7
8.04 2.7600000000000007 8.832425025968394e-7
8.04 2.9 3.5490677184066165e-7
8.04 3.0399999999999996 6.970245921742954e-8
8.04 3.18 8.175152403336442e-9
8.04 3.32 -4.882934815558815e-9
8.04 3.4600000000000004 -2.2414510143991666e-9
8.04 3.6 -2.492458490966476e-10
8.04 3.7399999999999993 -8.630617659924286e-12
8.04 3.88 -9.262539785093851e-14
8.04 4.02 -2.9108774109709324e-16
8.04 4.16 -2.506076927435165e-19
8.04 4.3 -5.491545560971516e-23
9.36 -1.3 -3.625754786794202e-24
9.36 -1.1600000000000001 -1.9181181522517987e-21
9.36 -1.02 -3.1186632336960717e-19
9.36 -0.8799999999999999 -1.415197076425153e-17
9.36 -0.7400000000000002 -1.6447540597894313e-16
9.36 -0.6000000000000001 -4.553808336029733e-16
9.36 -0.45999999999999996 -2.8351440758512597e-16
9.36 -0.32000000000000006 -3.78750709518973e-17
9.36 -0.17999999999999994 -1.0335555566117364e-18
9.36 -0.039999999999999813 -5.48331237701605e-21
9.36 0.10000000000000009 -6.771066623883203e-24
9.36 1.5 -1.3192194826771979e-13
9.36 1.6400000000000001 -2.3738486648829406e-12
9.36 1.7800000000000002 -2.1755751398454672e-11
9.36 1.9200000000000004 -9.993979816511677e-11
9.36 2.0599999999999996 -2.0622188972055304e-10
9.36 2.2 9.087592547908191e-11
9.36 2.34 2.1052644924585e-9
9.36 2.4800000000000004 9.981723446325374e-9
9.36 2.62 3.955256126084615e-8
9.36 2.7600000000000007 1.3058523919744663e-7
9.36 2.9 3.0840202763804565e-7
9.36 3.0399999999999996 4.52201997805251e-7
9.36 3.18 3.6458888247580173e-7
9.36 3.32 1.468749327752899e-7
9.36 3.4600000000000004 2.7677169866260338e-8
9.36 3.6 2.3496069794836895e-9
9.36 3.7399999999999993 8.891166229106828e-11
9.36 3.88 1.5045740037367246e-12
9.36 4.02 1.1271752563683227e-14
9.36 4.16 3.64315079050785e-17
9.36 4.3 4.983055895500452e-20
9.48 -1.3 -2.117954594244873e-24
9.48 -1.1600000000000001 -1.1204528137596358e-21
9.48 -1.02 -1.8217412682639314e-19
9.48 -0.8799999999999999 -8.266754225342599e-18
9.48 -0.7400000000000002 -9.607844076217142e-17
9.48 -0.6000000000000001 -2.6600694499550523e-16
9.48 -0.45999999999999996 -1.656102508759233e-16
9.48 -0.32000000000000006 -2.2124412496149702e-17
9.48 -0.17999999999999994 -6.051168179040077e-19
9.48 -0.039999999999999813 -3.2030314578225914e-21
9.48 0.10000000000000009 2.1388438066398435e-22
9.48 1.5 -1.777792186002229e-11
9.48 1.6400000000000001 -3.197899697573121e-10
9.48 1.7800000000000002 -2.9272240813616643e-9
9.48 1.9200000000000004 -1.3369967840546739e-8
9.48 2.0599999999999996 -2.6324983317231696e-8
9.48 2.2 2.9365566587714893e-8
9.48 2.34 4.376884132902314e-7
9.48 2.4800000000000004 2.35488054431543e-6
9.48 2.62 9.980209589795453e-6
9.48 2.7600000000000007 3.2497634344382676e-5
9.48 2.9 7.427967698130505e-5
9.48 3.0399999999999996 0.00010678662433966714
9.48 3.18 8.53938687889619e-5
9.48 3.32 3.421874147453332e-5
9.48 3.4600000000000004 6.413505107141426e-6
9.48 3.6 5.4248279699039e-7
9.48 3.7399999999999993 2.0500777280734917e-8
9.48 3.88 3.4600589502203815e-10
9.48 4.02 2.575142263268827e-12
9.48 4.16 8.252940091686285e-15
9.48 4.3 1.1204435887994444e-17
9.6 -1.3 -1.0215845852185405e-30
9.6 -1.1600000000000001 -5.404420196726541e-28
9.6 -1.02 -8.786953765919655e-26
9.6 -0.8799999999999999 1.558314076795237e-22
9.6 -0.7400000000000002 -9.918200952489413e-20
9.6 -0.6000000000000001 -5.768835428464037e-22
9.6 -0.45999999999999996 1.3534598936947489e-19
9.6 -0.32000000000000006 -2.154232477446495e-22
9.6 -0.17999999999999994 -9.392888313899481e-20
9.6 -0.039999999999999813 -1.5426445736954318e-27
9.6 0.10000000000000009 2.0847282995929165e-20
9.6 1.5 -3.968971492848459e-10
9.6 1.6400000000000001 -7.124941765049789e-9
9.6 1.7800000000000002 -6.476368867225215e-8
9.6 1.9200000000000004 -2.8614932278161313e-7
9.6 2.0599999999999996 -4.0722283455799177e-7
9.6 2.2 2.7022414820393007e-6
9.6 2.34 2.757609678111052e-5
9.6 2.4800000000000004 0.00016536699392386955
9.6 2.62 0.000725076659795621
9.6 2.7600000000000007 0.0022900293736223833
9.6 2.9 0.0050358548545454485
9.6 3.0399999999999996 0.007088142011244494
9.6 3.18 0.00561582962287507
9.6 3.32 0.0022277061637234613
9.6 3.4600000000000004 0.0004107378934970994
9.6 3.6 3.402547849645516e-5
9.6 3.7399999999999993 1.2582995540540627e-6
9.6 3.88 2.0791238991064948e-8
9.6 4.02 1.5162292161171556e-10
9.6 4.16 4.774071865604998e-13
9.6 4.3 6.393120023370233e-16
9.719999999999999 -1.3 -3.6071515448739185e-24
9.719999999999999 -1.1600000000000001 -1.9082765555927457e-21
9.719999999999999 -1.02 -3.1026618075507256e-19
9.719999999999999 -0.8799999999999999 -1.407595450480979e-17
9.719999999999999 -0.7400000000000002 -1.654295373790136e-16
9.719999999999999 -0.6000000000000001 -4.530521742439674e-16
9.719999999999999 -0.45999999999999996 -2.798620325689263e-16
9.719999999999999 -0.32000000000000006 -3.768339166107537e-17
9.719999999999999 -0.17999999999999994 -2.856229248083842e-18
9.719999999999999 -0.039999999999999813 -5.455178222173702e-21
9.719999999999999 0.10000000000000009 5.192202279530276e-19
9.719999999999999 1.5 1.9545458950850007e-9
9.719999999999999 1.6400000000000001 3.5940954756182896e-8
9.719999999999999 1.7800000000000002 3.5325308688036654e-7
9.719999999999999 1.9200000000000004 2.111344148610396e-6
9.719999999999999 2.0599999999999996 1.1704007868750936e-5
9.719999999999999 2.2 8.829409471127534e-5
9.719999999999999 2.34 0.000681609340307924
9.719999999999999 2.4800000000000004 0.004026459534882179
9.719999999999999 2.62 0.016773675693178922
9.719999999999999 2.7600000000000007 0.049241562744718
9.719999999999999 2.9 0.1022965209384249
9.719999999999999 3.0399999999999996 0.14026912468960676
9.719999999999999 3.18 0.10985413799330088
9.719999999999999 3.32 0.04283467473346145
9.719999999999999 3.4600000000000004 0.007649692520286406
9.719999999999999 3.6 0.0006053097729849417
9.719999999999999 3.7399999999999993 2.122265937067673e-5
9.719999999999999 3.88 3.32581438922349e-7
9.719999999999999 4.02 2.3151687119791978e-9
9.719999999999999 4.16 7.023330652738198e-12
9.719999999999999 4.3 9.145200839877222e-15
9.84 -1.3 2.958262799445893e-25
9.84 -1.1600000000000001 1.5649976124129845e-22
9.84 -1.02 2.5445254900879872e-20
9.84 -0.8799999999999999 1.180177622919267e-18
9.84 -0.7400000000000002 4.365753560923559e-18
9.84 -0.6000000000000001 3.712315638020087e-17
9.84 -0.45999999999999996 3.342718600623193e-17
9.84 -0.32000000000000006 3.082240702279565e-18
9.84 -0.17999999999999994 -1.0408872674901879e-17
9.84 -0.039999999999999813 4.473851413213016e-22
9.84 0.10000000000000009 3.4980766195957296e-18
9.84 1.5 4.837731762059429e-8
9.84 1.6400000000000001 8.851133173713722e-7
9.84 1.7800000000000002 8.560669980271751e-6
9.84 1.9200000000000004 4.815953400858124e-5
9.84 2.0599999999999996 0.00022015877968509286
9.84 2.2 0.0012615496952792249
9.84 2.34 0.007921755927216723
9.84 2.4800000000000004 0.039614681343432996
9.84 2.62 0.14071547639865012
9.84 2.7600000000000007 0.35740315489995544
9.84 2.9 0.674723750654868
9.84 3.0399999999999996 0.8909097869549046
9.84 3.18 0.6863562748075884
9.84 3.32 0.26011101822904165
9.84 3.4600000000000004 0.04401321270808212
9.84 3.6 0.003209594264840995
9.84 3.7399999999999993 0.00010139730999720939
9.84 3.88 1.4187293368672122e-6
9.84 4.02 8.882579703618812e-9
9.84 4.16 2.4653205593254047e-11
9.84 4.3 2.9912431904139383e-14
9.96 -1.3 -9.975591156835282e-25
9.96 -1.1600000000000001 -5.277345983558661e-22
9.96 -1.02 -8.580422869704225e-20
9.96 -0.8799999999999999 -3.79700442438748e-18
9.96 -0.7400000000000002 -5.763335109907555e-17
9.96 -0.6000000000000001 -1.2524354750065531e-16
9.96 -0.45999999999999996 -6.243018497149854e-17
9.96 -0.32000000000000006 -1.043043916794374e-17
9.96 -0.17999999999999994 -1.846009549246157e-17
9.96 -0.039999999999999813 -1.508631151136314e-21
9.96 0.10000000000000009 5.548504990158048e-18
9.96 1.5 3.293782041374862e-7
9.96 1.6400000000000001 6.029062161374285e-6
9.96 1.7800000000000002 5.8403393341430915e-5
9.96 1.9200000000000004 0.0003290666201872181
9.96 2.0599999999999996 0.0014620446228524318
9.96 2.2 0.007418520942391408
9.96 2.34 0.03915120643097293
9.96 2.4800000000000004 0.16299211477450945
9.96 2.62 0.4734359924650669
9.96 2.7600000000000007 0.9755877354022614
9.96 2.9 1.5867610581882907
9.96 3.0399999999999996 1.9848198166495026
9.96 3.18 1.4946178838095103
9.96 3.32 0.5421276552725541
9.96 3.4600000000000004 0.08459506168865309
9.96 3.6 0.005446941583070986
9.96 3.7399999999999993 0.0001447226099895706
9.96 3.88 1.6249557113457174e-6
9.96 4.02 7.901855811824923e-9
9.96 4.16 1.6751483315612417e-11
9.96 4.3 1.535473121714251e-14
10.08 -1.3 3.311339113239758e-24
10.08 -1.1600000000000001 1.751784120970568e-21
10.08 -1.02 2.84822117278855e-19
10.08 -0.8799999999999999 1.3089207244533318e-17
10.08 -0.7400000000000002 1.4604971244460111e-16
10.08 -0.6000000000000001 4.161280599520822e-16
10.08 -0.45999999999999996 2.704856931224678e-16
10.08 -0.32000000000000006 3.45729252330383e-17
10.08 -0.17999999999999994 -8.617111790944618e-18
10.08 -0.039999999999999813 5.0078145747808184e-21
10.08 0.10000000000000009 -3.2031899253282555e-19
10.08 1.5 6.173907621780543e-7
10.08 1.6400000000000001 1.133551227678477e-5
10.08 1.7800000000000002 0.00011088626029590723
10.08 1.9200000000000004 0.0006431972529305257
10.08 2.0599999999999996 0.0029910398901494095
10.08 2.2 0.014863056443770888
10.08 2.34 0.07035474781805631
10.08 2.4800000000000004 0.25403312593191935
10.08 2.62 0.6203424408762588
10.08 2.7600000000000007 1.0295458978117351
10.08 2.9 1.3940875485140345
10.08 3.0399999999999996 1.6374854364183087
10.08 3.18 1.2049366939699346
10.08 3.32 0.4146578849731758
10.08 3.4600000000000004 0.058705178241802956
10.08 3.6 0.0032636770716815123
10.08 3.7399999999999993 7.09060940648436e-5
10.08 3.88 6.169994525643848e-7
10.08 4.02 2.2372800840286606e-9
10.08 4.16 3.4794790255926445e-12
10.08 4.3 2.326031124411803e-15
10.2 -1.3 -1.6605676168674842e-24
10.2 -1.1600000000000001 -8.78483261066278e-22
10.2 -1.02 -1.4283236119604009e-19
10.2 -0.8799999999999999 -6.39983084912135e-18
10.2 -0.7400000000000002 -7.552085526363109e-17
10.2 -0.6000000000000001 -2.0841954717289888e-16
10.2 -0.45999999999999996 -1.2530194821297907e-16
10.2 -0.32000000000000006 -1.7357328395660134e-17
10.2 -0.17999999999999994 -1.9794961772832297e-18
10.2 -0.039999999999999813 -2.511314562828105e-21
10.2 0.10000000000000009 -1.8880554874157917e-18
10.2 1.5 3.191034819886406e-7
10.2 1.6400000000000001 5.887413714310975e-6
10.2 1.7800000000000002 5.847620767560428e-5
10.2 1.9200000000000004 0.00035446140344045957
10.2 2.0599999999999996 0.0017709648354482888
10.2 2.2 0.008887088270273713
10.2 2.34 0.03885518646390033
10.2 2.4800000000000004 0.12542193847447408
10.2 2.62 0.2690418944677418
10.2 2.7600000000000007 0.3757036881478783
10.2 2.9 0.42968118964538715
10.2 3.0399999999999996 0.4801040603232516
10.2 3.18 0.3495676489100939
10.2 3.32 0.11539097334902632
10.2 3.4600000000000004 0.01506297034784391
10.2 3.6 0.000749500938726524
10.2 3.7399999999999993 1.5079979620294325e-5
10.2 3.88 1.54335701876513e-7
10.2 4.02 1.0030244053234956e-9
10.2 4.16 3.5538683266463083e-12
10.2 4.3 5.561173151415098e-15
10.32 -1.3 -3.02122283068953e-25
10.32 -1.1600000000000001 -1.5983050962866156e-22
10.32 -1.02 -2.5986800312476494e-20
10.32 -0.8799999999999999 -1.1694377255157809e-18
10.32 -0.7400000000000002 -1.3683350794921362e-17
10.32 -0.6000000000000001 -3.792768602086746e-17
10.32 -0.45999999999999996 -2.308781861293252e-17
10.32 -0.32000000000000006 -3.15754022795506e-18
10.32 -0.17999999999999994 -1.5614990596149693e-19
10.32 -0.039999999999999813 -4.569064764059868e-22
10.32 0.10000000000000009 -2.950245228400231e-19
10.32 1.5 7.898630248798634e-8
10.32 1.6400000000000001 1.446709519477055e-6
10.32 1.7800000000000002 1.4050897503685128e-5
10.32 1.9200000000000004 7.95289285635526e-5
10.32 2.0599999999999996 0.0003424905618186963
10.32 2.2 0.0014593813799611357
10.32 2.34 0.005659455066686313
10.32 2.4800000000000004 0.01658512807057601
10.32 2.62 0.03242754402459543
10.32 2.7600000000000007 0.04030492106149938
10.32 2.9 0.04116162416786898
10.32 3.0399999999999996 0.045364748677957076
10.32 3.18 0.03330012039441798
10.32 3.32 0.010789078076394475
10.32 3.4600000000000004 0.001351676931949745
10.32 3.6 6.481261590540909e-5
10.32 3.7399999999999993 1.4122879774151456e-6
10.32 3.88 2.005146271088184e-8
10.32 4.02 1.7721497813138135e-10
10.32 4.16 7.069459578593469e-13
10.32 4.3 1.13732827238125e-15
10.44 -1.3 -4.4374736131024343e-26
10.44 -1.1600000000000001 -2.3475384266084266e-23
10.44 -1.02 -3.816856522691506e-21
10.44 -0.8799999999999999 -1.7293496756757014e-19
10.44 -0.7400000000000002 -2.0117714042742995e-18
10.44 -0.6000000000000001 -5.572812068848029e-18
10.44 -0.45999999999999996 -3.4554626601352625e-18
10.44 -0.32000000000000006 -4.635962701020666e-19
10.44 -0.17999999999999994 -1.367519372414066e-20
10.44 -0.039999999999999813 -6.710893426602625e-23
10.44 0.10000000000000009 -8.78261989365026e-21
10.44 1.5 6.531213780765296e-9
10.44 1.6400000000000001 1.186803316921182e-7
10.44 1.7800000000000002 1.1237864445748884e-6
10.44 1.9200000000000004 5.84422957265566e-6
10.44 2.0599999999999996 2.011708950412665e-5
10.44 2.2 6.298978910441633e-5
10.44 2.34 0.00020011831337545782
10.44 2.4800000000000004 0.0005304559757127939
10.44 2.62 0.0009699767675780636
10.44 2.7600000000000007 0.001129715659278682
10.44 2.9 0.0011156867834232179
10.44 3.0399999999999996 0.001273430010169254
10.44 3.18 0.0009545198431900049
10.44 3.32 0.00030872587884158277
10.44 3.4600000000000004 3.830888805802555e-5
10.44 3.6 1.8481892119466507e-6
10.44 3.7399999999999993 4.36365675662314e-8
10.44 3.88 7.084047003628277e-10
10.44 4.02 6.6604329159632875e-12
10.44 4.16 2.6906935213395024e-14
10.44 4.3 4.3282776033541076e-17
10.56 -1.3 3.948612810444444e-24
10.56 -1.1600000000000001 2.0889184054898887e-21
10.56 -1.02 3.3963669139695107e-19
10.56 -0.8799999999999999 1.5412145112956046e-17
10.56 -0.7400000000000002 1.7912124860361257e-16
10.56 -0.6000000000000001 4.95930560409311e-16
10.56 -0.45999999999999996 3.0876024991131046e-16
10.56 -0.32000000000000006 4.1247684274416046e-17
10.56 -0.17999999999999994 1.1255774227330602e-18
10.56 -0.039999999999999813 5.971577993750577e-21
10.56 0.10000000000000009 -4.7351798537282456e-23
10.56 1.5 1.2108254405337427e-10
10.56 1.6400000000000001 2.1922976765195387e-9
10.56 1.7800000000000002 2.051436285867239e-8
10.56 1.9200000000000004 1.0221605817536779e-7
10.56 2.0599999999999996 3.0514908928433687e-7
10.56 2.2 7.065017150616793e-7
10.56 2.34 1.687408277355186e-6
10.56 2.4800000000000004 3.918145759010009e-6
10.56 2.62 6.800853587058746e-6
10.56 2.7600000000000007 7.806672261776958e-6
10.56 2.9 8.19578890255653e-6
10.56 3.0399999999999996 1.0107716305714687e-5
10.56 3.18 7.745113605231118e-6
10.56 3.32 2.5106831090357236e-6
10.56 3.4600000000000004 3.1060086687713746e-7
10.56 3.6 1.4895505586824397e-8
10.56 3.7399999999999993 3.4920317296794487e-10
10.56 3.88 5.6828573716913866e-12
10.56 4.02 5.4073140330248477e-14
10.56 4.16 2.209928617048762e-16
10.56 4.3 3.58342006791563e-19
10.68 -1.3 -9.522244615753402e-26
10.68 -1.1600000000000001 -5.037513930667056e-23
10.68 -1.02 -8.190480584504043e-21
10.68 -0.8799999999999999 -3.7167027186897674e-19
10.68 -0.7400000000000002 -4.31958327679099e-18
10.68 -0.6000000000000001 -1.1959572404581833e-17
10.68 -0.45999999999999996 -7.445880312079482e-18
10.68 -0.32000000000000006 -9.947051353131459e-19
10.68 -0.17999999999999994 -2.7143923587140043e-20
10.68 -0.039999999999999813 -1.4400709598097772e-22
10.68 0.10000000000000009 -2.6637956598832454e-25
10.68 1.5 4.87079157305567e-13
10.68 1.6400000000000001 8.805270713905819e-12
10.68 1.7800000000000002 8.19704528238786e-11
10.68 1.9200000000000004 4.005982013520001e-10
10.68 2.0599999999999996 1.1113584695584175e-9
10.68 2.2 2.0677069586609755e-9
10.68 2.34 3.5174374052027107e-9
10.68 2.4800000000000004 6.653900989525875e-9
10.68 2.62 1.0997950572025499e-8
10.68 2.7600000000000007 1.322656141653352e-8
10.68 2.9 1.625532334328227e-8
10.68 3.0399999999999996 2.202944642468104e-8
10.68 3.18 1.7134197316910316e-8
10.68 3.32 5.544440725913495e-9
10.68 3.4600000000000004 6.75193897499641e-10
10.68 3.6 3.038268574761135e-11
10.68 3.7399999999999993 5.978068672337087e-13
10.68 3.88 8.352529843339808e-15
10.68 4.02 8.124306227877481e-17
10.68 4.16 3.5178322963704724e-19
10.68 4.3 5.944988905643187e-22
