8.34 8.34 -1.790702134842281e-33
8.34 8.83 1.299488277579042e-26
8.34 9.32 4.191848564304619e-26
8.34 9.81 3.87926635592188e-18
8.34 10.3 6.068657826959484e-24
8.34 10.79 -2.6100245933751e-30
8.34 13.24 8.742488828830218e-31
8.34 13.73 5.233773818397519e-27
8.34 14.220000000000002 1.5866882914871558e-24
8.34 14.709999999999999 5.0982409450730415e-23
8.34 15.2 1.1466671970373372e-17
8.34 15.69 3.4578891789131204e-17
8.34 16.18 4.543546887082418e-16
8.34 16.67 2.860548364939953e-16
8.34 17.16 1.2075967581248697e-16
8.34 17.65 3.448048956763591e-17
8.34 18.14 1.7030205448648276e-18
8.34 18.63 4.14542107813212e-20
8.34 19.12 2.6616670700489014e-21
8.34 19.61 -2.4212595563624846e-22
8.34 20.1 -3.194773041491982e-22
8.34 20.59 -6.980255398511698e-24
8.34 21.08 -1.585349536536576e-28
8.34 21.57 6.235279107280278e-34
8.34 22.06 -5.660426976807133e-35
8.83 8.34 -1.6062963470409791e-25
8.83 8.83 3.758419418592396e-27
8.83 9.32 2.605073953536314e-24
8.83 9.81 1.9411865754755595e-19
8.83 10.3 -5.596857353134708e-25
8.83 10.79 -6.431910616455506e-25
8.83 13.24 -5.304305487803852e-21
8.83 13.73 -3.172456889324919e-17
8.83 14.220000000000002 -8.828991269814014e-15
8.83 14.709999999999999 1.0524995998208558e-12
8.83 15.2 1.9014135866451438e-10
8.83 15.69 2.276026874663145e-9
8.83 16.18 2.073816556005332e-8
8.83 16.67 2.390752537412415e-8
8.83 17.16 6.879659447478273e-9
8.83 17.65 8.140436655148448e-10
8.83 18.14 1.3817375262088762e-11
8.83 18.63 2.283959046870375e-12
8.83 19.12 2.032812869078561e-14
8.83 19.61 1.3664514775479832e-16
8.83 20.1 1.4289288994287282e-20
8.83 20.59 5.234641125854327e-25
8.83 21.08 -3.493431764019277e-25
8.83 21.57 1.2737798133066548e-27
8.83 22.06 -4.870759233606645e-27
9.32 8.34 6.038387584290496e-22
9.32 8.83 -1.3454218133826833e-22
9.32 9.32 -4.7416676345452104e-21
9.32 9.81 4.7096551980364573e-20
9.32 10.3 -1.9723087224238906e-21
9.32 10.79 5.610833155734573e-23
9.32 13.24 7.412394406446422e-20
9.32 13.73 1.8518452558587674e-15
9.32 14.220000000000002 1.966426352042405e-10
9.32 14.709999999999999 7.640064376154001e-5
9.32 15.2 0.0025835218435402377
9.32 15.69 0.0004695313941911091
9.32 16.18 1.8614157346794227e-6
9.32 16.67 2.357614688155399e-5
9.32 17.16 5.114774124019557e-5
9.32 17.65 2.102902709367664e-7
9.32 18.14 4.505584270538947e-11
9.32 18.63 8.921798353499633e-21
9.32 19.12 3.532774493580757e-20
9.32 19.61 1.1796405478471126e-20
9.32 20.1 1.730842828064339e-19
9.32 20.59 -1.24834972550681e-21
9.32 21.08 2.492144523893734e-22
9.32 21.57 1.938140901970071e-23
9.32 22.06 2.62224436268063e-22
9.81 8.34 -2.0880715368390492e-19
9.81 8.83 -3.9960534736912027e-19
9.81 9.32 -6.2421759789899655e-19
9.81 9.81 1.4624718920612704e-18
9.81 10.3 1.2116519014180182e-17
9.81 10.79 7.925128785238169e-19
9.81 13.24 1.202444882878266e-13
9.81 13.73 4.778078381695066e-8
9.81 14.220000000000002 0.0001515402960875099
9.81 14.709999999999999 0.012019113914981956
9.81 15.2 0.26718122950533735
9.81 15.69 0.5346574296656521
9.81 16.18 0.15330575176101566
9.81 16.67 0.015726676218074002
9.81 17.16 9.648409652580889e-5
9.81 17.65 2.1220800831028643e-7
9.81 18.14 5.5347593602008416e-11
9.81 18.63 4.973200076568704e-16
9.81 19.12 -1.0136435240067953e-17
9.81 19.61 5.658642779944912e-18
9.81 20.1 2.584991269485763e-18
9.81 20.59 3.4921909386122916e-19
9.81 21.08 2.930256822392594e-20
9.81 21.57 2.876150032371592e-20
9.81 22.06 -3.92111662172478e-18
10.3 8.34 7.781535754369492e-24
10.3 8.83 -8.532840271682204e-23
10.3 9.32 4.550035443281748e-22
10.3 9.81 2.3728686091131857e-18
10.3 10.3 7.600118129244299e-24
10.3 10.79 -2.8421146202673693e-21
10.3 13.24 2.0610533513026077e-14
10.3 13.73 1.4764593818738494e-10
10.3 14.220000000000002 6.33856633373059e-8
10.3 14.709999999999999 8.575621290997118e-7
10.3 15.2 0.00015917679259585136
10.3 15.69 1.5557827669622883e-8
10.3 16.18 2.3348696929532667e-9
10.3 16.67 2.7795985081713343e-8
10.3 17.16 2.170986907660494e-8
10.3 17.65 9.540578711616092e-13
10.3 18.14 9.534805893214828e-18
10.3 18.63 -4.258679459412275e-24
10.3 19.12 1.7208798681940607e-23
10.3 19.61 -5.489092217093503e-22
10.3 20.1 -4.1208668395671965e-23
10.3 20.59 -3.852045797022711e-24
10.3 21.08 9.449539181199145e-24
10.3 21.57 9.169430836938322e-23
10.3 22.06 -5.28553495872552e-25
10.79 8.34 2.1090228499275074e-29
10.79 8.83 1.4587978027996978e-26
10.79 9.32 4.8260123535046755e-26
10.79 9.81 2.7452738804571466e-18
10.79 10.3 3.837983649123359e-24
10.79 10.79 -2.0964625477940866e-22
10.79 13.24 4.620490107785819e-20
10.79 13.73 3.29943653259803e-16
10.79 14.220000000000002 3.1245773317543304e-12
10.79 14.709999999999999 7.089675950832086e-10
10.79 15.2 3.1779455694581463e-9
10.79 15.69 2.6820837083929114e-11
10.79 16.18 1.9847010156289538e-11
10.79 16.67 1.5590818897070404e-10
10.79 17.16 2.0518945038669292e-13
10.79 17.65 2.2063737123563004e-15
10.79 18.14 2.29467291698707e-18
10.79 18.63 -1.3106630359965732e-25
10.79 19.12 -4.822010639559163e-27
10.79 19.61 1.3007585040603077e-27
10.79 20.1 1.1147056591039188e-26
10.79 20.59 5.860520767687201e-28
10.79 21.08 6.640287628575801e-29
10.79 21.57 1.5303566176932863e-29
10.79 22.06 -3.700213688482492e-30
14.220000000000002 8.34 6.709918614950997e-22
14.220000000000002 8.83 1.0370657740900407e-20
14.220000000000002 9.32 3.0943611408472846e-22
14.220000000000002 9.81 -1.1897490593699563e-18
14.220000000000002 10.3 1.771764343832659e-24
14.220000000000002 10.79 8.339676457926655e-23
14.220000000000002 13.24 2.7349917665799123e-23
14.220000000000002 13.73 -1.1344124082706974e-23
14.220000000000002 14.220000000000002 -2.4542851470707695e-20
14.220000000000002 14.709999999999999 1.572381882369409e-22
14.220000000000002 15.2 2.3979356082745415e-22
14.220000000000002 15.69 -2.6726532611276745e-22
14.220000000000002 16.18 -1.40939625600159e-21
14.220000000000002 16.67 -3.127887847244812e-22
14.220000000000002 17.16 1.442698097164608e-19
14.220000000000002 17.65 7.34298417789596e-21
14.220000000000002 18.14 2.2294910199264023e-12
14.220000000000002 18.63 3.209973453319372e-7
14.220000000000002 19.12 0.0003734991834492891
14.220000000000002 19.61 0.00515950447708328
14.220000000000002 20.1 0.0018328684144634678
14.220000000000002 20.59 6.367046600738653e-5
14.220000000000002 21.08 2.0374448851675653e-7
14.220000000000002 21.57 1.0235609364722205e-10
14.220000000000002 22.06 3.067000448224582e-13
14.709999999999999 8.34 3.558024418630427e-21
14.709999999999999 8.83 5.461178903000292e-22
14.709999999999999 9.32 7.0226249804564e-21
14.709999999999999 9.81 -2.567930061395928e-19
14.709999999999999 10.3 4.56888499511089e-19
14.709999999999999 10.79 3.9318556995679377e-22
14.709999999999999 13.24 -1.2810380284292317e-20
14.709999999999999 13.73 -2.010475913408528e-21
14.709999999999999 14.220000000000002 1.9301850094458219e-19
14.709999999999999 14.709999999999999 -1.5155420661848957e-21
14.709999999999999 15.2 -2.960436882800484e-20
14.709999999999999 15.69 -5.333972759129917e-20
14.709999999999999 16.18 6.775796138323661e-21
14.709999999999999 16.67 -2.829094851995222e-20
14.709999999999999 17.16 -1.7288230888418425e-19
14.709999999999999 17.65 4.070488942267549e-15
14.709999999999999 18.14 1.3019901557099209e-8
14.709999999999999 18.63 6.526745631556102e-5
14.709999999999999 19.12 0.030541386123045525
14.709999999999999 19.61 0.05028653024386328
14.709999999999999 20.1 0.0607451317188561
14.709999999999999 20.59 0.0027077029472088875
14.709999999999999 21.08 1.6269360402880272e-5
14.709999999999999 21.57 1.4740083642125399e-8
14.709999999999999 22.06 3.2741446889729485e-12
15.2 8.34 -3.444894591674787e-20
15.2 8.83 7.77996848022106e-20
15.2 9.32 3.205093888782476e-19
15.2 9.81 1.842252673663039e-18
15.2 10.3 -6.844893618500481e-19
15.2 10.79 4.0707941180432814e-20
15.2 13.24 2.1496319829852546e-20
15.2 13.73 -2.924166209005577e-20
15.2 14.220000000000002 1.4453268719534312e-19
15.2 14.709999999999999 3.972076387092222e-19
15.2 15.2 -6.991020389005385e-20
15.2 15.69 1.3386329776557389e-18
15.2 16.18 -3.1123467654418327e-19
15.2 16.67 -1.690492279545588e-19
15.2 17.16 9.45307404909811e-19
15.2 17.65 2.5938817999922864e-15
15.2 18.14 1.2044400463528577e-8
15.2 18.63 0.0001319691759397917
15.2 19.12 0.06321467316890052
15.2 19.61 0.6367349000652959
15.2 20.1 0.11768643951759186
15.2 20.59 0.011202023776682144
15.2 21.08 8.225021381951966e-5
15.2 21.57 9.677568226756888e-8
15.2 22.06 6.358899055901332e-14
15.69 8.34 -6.524842339486792e-21
15.69 8.83 2.498876244001198e-19
15.69 9.32 1.976656020042868e-18
15.69 9.81 -1.164918906051002e-18
15.69 10.3 -2.8941329432045775e-19
15.69 10.79 -7.933190016588933e-20
15.69 13.24 1.016164927076425e-19
15.69 13.73 1.4084453288207705e-20
15.69 14.220000000000002 -2.1662902366976885e-19
15.69 14.709999999999999 -9.383010990299715e-19
15.69 15.2 9.102110543294427e-20
15.69 15.69 5.183544778983039e-19
15.69 16.18 4.543769362474554e-19
15.69 16.67 4.325562879638258e-19
15.69 17.16 -9.052566532290576e-20
15.69 17.65 1.5333641458203e-13
15.69 18.14 9.559605271614681e-9
15.69 18.63 0.0001680270547173644
15.69 19.12 0.0275980829942956
15.69 19.61 0.4997119211450119
15.69 20.1 0.28912975069333924
15.69 20.59 0.007994627340274356
15.69 21.08 3.4308404877540766e-5
15.69 21.57 3.6471445499354e-11
15.69 22.06 5.014148053507924e-17
16.18 8.34 -4.391358781635247e-20
16.18 8.83 7.61031609196196e-20
16.18 9.32 5.125945425768791e-19
16.18 9.81 -5.006611221729706e-17
16.18 10.3 -1.961636240708684e-20
16.18 10.79 3.601562294034084e-21
16.18 13.24 -7.678767666872751e-20
16.18 13.73 -4.68151853522521e-21
16.18 14.220000000000002 1.5452118591493983e-20
16.18 14.709999999999999 -9.042794630594304e-21
16.18 15.2 -1.1251973329148027e-20
16.18 15.69 -4.375396518009626e-20
16.18 16.18 -1.2198416375949278e-20
16.18 16.67 3.7621464500138544e-19
16.18 17.16 2.3999986018402117e-18
16.18 17.65 7.800259521458376e-16
16.18 18.14 2.7457312421023585e-9
16.18 18.63 4.268953060802733e-5
16.18 19.12 0.012236674466406212
16.18 19.61 0.10710756696683468
16.18 20.1 0.07588901536463681
16.18 20.59 0.0030462605279054857
16.18 21.08 1.190309633132976e-8
16.18 21.57 1.519790982798461e-10
16.18 22.06 7.95160900665601e-18
16.67 8.34 -1.5492511086484285e-20
16.67 8.83 -2.345825925904634e-22
16.67 9.32 -4.514742037799306e-19
16.67 9.81 -4.7031317442461135e-21
16.67 10.3 3.2268750954921492e-21
16.67 10.79 1.7361274920576642e-21
16.67 13.24 -2.592687075315589e-20
16.67 13.73 -1.6775641153587183e-21
16.67 14.220000000000002 2.0447147982453347e-19
16.67 14.709999999999999 3.148219632031154e-20
16.67 15.2 1.0853338421233142e-20
16.67 15.69 -1.1485865630938669e-21
16.67 16.18 2.001337786477592e-22
16.67 16.67 -5.8928868177851645e-21
16.67 17.16 6.065171274120436e-20
16.67 17.65 1.3678152407190876e-15
16.67 18.14 1.7303937028565828e-10
16.67 18.63 9.743366556351214e-7
16.67 19.12 0.00056694446091606
16.67 19.61 0.008115679576291977
16.67 20.1 0.007436437010742502
16.67 20.59 2.8768749129163626e-5
16.67 21.08 6.840360726135791e-11
16.67 21.57 6.604941194381586e-15
16.67 22.06 4.654333616245077e-18
17.65 8.34 2.3549141964206583e-26
17.65 8.83 4.63565898813104e-27
17.65 9.32 6.034959086305627e-18
17.65 9.81 2.810955209186641e-15
17.65 10.3 7.16504396255444e-17
17.65 10.79 7.966545745455317e-21
17.65 13.24 5.4996549491847235e-27
17.65 13.73 2.449899859040536e-30
17.65 14.220000000000002 -8.026709265405412e-27
17.65 14.709999999999999 9.479598369637947e-27
17.65 15.2 -1.5328665265902353e-26
17.65 15.69 8.61846605665908e-28
17.65 16.18 2.461714430109984e-25
17.65 16.67 2.5943961994335954e-28
17.65 17.16 9.567920637849128e-26
17.65 17.65 1.3889422735662059e-18
17.65 18.14 1.1531388304745217e-13
17.65 18.63 1.7683052950701206e-9
17.65 19.12 8.811902040715506e-9
17.65 19.61 8.065796584730825e-9
17.65 20.1 1.1429818799135937e-7
17.65 20.59 9.485746337332003e-12
17.65 21.08 1.3123045711511952e-19
17.65 21.57 6.046403404282135e-26
17.65 22.06 -3.331302141812657e-27
18.14 8.34 1.7619835627306532e-27
18.14 8.83 6.040841635538005e-21
18.14 9.32 2.9934502133132724e-11
18.14 9.81 1.147424417818561e-8
18.14 10.3 -3.453698215881889e-11
18.14 10.79 -4.171098752613321e-15
18.14 13.24 -6.109749024715599e-29
18.14 13.73 -3.1280941467040144e-27
18.14 14.220000000000002 1.9165230306082455e-26
18.14 14.709999999999999 -6.817459703113965e-27
18.14 15.2 4.476581833640954e-27
18.14 15.69 2.559189084740473e-26
18.14 16.18 2.244102664497274e-25
18.14 16.67 5.590739332732499e-27
18.14 17.16 -7.525742742653232e-29
18.14 17.65 5.052090499325866e-22
18.14 18.14 1.6751969803377394e-17
18.14 18.63 3.18427146038512e-14
18.14 19.12 1.3880628747707416e-12
18.14 19.61 3.248664721667705e-11
18.14 20.1 7.926602027186272e-12
18.14 20.59 5.409107377544037e-23
18.14 21.08 -3.4183642998441673e-25
18.14 21.57 -6.327569854536578e-29
18.14 22.06 6.233748746453268e-26
18.63 8.34 -1.2653607670727323e-21
18.63 8.83 3.7315278980330976e-16
18.63 9.32 -8.251183224702599e-10
18.63 9.81 6.580881907454234e-5
18.63 10.3 7.948475606692309e-7
18.63 10.79 1.5565422251324447e-10
18.63 13.24 -9.34931748509969e-24
18.63 13.73 -2.0971642039021497e-24
18.63 14.220000000000002 -3.0822693658700014e-24
18.63 14.709999999999999 -5.27275421252743e-24
18.63 15.2 -1.0964518569759896e-25
18.63 15.69 -6.10505758514591e-24
18.63 16.18 -3.1754367117674604e-22
18.63 16.67 1.9829598137679974e-24
18.63 17.16 2.698408065002842e-27
18.63 17.65 -1.873357403659967e-23
18.63 18.14 2.153805980755262e-19
18.63 18.63 5.3092429328169584e-18
18.63 19.12 1.7896970364214343e-13
18.63 19.61 1.7389191978393727e-12
18.63 20.1 4.571340678173519e-22
18.63 20.59 2.0379165472018202e-23
18.63 21.08 6.585126407800768e-24
18.63 21.57 -1.8580082780043237e-26
18.63 22.06 8.97313261054502e-22
19.12 8.34 -4.2863580571303474e-19
19.12 8.83 2.4934370490791894e-13
19.12 9.32 4.819418539747604e-6
19.12 9.81 0.04048150678404897
19.12 10.3 0.0006929966895074295
19.12 10.79 4.520315841033567e-8
19.12 13.24 -1.0753833429530479e-19
19.12 13.73 -3.875870581833184e-20
19.12 14.220000000000002 -2.3782623273518172e-21
19.12 14.709999999999999 -7.196709416437288e-21
19.12 15.2 7.113708776199274e-21
19.12 15.69 -3.822772330431966e-20
19.12 16.18 4.0295473995508356e-19
19.12 16.67 -1.7713076186138335e-20
19.12 17.16 -9.37313841279055e-23
19.12 17.65 -2.4810658885680314e-19
19.12 18.14 -8.607323024265636e-19
19.12 18.63 2.1159934720857906e-17
19.12 19.12 5.705527545707552e-15
19.12 19.61 3.9098663450307006e-19
19.12 20.1 -3.1351938585474596e-20
19.12 20.59 1.6826258425560484e-20
19.12 21.08 -4.551469816905792e-19
19.12 21.57 -5.274634374880683e-22
19.12 22.06 4.1743608287023316e-20
19.61 8.34 2.3420224178247296e-16
19.61 8.83 1.2952505752006997e-11
19.61 9.32 0.0030661115576099936
19.61 9.81 0.7606068982844548
19.61 10.3 0.0022367033416653723
19.61 10.79 2.8997810417238196e-7
19.61 13.24 -2.6453501033203205e-18
19.61 13.73 -6.131840734973062e-19
19.61 14.220000000000002 -8.896326686571758e-19
19.61 14.709999999999999 1.2309777891481701e-19
19.61 15.2 -5.3598839933862545e-20
19.61 15.69 -1.0029712679787709e-19
19.61 16.18 1.9065351394484506e-17
19.61 16.67 -5.369064941235962e-18
19.61 17.16 -1.2281411206207308e-20
19.61 17.65 5.00548724566087e-18
19.61 18.14 -1.6566667606096538e-18
19.61 18.63 3.863546319803662e-18
19.61 19.12 2.4757016170977043e-19
19.61 19.61 9.02480096568989e-18
19.61 20.1 2.745026851060194e-18
19.61 20.59 2.3213054631783717e-19
19.61 21.08 -5.529435680579716e-19
19.61 21.57 -7.202528476560522e-20
19.61 22.06 7.337018787835498e-19
20.1 8.34 1.1928025344257438e-18
20.1 8.83 4.4432030818365876e-11
20.1 9.32 0.0006942965589311871
20.1 9.81 0.310287449269652
20.1 10.3 0.0012211334300469623
20.1 10.79 3.7934454394999726e-8
20.1 13.24 -1.9336043413868924e-18
20.1 13.73 -2.037329073784e-19
20.1 14.220000000000002 -7.875371927729912e-20
20.1 14.709999999999999 -3.6064739159415663e-19
20.1 15.2 -4.016691613856047e-20
20.1 15.69 1.5662656413025884e-18
20.1 16.18 1.680157518346923e-17
20.1 16.67 -4.041807682089238e-18
20.1 17.16 -5.042981325933062e-21
20.1 17.65 2.5347429341138356e-18
20.1 18.14 7.518649830766561e-19
20.1 18.63 3.3334582211440864e-20
20.1 19.12 7.426856346582772e-18
20.1 19.61 7.661027995320309e-18
20.1 20.1 2.8582235940760965e-18
20.1 20.59 1.8248930229122327e-19
20.1 21.08 -1.5846897379442266e-18
20.1 21.57 -5.498319488424503e-20
20.1 22.06 1.9441707457816757e-19
20.59 8.34 1.482827968438095e-20
20.59 8.83 5.263282025957179e-11
20.59 9.32 1.5151313814401793e-5
20.59 9.81 0.008676226635400776
20.59 10.3 6.792848169137646e-6
20.59 10.79 3.571613083049731e-11
20.59 13.24 -3.892396406986877e-21
20.59 13.73 -2.536205088486464e-21
20.59 14.220000000000002 -2.2871711818875887e-20
20.59 14.709999999999999 -1.2469837400637112e-19
20.59 15.2 -6.0627842677542985e-21
20.59 15.69 2.012121420827161e-21
20.59 16.18 1.9103332018007676e-20
20.59 16.67 -4.0746810989313185e-21
20.59 17.16 -5.308232985592004e-24
20.59 17.65 -2.4874902963357384e-21
20.59 18.14 -6.6168604949753305e-21
20.59 18.63 1.7420831784418303e-22
20.59 19.12 1.6022762856120203e-20
20.59 19.61 1.0147647941422695e-20
20.59 20.1 3.695174552387568e-21
20.59 20.59 9.239449258490892e-22
20.59 21.08 -1.2560070390787515e-20
20.59 21.57 -5.992656343138775e-23
20.59 22.06 5.343134957760382e-22
21.08 8.34 -1.1735254468323136e-21
21.08 8.83 4.3626930084994644e-11
21.08 9.32 4.295715841045897e-8
21.08 9.81 5.111191395595981e-5
21.08 10.3 5.4270931131587365e-9
21.08 10.79 -5.344533609752488e-13
21.08 13.24 -1.3200058576517229e-24
21.08 13.73 -6.98541933660942e-24
21.08 14.220000000000002 -7.957275046144845e-23
21.08 14.709999999999999 -4.54014505136221e-22
21.08 15.2 -2.094875117531793e-23
21.08 15.69 1.998685117643144e-24
21.08 16.18 -1.9959448533088708e-24
21.08 16.67 -1.213508569430211e-26
21.08 17.16 -6.612768873829957e-27
21.08 17.65 2.0272345139780837e-24
21.08 18.14 -6.813785794025421e-24
21.08 18.63 9.495824165617309e-26
21.08 19.12 2.4685163375045592e-23
21.08 19.61 1.3841036594798945e-24
21.08 20.1 3.8689758132848e-25
21.08 20.59 -1.5434655265280155e-21
21.08 21.08 -1.3982526936168635e-23
21.08 21.57 -1.420846102287576e-27
21.08 22.06 5.0423490648412086e-26
21.57 8.34 8.153962545186467e-22
21.57 8.83 2.7286812036993948e-12
21.57 9.32 3.9722079927812725e-12
21.57 9.81 2.1275503077958585e-8
21.57 10.3 1.234323717847575e-11
21.57 10.79 -4.853919265007395e-17
21.57 13.24 -1.3378807673682466e-28
21.57 13.73 -5.357800342021931e-28
21.57 14.220000000000002 -7.64319652314602e-27
21.57 14.709999999999999 -1.5308758807610277e-26
21.57 15.2 -1.988124346770642e-27
21.57 15.69 3.5564186682629296e-28
21.57 16.18 6.095747309036301e-30
21.57 16.67 -2.897999376843414e-31
21.57 17.16 1.1895485689253426e-32
21.57 17.65 -3.9020774179077465e-29
21.57 18.14 -4.244410818719448e-28
21.57 18.63 1.61062328144342e-28
21.57 19.12 3.484361542735497e-27
21.57 19.61 8.966794310589805e-30
21.57 20.1 1.1023593481152029e-29
21.57 20.59 -8.638866673761315e-25
21.57 21.08 -1.0948927316729284e-27
21.57 21.57 -1.2215523822234491e-31
21.57 22.06 -1.2423887588768382e-30
22.06 8.34 4.038200131264787e-24
22.06 8.83 1.38349431346706e-14
22.06 9.32 7.618354547169187e-18
22.06 9.81 6.22326471674752e-13
22.06 10.3 6.077391159285098e-14
22.06 10.79 -9.535105865270153e-23
22.06 13.24 -3.7411956717607947e-34
22.06 13.73 1.0464342818728588e-33
22.06 14.220000000000002 -1.9258894035819856e-32
22.06 14.709999999999999 4.5316457704516145e-31
22.06 15.2 -1.5316122638309384e-31
22.06 15.69 3.803221689668725e-33
22.06 16.18 -7.800162874381894e-34
22.06 16.67 1.670057719273366e-34
22.06 17.16 4.097888645583498e-35
22.06 17.65 2.735818963102977e-34
22.06 18.14 2.885283376215701e-33
22.06 18.63 7.7154172411386e-31
22.06 19.12 2.9467184622097366e-32
22.06 19.61 3.6410688843381255e-32
22.06 20.1 -2.9768488849074833e-34
22.06 20.59 -2.4613286573543978e-29
22.06 21.08 4.4670452056612065e-35
22.06 21.57 -6.131406679229322e-35
22.06 22.06 -3.368450250206043e-36
