1.22 1.28 6.30314104015078e-15
1.22 1.34 1.4059698371999455e-12
1.22 1.4 1.3630513168728235e-19
1.22 1.46 -4.037440051838823e-31
1.22 1.52 1.79580862573992e-13
1.22 1.58 4.715976330636154e-18
1.22 1.6400000000000001 -4.665305022135846e-24
1.22 1.7000000000000002 1.1614970599166687e-22
1.22 1.76 -1.48752253966667e-26
1.22 1.82 4.185244119479445e-26
1.22 1.8800000000000001 5.190218905565951e-26
1.22 1.94 -4.3054191231427395e-26
1.22 2.0 -7.918709529001234e-27
1.22 2.06 -1.2014511776017104e-26
1.22 2.12 -1.99933662446595e-21
1.22 2.18 -1.03598898441398e-26
1.22 2.2399999999999998 -1.882559882336884e-27
1.22 2.3000000000000003 -1.0559870304889288e-26
1.22 2.36 -2.164271367935777e-27
1.22 2.4200000000000004 2.8803396958854225e-28
1.28 1.28 1.190069075194202e-6
1.28 1.34 2.435850710661302e-7
1.28 1.4 1.82906515708925e-11
1.28 1.46 2.584990448140145e-6
1.28 1.52 6.496435676463926e-5
1.28 1.58 2.0512912236895316e-12
1.28 1.6400000000000001 7.025033074580426e-13
1.28 1.7000000000000002 -1.1961726528907947e-16
1.28 1.76 -5.430794755756205e-19
1.28 1.82 1.5374207426560065e-21
1.28 1.8800000000000001 9.94493378011428e-22
1.28 1.94 -2.7018785079080035e-21
1.28 2.0 7.433674346621709e-22
1.28 2.06 -3.5262898391259764e-21
1.28 2.12 -4.112130369872398e-20
1.28 2.18 3.1777545129381578e-21
1.28 2.2399999999999998 -3.148642434476545e-22
1.28 2.3000000000000003 -1.5442882315996311e-22
1.28 2.36 2.3128563990614764e-23
1.28 2.4200000000000004 -3.7522755277033835e-21
1.34 1.28 1.5784802720169106e-7
1.34 1.34 3.2311632623185837e-8
1.34 1.4 3.356596128025669e-14
1.34 1.46 4.076393475218518e-15
1.34 1.52 5.1212606435788105e-5
1.34 1.58 0.0004574321949820725
1.34 1.6400000000000001 1.7203590051392893e-7
1.34 1.7000000000000002 1.7590846614011072e-13
1.34 1.76 2.0101963524652766e-20
1.34 1.82 1.5318025031656673e-20
1.34 1.8800000000000001 5.864175203625309e-17
1.34 1.94 5.762420911291515e-20
1.34 2.0 4.468390160845384e-21
1.34 2.06 -5.5572190223015974e-21
1.34 2.12 -5.741259239060855e-21
1.34 2.18 3.5162949376454024e-21
1.34 2.2399999999999998 1.2498069116792054e-21
1.34 2.3000000000000003 -1.8149002321418625e-21
1.34 2.36 1.3900919668312845e-20
1.34 2.4200000000000004 -5.0095559808263304e-20
1.4 1.28 2.2595024034604864e-16
1.4 1.34 5.2029940210040135e-11
1.4 1.4 7.496107144088958e-11
1.4 1.46 2.2349149242777583e-11
1.4 1.52 0.0023127354518148974
1.4 1.58 0.000503022605506594
1.4 1.6400000000000001 0.0013578606878362552
1.4 1.7000000000000002 7.215547570662863e-10
1.4 1.76 2.962388536605002e-12
1.4 1.82 -1.591114992987836e-15
1.4 1.8800000000000001 9.131528704865252e-12
1.4 1.94 -2.0676526939883288e-15
1.4 2.0 1.5551243579573158e-17
1.4 2.06 6.556494390965755e-20
1.4 2.12 -8.945504923705997e-19
1.4 2.18 2.838296858200252e-20
1.4 2.2399999999999998 -1.8456947927973202e-21
1.4 2.3000000000000003 -1.0728687169742395e-21
1.4 2.36 2.181970932569213e-21
1.4 2.4200000000000004 -1.2039439983536148e-19
1.46 1.28 2.625668602091307e-6
1.46 1.34 1.043001330784859e-13
1.46 1.4 1.536568724423712e-9
1.46 1.46 1.895422219435766e-9
1.46 1.52 3.664266864441181e-6
1.46 1.58 0.0006482522741686094
1.46 1.6400000000000001 0.0007915383032645717
1.46 1.7000000000000002 0.003896817854931077
1.46 1.76 6.121451533792351e-9
1.46 1.82 1.0658070860029356e-11
1.46 1.8800000000000001 9.49042227337521e-13
1.46 1.94 3.288835359012181e-11
1.46 2.0 4.736769176147465e-13
1.46 2.06 6.859619694056633e-14
1.46 2.12 -1.3649338760099491e-14
1.46 2.18 8.754938416786762e-18
1.46 2.2399999999999998 -3.144580316103837e-18
1.46 2.3000000000000003 -7.171266993142658e-18
1.46 2.36 -3.0934175546610147e-20
1.46 2.4200000000000004 -9.145014599531645e-20
1.52 1.28 5.784811398414417e-7
1.52 1.34 1.9365805989789336e-5
1.52 1.4 1.2191716286833721e-12
1.52 1.46 4.279534335531521e-8
1.52 1.52 0.0008254982016741701
1.52 1.58 0.0004963286015344269
1.52 1.6400000000000001 0.004203348083406344
1.52 1.7000000000000002 0.0028642675417100264
1.52 1.76 0.007286799640407754
1.52 1.82 1.1944834383755164e-8
1.52 1.8800000000000001 3.175301048227054e-11
1.52 1.94 2.7200593281516186e-10
1.52 2.0 4.572410172931961e-10
1.52 2.06 1.310583793876691e-10
1.52 2.12 8.859528190145858e-14
1.52 2.18 -2.8154807465564367e-14
1.52 2.2399999999999998 -2.3991914400314086e-14
1.52 2.3000000000000003 -4.768148398575688e-15
1.52 2.36 8.612280712671246e-16
1.52 2.4200000000000004 1.0701167380847456e-16
1.58 1.28 1.2659950623597607e-16
1.58 1.34 5.142378670875658e-13
1.58 1.4 0.00012644801056588034
1.58 1.46 9.472909836379084e-12
1.58 1.52 -3.288866156320503e-6
1.58 1.58 0.007759055207384604
1.58 1.6400000000000001 0.011596327055767353
1.58 1.7000000000000002 0.002463620393760034
1.58 1.76 0.006296887405276472
1.58 1.82 0.012714300921332198
1.58 1.8800000000000001 8.566875650631997e-9
1.58 1.94 1.3336054791941133e-13
1.58 2.0 2.6516676606536857e-14
1.58 2.06 5.313058552951653e-16
1.58 2.12 1.127931851913758e-15
1.58 2.18 -6.468527654040758e-16
1.58 2.2399999999999998 1.1170588041141379e-16
1.58 2.3000000000000003 3.659024025156929e-17
1.58 2.36 -1.6109139843470548e-17
1.58 2.4200000000000004 5.499671168491511e-18
1.6400000000000001 1.28 0.0005060890584151598
1.6400000000000001 1.34 0.0006773347176994266
1.6400000000000001 1.4 5.9684087385767994e-5
1.6400000000000001 1.46 0.0006062806264351078
1.6400000000000001 1.52 -1.398248607723118e-10
1.6400000000000001 1.58 1.7889044999498154e-5
1.6400000000000001 1.6400000000000001 0.013760406078005856
1.6400000000000001 1.7000000000000002 0.013067093962186567
1.6400000000000001 1.76 0.0022851097910828234
1.6400000000000001 1.82 0.010760136182180965
1.6400000000000001 1.8800000000000001 0.01715647380715614
1.6400000000000001 1.94 9.302086462608784e-8
1.6400000000000001 2.0 5.414657615408803e-13
1.6400000000000001 2.06 6.704094102595974e-13
1.6400000000000001 2.12 -4.594296759980401e-13
1.6400000000000001 2.18 4.977909468592096e-14
1.6400000000000001 2.2399999999999998 -1.8986964513554884e-14
1.6400000000000001 2.3000000000000003 7.104796166819038e-16
1.6400000000000001 2.36 1.5144703980140512e-15
1.6400000000000001 2.4200000000000004 -3.4875507121179953e-16
1.7000000000000002 1.28 1.5016699442785555e-5
1.7000000000000002 1.34 0.0012964356618862052
1.7000000000000002 1.4 0.002378716647009627
1.7000000000000002 1.46 0.0002679795082677082
1.7000000000000002 1.52 0.0021720381952104665
1.7000000000000002 1.58 -4.9149731020842725e-8
1.7000000000000002 1.6400000000000001 3.11622717708485e-5
1.7000000000000002 1.7000000000000002 0.02144404093028334
1.7000000000000002 1.76 0.012230044048123445
1.7000000000000002 1.82 0.0018177350291960824
1.7000000000000002 1.8800000000000001 0.015830196152296205
1.7000000000000002 1.94 0.017815857819819626
1.7000000000000002 2.0 1.0485900972857152e-8
1.7000000000000002 2.06 -2.957911115046294e-10
1.7000000000000002 2.12 4.14902723528038e-9
1.7000000000000002 2.18 1.9626330066636002e-8
1.7000000000000002 2.2399999999999998 1.517170300606608e-8
1.7000000000000002 2.3000000000000003 -6.516251328523763e-9
1.7000000000000002 2.36 -1.6183325567036956e-9
1.7000000000000002 2.4200000000000004 -7.4077843837156e-10
1.76 1.28 -2.324198796139293e-11
1.76 1.34 0.0003903896389679398
1.76 1.4 0.00237678362583151
1.76 1.46 0.004375784516364329
1.76 1.52 0.0008218759311493856
1.76 1.58 0.0053766554563030935
1.76 1.6400000000000001 -1.9691907615007044e-6
1.76 1.7000000000000002 0.0005521812683132343
1.76 1.76 0.02916686360614321
1.76 1.82 0.010411161579974914
1.76 1.8800000000000001 0.002611275889266325
1.76 1.94 0.020461304776897945
1.76 2.0 0.016517558444681616
1.76 2.06 3.432686105096543e-6
1.76 2.12 -2.058896885218747e-9
1.76 2.18 1.2691454466816335e-10
1.76 2.2399999999999998 7.530673183736242e-11
1.76 2.3000000000000003 -2.6044771423295234e-10
1.76 2.36 -1.145976590216323e-9
1.76 2.4200000000000004 1.376691789229136e-10
1.82 1.28 -1.702994164237507e-16
1.82 1.34 1.3774688893432759e-9
1.82 1.4 0.00029884278513272566
1.82 1.46 0.0036351428552660043
1.82 1.52 0.008078063599253933
1.82 1.58 0.0016257826759633756
1.82 1.6400000000000001 0.01040935980709455
1.82 1.7000000000000002 5.870114338942836e-5
1.82 1.76 0.0016552952691475593
1.82 1.82 0.036791972407085496
1.82 1.8800000000000001 0.007262113230716165
1.82 1.94 0.004840798197269933
1.82 2.0 0.0216409088963134
1.82 2.06 0.01348887296909758
1.82 2.12 3.699576480512093e-6
1.82 2.18 -8.365153426828571e-9
1.82 2.2399999999999998 2.518224666243356e-8
1.82 2.3000000000000003 -5.491844044215294e-9
1.82 2.36 -1.6302266807572898e-9
1.82 2.4200000000000004 -7.669924064856309e-10
1.8800000000000001 1.28 -2.1330306715208336e-14
1.8800000000000001 1.34 -3.469891336939895e-17
1.8800000000000001 1.4 7.394439947635278e-8
1.8800000000000001 1.46 0.00015124369612464525
1.8800000000000001 1.52 0.0041169814941051175
1.8800000000000001 1.58 0.011090592205267133
1.8800000000000001 1.6400000000000001 0.002891672732395702
1.8800000000000001 1.7000000000000002 0.01536936939212927
1.8800000000000001 1.76 0.0013057435337061462
1.8800000000000001 1.82 0.0030059449190878345
1.8800000000000001 1.8800000000000001 0.04856148651728108
1.8800000000000001 1.94 0.006118212806761623
1.8800000000000001 2.0 0.006242624147951601
1.8800000000000001 2.06 0.018991261516924197
1.8800000000000001 2.12 0.008932398845632468
1.8800000000000001 2.18 1.8089419736064115e-6
1.8800000000000001 2.2399999999999998 -2.4096650617576516e-7
1.8800000000000001 2.3000000000000003 1.0914664159984997e-7
1.8800000000000001 2.36 1.4658474153162476e-8
1.8800000000000001 2.4200000000000004 6.0220149697192545e-9
1.94 1.28 7.099390761352926e-15
1.94 1.34 5.628119617320748e-18
1.94 1.4 2.5669955133036922e-17
1.94 1.46 -3.876443478479938e-8
1.94 1.52 0.0005960285141854166
1.94 1.58 0.0026042083968904036
1.94 1.6400000000000001 0.012617087115607767
1.94 1.7000000000000002 0.004573982326254886
1.94 1.76 0.01980823901955637
1.94 1.82 0.004744177896211967
1.94 1.8800000000000001 0.004103392460582492
1.94 1.94 0.05459984680134884
1.94 2.0 0.00764349315357398
1.94 2.06 0.00647099597536887
1.94 2.12 0.013367778228175153
1.94 2.18 0.004096405700693506
1.94 2.2399999999999998 9.148033031556429e-6
1.94 2.3000000000000003 -9.333422506372688e-7
1.94 2.36 -8.697102844573788e-8
1.94 2.4200000000000004 1.7405188981971605e-8
2.0 1.28 -1.4728063440559144e-12
2.0 1.34 -1.3263414910380508e-14
2.0 1.4 -1.3540999729196045e-12
2.0 1.46 -1.8533831962684792e-15
2.0 1.52 1.4668259542718586e-6
2.0 1.58 0.0008841970907847
2.0 1.6400000000000001 0.002342449638700346
2.0 1.7000000000000002 0.011956023603032676
2.0 1.76 0.005348050695477529
2.0 1.82 0.021242687623009616
2.0 1.8800000000000001 0.006837475998856426
2.0 1.94 0.004199325782364802
2.0 2.0 0.04110143602294716
2.0 2.06 0.011058574446580129
2.0 2.12 0.006241564247924921
2.0 2.18 0.007771777096506794
2.0 2.2399999999999998 0.0014990813034796906
2.0 2.3000000000000003 -2.5840744959248387e-6
2.0 2.36 -7.666562785578047e-6
2.0 2.4200000000000004 -2.8474214898306935e-7
2.06 1.28 -7.556687409203284e-14
2.06 1.34 -2.9394881274063544e-14
2.06 1.4 -3.397667110453148e-12
2.06 1.46 1.3805314367234236e-16
2.06 1.52 -6.715929747842612e-13
2.06 1.58 1.932298763466521e-6
2.06 1.6400000000000001 0.00019340734194043244
2.06 1.7000000000000002 0.0010131738327043285
2.06 1.76 0.01012695918259292
2.06 1.82 0.0043254432807465866
2.06 1.8800000000000001 0.01858139953174801
2.06 1.94 0.007994205151639467
2.06 2.0 0.006508258788907898
2.06 2.06 0.03310954049276073
2.06 2.12 0.011678375649106967
2.06 2.18 0.00464953419416886
2.06 2.2399999999999998 0.0033459607532894467
2.06 2.3000000000000003 0.0004107996857031138
2.06 2.36 -1.177132328924219e-5
2.06 2.4200000000000004 -5.528730513863781e-6
2.12 1.28 -1.0493175645994608e-13
2.12 1.34 -3.3712374833044557e-13
2.12 1.4 6.3804699977863336e-12
2.12 1.46 9.315280232502608e-14
2.12 1.52 -1.411588788298274e-13
2.12 1.58 -1.572434304160859e-14
2.12 1.6400000000000001 9.957915569495133e-8
2.12 1.7000000000000002 0.0001171588299087709
2.12 1.76 0.0002312011732342287
2.12 1.82 0.006342743439503117
2.12 1.8800000000000001 0.0032336782947758975
2.12 1.94 0.01326905250754346
2.12 2.0 0.008762007434110777
2.12 2.06 0.006205556060985296
2.12 2.12 0.010148322990267867
2.12 2.18 0.007837896377737043
2.12 2.2399999999999998 0.0027006224466459327
2.12 2.3000000000000003 0.0010639032480959433
2.12 2.36 7.68982509614698e-5
2.12 2.4200000000000004 -1.7043760704898706e-5
2.18 1.28 -6.467494246884333e-15
2.18 1.34 1.458820344564081e-14
2.18 1.4 -2.1754208780513523e-13
2.18 1.46 2.456109010352237e-14
2.18 1.52 5.9672549447229576e-15
2.18 1.58 -8.264715488656808e-14
2.18 1.6400000000000001 3.9971524309615715e-14
2.18 1.7000000000000002 1.0880671630935908e-6
2.18 1.76 1.0341233695655898e-5
2.18 1.82 1.9712068972644955e-5
2.18 1.8800000000000001 0.003118926312772135
2.18 1.94 0.0017843660489105949
2.18 2.0 0.007849213641151587
2.18 2.06 0.007007223013652052
2.18 2.12 0.004966638664329046
2.18 2.18 0.003515126196043847
2.18 2.2399999999999998 0.002521376245805152
2.18 2.3000000000000003 0.00010695889807210875
2.18 2.36 0.0002061523079945613
2.18 2.4200000000000004 -4.576794211620161e-6
2.2399999999999998 1.28 -8.39189609946239e-16
2.2399999999999998 1.34 5.764738503854897e-12
2.2399999999999998 1.4 7.266245199685376e-14
2.2399999999999998 1.46 1.5429279474575556e-16
2.2399999999999998 1.52 2.0365786826022037e-12
2.2399999999999998 1.58 1.1346691448116274e-13
2.2399999999999998 1.6400000000000001 1.935394086794942e-13
2.2399999999999998 1.7000000000000002 1.615304868929259e-9
2.2399999999999998 1.76 2.520265750691452e-6
2.2399999999999998 1.82 3.8048948073810247e-5
2.2399999999999998 1.8800000000000001 2.2483772943884233e-5
2.2399999999999998 1.94 0.0012773377223932304
2.2399999999999998 2.0 0.0008390646953160608
2.2399999999999998 2.06 0.0038415805859288187
2.2399999999999998 2.12 0.00424703874872832
2.2399999999999998 2.18 0.002416362951939727
2.2399999999999998 2.2399999999999998 0.0001665566371718971
2.2399999999999998 2.3000000000000003 0.0006775626874637697
2.2399999999999998 2.36 0.00016173683477421622
2.2399999999999998 2.4200000000000004 0.00011362026469283608
2.3000000000000003 1.28 1.5679902010804225e-20
2.3000000000000003 1.34 2.596025828881151e-15
2.3000000000000003 1.4 -1.3310726800639632e-10
2.3000000000000003 1.46 6.498529935498503e-16
2.3000000000000003 1.52 4.977806620641119e-14
2.3000000000000003 1.58 8.258875208727596e-12
2.3000000000000003 1.6400000000000001 3.345877488574054e-12
2.3000000000000003 1.7000000000000002 2.3453443057938586e-9
2.3000000000000003 1.76 7.812838966914323e-10
2.3000000000000003 1.82 1.4689168676891086e-6
2.3000000000000003 1.8800000000000001 4.107285561978911e-6
2.3000000000000003 1.94 2.8369431945050053e-5
2.3000000000000003 2.0 0.0005353995491970945
2.3000000000000003 2.06 0.000309966460185491
2.3000000000000003 2.12 0.0013461476181869441
2.3000000000000003 2.18 0.0018687933465507884
2.3000000000000003 2.2399999999999998 0.0005490039755691282
2.3000000000000003 2.3000000000000003 5.833991890301579e-5
2.3000000000000003 2.36 0.00010048721239736937
2.3000000000000003 2.4200000000000004 0.00013148892908435163
2.36 1.28 7.416245124781625e-14
2.36 1.34 3.391841245248441e-13
2.36 1.4 -2.7747525937003645e-11
2.36 1.46 2.2745213395309775e-16
2.36 1.52 1.389176908415363e-13
2.36 1.58 -2.6996566129033835e-13
2.36 1.6400000000000001 -1.6400526057025233e-11
2.36 1.7000000000000002 -1.9941763596808567e-10
2.36 1.76 -5.410543143852618e-10
2.36 1.82 9.438150104792049e-8
2.36 1.8800000000000001 1.1974198266343774e-6
2.36 1.94 1.0250492339129169e-5
2.36 2.0 4.190082079068493e-5
2.36 2.06 0.0002758055003329822
2.36 2.12 8.255238788228873e-5
2.36 2.18 0.0006903979868529546
2.36 2.2399999999999998 0.00025729828039935775
2.36 2.3000000000000003 3.587479469749528e-5
2.36 2.36 6.22290700570612e-5
2.36 2.4200000000000004 7.296504509757223e-5
2.4200000000000004 1.28 -4.1472921931187146e-13
2.4200000000000004 1.34 -5.8232315728985395e-16
2.4200000000000004 1.4 -1.9346147147437032e-13
2.4200000000000004 1.46 -5.217267322060926e-16
2.4200000000000004 1.52 1.2431833819882378e-14
2.4200000000000004 1.58 -2.6814005229146855e-13
2.4200000000000004 1.6400000000000001 -5.1716998651303644e-11
2.4200000000000004 1.7000000000000002 -2.1312076341224884e-10
2.4200000000000004 1.76 5.215335708602637e-10
2.4200000000000004 1.82 -1.1901098894383874e-9
2.4200000000000004 1.8800000000000001 3.4738270891895203e-7
2.4200000000000004 1.94 1.8861675270658129e-6
2.4200000000000004 2.0 2.891613855363323e-5
2.4200000000000004 2.06 0.00018345736474776364
2.4200000000000004 2.12 0.00010556832860554108
2.4200000000000004 2.18 2.5964874418415822e-5
2.4200000000000004 2.2399999999999998 6.168856988529038e-5
2.4200000000000004 2.3000000000000003 4.310939403179504e-5
2.4200000000000004 2.36 8.127551568267883e-6
2.4200000000000004 2.4200000000000004 -2.85644753583435e-6
