-1.3 -1.1600000000000001 -2.397691799161807e-20
-1.3 -1.02 -1.7473564292911065e-18
-1.3 -0.8799999999999999 -7.573335827697314e-18
-1.3 -0.7400000000000002 2.4662425847037634e-16
-1.3 -0.6000000000000001 7.055127773525236e-16
-1.3 -0.45999999999999996 3.7186178012498837e-16
-1.3 -0.32000000000000006 3.608437707547556e-17
-1.3 -0.17999999999999994 -7.053953304530082e-18
-1.3 -0.039999999999999813 8.399539506965123e-20
-1.3 0.10000000000000009 2.6678877226191603e-20
-1.3 1.7800000000000002 5.595643585360083e-12
-1.3 1.9200000000000004 1.965904661382027e-11
-1.3 2.0599999999999996 1.8916094363768257e-11
-1.3 2.2 -6.056336687001263e-11
-1.3 2.34 -1.0773254430757224e-10
-1.3 2.4800000000000004 6.650517253043349e-10
-1.3 2.62 4.6000988913219555e-9
-1.3 2.7600000000000007 1.840649062078024e-8
-1.3 2.9 5.162498429822989e-8
-1.3 3.0399999999999996 9.0086992145865e-8
-1.3 3.18 8.557944796606468e-8
-1.3 3.32 3.977241427983218e-8
-1.3 3.4600000000000004 8.328937309697061e-9
-1.3 3.6 7.30386191159372e-10
-1.3 3.7399999999999993 2.3966886411953065e-11
-1.3 3.88 1.5721738101523508e-13
-1.3 4.02 -4.7326944319732985e-15
-1.3 4.16 -7.935580006811574e-17
-1.3 4.3 -3.764473639882238e-19
-1.1600000000000001 -1.1600000000000001 -1.244943399419869e-20
-1.1600000000000001 -1.02 8.689111123002635e-19
-1.1600000000000001 -0.8799999999999999 1.6775914360439483e-17
-1.1600000000000001 -0.7400000000000002 5.646574722773017e-17
-1.1600000000000001 -0.6000000000000001 6.567276428951477e-17
-1.1600000000000001 -0.45999999999999996 8.414417263678576e-17
-1.1600000000000001 -0.32000000000000006 4.103864594893695e-18
-1.1600000000000001 -0.17999999999999994 -1.7361204450346486e-17
-1.1600000000000001 -0.039999999999999813 -2.232321963575746e-18
-1.1600000000000001 0.10000000000000009 -5.0008473521271664e-20
-1.1600000000000001 1.7800000000000002 1.8090405802514347e-9
-1.1600000000000001 1.9200000000000004 6.498730128787021e-9
-1.1600000000000001 2.0599999999999996 7.438589005714033e-9
-1.1600000000000001 2.2 -1.199948906187601e-8
-1.1600000000000001 2.34 3.4445765034023107e-9
-1.1600000000000001 2.4800000000000004 4.009540804660573e-7
-1.1600000000000001 2.62 2.2707695519539667e-6
-1.1600000000000001 2.7600000000000007 8.496576763048567e-6
-1.1600000000000001 2.9 2.260900263632412e-5
-1.1600000000000001 3.0399999999999996 3.803342751690794e-5
-1.1600000000000001 3.18 3.540312015536405e-5
-1.1600000000000001 3.32 1.640163369313581e-5
-1.1600000000000001 3.4600000000000004 3.503634191597861e-6
-1.1600000000000001 3.6 3.2747613976893364e-7
-1.1600000000000001 3.7399999999999993 1.3005030248926773e-8
-1.1600000000000001 3.88 2.1744916971812963e-10
-1.1600000000000001 4.02 1.500323231705503e-12
-1.1600000000000001 4.16 4.728597102816854e-15
-1.1600000000000001 4.3 3.4383411142982334e-17
-1.02 -1.1600000000000001 -1.6133953811021006e-18
-1.02 -1.02 -2.40299004193478e-18
-1.02 -0.8799999999999999 -3.6792309382938646e-17
-1.02 -0.7400000000000002 -1.1308635748842075e-16
-1.02 -0.6000000000000001 -9.754844327337156e-17
-1.02 -0.45999999999999996 -6.078565010075018e-17
-1.02 -0.32000000000000006 2.013111258286284e-18
-1.02 -0.17999999999999994 1.1431366568618693e-18
-1.02 -0.039999999999999813 6.21441709682148e-19
-1.02 0.10000000000000009 5.83714693384772e-20
-1.02 1.7800000000000002 1.4013044864032963e-7
-1.02 1.9200000000000004 5.565230669446174e-7
-1.02 2.0599999999999996 9.78011770463908e-7
-1.02 2.2 8.658678173016619e-7
-1.02 2.34 8.257234723616516e-6
-1.02 2.4800000000000004 6.881613089846443e-5
-1.02 2.62 0.0003276473674117676
-1.02 2.7600000000000007 0.0011223694768565946
-1.02 2.9 0.002780001145288963
-1.02 3.0399999999999996 0.004445336268308312
-1.02 3.18 0.004009625859533425
-1.02 3.32 0.0018325458729698707
-1.02 3.4600000000000004 0.00039473756422780926
-1.02 3.6 3.858107148266234e-5
-1.02 3.7399999999999993 1.7294529670531326e-6
-1.02 3.88 3.8763653531481266e-8
-1.02 4.02 5.029247245688279e-10
-1.02 4.16 4.141975832890775e-12
-1.02 4.3 2.1350581408888763e-14
-0.8799999999999999 -1.1600000000000001 -2.2636450438328227e-17
-0.8799999999999999 -1.02 -2.815771362141198e-18
-0.8799999999999999 -0.8799999999999999 3.9329964569049524e-17
-0.8799999999999999 -0.7400000000000002 1.8266700311929978e-16
-0.8799999999999999 -0.6000000000000001 3.234724573460285e-16
-0.8799999999999999 -0.45999999999999996 1.5726760063403244e-16
-0.8799999999999999 -0.32000000000000006 1.7617077624046953e-17
-0.8799999999999999 -0.17999999999999994 3.328057709142902e-18
-0.8799999999999999 -0.039999999999999813 7.125504978964442e-18
-0.8799999999999999 0.10000000000000009 4.452824117051458e-19
-0.8799999999999999 1.7800000000000002 2.570892258892472e-6
-0.8799999999999999 1.9200000000000004 1.3588719653870329e-5
-0.8799999999999999 2.0599999999999996 4.3242787525399395e-5
-0.8799999999999999 2.2 0.00012544844877471358
-0.8799999999999999 2.34 0.0006080773472751377
-0.8799999999999999 2.4800000000000004 0.0032254926927101405
-0.8799999999999999 2.62 0.013031421798464726
-0.8799999999999999 2.7600000000000007 0.03955799226935426
-0.8799999999999999 2.9 0.08882049122429124
-0.8799999999999999 3.0399999999999996 0.13267196993996655
-0.8799999999999999 3.18 0.11442973508040595
-0.8799999999999999 3.32 0.0509186493210896
-0.8799999999999999 3.4600000000000004 0.010892060416265118
-0.8799999999999999 3.6 0.001088695669223767
-0.8799999999999999 3.7399999999999993 5.239183994927693e-5
-0.8799999999999999 3.88 1.34375560247532e-6
-0.8799999999999999 4.02 2.047760839110529e-8
-0.8799999999999999 4.16 1.8542688208263213e-10
-0.8799999999999999 4.3 9.22297396933231e-13
-0.7400000000000002 -1.1600000000000001 -3.9823658922275974e-17
-0.7400000000000002 -1.02 -1.610542672740256e-17
-0.7400000000000002 -0.8799999999999999 3.112386135684898e-17
-0.7400000000000002 -0.7400000000000002 1.661497019247618e-16
-0.7400000000000002 -0.6000000000000001 2.0485396474076612e-16
-0.7400000000000002 -0.45999999999999996 1.5213861036414645e-16
-0.7400000000000002 -0.32000000000000006 6.43318128901361e-18
-0.7400000000000002 -0.17999999999999994 -9.237881972845328e-18
-0.7400000000000002 -0.039999999999999813 3.0610617217350367e-17
-0.7400000000000002 0.10000000000000009 -1.8701408867567092e-18
-0.7400000000000002 1.7800000000000002 2.7570619677774604e-5
-0.7400000000000002 1.9200000000000004 0.00017046008337876935
-0.7400000000000002 2.0599999999999996 0.000671065102529035
-0.7400000000000002 2.2 0.0023016597540135115
-0.7400000000000002 2.34 0.009795498088886991
-0.7400000000000002 2.4800000000000004 0.042636311771570054
-0.7400000000000002 2.62 0.1450648000637406
-0.7400000000000002 2.7600000000000007 0.3724242794656224
-0.7400000000000002 2.9 0.7296948893804737
-0.7400000000000002 3.0399999999999996 0.9972471317244482
-0.7400000000000002 3.18 0.8117169339265575
-0.7400000000000002 3.32 0.3466632261446546
-0.7400000000000002 3.4600000000000004 0.07223192276686874
-0.7400000000000002 3.6 0.0071734593132319075
-0.7400000000000002 3.7399999999999993 0.00035267363918199435
-0.7400000000000002 3.88 9.48081367710863e-6
-0.7400000000000002 4.02 1.5118023621189375e-7
-0.7400000000000002 4.16 1.392727138850021e-9
-0.7400000000000002 4.3 6.8226003660527135e-12
-0.6000000000000001 -1.1600000000000001 3.20413401136743e-17
-0.6000000000000001 -1.02 -6.275545750108015e-17
-0.6000000000000001 -0.8799999999999999 -4.572524434327415e-17
-0.6000000000000001 -0.7400000000000002 1.1145234265771582e-16
-0.6000000000000001 -0.6000000000000001 -5.0883448655831426e-17
-0.6000000000000001 -0.45999999999999996 -7.44095574440477e-17
-0.6000000000000001 -0.32000000000000006 2.763042803143924e-18
-0.6000000000000001 -0.17999999999999994 1.8888217862942263e-17
-0.6000000000000001 -0.039999999999999813 3.8673837030977825e-17
-0.6000000000000001 0.10000000000000009 -7.682452718772453e-18
-0.6000000000000001 1.7800000000000002 0.00020811735474248112
-0.6000000000000001 1.9200000000000004 0.001083218413645638
-0.6000000000000001 2.0599999999999996 0.003690335971707387
-0.6000000000000001 2.2 0.01176353976459486
-0.6000000000000001 2.34 0.046470142017946615
-0.6000000000000001 2.4800000000000004 0.17665704024982404
-0.6000000000000001 2.62 0.49950631237790966
-0.6000000000000001 2.7600000000000007 1.0331327759212172
-0.6000000000000001 2.9 1.6861714167201622
-0.6000000000000001 3.0399999999999996 2.0690620907982153
-0.6000000000000001 3.18 1.579676934806791
-0.6000000000000001 3.32 0.6410343389739381
-0.6000000000000001 3.4600000000000004 0.1275078992081444
-0.6000000000000001 3.6 0.012146092421411554
-0.6000000000000001 3.7399999999999993 0.0005763864801951119
-0.6000000000000001 3.88 1.5016999264792302e-5
-0.6000000000000001 4.02 2.3126847467715824e-7
-0.6000000000000001 4.16 2.0518662986428736e-9
-0.6000000000000001 4.3 9.825826488524243e-12
-0.45999999999999996 -1.1600000000000001 2.890256332259844e-17
-0.45999999999999996 -1.02 -9.04042763934849e-17
-0.45999999999999996 -0.8799999999999999 -2.2869391632675337e-16
-0.45999999999999996 -0.7400000000000002 -4.468355894012244e-16
-0.45999999999999996 -0.6000000000000001 -2.77933265372977e-16
-0.45999999999999996 -0.45999999999999996 -1.3667330148404345e-16
-0.45999999999999996 -0.32000000000000006 6.34202753234178e-17
-0.45999999999999996 -0.17999999999999994 -2.86169483456609e-17
-0.45999999999999996 -0.039999999999999813 -1.6207435594285684e-17
-0.45999999999999996 0.10000000000000009 -1.689578121569611e-17
-0.45999999999999996 1.7800000000000002 0.0004455437515921508
-0.45999999999999996 1.9200000000000004 0.0021315739387307185
-0.45999999999999996 2.0599999999999996 0.0067900034963691396
-0.45999999999999996 2.2 0.021256418697156117
-0.45999999999999996 2.34 0.07812062284155015
-0.45999999999999996 2.4800000000000004 0.25689321646702795
-0.45999999999999996 2.62 0.6022516407851246
-0.45999999999999996 2.7600000000000007 0.9874092280764469
-0.45999999999999996 2.9 1.3102658595226047
-0.45999999999999996 3.0399999999999996 1.444393110824102
-0.45999999999999996 3.18 1.0403396431841092
-0.45999999999999996 3.32 0.3986337312839234
-0.45999999999999996 3.4600000000000004 0.07405579000209118
-0.45999999999999996 3.6 0.006474077317500121
-0.45999999999999996 3.7399999999999993 0.0002756628632956737
-0.45999999999999996 3.88 6.371457283128272e-6
-0.45999999999999996 4.02 8.933589338142113e-8
-0.45999999999999996 4.16 7.684894982022725e-10
-0.45999999999999996 4.3 3.916904646663035e-12
-0.32000000000000006 -1.1600000000000001 -3.0687384407606157e-18
-0.32000000000000006 -1.02 6.302364277532557e-18
-0.32000000000000006 -0.8799999999999999 1.1270582047514541e-17
-0.32000000000000006 -0.7400000000000002 8.0244617936207e-17
-0.32000000000000006 -0.6000000000000001 5.422450313389273e-17
-0.32000000000000006 -0.45999999999999996 2.3088610647484314e-17
-0.32000000000000006 -0.32000000000000006 -1.651525860385573e-17
-0.32000000000000006 -0.17999999999999994 1.5927913337560482e-17
-0.32000000000000006 -0.039999999999999813 -1.46802802943892e-17
-0.32000000000000006 0.10000000000000009 -1.8235980550812055e-17
-0.32000000000000006 1.7800000000000002 0.00029888358129099153
-0.32000000000000006 1.9200000000000004 0.0014130564748726844
-0.32000000000000006 2.0599999999999996 0.004688180628706377
-0.32000000000000006 2.2 0.01544160788140692
-0.32000000000000006 2.34 0.051304157672569156
-0.32000000000000006 2.4800000000000004 0.13992756258989464
-0.32000000000000006 2.62 0.27173319677395613
-0.32000000000000006 2.7600000000000007 0.36511290646261335
-0.32000000000000006 2.9 0.4128035019937614
-0.32000000000000006 3.0399999999999996 0.42487091594492243
-0.32000000000000006 3.18 0.28824948950688517
-0.32000000000000006 3.32 0.10161273137538215
-0.32000000000000006 3.4600000000000004 0.016949378810924575
-0.32000000000000006 3.6 0.001267531762869438
-0.32000000000000006 3.7399999999999993 4.153622709182973e-5
-0.32000000000000006 3.88 6.496459487354431e-7
-0.32000000000000006 4.02 8.022553105307493e-9
-0.32000000000000006 4.16 1.1730848117027909e-10
-0.32000000000000006 4.3 1.0926224637599767e-12
-0.17999999999999994 -1.1600000000000001 -6.077180237006619e-18
-0.17999999999999994 -1.02 2.0350884630426824e-17
-0.17999999999999994 -0.8799999999999999 2.3068450178699857e-17
-0.17999999999999994 -0.7400000000000002 2.537223616712194e-16
-0.17999999999999994 -0.6000000000000001 2.71882993438705e-16
-0.17999999999999994 -0.45999999999999996 1.58100273883588e-16
-0.17999999999999994 -0.32000000000000006 -4.5069516999244595e-18
-0.17999999999999994 -0.17999999999999994 1.0803852618758e-17
-0.17999999999999994 -0.039999999999999813 -4.385931273824955e-19
-0.17999999999999994 0.10000000000000009 -4.912777599781021e-18
-0.17999999999999994 1.7800000000000002 7.235162322328782e-5
-0.17999999999999994 1.9200000000000004 0.0003659549624729021
-0.17999999999999994 2.0599999999999996 0.0013780707874381478
-0.17999999999999994 2.2 0.0047623973585738935
-0.17999999999999994 2.34 0.013676744448243726
-0.17999999999999994 2.4800000000000004 0.02921268700810214
-0.17999999999999994 2.62 0.045457497386026384
-0.17999999999999994 2.7600000000000007 0.05232792279272491
-0.17999999999999994 2.9 0.05638887049189257
-0.17999999999999994 3.0399999999999996 0.057053900855887095
-0.17999999999999994 3.18 0.03526517825919752
-0.17999999999999994 3.32 0.010834343721828574
-0.17999999999999994 3.4600000000000004 0.0015667067644020618
-0.17999999999999994 3.6 0.00010250687431671146
-0.17999999999999994 3.7399999999999993 3.0513791810277034e-6
-0.17999999999999994 3.88 6.002615305903218e-8
-0.17999999999999994 4.02 1.6927231133922343e-9
-0.17999999999999994 4.16 3.624515253545991e-11
-0.17999999999999994 4.3 3.5229287778127016e-13
-0.039999999999999813 -1.1600000000000001 -9.463340988482769e-19
-0.039999999999999813 -1.02 4.151731580689073e-18
-0.039999999999999813 -0.8799999999999999 2.968842140903904e-17
-0.039999999999999813 -0.7400000000000002 1.0851151901531242e-16
-0.039999999999999813 -0.6000000000000001 6.515475666667902e-17
-0.039999999999999813 -0.45999999999999996 3.358491729901591e-17
-0.039999999999999813 -0.32000000000000006 -9.244862372574853e-18
-0.039999999999999813 -0.17999999999999994 6.842181197238913e-18
-0.039999999999999813 -0.039999999999999813 1.0798431270172007e-18
-0.039999999999999813 0.10000000000000009 -4.73609133888826e-19
-0.039999999999999813 1.7800000000000002 4.015734808386072e-6
-0.039999999999999813 1.9200000000000004 2.6500948562387956e-5
-0.039999999999999813 2.0599999999999996 0.00013556139677595316
-0.039999999999999813 2.2 0.0005296061893410274
-0.039999999999999813 2.34 0.0013857749011770598
-0.039999999999999813 2.4800000000000004 0.002331551728982196
-0.039999999999999813 2.62 0.002730290017272906
-0.039999999999999813 2.7600000000000007 0.0026662130376656442
-0.039999999999999813 2.9 0.003069023496820273
-0.039999999999999813 3.0399999999999996 0.003187850019591021
-0.039999999999999813 3.18 0.0017520141402941748
-0.039999999999999813 3.32 0.0004560207473406272
-0.039999999999999813 3.4600000000000004 6.27428405233453e-5
-0.039999999999999813 3.6 5.960593326526776e-6
-0.039999999999999813 3.7399999999999993 4.509302884349195e-7
-0.039999999999999813 3.88 2.2271627055797805e-8
-0.039999999999999813 4.02 6.188950276785959e-10
-0.039999999999999813 4.16 9.272150896078151e-12
-0.039999999999999813 4.3 7.219800574215881e-14
0.10000000000000009 -1.1600000000000001 -4.6647747894911e-20
0.10000000000000009 -1.02 -1.0518948123061394e-18
0.10000000000000009 -0.8799999999999999 -1.3707488031764714e-17
0.10000000000000009 -0.7400000000000002 3.3562262873571346e-17
0.10000000000000009 -0.6000000000000001 1.4652703863444285e-16
0.10000000000000009 -0.45999999999999996 5.451129534878194e-17
0.10000000000000009 -0.32000000000000006 1.7903101764246996e-17
0.10000000000000009 -0.17999999999999994 2.730287443565539e-18
0.10000000000000009 -0.039999999999999813 2.5406719552581e-19
0.10000000000000009 0.10000000000000009 -7.613050810889447e-21
0.10000000000000009 1.7800000000000002 -2.9597901268368932e-8
0.10000000000000009 1.9200000000000004 2.4182781334273303e-7
0.10000000000000009 2.0599999999999996 3.2331414862099028e-6
0.10000000000000009 2.2 1.578960839574466e-5
0.10000000000000009 2.34 4.0952090221149863e-5
0.10000000000000009 2.4800000000000004 6.0111755627432046e-5
0.10000000000000009 2.62 5.470520086693572e-5
0.10000000000000009 2.7600000000000007 4.3223392590620836e-5
0.10000000000000009 2.9 5.434755857851163e-5
0.10000000000000009 3.0399999999999996 5.843021679255432e-5
0.10000000000000009 3.18 2.883154257860057e-5
0.10000000000000009 3.32 6.567325160839503e-6
0.10000000000000009 3.4600000000000004 1.0883534661511903e-6
0.10000000000000009 3.6 1.8353041214324885e-7
0.10000000000000009 3.7399999999999993 1.9691484421412136e-8
0.10000000000000009 3.88 1.0567006689623379e-9
0.10000000000000009 4.02 2.8663787698739564e-11
0.10000000000000009 4.16 4.082948244711359e-13
0.10000000000000009 4.3 3.0680449926311666e-15
1.6400000000000001 -1.1600000000000001 -1.182467064171544e-10
1.6400000000000001 -1.02 -8.797447540120387e-9
1.6400000000000001 -0.8799999999999999 -8.003593821973331e-9
1.6400000000000001 -0.7400000000000002 2.7319163713881857e-6
1.6400000000000001 -0.6000000000000001 1.7225380398303303e-5
1.6400000000000001 -0.45999999999999996 3.8158370458011973e-5
1.6400000000000001 -0.32000000000000006 2.8446161365679135e-5
1.6400000000000001 -0.17999999999999994 6.345708505381958e-6
1.6400000000000001 -0.039999999999999813 4.472876024878407e-7
1.6400000000000001 0.10000000000000009 9.22236206326801e-9
1.6400000000000001 1.7800000000000002 1.1318593089660285e-8
1.6400000000000001 1.9200000000000004 2.348247445539911e-8
1.6400000000000001 2.0599999999999996 -5.5696482952548556e-8
1.6400000000000001 2.2 -3.2835532569509566e-7
1.6400000000000001 2.34 -4.536634973708171e-7
1.6400000000000001 2.4800000000000004 6.56177116671531e-7
1.6400000000000001 2.62 4.727684266132277e-6
1.6400000000000001 2.7600000000000007 1.4553299001915164e-5
1.6400000000000001 2.9 3.234505415336115e-5
1.6400000000000001 3.0399999999999996 4.688566073036812e-5
1.6400000000000001 3.18 3.722022552718362e-5
1.6400000000000001 3.32 1.3876581099982703e-5
1.6400000000000001 3.4600000000000004 1.976531988938279e-6
1.6400000000000001 3.6 5.4763632042679596e-8
1.6400000000000001 3.7399999999999993 -1.3991012910496335e-9
1.6400000000000001 3.88 2.8244215091945465e-10
1.6400000000000001 4.02 1.6317357749888524e-11
1.6400000000000001 4.16 2.284378712196538e-13
1.6400000000000001 4.3 1.1774520213249994e-15
1.7800000000000002 -1.1600000000000001 -1.0189194222542489e-9
1.7800000000000002 -1.02 -6.651017116907335e-8
1.7800000000000002 -0.8799999999999999 3.946067914983505e-7
1.7800000000000002 -0.7400000000000002 2.5911429817668842e-5
1.7800000000000002 -0.6000000000000001 0.00015150536046513687
1.7800000000000002 -0.45999999999999996 0.0003460753831625986
1.7800000000000002 -0.32000000000000006 0.0002604134622888666
1.7800000000000002 -0.17999999999999994 5.829744917656675e-5
1.7800000000000002 -0.039999999999999813 4.065086980766818e-6
1.7800000000000002 0.10000000000000009 8.106827230264384e-8
1.7800000000000002 1.7800000000000002 5.606423501410929e-8
1.7800000000000002 1.9200000000000004 1.0559182027893293e-7
1.7800000000000002 2.0599999999999996 -3.564375426278349e-7
1.7800000000000002 2.2 -1.906014820573908e-6
1.7800000000000002 2.34 -2.6791466912433754e-6
1.7800000000000002 2.4800000000000004 4.431059800870825e-6
1.7800000000000002 2.62 3.5322000222506446e-5
1.7800000000000002 2.7600000000000007 0.00012102133039703676
1.7800000000000002 2.9 0.00028273550323547217
1.7800000000000002 3.0399999999999996 0.0004146893768662785
1.7800000000000002 3.18 0.00033098201195774356
1.7800000000000002 3.32 0.00012571546518486197
1.7800000000000002 3.4600000000000004 1.9276282167538212e-5
1.7800000000000002 3.6 8.683554154613628e-7
1.7800000000000002 3.7399999999999993 1.576823498995316e-8
1.7800000000000002 3.88 3.053063432833963e-9
1.7800000000000002 4.02 1.3949126569092399e-10
1.7800000000000002 4.16 1.8210403983127587e-12
1.7800000000000002 4.3 8.70839648593508e-15
1.9200000000000004 -1.1600000000000001 -4.669287399452047e-9
1.9200000000000004 -1.02 -2.5762925962152755e-7
1.9200000000000004 -0.8799999999999999 4.4850491506856054e-6
1.9200000000000004 -0.7400000000000002 0.00014207257881363732
1.9200000000000004 -0.6000000000000001 0.0007650784590470556
1.9200000000000004 -0.45999999999999996 0.0017062128899093345
1.9200000000000004 -0.32000000000000006 0.0012399297401948953
1.9200000000000004 -0.17999999999999994 0.00027046476459848613
1.9200000000000004 -0.039999999999999813 1.8622844525734266e-5
1.9200000000000004 0.10000000000000009 3.6541577400017774e-7
1.9200000000000004 1.7800000000000002 1.1909097001383583e-7
1.9200000000000004 1.9200000000000004 2.0745457227187278e-7
1.9200000000000004 2.0599999999999996 -8.745928196984869e-7
1.9200000000000004 2.2 -4.3288142020978726e-6
1.9200000000000004 2.34 -4.758841688954869e-6
1.9200000000000004 2.4800000000000004 2.2913254123051228e-5
1.9200000000000004 2.62 0.00015498991435074398
1.9200000000000004 2.7600000000000007 0.0005576380556842152
1.9200000000000004 2.9 0.0013245463441830627
1.9200000000000004 3.0399999999999996 0.001929744758608028
1.9200000000000004 3.18 0.00153929275678753
1.9200000000000004 3.32 0.0006031902769527259
1.9200000000000004 3.4600000000000004 0.00010452658178954518
1.9200000000000004 3.6 7.454731633569073e-6
1.9200000000000004 3.7399999999999993 3.270496959021384e-7
1.9200000000000004 3.88 1.919897745374405e-8
1.9200000000000004 4.02 6.166071604491007e-10
1.9200000000000004 4.16 7.1830848989201506e-12
1.9200000000000004 4.3 3.170970634557203e-14
2.0599999999999996 -1.1600000000000001 -2.1262598434912608e-8
2.0599999999999996 -1.02 -1.2416801697367946e-6
2.0599999999999996 -0.8799999999999999 1.4972645972318518e-5
2.0599999999999996 -0.7400000000000002 0.0005564212829784031
2.0599999999999996 -0.6000000000000001 0.0027337898479221907
2.0599999999999996 -0.45999999999999996 0.005601131736369149
2.0599999999999996 -0.32000000000000006 0.003905278583694228
2.0599999999999996 -0.17999999999999994 0.0008028333037938686
2.0599999999999996 -0.039999999999999813 5.1884401781880444e-5
2.0599999999999996 0.10000000000000009 9.763061279861231e-7
2.0599999999999996 1.7800000000000002 9.925004050196346e-8
2.0599999999999996 1.9200000000000004 1.6898613562321165e-7
2.0599999999999996 2.0599999999999996 -7.196741431620159e-7
2.0599999999999996 2.2 -2.9698029120653794e-6
2.0599999999999996 2.34 4.0311603568415546e-6
2.0599999999999996 2.4800000000000004 8.287500869971245e-5
2.0599999999999996 2.62 0.0004833551268406799
2.0599999999999996 2.7600000000000007 0.00178175993154355
2.0599999999999996 2.9 0.004185486391733877
2.0599999999999996 3.0399999999999996 0.005878737869333064
2.0599999999999996 3.18 0.004587475599950385
2.0599999999999996 3.32 0.0018602639608378357
2.0599999999999996 3.4600000000000004 0.0003736565050700974
2.0599999999999996 3.6 3.6944597339719007e-5
2.0599999999999996 3.7399999999999993 2.0043511379819373e-6
2.0599999999999996 3.88 7.08136761373074e-8
2.0599999999999996 4.02 1.4611441717372682e-9
2.0599999999999996 4.16 1.3807405361199824e-11
2.0599999999999996 4.3 5.423453771385255e-14
2.2 -1.1600000000000001 -1.1994948853305034e-7
2.2 -1.02 -7.952570187573439e-6
2.2 -0.8799999999999999 1.808692120119007e-5
2.2 -0.7400000000000002 0.0022166003382470194
2.2 -0.6000000000000001 0.009782710045664006
2.2 -0.45999999999999996 0.018087777111054727
2.2 -0.32000000000000006 0.0126627393644387
2.2 -0.17999999999999994 0.0024641849021295793
2.2 -0.039999999999999813 0.0001401456171922312
2.2 0.10000000000000009 2.357715537790689e-6
2.2 1.7800000000000002 2.1237713298321903e-8
2.2 1.9200000000000004 4.9765177006856106e-8
2.2 2.0599999999999996 4.806869871006854e-8
2.2 2.2 1.7920180120607253e-6
2.2 2.34 2.648674247328647e-5
2.2 2.4800000000000004 0.0002314453287094823
2.2 2.62 0.0013879128979435906
2.2 2.7600000000000007 0.00546270395375007
2.2 2.9 0.013104004796427125
2.2 3.0399999999999996 0.018040470855967817
2.2 3.18 0.013688405152182103
2.2 3.32 0.005585110304641748
2.2 3.4600000000000004 0.001202524609602712
2.2 3.6 0.00013253164649971652
2.2 3.7399999999999993 7.155516726537863e-6
2.2 3.88 1.823535283023706e-7
2.2 4.02 2.1555635683624363e-9
2.2 4.16 1.1776748294045318e-11
2.2 4.3 2.9746368452966157e-14
2.34 -1.1600000000000001 -4.92063594413039e-7
2.34 -1.02 -3.1441353997454525e-5
2.34 -0.8799999999999999 0.00016070957172230257
2.34 -0.7400000000000002 0.010228326669799915
2.34 -0.6000000000000001 0.04183425949223392
2.34 -0.45999999999999996 0.06918097466338076
2.34 -0.32000000000000006 0.044825718449487774
2.34 -0.17999999999999994 0.007896906209909769
2.34 -0.039999999999999813 0.0003822259696186003
2.34 0.10000000000000009 5.487254383792402e-6
2.34 1.7800000000000002 -8.502546205832883e-9
2.34 1.9200000000000004 7.76783887977019e-9
2.34 2.0599999999999996 4.274340713865868e-7
2.34 2.2 5.197023950667013e-6
2.34 2.34 5.88326579009634e-5
2.34 2.4800000000000004 0.0005562106779837475
2.34 2.62 0.0037972910541971823
2.34 2.7600000000000007 0.016791210459606527
2.34 2.9 0.04404257057531388
2.34 3.0399999999999996 0.06429170802586183
2.34 3.18 0.050290516208621905
2.34 3.32 0.02066454927294277
2.34 3.4600000000000004 0.0043816427893633705
2.34 3.6 0.00046485601547595183
2.34 3.7399999999999993 2.3404831181738357e-5
2.34 3.88 5.167064438655875e-7
2.34 4.02 4.428832411875562e-9
2.34 4.16 1.0503647670916068e-11
2.34 4.3 -1.5014001516214142e-14
2.4800000000000004 -1.1600000000000001 -1.051064902785515e-6
2.4800000000000004 -1.02 -4.6595675197094264e-5
2.4800000000000004 -0.8799999999999999 0.001873619402786367
2.4800000000000004 -0.7400000000000002 0.04300966599734715
2.4800000000000004 -0.6000000000000001 0.16444757645947014
2.4800000000000004 -0.45999999999999996 0.2380968627136622
2.4800000000000004 -0.32000000000000006 0.1310654983190118
2.4800000000000004 -0.17999999999999994 0.020318109815954638
2.4800000000000004 -0.039999999999999813 0.0008592951687341142
2.4800000000000004 0.10000000000000009 1.086497531801309e-5
2.4800000000000004 1.7800000000000002 -4.557347203082866e-9
2.4800000000000004 1.9200000000000004 1.3435600624181152e-8
2.4800000000000004 2.0599999999999996 4.6429247380839454e-7
2.4800000000000004 2.2 7.245325908637735e-6
2.4800000000000004 2.34 0.0001006409193030994
2.4800000000000004 2.4800000000000004 0.001115888377407105
2.4800000000000004 2.62 0.008758461453441918
2.4800000000000004 2.7600000000000007 0.043855261218856384
2.4800000000000004 2.9 0.1281026677488643
2.4800000000000004 3.0399999999999996 0.20409191600837304
2.4800000000000004 3.18 0.17004362426939834
2.4800000000000004 3.32 0.0723550971848722
2.4800000000000004 3.4600000000000004 0.015424098917637599
2.4800000000000004 3.6 0.0016062149756297256
2.4800000000000004 3.7399999999999993 7.904991452903899e-5
2.4800000000000004 3.88 1.7667978096144394e-6
2.4800000000000004 4.02 1.7118254892248125e-8
2.4800000000000004 4.16 6.778845196879593e-11
2.4800000000000004 4.3 9.886185993932938e-14
2.62 -1.1600000000000001 1.2155299068836522e-7
2.62 -1.02 0.00015128956379413384
2.62 -0.8799999999999999 0.01061249293673602
2.62 -0.7400000000000002 0.14111806015104292
2.62 -0.6000000000000001 0.47812467034588385
2.62 -0.45999999999999996 0.5821135139899255
2.62 -0.32000000000000006 0.26428291973167023
2.62 -0.17999999999999994 0.037264469550852886
2.62 -0.039999999999999813 0.0015658316587097358
2.62 0.10000000000000009 2.0673094845128228e-5
2.62 1.7800000000000002 1.1257371987808383e-10
2.62 1.9200000000000004 1.766254651496935e-8
2.62 2.0599999999999996 4.227357318257612e-7
2.62 2.2 8.284859230474723e-6
2.62 2.34 0.00013637247096308093
2.62 2.4800000000000004 0.0017304744491502269
2.62 2.62 0.015321587024896792
2.62 2.7600000000000007 0.08549337110192215
2.62 2.9 0.2743967082234878
2.62 3.0399999999999996 0.4721000753523744
2.62 3.18 0.4159319247151976
2.62 3.32 0.18284360574992267
2.62 3.4600000000000004 0.03938739212480152
2.62 3.6 0.004072160491720633
2.62 3.7399999999999993 0.0001973347377556849
2.62 3.88 4.395455683381083e-6
2.62 4.02 4.4468174137229324e-8
2.62 4.16 2.0301083379084217e-10
2.62 4.3 4.1677278184077063e-13
2.7600000000000007 -1.1600000000000001 6.756851653149358e-6
2.7600000000000007 -1.02 0.0009597587705867078
2.7600000000000007 -0.8799999999999999 0.03654416419746003
2.7600000000000007 -0.7400000000000002 0.3614384755049142
2.7600000000000007 -0.6000000000000001 1.0167930039951536
2.7600000000000007 -0.45999999999999996 0.9827526814935037
2.7600000000000007 -0.32000000000000006 0.35729240635939674
2.7600000000000007 -0.17999999999999994 0.04685566293345702
2.7600000000000007 -0.039999999999999813 0.0021106112465725173
2.7600000000000007 0.10000000000000009 3.054074062967437e-5
2.7600000000000007 1.7800000000000002 1.76781381889564e-9
2.7600000000000007 1.9200000000000004 1.5605163730356292e-8
2.7600000000000007 2.0599999999999996 3.338273781976952e-7
2.7600000000000007 2.2 7.577806074277059e-6
2.7600000000000007 2.34 0.00014026813174033268
2.7600000000000007 2.4800000000000004 0.0019767471114773153
2.7600000000000007 2.62 0.019270537672977896
2.7600000000000007 2.7600000000000007 0.11714502775050965
2.7600000000000007 2.9 0.4043505378115174
2.7600000000000007 3.0399999999999996 0.736570425382544
2.7600000000000007 3.18 0.6741489840056025
2.7600000000000007 3.32 0.3011847761271423
2.7600000000000007 3.4600000000000004 0.06447920257701589
2.7600000000000007 3.6 0.006498350034817569
2.7600000000000007 3.7399999999999993 0.0003026859326669715
2.7600000000000007 3.88 6.4311979870811245e-6
2.7600000000000007 4.02 6.203329078900204e-8
2.7600000000000007 4.16 2.7158768060578504e-10
2.7600000000000007 4.3 5.394736688211424e-13
2.9 -1.1600000000000001 2.0129158432657957e-5
2.9 -1.02 0.0025422289796200514
2.9 -0.8799999999999999 0.08453120935568931
2.9 -0.7400000000000002 0.719413266917985
2.9 -0.6000000000000001 1.686738459699099
2.9 -0.45999999999999996 1.3127027963100681
2.9 -0.32000000000000006 0.40718324572437414
2.9 -0.17999999999999994 0.0522385272751649
2.9 -0.039999999999999813 0.0023681543142117486
2.9 0.10000000000000009 3.1020780048469724e-5
2.9 1.7800000000000002 1.096563421014305e-9
2.9 1.9200000000000004 8.935291997787097e-9
2.9 2.0599999999999996 2.1298703118792213e-7
2.9 2.2 5.407051418441753e-6
2.9 2.34 0.00011039306651131409
2.9 2.4800000000000004 0.0016967417886034869
2.9 2.62 0.01781948495443676
2.9 2.7600000000000007 0.1152316518142816
2.9 2.9 0.4175610545434659
2.9 3.0399999999999996 0.7868798500054933
2.9 3.18 0.7321362433972299
2.9 3.32 0.32562127947760894
2.9 3.4600000000000004 0.06781561490131645
2.9 3.6 0.006506208097625875
2.9 3.7399999999999993 0.00028361859159258576
2.9 3.88 5.577191813528284e-6
2.9 4.02 4.9514730149420434e-8
2.9 4.16 1.9925674609893777e-10
2.9 4.3 3.636469473990502e-13
3.0399999999999996 -1.1600000000000001 3.4075441678277754e-5
3.0399999999999996 -1.02 0.004097857269722667
3.0399999999999996 -0.8799999999999999 0.127261862127337
3.0399999999999996 -0.7400000000000002 0.9896219810270422
3.0399999999999996 -0.6000000000000001 2.063262492417942
3.0399999999999996 -0.45999999999999996 1.4324783592028818
3.0399999999999996 -0.32000000000000006 0.42549837730407686
3.0399999999999996 -0.17999999999999994 0.053698702722027224
3.0399999999999996 -0.039999999999999813 0.00232916967138198
3.0399999999999996 0.10000000000000009 2.858876023180203e-5
3.0399999999999996 1.7800000000000002 3.2996138681892393e-10
3.0399999999999996 1.9200000000000004 4.122411958440562e-9
3.0399999999999996 2.0599999999999996 1.1463953787072513e-7
3.0399999999999996 2.2 3.134742220688555e-6
3.0399999999999996 2.34 6.920327219957028e-5
3.0399999999999996 2.4800000000000004 0.0011378451490208
3.0399999999999996 2.62 0.012602678897794477
3.0399999999999996 2.7600000000000007 0.08467837242173157
3.0399999999999996 2.9 0.31395279737091314
3.0399999999999996 3.0399999999999996 0.5954008824495879
3.0399999999999996 3.18 0.5470819742543258
3.0399999999999996 3.32 0.23502258115949462
3.0399999999999996 3.4600000000000004 0.04613753726567039
3.0399999999999996 3.6 0.004078593072377538
3.0399999999999996 3.7399999999999993 0.00016131713434903256
3.0399999999999996 3.88 2.8739129856241008e-6
3.0399999999999996 4.02 2.361605245263095e-8
3.0399999999999996 4.16 9.266862526734068e-11
3.0399999999999996 4.3 1.7805897660389633e-13
3.18 -1.1600000000000001 3.391388976963691e-5
3.18 -1.02 0.0038781989039543244
3.18 -0.8799999999999999 0.11190271641167367
3.18 -0.7400000000000002 0.8007180389801156
3.18 -0.6000000000000001 1.5534535614126654
3.18 -0.45999999999999996 1.0214685981569116
3.18 -0.32000000000000006 0.28345029763607715
3.18 -0.17999999999999994 0.031712927222118034
3.18 -0.039999999999999813 0.0013207030949285807
3.18 0.10000000000000009 1.958589741771842e-5
3.18 1.7800000000000002 -1.0622801012584858e-9
3.18 1.9200000000000004 1.3539123454209665e-10
3.18 2.0599999999999996 5.99742960047308e-8
3.18 2.2 1.4469081617095912e-6
3.18 2.34 3.284531212647278e-5
3.18 2.4800000000000004 0.0005672537940545604
3.18 2.62 0.006514122783243424
3.18 2.7600000000000007 0.04457477862325303
3.18 2.9 0.16503544610994378
3.18 3.0399999999999996 0.30595502132687985
3.18 3.18 0.2683480338488933
3.18 3.32 0.1071164334550449
3.18 3.4600000000000004 0.018987823141434587
3.18 3.6 0.0014781982898131223
3.18 3.7399999999999993 5.0873961569662537e-5
3.18 3.88 8.017452518896755e-7
3.18 4.02 6.219162128949281e-9
3.18 4.16 2.5681478410380686e-11
3.18 4.3 5.685516636770363e-14
3.32 -1.1600000000000001 1.8354293381697436e-5
3.32 -1.02 0.001984493171879945
3.32 -0.8799999999999999 0.05230075231465232
3.32 -0.7400000000000002 0.33791021097785706
3.32 -0.6000000000000001 0.6196026363181445
3.32 -0.45999999999999996 0.3899397665052583
3.32 -0.32000000000000006 0.09316941974548404
3.32 -0.17999999999999994 0.00840979913115639
3.32 -0.039999999999999813 0.00025885866396044093
3.32 0.10000000000000009 2.598413276418355e-6
3.32 1.7800000000000002 1.280639597966499e-9
3.32 1.9200000000000004 1.9572985437319994e-9
3.32 2.0599999999999996 8.159448548523385e-10
3.32 2.2 3.664582218442779e-7
3.32 2.34 1.0260852351576875e-5
3.32 2.4800000000000004 0.00018537723623682204
3.32 2.62 0.002171484883295777
3.32 2.7600000000000007 0.014864199444413868
3.32 2.9 0.053807527021378705
3.32 3.0399999999999996 0.0949918659608917
3.32 3.18 0.07702693161478148
3.32 3.32 0.02755567738488074
3.32 3.4600000000000004 0.004255228753416096
3.32 3.6 0.000281908521487121
3.32 3.7399999999999993 7.950693069325887e-6
3.32 3.88 8.887437578517702e-8
3.32 4.02 2.3445137558396493e-10
3.32 4.16 -1.576105299589633e-12
3.32 4.3 -8.629976618350635e-15
3.4600000000000004 -1.1600000000000001 4.948920315711999e-6
3.4600000000000004 -1.02 0.000507248435102332
3.4600000000000004 -0.8799999999999999 0.012120391045452941
3.4600000000000004 -0.7400000000000002 0.06919029251093367
3.4600000000000004 -0.6000000000000001 0.1209129818114736
3.4600000000000004 -0.45999999999999996 0.07287268330110816
3.4600000000000004 -0.32000000000000006 0.013400743400317999
3.4600000000000004 -0.17999999999999994 0.000954582304475515
3.4600000000000004 -0.039999999999999813 -4.867782014657159e-6
3.4600000000000004 0.10000000000000009 -1.4964990072586708e-6
3.4600000000000004 1.7800000000000002 1.5258012257835994e-9
3.4600000000000004 1.9200000000000004 1.9966105578024328e-9
3.4600000000000004 2.0599999999999996 -1.2640697860416359e-8
3.4600000000000004 2.2 1.5569330116714517e-8
3.4600000000000004 2.34 1.847052949450085e-6
3.4600000000000004 2.4800000000000004 3.4567037178178975e-5
3.4600000000000004 2.62 0.00040243622394382084
3.4600000000000004 2.7600000000000007 0.0027033465915302746
3.4600000000000004 2.9 0.009398468429743267
3.4600000000000004 3.0399999999999996 0.015470569743177273
3.4600000000000004 3.18 0.011306837785113663
3.4600000000000004 3.32 0.0035598160775117942
3.4600000000000004 3.4600000000000004 0.0004945274980672718
3.4600000000000004 3.6 3.194803120880131e-5
3.4600000000000004 3.7399999999999993 8.308077890604473e-7
3.4600000000000004 3.88 -1.4118677792811513e-9
3.4600000000000004 4.02 -3.029738216963122e-10
3.4600000000000004 4.16 -3.0936046623766155e-12
3.4600000000000004 4.3 -1.0440873128380031e-14
3.6 -1.1600000000000001 6.181196833478343e-7
3.6 -1.02 6.0631516856402894e-5
3.6 -0.8799999999999999 0.0013242273050253694
3.6 -0.7400000000000002 0.006636561956916495
3.6 -0.6000000000000001 0.01124001237602071
3.6 -0.45999999999999996 0.006509033682380438
3.6 -0.32000000000000006 0.0007343700270165484
3.6 -0.17999999999999994 4.6106444992624125e-5
3.6 -0.039999999999999813 -3.266693648574925e-6
3.6 0.10000000000000009 -3.0467732542222844e-7
3.6 1.7800000000000002 3.2760273323337963e-10
3.6 1.9200000000000004 4.2603464153101745e-10
3.6 2.0599999999999996 -2.9605821494004566e-9
3.6 2.2 -5.438765089016306e-9
3.6 2.34 1.6682936488799746e-7
3.6 2.4800000000000004 3.1541688746750096e-6
3.6 2.62 3.5514334842787916e-5
3.6 2.7600000000000007 0.00023030291036701023
3.6 2.9 0.0007595115774444264
3.6 3.0399999999999996 0.0011486535481523116
3.6 3.18 0.0007424953021588102
3.6 3.32 0.0002084776943260328
3.6 3.4600000000000004 3.151736839257218e-5
3.6 3.6 2.925044860820604e-6
3.6 3.7399999999999993 1.0579911283350025e-7
3.6 3.88 -1.8389638075805011e-10
3.6 4.02 -4.628992555765899e-11
3.6 4.16 -4.67767528487526e-13
3.6 4.3 -1.5205397206685678e-15
3.7399999999999993 -1.1600000000000001 3.490005668156109e-8
3.7399999999999993 -1.02 3.309338139796778e-6
3.7399999999999993 -0.8799999999999999 6.715930068995599e-5
3.7399999999999993 -0.7400000000000002 0.00029949162619552846
3.7399999999999993 -0.6000000000000001 0.0005063560763059529
3.7399999999999993 -0.45999999999999996 0.00028441952362101444
3.7399999999999993 -0.32000000000000006 9.99456133045517e-6
3.7399999999999993 -0.17999999999999994 1.0340589249571666e-6
3.7399999999999993 -0.039999999999999813 -1.0090780904793561e-7
3.7399999999999993 0.10000000000000009 -1.517599210807154e-8
3.7399999999999993 1.7800000000000002 2.0349594078834614e-11
3.7399999999999993 1.9200000000000004 2.6492688443843175e-11
3.7399999999999993 2.0599999999999996 -1.8859789181678407e-10
3.7399999999999993 2.2 -4.902007980682608e-10
3.7399999999999993 2.34 6.46574518792745e-9
3.7399999999999993 2.4800000000000004 1.2208332268910492e-7
3.7399999999999993 2.62 1.310565748455045e-6
3.7399999999999993 2.7600000000000007 8.113944003815462e-6
3.7399999999999993 2.9 2.5135587932207766e-5
3.7399999999999993 3.0399999999999996 3.439970224338598e-5
3.7399999999999993 3.18 1.9165387827797932e-5
3.7399999999999993 3.32 5.001009482831079e-6
3.7399999999999993 3.4600000000000004 1.0793142874381155e-6
3.7399999999999993 3.6 1.5148735414512342e-7
3.7399999999999993 3.7399999999999993 7.208942114499779e-9
3.7399999999999993 3.88 6.724119689128141e-11
3.7399999999999993 4.02 -8.892405339421822e-13
3.7399999999999993 4.16 -1.1238607385405921e-14
3.7399999999999993 4.3 -3.301191327334161e-17
3.88 -1.1600000000000001 9.20395062485997e-10
3.88 -1.02 8.507428340741498e-8
3.88 -0.8799999999999999 1.6345496133262776e-6
3.88 -0.7400000000000002 6.668959994136558e-6
3.88 -0.6000000000000001 1.1555277924308783e-5
3.88 -0.45999999999999996 6.354495602568162e-6
3.88 -0.32000000000000006 -1.7978099509018367e-7
3.88 -0.17999999999999994 2.1107691256735015e-8
3.88 -0.039999999999999813 2.355816676370411e-9
3.88 0.10000000000000009 -2.159135564911259e-10
3.88 1.7800000000000002 5.08920167749333e-13
3.88 1.9200000000000004 6.611640499007321e-13
3.88 2.0599999999999996 -4.9285023308041195e-12
3.88 2.2 -1.5638758675849894e-11
3.88 2.34 1.0895204945410284e-10
3.88 2.4800000000000004 2.177535715863574e-9
3.88 2.62 2.216407097295193e-8
3.88 2.7600000000000007 1.2774804058446462e-7
3.88 2.9 3.557461101613296e-7
3.88 3.0399999999999996 4.0388707924459944e-7
3.88 3.18 1.6025988491275821e-7
3.88 3.32 3.84597408783299e-8
3.88 3.4600000000000004 1.7251293030866454e-8
3.88 3.6 3.3183711675216234e-9
3.88 3.7399999999999993 2.2032780978996234e-10
3.88 3.88 6.807334560085699e-12
3.88 4.02 1.1757540951143494e-13
3.88 4.16 9.956212581731231e-16
3.88 4.3 3.569041998803571e-18
4.02 -1.1600000000000001 1.2193195565483858e-11
4.02 -1.02 1.1073324797717395e-9
4.02 -0.8799999999999999 2.0542632917124982e-8
4.02 -0.7400000000000002 7.882849602340558e-8
4.02 -0.6000000000000001 1.3802072661629689e-7
4.02 -0.45999999999999996 7.405944809006263e-8
4.02 -0.32000000000000006 -4.980419519558697e-9
4.02 -0.17999999999999994 4.900706232838375e-10
4.02 -0.039999999999999813 1.1096741805518751e-10
4.02 0.10000000000000009 1.9660004327760857e-13
4.02 1.7800000000000002 1.2466157211380802e-14
4.02 1.9200000000000004 1.6107938401028393e-14
4.02 2.0599999999999996 -1.2789637368594117e-13
4.02 2.2 -4.739943878600176e-13
4.02 2.34 1.7448793594401836e-12
4.02 2.4800000000000004 4.176155179330677e-11
4.02 2.62 4.0932926139349915e-10
4.02 2.7600000000000007 2.1486893867456493e-9
4.02 2.9 4.979793490879105e-9
4.02 3.0399999999999996 3.4586491301741475e-9
4.02 3.18 -5.535647025643063e-10
4.02 3.32 -2.9855245023098737e-10
4.02 3.4600000000000004 2.188448070223435e-10
4.02 3.6 6.121215275549292e-11
4.02 3.7399999999999993 6.22920445395608e-12
4.02 3.88 3.313555919117819e-13
4.02 4.02 7.626025528632237e-15
4.02 4.16 6.84252052079436e-17
4.02 4.3 2.4001559672385613e-19
4.16 -1.1600000000000001 8.785595057688824e-14
4.16 -1.02 7.905623694506713e-12
4.16 -0.8799999999999999 1.4416989196319705e-10
4.16 -0.7400000000000002 5.238576165741641e-10
4.16 -0.6000000000000001 8.582699306971002e-10
4.16 -0.45999999999999996 4.4092571505369595e-10
4.16 -0.32000000000000006 -4.174269162443118e-11
4.16 -0.17999999999999994 6.052930927487206e-12
4.16 -0.039999999999999813 1.3332401994991256e-12
4.16 0.10000000000000009 2.1046412749296992e-14
4.16 1.7800000000000002 2.7881214281949463e-16
4.16 1.9200000000000004 3.5931374146407253e-16
4.16 2.0599999999999996 -2.8995838183259734e-15
4.16 2.2 -1.1067783723418625e-14
4.16 2.34 3.4682610570015984e-14
4.16 2.4800000000000004 8.864458532277646e-13
4.16 2.62 8.642762784958863e-12
4.16 2.7600000000000007 4.4380925845331725e-11
4.16 2.9 9.758163841229161e-11
4.16 3.0399999999999996 5.419471995170115e-11
4.16 3.18 -2.777592094334528e-11
4.16 3.32 -1.088651290655185e-11
4.16 3.4600000000000004 4.003973705452305e-12
4.16 3.6 1.2439807013578841e-12
4.16 3.7399999999999993 1.3866207611852388e-13
4.16 3.88 7.943665351435806e-15
4.16 4.02 1.87805888927087e-16
4.16 4.16 1.69499575690586e-18
4.16 4.3 5.942677290423349e-21
