0.76 0.020800000000000003 0.00014969254007996183
0.76 0.021200000000000004 0.00201001463704732
0.76 0.021599999999999998 0.01668391722831201
0.76 0.022 0.0907141739386633
0.76 0.0224 0.34042416747520976
0.76 0.0228 0.9227988744469793
0.76 0.0232 1.874549143822887
0.76 0.0236 2.954572104575839
0.76 0.024 3.702566244151839
0.76 0.024399999999999998 3.7768013043170425
0.76 0.0248 3.209288518512311
0.76 0.025200000000000004 2.32596766947519
0.76 0.025600000000000005 1.4664095706783487
0.76 0.026000000000000002 0.8278499164593373
0.76 0.0264 0.42223496420332024
0.76 0.0268 0.19921656212760494
0.76 0.027200000000000002 0.08780260321331125
0.76 0.027600000000000003 0.0364282396095357
0.76 0.028000000000000004 0.01436176955868494
0.76 0.0284 0.005410996639655151
0.76 0.0288 0.0019462440355646176
0.76 0.0292 0.0006711318073715369
0.76 0.0296 0.00022246586426196262
0.76 0.030000000000000002 7.114353590503871e-5
0.76 0.030400000000000003 2.2051945030733186e-5
0.76 0.0308 6.64604516540086e-6
0.76 0.031200000000000002 1.937476916415885e-6
0.76 0.0316 5.511381254281411e-7
0.76 0.032 1.5356301211843866e-7
0.76 0.032400000000000005 4.1926072366365874e-8
0.76 0.032799999999999996 8.263527507701986e-6
0.76 0.0332 3.0247961745505363e-9
0.76 0.0336 -5.054791931368516e-7
0.76 0.034 2.05635471253289e-10
0.76 0.0344 4.6907360760331925e-6
0.76 0.0348 2.758839081320731e-6
0.76 0.0352 3.342165963855972e-12
0.76 0.0356 -1.6921377093294149e-6
0.76 0.036000000000000004 -2.1925991786363345e-6
0.76 0.0364 -1.909075941454895e-6
0.76 0.0368 -1.3114560346698934e-6
0.77 0.020800000000000003 0.0005132213711226662
0.77 0.021200000000000004 0.006857865727096681
0.77 0.021599999999999998 0.056471469411486744
0.77 0.022 0.3033991497241066
0.77 0.0224 1.1200782177918636
0.77 0.0228 2.9750137991351466
0.77 0.0232 5.9072642345681645
0.77 0.0236 9.092673029521565
0.77 0.024 11.14459208893992
0.77 0.024399999999999998 11.158057874017814
0.77 0.0248 9.359359542931383
0.77 0.025200000000000004 6.752791414939039
0.77 0.025600000000000005 4.289885597979889
0.77 0.026000000000000002 2.4751104493534446
0.77 0.0264 1.3072854877747848
0.77 0.0268 0.6414203174571825
0.77 0.027200000000000002 0.2947036954741491
0.77 0.027600000000000003 0.1277053552353635
0.77 0.028000000000000004 0.052418097852144296
0.77 0.0284 0.020369916643915693
0.77 0.0288 0.007542109715854732
0.77 0.0292 0.0026691826780696135
0.77 0.0296 0.0009065766356771628
0.77 0.030000000000000002 0.0002963032132774806
0.77 0.030400000000000003 9.33836478650317e-5
0.77 0.0308 2.8695436677069794e-5
0.77 0.031200000000000002 8.586864108962348e-6
0.77 0.0316 2.5033916460714167e-6
0.77 0.032 7.106076422360016e-7
0.77 0.032400000000000005 1.9805685951727844e-7
0.77 0.032799999999999996 2.1741629468688708e-5
0.77 0.0332 1.4560594601630387e-8
0.77 0.0336 -1.3606388590757258e-6
0.77 0.034 1.0172269132706137e-9
0.77 0.0344 1.2308708192647513e-5
0.77 0.0348 7.1735034819492735e-6
0.77 0.0352 1.6966872427529748e-11
0.77 0.0356 -4.380927395156792e-6
0.77 0.036000000000000004 -5.6666155756781316e-6
0.77 0.0364 -4.924218813940227e-6
0.77 0.0368 -3.377096129422733e-6
0.7799999999999999 0.020800000000000003 0.0013929776413925074
0.7799999999999999 0.021200000000000004 0.018543839393295073
0.7799999999999999 0.021599999999999998 0.15175645840347926
0.7799999999999999 0.022 0.8076545548216558
0.7799999999999999 0.0224 2.942515411995077
0.7799999999999999 0.0228 7.685526231150132
0.7799999999999999 0.0232 14.975378840659396
0.7799999999999999 0.0236 22.618730551984473
0.7799999999999999 0.024 27.30677590827147
0.7799999999999999 0.024399999999999998 27.144149403704272
0.7799999999999999 0.0248 22.867972455861256
0.7799999999999999 0.025200000000000004 16.785589858646496
0.7799999999999999 0.025600000000000005 10.973427435402101
0.7799999999999999 0.026000000000000002 6.557783992307419
0.7799999999999999 0.0264 3.6196556674481823
0.7799999999999999 0.0268 1.8610248627905992
0.7799999999999999 0.027200000000000002 0.8973824972507322
0.7799999999999999 0.027600000000000003 0.4047991295319229
0.7799999999999999 0.028000000000000004 0.17183761314137236
0.7799999999999999 0.0284 0.06899871720756147
0.7799999999999999 0.0288 0.026331402241650512
0.7799999999999999 0.0292 0.009570958506642677
0.7799999999999999 0.0296 0.003338623049993215
0.7799999999999999 0.030000000000000002 0.0011225815449362143
0.7799999999999999 0.030400000000000003 0.00036504381767959825
0.7799999999999999 0.0308 0.00011510845992856237
0.7799999999999999 0.031200000000000002 3.527353973236496e-5
0.7799999999999999 0.0316 1.0550745069603679e-5
0.7799999999999999 0.032 3.080877967644843e-6
0.7799999999999999 0.032400000000000005 8.781370035769532e-7
0.7799999999999999 0.032799999999999996 6.626571767271206e-6
0.7799999999999999 0.0332 6.684885183681383e-8
0.7799999999999999 0.0336 -5.0635897714936e-7
0.7799999999999999 0.034 4.7318719345756586e-9
0.7799999999999999 0.0344 3.6863015481324436e-6
0.7799999999999999 0.0348 2.2220541314564915e-6
0.7799999999999999 0.0352 8.057849586912196e-11
0.7799999999999999 0.0356 -1.3863331257485139e-6
0.7799999999999999 0.036000000000000004 -1.8030120042622489e-6
0.7799999999999999 0.0364 -1.5739747804147974e-6
0.7799999999999999 0.0368 -1.0833797026582352e-6
0.7899999999999999 0.020800000000000003 0.0029372722144192552
0.7899999999999999 0.021200000000000004 0.03903968001193652
0.7899999999999999 0.021599999999999998 0.31864020627751893
0.7899999999999999 0.022 1.6889106919891135
0.7899999999999999 0.0224 6.117959349180335
0.7899999999999999 0.0228 15.864017034616111
0.7899999999999999 0.0232 30.671721521333172
0.7899999999999999 0.0236 46.025643259300836
0.7899999999999999 0.024 55.470187755297104
0.7899999999999999 0.024399999999999998 55.56481437662285
0.7899999999999999 0.0248 47.82329430361549
0.7899999999999999 0.025200000000000004 36.40979939682264
0.7899999999999999 0.025600000000000005 24.993057862150913
0.7899999999999999 0.026000000000000002 15.747232317194232
0.7899999999999999 0.0264 9.149389321791885
0.7899999999999999 0.0268 4.927665329858041
0.7899999999999999 0.027200000000000002 2.4711341885167153
0.7899999999999999 0.027600000000000003 1.1575812824341105
0.7899999999999999 0.028000000000000004 0.5096214861490296
0.7899999999999999 0.0284 0.21172029010317236
0.7899999999999999 0.0288 0.08362926087134172
0.7899999999999999 0.0292 0.03157462099464153
0.7899999999999999 0.0296 0.011433289254008354
0.7899999999999999 0.030000000000000002 0.003979863502483116
0.7899999999999999 0.030400000000000003 0.0013394461086115143
0.7899999999999999 0.0308 0.00043708655354662634
0.7899999999999999 0.031200000000000002 0.00013827599313303142
0.7899999999999999 0.0316 4.2469293869810006e-5
0.7899999999999999 0.032 1.2680042697265349e-5
0.7899999999999999 0.032400000000000005 3.6880038743293645e-6
0.7899999999999999 0.032799999999999996 -4.605418377830446e-6
0.7899999999999999 0.0332 2.8938385684744987e-7
0.7899999999999999 0.0336 6.751469713666982e-7
0.7899999999999999 0.034 2.1016114617060525e-8
0.7899999999999999 0.0344 -3.19495463299872e-6
0.7899999999999999 0.0348 -1.7655231774239315e-6
0.7899999999999999 0.0352 3.647726441407538e-10
0.7899999999999999 0.0356 1.0582951792518628e-6
0.7899999999999999 0.036000000000000004 1.3508559182162537e-6
0.7899999999999999 0.0364 1.1545765657721139e-6
0.7899999999999999 0.0368 7.804205590837173e-7
0.7999999999999999 0.020800000000000003 0.00492765747855736
0.7999999999999999 0.021200000000000004 0.06548806806611535
0.7999999999999999 0.021599999999999998 0.534432191173928
0.7999999999999999 0.022 2.8321476977313242
0.7999999999999999 0.0224 10.257954892305678
0.7999999999999999 0.0228 26.60784497349487
0.7999999999999999 0.0232 51.5388673411495
0.7999999999999999 0.0236 77.77434499336165
0.7999999999999999 0.024 94.98882450436288
0.7999999999999999 0.024399999999999998 97.63683995365338
0.7999999999999999 0.0248 87.568893951667
0.7999999999999999 0.025200000000000004 70.3815620451917
0.7999999999999999 0.025600000000000005 51.29730521965213
0.7999999999999999 0.026000000000000002 34.21457450490509
0.7999999999999999 0.0264 20.95119865765373
0.7999999999999999 0.0268 11.840201696619754
0.7999999999999999 0.027200000000000002 6.204547748816732
0.7999999999999999 0.027600000000000003 3.031401888024974
0.7999999999999999 0.028000000000000004 1.3907081161912314
0.7999999999999999 0.0284 0.6029150522662705
0.7999999999999999 0.0288 0.24868036167192947
0.7999999999999999 0.0292 0.09791181755417362
0.7999999999999999 0.0296 0.03701984410184243
0.7999999999999999 0.030000000000000002 0.013447999700990216
0.7999999999999999 0.030400000000000003 0.004702024024530112
0.7999999999999999 0.0308 0.0015834580750050465
0.7999999999999999 0.031200000000000002 0.0005152995867126506
0.7999999999999999 0.0316 0.00016237435229502298
0.7999999999999999 0.032 4.95610231200328e-5
0.7999999999999999 0.032400000000000005 1.4669408773919634e-5
0.7999999999999999 0.032799999999999996 -9.403095878379111e-5
0.7999999999999999 0.0332 1.1898921845793668e-6
0.7999999999999999 0.0336 7.126679072481482e-6
0.7999999999999999 0.034 8.8662421061493e-8
0.7999999999999999 0.0344 -5.564604160808503e-5
0.7999999999999999 0.0348 -3.197143881606844e-5
0.7999999999999999 0.0352 1.6345128292663083e-9
0.7999999999999999 0.0356 1.9410288624624704e-5
0.7999999999999999 0.036000000000000004 2.5029329743065325e-5
0.7999999999999999 0.0364 2.167141805781735e-5
0.7999999999999999 0.0368 1.4816059802240364e-5
0.81 0.020800000000000003 0.006602142122665666
0.81 0.021200000000000004 0.08792335426589284
0.81 0.021599999999999998 0.7200055134492434
0.81 0.022 3.8362342258648985
0.81 0.0224 14.005678273878129
0.81 0.0228 36.73975151194862
0.81 0.0232 72.28736100277517
0.81 0.0236 111.58628756943828
0.81 0.024 140.87312406829713
0.81 0.024399999999999998 151.71498512301187
0.81 0.0248 144.3508542032524
0.81 0.025200000000000004 123.75544207256529
0.81 0.025600000000000005 95.99046176133692
0.81 0.026000000000000002 67.70841747498547
0.81 0.0264 43.76469984751072
0.81 0.0268 26.019785045959726
0.81 0.027200000000000002 14.307067456387928
0.81 0.027600000000000003 7.343344260845666
0.81 0.028000000000000004 3.5385011032195006
0.81 0.0284 1.6135286734108318
0.81 0.0288 0.6991390112848537
0.81 0.0292 0.28904204448047044
0.81 0.0296 0.11422999768770267
0.81 0.030000000000000002 0.04314575096789143
0.81 0.030400000000000003 0.01557413719831257
0.81 0.0308 0.005424122855182419
0.81 0.031200000000000002 0.0018120347681955281
0.81 0.0316 0.0005831008736379234
0.81 0.032 0.00018181247035523352
0.81 0.032400000000000005 5.516431492891351e-5
0.81 0.032799999999999996 -0.000618333557089442
0.81 0.0332 4.70112423893954e-6
0.81 0.0336 4.307295725761524e-5
0.81 0.034 3.710576397424078e-7
0.81 0.0344 -0.0003604871176687075
0.81 0.0348 -0.00021018547855287175
0.81 0.0352 7.463827526495683e-9
0.81 0.0356 0.00012848258251101733
0.81 0.036000000000000004 0.00016617490180668095
0.81 0.0364 0.0001443689760711311
0.81 0.0368 9.898680687128867e-5
0.8200000000000001 0.020800000000000003 0.007047929547159237
0.8200000000000001 0.021200000000000004 0.09438336865761582
0.8200000000000001 0.021599999999999998 0.7800422504605872
0.8200000000000001 0.022 4.215018220435587
0.8200000000000001 0.0224 15.699607464419154
0.8200000000000001 0.0228 42.29620750156497
0.8200000000000001 0.0232 86.07561299687335
0.8200000000000001 0.0236 138.65957526534424
0.8200000000000001 0.024 184.54037163707594
0.8200000000000001 0.024399999999999998 211.65102465640777
0.8200000000000001 0.0248 215.7982813430748
0.8200000000000001 0.025200000000000004 198.22857780968465
0.8200000000000001 0.025600000000000005 164.05737918453735
0.8200000000000001 0.026000000000000002 122.87753539894624
0.8200000000000001 0.0264 84.02612354687191
0.8200000000000001 0.0268 52.754462928076414
0.8200000000000001 0.027200000000000002 30.656112721578356
0.8200000000000001 0.027600000000000003 16.618524033292378
0.8200000000000001 0.028000000000000004 8.466761144120811
0.8200000000000001 0.0284 4.0697303654349
0.8200000000000001 0.0288 1.8537973741615437
0.8200000000000001 0.0292 0.8028600323670709
0.8200000000000001 0.0296 0.3306519118306044
0.8200000000000001 0.030000000000000002 0.12960980367570782
0.8200000000000001 0.030400000000000003 0.04847427858227293
0.8200000000000001 0.0308 0.0172999230966953
0.8200000000000001 0.031200000000000002 0.005947199805494418
0.8200000000000001 0.0316 0.0019757936109736666
0.8200000000000001 0.032 0.0006348470359754999
0.8200000000000001 0.032400000000000005 0.00019860259638850808
0.8200000000000001 0.032799999999999996 -0.0009006922313792484
0.8200000000000001 0.0332 1.8265884848345256e-5
0.8200000000000001 0.0336 6.914729773194585e-5
0.8200000000000001 0.034 1.5585733391031624e-6
0.8200000000000001 0.0344 -0.0005459472703808232
0.8200000000000001 0.0348 -0.00031855694763945975
0.8200000000000001 0.0352 3.461575665015121e-8
0.8200000000000001 0.0356 0.00019488471667928247
0.8200000000000001 0.036000000000000004 0.0002520693586967559
0.8200000000000001 0.0364 0.00021899353021831495
0.8200000000000001 0.0368 0.00015015622714888496
0.8300000000000001 0.020800000000000003 0.006119448435134972
0.8300000000000001 0.021200000000000004 0.08278599262136188
0.8300000000000001 0.021599999999999998 0.6955414895744144
0.8300000000000001 0.022 3.851311475034152
0.8300000000000001 0.0224 14.829809450382134
0.8300000000000001 0.0228 41.66411344846642
0.8300000000000001 0.0232 89.12273486641848
0.8300000000000001 0.0236 152.2669430838582
0.8300000000000001 0.024 216.81833539591042
0.8300000000000001 0.024399999999999998 267.8606430695786
0.8300000000000001 0.0248 294.58453884656194
0.8300000000000001 0.025200000000000004 290.75051419064397
0.8300000000000001 0.025600000000000005 257.31178870919086
0.8300000000000001 0.026000000000000002 205.3836147641139
0.8300000000000001 0.0264 149.32575992312252
0.8300000000000001 0.0268 99.49131820263523
0.8300000000000001 0.027200000000000002 61.290262240819246
0.8300000000000001 0.027600000000000003 35.20368981151233
0.8300000000000001 0.028000000000000004 18.96304469016987
0.8300000000000001 0.0284 9.608279108971217
0.8300000000000001 0.0288 4.599412681801132
0.8300000000000001 0.0292 2.0827893987743646
0.8300000000000001 0.0296 0.8897482372370088
0.8300000000000001 0.030000000000000002 0.36200663735121874
0.8300000000000001 0.030400000000000003 0.1404094738741413
0.8300000000000001 0.0308 0.05189584093698224
0.8300000000000001 0.031200000000000002 0.018522567060124825
0.8300000000000001 0.0316 0.006369295403571323
0.8300000000000001 0.032 0.002141253980530633
0.8300000000000001 0.032400000000000005 0.0006999971563104233
0.8300000000000001 0.032799999999999996 -0.0011657514677499705
0.8300000000000001 0.0332 6.970909075333026e-5
0.8300000000000001 0.0336 0.00010489541674060733
0.8300000000000001 0.034 6.401398600622885e-6
0.8300000000000001 0.0344 -0.0007871816545513979
0.8300000000000001 0.0348 -0.00045903176433341453
0.8300000000000001 0.0352 1.5304057520487746e-7
0.8300000000000001 0.0356 0.00028046066700458786
0.8300000000000001 0.036000000000000004 0.00036276064072267576
0.8300000000000001 0.0364 0.00031529690052295786
0.8300000000000001 0.0368 0.00021626569836971242
0.8400000000000001 0.020800000000000003 0.004171231678157257
0.8400000000000001 0.021200000000000004 0.05758277320411208
0.8400000000000001 0.021599999999999998 0.49928176852447653
0.8400000000000001 0.022 2.889548999079506
0.8400000000000001 0.0224 11.765896106698696
0.8400000000000001 0.0228 35.264457250535024
0.8400000000000001 0.0232 80.93649408489415
0.8400000000000001 0.0236 149.27870947315944
0.8400000000000001 0.024 230.63058073438825
0.8400000000000001 0.024399999999999998 309.823060177586
0.8400000000000001 0.0248 369.4098754308377
0.8400000000000001 0.025200000000000004 392.87140326451123
0.8400000000000001 0.025600000000000005 372.69976231281396
0.8400000000000001 0.026000000000000002 317.7154310396916
0.8400000000000001 0.0264 245.8539697159294
0.8400000000000001 0.0268 174.40755644467197
0.8400000000000001 0.027200000000000002 114.39124577031225
0.8400000000000001 0.027600000000000003 69.73734546554263
0.8400000000000001 0.028000000000000004 39.70922779168437
0.8400000000000001 0.0284 21.166977559369837
0.8400000000000001 0.0288 10.602631657472914
0.8400000000000001 0.0292 5.003120856810579
0.8400000000000001 0.0296 2.233957309811715
0.8400000000000001 0.030000000000000002 0.9481835627638272
0.8400000000000001 0.030400000000000003 0.3820806870675053
0.8400000000000001 0.0308 0.14822356609784326
0.8400000000000001 0.031200000000000002 0.055183192780510724
0.8400000000000001 0.0316 0.019975754530914828
0.8400000000000001 0.032 0.006970687742802697
0.8400000000000001 0.032400000000000005 0.002380759334582425
0.8400000000000001 0.032799999999999996 0.0003281007065087075
0.8400000000000001 0.0332 0.000255063747196036
0.8400000000000001 0.0336 7.35937528092376e-5
0.8400000000000001 0.034 2.4605740794391913e-5
0.8400000000000001 0.0344 -0.0002479571864442503
0.8400000000000001 0.0348 -0.00014322125675088465
0.8400000000000001 0.0352 6.163103768699132e-7
0.8400000000000001 0.0356 8.706528368676013e-5
0.8400000000000001 0.036000000000000004 0.00011259072326739914
0.8400000000000001 0.0364 9.813930920300717e-5
0.8400000000000001 0.0368 6.75051674936731e-5
0.8500000000000001 0.020800000000000003 0.002196064343173405
0.8500000000000001 0.021200000000000004 0.03156806986134911
0.8500000000000001 0.021599999999999998 0.29022431319446157
0.8500000000000001 0.022 1.8092685020408994
0.8500000000000001 0.0224 8.010002434097176
0.8500000000000001 0.0228 26.177455448797822
0.8500000000000001 0.0232 65.5278650162665
0.8500000000000001 0.0236 132.24953108200322
0.8500000000000001 0.024 224.34144794292956
0.8500000000000001 0.024399999999999998 330.6073614449176
0.8500000000000001 0.0248 429.1941994964568
0.8500000000000001 0.025200000000000004 492.23737822271994
0.8500000000000001 0.025600000000000005 500.5321602973085
0.8500000000000001 0.026000000000000002 456.1107850543403
0.8500000000000001 0.0264 377.0703418550695
0.8500000000000001 0.0268 285.15921929105
0.8500000000000001 0.027200000000000002 198.75784222198902
0.8500000000000001 0.027600000000000003 128.4741731042653
0.8500000000000001 0.028000000000000004 77.26628974027217
0.8500000000000001 0.0284 43.38108903478698
0.8500000000000001 0.0288 22.81166403305141
0.8500000000000001 0.0292 11.265446498882381
0.8500000000000001 0.0296 5.262935487328035
0.8500000000000001 0.030000000000000002 2.3385512655410268
0.8500000000000001 0.030400000000000003 0.9932052738253435
0.8500000000000001 0.0308 0.4037332855063509
0.8500000000000001 0.031200000000000002 0.1576444621577556
0.8500000000000001 0.0316 0.059525744846864785
0.8500000000000001 0.032 0.02175728356730078
0.8500000000000001 0.032400000000000005 0.007650609659058526
0.8500000000000001 0.032799999999999996 0.0014166033927228165
0.8500000000000001 0.0332 0.000865691496764927
0.8500000000000001 0.0336 0.0003418463959316216
0.8500000000000001 0.034 8.665434574916044e-5
0.8500000000000001 0.0344 -0.000650205601853318
0.8500000000000001 0.0348 -0.00038432359604702695
0.8500000000000001 0.0352 2.2538959761560675e-6
0.8500000000000001 0.0356 0.00023900327519776085
0.8500000000000001 0.036000000000000004 0.00030828307785652604
0.8500000000000001 0.0364 0.00026772611359693387
0.8500000000000001 0.0368 0.00018361002537535726
0.8600000000000001 0.020800000000000003 0.0005993906532831495
0.8600000000000001 0.021200000000000004 0.010240710136518855
0.8600000000000001 0.021599999999999998 0.11473303704291873
0.8600000000000001 0.022 0.8680015380816944
0.8600000000000001 0.0224 4.550612822537786
0.8600000000000001 0.0228 17.107536037030886
0.8600000000000001 0.0232 48.17651143931863
0.8600000000000001 0.0236 108.18204098911755
0.8600000000000001 0.024 202.72998195183183
0.8600000000000001 0.024399999999999998 327.3258047236087
0.8600000000000001 0.0248 461.13504871626435
0.8600000000000001 0.025200000000000004 569.9388204101746
0.8600000000000001 0.025600000000000005 622.6963328632576
0.8600000000000001 0.026000000000000002 608.4089559656146
0.8600000000000001 0.0264 537.7174134219391
0.8600000000000001 0.0268 433.8247370426161
0.8600000000000001 0.027200000000000002 321.5569406719027
0.8600000000000001 0.027600000000000003 220.19202454004625
0.8600000000000001 0.028000000000000004 139.88868454134817
0.8600000000000001 0.0284 82.78136878909804
0.8600000000000001 0.0288 45.801814633181976
0.8600000000000001 0.0292 23.802503146563986
0.8600000000000001 0.0296 11.705599475093347
0.8600000000000001 0.030000000000000002 5.471887179352518
0.8600000000000001 0.030400000000000003 2.431045734363309
0.8600000000000001 0.0308 1.0364940833487217
0.8600000000000001 0.031200000000000002 0.42388159724388674
0.8600000000000001 0.0316 0.1662762477266308
0.8600000000000001 0.032 0.06289535452589104
0.8600000000000001 0.032400000000000005 0.022804527099841262
0.8600000000000001 0.032799999999999996 0.00835454847357955
0.8600000000000001 0.0332 0.0026904485494672623
0.8600000000000001 0.0336 0.0006673661032920655
0.8600000000000001 0.034 0.0002801390044416304
0.8600000000000001 0.0344 0.0003338648092291588
0.8600000000000001 0.0348 0.00017054738639935683
0.8600000000000001 0.0352 7.664175638541227e-6
0.8600000000000001 0.0356 -9.544973755802158e-5
0.8600000000000001 0.036000000000000004 -0.0001234369619550783
0.8600000000000001 0.0364 -0.00010290035033571941
0.8600000000000001 0.0368 -6.77133107936093e-5
0.8699999999999999 0.020800000000000003 -0.00018275393173319336
0.8699999999999999 0.021200000000000004 -0.0006517298960208815
0.8699999999999999 0.021599999999999998 0.019062983403384512
0.8699999999999999 0.022 0.30540852543777064
0.8699999999999999 0.0224 2.225613902777786
0.8699999999999999 0.0228 10.109057296779547
0.8699999999999999 0.0232 32.49382692484223
0.8699999999999999 0.0236 81.54293331066094
0.8699999999999999 0.024 168.9692693512841
0.8699999999999999 0.024399999999999998 298.69701898080547
0.8699999999999999 0.0248 456.6149824258209
0.8699999999999999 0.025200000000000004 609.3607654456282
0.8699999999999999 0.025600000000000005 717.7415821524413
0.8699999999999999 0.026000000000000002 754.3758888559408
0.8699999999999999 0.0264 714.9292080792515
0.8699999999999999 0.0268 615.7501335444941
0.8699999999999999 0.027200000000000002 485.57375940574383
0.8699999999999999 0.027600000000000003 352.54637521198515
0.8699999999999999 0.028000000000000004 236.58108692606186
0.8699999999999999 0.0284 147.68862160095725
0.8699999999999999 0.0288 86.17377785445433
0.8699999999999999 0.0292 47.24317260960963
0.8699999999999999 0.0296 24.465858191954815
0.8699999999999999 0.030000000000000002 12.014215701312922
0.8699999999999999 0.030400000000000003 5.607373889074325
0.8699999999999999 0.0308 2.494072664971981
0.8699999999999999 0.031200000000000002 1.0611970118397995
0.8699999999999999 0.0316 0.4310861105482483
0.8699999999999999 0.032 0.16794317307667986
0.8699999999999999 0.032400000000000005 0.06277155977845932
0.8699999999999999 0.032799999999999996 0.023306380584459205
0.8699999999999999 0.0332 0.007786650223813333
0.8699999999999999 0.0336 0.0024634771106913636
0.8699999999999999 0.034 0.0008481117690961094
0.8699999999999999 0.0344 0.0007144205186153948
0.8699999999999999 0.0348 0.0003249442264182301
0.8699999999999999 0.0352 2.522157767357638e-5
0.8699999999999999 0.0356 -0.00014028056432955363
0.8699999999999999 0.036000000000000004 -0.0001851338568340729
0.8699999999999999 0.0364 -0.00015699999373850197
0.8699999999999999 0.0368 -0.0001049423351499952
0.8799999999999999 0.020800000000000003 -0.00031341374730233656
0.8799999999999999 0.021200000000000004 -0.0030571353852276995
0.8799999999999999 0.021599999999999998 -0.009696996471091382
0.8799999999999999 0.022 0.07762953888775656
0.8799999999999999 0.0224 1.0041791696870648
0.8799999999999999 0.0228 5.543394195830798
0.8799999999999999 0.0232 20.210537100241286
0.8799999999999999 0.0236 56.649784415448735
0.8799999999999999 0.024 130.09388593711228
0.8799999999999999 0.024399999999999998 252.2390683841705
0.8799999999999999 0.0248 419.1088800595175
0.8799999999999999 0.025200000000000004 605.2227621879292
0.8799999999999999 0.025600000000000005 770.0780356484184
0.8799999999999999 0.026000000000000002 871.6157125161546
0.8799999999999999 0.0264 886.400382583799
0.8799999999999999 0.0268 815.5742571684676
0.8799999999999999 0.027200000000000002 684.6273423396314
0.8799999999999999 0.027600000000000003 527.5507355025997
0.8799999999999999 0.028000000000000004 375.7956462880421
0.8799999999999999 0.0284 248.03158096989918
0.8799999999999999 0.0288 152.44546015834203
0.8799999999999999 0.0292 88.04610937737915
0.8799999999999999 0.0296 47.883777934990135
0.8799999999999999 0.030000000000000002 24.711537759130888
0.8799999999999999 0.030400000000000003 12.069881392615892
0.8799999999999999 0.0308 5.6033049440692615
0.8799999999999999 0.031200000000000002 2.469059096950891
0.8799999999999999 0.0316 1.038415427632281
0.8799999999999999 0.032 0.41752834957657164
0.8799999999999999 0.032400000000000005 0.16055568312175605
0.8799999999999999 0.032799999999999996 0.05959743242192679
0.8799999999999999 0.0332 0.021273633991960583
0.8799999999999999 0.0336 0.006785857194912025
0.8799999999999999 0.034 0.002456500042406045
0.8799999999999999 0.0344 0.0009391204632079451
0.8799999999999999 0.0348 0.0003902077766201405
0.8799999999999999 0.0352 8.098405100720128e-5
0.8799999999999999 0.0356 -9.23349043210329e-5
0.8799999999999999 0.036000000000000004 -0.0001441900582590234
0.8799999999999999 0.0364 -0.00012434765773274386
0.8799999999999999 0.0368 -8.247858717527278e-5
0.8899999999999999 0.020800000000000003 -0.00011667019258244997
0.8899999999999999 0.021200000000000004 -0.001051555683007196
0.8899999999999999 0.021599999999999998 -0.0016590106299976225
0.8899999999999999 0.022 0.05108979731935751
0.8899999999999999 0.0224 0.5390356822657543
0.8899999999999999 0.0228 2.9892501963743077
0.8899999999999999 0.0232 11.682718547324285
0.8899999999999999 0.0236 36.1919549347385
0.8899999999999999 0.024 92.29638560947575
0.8899999999999999 0.024399999999999998 196.9091443517289
0.8899999999999999 0.0248 356.7840522931186
0.8899999999999999 0.025200000000000004 559.1905347067784
0.8899999999999999 0.025600000000000005 769.8652119768506
0.8899999999999999 0.026000000000000002 938.7364312476716
0.8899999999999999 0.0264 1024.5479187945202
0.8899999999999999 0.0268 1008.9057610352116
0.8899999999999999 0.027200000000000002 902.9925923960558
0.8899999999999999 0.027600000000000003 739.6054338323517
0.8899999999999999 0.028000000000000004 557.8618901102327
0.8899999999999999 0.0284 389.6919192132169
0.8899999999999999 0.0288 253.54685813370105
0.8899999999999999 0.0292 154.06282254286216
0.8899999999999999 0.0296 88.0270284519189
0.8899999999999999 0.030000000000000002 47.52729895234432
0.8899999999999999 0.030400000000000003 24.2362631495359
0.8899999999999999 0.0308 11.74415940298455
0.8899999999999999 0.031200000000000002 5.384428740057834
0.8899999999999999 0.0316 2.3457661531914393
0.8899999999999999 0.032 0.9750725124190159
0.8899999999999999 0.032400000000000005 0.3894478656426137
0.8899999999999999 0.032799999999999996 0.15174525821609935
0.8899999999999999 0.0332 0.05564444464332506
0.8899999999999999 0.0336 0.018820113445783555
0.8899999999999999 0.034 0.006967399681564057
0.8899999999999999 0.0344 0.0036804098402897765
0.8899999999999999 0.0348 0.0017419357819022034
0.8899999999999999 0.0352 0.0002492689628738119
0.8899999999999999 0.0356 -0.0006075288295964278
0.8899999999999999 0.036000000000000004 -0.0008735447422175155
0.8899999999999999 0.0364 -0.0007738037252715423
0.8899999999999999 0.0368 -0.0005342610354062341
0.8999999999999999 0.020800000000000003 7.963007739249948e-5
0.8999999999999999 0.021200000000000004 0.0011668813600822854
0.8999999999999999 0.021599999999999998 0.011091162844582088
0.8999999999999999 0.022 0.07382720375794143
0.8999999999999999 0.0224 0.37659579871955295
0.8999999999999999 0.0228 1.6265519031115294
0.8999999999999999 0.0232 6.283355007261592
0.8999999999999999 0.0236 21.29878363521039
0.8999999999999999 0.024 60.502771493124754
0.8999999999999999 0.024399999999999998 142.30914025352885
0.8999999999999999 0.0248 281.7133318686143
0.8999999999999999 0.025200000000000004 480.3426952031964
0.8999999999999999 0.025600000000000005 717.111388537366
0.8999999999999999 0.026000000000000002 943.5060395278765
0.8999999999999999 0.0264 1106.8614697317685
0.8999999999999999 0.0268 1166.9295341755828
0.8999999999999999 0.027200000000000002 1114.1938712340466
0.8999999999999999 0.027600000000000003 970.6192922585064
0.8999999999999999 0.028000000000000004 776.5168916903192
0.8999999999999999 0.0284 574.0116384639456
0.8999999999999999 0.0288 394.1003813486048
0.8999999999999999 0.0292 252.5865175373903
0.8999999999999999 0.0296 151.816415076267
0.8999999999999999 0.030000000000000002 85.75074643603905
0.8999999999999999 0.030400000000000003 45.73368939271925
0.8999999999999999 0.0308 23.08928571716167
0.8999999999999999 0.031200000000000002 11.018850918853428
0.8999999999999999 0.0316 5.017155345427718
0.8999999999999999 0.032 2.1749403229166977
0.8999999999999999 0.032400000000000005 0.9026705419274642
0.8999999999999999 0.032799999999999996 0.35694165224714514
0.8999999999999999 0.0332 0.1393410879463738
0.8999999999999999 0.0336 0.05364962795932604
0.8999999999999999 0.034 0.018762118201543634
0.8999999999999999 0.0344 0.004156444340817684
0.8999999999999999 0.0348 0.0008213312450482204
0.8999999999999999 0.0352 0.0007227329844501537
0.8999999999999999 0.0356 0.001175611437644664
0.8999999999999999 0.036000000000000004 0.0012790981350370297
0.8999999999999999 0.0364 0.0010288360980638502
0.8999999999999999 0.0368 0.0006730008643408289
0.9099999999999999 0.020800000000000003 0.00021795029886134424
0.9099999999999999 0.021200000000000004 0.0027916202655856393
0.9099999999999999 0.021599999999999998 0.021409463743259367
0.9099999999999999 0.022 0.10358389397908767
0.9099999999999999 0.0224 0.34406638940086653
0.9099999999999999 0.0228 0.966915308922188
0.9099999999999999 0.0232 3.130102638385517
0.9099999999999999 0.0236 11.332994715710075
0.9099999999999999 0.024 36.33688407825848
0.9099999999999999 0.024399999999999998 95.14606878853186
0.9099999999999999 0.0248 206.86376226862362
0.9099999999999999 0.025200000000000004 384.7901176069819
0.9099999999999999 0.025600000000000005 623.7562223878891
0.9099999999999999 0.026000000000000002 886.1419907120043
0.9099999999999999 0.0264 1118.1401974704806
0.9099999999999999 0.0268 1262.8084261959318
0.9099999999999999 0.027200000000000002 1287.331342951132
0.9099999999999999 0.027600000000000003 1193.8849938957287
0.9099999999999999 0.028000000000000004 1014.3736229449503
0.9099999999999999 0.0284 794.4261605368043
0.9099999999999999 0.0288 576.5611259767965
0.9099999999999999 0.0292 389.44661495169555
0.9099999999999999 0.0296 246.3715315892117
0.9099999999999999 0.030000000000000002 145.93078584667722
0.9099999999999999 0.030400000000000003 81.23148330592409
0.9099999999999999 0.0308 42.79920642997285
0.9099999999999999 0.031200000000000002 21.366670272001002
0.9099999999999999 0.0316 10.17093460199036
0.9099999999999999 0.032 4.611411295201741
0.9099999999999999 0.032400000000000005 2.0002355695053793
0.9099999999999999 0.032799999999999996 0.8275332744246856
0.9099999999999999 0.0332 0.3341895990430457
0.9099999999999999 0.0336 0.1282752083451268
0.9099999999999999 0.034 0.047756457419243
0.9099999999999999 0.0344 0.013872556273929058
0.9099999999999999 0.0348 0.0038447232621680576
0.9099999999999999 0.0352 0.0020081645042596776
0.9099999999999999 0.0356 0.0020250207963460275
0.9099999999999999 0.036000000000000004 0.002020632149792385
0.9099999999999999 0.0364 0.0016744040908023103
0.9099999999999999 0.0368 0.0011472833377692533
0.9199999999999999 0.020800000000000003 0.00019383792189870655
0.9199999999999999 0.021200000000000004 0.00244509307865762
0.9199999999999999 0.021599999999999998 0.0182015668478686
0.9199999999999999 0.022 0.08286078170714728
0.9199999999999999 0.0224 0.2410642425412882
0.9199999999999999 0.0228 0.5279077908760885
0.9199999999999999 0.0232 1.4372027114857582
0.9199999999999999 0.0236 5.616202709839882
0.9199999999999999 0.024 20.399134006746724
0.9199999999999999 0.024399999999999998 59.28543799731558
0.9199999999999999 0.0248 141.46768664517975
0.9199999999999999 0.025200000000000004 287.4432820752004
0.9199999999999999 0.025600000000000005 506.63355921911557
0.9199999999999999 0.026000000000000002 777.9240481883824
0.9199999999999999 0.0264 1056.3514095264818
0.9199999999999999 0.0268 1279.5492749449456
0.9199999999999999 0.027200000000000002 1394.3079632451156
0.9199999999999999 0.027600000000000003 1378.324896138342
0.9199999999999999 0.028000000000000004 1245.1295838363865
0.9199999999999999 0.0284 1034.0398549962945
0.9199999999999999 0.0288 793.3774343402114
0.9199999999999999 0.0292 565.6065757830115
0.9199999999999999 0.0296 376.3296915363906
0.9199999999999999 0.030000000000000002 234.41388892055318
0.9199999999999999 0.030400000000000003 136.77493436547482
0.9199999999999999 0.0308 75.34362371947773
0.9199999999999999 0.031200000000000002 39.3291703398625
0.9199999999999999 0.0316 19.54805108214449
0.9199999999999999 0.032 9.271095495807812
0.9199999999999999 0.032400000000000005 4.192408545455687
0.9199999999999999 0.032799999999999996 1.814943156669787
0.9199999999999999 0.0332 0.7528506046289583
0.9199999999999999 0.0336 0.2945108862939604
0.9199999999999999 0.034 0.11491057079777187
0.9199999999999999 0.0344 0.043367671792493775
0.9199999999999999 0.0348 0.01585870298536585
0.9199999999999999 0.0352 0.005293622173234702
0.9199999999999999 0.0356 0.001097041650250501
0.9199999999999999 0.036000000000000004 -0.00027467451621708577
0.9199999999999999 0.0364 -0.00045410766862458314
0.9199999999999999 0.0368 -0.00031017096283011275
0.9299999999999999 0.020800000000000003 0.00017479967357245563
0.9299999999999999 0.021200000000000004 0.002193857652688049
0.9299999999999999 0.021599999999999998 0.016160360865741418
0.9299999999999999 0.022 0.07174662947294137
0.9299999999999999 0.0224 0.1939256426666574
0.9299999999999999 0.0228 0.33425225993614976
0.9299999999999999 0.0232 0.611048541581815
0.9299999999999999 0.0236 2.436122090737939
0.9299999999999999 0.024 10.450724627792935
0.9299999999999999 0.024399999999999998 34.327981314407985
0.9299999999999999 0.0248 90.3034188597513
0.9299999999999999 0.025200000000000004 200.4714085610846
0.9299999999999999 0.025600000000000005 384.1739980622415
0.9299999999999999 0.026000000000000002 638.0672939526526
0.9299999999999999 0.0264 933.5883178163255
0.9299999999999999 0.0268 1213.7387680782424
0.9299999999999999 0.027200000000000002 1415.9080138031045
0.9299999999999999 0.027600000000000003 1494.4003084580982
0.9299999999999999 0.028000000000000004 1436.6262369093129
0.9299999999999999 0.0284 1266.0411290821596
0.9299999999999999 0.0288 1028.5216860721368
0.9299999999999999 0.0292 774.1803751743759
0.9299999999999999 0.0296 542.1469222786218
0.9299999999999999 0.030000000000000002 355.07796030003607
0.9299999999999999 0.030400000000000003 217.88706340875967
0.9299999999999999 0.0308 125.95216905998002
0.9299999999999999 0.031200000000000002 68.84497297282113
0.9299999999999999 0.0316 35.714748205805606
0.9299999999999999 0.032 17.625862085174166
0.9299999999999999 0.032400000000000005 8.295983169731072
0.9299999999999999 0.032799999999999996 3.7288570013959386
0.9299999999999999 0.0332 1.604074604298087
0.9299999999999999 0.0336 0.6578474012203679
0.9299999999999999 0.034 0.26444259187531116
0.9299999999999999 0.0344 0.10286640373142465
0.9299999999999999 0.0348 0.03897804288787584
0.9299999999999999 0.0352 0.013409493302124665
0.9299999999999999 0.0356 0.0033536773183262584
0.9299999999999999 0.036000000000000004 -9.855523630518964e-5
0.9299999999999999 0.0364 -0.0008717816627230222
0.9299999999999999 0.0368 -0.0007488327921804231
0.94 0.020800000000000003 0.0001254053808089205
0.94 0.021200000000000004 0.0015719099951618024
0.94 0.021599999999999998 0.011545999046310708
0.94 0.022 0.0508655351275744
0.94 0.0224 0.13371047496388927
0.94 0.0228 0.20237200051790125
0.94 0.0232 0.23779358398106168
0.94 0.0236 0.9270318538190223
0.94 0.024 4.934836293336899
0.94 0.024399999999999998 18.474443272867692
0.94 0.0248 53.63634826665119
0.94 0.025200000000000004 130.25719554782248
0.94 0.025600000000000005 271.78791551600204
0.94 0.026000000000000002 489.0244629493349
0.94 0.0264 771.862440586229
0.94 0.0268 1079.2345710005857
0.94 0.027200000000000002 1350.2126336306394
0.94 0.027600000000000003 1523.1291636532055
0.94 0.028000000000000004 1559.6242223229942
0.94 0.0284 1459.7913642505455
0.94 0.0288 1255.3459441379746
0.94 0.0292 997.7487313067018
0.94 0.0296 736.7322595030951
0.94 0.030000000000000002 508.15605629747193
0.94 0.030400000000000003 327.96588992458936
0.94 0.0308 199.26458232149812
0.94 0.031200000000000002 114.11344585731867
0.94 0.0316 61.74467015256535
0.94 0.032 31.7643564816929
0.94 0.032400000000000005 15.525569828063523
0.94 0.032799999999999996 7.248491975526093
0.94 0.0332 3.251378557587787
0.94 0.0336 1.390940846012158
0.94 0.034 0.5743130638638001
0.94 0.0344 0.2208474835757494
0.94 0.0348 0.08169741449014517
0.94 0.0352 0.03259553012266102
0.94 0.0356 0.015128594529336976
0.94 0.036000000000000004 0.008563956174254898
0.94 0.0364 0.005599148444723747
0.94 0.0368 0.0035647919349180023
0.95 0.020800000000000003 8.176034067185844e-5
0.95 0.021200000000000004 0.001024575203781331
0.95 0.021599999999999998 0.007520478422845687
0.95 0.022 0.033047394366876946
0.95 0.0224 0.08582996853014667
0.95 0.0228 0.12047257080406894
0.95 0.0232 0.08442984901968036
0.95 0.0236 0.2854018169688479
0.95 0.024 2.130030200302339
0.95 0.024399999999999998 9.21617302557896
0.95 0.0248 29.565975085634683
0.95 0.025200000000000004 78.71575666787547
0.95 0.025600000000000005 179.33347594057196
0.95 0.026000000000000002 350.48753554732144
0.95 0.0264 597.7361350663723
0.95 0.0268 900.6896387182779
0.95 0.027200000000000002 1209.501324320315
0.95 0.027600000000000003 1459.1181400277696
0.95 0.028000000000000004 1592.3143326191334
0.95 0.0284 1582.8211777575568
0.95 0.0288 1442.5507989035789
0.95 0.0292 1212.5565469308854
0.95 0.0296 945.5900865154715
0.95 0.030000000000000002 686.6331732761076
0.95 0.030400000000000003 466.22335620669594
0.95 0.0308 297.06652583870647
0.95 0.031200000000000002 178.08818875960827
0.95 0.0316 100.84046157333448
0.95 0.032 54.020284594029725
0.95 0.032400000000000005 27.577520596779546
0.95 0.032799999999999996 13.41355206894294
0.95 0.0332 6.25067242958552
0.95 0.0336 2.7870274775040818
0.95 0.034 1.196917526806616
0.95 0.0344 0.48831699970654474
0.95 0.0348 0.19358214987729377
0.95 0.0352 0.07569454984761038
0.95 0.0356 0.03034380540414114
0.95 0.036000000000000004 0.013052052205514265
0.95 0.0364 0.006033709077280241
0.95 0.0368 0.002879361553102665
0.96 0.020800000000000003 5.4224987988916144e-5
0.96 0.021200000000000004 0.0006797300557983491
0.96 0.021599999999999998 0.004991694402464121
0.96 0.022 0.021940819125075953
0.96 0.0224 0.05677990013331266
0.96 0.0228 0.07649225804963122
0.96 0.0232 0.0274963626366243
0.96 0.0236 0.037218842356712224
0.96 0.024 0.8131523096701038
0.96 0.024399999999999998 4.265965913138884
0.96 0.0248 15.161141027111913
0.96 0.025200000000000004 44.25054121680062
0.96 0.025600000000000005 110.29362225299374
0.96 0.026000000000000002 234.93084478914832
0.96 0.0264 433.973655019564
0.96 0.0268 705.4895462826443
0.96 0.027200000000000002 1017.544538237644
0.96 0.027600000000000003 1312.540631932035
0.96 0.028000000000000004 1527.261743718277
0.96 0.0284 1614.9636889402243
0.96 0.0288 1562.8549554071574
0.96 0.0292 1391.684766253535
0.96 0.0296 1146.2218145486183
0.96 0.030000000000000002 877.1641319080757
0.96 0.030400000000000003 626.3296239651634
0.96 0.0308 418.47467457670547
0.96 0.031200000000000002 262.8977656797548
0.96 0.0316 155.44212150782616
0.96 0.032 87.23124428185491
0.96 0.032400000000000005 46.49400789659775
0.96 0.032799999999999996 23.626279574933793
0.96 0.0332 11.456889990127364
0.96 0.0336 5.318146759349459
0.96 0.034 2.3722222437432023
0.96 0.0344 1.0196840709619075
0.96 0.0348 0.4168087940949771
0.96 0.0352 0.16577771520256274
0.96 0.0356 0.06358549059589984
0.96 0.036000000000000004 0.023803861612298312
0.96 0.0364 0.009374926686320919
0.96 0.0368 0.004009533186228922
0.97 0.020800000000000003 0.00010697323643447784
0.97 0.021200000000000004 0.0013418820540461779
0.97 0.021599999999999998 0.009866706519053452
0.97 0.022 0.04345496626115608
0.97 0.0224 0.1125830244508407
0.97 0.0228 0.14811354949770597
0.97 0.0232 0.00828912449804372
0.97 0.0236 -0.24612374447120774
0.97 0.024 -0.006882461949073879
0.97 0.024399999999999998 1.8280874270676306
0.97 0.0248 7.465889961598903
0.97 0.025200000000000004 23.212371872821645
0.97 0.025600000000000005 63.12706605279733
0.97 0.026000000000000002 147.20862411872886
0.97 0.0264 295.41080409264526
0.97 0.0268 518.1875471726454
0.97 0.027200000000000002 802.6564788081481
0.97 0.027600000000000003 1109.2269320011856
0.97 0.028000000000000004 1378.214904520689
0.97 0.0284 1552.2122091738484
0.97 0.0288 1595.700407988804
0.97 0.0292 1506.380518853162
0.97 0.0296 1311.6609816921857
0.97 0.030000000000000002 1058.7458782390395
0.97 0.030400000000000003 794.8619639718382
0.97 0.0308 557.4463039083554
0.97 0.031200000000000002 366.9646580898283
0.97 0.0316 227.51080947840504
0.97 0.032 133.75694614122833
0.97 0.032400000000000005 74.39494822703257
0.97 0.032799999999999996 39.43145364732083
0.97 0.0332 19.959341450092012
0.97 0.0336 9.650698088129657
0.97 0.034 4.46025798605027
0.97 0.0344 1.9604919162570165
0.97 0.0348 0.8207548996211225
0.97 0.0352 0.33970510981080104
0.97 0.0356 0.14065111130450964
0.97 0.036000000000000004 0.060050078584843083
0.97 0.0364 0.028010466530222426
0.97 0.0368 0.013954864366242867
0.98 0.020800000000000003 8.751310127555355e-5
0.98 0.021200000000000004 0.0010979213236678137
0.98 0.021599999999999998 0.008074919823476847
0.98 0.022 0.035579024471463244
0.98 0.0224 0.09222813813150336
0.98 0.0228 0.12110453350552401
0.98 0.0232 0.002313500460766656
0.98 0.0236 -0.23596977147423406
0.98 0.024 -0.18779078176425154
0.98 0.024399999999999998 0.7270571778083491
0.98 0.0248 3.4340356308408717
0.98 0.025200000000000004 11.354175274561495
0.98 0.025600000000000005 33.7989996653508
0.98 0.026000000000000002 86.42009347107339
0.98 0.0264 188.30019988670838
0.98 0.0268 356.7510529316071
0.98 0.027200000000000002 594.5160702619688
0.98 0.027600000000000003 881.2042412621348
0.98 0.028000000000000004 1170.3035623122928
0.98 0.0284 1405.4493035136252
0.98 0.0288 1537.207587969981
0.98 0.0292 1538.25156126095
0.98 0.0296 1416.4007779120723
0.98 0.030000000000000002 1206.4768847376863
0.98 0.030400000000000003 953.6017749520413
0.98 0.0308 702.9895570479454
0.98 0.031200000000000002 485.5265345919459
0.98 0.0316 315.6776587664348
0.98 0.032 194.09809797995698
0.98 0.032400000000000005 113.12994051189726
0.98 0.032799999999999996 62.5609290501648
0.98 0.0332 32.89918411839594
0.98 0.0336 16.486231331996258
0.98 0.034 7.930008845632043
0.98 0.0344 3.651126839864975
0.98 0.0348 1.602381956937115
0.98 0.0352 0.6616987617797891
0.98 0.0356 0.24835586860269276
0.98 0.036000000000000004 0.07979415657268757
0.98 0.0364 0.018954790530192125
0.98 0.0368 0.0009336823355413984
0.99 0.020800000000000003 4.90575630219136e-5
0.99 0.021200000000000004 0.0006154395686264177
0.99 0.021599999999999998 0.0045260162888335655
0.99 0.022 0.019938784813563055
0.99 0.0224 0.05166502500136861
0.99 0.0228 0.06773517527238468
0.99 0.0232 0.0005852494875483478
0.99 0.0236 -0.1369958406578964
0.99 0.024 -0.13503472268913508
0.99 0.024399999999999998 0.2664658392956051
0.99 0.0248 1.438481121056412
0.99 0.025200000000000004 5.157276317157247
0.99 0.025600000000000005 16.966882921994895
0.99 0.026000000000000002 47.5183354455081
0.99 0.0264 112.36833182611814
0.99 0.0268 229.83653485235678
0.99 0.027200000000000002 413.25597727480465
0.99 0.027600000000000003 658.1016643262208
0.99 0.028000000000000004 936.1680595233179
0.99 0.0284 1201.035738009565
0.99 0.0288 1397.7058107546086
0.99 0.0292 1483.592324173648
0.99 0.0296 1444.904033570114
0.99 0.030000000000000002 1298.8636423836201
0.99 0.030400000000000003 1082.1477060908028
0.99 0.0308 839.9538947354833
0.99 0.031200000000000002 609.387453847845
0.99 0.0316 415.46978490997896
0.99 0.032 267.0468258011715
0.99 0.032400000000000005 162.55754257763672
0.99 0.032799999999999996 94.01571848036457
0.99 0.0332 51.71362037714825
0.99 0.0336 26.946455060959046
0.99 0.034 13.315252286589837
0.99 0.0344 6.2147433434789
0.99 0.0348 2.773785030529356
0.99 0.0352 1.2256559345542342
0.99 0.0356 0.548865167679059
0.99 0.036000000000000004 0.2545283987662408
0.99 0.0364 0.12361989896432489
0.99 0.0368 0.06108214519548047
1.0 0.020800000000000003 3.29604408909275e-5
1.0 0.021200000000000004 0.0004133933040007474
1.0 0.021599999999999998 0.0030386913830477134
1.0 0.022 0.013374423822381054
1.0 0.0224 0.034594880208952176
1.0 0.0228 0.04518586188649876
1.0 0.0232 0.00013641848985177947
1.0 0.0236 -0.09213491728735285
1.0 0.024 -0.10192042245977634
1.0 0.024399999999999998 0.09019021425519883
1.0 0.0248 0.5758812051618766
1.0 0.025200000000000004 2.1892950061983134
1.0 0.025600000000000005 7.971121357661666
1.0 0.026000000000000002 24.353744019214787
1.0 0.0264 62.59842992942542
1.0 0.0268 138.77608645244135
1.0 0.027200000000000002 269.98478415728243
1.0 0.027600000000000003 462.7986630269328
1.0 0.028000000000000004 706.3319657993454
1.0 0.0284 967.236538989093
1.0 0.0288 1197.9835392747893
1.0 0.0292 1350.8080733597062
1.0 0.0296 1393.0914887360186
1.0 0.030000000000000002 1322.7094962475082
1.0 0.030400000000000003 1162.9079956649093
1.0 0.0308 950.5737842267698
1.0 0.031200000000000002 725.060351786335
1.0 0.0316 519.0186101653998
1.0 0.032 349.5923712188401
1.0 0.032400000000000005 222.05133008179536
1.0 0.032799999999999996 133.7142009479848
1.0 0.0332 76.48196505519789
1.0 0.0336 41.442511597774704
1.0 0.034 21.277419723369476
1.0 0.0344 10.31685579018849
1.0 0.0348 4.7746551628516825
1.0 0.0352 2.1705879395308623
1.0 0.0356 0.9815110612804754
1.0 0.036000000000000004 0.4481479690364962
1.0 0.0364 0.21010660978487977
1.0 0.0368 0.09971658575796631
1.01 0.020800000000000003 3.707800680061838e-5
1.01 0.021200000000000004 0.0004650483113616023
1.01 0.021599999999999998 0.003418555698071153
1.01 0.022 0.015047750575975372
1.01 0.0224 0.03892984218629794
1.01 0.0228 0.050858256158884466
1.01 0.0232 2.9347967182104254e-5
1.01 0.0236 -0.10529287201053052
1.01 0.024 -0.12665557660526458
1.01 0.024399999999999998 0.028267149825821788
1.01 0.0248 0.27048750294322876
1.01 0.025200000000000004 0.86408655370239
1.01 0.025600000000000005 3.4326431684288807
1.01 0.026000000000000002 11.59965935924247
1.01 0.0264 32.58957354903988
1.01 0.0268 78.74126718989773
1.01 0.027200000000000002 165.8563053004272
1.01 0.027600000000000003 306.5377020336082
1.01 0.028000000000000004 501.8759029755277
1.01 0.0284 733.8990565155856
1.01 0.0288 969.0630255300835
1.01 0.0292 1161.2108867414256
1.01 0.0296 1269.8165300342037
1.01 0.030000000000000002 1275.9007823009083
1.01 0.030400000000000003 1184.0513549736136
1.01 0.0308 1019.4850493502403
1.01 0.031200000000000002 817.8983704439808
1.01 0.0316 614.7525646338974
1.01 0.032 434.1300029898267
1.01 0.032400000000000005 288.3279798642974
1.01 0.032799999999999996 180.77516457496566
1.01 0.0332 107.34358690608924
1.01 0.0336 60.43459914875873
1.01 0.034 32.37410668929318
1.01 0.0344 16.466846200888444
1.01 0.0348 7.972658481286123
1.01 0.0352 3.7045915237265388
1.01 0.0356 1.640565168294825
1.01 0.036000000000000004 0.6911516812693902
1.01 0.0364 0.28002546204758516
1.01 0.0368 0.11003946308312368
1.02 0.020800000000000003 2.256254224450384e-5
1.02 0.021200000000000004 0.00028292418214507175
1.02 0.021599999999999998 0.00207885880643812
1.02 0.022 0.009143121474002085
1.02 0.0224 0.023616719383237433
1.02 0.0228 0.030758029889370556
1.02 0.0232 5.731572823601106e-6
1.02 0.0236 -0.06279361715455323
1.02 0.024 -0.07504585259481933
1.02 0.024399999999999998 0.008198814073322463
1.02 0.0248 0.1071640712124608
1.02 0.025200000000000004 0.3189783754718889
1.02 0.025600000000000005 1.4203426950612184
1.02 0.026000000000000002 5.1734143763473694
1.02 0.0264 15.892241139731931
1.02 0.0268 41.917105407817814
1.02 0.027200000000000002 96.09471498911792
1.02 0.027600000000000003 191.20608033573544
1.02 0.028000000000000004 335.65563005448
1.02 0.0284 524.8589534681951
1.02 0.0288 739.4522229773867
1.02 0.0292 943.4067643128446
1.02 0.0296 1095.062373936876
1.02 0.030000000000000002 1165.0119014983902
1.02 0.030400000000000003 1141.9169702591532
1.02 0.0308 1036.4807959829607
1.02 0.031200000000000002 875.0855786407582
1.02 0.0316 690.599796420893
1.02 0.032 510.7625399748592
1.02 0.032400000000000005 354.6452148770137
1.02 0.032799999999999996 232.2615810292676
1.02 0.0332 143.76057017054185
1.02 0.0336 84.10511698390638
1.02 0.034 46.68033319082064
1.02 0.0344 24.607294869929053
1.02 0.0348 12.403971146641805
1.02 0.0352 6.085087033847603
1.02 0.0356 2.903004167219587
1.02 0.036000000000000004 1.3494902993186744
1.02 0.0364 0.6166117739888483
1.02 0.0368 0.2762361939400001
1.0299999999999998 0.020800000000000003 2.003734091790834e-5
1.0299999999999998 0.021200000000000004 0.0002512352626869727
1.0299999999999998 0.021599999999999998 0.0018456802605326035
1.0299999999999998 0.022 0.00811476844579053
1.0299999999999998 0.0224 0.020946685578827697
1.0299999999999998 0.0228 0.027245620531387217
1.0299999999999998 0.0232 1.0158190748450261e-6
1.0299999999999998 0.0236 -0.05530413001674541
1.0299999999999998 0.024 -0.06605181504364122
1.0299999999999998 0.024399999999999998 0.0022278497625005896
1.0299999999999998 0.0248 0.05857543382232111
1.0299999999999998 0.025200000000000004 0.10828067325194934
1.0299999999999998 0.025600000000000005 0.5470184083307078
1.0299999999999998 0.026000000000000002 2.153373331538776
1.0299999999999998 0.0264 7.268220169864418
1.0299999999999998 0.0268 20.995998712935684
1.0299999999999998 0.027200000000000002 52.26321210898169
1.0299999999999998 0.027600000000000003 112.09924736604678
1.0299999999999998 0.028000000000000004 211.13363859728773
1.0299999999999998 0.0284 353.7447685839042
1.0299999999999998 0.0288 532.6286869840534
1.0299999999999998 0.0292 724.3229780756282
1.0299999999999998 0.0296 893.5323814511777
1.0299999999999998 0.030000000000000002 1006.87469438561
1.0299999999999998 0.030400000000000003 1043.945406790597
1.0299999999999998 0.0308 999.3354402426081
1.0299999999999998 0.031200000000000002 888.439606459356
1.0299999999999998 0.0316 736.2866317912604
1.0299999999999998 0.032 570.5434281781863
1.0299999999999998 0.032400000000000005 414.4495293538206
1.0299999999999998 0.032799999999999996 283.3324337375462
1.0299999999999998 0.0332 182.83550595704835
1.0299999999999998 0.0336 111.56429631740451
1.0299999999999998 0.034 64.64354452278677
1.0299999999999998 0.0344 35.613402885769425
1.0299999999999998 0.0348 18.714948364445572
1.0299999999999998 0.0352 9.493241719388223
1.0299999999999998 0.0356 4.6257791343333965
1.0299999999999998 0.036000000000000004 2.1633118713084554
1.0299999999999998 0.0364 0.9772340384798713
1.0299999999999998 0.0368 0.42671668103149546
1.0399999999999998 0.020800000000000003 2.1256127113183936e-5
1.0399999999999998 0.021200000000000004 0.00026656156065554213
1.0399999999999998 0.021599999999999998 0.001958899365373955
1.0399999999999998 0.022 0.00861776704669082
1.0399999999999998 0.0224 0.022270789962082035
1.0399999999999998 0.0228 0.029032897778955638
1.0399999999999998 0.0232 1.6308704593964728e-7
1.0399999999999998 0.0236 -0.05965283607532819
1.0399999999999998 0.024 -0.07249710039022882
1.0399999999999998 0.024399999999999998 0.0005742931490131632
1.0399999999999998 0.0248 0.054209957231942406
1.0399999999999998 0.025200000000000004 0.03394701936822075
1.0399999999999998 0.025600000000000005 0.18160651855550158
1.0399999999999998 0.026000000000000002 0.8373999783416551
1.0399999999999998 0.0264 3.126264264346818
1.0399999999999998 0.0268 9.882817981343832
1.0399999999999998 0.027200000000000002 26.70043721499987
1.0399999999999998 0.027600000000000003 61.62236139596517
1.0399999999999998 0.028000000000000004 124.97888394340904
1.0399999999999998 0.0284 224.9205544656239
1.0399999999999998 0.0288 362.4197309987672
1.0399999999999998 0.0292 525.1133823526169
1.0399999999999998 0.0296 689.2229643750278
1.0399999999999998 0.030000000000000002 823.7449235313303
1.0399999999999998 0.030400000000000003 903.8582034866083
1.0399999999999998 0.0308 914.0224710163342
1.0399999999999998 0.031200000000000002 856.1469399669173
1.0399999999999998 0.0316 745.4376557769689
1.0399999999999998 0.032 605.502149169791
1.0399999999999998 0.032400000000000005 460.3747855722369
1.0399999999999998 0.032799999999999996 328.9254459335674
1.0399999999999998 0.0332 221.71997649017794
1.0399999999999998 0.0336 141.30075896642262
1.0399999999999998 0.034 85.47556856102028
1.0399999999999998 0.0344 49.08366294539508
1.0399999999999998 0.0348 26.795357224687766
1.0399999999999998 0.0352 14.033500432949284
1.0399999999999998 0.0356 7.005128760068361
1.0399999999999998 0.036000000000000004 3.327771031012977
1.0399999999999998 0.0364 1.5127591726285186
1.0399999999999998 0.0368 0.6591227830012866
1.0499999999999998 0.020800000000000003 2.115384908854112e-5
1.0499999999999998 0.021200000000000004 0.00026530692920404713
1.0499999999999998 0.021599999999999998 0.0019500707882658774
1.0499999999999998 0.022 0.008582191423419117
1.0499999999999998 0.0224 0.022194948289403642
1.0499999999999998 0.0228 0.02897478679037333
1.0499999999999998 0.0232 2.382881955296894e-8
1.0499999999999998 0.0236 -0.059982865926550936
1.0499999999999998 0.024 -0.07362606116421408
1.0499999999999998 0.024399999999999998 0.00013632185790618968
1.0499999999999998 0.0248 0.05416353019816658
1.0499999999999998 0.025200000000000004 0.010047012884281718
1.0499999999999998 0.025600000000000005 0.042642995795408686
1.0499999999999998 0.026000000000000002 0.30691715709315176
1.0499999999999998 0.0264 1.2673528203722317
1.0499999999999998 0.0268 4.369668917475396
1.0499999999999998 0.027200000000000002 12.741442517888723
1.0499999999999998 0.027600000000000003 31.815818825552302
1.0499999999999998 0.028000000000000004 69.49661793988955
1.0499999999999998 0.0284 134.483455239904
1.0499999999999998 0.0288 232.29999550541828
1.0499999999999998 0.0292 359.94894727976884
1.0499999999999998 0.0296 502.48102072034266
1.0499999999999998 0.030000000000000002 637.9666861699363
1.0499999999999998 0.030400000000000003 741.8168048673955
1.0499999999999998 0.0308 792.6063197482549
1.0499999999999998 0.031200000000000002 782.3350829983581
1.0499999999999998 0.0316 716.4575312940005
1.0499999999999998 0.032 610.9074823105008
1.0499999999999998 0.032400000000000005 486.8792042318085
1.0499999999999998 0.032799999999999996 364.3020310369045
1.0499999999999998 0.0332 256.9282089585233
1.0499999999999998 0.0336 171.01910831650454
1.0499999999999998 0.034 107.78323428979917
1.0499999999999998 0.0344 64.32238374270798
1.0499999999999998 0.0348 36.42603725745733
1.0499999999999998 0.0352 19.75805947942027
1.0499999999999998 0.0356 10.199464382386202
1.0499999999999998 0.036000000000000004 5.00324221754876
1.0499999999999998 0.0364 2.342822204100537
1.0499999999999998 0.0368 1.0476720729369648
1.0599999999999998 0.020800000000000003 1.7236529063054457e-5
1.0599999999999998 0.021200000000000004 0.00021619734403364926
1.0599999999999998 0.021599999999999998 0.0015893911795655513
1.0599999999999998 0.022 0.00699725216391953
1.0599999999999998 0.0224 0.018107849426801
1.0599999999999998 0.0228 0.023669036554342587
1.0599999999999998 0.0232 3.1938345188598e-9
1.0599999999999998 0.0236 -0.04932216999387071
1.0599999999999998 0.024 -0.06103273485753845
1.0599999999999998 0.024399999999999998 2.9338516181188104e-5
1.0599999999999998 0.0248 0.04602355436087448
1.0599999999999998 0.025200000000000004 0.002809414696218736
1.0599999999999998 0.025600000000000005 -0.005082528103804861
1.0599999999999998 0.026000000000000002 0.10514168002297723
1.0599999999999998 0.0264 0.4760736709221636
1.0599999999999998 0.0268 1.80196290042322
1.0599999999999998 0.027200000000000002 5.698108053402355
1.0599999999999998 0.027600000000000003 15.41822701678854
1.0599999999999998 0.028000000000000004 36.453627853263086
1.0599999999999998 0.0284 75.78057650237582
1.0599999999999998 0.0288 140.5099340437723
1.0599999999999998 0.0292 233.0828197533475
1.0599999999999998 0.0296 346.5073909271221
1.0599999999999998 0.030000000000000002 467.94228429120955
1.0599999999999998 0.030400000000000003 576.8566763014475
1.0599999999999998 0.0308 651.6237311606768
1.0599999999999998 0.031200000000000002 678.1537983970867
1.0599999999999998 0.0316 653.7923677164146
1.0599999999999998 0.032 586.1126164541831
1.0599999999999998 0.032400000000000005 490.80744490239977
1.0599999999999998 0.032799999999999996 384.8327440598607
1.0599999999999998 0.0332 283.8007369545783
1.0599999999999998 0.0336 197.11592223996834
1.0599999999999998 0.034 129.38893140038707
1.0599999999999998 0.0344 80.29658125784101
1.0599999999999998 0.0348 47.22580877518766
1.0599999999999998 0.0352 26.535573063272565
1.0599999999999998 0.0356 14.15412175301928
1.0599999999999998 0.036000000000000004 7.152107686510205
1.0599999999999998 0.0364 3.434077842739427
1.0599999999999998 0.0368 1.5662726564017408
1.0699999999999998 0.020800000000000003 2.1363098108379685e-5
1.0699999999999998 0.021200000000000004 0.00026797063482936374
1.0699999999999998 0.021599999999999998 0.0019701999438231105
1.0699999999999998 0.022 0.008675364117998784
1.0699999999999998 0.0224 0.02245848084250267
1.0699999999999998 0.0228 0.0293757754368087
1.0699999999999998 0.0232 3.983199458005684e-10
1.0699999999999998 0.0236 -0.061428135754855985
1.0699999999999998 0.024 -0.0763309332377742
1.0699999999999998 0.024399999999999998 5.953306889574219e-6
1.0699999999999998 0.0248 0.05841067734256993
1.0699999999999998 0.025200000000000004 0.0007204740383057462
1.0699999999999998 0.025600000000000005 -0.029907729518162195
1.0699999999999998 0.026000000000000002 0.034067595285346496
1.0699999999999998 0.0264 0.16795038728036962
1.0699999999999998 0.0268 0.6878179228682142
1.0699999999999998 0.027200000000000002 2.3752519590508756
1.0699999999999998 0.027600000000000003 7.008117172158912
1.0699999999999998 0.028000000000000004 17.924233939472874
1.0699999999999998 0.0284 40.244580716636015
1.0699999999999998 0.0288 80.28696815526816
1.0699999999999998 0.0292 142.4174875942976
1.0699999999999998 0.0296 226.10965904713763
1.0699999999999998 0.030000000000000002 325.120599417075
1.0699999999999998 0.030400000000000003 425.0162727577594
1.0699999999999998 0.0308 507.8649854384986
1.0699999999999998 0.031200000000000002 557.9965287834715
1.0699999999999998 0.0316 567.0772435754839
1.0699999999999998 0.032 535.2729881678569
1.0699999999999998 0.032400000000000005 470.1009367015205
1.0699999999999998 0.032799999999999996 386.2623010537835
1.0699999999999998 0.0332 298.02122044116385
1.0699999999999998 0.0336 216.04546680198783
1.0699999999999998 0.034 147.6372540400793
1.0699999999999998 0.0344 95.23948993613989
1.0699999999999998 0.0348 58.20686608532732
1.0699999999999998 0.0352 33.97155625187254
1.0699999999999998 0.0356 18.80684762287898
1.0699999999999998 0.036000000000000004 9.845748955077829
1.0699999999999998 0.0364 4.883665499690808
1.0699999999999998 0.0368 2.29159919245221
1.0799999999999998 0.020800000000000003 2.1024766359214167e-5
1.0799999999999998 0.021200000000000004 0.00026373302818553116
1.0799999999999998 0.021599999999999998 0.001939131859617032
1.0799999999999998 0.022 0.008539295841681825
1.0799999999999998 0.0224 0.022109841341651792
1.0799999999999998 0.0228 0.028928850856278353
1.0799999999999998 0.0232 4.7029218403625597e-11
1.0799999999999998 0.0236 -0.06059151034271852
1.0799999999999998 0.024 -0.07543685114062701
1.0799999999999998 0.024399999999999998 1.105424811746972e-6
1.0799999999999998 0.0248 0.058222466423109416
1.0799999999999998 0.025200000000000004 0.00016888952557500857
1.0799999999999998 0.025600000000000005 -0.036032021576624
1.0799999999999998 0.026000000000000002 0.010357502686887116
1.0799999999999998 0.0264 0.0558619935990555
1.0799999999999998 0.0268 0.24604303963303772
1.0799999999999998 0.027200000000000002 0.9248496208438589
1.0799999999999998 0.027600000000000003 2.977870369261085
1.0799999999999998 0.028000000000000004 8.265498165669204
1.0799999999999998 0.0284 20.153716244286436
1.0799999999999998 0.0288 43.27448766286329
1.0799999999999998 0.0292 82.30450686578855
1.0799999999999998 0.0296 139.81015273305124
1.0799999999999998 0.030000000000000002 214.42159670500817
1.0799999999999998 0.030400000000000003 296.7097030656539
1.0799999999999998 0.0308 375.50005267180074
1.0799999999999998 0.031200000000000002 435.8343916921301
1.0799999999999998 0.0316 467.7122979799447
1.0799999999999998 0.032 464.71779452173496
1.0799999999999998 0.032400000000000005 428.36749837942017
1.0799999999999998 0.032799999999999996 368.22144603676367
1.0799999999999998 0.0332 296.86477232773115
1.0799999999999998 0.0336 224.7937635600744
1.0799999999999998 0.034 160.44689689813413
1.0799999999999998 0.0344 108.04801149522321
1.0799999999999998 0.0348 68.82614901410773
1.0799999999999998 0.0352 41.652751953703536
1.0799999999999998 0.0356 23.790491011867214
1.0799999999999998 0.036000000000000004 12.77632723836824
1.0799999999999998 0.0364 6.458127893369378
1.0799999999999998 0.0368 3.0694469716226043
1.0899999999999999 0.020800000000000003 1.4321199261563996e-5
1.0899999999999999 0.021200000000000004 0.0001796315466976078
1.0899999999999999 0.021599999999999998 0.0013205904392953065
1.0899999999999999 0.022 0.005813993085389338
1.0899999999999999 0.0224 0.015046384529288777
1.0899999999999999 0.0228 0.019668943964911503
1.0899999999999999 0.0232 5.201106602653853e-12
1.0899999999999999 0.0236 -0.04100371003882105
1.0899999999999999 0.024 -0.05076562713635591
1.0899999999999999 0.024399999999999998 1.889605539922832e-7
1.0899999999999999 0.0248 0.038105167240142165
1.0899999999999999 0.025200000000000004 3.9664861506565276e-5
1.0899999999999999 0.025600000000000005 -0.020168737227116255
1.0899999999999999 0.026000000000000002 0.0028262796109093
1.0899999999999999 0.0264 0.017373480560651904
1.0899999999999999 0.0268 0.08446149190300493
1.0899999999999999 0.027200000000000002 0.3433934652145053
1.0899999999999999 0.027600000000000003 1.199140356892997
1.0899999999999999 0.028000000000000004 3.630115684163291
1.0899999999999999 0.0284 9.545527365105036
1.0899999999999999 0.0288 22.042495177213468
1.0899999999999999 0.0292 44.94407233790638
1.0899999999999999 0.0296 81.6576577002804
1.0899999999999999 0.030000000000000002 133.05468554349906
1.0899999999999999 0.030400000000000003 195.85579959301697
1.0899999999999999 0.0308 263.07833499459264
1.0899999999999999 0.031200000000000002 323.1365339769691
1.0899999999999999 0.0316 365.83539944570305
1.0899999999999999 0.032 382.78518891031433
1.0899999999999999 0.032400000000000005 370.4335932551886
1.0899999999999999 0.032799999999999996 333.21718040214625
1.0899999999999999 0.0332 281.01491499306906
1.0899999999999999 0.0336 222.74917813644268
1.0899999999999999 0.034 166.47039932023156
1.0899999999999999 0.0344 117.28954928282525
1.0899999999999999 0.0348 77.95148392618395
1.0899999999999999 0.0352 48.91277671673747
1.0899999999999999 0.0356 28.802722179384467
1.0899999999999999 0.036000000000000004 15.852771706022791
1.0899999999999999 0.0364 8.161350776659365
1.0899999999999999 0.0368 3.9289635612146547
1.0999999999999999 0.020800000000000003 1.1835166667122377e-5
1.0999999999999999 0.021200000000000004 0.00014844070404981138
1.0999999999999999 0.021599999999999998 0.001091168353644301
1.0999999999999999 0.022 0.004802966867422645
1.0999999999999999 0.0224 0.012425070178749987
1.0999999999999999 0.0228 0.016230161938534327
1.0999999999999999 0.0232 5.294863855101468e-13
1.0999999999999999 0.0236 -0.033704211823536334
1.0999999999999999 0.024 -0.041534267481312066
1.0999999999999999 0.024399999999999998 3.05418396561158e-8
1.0999999999999999 0.0248 0.03043451635184895
1.0999999999999999 0.025200000000000004 8.469616935974037e-6
1.0999999999999999 0.025600000000000005 -0.013414875508054926
1.0999999999999999 0.026000000000000002 0.0007302068846693207
1.0999999999999999 0.0264 0.00482759136569405
1.0999999999999999 0.0268 0.026544959957925874
1.0999999999999999 0.027200000000000002 0.12023413679269838
1.0999999999999999 0.027600000000000003 0.4576597502197964
1.0999999999999999 0.028000000000000004 1.501052982159868
1.0999999999999999 0.0284 4.274059116544726
1.0999999999999999 0.0288 10.6169366076155
1.0999999999999999 0.0292 23.20379732122802
1.0999999999999999 0.0296 44.87672573418701
1.0999999999999999 0.030000000000000002 77.96444750876928
1.0999999999999999 0.030400000000000003 122.10100779925106
1.0999999999999999 0.0308 174.33828702671747
1.0999999999999999 0.031200000000000002 227.40587739841556
1.0999999999999999 0.0316 271.093770301836
1.0999999999999999 0.032 298.4462445988557
1.0999999999999999 0.032400000000000005 303.1772825564202
1.0999999999999999 0.032799999999999996 286.30791597445307
1.0999999999999999 0.0332 253.56179766463734
1.0999999999999999 0.0336 211.0947176211826
1.0999999999999999 0.034 165.46845890148566
1.0999999999999999 0.0344 121.96578573778436
1.0999999999999999 0.0348 84.40280652914842
1.0999999999999999 0.0352 54.769241966202806
1.0999999999999999 0.0356 33.16259111004503
1.0999999999999999 0.036000000000000004 18.66485916601253
1.0999999999999999 0.0364 9.774932747891953
1.0999999999999999 0.0368 4.765741145531355
1.1099999999999999 0.020800000000000003 8.311806777740797e-6
1.1099999999999999 0.021200000000000004 0.0001042433548917225
1.1099999999999999 0.021599999999999998 0.000766193159444295
1.1099999999999999 0.022 0.003371813887959453
1.1099999999999999 0.0224 0.008719203530181859
1.1099999999999999 0.0228 0.01138048563203895
1.1099999999999999 0.0232 4.514495592892021e-14
1.1099999999999999 0.0236 -0.023537225792937936
1.1099999999999999 0.024 -0.028862408865775235
1.1099999999999999 0.024399999999999998 4.522366894983978e-9
1.1099999999999999 0.0248 0.020603180382633767
1.1099999999999999 0.025200000000000004 1.6961471133177266e-6
1.1099999999999999 0.025600000000000005 -0.006941203269138447
1.1099999999999999 0.026000000000000002 0.00018069934659329764
1.1099999999999999 0.0264 0.0013047302238255178
1.1099999999999999 0.0268 0.00766875431440727
1.1099999999999999 0.027200000000000002 0.038796253705704394
1.1099999999999999 0.027600000000000003 0.16273877353734567
1.1099999999999999 0.028000000000000004 0.5827339302233278
1.1099999999999999 0.0284 1.796254601148639
1.1099999999999999 0.0288 4.809427022809124
1.1099999999999999 0.0292 11.258613060670138
1.1099999999999999 0.0296 23.270063966639952
1.1099999999999999 0.030000000000000002 43.171285736198314
1.1099999999999999 0.030400000000000003 72.20626947994741
1.1099999999999999 0.0308 109.72472712592595
1.1099999999999999 0.031200000000000002 151.5767389298367
1.1099999999999999 0.0316 190.274291202672
1.1099999999999999 0.032 220.30560503040874
1.1099999999999999 0.032400000000000005 235.30754398479604
1.1099999999999999 0.032799999999999996 234.0122350789215
1.1099999999999999 0.0332 218.50620469050472
1.1099999999999999 0.0336 191.6206838560637
1.1099999999999999 0.034 157.63132018690985
1.1099999999999999 0.0344 121.26587432850155
1.1099999999999999 0.0348 86.98764295002138
1.1099999999999999 0.0352 58.028961726641974
1.1099999999999999 0.0356 35.899485173296085
1.1099999999999999 0.036000000000000004 20.535003602241794
1.1099999999999999 0.0364 10.879327460140537
1.1099999999999999 0.0368 5.346458856100769
1.12 0.020800000000000003 4.071673303187318e-6
1.12 0.021200000000000004 5.106242308901606e-5
1.12 0.021599999999999998 0.00037527082356433834
1.12 0.022 0.0016511329913137655
1.12 0.0224 0.004268031124598852
1.12 0.0228 0.005566565082355523
1.12 0.0232 -2.765411897672736e-16
1.12 0.0236 -0.011468041582261675
1.12 0.024 -0.013995691494194343
1.12 0.024399999999999998 6.416375215764349e-10
1.12 0.0248 0.009734072451657324
1.12 0.025200000000000004 3.075564165156928e-7
1.12 0.025600000000000005 -0.0022335314856254604
1.12 0.026000000000000002 4.023000668731581e-5
1.12 0.0264 0.00033014124852262473
1.12 0.0268 0.00216973366709946
1.12 0.027200000000000002 0.011642683768757114
1.12 0.027600000000000003 0.05421464268971542
1.12 0.028000000000000004 0.21248932132424514
1.12 0.0284 0.7104960276028502
1.12 0.0288 2.0464484229991893
1.12 0.0292 5.13525136051649
1.12 0.0296 11.370999885995635
1.12 0.030000000000000002 22.610395622769257
1.12 0.030400000000000003 40.439673629251295
1.12 0.0308 65.34881079040042
1.12 0.031200000000000002 95.47145554049197
1.12 0.0316 126.26115375963448
1.12 0.032 153.82477019702097
1.12 0.032400000000000005 173.58721712193707
1.12 0.032799999999999996 182.53596600435984
1.12 0.0332 180.20827452472247
1.12 0.0336 166.53211103189128
1.12 0.034 143.39595100194504
1.12 0.0344 114.53570998000612
1.12 0.0348 84.582122653779
1.12 0.0352 57.58116628212122
1.12 0.0356 36.13954786443716
1.12 0.036000000000000004 20.876720023330122
1.12 0.0364 11.12784608173953
1.12 0.0368 5.487159902083137
1.1300000000000001 0.020800000000000003 1.5765389804539034e-6
1.1300000000000001 0.021200000000000004 1.9770677830126353e-5
1.1300000000000001 0.021599999999999998 0.00014529236128043262
1.1300000000000001 0.022 0.000639201915469786
1.1300000000000001 0.0224 0.0016519756062138163
1.1300000000000001 0.0228 0.0021538157735831024
1.1300000000000001 0.0232 -4.0349578742569474e-15
1.1300000000000001 0.0236 -0.0044289285768771775
1.1300000000000001 0.024 -0.005392635034664538
1.1300000000000001 0.024399999999999998 7.834430429039348e-11
1.1300000000000001 0.0248 0.003702285448802586
1.1300000000000001 0.025200000000000004 5.1289956113239494e-8
1.1300000000000001 0.025600000000000005 -0.0006452124697678574
1.1300000000000001 0.026000000000000002 8.529458446565838e-6
1.1300000000000001 0.0264 7.570344665620226e-5
1.1300000000000001 0.0268 0.0005633766725823252
1.1300000000000001 0.027200000000000002 0.003412524605206153
1.1300000000000001 0.027600000000000003 0.017022156038925138
1.1300000000000001 0.028000000000000004 0.07226383635881632
1.1300000000000001 0.0284 0.26210778426923126
1.1300000000000001 0.0288 0.813945655723878
1.1300000000000001 0.0292 2.197861673195429
1.1300000000000001 0.0296 5.238426301422003
1.1300000000000001 0.030000000000000002 11.208075644174345
1.1300000000000001 0.030400000000000003 21.442636503757594
1.1300000000000001 0.0308 36.75910393933264
1.1300000000000001 0.031200000000000002 56.72161027061009
1.1300000000000001 0.0316 79.24057288715795
1.1300000000000001 0.032 101.93822535162435
1.1300000000000001 0.032400000000000005 122.05992345667144
1.1300000000000001 0.032799999999999996 136.14494506655365
1.1300000000000001 0.0332 142.21858585041284
1.1300000000000001 0.0336 138.12033730886083
1.1300000000000001 0.034 123.77940140404588
1.1300000000000001 0.0344 101.88780738795747
1.1300000000000001 0.0348 76.85978801149857
1.1300000000000001 0.0352 53.024990373356864
1.1300000000000001 0.0356 33.55837596954143
1.1300000000000001 0.036000000000000004 19.47872041210105
1.1300000000000001 0.0364 10.40409609219392
1.1300000000000001 0.0368 5.131625199845504
1.1400000000000001 0.020800000000000003 6.346737939079159e-7
1.1400000000000001 0.021200000000000004 7.959718324538184e-6
1.1400000000000001 0.021599999999999998 5.850278875706418e-5
1.1400000000000001 0.022 0.00025744296530412443
1.1400000000000001 0.0224 0.0006656631670301974
1.1400000000000001 0.0228 0.0008686837954108839
1.1400000000000001 0.0232 -3.792828599455452e-15
1.1400000000000001 0.0236 -0.001794964565408406
1.1400000000000001 0.024 -0.0021985898695253345
1.1400000000000001 0.024399999999999998 1.028742899942686e-11
1.1400000000000001 0.0248 0.001559928118024906
1.1400000000000001 0.025200000000000004 7.598759507825178e-9
1.1400000000000001 0.025600000000000005 -0.00048806966475893105
1.1400000000000001 0.026000000000000002 1.6842865773456644e-6
1.1400000000000001 0.0264 1.6555833243555032e-5
1.1400000000000001 0.0268 0.00013677938210945463
1.1400000000000001 0.027200000000000002 0.0009079738471597209
1.1400000000000001 0.027600000000000003 0.005114502787273614
1.1400000000000001 0.028000000000000004 0.023488636597062403
1.1400000000000001 0.0284 0.09049836520687177
1.1400000000000001 0.0288 0.3028862565213
1.1400000000000001 0.0292 0.8825378766350268
1.1400000000000001 0.0296 2.2763398480085826
1.1400000000000001 0.030000000000000002 5.247713802989596
1.1400000000000001 0.030400000000000003 10.720757923949787
1.1400000000000001 0.0308 19.499421075018322
1.1400000000000001 0.031200000000000002 31.791245188981442
1.1400000000000001 0.0316 47.088826814365724
1.1400000000000001 0.032 64.31625082066647
1.1400000000000001 0.032400000000000005 82.00551122189091
1.1400000000000001 0.032799999999999996 97.14894093900335
1.1400000000000001 0.0332 107.14522942300549
1.1400000000000001 0.0336 108.74706137702142
1.1400000000000001 0.034 100.6607008692691
1.1400000000000001 0.0344 84.704289317196
1.1400000000000001 0.0348 64.78713462105662
1.1400000000000001 0.0352 45.01761889637342
1.1400000000000001 0.0356 28.582520451868834
1.1400000000000001 0.036000000000000004 16.601253822597897
1.1400000000000001 0.0364 8.856534646785786
1.1400000000000001 0.0368 4.358381878000844
1.15 0.020800000000000003 4.283401463172247e-7
1.15 0.021200000000000004 5.373093145181665e-6
1.15 0.021599999999999998 3.950676659704956e-5
1.15 0.022 0.00017397800262421184
1.15 0.0224 0.0004504777992603371
1.15 0.0228 0.0005894525943960988
1.15 0.0232 -3.0257593481689168e-15
1.15 0.0236 -0.0012350536114910792
1.15 0.024 -0.0015383267691446306
1.15 0.024399999999999998 1.143615021795678e-12
1.15 0.0248 0.001189700961041911
1.15 0.025200000000000004 1.0083260430371046e-9
1.15 0.025600000000000005 -0.0007782260490030982
1.15 0.026000000000000002 2.883504675110073e-7
1.15 0.0264 3.376365774689063e-6
1.15 0.0268 3.0849857242038275e-5
1.15 0.027200000000000002 0.000229549697237363
1.15 0.027600000000000003 0.0013751975529482042
1.15 0.028000000000000004 0.007096824609657149
1.15 0.0284 0.029772666521641362
1.15 0.0288 0.10673047234589975
1.15 0.0292 0.3355118059227368
1.15 0.0296 0.9368347867007044
1.15 0.030000000000000002 2.3231342593416384
1.15 0.030400000000000003 5.062171875642476
1.15 0.0308 9.753955250958592
1.15 0.031200000000000002 16.852692318967325
1.15 0.0316 26.555369014565926
1.15 0.032 38.736974295378495
1.15 0.032400000000000005 52.68412396962134
1.15 0.032799999999999996 66.18116715641662
1.15 0.0332 76.66033940380105
1.15 0.0336 80.70647618134667
1.15 0.034 76.5468502114633
1.15 0.0344 65.36197785209902
1.15 0.0348 50.36640151882125
1.15 0.0352 35.06971965826349
1.15 0.0356 22.243887009958023
1.15 0.036000000000000004 12.883067520007204
1.15 0.0364 6.845194743776982
1.15 0.0368 3.3531042671390376
1.16 0.020800000000000003 3.713035293692118e-7
1.16 0.021200000000000004 4.658010341530329e-6
1.16 0.021599999999999998 3.4254338677393294e-5
1.16 0.022 0.0001508922954225666
1.16 0.0224 0.0003909222478992199
1.16 0.0228 0.0005120776503431313
1.16 0.0232 -2.1852489236155006e-15
1.16 0.0236 -0.0010788868155773084
1.16 0.024 -0.001352606771749988
1.16 0.024399999999999998 1.1637145673369906e-13
1.16 0.0248 0.0010793536545081945
1.16 0.025200000000000004 1.315756988115827e-10
1.16 0.025600000000000005 -0.0008324535258300433
1.16 0.026000000000000002 4.606522164066886e-8
1.16 0.0264 6.220354658602731e-7
1.16 0.0268 6.468859469922694e-6
1.16 0.027200000000000002 5.462218135323941e-5
1.16 0.027600000000000003 0.00035659398612098206
1.16 0.028000000000000004 0.001935354843442072
1.16 0.0284 0.009082136510883302
1.16 0.0288 0.03556262058848252
1.16 0.0292 0.12179361477761663
1.16 0.0296 0.36786832075492
1.16 0.030000000000000002 0.9730007011561487
1.16 0.030400000000000003 2.2523225277254264
1.16 0.0308 4.600486844399562
1.16 0.031200000000000002 8.455844958617348
1.16 0.0316 14.249778869392246
1.16 0.032 22.300301403857194
1.16 0.032400000000000005 32.32988291112974
1.16 0.032799999999999996 42.86493520278395
1.16 0.0332 51.75867397069406
1.16 0.0336 56.061944997389176
1.16 0.034 54.09195195834974
1.16 0.0344 46.59917898824929
1.16 0.0348 36.01869159817259
1.16 0.0352 25.053503472794503
1.16 0.0356 15.837434177296974
1.16 0.036000000000000004 9.130063985815005
1.16 0.0364 4.824727169668683
1.16 0.0368 2.3498908962713356
1.17 0.020800000000000003 3.1062354585097954e-7
1.17 0.021200000000000004 3.8967246889999945e-6
1.17 0.021599999999999998 2.8655197612136188e-5
1.17 0.022 0.00012622146909489895
1.17 0.0224 0.0003269756756277734
1.17 0.0228 0.0004282347088573253
1.17 0.0232 -1.4398744057826789e-15
1.17 0.0236 -0.0009014037072032626
1.17 0.024 -0.0011288689929454653
1.17 0.024399999999999998 1.1012624715029598e-14
1.17 0.0248 0.0008962242550608158
1.17 0.025200000000000004 1.59983438599768e-11
1.17 0.025600000000000005 -0.0006744268235074913
1.17 0.026000000000000002 7.228511459792805e-9
1.17 0.0264 1.0633243244794912e-7
1.17 0.0268 1.226878192837156e-6
1.17 0.027200000000000002 1.1601301492724859e-5
1.17 0.027600000000000003 8.77380391362783e-5
1.17 0.028000000000000004 0.0005077443887925555
1.17 0.0284 0.002539896459053632
1.17 0.0288 0.011090162385157795
1.17 0.0292 0.04157974318273403
1.17 0.0296 0.1354227990432547
1.17 0.030000000000000002 0.3829315023265373
1.17 0.030400000000000003 0.9420764725316009
1.17 0.0308 2.046707940847131
1.17 0.031200000000000002 4.025072439659569
1.17 0.0316 7.293664444532622
1.17 0.032 12.253983210282918
1.17 0.032400000000000005 18.873918183750867
1.17 0.032799999999999996 26.248992902146764
1.17 0.0332 32.777335343686715
1.17 0.0336 36.251599989212515
1.17 0.034 35.370728155087434
1.17 0.0344 30.609012133024315
1.17 0.0348 23.660409749545224
1.17 0.0352 16.408823124095456
1.17 0.0356 10.324277253092163
1.17 0.036000000000000004 5.918717605435379
1.17 0.0364 3.108696245638928
1.17 0.0368 1.5047420197352457
1.18 0.020800000000000003 2.0528052777708854e-7
1.18 0.021200000000000004 2.5751664659557676e-6
1.18 0.021599999999999998 1.8936258147274017e-5
1.18 0.022 8.340574263385443e-5
1.18 0.0224 0.0002160354093829891
1.18 0.0228 0.00028287137398745203
1.18 0.0232 -8.520170131576676e-16
1.18 0.0236 -0.0005947083209091491
1.18 0.024 -0.0007437284197988482
1.18 0.024399999999999998 8.159884147931804e-16
1.18 0.0248 0.0005865021459042266
1.18 0.025200000000000004 1.7310411359387678e-12
1.18 0.025600000000000005 -0.00042674755702865025
1.18 0.026000000000000002 9.883693260512392e-10
1.18 0.0264 1.6507090587617704e-8
1.18 0.0268 2.240831191299301e-7
1.18 0.027200000000000002 2.310627185674969e-6
1.18 0.027600000000000003 1.8494143804477525e-5
1.18 0.028000000000000004 0.00012543140536436123
1.18 0.0284 0.0006809345767710554
1.18 0.0288 0.0032385015180679847
1.18 0.0292 0.013346962687347206
1.18 0.0296 0.04708314670272952
1.18 0.030000000000000002 0.1414519723908805
1.18 0.030400000000000003 0.36960554606398943
1.18 0.0308 0.8594095662948736
1.18 0.031200000000000002 1.8202813754239708
1.18 0.0316 3.562770902843619
1.18 0.032 6.410423305763717
1.18 0.032400000000000005 10.433223646404622
1.18 0.032799999999999996 15.10567846433034
1.18 0.0332 19.36180095391204
1.18 0.0336 21.73700341224741
1.18 0.034 21.358808834257808
1.18 0.0344 18.516275379789054
1.18 0.0348 14.288401543174201
1.18 0.0352 9.869330328815192
1.18 0.0356 6.176229785795043
1.18 0.036000000000000004 3.51920390347836
1.18 0.0364 1.8364139610840007
1.18 0.0368 0.8831006222585608
1.19 0.020800000000000003 1.3086766448560592e-7
1.19 0.021200000000000004 1.6416283756451818e-6
1.19 0.021599999999999998 1.2070772962971524e-5
1.19 0.022 5.3159726460246055e-5
1.19 0.0224 0.00013766036462903623
1.19 0.0228 0.00018016696529165541
1.19 0.0232 -4.764213512640631e-16
1.19 0.0236 -0.0003779011592454948
1.19 0.024 -0.00047129712012938135
1.19 0.024399999999999998 1.6401324103809824e-17
1.19 0.0248 0.00036677864798649904
1.19 0.025200000000000004 1.759442664937684e-13
1.19 0.025600000000000005 -0.0002487083846898869
1.19 0.026000000000000002 1.357072867134309e-10
1.19 0.0264 2.4514592720513645e-9
1.19 0.0268 3.665985751476783e-8
1.19 0.027200000000000002 4.258385047865488e-7
1.19 0.027600000000000003 3.9064170354954334e-6
1.19 0.028000000000000004 2.9531606805433763e-5
1.19 0.0284 0.00017055531335397539
1.19 0.0288 0.0009060072825739893
1.19 0.0292 0.004038978283172497
1.19 0.0296 0.015263142132760182
1.19 0.030000000000000002 0.04909468176117401
1.19 0.030400000000000003 0.13684164378031208
1.19 0.0308 0.3422846020657224
1.19 0.031200000000000002 0.785668210060592
1.19 0.0316 1.659497337074168
1.19 0.032 3.180253683267195
1.19 0.032400000000000005 5.428543226852612
1.19 0.032799999999999996 8.123787708392827
1.19 0.0332 10.624987052282366
1.19 0.0336 12.056867475666333
1.19 0.034 11.897406295848198
1.19 0.0344 10.313702198099373
1.19 0.0348 7.935840029501096
1.19 0.0352 5.455361657719226
1.19 0.0356 3.393688909395077
1.19 0.036000000000000004 1.9210676097572688
1.19 0.0364 0.995535399357095
1.19 0.0368 0.47540673355825624
