8.34 3.4800000000000004 5.382814672222639e-29
8.34 3.5199999999999996 -4.031997097923897e-26
8.34 3.5600000000000005 2.90615817372413e-23
8.34 3.5999999999999996 2.37300148637117e-20
8.34 3.64 8.248702014726986e-18
8.34 3.6799999999999997 3.078562271394006e-17
8.34 3.7199999999999998 -3.464179751860893e-18
8.34 3.76 -2.732804198802828e-17
8.34 3.8 1.5329068166433216e-15
8.34 3.8400000000000003 6.5526019102502335e-15
8.34 3.8800000000000003 -1.4157051917168354e-14
8.34 3.9200000000000004 -1.8076593543656182e-14
8.34 3.96 3.525687222167538e-16
8.34 4.0 -1.8989844329544256e-15
8.34 4.04 -6.658531110839848e-14
8.34 4.08 7.848837650890315e-14
8.34 4.12 -7.069354485332258e-14
8.34 4.16 -3.782650188976133e-14
8.34 4.2 7.412267996557645e-13
8.34 4.24 6.382598073877239e-13
8.34 4.28 1.8710886467080602e-14
8.34 4.32 3.422962358298945e-13
8.34 4.36 2.1333686763239552e-13
8.34 4.4 -1.3151695077483934e-13
8.34 4.4399999999999995 -5.632982976027546e-15
8.34 4.48 -1.3417751645534787e-14
8.34 4.52 -3.020389222375068e-14
8.34 4.5600000000000005 -2.4182211381680215e-15
8.34 4.6 -9.595342491167816e-15
8.34 4.64 -1.0417213275812325e-14
8.34 4.680000000000001 -1.1305970150523246e-14
8.34 4.72 -9.234774486083973e-16
8.34 4.760000000000001 -3.8447049475871163e-16
8.34 4.8 -1.816944763297007e-16
8.83 3.4800000000000004 -2.0728871421899661e-22
8.83 3.5199999999999996 -1.276638689416617e-18
8.83 3.5600000000000005 4.096559546776636e-14
8.83 3.5999999999999996 5.934257057341234e-11
8.83 3.64 6.119268526967645e-10
8.83 3.6799999999999997 2.9556485343694595e-10
8.83 3.7199999999999998 -1.3091742252693914e-8
8.83 3.76 1.606055245222063e-8
8.83 3.8 1.7933690065774866e-7
8.83 3.8400000000000003 9.0387613819504e-7
8.83 3.8800000000000003 6.742412382642859e-5
8.83 3.9200000000000004 4.4201667998553654e-5
8.83 3.96 2.3033859773317473e-7
8.83 4.0 2.283304711122414e-6
8.83 4.04 1.843624558560346e-6
8.83 4.08 3.5562313104419154e-7
8.83 4.12 1.582496184773752e-7
8.83 4.16 6.669630193021815e-7
8.83 4.2 -2.483773664468052e-7
8.83 4.24 -3.6392987724212905e-8
8.83 4.28 -6.828382455105678e-8
8.83 4.32 -8.093323184405621e-9
8.83 4.36 2.576201210752441e-8
8.83 4.4 -1.2812895730389805e-8
8.83 4.4399999999999995 2.1533354083629024e-9
8.83 4.48 -1.0578173606796445e-9
8.83 4.52 -2.198169463907045e-9
8.83 4.5600000000000005 -1.567734223109016e-10
8.83 4.6 -4.700595952614143e-10
8.83 4.64 -6.375845551374307e-10
8.83 4.680000000000001 -7.670311810376915e-10
8.83 4.72 -1.0784955279559978e-10
8.83 4.760000000000001 -3.4332235854824514e-11
8.83 4.8 -1.0763098814543073e-11
9.32 3.4800000000000004 -1.4290860196370475e-19
9.32 3.5199999999999996 1.6892930240636016e-13
9.32 3.5600000000000005 4.0193601284419986e-10
9.32 3.5999999999999996 -3.951693643378621e-8
9.32 3.64 1.5422904261923436e-7
9.32 3.6799999999999997 7.538805082403964e-7
9.32 3.7199999999999998 9.351503238202192e-6
9.32 3.76 0.0007071901110484248
9.32 3.8 0.003218375922799554
9.32 3.8400000000000003 0.011499954174895561
9.32 3.8800000000000003 0.021560683735960665
9.32 3.9200000000000004 0.019174744314758223
9.32 3.96 0.006490144431660597
9.32 4.0 0.002779522754495686
9.32 4.04 0.0034961277180926655
9.32 4.08 0.006619792487231684
9.32 4.12 0.005714827295101856
9.32 4.16 0.028112343026914535
9.32 4.2 0.008618175566343634
9.32 4.24 0.009227268823988046
9.32 4.28 0.0041190763049033475
9.32 4.32 0.012052452424500556
9.32 4.36 0.0005194087764279141
9.32 4.4 0.0009430358503555422
9.32 4.4399999999999995 0.0012686078543878178
9.32 4.48 8.957854676189527e-5
9.32 4.52 4.7857931498372874e-5
9.32 4.5600000000000005 0.00031322604816606353
9.32 4.6 4.226004116365071e-5
9.32 4.64 8.789190988344603e-5
9.32 4.680000000000001 5.441123290983589e-7
9.32 4.72 2.3554280411657793e-5
9.32 4.760000000000001 4.210645784735907e-7
9.32 4.8 2.112172876033865e-6
9.81 3.4800000000000004 -1.681822102257252e-17
9.81 3.5199999999999996 8.713888518174535e-11
9.81 3.5600000000000005 2.4478819219407173e-7
9.81 3.5999999999999996 1.0822384953953436e-5
9.81 3.64 8.832671107931511e-5
9.81 3.6799999999999997 0.0007519369095056092
9.81 3.7199999999999998 0.007844756609253972
9.81 3.76 0.044572964787556665
9.81 3.8 0.12591980058922514
9.81 3.8400000000000003 0.268026593222098
9.81 3.8800000000000003 0.5551887647470337
9.81 3.9200000000000004 0.9430099148717979
9.81 3.96 1.232060695339992
9.81 4.0 1.5113218920810345
9.81 4.04 1.7377126369893507
9.81 4.08 1.8365364135759605
9.81 4.12 1.492074126038879
9.81 4.16 1.4423249778854783
9.81 4.2 1.3683745259363111
9.81 4.24 0.24480163307215608
9.81 4.28 0.7836237607644418
9.81 4.32 0.400614869957755
9.81 4.36 0.019588508831729322
9.81 4.4 0.1544133929660349
9.81 4.4399999999999995 0.045484974913153176
9.81 4.48 0.03676889653920978
9.81 4.52 0.0041025173929529445
9.81 4.5600000000000005 0.009172920801566897
9.81 4.6 0.008164185588207522
9.81 4.64 0.0017488136771531824
9.81 4.680000000000001 0.00040880255321712705
9.81 4.72 0.0003973549415463751
9.81 4.760000000000001 0.0005499237029825288
9.81 4.8 1.3257447810795372e-6
10.3 3.4800000000000004 2.5188106960968237e-19
10.3 3.5199999999999996 3.0175561229624584e-12
10.3 3.5600000000000005 2.15176219705439e-8
10.3 3.5999999999999996 5.898640990949809e-7
10.3 3.64 3.696836188483432e-6
10.3 3.6799999999999997 1.1005964836933915e-5
10.3 3.7199999999999998 -1.5106711190686836e-5
10.3 3.76 0.00022022932074956244
10.3 3.8 0.0006179923899286699
10.3 3.8400000000000003 0.003650004479755878
10.3 3.8800000000000003 0.011455246611019708
10.3 3.9200000000000004 0.0906309601149841
10.3 3.96 0.19571376374420288
10.3 4.0 0.29619848030665336
10.3 4.04 0.25935203836728576
10.3 4.08 0.2680701966211949
10.3 4.12 0.16273628263997
10.3 4.16 0.20182543367598532
10.3 4.2 0.07965870291804265
10.3 4.24 0.009679594427710637
10.3 4.28 0.024550976619418914
10.3 4.32 0.010525988256103715
10.3 4.36 0.00127328128980256
10.3 4.4 0.019649820939879728
10.3 4.4399999999999995 0.0029647882594347557
10.3 4.48 0.005318853410976978
10.3 4.52 0.007122172453475731
10.3 4.5600000000000005 0.003860286298258192
10.3 4.6 0.00048417654911303326
10.3 4.64 0.0011304095142692294
10.3 4.680000000000001 0.00011968927597149696
10.3 4.72 0.00037118619859882
10.3 4.760000000000001 1.0882667532181485e-6
10.3 4.8 4.875863392075259e-6
10.79 3.4800000000000004 2.95144698172317e-15
10.79 3.5199999999999996 5.175098640728234e-16
10.79 3.5600000000000005 9.590483647402872e-12
10.79 3.5999999999999996 -4.605105742563918e-9
10.79 3.64 6.46659236294228e-8
10.79 3.6799999999999997 5.617807906294861e-7
10.79 3.7199999999999998 3.739668730567621e-7
10.79 3.76 2.4343702648256577e-6
10.79 3.8 -1.0152216269430857e-7
10.79 3.8400000000000003 2.5207599709674073e-6
10.79 3.8800000000000003 1.3819164680205454e-5
10.79 3.9200000000000004 2.882726470215912e-6
10.79 3.96 1.3638014970695914e-6
10.79 4.0 1.951610473698323e-6
10.79 4.04 7.520579692209281e-6
10.79 4.08 1.8974015929014555e-5
10.79 4.12 -3.231643270186474e-6
10.79 4.16 2.3891498882823113e-5
10.79 4.2 1.7334123160204596e-5
10.79 4.24 -1.7699689229993387e-6
10.79 4.28 8.110203037170762e-6
10.79 4.32 -1.2062374857868266e-5
10.79 4.36 7.656455352259951e-6
10.79 4.4 1.2552558692548384e-5
10.79 4.4399999999999995 6.788654227915484e-7
10.79 4.48 3.1893194749110116e-7
10.79 4.52 5.6849657130887015e-6
10.79 4.5600000000000005 1.6584740152167704e-5
10.79 4.6 1.1490753776881369e-7
10.79 4.64 3.0917999222481053e-7
10.79 4.680000000000001 2.7082035856459424e-9
10.79 4.72 5.2583155129343686e-8
10.79 4.760000000000001 3.25530853595489e-8
10.79 4.8 -4.4204853053494096e-10
11.28 3.4800000000000004 7.265721901771872e-18
11.28 3.5199999999999996 2.357650668271053e-18
11.28 3.5600000000000005 1.8873863707467595e-14
11.28 3.5999999999999996 6.27207195301795e-14
11.28 3.64 2.2771995467254207e-12
11.28 3.6799999999999997 7.554697830181257e-13
11.28 3.7199999999999998 3.672622749115923e-12
11.28 3.76 -9.305949242551784e-12
11.28 3.8 -5.797015341177166e-12
11.28 3.8400000000000003 6.25896174631589e-11
11.28 3.8800000000000003 1.0782919081280959e-10
11.28 3.9200000000000004 7.455474906415231e-11
11.28 3.96 4.42171154342554e-11
11.28 4.0 4.538782910943913e-11
11.28 4.04 3.011866869562931e-12
11.28 4.08 4.511234748477932e-12
11.28 4.12 7.613589201483724e-12
11.28 4.16 5.9562070377495844e-12
11.28 4.2 -2.1294793547221978e-13
11.28 4.24 -3.1479799095881933e-15
11.28 4.28 1.3969325688099089e-12
11.28 4.32 -6.917206237101286e-14
11.28 4.36 6.53043704014533e-13
11.28 4.4 1.2651866113386027e-12
11.28 4.4399999999999995 3.8410286712119175e-14
11.28 4.48 2.1232234886276455e-14
11.28 4.52 3.684947131677831e-12
11.28 4.5600000000000005 1.7534666236501041e-12
11.28 4.6 3.5441862176260194e-14
11.28 4.64 3.8546056646978346e-14
11.28 4.680000000000001 -5.105228173744981e-15
11.28 4.72 1.638752875430409e-13
11.28 4.760000000000001 2.4233260519729188e-14
11.28 4.8 -2.792637860693189e-16
13.73 3.4800000000000004 -6.218773431957407e-25
13.73 3.5199999999999996 1.942689048626127e-20
13.73 3.5600000000000005 -1.4871527613355523e-17
13.73 3.5999999999999996 1.6581820647831e-13
13.73 3.64 3.9877324899094253e-13
13.73 3.6799999999999997 5.583713441114481e-13
13.73 3.7199999999999998 2.7360097049555836e-13
13.73 3.76 2.5344916617663512e-11
13.73 3.8 -3.378758229730849e-10
13.73 3.8400000000000003 1.1039855726977104e-10
13.73 3.8800000000000003 4.264723611857683e-9
13.73 3.9200000000000004 1.8066516198662089e-9
13.73 3.96 1.0038465854546497e-9
13.73 4.0 5.005001234162416e-9
13.73 4.04 1.7631778401827929e-9
13.73 4.08 2.0395065115962287e-9
13.73 4.12 6.516779608766519e-8
13.73 4.16 1.940689640939433e-8
13.73 4.2 1.797682561105683e-7
13.73 4.24 3.0576554764784183e-7
13.73 4.28 8.142663091096649e-7
13.73 4.32 2.290045100942375e-6
13.73 4.36 4.5915995823884304e-6
13.73 4.4 3.6264955972881656e-6
13.73 4.4399999999999995 3.574806868030059e-5
13.73 4.48 1.2924306248586568e-5
13.73 4.52 1.847873959135063e-5
13.73 4.5600000000000005 1.2382344386017627e-6
13.73 4.6 2.7310998376194667e-7
13.73 4.64 1.0214700767820513e-7
13.73 4.680000000000001 3.664881818555412e-7
13.73 4.72 1.8164360525000315e-6
13.73 4.760000000000001 1.3252689175744744e-7
13.73 4.8 2.3181245824288933e-6
14.220000000000002 3.4800000000000004 -2.1419742902926122e-21
14.220000000000002 3.5199999999999996 2.9911801971645506e-19
14.220000000000002 3.5600000000000005 1.5819376903682047e-14
14.220000000000002 3.5999999999999996 6.476245207192626e-11
14.220000000000002 3.64 6.313966316680553e-10
14.220000000000002 3.6799999999999997 1.7188300110845868e-9
14.220000000000002 3.7199999999999998 -1.425148169006655e-8
14.220000000000002 3.76 9.11628190126633e-8
14.220000000000002 3.8 -1.7577052006414072e-7
14.220000000000002 3.8400000000000003 -6.551548506138058e-7
14.220000000000002 3.8800000000000003 1.4480965476460293e-6
14.220000000000002 3.9200000000000004 3.1783179836904003e-6
14.220000000000002 3.96 6.496066058930166e-6
14.220000000000002 4.0 4.123793908573764e-6
14.220000000000002 4.04 1.1092766498907998e-5
14.220000000000002 4.08 0.00038973347394744457
14.220000000000002 4.12 0.00022026218564428707
14.220000000000002 4.16 0.0001854970389625239
14.220000000000002 4.2 0.0010391634702139707
14.220000000000002 4.24 0.004859572689719349
14.220000000000002 4.28 0.007935080182536672
14.220000000000002 4.32 0.015205082015972643
14.220000000000002 4.36 0.004763830583530398
14.220000000000002 4.4 0.0013943679376171405
14.220000000000002 4.4399999999999995 0.0018120751291108303
14.220000000000002 4.48 9.534805580423705e-6
14.220000000000002 4.52 0.0003065094741848389
14.220000000000002 4.5600000000000005 0.00016419968063067
14.220000000000002 4.6 0.00040590835447208034
14.220000000000002 4.64 2.990657831817293e-5
14.220000000000002 4.680000000000001 9.396677160682664e-5
14.220000000000002 4.72 4.954970501857494e-5
14.220000000000002 4.760000000000001 0.000531914004002854
14.220000000000002 4.8 0.00019231846706436808
14.709999999999999 3.4800000000000004 -6.201848945967417e-19
14.709999999999999 3.5199999999999996 2.770694410299604e-16
14.709999999999999 3.5600000000000005 3.524935731855114e-12
14.709999999999999 3.5999999999999996 8.957549806548158e-10
14.709999999999999 3.64 3.569959926444224e-9
14.709999999999999 3.6799999999999997 4.619844382995393e-8
14.709999999999999 3.7199999999999998 3.6943593552280597e-7
14.709999999999999 3.76 2.027105740755664e-6
14.709999999999999 3.8 7.302485635387983e-6
14.709999999999999 3.8400000000000003 1.5025430204410718e-5
14.709999999999999 3.8800000000000003 0.00022491095063817813
14.709999999999999 3.9200000000000004 0.0021994836685790384
14.709999999999999 3.96 0.009648643499150763
14.709999999999999 4.0 0.009204857814516899
14.709999999999999 4.04 0.020068532408263264
14.709999999999999 4.08 0.05730600503379192
14.709999999999999 4.12 0.13128334231165806
14.709999999999999 4.16 0.1644660167896103
14.709999999999999 4.2 0.18059924862126392
14.709999999999999 4.24 0.11450376066359756
14.709999999999999 4.28 0.059686754171948506
14.709999999999999 4.32 0.023004867239677082
14.709999999999999 4.36 0.05430778697013532
14.709999999999999 4.4 0.05079378508168461
14.709999999999999 4.4399999999999995 0.04150894635860668
14.709999999999999 4.48 0.00334957005946805
14.709999999999999 4.52 0.002795307745805122
14.709999999999999 4.5600000000000005 0.0012819555721477786
14.709999999999999 4.6 0.00474771507460328
14.709999999999999 4.64 0.001205279906962951
14.709999999999999 4.680000000000001 0.0010419834187863515
14.709999999999999 4.72 0.0001236672994390174
14.709999999999999 4.760000000000001 0.00016830048761071282
14.709999999999999 4.8 1.637722561965476e-5
15.2 3.4800000000000004 3.3420883796364015e-17
15.2 3.5199999999999996 2.3690016126515977e-14
15.2 3.5600000000000005 2.15966883090963e-10
15.2 3.5999999999999996 1.5470473957120634e-7
15.2 3.64 7.590328556425049e-7
15.2 3.6799999999999997 1.3636390822355898e-6
15.2 3.7199999999999998 2.3819073757712625e-5
15.2 3.76 0.00011958203766678356
15.2 3.8 0.0002904434462051098
15.2 3.8400000000000003 0.003030363129556927
15.2 3.8800000000000003 0.023807879561646605
15.2 3.9200000000000004 0.10959718235005325
15.2 3.96 0.20550990751845627
15.2 4.0 0.23778769503690503
15.2 4.04 0.4458455090160627
15.2 4.08 0.6117296031380539
15.2 4.12 0.7259021193199658
15.2 4.16 0.9584486103507781
15.2 4.2 0.9616902101868537
15.2 4.24 0.8592876214470996
15.2 4.28 0.6409955441249287
15.2 4.32 0.35966074710828894
15.2 4.36 0.010816035836602003
15.2 4.4 0.009399032701033998
15.2 4.4399999999999995 0.008232798647001995
15.2 4.48 0.004874354845159378
15.2 4.52 0.004812037775556272
15.2 4.5600000000000005 0.0004764383268682136
15.2 4.6 7.015566200840413e-5
15.2 4.64 0.00010408150206302345
15.2 4.680000000000001 3.364974648412702e-6
15.2 4.72 1.3888684927589978e-5
15.2 4.760000000000001 -6.102437857108139e-10
15.2 4.8 -8.377451056298541e-10
15.69 3.4800000000000004 2.5461819925917568e-14
15.69 3.5199999999999996 1.5268852787061713e-12
15.69 3.5600000000000005 7.151490468920518e-10
15.69 3.5999999999999996 -2.1976538361878612e-7
15.69 3.64 3.5699198600671954e-7
15.69 3.6799999999999997 6.725893658965564e-6
15.69 3.7199999999999998 0.0001088916954769546
15.69 3.76 0.00280660498584876
15.69 3.8 0.009386294232712328
15.69 3.8400000000000003 0.05891731326664621
15.69 3.8800000000000003 0.2213102109999022
15.69 3.9200000000000004 0.43265911004950625
15.69 3.96 0.7597584576180396
15.69 4.0 1.0243472355178425
15.69 4.04 1.2340842232481082
15.69 4.08 1.2436970739800408
15.69 4.12 0.7347270492510712
15.69 4.16 0.5020201158830649
15.69 4.2 0.20488723230354638
15.69 4.24 0.05026434658696968
15.69 4.28 0.00982034149454045
15.69 4.32 0.018983208170906582
15.69 4.36 0.006105204798248472
15.69 4.4 0.00019690235807223657
15.69 4.4399999999999995 4.104773125428976e-5
15.69 4.48 8.580063131298634e-5
15.69 4.52 5.64194344335075e-7
15.69 4.5600000000000005 1.0362641277805542e-7
15.69 4.6 -5.072552799238896e-10
15.69 4.64 5.9512502885732935e-8
15.69 4.680000000000001 2.9376867653988003e-9
15.69 4.72 1.2509026045053334e-9
15.69 4.760000000000001 -2.281248934821717e-12
15.69 4.8 3.49036435135615e-9
16.18 3.4800000000000004 8.042298296158598e-13
16.18 3.5199999999999996 5.151800337497349e-12
16.18 3.5600000000000005 4.014589263738174e-8
16.18 3.5999999999999996 6.291448467785286e-7
16.18 3.64 2.0931468841541294e-5
16.18 3.6799999999999997 0.00020612069391485706
16.18 3.7199999999999998 0.0013676431283317042
16.18 3.76 0.021668043678814575
16.18 3.8 0.06392519895640092
16.18 3.8400000000000003 0.1350027296673997
16.18 3.8800000000000003 0.3077763058564475
16.18 3.9200000000000004 0.4186580347603905
16.18 3.96 0.44240018561005623
16.18 4.0 0.36768871379449053
16.18 4.04 0.25788026096858463
16.18 4.08 0.12914809731925733
16.18 4.12 0.05441546526538087
16.18 4.16 0.0038207169147119204
16.18 4.2 0.0012779537812725214
16.18 4.24 0.0011760350798533104
16.18 4.28 3.55246576075902e-5
16.18 4.32 9.713199725241744e-7
16.18 4.36 5.673892563605163e-7
16.18 4.4 2.2030527902066923e-5
16.18 4.4399999999999995 2.6193701580263342e-8
16.18 4.48 -1.7715372917747786e-10
16.18 4.52 5.535000158543963e-10
16.18 4.5600000000000005 2.8345917853357305e-11
16.18 4.6 3.4276942752053127e-10
16.18 4.64 6.735860742247477e-13
16.18 4.680000000000001 1.3051556018993848e-11
16.18 4.72 1.0852299869414403e-10
16.18 4.760000000000001 -3.6590689370764696e-13
16.18 4.8 3.2874893683255283e-12
16.67 3.4800000000000004 2.2372200992987198e-12
16.67 3.5199999999999996 1.143825460268319e-10
16.67 3.5600000000000005 6.040551269112063e-8
16.67 3.5999999999999996 5.692853091026887e-6
16.67 3.64 8.494356235221731e-5
16.67 3.6799999999999997 0.00020319951468124382
16.67 3.7199999999999998 0.005894589089237321
16.67 3.76 0.015581867595177335
16.67 3.8 0.028037625134993405
16.67 3.8400000000000003 0.04410303662809516
16.67 3.8800000000000003 0.033748496814442426
16.67 3.9200000000000004 0.04873394433770285
16.67 3.96 0.03616833174284234
16.67 4.0 0.01680512108629928
16.67 4.04 0.004719541523547993
16.67 4.08 0.0007509925725187876
16.67 4.12 0.0009820841618974668
16.67 4.16 3.8655891838116346e-5
16.67 4.2 4.903411052947154e-8
16.67 4.24 4.894577581427746e-7
16.67 4.28 4.191429335168912e-6
16.67 4.32 9.559066975649323e-10
16.67 4.36 -2.9572815924595775e-9
16.67 4.4 7.435102578938962e-8
16.67 4.4399999999999995 -1.374703929553791e-9
16.67 4.48 3.447126544689554e-10
16.67 4.52 7.746758743236225e-10
16.67 4.5600000000000005 9.312936889572354e-13
16.67 4.6 2.4485279854852812e-11
16.67 4.64 5.2356640726337e-12
16.67 4.680000000000001 2.0192917251346743e-12
16.67 4.72 3.5682906420501746e-11
16.67 4.760000000000001 -1.8825346186244288e-13
16.67 4.8 1.5681191725409856e-12
17.16 3.4800000000000004 5.965600112057033e-11
17.16 3.5199999999999996 3.058186657087058e-10
17.16 3.5600000000000005 1.24831250570124e-6
17.16 3.5999999999999996 4.193503052639349e-5
17.16 3.64 0.0002497410334114378
17.16 3.6799999999999997 0.0003906077846236039
17.16 3.7199999999999998 0.0022195068232174343
17.16 3.76 0.0017170114376107428
17.16 3.8 0.0015125793518902613
17.16 3.8400000000000003 0.000726224085682941
17.16 3.8800000000000003 0.0005031368287514178
17.16 3.9200000000000004 0.0005756117315309653
17.16 3.96 0.0005341082768281435
17.16 4.0 9.493121819228128e-5
17.16 4.04 4.21469350961827e-5
17.16 4.08 1.7049637978763194e-6
17.16 4.12 7.50190500211625e-7
17.16 4.16 3.339231242671255e-7
17.16 4.2 -3.798406060870116e-8
17.16 4.24 -4.817734530457776e-7
17.16 4.28 3.87793531772905e-8
17.16 4.32 2.5196499860383745e-8
17.16 4.36 -4.1485707552423276e-9
17.16 4.4 4.5872462603005143e-10
17.16 4.4399999999999995 -1.4600562723126452e-9
17.16 4.48 1.9343974692184756e-10
17.16 4.52 9.251148199432701e-10
17.16 4.5600000000000005 -6.342584686345079e-11
17.16 4.6 -1.0535657227134092e-10
17.16 4.64 5.758949277583446e-12
17.16 4.680000000000001 -2.6857731314532546e-11
17.16 4.72 5.148502313595012e-11
17.16 4.760000000000001 -6.725811354267983e-13
17.16 4.8 5.344316610218449e-12
17.65 3.4800000000000004 8.519583983094817e-12
17.65 3.5199999999999996 1.210230253562122e-10
17.65 3.5600000000000005 6.71136312099638e-8
17.65 3.5999999999999996 4.995018442793405e-7
17.65 3.64 3.5377027877048696e-6
17.65 3.6799999999999997 6.412742866369298e-6
17.65 3.7199999999999998 1.2010903228405091e-5
17.65 3.76 1.6933956836462193e-5
17.65 3.8 1.0532412172762521e-5
17.65 3.8400000000000003 7.118660665775555e-6
17.65 3.8800000000000003 5.384235930656438e-6
17.65 3.9200000000000004 1.9782906168354934e-6
17.65 3.96 3.5246883303862925e-6
17.65 4.0 2.6617153463130717e-6
17.65 4.04 8.391064134992905e-7
17.65 4.08 7.513693519739353e-7
17.65 4.12 1.533999523025614e-7
17.65 4.16 1.6444875454771223e-7
17.65 4.2 2.5396960459669083e-8
17.65 4.24 -6.226732589466365e-8
17.65 4.28 -2.0978908405644347e-9
17.65 4.32 -1.5902668115577024e-8
17.65 4.36 1.3327039769225984e-10
17.65 4.4 -2.2998491029352374e-9
17.65 4.4399999999999995 5.409655758382458e-10
17.65 4.48 -2.6476575722435574e-10
17.65 4.52 -4.0473344650285994e-10
17.65 4.5600000000000005 8.684067430352313e-11
17.65 4.6 -9.503121628305665e-12
17.65 4.64 -2.337857131816819e-12
17.65 4.680000000000001 5.592994101365131e-12
17.65 4.72 -2.2132701238654206e-11
17.65 4.760000000000001 5.25083729735987e-14
17.65 4.8 -5.396056463083701e-13
18.14 3.4800000000000004 1.837054683252334e-12
18.14 3.5199999999999996 3.442552559935293e-11
18.14 3.5600000000000005 1.0922583375863086e-8
18.14 3.5999999999999996 2.1373517677799588e-7
18.14 3.64 1.199780545555452e-6
18.14 3.6799999999999997 1.4144119007511405e-6
18.14 3.7199999999999998 1.0732766101618084e-5
18.14 3.76 7.53950220041522e-6
18.14 3.8 1.8353001003181409e-6
18.14 3.8400000000000003 1.3908413161367406e-6
18.14 3.8800000000000003 8.698443720823701e-7
18.14 3.9200000000000004 5.97211442773573e-7
18.14 3.96 -6.147749109851649e-9
18.14 4.0 -5.684305789983707e-8
18.14 4.04 -3.3378395183571475e-8
18.14 4.08 4.544072272141921e-9
18.14 4.12 -3.1796834811352694e-8
18.14 4.16 3.27996595645134e-8
18.14 4.2 3.305093485326443e-8
18.14 4.24 1.4082366810261251e-7
18.14 4.28 8.732154127606623e-8
18.14 4.32 9.298326331490638e-8
18.14 4.36 8.307133372901456e-8
18.14 4.4 1.0327114867362963e-7
18.14 4.4399999999999995 2.299338731389223e-8
18.14 4.48 7.958263649274693e-9
18.14 4.52 6.097967232876282e-9
18.14 4.5600000000000005 1.1607629438867113e-9
18.14 4.6 4.999423284182284e-9
18.14 4.64 2.522529467864109e-9
18.14 4.680000000000001 4.4184408385986863e-10
18.14 4.72 1.9305034182569332e-11
18.14 4.760000000000001 7.452203102101226e-12
18.14 4.8 1.86456164234997e-10
18.63 3.4800000000000004 4.1885611184869187e-13
18.63 3.5199999999999996 4.756833254838933e-12
18.63 3.5600000000000005 5.832357510688574e-10
18.63 3.5999999999999996 1.1981827400826214e-9
18.63 3.64 2.8491145280313282e-8
18.63 3.6799999999999997 2.2035524794449106e-8
18.63 3.7199999999999998 2.9803361861901596e-8
18.63 3.76 1.4646109248887554e-7
18.63 3.8 7.06895927330584e-7
18.63 3.8400000000000003 3.4225200304774922e-6
18.63 3.8800000000000003 6.071653586257547e-6
18.63 3.9200000000000004 1.4439036369985166e-5
18.63 3.96 5.053028171068271e-5
18.63 4.0 0.00012890442583781358
18.63 4.04 0.00023651310110013327
18.63 4.08 0.00015237593760690878
18.63 4.12 0.0004943541021799841
18.63 4.16 0.0009103308311639347
18.63 4.2 0.0006148404479893726
18.63 4.24 0.0005204338232870116
18.63 4.28 0.0004019065422718005
18.63 4.32 0.00031639366985145023
18.63 4.36 0.0003100135033317913
18.63 4.4 0.00023368945325890134
18.63 4.4399999999999995 6.842582344379579e-5
18.63 4.48 2.4456648352692058e-5
18.63 4.52 1.8069111001453098e-5
18.63 4.5600000000000005 1.9776795686416943e-5
18.63 4.6 5.186230115930024e-6
18.63 4.64 1.3416578057424847e-5
18.63 4.680000000000001 7.98632756062492e-8
18.63 4.72 2.674394719346781e-8
18.63 4.760000000000001 5.045021298707746e-8
18.63 4.8 5.040629678502609e-8
19.12 3.4800000000000004 2.6655667579581525e-15
19.12 3.5199999999999996 1.1834241243611131e-14
19.12 3.5600000000000005 -1.1612304829255133e-11
19.12 3.5999999999999996 -2.9579108960101256e-8
19.12 3.64 3.904228842049604e-7
19.12 3.6799999999999997 3.4261826247160965e-6
19.12 3.7199999999999998 1.5234551051384189e-5
19.12 3.76 0.00010976377100468346
19.12 3.8 0.0010055484970730054
19.12 3.8400000000000003 0.0019473465619698543
19.12 3.8800000000000003 0.003854533045624498
19.12 3.9200000000000004 0.011495233115996846
19.12 3.96 0.03108904419792762
19.12 4.0 0.047879172613017315
19.12 4.04 0.059782220730228645
19.12 4.08 0.09636599876811287
19.12 4.12 0.1558267219751985
19.12 4.16 0.15903592177016818
19.12 4.2 0.13264874839702046
19.12 4.24 0.15925427096772457
19.12 4.28 0.1007636345037465
19.12 4.32 0.056465551996356306
19.12 4.36 0.05026184242617843
19.12 4.4 0.05236739926978028
19.12 4.4399999999999995 0.06612754266594126
19.12 4.48 0.028762124301686936
19.12 4.52 0.0013486135793772478
19.12 4.5600000000000005 0.002566056331487172
19.12 4.6 0.0005814036220491933
19.12 4.64 0.0004623216780874248
19.12 4.680000000000001 0.00028528543025124894
19.12 4.72 0.0012754471113920615
19.12 4.760000000000001 3.5139939579863056e-6
19.12 4.8 5.023332562213574e-5
19.61 3.4800000000000004 1.3233802246891824e-14
19.61 3.5199999999999996 4.998035738850487e-13
19.61 3.5600000000000005 1.4780648958129038e-9
19.61 3.5999999999999996 5.972087792689719e-7
19.61 3.64 6.294785095054625e-5
19.61 3.6799999999999997 0.0002198862196597989
19.61 3.7199999999999998 0.0008744590752435984
19.61 3.76 0.010718060865343411
19.61 3.8 0.03509171358802346
19.61 3.8400000000000003 0.07122056068975985
19.61 3.8800000000000003 0.1684670268726977
19.61 3.9200000000000004 0.4212009899813515
19.61 3.96 0.7206238001438617
19.61 4.0 0.976537220611161
19.61 4.04 1.1448722194426297
19.61 4.08 1.3488891003010168
19.61 4.12 1.3721765605988
19.61 4.16 1.3274911547559465
19.61 4.2 1.2848711200425602
19.61 4.24 0.9910635587975505
19.61 4.28 0.7342339938046795
19.61 4.32 0.4800012715771693
19.61 4.36 0.24183050578452453
19.61 4.4 0.12748844252692373
19.61 4.4399999999999995 0.06098887157636633
19.61 4.48 0.044591145715259045
19.61 4.52 0.014452730441066321
19.61 4.5600000000000005 0.0004935928983354968
19.61 4.6 0.007961783387186805
19.61 4.64 0.0015404809312056166
19.61 4.680000000000001 0.0003525999906769866
19.61 4.72 0.0005995791648944483
19.61 4.760000000000001 7.643684156176954e-5
19.61 4.8 2.158117153500072e-5
20.1 3.4800000000000004 3.2748625856846212e-12
20.1 3.5199999999999996 2.149933195471398e-11
20.1 3.5600000000000005 1.6825753586684098e-8
20.1 3.5999999999999996 4.166851704699546e-5
20.1 3.64 0.00010176975544624052
20.1 3.6799999999999997 0.0013048040445239498
20.1 3.7199999999999998 0.00969084655599086
20.1 3.76 0.046668955645775584
20.1 3.8 0.08450474953806897
20.1 3.8400000000000003 0.18317079766469296
20.1 3.8800000000000003 0.4288081205721893
20.1 3.9200000000000004 0.6144498653177152
20.1 3.96 0.7459160500113095
20.1 4.0 0.7938119592897074
20.1 4.04 0.8587471805866688
20.1 4.08 0.7003446269736611
20.1 4.12 0.45963777657082866
20.1 4.16 0.3681681890168321
20.1 4.2 0.24051747805770024
20.1 4.24 0.1195126655538705
20.1 4.28 0.08278788539921662
20.1 4.32 0.008626725348706427
20.1 4.36 0.005707487247196634
20.1 4.4 0.005746275517513046
20.1 4.4399999999999995 0.0005632789281592086
20.1 4.48 0.00023964111039288856
20.1 4.52 0.0007049757782919388
20.1 4.5600000000000005 9.91270279320358e-5
20.1 4.6 1.425317883847007e-5
20.1 4.64 2.5457232425788197e-5
20.1 4.680000000000001 5.095732864147059e-6
20.1 4.72 1.6604633921058257e-5
20.1 4.760000000000001 1.2300025586092315e-6
20.1 4.8 5.288813240523174e-7
20.59 3.4800000000000004 5.055270842362571e-12
20.59 3.5199999999999996 1.1578897694150903e-9
20.59 3.5600000000000005 1.8685360983700527e-6
20.59 3.5999999999999996 3.188045729892254e-6
20.59 3.64 0.000217951766158451
20.59 3.6799999999999997 0.0007419410060508551
20.59 3.7199999999999998 0.0033164147353504
20.59 3.76 0.005992917965487606
20.59 3.8 0.01560528491067596
20.59 3.8400000000000003 0.02546481275036868
20.59 3.8800000000000003 0.03583747930357092
20.59 3.9200000000000004 0.04165861409166942
20.59 3.96 0.03693507210037743
20.59 4.0 0.023141030151526746
20.59 4.04 0.022477087058744016
20.59 4.08 0.012747429391884467
20.59 4.12 0.00742387061726522
20.59 4.16 0.0047093506733168365
20.59 4.2 0.0051124139606976
20.59 4.24 0.0009857120896982646
20.59 4.28 0.0002822093573627206
20.59 4.32 0.00024247731225300777
20.59 4.36 1.4877388256360896e-5
20.59 4.4 1.658612260176e-5
20.59 4.4399999999999995 7.85229941388292e-6
20.59 4.48 6.892717310470722e-7
20.59 4.52 1.6717755915756259e-7
20.59 4.5600000000000005 2.2325107487371032e-7
20.59 4.6 4.04212902107214e-10
20.59 4.64 7.037792148521727e-11
20.59 4.680000000000001 1.44945785377253e-10
20.59 4.72 6.79060224322233e-10
20.59 4.760000000000001 5.337555406394296e-13
20.59 4.8 1.754307716477458e-11
21.08 3.4800000000000004 3.562348066460201e-14
21.08 3.5199999999999996 3.3493582224716236e-9
21.08 3.5600000000000005 9.53381240177611e-8
21.08 3.5999999999999996 5.03109612035616e-7
21.08 3.64 9.147671672896248e-6
21.08 3.6799999999999997 1.520073126694606e-5
21.08 3.7199999999999998 -4.443865700374812e-6
21.08 3.76 7.943407511416021e-5
21.08 3.8 0.00012077090768669758
21.08 3.8400000000000003 0.00026714413977627424
21.08 3.8800000000000003 0.00036215102395786256
21.08 3.9200000000000004 0.00020223420228448094
21.08 3.96 0.00014813785955083468
21.08 4.0 0.00011483226678799327
21.08 4.04 4.6049978331205374e-5
21.08 4.08 2.2485969725720793e-5
21.08 4.12 1.9769914318297723e-5
21.08 4.16 6.9134281578891094e-6
21.08 4.2 1.0121014085922525e-6
21.08 4.24 6.454275510301464e-7
21.08 4.28 1.258179523159861e-7
21.08 4.32 9.367634693866765e-8
21.08 4.36 8.16707161040415e-9
21.08 4.4 -6.190142116039186e-9
21.08 4.4399999999999995 1.0247391665700484e-9
21.08 4.48 -9.626398238192301e-10
21.08 4.52 -3.3830637723003424e-10
21.08 4.5600000000000005 3.909049361949053e-11
21.08 4.6 -2.841089829869629e-10
21.08 4.64 -9.917819059168934e-12
21.08 4.680000000000001 -2.8490808717561395e-11
21.08 4.72 -1.3358645617384866e-11
21.08 4.760000000000001 -1.1915040841130077e-12
21.08 4.8 8.992780712600893e-12
21.57 3.4800000000000004 4.3041699974236543e-17
21.57 3.5199999999999996 5.50620435024733e-11
21.57 3.5600000000000005 5.268734526075313e-10
21.57 3.5999999999999996 9.887300637847925e-9
21.57 3.64 8.742280131747876e-8
21.57 3.6799999999999997 5.2616206316190026e-8
21.57 3.7199999999999998 1.239201207123657e-8
21.57 3.76 1.0261327583845497e-8
21.57 3.8 3.261616773880574e-8
21.57 3.8400000000000003 7.690026976102603e-8
21.57 3.8800000000000003 1.724576290384384e-7
21.57 3.9200000000000004 1.3274809641653957e-7
21.57 3.96 9.541353201894579e-8
21.57 4.0 5.652722472638806e-8
21.57 4.04 -2.623043092259952e-9
21.57 4.08 -4.89913273080218e-9
21.57 4.12 2.363797588863246e-9
21.57 4.16 2.707576495714707e-9
21.57 4.2 -8.096364704947063e-10
21.57 4.24 3.6803793688631725e-10
21.57 4.28 9.710808848490678e-11
21.57 4.32 6.30792886257479e-12
21.57 4.36 1.7010428850285382e-11
21.57 4.4 -9.088360296902417e-12
21.57 4.4399999999999995 7.667199909645265e-12
21.57 4.48 -5.7753308001997426e-12
21.57 4.52 -3.12156069793349e-13
21.57 4.5600000000000005 -1.208571114548254e-13
21.57 4.6 1.9561381605173223e-12
21.57 4.64 -8.163173850954077e-15
21.57 4.680000000000001 9.899678227165966e-13
21.57 4.72 -1.7908143153977785e-14
21.57 4.760000000000001 -6.252536723145575e-15
21.57 4.8 6.1942010209982445e-15
22.06 3.4800000000000004 1.8846301905339342e-19
22.06 3.5199999999999996 4.0698221429151526e-15
22.06 3.5600000000000005 2.842702068776099e-14
22.06 3.5999999999999996 7.154153115281175e-13
22.06 3.64 6.399915511808659e-12
22.06 3.6799999999999997 2.930483780934222e-12
22.06 3.7199999999999998 1.004700218449851e-12
22.06 3.76 3.833034187070883e-12
22.06 3.8 1.4048168096574385e-11
22.06 3.8400000000000003 1.1863371509857676e-11
22.06 3.8800000000000003 1.6821576724793507e-11
22.06 3.9200000000000004 7.200588026898196e-12
22.06 3.96 3.424233778708338e-12
22.06 4.0 3.6142706315197763e-12
22.06 4.04 8.912462274660763e-13
22.06 4.08 8.399318833707419e-13
22.06 4.12 6.030423563316242e-13
22.06 4.16 1.678465229524984e-13
22.06 4.2 -5.429399447071355e-15
22.06 4.24 3.263113146329101e-14
22.06 4.28 -2.6871544374741107e-15
22.06 4.32 9.300624975996453e-16
22.06 4.36 -9.301230441131106e-16
22.06 4.4 1.21876835891652e-15
22.06 4.4399999999999995 -1.0420936401740401e-16
22.06 4.48 1.997701529281009e-17
22.06 4.52 1.1348138386999944e-16
22.06 4.5600000000000005 -1.2591707472733346e-17
22.06 4.6 -1.4425251521351254e-16
22.06 4.64 -1.0768758006582294e-18
22.06 4.680000000000001 -6.593673043734481e-17
22.06 4.72 2.008162087718289e-18
22.06 4.760000000000001 -1.4340608778408265e-17
22.06 4.8 1.5816470689085188e-19
