8.83 8.34 2.5571560374941128e-31
8.83 8.83 2.6597420046613602e-33
8.83 9.32 -1.0205688366221545e-28
8.83 9.81 9.117358980845562e-28
8.83 10.3 7.644303129636682e-25
8.83 10.79 5.446171642688158e-23
8.83 11.28 -7.835583389232468e-19
8.83 13.73 1.5103422172655907e-24
8.83 14.220000000000002 9.049477900546509e-17
8.83 14.709999999999999 6.698442707029399e-12
8.83 15.2 7.959131861625443e-15
8.83 15.69 1.7694081111261366e-10
8.83 16.18 5.80851455477835e-9
8.83 16.67 4.417055574466654e-13
8.83 17.16 2.0777682527258695e-10
8.83 17.65 4.496788043672583e-11
8.83 18.14 5.480357799235054e-15
8.83 18.63 3.4971761189578045e-17
8.83 19.12 2.4340113188710573e-17
8.83 19.61 4.453592419232947e-19
8.83 20.1 6.392238194851037e-18
8.83 20.59 3.001807645284216e-21
8.83 21.08 4.4398556668693606e-27
8.83 21.57 -2.4549369952451655e-30
8.83 22.06 2.2291689652814018e-26
9.32 8.34 4.258132461702702e-25
9.32 8.83 -3.1544833159466097e-22
9.32 9.32 -3.2790895039636888e-21
9.32 9.81 -1.3331852274501956e-21
9.32 10.3 -9.757629672653194e-22
9.32 10.79 1.8208059242245156e-18
9.32 11.28 7.615847604440073e-23
9.32 13.73 1.6063938119186563e-13
9.32 14.220000000000002 2.059844239063867e-9
9.32 14.709999999999999 1.6672053648652e-7
9.32 15.2 0.0003679362332177097
9.32 15.69 4.064315548688414e-5
9.32 16.18 0.003897758299690067
9.32 16.67 1.8439720700590762e-11
9.32 17.16 8.828732916451116e-14
9.32 17.65 -1.968807711656037e-17
9.32 18.14 2.728763025724007e-20
9.32 18.63 -1.90768887638323e-21
9.32 19.12 -1.3709106638417572e-19
9.32 19.61 2.6331663406827343e-22
9.32 20.1 5.799702430509984e-22
9.32 20.59 6.3073164636795164e-24
9.32 21.08 2.209432691839101e-22
9.32 21.57 3.332047107201117e-19
9.32 22.06 1.1524097299798631e-23
9.81 8.34 2.9197102376517146e-19
9.81 8.83 2.1919696880940746e-21
9.81 9.32 -4.6257824392692525e-18
9.81 9.81 -7.147862301870315e-19
9.81 10.3 -1.5361948757445745e-18
9.81 10.79 -9.451068410249049e-21
9.81 11.28 -4.266931867596582e-19
9.81 13.73 1.1095140887620932e-7
9.81 14.220000000000002 0.0001510784650323314
9.81 14.709999999999999 0.03252891885719853
9.81 15.2 0.19004886883596145
9.81 15.69 0.5329845778901087
9.81 16.18 0.11826684922829546
9.81 16.67 0.008985444111837868
9.81 17.16 3.082059516452578e-8
9.81 17.65 -4.820717625903124e-16
9.81 18.14 -3.63817088309643e-19
9.81 18.63 -7.900422171810558e-20
9.81 19.12 5.67930997614075e-21
9.81 19.61 3.4879533318234686e-20
9.81 20.1 1.3031799700704301e-18
9.81 20.59 -2.6643661995174636e-18
9.81 21.08 2.522539809720306e-18
9.81 21.57 2.821516417513578e-20
9.81 22.06 -1.600306709233395e-20
10.3 8.34 8.723309053987381e-26
10.3 8.83 2.438040268734971e-24
10.3 9.32 1.540711208450595e-20
10.3 9.81 -3.2174683218964167e-21
10.3 10.3 -2.5699178484673587e-19
10.3 10.79 -1.0488935963232497e-20
10.3 11.28 2.37462938727474e-17
10.3 13.73 3.243570940982369e-14
10.3 14.220000000000002 4.1122621072334705e-5
10.3 14.709999999999999 2.2232932351065052e-5
10.3 15.2 0.027652821275811982
10.3 15.69 0.0071574625600102654
10.3 16.18 4.137919414118604e-7
10.3 16.67 5.422403144764084e-8
10.3 17.16 1.4010720618203917e-8
10.3 17.65 1.2950673690374634e-14
10.3 18.14 -3.040944594296666e-20
10.3 18.63 -7.913713475320582e-19
10.3 19.12 3.02787640897127e-21
10.3 19.61 3.946301562442631e-22
10.3 20.1 1.583273606071067e-23
10.3 20.59 2.9122664388675685e-24
10.3 21.08 -5.124623264038484e-22
10.3 21.57 3.666427026048594e-23
10.3 22.06 -1.5487639208786523e-21
10.79 8.34 -1.2245678787021195e-31
10.79 8.83 1.2312434822590207e-28
10.79 9.32 6.177473714861263e-26
10.79 9.81 -3.956727106685113e-27
10.79 10.3 1.7745692022185142e-25
10.79 10.79 -1.0948476217897028e-18
10.79 11.28 -3.213853582344163e-24
10.79 13.73 1.9624055287331392e-19
10.79 14.220000000000002 2.9505948944540624e-12
10.79 14.709999999999999 3.604763071920884e-13
10.79 15.2 4.2807990835652506e-9
10.79 15.69 5.100967364924162e-10
10.79 16.18 4.684237491792288e-13
10.79 16.67 3.507185887924133e-15
10.79 17.16 3.5207577762951624e-14
10.79 17.65 1.632188243973941e-18
10.79 18.14 2.2598510892460163e-22
10.79 18.63 1.3058130062741431e-24
10.79 19.12 1.267900741712006e-25
10.79 19.61 -3.818276653339478e-26
10.79 20.1 -8.910198969127964e-26
10.79 20.59 -2.4242225146931665e-26
10.79 21.08 1.5210378223862215e-27
10.79 21.57 -2.914266420147817e-25
10.79 22.06 -6.532982365523998e-30
12.75 8.34 -1.0280110369015577e-37
12.75 8.83 3.44362410810834e-36
12.75 9.32 -1.3542141459511396e-31
12.75 9.81 -1.914783368241215e-32
12.75 10.3 1.005129328483064e-27
12.75 10.79 -9.693490153161754e-21
12.75 11.28 -2.845446079164881e-26
12.75 13.73 9.487441191713976e-43
12.75 14.220000000000002 -8.686901415271015e-45
12.75 14.709999999999999 4.269134966472819e-40
12.75 15.2 1.541583755318053e-41
12.75 15.69 3.904522236082805e-39
12.75 16.18 -4.04797853824751e-40
12.75 16.67 2.1953645852416975e-41
12.75 17.16 -1.8072240934142447e-42
12.75 17.65 4.3956161954318974e-36
12.75 18.14 5.3505158204429454e-33
12.75 18.63 1.8190740157794842e-27
12.75 19.12 3.840743821847681e-26
12.75 19.61 6.600542399589184e-26
12.75 20.1 4.676676195136048e-19
12.75 20.59 1.912691021103463e-24
12.75 21.08 5.852082104374858e-20
12.75 21.57 4.432080292743869e-19
12.75 22.06 9.658006601744473e-25
13.24 8.34 1.4586123643280565e-33
13.24 8.83 2.0502129529226477e-35
13.24 9.32 1.1980211902930623e-36
13.24 9.81 1.4109847523290654e-32
13.24 10.3 2.6964471587766725e-32
13.24 10.79 -1.7820629284549753e-24
13.24 11.28 -5.2216320433646014e-30
13.24 13.73 5.60778958743915e-39
13.24 14.220000000000002 -7.31003132957949e-38
13.24 14.709999999999999 -1.628190743667497e-31
13.24 15.2 6.224108079348017e-35
13.24 15.69 5.1893852666192e-35
13.24 16.18 8.713632962620223e-34
13.24 16.67 -3.1905166740530594e-33
13.24 17.16 1.176720901353109e-30
13.24 17.65 4.6234254491234515e-28
13.24 18.14 1.1515423415834346e-21
13.24 18.63 1.486676143016469e-16
13.24 19.12 2.975569295958681e-14
13.24 19.61 1.8048124279307138e-18
13.24 20.1 4.054409230864876e-15
13.24 20.59 1.1507168389395264e-13
13.24 21.08 6.151588814600217e-13
13.24 21.57 5.364875761262116e-17
13.24 22.06 1.2607377899789936e-18
13.73 8.34 -1.622016389598683e-23
13.73 8.83 3.326120137677311e-26
13.73 9.32 -6.430589814343664e-26
13.73 9.81 -2.9614641359071806e-26
13.73 10.3 -9.149098101012689e-24
13.73 10.79 1.086608765627203e-20
13.73 11.28 -2.85909189908586e-23
13.73 13.73 2.5514688885804342e-27
13.73 14.220000000000002 4.003638872045711e-28
13.73 14.709999999999999 6.736512336106065e-26
13.73 15.2 4.727215632230604e-26
13.73 15.69 -1.723199865802986e-24
13.73 16.18 -1.3757171340205017e-25
13.73 16.67 4.949491269760189e-23
13.73 17.16 -1.3043152842736486e-23
13.73 17.65 1.8735227715415775e-24
13.73 18.14 2.56000362069363e-15
13.73 18.63 1.5353874194674115e-10
13.73 19.12 6.910588973731825e-11
13.73 19.61 2.113277050523923e-5
13.73 20.1 1.1931520404130165e-5
13.73 20.59 4.3195041454110894e-8
13.73 21.08 1.418180691604178e-10
13.73 21.57 9.400801081042284e-13
13.73 22.06 2.6561001714193e-16
14.220000000000002 8.34 1.2637344478991979e-21
14.220000000000002 8.83 -1.070863526409089e-22
14.220000000000002 9.32 -1.16311417136945e-21
14.220000000000002 9.81 -3.0170285414335216e-23
14.220000000000002 10.3 -3.26353327202296e-21
14.220000000000002 10.79 1.9487088046436654e-21
14.220000000000002 11.28 -6.329735920794954e-20
14.220000000000002 13.73 -4.436054629712304e-22
14.220000000000002 14.220000000000002 -1.4851101578333146e-23
14.220000000000002 14.709999999999999 2.153228042502359e-20
14.220000000000002 15.2 7.342698897829928e-20
14.220000000000002 15.69 -2.623291129831758e-20
14.220000000000002 16.18 2.168456902745333e-20
14.220000000000002 16.67 -4.5678762537895596e-21
14.220000000000002 17.16 -1.4943428982408825e-21
14.220000000000002 17.65 5.458992023286856e-20
14.220000000000002 18.14 3.800450886597255e-12
14.220000000000002 18.63 4.0530537152765637e-8
14.220000000000002 19.12 0.0006452066764356773
14.220000000000002 19.61 0.008432611459481008
14.220000000000002 20.1 0.0021301527971622687
14.220000000000002 20.59 9.00720781410393e-5
14.220000000000002 21.08 1.2713906041129463e-7
14.220000000000002 21.57 9.621735963134696e-11
14.220000000000002 22.06 1.1133882005604322e-13
14.709999999999999 8.34 7.940613111404609e-22
14.709999999999999 8.83 1.2136888109507829e-20
14.709999999999999 9.32 1.9345442196716544e-20
14.709999999999999 9.81 6.920229919958019e-22
14.709999999999999 10.3 -1.729399255829786e-20
14.709999999999999 10.79 -1.539518566738011e-17
14.709999999999999 11.28 -2.897953249282124e-20
14.709999999999999 13.73 -1.1200700433181957e-20
14.709999999999999 14.220000000000002 3.584826125705013e-21
14.709999999999999 14.709999999999999 3.647247286687487e-19
14.709999999999999 15.2 4.372997847641424e-21
14.709999999999999 15.69 -8.693747993276893e-20
14.709999999999999 16.18 -2.6318572889031918e-20
14.709999999999999 16.67 1.8470868816599824e-21
14.709999999999999 17.16 1.9758376549299825e-19
14.709999999999999 17.65 1.2208702178046752e-18
14.709999999999999 18.14 1.0782439182569972e-12
14.709999999999999 18.63 7.0957887085107965e-6
14.709999999999999 19.12 0.02860299885279183
14.709999999999999 19.61 0.05663644544162226
14.709999999999999 20.1 0.07953725273788717
14.709999999999999 20.59 0.0027123346243515863
14.709999999999999 21.08 1.7270802435528515e-5
14.709999999999999 21.57 1.2516374887294133e-8
14.709999999999999 22.06 4.046906676821901e-13
15.2 8.34 6.495358559014761e-20
15.2 8.83 -6.685845857724668e-21
15.2 9.32 1.5659935016545938e-18
15.2 9.81 4.1585895506963266e-21
15.2 10.3 -2.4992558202061292e-20
15.2 10.79 -4.213771466252457e-21
15.2 11.28 2.5666104584326588e-20
15.2 13.73 -1.2010186195842196e-21
15.2 14.220000000000002 1.1801743656484796e-19
15.2 14.709999999999999 5.8910522334686455e-21
15.2 15.2 -1.2515057462338535e-19
15.2 15.69 -1.0050303481636579e-18
15.2 16.18 -6.092775983151719e-19
15.2 16.67 -2.5804334226510753e-21
15.2 17.16 3.7770914003058335e-19
15.2 17.65 3.889956700817806e-14
15.2 18.14 3.105905000834563e-8
15.2 18.63 0.00013395848169835175
15.2 19.12 0.054970541415355734
15.2 19.61 0.6392299918391057
15.2 20.1 0.1404397856718519
15.2 20.59 0.010524935908750635
15.2 21.08 5.468498296610336e-5
15.2 21.57 2.394339631260806e-10
15.2 22.06 1.9804293772961778e-17
15.69 8.34 -5.361256032888188e-20
15.69 8.83 -1.5103499625472685e-18
15.69 9.32 -4.309022950811375e-19
15.69 9.81 3.787011853662857e-21
15.69 10.3 -1.8620115384588325e-19
15.69 10.79 4.003928953910413e-19
15.69 11.28 -5.576509877190438e-20
15.69 13.73 -3.014752872665502e-21
15.69 14.220000000000002 -2.3281501748664085e-19
15.69 14.709999999999999 -7.920250396885346e-20
15.69 15.2 1.4346611775721712e-20
15.69 15.69 5.274290964601278e-19
15.69 16.18 -3.5971390522382584e-20
15.69 16.67 -4.319338468602856e-20
15.69 17.16 3.098433791180272e-20
15.69 17.65 9.691565336990044e-15
15.69 18.14 2.4930484562782684e-8
15.69 18.63 3.615186102556396e-5
15.69 19.12 0.02766420231342937
15.69 19.61 0.5106602502054599
15.69 20.1 0.29306379188361864
15.69 20.59 0.003661100595741645
15.69 21.08 8.584740844401523e-8
15.69 21.57 1.5167998192839807e-12
15.69 22.06 1.754978565385338e-17
16.18 8.34 -3.675307715858353e-22
16.18 8.83 -1.9537815019314536e-19
16.18 9.32 -6.197680009352581e-20
16.18 9.81 -3.1108214310484e-22
16.18 10.3 1.6509617672285873e-19
16.18 10.79 -6.706249563069752e-22
16.18 11.28 -2.2683887697685837e-21
16.18 13.73 -7.860725975885045e-22
16.18 14.220000000000002 4.402634896494953e-19
16.18 14.709999999999999 2.01298436573493e-21
16.18 15.2 -4.8555761839526064e-21
16.18 15.69 -7.0484047728727365e-19
16.18 16.18 2.96814951765483e-19
16.18 16.67 5.473891462661658e-22
16.18 17.16 3.2746064650899287e-21
16.18 17.65 1.8132272029703288e-14
16.18 18.14 4.881621664810702e-11
16.18 18.63 1.2187356188269984e-5
16.18 19.12 0.008610046255182444
16.18 19.61 0.09610825681442377
16.18 20.1 0.03124175367545456
16.18 20.59 7.531206018272033e-5
16.18 21.08 2.5956591280969844e-10
16.18 21.57 5.28173749724441e-17
16.18 22.06 -2.3975992724696543e-21
16.67 8.34 -1.2340338739823478e-26
16.67 8.83 -1.4042303969871158e-24
16.67 9.32 -1.6341946553854624e-25
16.67 9.81 -2.6477910297500544e-28
16.67 10.3 3.3561624809488886e-27
16.67 10.79 -5.641448106374413e-20
16.67 11.28 -1.7923466657791678e-25
16.67 13.73 -1.2366939779329612e-28
16.67 14.220000000000002 1.6602119119757928e-22
16.67 14.709999999999999 7.749814313093285e-24
16.67 15.2 -3.2539237670608428e-24
16.67 15.69 -3.669792152599511e-25
16.67 16.18 2.983702379140356e-27
16.67 16.67 2.849698892222323e-27
16.67 17.16 2.485621894179676e-22
16.67 17.65 1.9927092498224608e-18
16.67 18.14 2.673808724520202e-10
16.67 18.63 1.8462457283142654e-6
16.67 19.12 2.788084460738597e-5
16.67 19.61 0.0003789047950628118
16.67 20.1 4.152042265771137e-9
16.67 20.59 5.877969724318442e-12
16.67 21.08 7.675365933291363e-17
16.67 21.57 1.7876858387220197e-19
16.67 22.06 3.892698489559102e-26
17.16 8.34 -9.079007867919353e-31
17.16 8.83 -2.504692380168663e-27
17.16 9.32 2.043179610187639e-24
17.16 9.81 2.4875091838935254e-22
17.16 10.3 2.1634665498049144e-25
17.16 10.79 -8.030576993852456e-18
17.16 11.28 -2.3573115471004384e-23
17.16 13.73 -1.2720929634816757e-32
17.16 14.220000000000002 -1.6997297535387375e-28
17.16 14.709999999999999 1.114485501768438e-27
17.16 15.2 -2.289424158098694e-26
17.16 15.69 -1.4939638491898192e-26
17.16 16.18 -2.497279243687638e-29
17.16 16.67 -3.3305880458020757e-31
17.16 17.16 2.052474310157783e-25
17.16 17.65 4.755063084724551e-17
17.16 18.14 1.1684683310463695e-11
17.16 18.63 1.9505735109327457e-8
17.16 19.12 3.573334023575189e-9
17.16 19.61 2.192110373038481e-12
17.16 20.1 -8.997374754070794e-21
17.16 20.59 4.0976353057267087e-20
17.16 21.08 5.353259326534775e-25
17.16 21.57 1.2904178378144685e-27
17.16 22.06 -4.52806343142186e-30
17.65 8.34 2.3837952524713918e-31
17.65 8.83 -9.717577819073703e-26
17.65 9.32 2.2416681706224934e-17
17.65 9.81 1.8166947982914952e-14
17.65 10.3 -1.5815976916619487e-18
17.65 10.79 1.2998263207913337e-19
17.65 11.28 -4.403559774395173e-24
17.65 13.73 -7.714592574549044e-36
17.65 14.220000000000002 3.520501592301097e-30
17.65 14.709999999999999 -3.6383768626872954e-32
17.65 15.2 -1.544176610123549e-32
17.65 15.69 -8.869320748319496e-30
17.65 16.18 -2.0019187286060903e-32
17.65 16.67 -3.229828692962478e-35
17.65 17.16 1.3895504840982706e-31
17.65 17.65 3.2145653317335185e-23
17.65 18.14 7.898997366640101e-18
17.65 18.63 1.3425312062558403e-14
17.65 19.12 1.683763898439688e-15
17.65 19.61 1.4507447448731506e-12
17.65 20.1 2.6056312188413214e-13
17.65 20.59 3.2309465617214794e-18
17.65 21.08 2.0210260091750044e-29
17.65 21.57 -5.51212977323808e-32
17.65 22.06 3.133607026245604e-31
18.14 8.34 6.255146699230154e-24
18.14 8.83 -3.0488355758383656e-18
18.14 9.32 6.941392658123893e-10
18.14 9.81 5.650146594545447e-10
18.14 10.3 -4.9345004922439205e-11
18.14 10.79 1.4336586934700212e-13
18.14 11.28 -8.295309891944171e-18
18.14 13.73 -1.9327860266246715e-29
18.14 14.220000000000002 8.268326631869047e-29
18.14 14.709999999999999 8.059590632044582e-29
18.14 15.2 -2.283278713626891e-28
18.14 15.69 1.0714497781008026e-26
18.14 16.18 -9.165179932673221e-28
18.14 16.67 -5.470533476887206e-29
18.14 17.16 1.275266019190495e-27
18.14 17.65 3.334692663487819e-27
18.14 18.14 7.028398902642455e-24
18.14 18.63 7.734463620566803e-15
18.14 19.12 1.992910799224462e-14
18.14 19.61 4.724010447473886e-11
18.14 20.1 8.4369665815568e-12
18.14 20.59 1.0461671806355157e-16
18.14 21.08 9.7725246420823e-28
18.14 21.57 -1.42815400938677e-25
18.14 22.06 -2.381664839646249e-28
18.63 8.34 -1.2159420988220787e-20
18.63 8.83 1.8587756645503557e-14
18.63 9.32 1.124860152134944e-5
18.63 9.81 9.275045685905797e-5
18.63 10.3 2.2214604940108823e-7
18.63 10.79 2.365982561919902e-10
18.63 11.28 -7.82025849010543e-16
18.63 13.73 -1.7929135875799934e-22
18.63 14.220000000000002 -8.171875765335764e-23
18.63 14.709999999999999 -9.50297148730316e-26
18.63 15.2 -1.3510916443137372e-22
18.63 15.69 4.600322864094701e-23
18.63 16.18 -5.894908435123118e-22
18.63 16.67 -5.9914581538735145e-22
18.63 17.16 5.582989817925551e-22
18.63 17.65 -4.641997073422845e-23
18.63 18.14 4.39283389794303e-20
18.63 18.63 2.5931028003796602e-18
18.63 19.12 3.0408030577221654e-13
18.63 19.61 1.851241323687289e-12
18.63 20.1 2.794054908095176e-16
18.63 20.59 -2.269271193847503e-22
18.63 21.08 4.0411820273498403e-22
18.63 21.57 -2.1836990003988815e-21
18.63 22.06 -4.312484467592083e-25
19.12 8.34 -5.702707560309402e-21
19.12 8.83 5.51733411940516e-11
19.12 9.32 0.0008172838883875903
19.12 9.81 0.07649039028873032
19.12 10.3 0.0005871887761962968
19.12 10.79 3.572759900861365e-7
19.12 11.28 1.4355951406037558e-14
19.12 13.73 -2.7025064493173663e-19
19.12 14.220000000000002 -9.837363911321652e-20
19.12 14.709999999999999 -2.2824563070155297e-22
19.12 15.2 -3.7838904683798533e-19
19.12 15.69 -1.7234969783088908e-20
19.12 16.18 -4.599636093669953e-19
19.12 16.67 -5.244738009820271e-19
19.12 17.16 6.627599930436316e-19
19.12 17.65 2.814613918146957e-23
19.12 18.14 -5.077923584720579e-19
19.12 18.63 1.188411137513247e-22
19.12 19.12 -9.205586518672995e-21
19.12 19.61 -2.088239555992493e-21
19.12 20.1 -1.207281221973172e-18
19.12 20.59 -1.6370450694833003e-20
19.12 21.08 4.0874742387321036e-20
19.12 21.57 -2.8217390778645918e-21
19.12 22.06 5.30321416477729e-24
19.61 8.34 1.7423839346890344e-15
19.61 8.83 1.6824987080841173e-10
19.61 9.32 0.005469570283687537
19.61 9.81 0.7848341024840636
19.61 10.3 0.00016895388651582858
19.61 10.79 4.4018214628504074e-7
19.61 11.28 2.4018488139535757e-12
19.61 13.73 -1.289445562171868e-18
19.61 14.220000000000002 -9.043218712441094e-19
19.61 14.709999999999999 9.026589998975205e-22
19.61 15.2 -1.8176064984325238e-17
19.61 15.69 -1.5472191115954424e-20
19.61 16.18 -9.545813546596163e-19
19.61 16.67 2.390425960375725e-19
19.61 17.16 3.1470737546439796e-18
19.61 17.65 -1.251040954270653e-20
19.61 18.14 1.1874133483915578e-17
19.61 18.63 5.802310394624435e-20
19.61 19.12 1.0768293644650121e-19
19.61 19.61 -4.6114257858224696e-21
19.61 20.1 -1.1017560371525026e-18
19.61 20.59 -6.427380306116232e-20
19.61 21.08 -2.5061545070489855e-20
19.61 21.57 -1.7537120630717775e-20
19.61 22.06 -1.0748765585927297e-21
20.1 8.34 2.2966103359873316e-17
20.1 8.83 3.0206012432564713e-10
20.1 9.32 0.0014727619994254983
20.1 9.81 0.333368361042829
20.1 10.3 0.03403299636194914
20.1 10.79 3.6750452458077615e-10
20.1 11.28 1.048983777791398e-11
20.1 13.73 -7.001737844558959e-20
20.1 14.220000000000002 -1.3925613365845302e-18
20.1 14.709999999999999 9.182773292796772e-23
20.1 15.2 -6.458802075790932e-18
20.1 15.69 1.4354706502766896e-20
20.1 16.18 9.890435591129104e-18
20.1 16.67 2.402615618802828e-20
20.1 17.16 9.735822687156704e-18
20.1 17.65 -2.12536241022187e-20
20.1 18.14 6.565251306866755e-18
20.1 18.63 3.238873053920436e-21
20.1 19.12 5.144148062520509e-20
20.1 19.61 -4.518040565721286e-23
20.1 20.1 -4.9758520873924244e-20
20.1 20.59 2.1904840028816244e-19
20.1 21.08 5.666668972431729e-20
20.1 21.57 7.719676427779035e-21
20.1 22.06 -6.704068852779536e-23
20.59 8.34 9.312194502363622e-18
20.59 8.83 1.0999114001497557e-11
20.59 9.32 3.457503778988796e-5
20.59 9.81 0.009248667095933813
20.59 10.3 0.0004004877889382561
20.59 10.79 2.8088416505062305e-10
20.59 11.28 2.4067066977031216e-15
20.59 13.73 -5.103772940770556e-22
20.59 14.220000000000002 -4.775063425601682e-20
20.59 14.709999999999999 4.812966197489021e-23
20.59 15.2 -1.4644955923397233e-20
20.59 15.69 1.2090102508608601e-20
20.59 16.18 1.846012219097328e-19
20.59 16.67 7.799341331581216e-22
20.59 17.16 5.143191988466692e-19
20.59 17.65 -3.0610031195988624e-21
20.59 18.14 7.246855474252919e-20
20.59 18.63 4.9295617794229046e-21
20.59 19.12 3.2326903899297716e-21
20.59 19.61 1.1119565414990304e-23
20.59 20.1 -2.844365106343683e-22
20.59 20.59 5.4758759649590445e-21
20.59 21.08 -1.3658603531471116e-22
20.59 21.57 6.568370451681665e-23
20.59 22.06 -3.867286171241291e-22
21.08 8.34 -1.8395184791769408e-17
21.08 8.83 -1.3556094273758495e-12
21.08 9.32 1.0950772882763846e-9
21.08 9.81 1.3612816763392689e-5
21.08 10.3 7.383779129067271e-8
21.08 10.79 -3.6659011127161253e-13
21.08 11.28 7.112681962763456e-15
21.08 13.73 -9.351525967574074e-26
21.08 14.220000000000002 -7.74921398885988e-23
21.08 14.709999999999999 -2.408510130094391e-22
21.08 15.2 2.903168672627609e-23
21.08 15.69 -9.03097108995128e-25
21.08 16.18 2.5179667495907905e-22
21.08 16.67 2.7679203243279e-27
21.08 17.16 2.0901696775385095e-22
21.08 17.65 1.9021916320274494e-23
21.08 18.14 -4.140850965375955e-23
21.08 18.63 -7.31187712504483e-24
21.08 19.12 -1.8324132642399414e-23
21.08 19.61 1.9022037850918976e-27
21.08 20.1 1.7760442033749962e-25
21.08 20.59 -3.654416677189935e-23
21.08 21.08 4.892918144547346e-25
21.08 21.57 4.438698766512113e-26
21.08 22.06 9.092605619379445e-25
21.57 8.34 -1.4009697150945936e-21
21.57 8.83 -1.0373055334609981e-16
21.57 9.32 8.943236525847595e-11
21.57 9.81 8.613720375205206e-10
21.57 10.3 3.022942570128457e-9
21.57 10.79 -3.724588344252176e-16
21.57 11.28 4.1669538115226855e-17
21.57 13.73 1.1036363290824043e-29
21.57 14.220000000000002 -4.87726949136118e-27
21.57 14.709999999999999 -1.8306653168525126e-26
21.57 15.2 2.514904391617007e-27
21.57 15.69 1.700139498073811e-26
21.57 16.18 -1.2970837558037568e-26
21.57 16.67 5.7106120388832165e-30
21.57 17.16 2.4932383323327116e-27
21.57 17.65 -1.0127958612819106e-25
21.57 18.14 -3.695508608146066e-27
21.57 18.63 1.0928048509414882e-29
21.57 19.12 -9.561655884565135e-27
21.57 19.61 1.3961486387236236e-28
21.57 20.1 1.0980379349106795e-27
21.57 20.59 -3.8503472303954633e-26
21.57 21.08 2.705094653370209e-27
21.57 21.57 7.988379297107789e-28
21.57 22.06 5.3665405981294874e-27
22.06 8.34 -2.415349433843945e-27
22.06 8.83 -1.7780858531918174e-22
22.06 9.32 1.4846097255586357e-17
22.06 9.81 1.5450447602381966e-15
22.06 10.3 5.079586306584807e-16
22.06 10.79 -1.798767058415442e-22
22.06 11.28 8.181266861895044e-24
22.06 13.73 -9.818797130170817e-36
22.06 14.220000000000002 -9.300376573621951e-33
22.06 14.709999999999999 -3.161936381546162e-32
22.06 15.2 4.360827443740625e-33
22.06 15.69 2.4694782243382372e-33
22.06 16.18 1.9161246604101606e-32
22.06 16.67 6.728096083744939e-37
22.06 17.16 4.209095197245584e-34
22.06 17.65 -1.4835762210386825e-32
22.06 18.14 -5.68732029667143e-33
22.06 18.63 -1.2179292998547595e-33
22.06 19.12 -3.982201257434142e-33
22.06 19.61 2.3284807185133693e-35
22.06 20.1 2.2083615213567628e-34
22.06 20.59 -1.1323687421042178e-32
22.06 21.08 5.323463962998782e-34
22.06 21.57 1.3740969553310675e-34
22.06 22.06 1.0527268134470293e-33
