6.96 6.96 -4.26123465615472e-46
6.96 7.08 1.6759494342092657e-46
6.96 7.200000000000001 4.776857729697842e-47
6.96 7.32 -2.668661918852732e-47
6.96 7.44 -1.5200500495732547e-46
6.96 7.799999999999999 1.5040130212414858e-16
6.96 7.92 1.3827277991852057e-14
6.96 8.04 1.1563081164240888e-24
6.96 9.36 4.640874753991421e-23
6.96 9.48 6.765434476022739e-21
6.96 9.6 4.489956344821714e-19
6.96 9.719999999999999 1.5432854838357993e-17
6.96 9.84 2.482499971984193e-16
6.96 9.96 1.6283526616803513e-15
6.96 10.08 3.651103357275689e-15
6.96 10.2 2.3169804682971325e-15
6.96 10.32 3.6963408877772314e-16
6.96 10.44 1.390244279587402e-17
6.96 10.56 1.1835707058408812e-19
7.08 6.96 1.9863857152601917e-19
7.08 7.08 -1.206332397686115e-19
7.08 7.200000000000001 1.1027090252526243e-35
7.08 7.32 3.7775052669894686e-35
7.08 7.44 -3.0811081039163575e-35
7.08 7.799999999999999 4.0274823990223213e-8
7.08 7.92 0.002273379158560153
7.08 8.04 1.915101632892529e-12
7.08 9.36 1.39024245057885e-10
7.08 9.48 1.4875787984679595e-8
7.08 9.6 6.840735192316792e-7
7.08 9.719999999999999 1.3305680829823266e-5
7.08 9.84 0.00010975144779471586
7.08 9.96 0.0003763018643614549
7.08 10.08 0.00047295804261594034
7.08 10.2 0.00019028457803833376
7.08 10.32 2.2367884594341077e-5
7.08 10.44 7.204385516016157e-7
7.08 10.56 6.07205731609075e-9
7.200000000000001 6.96 -7.930836937296295e-17
7.200000000000001 7.08 2.2733806341533753e-32
7.200000000000001 7.200000000000001 3.1869866034006064e-32
7.200000000000001 7.32 -8.957624255298346e-33
7.200000000000001 7.44 -8.298326809795279e-32
7.200000000000001 7.799999999999999 8.008475708551553e-7
7.200000000000001 7.92 14.336086008576457
7.200000000000001 8.04 1.4570522651767478e-5
7.200000000000001 9.36 8.181394188499633e-6
7.200000000000001 9.48 0.0007954430791257896
7.200000000000001 9.6 0.02857823962810495
7.200000000000001 9.719999999999999 0.3993274312287716
7.200000000000001 9.84 2.1873456845044887
7.200000000000001 9.96 4.8065660114276145
7.200000000000001 10.08 4.225097164839391
7.200000000000001 10.2 1.3522665294705911
7.200000000000001 10.32 0.13790215158162453
7.200000000000001 10.44 0.004029590559004457
7.200000000000001 10.56 3.162048891458479e-5
7.32 6.96 1.64103054755711e-19
7.32 7.08 -2.4666568721520394e-20
7.32 7.200000000000001 -2.8028754430242924e-20
7.32 7.32 -2.0271081411438494e-33
7.32 7.44 -5.350209171342796e-34
7.32 7.799999999999999 1.7414076195661137e-10
7.32 7.92 0.06332580738846787
7.32 8.04 0.000257501012536598
7.32 9.36 2.282549827492325e-10
7.32 9.48 2.3211206657301234e-8
7.32 9.6 8.327424991833077e-7
7.32 9.719999999999999 1.0341341944109897e-5
7.32 9.84 4.964184399962556e-5
7.32 9.96 0.00011963024891216477
7.32 10.08 0.00015437388765013029
7.32 10.2 7.432433549380135e-5
7.32 10.32 9.758912095305417e-6
7.32 10.44 3.048093652753486e-7
7.32 10.56 2.133747175773859e-9
7.44 6.96 1.0790185391454257e-25
7.44 7.08 7.051707772189654e-26
7.44 7.200000000000001 2.1722484493814847e-25
7.44 7.32 -2.1520431299412806e-40
7.44 7.44 -5.6012362128572855e-40
7.44 7.799999999999999 4.0784605592969375e-15
7.44 7.92 2.2117432355517975e-7
7.44 8.04 1.0388881885187032e-8
7.44 9.36 7.351325593374772e-23
7.44 9.48 4.506612738866345e-21
7.44 9.6 3.5127101572531647e-19
7.44 9.719999999999999 3.4095315204226506e-17
7.44 9.84 9.6117109025582e-16
7.44 9.96 6.628057771842582e-15
7.44 10.08 1.1108540973229952e-14
7.44 10.2 4.504899179085413e-15
7.44 10.32 4.3707267310496366e-16
7.44 10.44 9.96059574794656e-18
7.44 10.56 5.2029000141564424e-20
7.799999999999999 6.96 1.5327936549700366e-14
7.799999999999999 7.08 1.8935577513300175e-6
7.799999999999999 7.200000000000001 1.9006137310109216e-5
7.799999999999999 7.32 1.2143573390042226e-11
7.799999999999999 7.44 5.933040666543778e-24
7.799999999999999 7.799999999999999 -1.5798572778760252e-34
7.799999999999999 7.92 -8.879737557857631e-37
7.799999999999999 8.04 1.0682281024099e-35
7.799999999999999 9.36 1.5364247351470564e-10
7.799999999999999 9.48 7.797915532576096e-9
7.799999999999999 9.6 1.5419778651165523e-7
7.799999999999999 9.719999999999999 1.3189825462272115e-6
7.799999999999999 9.84 4.693462419424143e-6
7.799999999999999 9.96 6.355361436978345e-6
7.799999999999999 10.08 3.017601141756357e-6
7.799999999999999 10.2 4.672891638552841e-7
7.799999999999999 10.32 2.219697825056331e-8
7.799999999999999 10.44 3.0615859396801324e-10
7.799999999999999 10.56 1.1714240280454498e-12
7.92 6.96 7.066617682263718e-14
7.92 7.08 0.0036502223616102004
7.92 7.200000000000001 14.165720757879095
7.92 7.32 0.0007950458244254847
7.92 7.44 1.852819580521962e-13
7.92 7.799999999999999 -7.662573586135155e-19
7.92 7.92 -1.5172106309152013e-30
7.92 8.04 -1.8915765617247157e-17
7.92 9.36 6.320840269156581e-5
7.92 9.48 0.0038195698586839934
7.92 9.6 0.07769346096149339
7.92 9.719999999999999 0.6292292839031379
7.92 9.84 2.493471783505479
7.92 9.96 4.99375950545047
7.92 10.08 4.487629130344177
7.92 10.2 1.6220994706678842
7.92 10.32 0.19901340897125105
7.92 10.44 0.00678606220450897
7.92 10.56 5.66153661301266e-5
8.04 6.96 5.267498351180795e-26
8.04 7.08 1.8528853138110234e-12
8.04 7.200000000000001 6.151620026902908e-6
8.04 7.32 -8.829626807303221e-7
8.04 7.44 2.843365866191443e-14
8.04 7.799999999999999 8.668982171531235e-36
8.04 7.92 4.580850608559212e-36
8.04 8.04 -1.4492229288180914e-34
8.04 9.36 7.208312108600567e-12
8.04 9.48 3.571478643879194e-10
8.04 9.6 7.486750011343739e-9
8.04 9.719999999999999 9.34308559334141e-8
8.04 9.84 7.158091232551882e-7
8.04 9.96 2.6279051848397066e-6
8.04 10.08 4.149495262432285e-6
8.04 10.2 2.6337405654033185e-6
8.04 10.32 5.419186889723026e-7
8.04 10.44 2.928483413627725e-8
8.04 10.56 3.718373636495683e-10
9.36 6.96 -7.299807326396244e-24
9.36 7.08 7.812494017508425e-24
9.36 7.200000000000001 -2.2236571966088397e-23
9.36 7.32 1.539299300789212e-22
9.36 7.44 -2.0388757750499794e-28
9.36 7.799999999999999 7.120988519049104e-12
9.36 7.92 9.697828720703123e-6
9.36 8.04 1.0083712619328746e-12
9.36 9.36 3.4407405860743476e-22
9.36 9.48 2.429863451792177e-22
9.36 9.6 -2.7809177504419676e-28
9.36 9.719999999999999 1.8191031166587872e-28
9.36 9.84 -3.249585399905393e-28
9.36 9.96 -7.710086864421893e-28
9.36 10.08 -8.590475163746866e-28
9.36 10.2 -3.696192707682857e-28
9.36 10.32 -1.5415216570447341e-28
9.36 10.44 -2.622405085417266e-30
9.36 10.56 1.7264713172598602e-33
9.48 6.96 -2.0074515643065917e-21
9.48 7.08 1.572797412229974e-21
9.48 7.200000000000001 -4.9739669339656004e-21
9.48 7.32 2.2992111045322387e-20
9.48 7.44 -6.402509639634648e-26
9.48 7.799999999999999 4.439224347749715e-10
9.48 7.92 0.000961967825635599
9.48 8.04 1.1886566083386475e-10
9.48 9.36 3.2183235351940203e-20
9.48 9.48 4.5127943836131625e-20
9.48 9.6 -8.222301475296189e-27
9.48 9.719999999999999 1.089731073389436e-27
9.48 9.84 -3.870732088548557e-27
9.48 9.96 -3.7478548479539256e-27
9.48 10.08 -1.339551320503802e-26
9.48 10.2 -1.0593581171518735e-26
9.48 10.32 3.194799465818791e-28
9.48 10.44 4.084732560409152e-30
9.48 10.56 1.4041962591475356e-30
9.6 6.96 -1.5518727086518022e-19
9.6 7.08 7.993544782035295e-20
9.6 7.200000000000001 -3.019126141882294e-19
9.6 7.32 1.0201336229161816e-18
9.6 7.44 -5.452194943062003e-24
9.6 7.799999999999999 8.35225489044182e-9
9.6 7.92 0.032599529988997886
9.6 8.04 6.084265893921124e-9
9.6 9.36 -1.5677846325488363e-26
9.6 9.48 -3.0429551761939834e-25
9.6 9.6 -4.300622979757051e-27
9.6 9.719999999999999 -7.701266135414034e-26
9.6 9.84 -1.8512406678557317e-25
9.6 9.96 -3.1879015511833104e-25
9.6 10.08 -6.121533754680194e-25
9.6 10.2 -9.019177375659671e-26
9.6 10.32 -3.1627289972176376e-26
9.6 10.44 8.817920911398617e-29
9.6 10.56 3.7146009780750136e-30
9.719999999999999 6.96 -3.516045257383489e-18
9.719999999999999 7.08 9.70640958246225e-19
9.719999999999999 7.200000000000001 -5.170948878453325e-18
9.719999999999999 7.32 7.111674032886056e-18
9.719999999999999 7.44 -1.3345015826075715e-22
9.719999999999999 7.799999999999999 5.3707739359820165e-8
9.719999999999999 7.92 0.4187625593412433
9.719999999999999 8.04 1.202983190114321e-7
9.719999999999999 9.36 8.97569907149706e-26
9.719999999999999 9.48 -2.7147088236827e-24
9.719999999999999 9.6 4.2631249372927246e-26
9.719999999999999 9.719999999999999 -7.809645146302488e-25
9.719999999999999 9.84 -8.39344298390122e-25
9.719999999999999 9.96 -1.2556559332092038e-24
9.719999999999999 10.08 -3.71214209424205e-24
9.719999999999999 10.2 -6.972814625990407e-25
9.719999999999999 10.32 -3.74370168648742e-25
9.719999999999999 10.44 -9.756774441109378e-27
9.719999999999999 10.56 -9.14415971466765e-30
9.84 6.96 -2.4192680427804088e-17
9.84 7.08 1.812439256376567e-18
9.84 7.200000000000001 -2.57799867875753e-17
9.84 7.32 -7.170055853115107e-17
9.84 7.44 -9.739021305273043e-22
9.84 7.799999999999999 1.5478911573022492e-7
9.84 7.92 2.1860149764447128
9.84 8.04 8.314783791173266e-7
9.84 9.36 3.722510272123123e-24
9.84 9.48 -6.713973136822679e-24
9.84 9.6 6.400917371617088e-25
9.84 9.719999999999999 -3.817353867136284e-24
9.84 9.84 -7.706287194362838e-24
9.84 9.96 -1.294868239485531e-23
9.84 10.08 -2.90547156669374e-23
9.84 10.2 -1.9288062683208057e-24
9.84 10.32 -7.793271249695578e-25
9.84 10.44 -4.900969165507473e-26
9.84 10.56 8.297890849916453e-28
9.96 6.96 -5.2242003047715244e-17
9.96 7.08 -3.828023545289251e-18
9.96 7.200000000000001 -3.8224518225418864e-17
9.96 7.32 -3.314715119988533e-16
9.96 7.44 -2.1837148844940947e-21
9.96 7.799999999999999 2.3292803295558728e-7
9.96 7.92 4.736616773913457
9.96 8.04 1.9917856305971357e-6
9.96 9.36 4.4518082414751204e-17
9.96 9.48 -4.9439494603768706e-24
9.96 9.6 2.870449807369978e-24
9.96 9.719999999999999 1.160393593263156e-24
9.96 9.84 1.0398009508628129e-23
9.96 9.96 2.8765151083629917e-23
9.96 10.08 -2.915118830960497e-23
9.96 10.2 -1.552841465476553e-24
9.96 10.32 -3.5918377963060586e-24
9.96 10.44 -4.346127272443296e-25
9.96 10.56 -7.018926077666137e-28
10.08 6.96 -3.6895322638036696e-17
10.08 7.08 -4.256875378870964e-18
10.08 7.200000000000001 -1.6998293429141286e-17
10.08 7.32 -6.892454733601884e-16
10.08 7.44 -1.538034974000198e-21
10.08 7.799999999999999 1.3897830621495127e-7
10.08 7.92 4.221146946466149
10.08 8.04 1.7836111007245511e-6
10.08 9.36 1.6065487136092086e-16
10.08 9.48 -1.9044490470700404e-16
10.08 9.6 2.0613181639356583e-24
10.08 9.719999999999999 2.019099712040231e-24
10.08 9.84 6.688542506176976e-24
10.08 9.96 1.4484862924304213e-23
10.08 10.08 -1.7246186811304e-23
10.08 10.2 -1.1580301395709452e-23
10.08 10.32 -3.377371940240811e-24
10.08 10.44 -3.7290869265901484e-25
10.08 10.56 -1.3311849877702284e-27
10.2 6.96 -9.016585215297692e-18
10.2 7.08 4.575129202121664e-19
10.2 7.200000000000001 -2.2371806780591122e-18
10.2 7.32 -3.248150279641867e-17
10.2 7.44 -3.459843030952314e-22
10.2 7.799999999999999 2.5523031463474035e-8
10.2 7.92 1.4471836177495399
10.2 8.04 6.678784699504567e-7
10.2 9.36 -1.9919007498121687e-17
10.2 9.48 1.2969301283302181e-17
10.2 9.6 7.27412597444938e-24
10.2 9.719999999999999 4.926765572566182e-25
10.2 9.84 1.97210540135901e-24
10.2 9.96 3.3074113823300684e-24
10.2 10.08 5.246132973706412e-25
10.2 10.2 -3.970386234212076e-25
10.2 10.32 -4.817130139092899e-25
10.2 10.44 -4.9579947753737755e-26
10.2 10.56 -3.148901110303641e-28
10.32 6.96 -7.767699332603871e-19
10.32 7.08 3.156334261050348e-19
10.32 7.200000000000001 -8.16540729324408e-20
10.32 7.32 -3.530298647646157e-18
10.32 7.44 -2.5082881424037206e-23
10.32 7.799999999999999 1.3006145155407553e-9
10.32 7.92 0.1645980373636401
10.32 8.04 9.810056855164776e-8
10.32 9.36 1.6487839570580743e-24
10.32 9.48 -4.708189682586988e-27
10.32 9.6 1.5325672137318565e-26
10.32 9.719999999999999 -1.3181803794491296e-27
10.32 9.84 -1.5763873245595532e-37
10.32 9.96 -3.5830038579347395e-37
10.32 10.08 -2.9082060446481232e-37
10.32 10.2 -1.4192748655656706e-37
10.32 10.32 -1.6915434523185174e-38
10.32 10.44 -5.762873404870662e-40
10.32 10.56 6.014368804511757e-42
10.44 6.96 -2.1537148870146047e-20
10.44 7.08 1.5278971266059994e-20
10.44 7.200000000000001 -6.095292019160413e-22
10.44 7.32 -5.854589066215869e-19
10.44 7.44 -5.89170150726803e-25
10.44 7.799999999999999 1.7454354064315885e-11
10.44 7.92 0.005280314024596334
10.44 8.04 4.425193346484844e-9
10.44 9.36 -4.54707070294205e-19
10.44 9.48 3.346209822888687e-19
10.44 9.6 -1.1631012024028438e-25
10.44 9.719999999999999 4.778677332241082e-25
10.44 9.84 -5.37357691670362e-26
10.44 9.96 -9.483345963842544e-26
10.44 10.08 -1.1583423986052314e-25
10.44 10.2 -3.5843607124215233e-26
10.44 10.32 3.794221468187251e-28
10.44 10.44 1.2632430965185585e-28
10.44 10.56 1.9049028826306927e-30
10.56 6.96 -1.693114287030107e-22
10.56 7.08 1.3045965443455363e-22
10.56 7.200000000000001 2.1279239937141628e-24
10.56 7.32 -1.6935226699467052e-21
10.56 7.44 -4.449863649653435e-27
10.56 7.799999999999999 5.993251011508175e-14
10.56 7.92 4.304497195784447e-5
10.56 8.04 5.107847999089307e-11
10.56 9.36 -4.328348986855494e-21
10.56 9.48 3.604894554807414e-21
10.56 9.6 5.64687803840048e-28
10.56 9.719999999999999 8.035932270834374e-29
10.56 9.84 -1.1676628175592416e-27
10.56 9.96 -2.1438497426258937e-27
10.56 10.08 -2.587001125970611e-27
10.56 10.2 -9.247038244954705e-28
10.56 10.32 -5.186806701653035e-29
10.56 10.44 -2.30586547678278e-30
10.56 10.56 1.718039500373245e-32
10.68 6.96 -3.6123257148707825e-25
10.68 7.08 1.9682835511276566e-25
10.68 7.200000000000001 1.6206664760604033e-26
10.68 7.32 -1.3518730450187587e-23
10.68 7.44 -1.0822860082123855e-29
10.68 7.799999999999999 5.2417727765779046e-17
10.68 7.92 8.639153390097187e-8
10.68 8.04 1.4092929464563673e-13
10.68 9.36 1.577635362993867e-24
10.68 9.48 2.3070944785309054e-24
10.68 9.6 1.1100233470228087e-29
10.68 9.719999999999999 9.451749458347199e-30
10.68 9.84 -4.1652848793034804e-30
10.68 9.96 -8.959473918882346e-30
10.68 10.08 -1.0839885494385738e-29
10.68 10.2 -3.551307180738376e-30
10.68 10.32 -3.621021702167095e-31
10.68 10.44 -1.8953093821012188e-32
10.68 10.56 -7.915678038844607e-37
