0.6200000000000001 0.0172 4.173257898032036e-28
0.6200000000000001 0.018000000000000002 -2.2892808182002396e-28
0.6200000000000001 0.0188 -2.918074465031631e-29
0.6200000000000001 0.0196 3.811057422044968e-24
0.6200000000000001 0.0204 1.447687165878926e-20
0.6200000000000001 0.021200000000000004 3.956914377088055e-18
0.6200000000000001 0.022 9.690538960009446e-17
0.6200000000000001 0.0228 1.8832418936959975e-20
0.6200000000000001 0.0236 6.926151312429374e-20
0.6200000000000001 0.024399999999999998 1.1555166686331475e-19
0.6200000000000001 0.025200000000000004 1.0593828881319709e-19
0.6200000000000001 0.026000000000000002 5.941548157411772e-20
0.6200000000000001 0.0268 2.14777119909963e-20
0.6200000000000001 0.027600000000000003 5.162996289681572e-21
0.6200000000000001 0.0284 9.12990669627393e-22
0.6200000000000001 0.0292 1.2387687540617238e-22
0.6200000000000001 0.030000000000000002 3.0029571130523216e-14
0.6200000000000001 0.0308 2.381507873803975e-13
0.6200000000000001 0.0316 1.744245147917833e-13
0.6200000000000001 0.032400000000000005 6.528257309533823e-27
0.6200000000000001 0.0332 4.204802780086094e-28
0.6200000000000001 0.034 1.3807407037699127e-29
0.6200000000000001 0.0348 -4.6599550039943824e-29
0.6200000000000001 0.0356 1.1686298773927395e-29
0.6200000000000001 0.0364 -2.2129439108041597e-16
0.6200000000000001 0.037200000000000004 -2.3319755999355813e-16
0.6200000000000001 0.038 -6.211505081419993e-17
0.6200000000000001 0.0388 -1.2868539708741611e-17
0.6200000000000001 0.039599999999999996 -2.3173785160028406e-18
0.6200000000000001 0.040400000000000005 -2.767089404576899e-19
0.64 0.0172 1.5420672892411969e-28
0.64 0.018000000000000002 7.7022291183546565e-28
0.64 0.0188 3.256798340426391e-28
0.64 0.0196 2.1553400853979936e-23
0.64 0.0204 8.197157175764872e-20
0.64 0.021200000000000004 2.246709797998459e-17
0.64 0.022 5.581457905355897e-16
0.64 0.0228 2.050408908917553e-16
0.64 0.0236 8.866333923438789e-16
0.64 0.024399999999999998 1.7807228601375373e-15
0.64 0.025200000000000004 1.8674878069784244e-15
0.64 0.026000000000000002 1.073124247578196e-15
0.64 0.0268 4.0747065284187247e-16
0.64 0.027600000000000003 1.0666832903897598e-16
0.64 0.0284 2.1133308043612838e-17
0.64 0.0292 2.906660001047298e-18
0.64 0.030000000000000002 7.328004434451925e-15
0.64 0.0308 3.171131208401542e-13
0.64 0.0316 -1.853074852343744e-14
0.64 0.032400000000000005 2.2347309074547063e-22
0.64 0.0332 1.5068619587069283e-23
0.64 0.034 9.298650797641015e-25
0.64 0.0348 5.226440568318952e-26
0.64 0.0356 2.7496506963255553e-27
0.64 0.0364 -2.7219623818146943e-16
0.64 0.037200000000000004 -2.169553649351194e-16
0.64 0.038 -6.12314152836966e-17
0.64 0.0388 -1.1308808167666432e-17
0.64 0.039599999999999996 -1.5794748643082703e-18
0.64 0.040400000000000005 -1.6601584693479796e-19
0.6599999999999999 0.0172 1.5357049172744398e-27
0.6599999999999999 0.018000000000000002 -1.5751273879955283e-27
0.6599999999999999 0.0188 7.036360965410444e-27
0.6599999999999999 0.0196 6.649943995797817e-22
0.6599999999999999 0.0204 2.8419919427000197e-18
0.6599999999999999 0.021200000000000004 1.077594889828654e-15
0.6599999999999999 0.022 6.216095937809949e-14
0.6599999999999999 0.0228 8.555934648858897e-13
0.6599999999999999 0.0236 4.060449759820158e-12
0.6599999999999999 0.024399999999999998 8.527523180142108e-12
0.6599999999999999 0.025200000000000004 9.084943181586614e-12
0.6599999999999999 0.026000000000000002 5.568300853566398e-12
0.6599999999999999 0.0268 2.121595656996654e-12
0.6599999999999999 0.027600000000000003 5.453355126177663e-13
0.6599999999999999 0.0284 1.0481286124015116e-13
0.6599999999999999 0.0292 1.5497027078724562e-14
0.6599999999999999 0.030000000000000002 3.109442842915328e-14
0.6599999999999999 0.0308 1.6112410065276088e-13
0.6599999999999999 0.0316 4.614781724153118e-13
0.6599999999999999 0.032400000000000005 1.2971992068550405e-18
0.6599999999999999 0.0332 9.251768441844823e-20
0.6599999999999999 0.034 6.092985909580418e-21
0.6599999999999999 0.0348 3.767145118631731e-22
0.6599999999999999 0.0356 2.2094647137241995e-23
0.6599999999999999 0.0364 -2.014523105592441e-16
0.6599999999999999 0.037200000000000004 -3.0532358734257393e-16
0.6599999999999999 0.038 -7.676619410341366e-17
0.6599999999999999 0.0388 -1.773287629080667e-17
0.6599999999999999 0.039599999999999996 -3.800339282635898e-18
0.6599999999999999 0.040400000000000005 -4.837759351893369e-19
0.6799999999999999 0.0172 1.0263155135651832e-24
0.6799999999999999 0.018000000000000002 1.9628984921134946e-27
0.6799999999999999 0.0188 9.277329397149475e-24
0.6799999999999999 0.0196 8.459311186775795e-19
0.6799999999999999 0.0204 3.656210201522301e-15
0.6799999999999999 0.021200000000000004 1.4218706410699827e-12
0.6799999999999999 0.022 8.544250396632032e-11
0.6799999999999999 0.0228 1.2298178090268284e-9
0.6799999999999999 0.0236 5.992468806038829e-9
0.6799999999999999 0.024399999999999998 1.253568851628816e-8
0.6799999999999999 0.025200000000000004 1.3049259731569947e-8
0.6799999999999999 0.026000000000000002 7.68231827050114e-9
0.6799999999999999 0.0268 2.8183649495738226e-9
0.6799999999999999 0.027600000000000003 7.101354059569139e-10
0.6799999999999999 0.0284 1.298966460418577e-10
0.6799999999999999 0.0292 1.8437289921550187e-11
0.6799999999999999 0.030000000000000002 2.2164241434095487e-12
0.6799999999999999 0.0308 1.5767160719149614e-13
0.6799999999999999 0.0316 8.378738011470596e-13
0.6799999999999999 0.032400000000000005 1.4503189629833215e-15
0.6799999999999999 0.0332 1.0348370149043003e-16
0.6799999999999999 0.034 6.884781028205524e-18
0.6799999999999999 0.0348 4.456936922315285e-19
0.6799999999999999 0.0356 2.7573022371444906e-20
0.6799999999999999 0.0364 -1.129067870398975e-15
0.6799999999999999 0.037200000000000004 -1.5594346850649255e-15
0.6799999999999999 0.038 -4.009599412554167e-16
0.6799999999999999 0.0388 -8.971816209433776e-17
0.6799999999999999 0.039599999999999996 -1.83307665933741e-17
0.6799999999999999 0.040400000000000005 -2.296180439364573e-18
0.7 0.0172 4.900464936131503e-22
0.7 0.018000000000000002 9.04723210828524e-25
0.7 0.0188 4.370787548163769e-21
0.7 0.0196 3.991938864617243e-16
0.7 0.0204 1.73225106005695e-12
0.7 0.021200000000000004 6.793830731570551e-10
0.7 0.022 4.1273171243384144e-8
0.7 0.0228 5.957251198254486e-7
0.7 0.0236 2.8512235649906587e-6
0.7 0.024399999999999998 5.748301076316385e-6
0.7 0.025200000000000004 5.700006121810154e-6
0.7 0.026000000000000002 3.1570261178765823e-6
0.7 0.0268 1.0878349899386594e-6
0.7 0.027600000000000003 2.536699318828858e-7
0.7 0.0284 4.276357456095262e-8
0.7 0.0292 5.578106925064673e-9
0.7 0.030000000000000002 5.972900985727263e-10
0.7 0.0308 5.484833053411256e-11
0.7 0.0316 4.328460571654955e-12
0.7 0.032400000000000005 3.2475959278355945e-13
0.7 0.0332 2.229519365167519e-14
0.7 0.034 1.462703495140577e-15
0.7 0.0348 9.109183704442847e-17
0.7 0.0356 5.5645644896973495e-18
0.7 0.0364 -1.5669993442145882e-13
0.7 0.037200000000000004 -1.8803817325206183e-13
0.7 0.038 -4.9534286966283974e-14
0.7 0.0388 -1.061748071699494e-14
0.7 0.039599999999999996 -2.0248954098569064e-15
0.7 0.040400000000000005 -2.47354057607163e-16
0.72 0.0172 8.056791961372485e-20
0.72 0.018000000000000002 1.3007885604130643e-22
0.72 0.0188 7.73715948605576e-19
0.72 0.0196 7.061026337412489e-14
0.72 0.0204 3.056281300194431e-10
0.72 0.021200000000000004 1.1917114501015063e-7
0.72 0.022 7.160387320854354e-6
0.72 0.0228 0.00010124457995530078
0.72 0.0236 0.00046678173786575796
0.72 0.024399999999999998 0.0008900556160349947
0.72 0.025200000000000004 0.0008242254168922762
0.72 0.026000000000000002 0.00042235545150237056
0.72 0.0268 0.0001332061309485947
0.72 0.027600000000000003 2.8219610222660334e-5
0.72 0.0284 4.35677373728092e-6
0.72 0.0292 5.19956312117069e-7
0.72 0.030000000000000002 5.0402918945571094e-8
0.72 0.0308 4.132465749013014e-9
0.72 0.0316 3.0501627106744616e-10
0.72 0.032400000000000005 2.0447089663048696e-11
0.72 0.0332 1.2773391034631194e-12
0.72 0.034 7.60103660583725e-14
0.72 0.0348 4.405224203923511e-15
0.72 0.0356 2.5356341209843967e-16
0.72 0.0364 -2.188525311204154e-11
0.72 0.037200000000000004 -2.660100539451855e-11
0.72 0.038 -6.994554251534692e-12
0.72 0.0388 -1.5049098790096668e-12
0.72 0.039599999999999996 -2.8880752450308533e-13
0.72 0.040400000000000005 -3.53637292528244e-14
0.74 0.0172 4.781110837020907e-18
0.74 0.018000000000000002 4.65537115770779e-21
0.74 0.0188 5.2140579688953854e-17
0.74 0.0196 4.75240681895076e-12
0.74 0.0204 2.0484046949373646e-8
0.74 0.021200000000000004 7.910932478905057e-6
0.74 0.022 0.00046710874706509185
0.74 0.0228 0.006414276506817032
0.74 0.0236 0.02820969061946359
0.74 0.024399999999999998 0.05046149566513023
0.74 0.025200000000000004 0.04347489921201085
0.74 0.026000000000000002 0.020633886913914823
0.74 0.0268 0.006061610689435822
0.74 0.027600000000000003 0.0012076137428106743
0.74 0.0284 0.0001753475709112922
0.74 0.0292 1.9762871492628966e-5
0.74 0.030000000000000002 1.8329797600543695e-6
0.74 0.0308 1.4499089158473231e-7
0.74 0.0316 1.0196480090278815e-8
0.74 0.032400000000000005 6.553232136511456e-10
0.74 0.0332 3.994987180954377e-11
0.74 0.034 2.347564958407131e-12
0.74 0.0348 1.3341002309088875e-13
0.74 0.0356 7.425107483862217e-15
0.74 0.0364 -5.015194677551426e-10
0.74 0.037200000000000004 -6.133983015629702e-10
0.74 0.038 -1.6114489649255478e-10
0.74 0.0388 -3.4734172761552475e-11
0.74 0.039599999999999996 -6.685885119719361e-12
0.74 0.040400000000000005 -8.195984916968521e-13
0.76 0.0172 1.0949985514347946e-16
0.76 0.018000000000000002 1.6368678303231142e-19
0.76 0.0188 1.4183243577900282e-15
0.76 0.0196 1.2898710427747282e-10
0.76 0.0204 5.522483054624706e-7
0.76 0.021200000000000004 0.00021004763221137862
0.76 0.022 0.012083526198359286
0.76 0.0228 0.16008514956999384
0.76 0.0236 0.6737392250930857
0.76 0.024399999999999998 1.1503534050706636
0.76 0.025200000000000004 0.954890742770397
0.76 0.026000000000000002 0.44445602858271466
0.76 0.0268 0.1295032167032764
0.76 0.027600000000000003 0.025846121194269003
0.76 0.0284 0.0037995355821473786
0.76 0.0292 0.000441447833044522
0.76 0.030000000000000002 4.3089561389256425e-5
0.76 0.0308 3.678238320285292e-6
0.76 0.0316 2.8657867059262015e-7
0.76 0.032400000000000005 2.0764756112603034e-8
0.76 0.0332 1.423602227340302e-9
0.76 0.034 9.264175157337052e-11
0.76 0.0348 5.780692080425271e-12
0.76 0.0356 3.4639935727188724e-13
0.76 0.0364 -2.2121031459228266e-8
0.76 0.037200000000000004 -2.6409258045403584e-8
0.76 0.038 -6.9620788760562464e-9
0.76 0.0388 -1.4900263988195115e-9
0.76 0.039599999999999996 -2.8344516866550515e-10
0.76 0.040400000000000005 -3.4590939493176616e-11
0.7799999999999999 0.0172 1.0798168248848402e-15
0.7799999999999999 0.018000000000000002 1.646302546859614e-18
0.7799999999999999 0.0188 1.5592299300877156e-14
0.7799999999999999 0.0196 1.4158121275458642e-9
0.7799999999999999 0.0204 6.0329277175668445e-6
0.7799999999999999 0.021200000000000004 0.0022699132258280014
0.7799999999999999 0.022 0.12830996291695035
0.7799999999999999 0.0228 1.668605074889593
0.7799999999999999 0.0236 6.963517634749194
0.7799999999999999 0.024399999999999998 12.021163825842697
0.7799999999999999 0.025200000000000004 10.285073682969697
0.7799999999999999 0.026000000000000002 4.987847907617551
0.7799999999999999 0.0268 1.5260450062427326
0.7799999999999999 0.027600000000000003 0.32524673749152416
0.7799999999999999 0.0284 0.052807537244823864
0.7799999999999999 0.0292 0.006977760096998403
0.7799999999999999 0.030000000000000002 0.0007888251482601961
0.7799999999999999 0.0308 7.914280503364785e-5
0.7799999999999999 0.0316 7.141809004159171e-6
0.7799999999999999 0.032400000000000005 5.881901854754752e-7
0.7799999999999999 0.0332 4.441398395949699e-8
0.7799999999999999 0.034 3.0970261491232523e-9
0.7799999999999999 0.0348 2.0281661044220517e-10
0.7799999999999999 0.0356 1.2510377780232494e-11
0.7799999999999999 0.0364 -1.859920574219926e-7
0.7799999999999999 0.037200000000000004 -2.2409201062095303e-7
0.7799999999999999 0.038 -5.8997682379117946e-8
0.7799999999999999 0.0388 -1.2660967720862383e-8
0.7799999999999999 0.039599999999999996 -2.4194065313181248e-9
0.7799999999999999 0.040400000000000005 -2.9576963621151104e-10
0.7999999999999999 0.0172 5.582478089871388e-15
0.7999999999999999 0.018000000000000002 5.120421080362924e-18
0.7999999999999999 0.0188 6.817540637577467e-14
0.7999999999999999 0.0196 6.1999880562520085e-9
0.7999999999999999 0.0204 2.654341197623715e-5
0.7999999999999999 0.021200000000000004 0.010098244480998607
0.7999999999999999 0.022 0.5828381486196227
0.7999999999999999 0.0228 7.850963623596725
0.7999999999999999 0.0236 34.633056007314664
0.7999999999999999 0.024399999999999998 64.24653340560829
0.7999999999999999 0.025200000000000004 59.267124882895025
0.7999999999999999 0.026000000000000002 31.249430256972133
0.7999999999999999 0.0268 10.76477937957212
0.7999999999999999 0.027600000000000003 2.6704228493717603
0.7999999999999999 0.0284 0.5153473618331232
0.7999999999999999 0.0292 0.08208884371653657
0.7999999999999999 0.030000000000000002 0.011112836561887867
0.7999999999999999 0.0308 0.001303645054132243
0.7999999999999999 0.0316 0.0001338899094061565
0.7999999999999999 0.032400000000000005 1.2219567040170902e-5
0.7999999999999999 0.0332 1.0249694864883776e-6
0.7999999999999999 0.034 7.923208756239232e-8
0.7999999999999999 0.0348 5.6953709124694895e-9
0.7999999999999999 0.0356 3.893344229971861e-10
0.7999999999999999 0.0364 -2.3054572912184071e-7
0.7999999999999999 0.037200000000000004 -3.166426930454761e-7
0.7999999999999999 0.038 -8.187966333700057e-8
0.7999999999999999 0.0388 -1.8220065473112467e-8
0.7999999999999999 0.039599999999999996 -3.688235119744745e-9
0.7999999999999999 0.040400000000000005 -4.604987260922096e-10
0.8200000000000001 0.0172 1.657973847938251e-14
0.8200000000000001 0.018000000000000002 7.090175163670129e-17
0.8200000000000001 0.0188 1.1484760101037503e-13
0.8200000000000001 0.0196 1.0541673289158299e-8
0.8200000000000001 0.0204 4.646452092331004e-5
0.8200000000000001 0.021200000000000004 0.018838752899868853
0.8200000000000001 0.022 1.2015578733577001
0.8200000000000001 0.0228 18.21279362332864
0.8200000000000001 0.0236 90.38186544564022
0.8200000000000001 0.024399999999999998 187.69935738450056
0.8200000000000001 0.025200000000000004 196.10242532983585
0.8200000000000001 0.026000000000000002 121.54078535211019
0.8200000000000001 0.0268 50.58745676735103
0.8200000000000001 0.027600000000000003 15.49042284314411
0.8200000000000001 0.0284 3.7103775026474892
0.8200000000000001 0.0292 0.7222115599769815
0.8200000000000001 0.030000000000000002 0.11636215913964754
0.8200000000000001 0.0308 0.015847038479510175
0.8200000000000001 0.0316 0.0018909274010913712
0.8200000000000001 0.032400000000000005 0.0001999344170961718
0.8200000000000001 0.0332 1.9239303019624305e-5
0.8200000000000001 0.034 1.6826492027784239e-6
0.8200000000000001 0.0348 1.3640238589849128e-7
0.8200000000000001 0.0356 1.0254488957587001e-8
0.8200000000000001 0.0364 -1.0020121551834183e-5
0.8200000000000001 0.037200000000000004 -1.2019365296751952e-5
0.8200000000000001 0.038 -3.1663802434623655e-6
0.8200000000000001 0.0388 -6.786204313606275e-7
0.8200000000000001 0.039599999999999996 -1.2939672926541256e-7
0.8200000000000001 0.040400000000000005 -1.5805469231689712e-8
0.8400000000000001 0.0172 2.5477890283014613e-14
0.8400000000000001 0.018000000000000002 2.3987126118891866e-16
0.8400000000000001 0.0188 6.477036804183655e-14
0.8400000000000001 0.0196 6.1883707422555625e-9
0.8400000000000001 0.0204 3.0509329421943122e-5
0.8400000000000001 0.021200000000000004 0.015098278889995148
0.8400000000000001 0.022 1.2122456031602316
0.8400000000000001 0.0228 22.324332129112545
0.8400000000000001 0.0236 129.73693353756212
0.8400000000000001 0.024399999999999998 317.7718365562362
0.8400000000000001 0.025200000000000004 406.57645915919306
0.8400000000000001 0.026000000000000002 318.0960400882893
0.8400000000000001 0.0268 170.17588622298675
0.8400000000000001 0.027600000000000003 66.85989214967945
0.8400000000000001 0.0284 20.07569633402095
0.8400000000000001 0.0292 4.7476941922186136
0.8400000000000001 0.030000000000000002 0.9154398607041614
0.8400000000000001 0.0308 0.14817292325390086
0.8400000000000001 0.0316 0.020647540018005082
0.8400000000000001 0.032400000000000005 0.0025179711345898995
0.8400000000000001 0.0332 0.000271884766283638
0.8400000000000001 0.034 2.6236870692033867e-5
0.8400000000000001 0.0348 2.303958333757341e-6
0.8400000000000001 0.0356 1.8366359387271896e-7
0.8400000000000001 0.0364 -1.197005738291281e-5
0.8400000000000001 0.037200000000000004 -1.4949371905502382e-5
0.8400000000000001 0.038 -3.916292134372073e-6
0.8400000000000001 0.0388 -8.490137018344184e-7
0.8400000000000001 0.039599999999999996 -1.6496885615311635e-7
0.8400000000000001 0.040400000000000005 -2.0294328243441866e-8
0.8600000000000001 0.0172 2.4335452028603092e-14
0.8600000000000001 0.018000000000000002 9.338477405225353e-16
0.8600000000000001 0.0188 6.102349451415128e-16
0.8600000000000001 0.0196 3.3381037141620823e-10
0.8600000000000001 0.0204 5.392634787784339e-6
0.8600000000000001 0.021200000000000004 0.0055079181328771855
0.8600000000000001 0.022 0.6613213103129133
0.8600000000000001 0.0228 15.432913983073494
0.8600000000000001 0.0236 110.11076534490324
0.8600000000000001 0.024399999999999998 342.4244128252564
0.8600000000000001 0.025200000000000004 576.287680596102
0.8600000000000001 0.026000000000000002 605.1408156208079
0.8600000000000001 0.0268 430.08184334797966
0.8600000000000001 0.027600000000000003 217.29022405721625
0.8600000000000001 0.0284 81.27301173926439
0.8600000000000001 0.0292 23.48675437234956
0.8600000000000001 0.030000000000000002 5.456643609639922
0.8600000000000001 0.0308 1.045713325385991
0.8600000000000001 0.0316 0.16891649211003554
0.8600000000000001 0.032400000000000005 0.02331864361989253
0.8600000000000001 0.0332 0.0027946021050375405
0.8600000000000001 0.034 0.0002969685829124502
0.8600000000000001 0.0348 2.8222272268431462e-5
0.8600000000000001 0.0356 2.4353043086784117e-6
0.8600000000000001 0.0364 -2.6027482720783837e-5
0.8600000000000001 0.037200000000000004 -3.380184101277976e-5
0.8600000000000001 0.038 -8.818142533366114e-6
0.8600000000000001 0.0388 -1.929466941062134e-6
0.8600000000000001 0.039599999999999996 -3.804611725627623e-7
0.8600000000000001 0.040400000000000005 -4.705814134224715e-8
0.8799999999999999 0.0172 2.2981176258837607e-14
0.8799999999999999 0.018000000000000002 2.453746229056741e-15
0.8799999999999999 0.0188 -2.63925306599556e-14
0.8799999999999999 0.0196 -2.2567994927628067e-9
0.8799999999999999 0.0204 -7.256380116998519e-6
0.8799999999999999 0.021200000000000004 -0.0006718485104578219
0.8799999999999999 0.022 0.16654795680154968
0.8799999999999999 0.0228 6.214995877315578
0.8799999999999999 0.0236 58.56231383777867
0.8799999999999999 0.024399999999999998 252.5010701832997
0.8799999999999999 0.025200000000000004 603.2487763055891
0.8799999999999999 0.026000000000000002 877.476191686872
0.8799999999999999 0.0268 823.4420176445107
0.8799999999999999 0.027600000000000003 529.973540461151
0.8799999999999999 0.0284 247.87046060324366
0.8799999999999999 0.0292 88.01716070294826
0.8799999999999999 0.030000000000000002 24.63603796786422
0.8799999999999999 0.0308 5.6023028924307345
0.8799999999999999 0.0316 1.051858311045345
0.8799999999999999 0.032400000000000005 0.16696615155318814
0.8799999999999999 0.0332 0.02264344149155693
0.8799999999999999 0.034 0.0026691355330999834
0.8799999999999999 0.0348 0.00028061867167081164
0.8799999999999999 0.0356 2.6636368125771254e-5
0.8799999999999999 0.0364 -2.8198837948302817e-5
0.8799999999999999 0.037200000000000004 -3.999272379174061e-5
0.8799999999999999 0.038 -1.0406869383918858e-5
0.8799999999999999 0.0388 -2.2966717991602657e-6
0.8799999999999999 0.039599999999999996 -4.5886405516495243e-7
0.8799999999999999 0.040400000000000005 -5.7025292826265125e-8
0.8999999999999999 0.0172 3.59179582257517e-14
0.8999999999999999 0.018000000000000002 4.404570536206657e-15
0.8999999999999999 0.0188 -2.6172608747524686e-14
0.8999999999999999 0.0196 -2.347364739468215e-9
0.8999999999999999 0.0204 -8.670211223097412e-6
0.8999999999999999 0.021200000000000004 -0.002121559318844258
0.8999999999999999 0.022 -0.015060582068391434
0.8999999999999999 0.0228 1.5242015490612002
0.8999999999999999 0.0236 21.13147854701542
0.8999999999999999 0.024399999999999998 138.9626116104847
0.8999999999999999 0.025200000000000004 483.4145530198788
0.8999999999999999 0.026000000000000002 956.5605032544298
0.8999999999999999 0.0268 1179.6303612080192
0.8999999999999999 0.027600000000000003 980.2138275036029
0.8999999999999999 0.0284 578.268330212913
0.8999999999999999 0.0292 253.52808386569427
0.8999999999999999 0.030000000000000002 86.09794208453894
0.8999999999999999 0.0308 23.379556749684387
0.8999999999999999 0.0316 5.185784363391097
0.8999999999999999 0.032400000000000005 0.9475260867190196
0.8999999999999999 0.0332 0.1456264119273135
0.8999999999999999 0.034 0.01950287491780562
0.8999999999999999 0.0348 0.0023168937642179814
0.8999999999999999 0.0356 0.00024793290425717063
0.8999999999999999 0.0364 -1.433343845449273e-5
0.8999999999999999 0.037200000000000004 -6.184943473818149e-5
0.8999999999999999 0.038 -1.605741630180491e-5
0.8999999999999999 0.0388 -3.755969527003999e-6
0.8999999999999999 0.039599999999999996 -8.095980805906806e-7
0.8999999999999999 0.040400000000000005 -1.032266030095055e-7
0.9199999999999999 0.0172 7.407067975232123e-14
0.9199999999999999 0.018000000000000002 3.568701745030063e-15
0.9199999999999999 0.0188 -1.8691677001218817e-14
0.9199999999999999 0.0196 -1.7650324379691378e-9
0.9199999999999999 0.0204 -6.6637369939040206e-6
0.9199999999999999 0.021200000000000004 -0.0017829105668846403
0.9199999999999999 0.022 -0.038563213421105774
0.9199999999999999 0.0228 0.24921145449870258
0.9199999999999999 0.0236 5.776769229885038
0.9199999999999999 0.024399999999999998 58.89876668987757
0.9199999999999999 0.025200000000000004 287.806991486161
0.9199999999999999 0.026000000000000002 776.2119459857863
0.9199999999999999 0.0268 1288.0310568010814
0.9199999999999999 0.027600000000000003 1397.0545131748995
0.9199999999999999 0.0284 1047.1092501959406
0.9199999999999999 0.0292 572.2186357739517
0.9199999999999999 0.030000000000000002 237.16274525743458
0.9199999999999999 0.0308 77.03316077474558
0.9199999999999999 0.0316 19.995753542196265
0.9199999999999999 0.032400000000000005 4.265233388838202
0.9199999999999999 0.0332 0.763054956502839
0.9199999999999999 0.034 0.11786545228153746
0.9199999999999999 0.0348 0.015820372358558075
0.9199999999999999 0.0356 0.001848213927947394
0.9199999999999999 0.0364 4.8440678632100876e-5
0.9199999999999999 0.037200000000000004 -0.00013210083286489986
0.9199999999999999 0.038 -3.8876075981128295e-5
0.9199999999999999 0.0388 -8.169395002576887e-6
0.9199999999999999 0.039599999999999996 -1.4543332023419175e-6
0.9199999999999999 0.040400000000000005 -1.7264083302433358e-7
0.94 0.0172 1.492492027723938e-13
0.94 0.018000000000000002 -5.328777300607989e-15
0.94 0.0188 -5.379801320004743e-15
0.94 0.0196 -7.762598844849264e-10
0.94 0.0204 -2.9377635361601734e-6
0.94 0.021200000000000004 -0.0007941255817757796
0.94 0.022 -0.018661705296280435
0.94 0.0228 0.031061363567505742
0.94 0.0236 1.2297446425091054
0.94 0.024399999999999998 18.26779227759889
0.94 0.025200000000000004 125.98010073790884
0.94 0.026000000000000002 481.2482761875235
0.94 0.0268 1084.9721993638905
0.94 0.027600000000000003 1540.669956989817
0.94 0.0284 1480.7545101293542
0.94 0.0292 1013.0310376770586
0.94 0.030000000000000002 513.2020237819232
0.94 0.0308 199.98163761416936
0.94 0.0316 61.548210844156394
0.94 0.032400000000000005 15.619539261713285
0.94 0.0332 3.2694292289338867
0.94 0.034 0.5651162877948643
0.94 0.0348 0.0840091665895165
0.94 0.0356 0.010658305322163188
0.94 0.0364 -0.00010335212284796959
0.94 0.037200000000000004 -0.0008559581319340821
0.94 0.038 -0.000255624302496096
0.94 0.0388 -4.857156097930601e-5
0.94 0.039599999999999996 -7.090292359752955e-6
0.94 0.040400000000000005 -7.639036100397373e-7
0.96 0.0172 2.5682381287230543e-13
0.96 0.018000000000000002 -2.6329153793314676e-14
0.96 0.0188 1.0268156712765764e-14
0.96 0.0196 1.65715794766575e-10
0.96 0.0204 6.327892494325749e-7
0.96 0.021200000000000004 0.00017490470556972326
0.96 0.022 0.0044245472290207
0.96 0.0228 0.003099353781384258
0.96 0.0236 0.18821915736462788
0.96 0.024399999999999998 4.043010176254792
0.96 0.025200000000000004 41.89399890957831
0.96 0.026000000000000002 229.28384326338215
0.96 0.0268 701.3170559050533
0.96 0.027600000000000003 1320.658427205382
0.96 0.0284 1637.118278671805
0.96 0.0292 1405.7882902827491
0.96 0.030000000000000002 880.4545142576445
0.96 0.0308 418.7890508694545
0.96 0.0316 154.96318586660576
0.96 0.032400000000000005 45.977664629320195
0.96 0.0332 11.085576765205207
0.96 0.034 2.2002908924085056
0.96 0.0348 0.3634658557065787
0.96 0.0356 0.051592494605511484
0.96 0.0364 0.005446445335160148
0.96 0.037200000000000004 -0.0002953687656313995
0.96 0.038 -0.0002171409159430023
0.96 0.0388 -5.025047197963737e-5
0.96 0.039599999999999996 -8.431373377353608e-6
0.96 0.040400000000000005 -9.682952892624265e-7
0.98 0.0172 3.579645727856674e-13
0.98 0.018000000000000002 -5.639985003726191e-14
0.98 0.0188 2.192019495879056e-14
0.98 0.0196 5.117001532109752e-10
0.98 0.0204 1.944804691459039e-6
0.98 0.021200000000000004 0.0005315989016255993
0.98 0.022 0.013020788756573462
0.98 0.0228 0.00022033898748994552
0.98 0.0236 0.019520783434313196
0.98 0.024399999999999998 0.6647290716654702
0.98 0.025200000000000004 10.653544568611874
0.98 0.026000000000000002 82.78672319815146
0.98 0.0268 350.4798715802489
0.98 0.027600000000000003 886.0281376889351
0.98 0.0284 1420.5224684592522
0.98 0.0292 1546.5194991014212
0.98 0.030000000000000002 1212.1336212486285
0.98 0.0308 707.2050542342656
0.98 0.0316 315.2086563952441
0.98 0.032400000000000005 110.3831939931232
0.98 0.0332 31.132535847419746
0.98 0.034 7.2077368256213274
0.98 0.0348 1.393884450493182
0.98 0.0356 0.22898330454951482
0.98 0.0364 0.0285274916536148
0.98 0.037200000000000004 0.00015036657813827613
0.98 0.038 -0.0006331435588601401
0.98 0.0388 -0.000170741810287557
0.98 0.039599999999999996 -3.149282358378159e-5
0.98 0.040400000000000005 -3.7549869914440748e-6
1.0 0.0172 4.030125088805415e-13
1.0 0.018000000000000002 -8.277055214490509e-14
1.0 0.0188 2.951481866033321e-14
1.0 0.0196 4.879122029970147e-10
1.0 0.0204 1.8539570836782007e-6
1.0 0.021200000000000004 0.0005066017182200128
1.0 0.022 0.012397281663241997
1.0 0.0228 1.0089874692041012e-5
1.0 0.0236 0.001424783349722138
1.0 0.024399999999999998 0.0831719984987355
1.0 0.025200000000000004 2.022463717124997
1.0 0.026000000000000002 22.942029296814567
1.0 0.0268 136.93175415220625
1.0 0.027600000000000003 464.9972829695469
1.0 0.0284 973.5856095558623
1.0 0.0292 1361.0708926155687
1.0 0.030000000000000002 1338.3242817925288
1.0 0.0308 959.5973744340407
1.0 0.0316 519.7828138049681
1.0 0.032400000000000005 218.85836116445395
1.0 0.0332 73.66820915788668
1.0 0.034 20.186435689724952
1.0 0.0348 4.5442829564086304
1.0 0.0356 0.8731664710433686
1.0 0.0364 0.14845891674035203
1.0 0.037200000000000004 0.020621327378749502
1.0 0.038 0.002400250014027188
1.0 0.0388 0.0002060691903896521
1.0 0.039599999999999996 5.83876865932511e-6
1.0 0.040400000000000005 -6.313141032030981e-7
1.02 0.0172 3.6410672894474884e-13
1.02 0.018000000000000002 -9.144160956638925e-14
1.02 0.0188 2.904662237997834e-14
1.02 0.0196 2.8235648235957807e-10
1.02 0.0204 1.0727110481007363e-6
1.02 0.021200000000000004 0.0002931685435024081
1.02 0.022 0.007177489041163091
1.02 0.0228 2.927323951808022e-7
1.02 0.0236 7.767677952372009e-5
1.02 0.024399999999999998 0.007687168066858843
1.02 0.025200000000000004 0.2897586777314547
1.02 0.026000000000000002 4.95526894086417
1.02 0.0268 41.63918167603284
1.02 0.027600000000000003 191.11875637296066
1.02 0.0284 528.2760804014667
1.02 0.0292 950.7785560428406
1.02 0.030000000000000002 1180.2074150213543
1.02 0.0308 1051.5526458571912
1.02 0.0316 695.358800285473
1.02 0.032400000000000005 352.7817365533139
1.02 0.0332 141.65826557966588
1.02 0.034 46.08942230426136
1.02 0.0348 12.349547364803838
1.02 0.0356 2.738719517219999
1.02 0.0364 0.4824644646282612
1.02 0.037200000000000004 0.05598577568918085
1.02 0.038 0.003978249209269473
1.02 0.0388 -0.0001060188268085081
1.02 0.039599999999999996 -9.543731991362357e-5
1.02 0.040400000000000005 -1.4391126435494014e-5
1.0399999999999998 0.0172 2.647332921641399e-13
1.0399999999999998 0.018000000000000002 -8.284049321935688e-14
1.0399999999999998 0.0188 1.9502957210444297e-14
1.0399999999999998 0.0196 1.1447318403005917e-10
1.0399999999999998 0.0204 4.346018426534379e-7
1.0399999999999998 0.021200000000000004 0.00011884167090153503
1.0399999999999998 0.022 0.0029141921846225767
1.0399999999999998 0.0228 5.82612226695357e-9
1.0399999999999998 0.0236 3.159786833608878e-6
1.0399999999999998 0.024399999999999998 0.0005214680831680581
1.0399999999999998 0.025200000000000004 0.03213232409112317
1.0399999999999998 0.026000000000000002 0.8250759934742143
1.0399999999999998 0.0268 9.765796517344409
1.0399999999999998 0.027600000000000003 61.21211492713388
1.0399999999999998 0.0284 224.63755877515223
1.0399999999999998 0.0292 525.1658028364053
1.0399999999999998 0.030000000000000002 832.3264149131887
1.0399999999999998 0.0308 925.4157000895265
1.0399999999999998 0.0316 749.0905517942595
1.0399999999999998 0.032400000000000005 460.4184973938046
1.0399999999999998 0.0332 222.18288958901488
1.0399999999999998 0.034 85.75758406197865
1.0399999999999998 0.0348 26.872648868935045
1.0399999999999998 0.0356 6.87571642779411
1.0399999999999998 0.0364 1.4066362669216343
1.0399999999999998 0.037200000000000004 0.2131987204953216
1.0399999999999998 0.038 0.025206814381095836
1.0399999999999998 0.0388 0.002133027027074158
1.0399999999999998 0.039599999999999996 7.181472727719797e-5
1.0399999999999998 0.040400000000000005 -4.510677196696695e-6
1.0599999999999998 0.0172 1.4290919905223218e-13
1.0599999999999998 0.018000000000000002 -5.2373653120098526e-14
1.0599999999999998 0.0188 1.0570817935166503e-14
1.0599999999999998 0.0196 -2.9238506136130574e-12
1.0599999999999998 0.0204 -1.141464284975824e-8
1.0599999999999998 0.021200000000000004 -3.044701241733681e-6
1.0599999999999998 0.022 -6.928512182162432e-5
1.0599999999999998 0.0228 8.749728920568809e-11
1.0599999999999998 0.0236 8.799277159532513e-8
1.0599999999999998 0.024399999999999998 2.646046084022771e-5
1.0599999999999998 0.025200000000000004 0.00270190379155898
1.0599999999999998 0.026000000000000002 0.10411926956624029
1.0599999999999998 0.0268 1.7516235097955244
1.0599999999999998 0.027600000000000003 15.049089493488234
1.0599999999999998 0.0284 74.1700186618877
1.0599999999999998 0.0292 229.78627438332774
1.0599999999999998 0.030000000000000002 468.3424403471991
1.0599999999999998 0.0308 650.1020439891546
1.0599999999999998 0.0316 651.6685217288974
1.0599999999999998 0.032400000000000005 491.66929820813414
1.0599999999999998 0.0332 285.9969005374098
1.0599999999999998 0.034 130.561666602329
1.0599999999999998 0.0348 47.04211297577194
1.0599999999999998 0.0356 13.812879228743961
1.0599999999999998 0.0364 3.3874756722838697
1.0599999999999998 0.037200000000000004 0.6964679046586777
1.0599999999999998 0.038 0.11337743449599802
1.0599999999999998 0.0388 0.015048714169395292
1.0599999999999998 0.039599999999999996 0.001648625022884039
1.0599999999999998 0.040400000000000005 0.0001500202350323051
1.0799999999999998 0.0172 5.513390440334447e-14
1.0799999999999998 0.018000000000000002 -2.4563792960427446e-14
1.0799999999999998 0.0188 1.0975816122385493e-15
1.0799999999999998 0.0196 -1.538907140085906e-11
1.0799999999999998 0.0204 -5.861132978622851e-8
1.0799999999999998 0.021200000000000004 -1.597474514169944e-5
1.0799999999999998 0.022 -0.00038804367517244586
1.0799999999999998 0.0228 1.035149166523198e-12
1.0799999999999998 0.0236 1.8421262406380823e-9
1.0799999999999998 0.024399999999999998 1.0264627523677938e-6
1.0799999999999998 0.025200000000000004 0.00017036634664381343
1.0799999999999998 0.026000000000000002 0.009841965459149003
1.0799999999999998 0.0268 0.23549614224988083
1.0799999999999998 0.027600000000000003 2.8186697658867756
1.0799999999999998 0.0284 19.087169792136606
1.0799999999999998 0.0292 79.17296749840462
1.0799999999999998 0.030000000000000002 208.53631369289457
1.0799999999999998 0.0308 367.0788341441408
1.0799999999999998 0.0316 463.30872864370383
1.0799999999999998 0.032400000000000005 431.15926496765206
1.0799999999999998 0.0332 300.38220003162775
1.0799999999999998 0.034 160.7748045361348
1.0799999999999998 0.0348 67.24449682362408
1.0799999999999998 0.0356 22.703663679594808
1.0799999999999998 0.0364 6.2476715819760535
1.0799999999999998 0.037200000000000004 1.3938664872591457
1.0799999999999998 0.038 0.23824375901553604
1.0799999999999998 0.0388 0.03254187145307094
1.0799999999999998 0.039599999999999996 0.0036140438702466447
1.0799999999999998 0.040400000000000005 0.0003311608072177765
1.0999999999999999 0.0172 1.3559907282399826e-14
1.0999999999999999 0.018000000000000002 -8.36886693112497e-15
1.0999999999999999 0.0188 -2.1962836940542587e-15
1.0999999999999999 0.0196 -1.8052075450451698e-11
1.0999999999999999 0.0204 -6.859641311260865e-8
1.0999999999999999 0.021200000000000004 -1.8706319951980515e-5
1.0999999999999999 0.022 -0.00045510778544302616
1.0999999999999999 0.0228 3.154325559429526e-14
1.0999999999999999 0.0236 2.8272655714288328e-11
1.0999999999999999 0.024399999999999998 3.073819262825692e-8
1.0999999999999999 0.025200000000000004 8.268606151405066e-6
1.0999999999999999 0.026000000000000002 0.0006849377324768679
1.0999999999999999 0.0268 0.02379624032909929
1.0999999999999999 0.027600000000000003 0.4023303537648528
1.0999999999999999 0.0284 3.8485078738622134
1.0999999999999999 0.0292 21.302662725009966
1.0999999999999999 0.030000000000000002 73.52908723729179
1.0999999999999999 0.0308 169.23471866439726
1.0999999999999999 0.0316 271.2976871261905
1.0999999999999999 0.032400000000000005 306.9584196296761
1.0999999999999999 0.0332 254.70766588170534
1.0999999999999999 0.034 162.0332432689375
1.0999999999999999 0.0348 80.48072906602695
1.0999999999999999 0.0356 31.353329173970675
1.0999999999999999 0.0364 9.465862226414641
1.0999999999999999 0.037200000000000004 2.201602411799481
1.0999999999999999 0.038 0.38327733001979325
1.0999999999999999 0.0388 0.05241187769805412
1.0999999999999999 0.039599999999999996 0.005715946416885889
1.0999999999999999 0.040400000000000005 0.0005150702924864084
1.12 0.0172 2.6860596582954153e-15
1.12 0.018000000000000002 -4.566692165485172e-16
1.12 0.0188 -1.7341428735268402e-15
1.12 0.0196 1.172601638589471e-11
1.12 0.0204 4.4602278696494236e-8
1.12 0.021200000000000004 1.2206983706608815e-5
1.12 0.022 0.0003000721985586938
1.12 0.0228 1.1856115642130028e-14
1.12 0.0236 3.2596719858748235e-13
1.12 0.024399999999999998 6.26871679007205e-10
1.12 0.025200000000000004 2.914425050610493e-7
1.12 0.026000000000000002 3.7012296217420124e-5
1.12 0.0268 0.0017244611758175023
1.12 0.027600000000000003 0.0454377747064793
1.12 0.0284 0.6116936515754038
1.12 0.0292 4.516015374758368
1.12 0.030000000000000002 21.062647689814405
1.12 0.0308 64.04330908810444
1.12 0.0316 127.7972547863183
1.12 0.032400000000000005 175.80528043679035
1.12 0.0332 176.6868389783719
1.12 0.034 135.50544259622944
1.12 0.0348 79.08700175989088
1.12 0.0356 34.13283910424732
1.12 0.0364 10.785354683608084
1.12 0.037200000000000004 2.5117052304893996
1.12 0.038 0.4343133707526618
1.12 0.0388 0.05834285039321666
1.12 0.039599999999999996 0.006128829536356535
1.12 0.040400000000000005 0.0005346949801120869
1.1400000000000001 0.0172 -4.426621690073916e-15
1.1400000000000001 0.018000000000000002 9.442124749843234e-15
1.1400000000000001 0.0188 4.774902019584404e-15
1.1400000000000001 0.0196 2.174279321765295e-12
1.1400000000000001 0.0204 8.349464885800227e-9
1.1400000000000001 0.021200000000000004 2.2712460766312676e-6
1.1400000000000001 0.022 5.485918285243853e-5
1.1400000000000001 0.0228 4.887535854549442e-15
1.1400000000000001 0.0236 6.185242024631864e-16
1.1400000000000001 0.024399999999999998 1.0186159276977224e-11
1.1400000000000001 0.025200000000000004 7.109209151821293e-9
1.1400000000000001 0.026000000000000002 1.387066248156517e-6
1.1400000000000001 0.0268 0.00010168214052084667
1.1400000000000001 0.027600000000000003 0.003937933878825642
1.1400000000000001 0.0284 0.07430025231933265
1.1400000000000001 0.0292 0.7601859075169827
1.1400000000000001 0.030000000000000002 4.944073009890186
1.1400000000000001 0.0308 19.5167364656978
1.1400000000000001 0.0316 48.25700713716219
1.1400000000000001 0.032400000000000005 81.43615930166796
1.1400000000000001 0.0332 100.98786580111714
1.1400000000000001 0.034 93.37251392609323
1.1400000000000001 0.0348 61.30687215380955
1.1400000000000001 0.0356 27.949071204889357
1.1400000000000001 0.0364 8.995719442908134
1.1400000000000001 0.037200000000000004 2.0916366501744976
1.1400000000000001 0.038 0.35989457481986037
1.1400000000000001 0.0388 0.04793050562952405
1.1400000000000001 0.039599999999999996 0.004957579950626895
1.1400000000000001 0.040400000000000005 0.0004265957738718265
1.16 0.0172 -3.901476687271802e-15
1.16 0.018000000000000002 8.944071758796255e-15
1.16 0.0188 4.772152215729341e-15
1.16 0.0196 7.322242672262874e-12
1.16 0.0204 2.7885580534715112e-8
1.16 0.021200000000000004 7.602633208924716e-6
1.16 0.022 0.00018483894343364205
1.16 0.0228 1.7182090013615648e-15
1.16 0.0236 -9.562997463241143e-16
1.16 0.024399999999999998 1.2528278771689135e-13
1.16 0.025200000000000004 1.2818114484017593e-10
1.16 0.026000000000000002 3.559570288260163e-8
1.16 0.0268 4.682697300649323e-6
1.16 0.027600000000000003 0.00027481330450537784
1.16 0.0284 0.007029533533413448
1.16 0.0292 0.10400560068361639
1.16 0.030000000000000002 0.9378933653838646
1.16 0.0308 4.7181054752931075
1.16 0.0316 14.452623184176609
1.16 0.032400000000000005 30.98406752833761
1.16 0.0332 47.63300504688963
1.16 0.034 51.25899389394472
1.16 0.0348 36.22280935449986
1.16 0.0356 16.739554520315185
1.16 0.0364 5.283167875256442
1.16 0.037200000000000004 1.1742390487921868
1.16 0.038 0.19454484896480073
1.16 0.0388 0.02479268531096114
1.16 0.039599999999999996 0.00239022092634381
1.16 0.040400000000000005 0.00019254551624938931
1.18 0.0172 3.986668548345045e-16
1.18 0.018000000000000002 1.572262890952998e-15
1.18 0.0188 6.706843466852318e-16
1.18 0.0196 -2.509098799959696e-12
1.18 0.0204 -9.517610946281213e-9
1.18 0.021200000000000004 -2.5960259352010246e-6
1.18 0.022 -6.31985548358403e-5
1.18 0.0228 5.202213912295625e-16
1.18 0.0236 -3.8237203489511416e-16
1.18 0.024399999999999998 1.921402746346043e-15
1.18 0.025200000000000004 1.562893356698642e-12
1.18 0.026000000000000002 7.012491705624874e-10
1.18 0.0268 1.602819310412876e-7
1.18 0.027600000000000003 1.4416627166887396e-5
1.18 0.0284 0.0005385863125547776
1.18 0.0292 0.011914554838618613
1.18 0.030000000000000002 0.14208472070763042
1.18 0.0308 0.8980195003676873
1.18 0.0316 3.5120155705274865
1.18 0.032400000000000005 9.677514480912421
1.18 0.0332 18.10424531868093
1.18 0.034 21.46934173240227
1.18 0.0348 15.909398570695794
1.18 0.0356 7.3172933937238795
1.18 0.0364 2.210024138432123
1.18 0.037200000000000004 0.4468678064599017
1.18 0.038 0.06780781843232425
1.18 0.0388 0.0076654478098025286
1.18 0.039599999999999996 0.0005754710665957722
1.18 0.040400000000000005 3.308053474134626e-5
1.2 0.0172 -5.58744850016899e-17
1.2 0.018000000000000002 8.593435955413729e-16
1.2 0.0188 4.845788079726024e-16
1.2 0.0196 -1.4260239931895955e-12
1.2 0.0204 -5.411949988246075e-9
1.2 0.021200000000000004 -1.4778140158248303e-6
1.2 0.022 -3.609238801705233e-5
1.2 0.0228 1.3078559120229995e-16
1.2 0.0236 -1.161083863959373e-16
1.2 0.024399999999999998 2.5866083786832033e-16
1.2 0.025200000000000004 1.3324682105462379e-14
1.2 0.026000000000000002 1.0744556784161147e-11
1.2 0.0268 3.860167498843566e-9
1.2 0.027600000000000003 4.67942715515213e-7
1.2 0.0284 3.041094707551094e-5
1.2 0.0292 0.0010788296024094647
1.2 0.030000000000000002 0.01663928076953131
1.2 0.0308 0.13374664016958446
1.2 0.0316 0.6927165180021194
1.2 0.032400000000000005 2.450428598007612
1.2 0.0332 5.356943552781647
1.2 0.034 6.795540435753499
1.2 0.0348 5.119199551614647
1.2 0.0356 2.342613052147095
1.2 0.0364 0.6974596832512946
1.2 0.037200000000000004 0.13766051333548862
1.2 0.038 0.02037723195935561
1.2 0.0388 0.002224822224753269
1.2 0.039599999999999996 0.00015364027419153593
1.2 0.040400000000000005 7.45309628806355e-6
1.22 0.0172 -2.198198693839677e-16
1.22 0.018000000000000002 4.966640361194359e-16
1.22 0.0188 3.133587502308758e-16
1.22 0.0196 -1.910528920873688e-13
1.22 0.0204 -7.231336513172276e-10
1.22 0.021200000000000004 -1.9835489834204006e-7
1.22 0.022 -4.907070745327277e-6
1.22 0.0228 2.6728638514138164e-17
1.22 0.0236 -2.670429947132622e-17
1.22 0.024399999999999998 5.653789923917771e-17
1.22 0.025200000000000004 2.2043647860175606e-17
1.22 0.026000000000000002 1.289588496564795e-13
1.22 0.0268 6.827116103409547e-11
1.22 0.027600000000000003 9.070415779798957e-9
1.22 0.0284 1.310846305783915e-6
1.22 0.0292 7.383200885286125e-5
1.22 0.030000000000000002 0.0014791003196032203
1.22 0.0308 0.01583544667155919
1.22 0.0316 0.11077261342882502
1.22 0.032400000000000005 0.49208502245717667
1.22 0.0332 1.2060291619456123
1.22 0.034 1.6117692087619258
1.22 0.0348 1.2149532232130502
1.22 0.0356 0.5568551046546358
1.22 0.0364 0.16850683624720783
1.22 0.037200000000000004 0.03486468428982664
1.22 0.038 0.005415073761735517
1.22 0.0388 0.0006384034943794258
1.22 0.039599999999999996 5.375180425996914e-5
1.22 0.040400000000000005 3.706725229735403e-6
1.24 0.0172 -5.5344448760914904e-17
1.24 0.018000000000000002 1.1093027711419692e-16
1.24 0.0188 7.112797308968072e-17
1.24 0.0196 -3.745444335947322e-14
1.24 0.0204 -1.417135386558424e-10
1.24 0.021200000000000004 -3.892903827887869e-8
1.24 0.022 -9.670551845055074e-7
1.24 0.0228 4.3313123567459645e-18
1.24 0.0236 -4.653098925831875e-18
1.24 0.024399999999999998 9.646959965372615e-18
1.24 0.025200000000000004 -1.0261964703225853e-17
1.24 0.026000000000000002 1.195634139590178e-15
1.24 0.0268 5.567136793267081e-13
1.24 0.027600000000000003 2.1993119199358315e-10
1.24 0.0284 4.7186567639368125e-8
1.24 0.0292 3.8258059005588966e-6
1.24 0.030000000000000002 0.00010224983144331353
1.24 0.0308 0.0015100015118357985
1.24 0.0316 0.014569008387362683
1.24 0.032400000000000005 0.07670940929299655
1.24 0.0332 0.20497465263452253
1.24 0.034 0.2847586703809796
1.24 0.0348 0.2161467240320425
1.24 0.0356 0.09919362808895668
1.24 0.0364 0.03011832288602824
1.24 0.037200000000000004 0.006299174212755009
1.24 0.038 0.0009884638275513295
1.24 0.0388 0.00011841838504328948
1.24 0.039599999999999996 1.0346279725893108e-5
1.24 0.040400000000000005 7.487204241317331e-7
1.26 0.0172 -4.9874756913813875e-18
1.26 0.018000000000000002 1.1726476223615838e-17
1.26 0.0188 7.3561036460538e-18
1.26 0.0196 -7.393252271215703e-15
1.26 0.0204 -2.8025644924086355e-11
1.26 0.021200000000000004 -7.67365221414795e-9
1.26 0.022 -1.888753615006834e-7
1.26 0.0228 5.442506077756753e-19
1.26 0.0236 -6.241638410537209e-19
1.26 0.024399999999999998 1.257690183417238e-18
1.26 0.025200000000000004 -1.3843745732756396e-18
1.26 0.026000000000000002 1.0833458537812352e-17
1.26 0.0268 -1.9287636971985533e-15
1.26 0.027600000000000003 6.699137110185377e-13
1.26 0.0284 1.4674753398683922e-9
1.26 0.0292 1.5784845506788843e-7
1.26 0.030000000000000002 5.800053765425018e-6
1.26 0.0308 0.00011656831907696491
1.26 0.0316 0.0014931412412329769
1.26 0.032400000000000005 0.00923111075658921
1.26 0.0332 0.02646960501198866
1.26 0.034 0.03776640319548123
1.26 0.0348 0.029220330884982264
1.26 0.0356 0.013379731497660566
1.26 0.0364 0.003968215114352933
1.26 0.037200000000000004 0.0007838733973362802
1.26 0.038 0.00011611443206154723
1.26 0.0388 1.2768871032311876e-5
1.26 0.039599999999999996 9.137686964284269e-7
1.26 0.040400000000000005 4.81035556158394e-8
1.28 0.0172 -4.785129540549975e-19
1.28 0.018000000000000002 1.1440084001031279e-18
1.28 0.0188 6.80234447675695e-19
1.28 0.0196 -4.517411946299101e-16
1.28 0.0204 -1.7098321235467469e-12
1.28 0.021200000000000004 -4.689077257145101e-10
1.28 0.022 -1.1593406149536363e-8
1.28 0.0228 5.336393608100305e-20
1.28 0.0236 -6.48260946673322e-20
1.28 0.024399999999999998 1.2364777376586153e-19
1.28 0.025200000000000004 -1.3592323250030177e-19
1.28 0.026000000000000002 3.697696128398054e-19
1.28 0.0268 -9.962036238118811e-17
1.28 0.027600000000000003 -3.0495432597991955e-15
1.28 0.0284 3.4541866925660196e-11
1.28 0.0292 4.783814649898359e-9
1.28 0.030000000000000002 2.549007587906851e-7
1.28 0.0308 8.281371568735696e-6
1.28 0.0316 0.00011821933469807889
1.28 0.032400000000000005 0.0008249098582852643
1.28 0.0332 0.0025396940945336018
1.28 0.034 0.0037851887786946583
1.28 0.0348 0.0030032857911582805
1.28 0.0356 0.00138242645308503
1.28 0.0364 0.00040559416866152063
1.28 0.037200000000000004 7.733577386816413e-5
1.28 0.038 1.1005047547787094e-5
1.28 0.0388 1.1296764516380707e-6
1.28 0.039599999999999996 6.517579607918984e-8
1.28 0.040400000000000005 1.7213717433913302e-9
1.3 0.0172 -3.3125576822461114e-20
1.3 0.018000000000000002 7.911049309641509e-20
1.3 0.0188 4.571054307034373e-20
1.3 0.0196 -6.200907009592974e-17
1.3 0.0204 -2.3511116368222155e-13
1.3 0.021200000000000004 -6.435026336298564e-11
1.3 0.022 -1.582125681088102e-9
1.3 0.0228 4.081548648699096e-21
1.3 0.0236 -5.16658328072297e-21
1.3 0.024399999999999998 9.399656864133278e-21
1.3 0.025200000000000004 -1.024806191662563e-20
1.3 0.026000000000000002 2.657007220596963e-20
1.3 0.0268 -2.0875050947012126e-18
1.3 0.027600000000000003 2.330141950471002e-16
1.3 0.0284 6.523420152425045e-13
1.3 0.0292 1.1503739289383028e-10
1.3 0.030000000000000002 9.688953907423533e-9
1.3 0.0308 4.226204382664282e-7
1.3 0.0316 7.99841898075944e-6
1.3 0.032400000000000005 5.545046055289489e-5
1.3 0.0332 0.00018371105170520983
1.3 0.034 0.0002874591442100041
1.3 0.0348 0.00023552410638385724
1.3 0.0356 0.00011039214279995645
1.3 0.0364 3.2688627339448994e-5
1.3 0.037200000000000004 6.232447655798036e-6
1.3 0.038 8.849627244209163e-7
1.3 0.0388 8.989780793887573e-8
1.3 0.039599999999999996 4.905113695083e-9
1.3 0.040400000000000005 9.048707611753347e-11
1.32 0.0172 -2.4928705801517917e-21
1.32 0.018000000000000002 5.247105791253569e-21
1.32 0.0188 2.5801782763053712e-21
1.32 0.0196 5.0180720469592235e-18
1.32 0.0204 1.9100438527210547e-14
1.32 0.021200000000000004 5.204779317984008e-12
1.32 0.022 1.2635107365482717e-10
1.32 0.0228 2.412359856215902e-22
1.32 0.0236 -3.1128436056902763e-22
1.32 0.024399999999999998 5.438999113295836e-22
1.32 0.025200000000000004 -5.902467000122006e-22
1.32 0.026000000000000002 1.4848303747066633e-21
1.32 0.0268 -1.4579541028656495e-20
1.32 0.027600000000000003 9.814755955037904e-19
1.32 0.0284 8.919004481909418e-15
1.32 0.0292 2.3333102945770653e-12
1.32 0.030000000000000002 2.926887518079604e-10
1.32 0.0308 1.662292325422051e-8
1.32 0.0316 3.8645584701051163e-7
1.32 0.032400000000000005 2.9663999566698853e-6
1.32 0.0332 1.0088363047231889e-5
1.32 0.034 1.6756945516100653e-5
1.32 0.0348 1.4283991706041772e-5
1.32 0.0356 6.825947453944572e-6
1.32 0.0364 2.0345871973447932e-6
1.32 0.037200000000000004 3.847948685286999e-7
1.32 0.038 5.399088803811005e-8
1.32 0.0388 5.33055465768107e-9
1.32 0.039599999999999996 2.535991018882898e-10
1.32 0.040400000000000005 -7.164158673880565e-13
