0.0116 0.6200000000000001 9.150068953903293e-27
0.0116 0.64 -1.8737674464881877e-26
0.0116 0.6599999999999999 -1.2587901824032711e-23
0.0116 0.6799999999999999 -5.7169401279637395e-21
0.0116 0.7 -7.644746040458939e-19
0.0116 0.72 -3.028549875574917e-17
0.0116 0.74 -3.399146643683594e-16
0.0116 0.76 -7.481164298297958e-16
0.0116 0.7799999999999999 1.0181464504284038e-15
0.0116 0.7999999999999999 1.6729189200662669e-15
0.0116 0.8200000000000001 2.4724223809879473e-15
0.0116 0.8400000000000001 -5.632988116242696e-16
0.0116 0.8600000000000001 1.7983675974555778e-15
0.0116 0.8799999999999999 -5.225659956207211e-15
0.0116 0.8999999999999999 4.163877461330878e-15
0.0116 0.9199999999999999 8.366254092103495e-15
0.0116 0.94 7.884425224911948e-14
0.0116 0.96 4.3522859708414426e-14
0.0116 0.98 7.666296747231059e-13
0.0116 1.0 -2.1417862316027948e-14
0.0116 1.02 5.888925394974351e-14
0.0116 1.0399999999999998 -1.3056679899369869e-14
0.0116 1.0599999999999998 -2.01638008336761e-14
0.0116 1.0799999999999998 -7.634904139856877e-15
0.0116 1.0999999999999999 -7.31106811413991e-15
0.0116 1.12 -7.297746170037286e-16
0.0116 1.1400000000000001 -3.316396459748559e-15
0.0116 1.16 -5.450479209152326e-15
0.0116 1.18 -3.4003299986544326e-15
0.0116 1.2 -7.770736396793646e-16
0.0116 1.22 -1.171377126012322e-16
0.0116 1.24 -1.8334409757516294e-17
0.0116 1.26 -5.957934332112756e-18
0.0116 1.28 -1.7292796756933884e-18
0.0116 1.3 -3.312319566163778e-19
0.0116 1.32 -3.9119513520910496e-20
0.012400000000000001 0.6200000000000001 3.696146154238942e-27
0.012400000000000001 0.64 -5.081293621228493e-27
0.012400000000000001 0.6599999999999999 -3.5959693070813265e-25
0.012400000000000001 0.6799999999999999 -1.7198812330330449e-22
0.012400000000000001 0.7 -2.3049973419323756e-20
0.012400000000000001 0.72 -9.201290686269164e-19
0.012400000000000001 0.74 -1.0939697606729593e-17
0.012400000000000001 0.76 -3.814654829864341e-17
0.012400000000000001 0.7799999999999999 -1.0301358148990688e-16
0.012400000000000001 0.7999999999999999 1.0014034185253831e-16
0.012400000000000001 0.8200000000000001 -3.630494991758192e-16
0.012400000000000001 0.8400000000000001 -1.0059949802798897e-15
0.012400000000000001 0.8600000000000001 -7.542477451694133e-16
0.012400000000000001 0.8799999999999999 -6.635239907310024e-16
0.012400000000000001 0.8999999999999999 1.2500069406914885e-14
0.012400000000000001 0.9199999999999999 1.714889395914123e-14
0.012400000000000001 0.94 1.7925940192176568e-14
0.012400000000000001 0.96 -8.67267539131807e-15
0.012400000000000001 0.98 3.1522257836852327e-13
0.012400000000000001 1.0 4.200321086298815e-14
0.012400000000000001 1.02 -3.6688819762153846e-13
0.012400000000000001 1.0399999999999998 -5.576707715165349e-15
0.012400000000000001 1.0599999999999998 1.1748713936915242e-15
0.012400000000000001 1.0799999999999998 -1.3832276004741587e-14
0.012400000000000001 1.0999999999999999 1.090184430877963e-14
0.012400000000000001 1.12 1.6704354993570758e-14
0.012400000000000001 1.1400000000000001 -1.0698747354531275e-14
0.012400000000000001 1.16 -6.678333084289989e-15
0.012400000000000001 1.18 1.527958635710097e-15
0.012400000000000001 1.2 2.9676866222321156e-15
0.012400000000000001 1.22 1.2939323589877529e-15
0.012400000000000001 1.24 2.545912649303986e-16
0.012400000000000001 1.26 1.5851360334759876e-17
0.012400000000000001 1.28 -3.724410651123606e-18
0.012400000000000001 1.3 -1.1574178816879795e-18
0.012400000000000001 1.32 -1.5365779851927253e-19
0.0132 0.6200000000000001 -7.677043362424406e-27
0.0132 0.64 1.6279884254394495e-26
0.0132 0.6599999999999999 1.9844308498556807e-23
0.0132 0.6799999999999999 8.990979917620016e-21
0.0132 0.7 1.2009158877986568e-18
0.0132 0.72 4.7429425273985925e-17
0.0132 0.74 5.263880770887377e-16
0.0132 0.76 1.0779746772496672e-15
0.0132 0.7799999999999999 -2.2442757008127695e-15
0.0132 0.7999999999999999 -3.3151810894767385e-15
0.0132 0.8200000000000001 -6.460052282351446e-15
0.0132 0.8400000000000001 -2.966712022092622e-15
0.0132 0.8600000000000001 -2.3262171679463654e-15
0.0132 0.8799999999999999 4.874740642050827e-15
0.0132 0.8999999999999999 1.2528156391835489e-14
0.0132 0.9199999999999999 -1.111790483778858e-15
0.0132 0.94 5.5074419949613345e-14
0.0132 0.96 2.187425884748495e-14
0.0132 0.98 -1.2396214043642782e-13
0.0132 1.0 6.572261636152356e-14
0.0132 1.02 2.5700424724965026e-13
0.0132 1.0399999999999998 4.785670899011017e-14
0.0132 1.0599999999999998 2.1610386103312082e-14
0.0132 1.0799999999999998 -4.575290291151854e-14
0.0132 1.0999999999999999 -2.6315728022928473e-13
0.0132 1.12 -1.9119357403962464e-13
0.0132 1.1400000000000001 1.7201930247013695e-12
0.0132 1.16 4.328377589985458e-12
0.0132 1.18 4.8593535377710975e-12
0.0132 1.2 3.2341857959620524e-12
0.0132 1.22 1.4158264099392366e-12
0.0132 1.24 4.2684981211573516e-13
0.0132 1.26 9.147312556352339e-14
0.0132 1.28 1.440728827259183e-14
0.0132 1.3 1.6912570279398335e-15
0.0132 1.32 1.4845227233834126e-16
0.014000000000000002 0.6200000000000001 -4.327129127415578e-23
0.014000000000000002 0.64 2.1927537562459133e-22
0.014000000000000002 0.6599999999999999 2.6498580331746245e-19
0.014000000000000002 0.6799999999999999 1.1991527307731666e-16
0.014000000000000002 0.7 1.6002750371249723e-14
0.014000000000000002 0.72 6.306283044263449e-13
0.014000000000000002 0.74 6.961671587537386e-12
0.014000000000000002 0.76 1.4055837699534073e-11
0.014000000000000002 0.7799999999999999 -2.985593375359815e-11
0.014000000000000002 0.7999999999999999 -4.331360438174607e-11
0.014000000000000002 0.8200000000000001 -8.264424542277613e-11
0.014000000000000002 0.8400000000000001 -4.2944447245547916e-11
0.014000000000000002 0.8600000000000001 -4.490415686181891e-11
0.014000000000000002 0.8799999999999999 5.821548062574438e-11
0.014000000000000002 0.8999999999999999 2.519401513158237e-10
0.014000000000000002 0.9199999999999999 1.1106195806178885e-10
0.014000000000000002 0.94 6.244607996798302e-11
0.014000000000000002 0.96 3.684942272106689e-10
0.014000000000000002 0.98 7.764719987771122e-10
0.014000000000000002 1.0 3.061295168719071e-10
0.014000000000000002 1.02 8.128847687201762e-10
0.014000000000000002 1.0399999999999998 8.936505182136908e-10
0.014000000000000002 1.0599999999999998 6.090205731789394e-10
0.014000000000000002 1.0799999999999998 1.209482436602328e-9
0.014000000000000002 1.0999999999999999 3.3559370492889036e-9
0.014000000000000002 1.12 1.361868638177767e-8
0.014000000000000002 1.1400000000000001 4.266911359649297e-8
0.014000000000000002 1.16 6.961638387247576e-8
0.014000000000000002 1.18 6.436829780340983e-8
0.014000000000000002 1.2 3.790892269089935e-8
0.014000000000000002 1.22 1.5137407468005955e-8
0.014000000000000002 1.24 4.236247437498871e-9
0.014000000000000002 1.26 8.537566324801725e-10
0.014000000000000002 1.28 1.2813828635746004e-10
0.014000000000000002 1.3 1.448510334266681e-11
0.014000000000000002 1.32 1.2346280941820327e-12
0.0148 0.6200000000000001 -4.380550532210127e-20
0.0148 0.64 2.2028063702837464e-19
0.0148 0.6599999999999999 2.7298139529560314e-16
0.0148 0.6799999999999999 1.2353853628356723e-13
0.0148 0.7 1.648682114788201e-11
0.0148 0.72 6.497482400959691e-10
0.0148 0.74 7.172776464115575e-9
0.0148 0.76 1.4464044012500073e-8
0.0148 0.7799999999999999 -3.096198004315684e-8
0.0148 0.7999999999999999 -4.506357694868727e-8
0.0148 0.8200000000000001 -8.567809201031961e-8
0.0148 0.8400000000000001 -4.7198263039320015e-8
0.0148 0.8600000000000001 -4.738222456063746e-8
0.0148 0.8799999999999999 5.823445595661879e-8
0.0148 0.8999999999999999 2.6573675228432754e-7
0.0148 0.9199999999999999 1.2048379997080425e-7
0.0148 0.94 6.106268123076025e-8
0.0148 0.96 2.876813369095239e-7
0.0148 0.98 6.626161152066032e-7
0.0148 1.0 3.5796460448117706e-7
0.0148 1.02 8.099620111416781e-7
0.0148 1.0399999999999998 1.2135100334865637e-6
0.0148 1.0599999999999998 1.953112547525345e-6
0.0148 1.0799999999999998 6.256246558002751e-6
0.0148 1.0999999999999999 1.6226890427992092e-5
0.0148 1.12 3.455475435484448e-5
0.0148 1.1400000000000001 5.7947420142676894e-5
0.0148 1.16 6.750793755478193e-5
0.0148 1.18 5.1285104929765066e-5
0.0148 1.2 2.6248476020846337e-5
0.0148 1.22 9.334436231173843e-6
0.0148 1.24 2.3570284958343403e-6
0.0148 1.26 4.323823173854634e-7
0.0148 1.28 5.98200923674386e-8
0.0148 1.3 6.31553079552313e-9
0.0148 1.32 5.082940270161586e-10
0.015600000000000001 0.6200000000000001 -2.6871391851636503e-18
0.015600000000000001 0.64 1.4666614971165817e-17
0.015600000000000001 0.6599999999999999 1.832342251972491e-14
0.015600000000000001 0.6799999999999999 8.292102455625203e-12
0.015600000000000001 0.7 1.1066199677332202e-9
0.015600000000000001 0.72 4.361129978587186e-8
0.015600000000000001 0.74 4.813562713912287e-7
0.015600000000000001 0.76 9.694267382828554e-7
0.015600000000000001 0.7799999999999999 -2.086382393969646e-6
0.015600000000000001 0.7999999999999999 -3.049748710699387e-6
0.015600000000000001 0.8200000000000001 -5.756254944356941e-6
0.015600000000000001 0.8400000000000001 -3.319655175234519e-6
0.015600000000000001 0.8600000000000001 -3.283784917053094e-6
0.015600000000000001 0.8799999999999999 3.825718890233938e-6
0.015600000000000001 0.8999999999999999 1.841209141485138e-5
0.015600000000000001 0.9199999999999999 8.492073050944796e-6
0.015600000000000001 0.94 3.7991029105525924e-6
0.015600000000000001 0.96 1.306845786294139e-5
0.015600000000000001 0.98 3.738880280909066e-5
0.015600000000000001 1.0 3.988229827815999e-5
0.015600000000000001 1.02 0.00014030164337256628
0.015600000000000001 1.0399999999999998 0.00042124264314818337
0.015600000000000001 1.0599999999999998 0.0010410681234903163
0.015600000000000001 1.0799999999999998 0.0024732984211963353
0.015600000000000001 1.0999999999999999 0.004932997449203368
0.015600000000000001 1.12 0.007728186788012623
0.015600000000000001 1.1400000000000001 0.009195256633315288
0.015600000000000001 1.16 0.008114797112883031
0.015600000000000001 1.18 0.005122254719950435
0.015600000000000001 1.2 0.002309105128581695
0.015600000000000001 1.22 0.0007481833566760931
0.015600000000000001 1.24 0.00017570156064980634
0.015600000000000001 1.26 3.032930912338666e-5
0.015600000000000001 1.28 3.979024122410159e-6
0.015600000000000001 1.3 4.0130481931892584e-7
0.015600000000000001 1.32 3.1058977116730295e-8
0.016399999999999998 0.6200000000000001 -1.0540106203042018e-17
0.016399999999999998 0.64 9.674306545513792e-17
0.016399999999999998 0.6599999999999999 1.1523078448669188e-13
0.016399999999999998 0.6799999999999999 5.214499368837564e-11
0.016399999999999998 0.7 6.958510862996147e-9
0.016399999999999998 0.72 2.7417382998585497e-7
0.016399999999999998 0.74 3.0239610231472655e-6
0.016399999999999998 0.76 6.0751445068374386e-6
0.016399999999999998 0.7799999999999999 -1.3138466547998914e-5
0.016399999999999998 0.7999999999999999 -1.9558076119460444e-5
0.016399999999999998 0.8200000000000001 -3.5854075875369395e-5
0.016399999999999998 0.8400000000000001 -2.2029740289143214e-5
0.016399999999999998 0.8600000000000001 -2.2375076481885785e-5
0.016399999999999998 0.8799999999999999 2.3510284333303562e-5
0.016399999999999998 0.8999999999999999 0.00012196501145183448
0.016399999999999998 0.9199999999999999 5.119004649970512e-5
0.016399999999999998 0.94 1.926749509393968e-5
0.016399999999999998 0.96 3.355114519166393e-5
0.016399999999999998 0.98 0.0007220124397085501
0.016399999999999998 1.0 0.004524551620055987
0.016399999999999998 1.02 0.018625084605184323
0.016399999999999998 1.0399999999999998 0.049306611743885814
0.016399999999999998 1.0599999999999998 0.09685716836947465
0.016399999999999998 1.0799999999999998 0.1675323948677435
0.016399999999999998 1.0999999999999999 0.2560537125268509
0.016399999999999998 1.12 0.3160082536349802
0.016399999999999998 1.1400000000000001 0.30116221304237417
0.016399999999999998 1.16 0.22019846463767434
0.016399999999999998 1.18 0.12169847678502611
0.016399999999999998 1.2 0.0505352964358598
0.016399999999999998 1.22 0.015713123820675717
0.016399999999999998 1.24 0.0036518084163533553
0.016399999999999998 1.26 0.0006375269489961644
0.016399999999999998 1.28 8.539070064482983e-5
0.016399999999999998 1.3 8.823027837593453e-6
0.016399999999999998 1.32 7.011634445555061e-7
0.0172 0.6200000000000001 -1.0758854331250448e-16
0.0172 0.64 7.656027337715313e-16
0.0172 0.6599999999999999 8.664960101192445e-13
0.0172 0.6799999999999999 3.922239109087331e-10
0.0172 0.7 5.2344273539814256e-8
0.0172 0.72 2.0627931683902016e-6
0.0172 0.74 2.2762581243418823e-5
0.0172 0.76 4.583814131165545e-5
0.0172 0.7799999999999999 -9.835223241150077e-5
0.0172 0.7999999999999999 -0.00014745276911464338
0.0172 0.8200000000000001 -0.000269763772285024
0.0172 0.8400000000000001 -0.00015862263395754626
0.0172 0.8600000000000001 -0.00016440263704164563
0.0172 0.8799999999999999 0.00018184342365546715
0.0172 0.8999999999999999 0.000859497099537703
0.0172 0.9199999999999999 0.0004333967741858653
0.0172 0.94 0.0016201594647165735
0.0172 0.96 0.010674617128043887
0.0172 0.98 0.06328698943686016
0.0172 1.0 0.26592301432495663
0.0172 1.02 0.7542039097552523
0.0172 1.0399999999999998 1.4729539589151264
0.0172 1.0599999999999998 2.246480049453421
0.0172 1.0799999999999998 3.054879459280093
0.0172 1.0999999999999999 3.736932436955897
0.0172 1.12 3.817068530485014
0.0172 1.1400000000000001 3.1270052736688747
0.0172 1.16 2.042331975709594
0.0172 1.18 1.0524874504788098
0.0172 1.2 0.42250979161367724
0.0172 1.22 0.13071313085679068
0.0172 1.24 0.03079070284062345
0.0172 1.26 0.0055051680217659
0.0172 1.28 0.0007552658577726247
0.0172 1.3 7.967260024867544e-5
0.0172 1.32 6.453207948155249e-6
0.018000000000000002 0.6200000000000001 -9.17230543025383e-16
0.018000000000000002 0.64 4.694191786297481e-15
0.018000000000000002 0.6599999999999999 5.440544912293488e-12
0.018000000000000002 0.6799999999999999 2.4628643534729857e-9
0.018000000000000002 0.7 3.2872703956100015e-7
0.018000000000000002 0.72 1.2959508601542845e-5
0.018000000000000002 0.74 0.00014317403743234258
0.018000000000000002 0.76 0.0002896678384008482
0.018000000000000002 0.7799999999999999 -0.0006107470923822826
0.018000000000000002 0.7999999999999999 -0.0008980483355326273
0.018000000000000002 0.8200000000000001 -0.001658509171375913
0.018000000000000002 0.8400000000000001 -0.0009736584208596841
0.018000000000000002 0.8600000000000001 -0.0010134632399363063
0.018000000000000002 0.8799999999999999 0.0013461195888651415
0.018000000000000002 0.8999999999999999 0.007862103912548952
0.018000000000000002 0.9199999999999999 0.022300709538517555
0.018000000000000002 0.94 0.11730940301956198
0.018000000000000002 0.96 0.49324678993745086
0.018000000000000002 0.98 1.7134464692438927
0.018000000000000002 1.0 4.684714050869336
0.018000000000000002 1.02 9.491780385858357
0.018000000000000002 1.0399999999999998 14.49059570247436
0.018000000000000002 1.0599999999999998 18.31472049769479
0.018000000000000002 1.0799999999999998 20.770628739312063
0.018000000000000002 1.0999999999999999 21.357999723473025
0.018000000000000002 1.12 18.967920575391457
0.018000000000000002 1.1400000000000001 14.094633724004371
0.018000000000000002 1.16 8.648309415550704
0.018000000000000002 1.18 4.328259962417118
0.018000000000000002 1.2 1.7169392277059319
0.018000000000000002 1.22 0.527999784731737
0.018000000000000002 1.24 0.12397337060336518
0.018000000000000002 1.26 0.022109718772009537
0.018000000000000002 1.28 0.0030205058170228866
0.018000000000000002 1.3 0.0003171169771552004
0.018000000000000002 1.32 2.5585364632824938e-5
0.0188 0.6200000000000001 -1.846186024432191e-15
0.0188 0.64 1.2333335391682142e-14
0.0188 0.6599999999999999 1.195363762922065e-11
0.0188 0.6799999999999999 5.4124896953686436e-9
0.0188 0.7 7.2218915384353e-7
0.0188 0.72 2.8444591040326572e-5
0.0188 0.74 0.00031328341615821176
0.0188 0.76 0.0006245879350556954
0.0188 0.7799999999999999 -0.0014003325328964507
0.0188 0.7999999999999999 -0.0021406528327828603
0.0188 0.8200000000000001 -0.003933150435713387
0.0188 0.8400000000000001 -0.002354899741741784
0.0188 0.8600000000000001 -0.001051475815062394
0.0188 0.8799999999999999 0.016457167810814605
0.0188 0.8999999999999999 0.13538047912917564
0.0188 0.9199999999999999 0.7031296661458584
0.0188 0.94 2.650787730464575
0.0188 0.96 7.492903265611639
0.0188 0.98 17.339172983947197
0.0188 1.0 33.38931109627373
0.0188 1.02 51.989130892313746
0.0188 1.0399999999999998 66.209111040615
0.0188 1.0599999999999998 72.95458130917282
0.0188 1.0799999999999998 72.4079178768155
0.0188 1.0999999999999999 64.69864179052361
0.0188 1.12 51.337522778817274
0.0188 1.1400000000000001 35.57696897643713
0.0188 1.16 21.08626583415691
0.0188 1.18 10.409846310457096
0.0188 1.2 4.13580990265564
0.0188 1.22 1.2865881777150177
0.0188 1.24 0.30782820947120976
0.0188 1.26 0.056171983373874294
0.0188 1.28 0.007832033727999253
0.0188 1.3 0.0008359582176002987
0.0188 1.32 6.843780927036006e-5
0.0196 0.6200000000000001 -4.669279786646967e-15
0.0196 0.64 2.2549086444283372e-14
0.0196 0.6599999999999999 2.4307716467662548e-11
0.0196 0.6799999999999999 1.1003165221246537e-8
0.0196 0.7 1.4685083510873159e-6
0.0196 0.72 5.7878663143466216e-5
0.0196 0.74 0.0006386961558547378
0.0196 0.76 0.0012814092424510897
0.0196 0.7799999999999999 -0.0028144725993466783
0.0196 0.7999999999999999 -0.004158452507974036
0.0196 0.8200000000000001 -0.0075324353531067475
0.0196 0.8400000000000001 0.0003860875414222726
0.0196 0.8600000000000001 0.05385186985938735
0.0196 0.8799999999999999 0.42306342035243993
0.0196 0.8999999999999999 2.3077953031845473
0.0196 0.9199999999999999 8.70424686683535
0.0196 0.94 23.40014847521954
0.0196 0.96 48.78766471361245
0.0196 0.98 85.26657456815154
0.0196 1.0 127.36904233291216
0.0196 1.02 162.23893231643092
0.0196 1.0399999999999998 179.90746564491076
0.0196 1.0599999999999998 178.2631706517425
0.0196 1.0799999999999998 158.64489255808567
0.0196 1.0999999999999999 127.1839461583476
0.0196 1.12 92.63481180877965
0.0196 1.1400000000000001 60.72845744330292
0.0196 1.16 34.84353893822122
0.0196 1.18 17.067746968276783
0.0196 1.2 6.929386940648018
0.0196 1.22 2.2569668918032932
0.0196 1.24 0.5726331443078719
0.0196 1.26 0.11101194923638602
0.0196 1.28 0.016323613492186313
0.0196 1.3 0.0018212472230073997
0.0196 1.32 0.00015459313412881668
0.0204 0.6200000000000001 -1.1192610898828334e-14
0.0204 0.64 3.297719094776865e-14
0.0204 0.6599999999999999 2.6100388001941794e-11
0.0204 0.6799999999999999 1.1841304818415295e-8
0.0204 0.7 1.5833249279147946e-6
0.0204 0.72 6.270062443900917e-5
0.0204 0.74 0.0007017396371972333
0.0204 0.76 0.0015039021942119999
0.0204 0.7799999999999999 -0.00253686927343756
0.0204 0.7999999999999999 -0.003380494651652787
0.0204 0.8200000000000001 0.0024212333682091212
0.0204 0.8400000000000001 0.14362582141920577
0.0204 0.8600000000000001 1.0189402943350034
0.0204 0.8799999999999999 4.887054371692792
0.0204 0.8999999999999999 18.040795275544703
0.0204 0.9199999999999999 49.062003539502705
0.0204 0.94 101.45056883733481
0.0204 0.96 172.01995580959058
0.0204 0.98 249.8396292017826
0.0204 1.0 315.51987237867246
0.0204 1.02 350.1857618986681
0.0204 1.0399999999999998 347.8042018944669
0.0204 1.0599999999999998 312.8577391227093
0.0204 1.0799999999999998 254.97828950480954
0.0204 1.0999999999999999 187.75042524473622
0.0204 1.12 126.65482128003757
0.0204 1.1400000000000001 78.13926174016945
0.0204 1.16 43.42648376954041
0.0204 1.18 21.305703777999266
0.0204 1.2 8.83408655237168
0.0204 1.22 2.949597134890232
0.0204 1.24 0.7626834814292764
0.0204 1.26 0.14956095300812333
0.0204 1.28 0.022071022416685102
0.0204 1.3 0.002456749341245468
0.0204 1.32 0.0002078132001126875
0.021200000000000004 0.6200000000000001 -7.89947017119076e-15
0.021200000000000004 0.64 1.642067471148884e-14
0.021200000000000004 0.6599999999999999 -1.4290908367543427e-11
0.021200000000000004 0.6799999999999999 -6.476298493099776e-9
0.021200000000000004 0.7 -8.601421916008566e-7
0.021200000000000004 0.72 -3.3528322068114184e-5
0.021200000000000004 0.74 -0.0003666011918202182
0.021200000000000004 0.76 -0.0008370883112973163
0.021200000000000004 0.7799999999999999 0.0004140764626634893
0.021200000000000004 0.7999999999999999 0.007124364501631967
0.021200000000000004 0.8200000000000001 0.17359209293555738
0.021200000000000004 0.8400000000000001 1.611281246866542
0.021200000000000004 0.8600000000000001 8.09112149437806
0.021200000000000004 0.8799999999999999 27.673460604242898
0.021200000000000004 0.8999999999999999 74.54501618928066
0.021200000000000004 0.9199999999999999 158.9211670567582
0.021200000000000004 0.94 271.22387959750296
0.021200000000000004 0.96 394.9030008491764
0.021200000000000004 0.98 503.45611140231335
0.021200000000000004 1.0 568.638389415845
0.021200000000000004 1.02 573.1801172942596
0.021200000000000004 1.0399999999999998 521.075316511454
0.021200000000000004 1.0599999999999998 431.3573784756748
0.021200000000000004 1.0799999999999998 325.68471137233144
0.021200000000000004 1.0999999999999999 223.94315747617028
0.021200000000000004 1.12 141.07419173398935
0.021200000000000004 1.1400000000000001 82.20296387274664
0.021200000000000004 1.16 44.23071238175276
0.021200000000000004 1.18 21.25153971430759
0.021200000000000004 1.2 8.590975785172795
0.021200000000000004 1.22 2.7683236282535626
0.021200000000000004 1.24 0.686866465342848
0.021200000000000004 1.26 0.12921438057319293
0.021200000000000004 1.28 0.0182909972674338
0.021200000000000004 1.3 0.0019547908373510497
0.021200000000000004 1.32 0.00015976097870602156
0.022 0.6200000000000001 2.738790677039443e-14
0.022 0.64 -2.4927208688910886e-14
0.022 0.6599999999999999 -1.2234564442504264e-10
0.022 0.6799999999999999 -5.5549172744202795e-8
0.022 0.7 -7.441363029918863e-6
0.022 0.72 -0.0002961081480434453
0.022 0.74 -0.003363152346265639
0.022 0.76 -0.00760090492356249
0.022 0.7799999999999999 0.01370889654913094
0.022 0.7999999999999999 0.12144131209373625
0.022 0.8200000000000001 1.4934198723353573
0.022 0.8400000000000001 9.298589765488263
0.022 0.8600000000000001 34.50289693593563
0.022 0.8799999999999999 91.87613965738258
0.022 0.8999999999999999 197.04689155660867
0.022 0.9199999999999999 348.0960083649858
0.022 0.94 518.6435466539072
0.022 0.96 677.4769669015469
0.022 0.98 780.8926649199694
0.022 1.0 805.0535269281396
0.022 1.02 748.4240543339267
0.022 1.0399999999999998 629.6678927722046
0.022 1.0599999999999998 484.411857180911
0.022 1.0799999999999998 342.699848557482
0.022 1.0999999999999999 221.98368135888597
0.022 1.12 132.38093036430294
0.022 1.1400000000000001 73.73010361600777
0.022 1.16 37.766444358542984
0.022 1.18 17.041087484228047
0.022 1.2 6.336383026116809
0.022 1.22 1.854220426873819
0.022 1.24 0.41724209079505475
0.022 1.26 0.07154389628695249
0.022 1.28 0.009233823107839123
0.022 1.3 0.0008994068600717992
0.022 1.32 6.759969788459293e-5
0.0228 0.6200000000000001 -1.9770214867754566e-14
0.0228 0.64 -6.312178837628376e-14
0.0228 0.6599999999999999 -1.6908315831655153e-10
0.0228 0.6799999999999999 -7.669463053367204e-8
0.0228 0.7 -1.0258860323682604e-5
0.0228 0.72 -0.0004072480241203254
0.0228 0.74 -0.004619418785854016
0.0228 0.76 -0.009639210234369646
0.0228 0.7799999999999999 0.06435022896189535
0.0228 0.7999999999999999 0.9090320319556684
0.0228 0.8200000000000001 7.191008127453876
0.0228 0.8400000000000001 32.26933761367538
0.0228 0.8600000000000001 94.81569375547754
0.0228 0.8799999999999999 207.65066845254128
0.0228 0.8999999999999999 374.76443801012766
0.0228 0.9199999999999999 579.7520462992348
0.0228 0.94 779.6414508722683
0.0228 0.96 924.3591689254846
0.0228 0.98 977.8692618561822
0.0228 1.0 933.7748569191159
0.0228 1.02 808.574624216672
0.0228 1.0399999999999998 635.5939189803947
0.0228 1.0599999999999998 458.9518733049913
0.0228 1.0799999999999998 306.63127003257875
0.0228 1.0999999999999999 189.4253945814208
0.0228 1.12 108.55143991523008
0.0228 1.1400000000000001 57.7629983838122
0.0228 1.16 27.6731948929957
0.0228 1.18 11.38487588815885
0.0228 1.2 3.7834545323004662
0.0228 1.22 0.9752929777051467
0.0228 1.24 0.19219188761989062
0.0228 1.26 0.028803547494379026
0.0228 1.28 0.0031861825601344975
0.0228 1.3 0.00025633572710449104
0.0228 1.32 1.5442768643460437e-5
0.0236 0.6200000000000001 7.811607737622877e-14
0.0236 0.64 3.7025225075072967e-14
0.0236 0.6599999999999999 -2.6319148339010883e-11
0.0236 0.6799999999999999 -1.208533237962648e-8
0.0236 0.7 -1.680340153959848e-6
0.0236 0.72 -7.118190567547112e-5
0.0236 0.74 -0.0005839966342039385
0.0236 0.76 0.02017942186166323
0.0236 0.7799999999999999 0.4779107204574592
0.0236 0.7999999999999999 4.401217629043006
0.0236 0.8200000000000001 23.104140012312087
0.0236 0.8400000000000001 77.34141284124587
0.0236 0.8600000000000001 185.67140957735694
0.0236 0.8799999999999999 350.02697225363625
0.0236 0.8999999999999999 557.2899798716475
0.0236 0.9199999999999999 777.1211792208346
0.0236 0.94 953.9825214614956
0.0236 0.96 1042.0420240302192
0.0236 0.98 1024.8782212190715
0.0236 1.0 914.4109794559223
0.0236 1.02 743.3913887077573
0.0236 1.0399999999999998 551.9900169912992
0.0236 1.0599999999999998 378.8199015081843
0.0236 1.0799999999999998 241.82959127475252
0.0236 1.0999999999999999 143.5615361661512
0.0236 1.12 78.97291231044181
0.0236 1.1400000000000001 39.741946858330245
0.0236 1.16 17.577384344861546
0.0236 1.18 6.5456896595375476
0.0236 1.2 1.9338345477428727
0.0236 1.22 0.4372751065194403
0.0236 1.24 0.07443041050572922
0.0236 1.26 0.009441786590738306
0.0236 1.28 0.0008282593986260301
0.0236 1.3 4.3611177616183364e-5
0.0236 1.32 7.663784410471521e-7
0.024399999999999998 0.6200000000000001 5.2274243718430344e-14
0.024399999999999998 0.64 3.006948483391515e-13
0.024399999999999998 0.6599999999999999 3.7127148711633276e-10
0.024399999999999998 0.6799999999999999 1.6699108724319188e-7
0.024399999999999998 0.7 2.1900238698146508e-5
0.024399999999999998 0.72 0.0008539297435813438
0.024399999999999998 0.74 0.012230104367415688
0.024399999999999998 0.76 0.16517725688085624
0.024399999999999998 0.7799999999999999 2.1149751559230516
0.024399999999999998 0.7999999999999999 13.806845858580399
0.024399999999999998 0.8200000000000001 52.371755096610855
0.024399999999999998 0.8400000000000001 137.6169505248831
0.024399999999999998 0.8600000000000001 280.2044117607563
0.024399999999999998 0.8799999999999999 468.8305421000943
0.024399999999999998 0.8999999999999999 676.9762409627859
0.024399999999999998 0.9199999999999999 865.9355156402795
0.024399999999999998 0.94 983.1668821431593
0.024399999999999998 0.96 1003.1906861080296
0.024399999999999998 0.98 925.3933721752668
0.024399999999999998 1.0 777.3574987745508
0.024399999999999998 1.02 597.3868189675617
0.024399999999999998 1.0399999999999998 423.80912128338116
0.024399999999999998 1.0599999999999998 279.4901740146675
0.024399999999999998 1.0799999999999998 171.68784581603958
0.024399999999999998 1.0999999999999999 98.1227929869467
0.024399999999999998 1.12 51.48508541882526
0.024399999999999998 1.1400000000000001 24.13670134274701
0.024399999999999998 1.16 9.704309563358981
0.024399999999999998 1.18 3.2210784125822043
0.024399999999999998 1.2 0.8412456860290537
0.024399999999999998 1.22 0.16694899745245506
0.024399999999999998 1.24 0.02459745260145031
0.024399999999999998 1.26 0.0026336064116963933
0.024399999999999998 1.28 0.00017312299478255773
0.024399999999999998 1.3 2.323637009849996e-6
0.024399999999999998 1.32 -7.432489145103505e-7
0.025200000000000004 0.6200000000000001 4.392515612769781e-14
0.025200000000000004 0.64 1.6407056562401525e-13
0.025200000000000004 0.6599999999999999 1.6960964908364003e-10
0.025200000000000004 0.6799999999999999 7.81034981686016e-8
0.025200000000000004 0.7 1.1451096073080658e-5
0.025200000000000004 0.72 0.000702601463399638
0.025200000000000004 0.74 0.027712306162732934
0.025200000000000004 0.76 0.6220405727739348
0.025200000000000004 0.7799999999999999 6.246992278292929
0.025200000000000004 0.7999999999999999 30.26480974026977
0.025200000000000004 0.8200000000000001 88.571909318833
0.025200000000000004 0.8400000000000001 192.4489268239893
0.025200000000000004 0.8600000000000001 343.1476309282089
0.025200000000000004 0.8799999999999999 522.0815419053075
0.025200000000000004 0.8999999999999999 696.9728509176382
0.025200000000000004 0.9199999999999999 827.8113194127759
0.025200000000000004 0.94 878.797623105218
0.025200000000000004 0.96 842.6891979051683
0.025200000000000004 0.98 735.484247586776
0.025200000000000004 1.0 586.1026067996996
0.025200000000000004 1.02 430.9372735872233
0.025200000000000004 1.0399999999999998 295.2518554787382
0.025200000000000004 1.0599999999999998 187.98007195256002
0.025200000000000004 1.0799999999999998 111.33064267507821
0.025200000000000004 1.0999999999999999 61.103208763703144
0.025200000000000004 1.12 30.272479330516965
0.025200000000000004 1.1400000000000001 13.081141725235346
0.025200000000000004 1.16 4.739361118100279
0.025200000000000004 1.18 1.3911893800153603
0.025200000000000004 1.2 0.3178404736056136
0.025200000000000004 1.22 0.0545425725823368
0.025200000000000004 1.24 0.006965586402914882
0.025200000000000004 1.26 0.0006781211676229827
0.025200000000000004 1.28 4.720815145020106e-5
0.025200000000000004 1.3 2.251418120055381e-6
0.025200000000000004 1.32 8.353125828038298e-8
0.026000000000000002 0.6200000000000001 1.740032321638426e-14
0.026000000000000002 0.64 -4.265687101925867e-13
0.026000000000000002 0.6599999999999999 -7.610399344464272e-10
0.026000000000000002 0.6799999999999999 -3.2258951405996243e-7
0.026000000000000002 0.7 -3.314632570251691e-5
0.026000000000000002 0.72 9.467334027951604e-5
0.026000000000000002 0.74 0.07252200958813527
0.026000000000000002 0.76 1.624683462512238
0.026000000000000002 0.7799999999999999 12.736091978823334
0.026000000000000002 0.7999999999999999 48.737274993296765
0.026000000000000002 0.8200000000000001 117.67841054962481
0.026000000000000002 0.8400000000000001 221.6677696442547
0.026000000000000002 0.8600000000000001 355.3984748703219
0.026000000000000002 0.8799999999999999 500.4041341503889
0.026000000000000002 0.8999999999999999 624.7179840117908
0.026000000000000002 0.9199999999999999 694.1379284905195
0.026000000000000002 0.94 694.6181666598287
0.026000000000000002 0.96 631.6006873988621
0.026000000000000002 0.98 524.7011938276804
0.026000000000000002 1.0 400.79945426497034
0.026000000000000002 1.02 284.68149438286616
0.026000000000000002 1.0399999999999998 189.02075463054064
0.026000000000000002 1.0599999999999998 116.20843631821153
0.026000000000000002 1.0799999999999998 66.32217513045467
0.026000000000000002 1.0999999999999999 34.775216322487665
0.026000000000000002 1.12 16.106131311730362
0.026000000000000002 1.1400000000000001 6.377313886825196
0.026000000000000002 1.16 2.101748558543819
0.026000000000000002 1.18 0.5585607303247216
0.026000000000000002 1.2 0.11387980381125004
0.026000000000000002 1.22 0.016905508465324612
0.026000000000000002 1.24 0.0017767955529074857
0.026000000000000002 1.26 0.00014054721399324615
0.026000000000000002 1.28 9.512305236282921e-6
0.026000000000000002 1.3 8.719075208801849e-7
0.026000000000000002 1.32 9.950707082484781e-8
0.0268 0.6200000000000001 2.611779857334827e-14
0.0268 0.64 2.9150618725050453e-13
0.0268 0.6599999999999999 4.792239963087021e-10
0.0268 0.6799999999999999 2.826005531634422e-7
0.0268 0.7 6.493906493314633e-5
0.0268 0.72 0.006027143070119767
0.0268 0.74 0.21746531922290044
0.0268 0.76 3.0771980011973414
0.0268 0.7799999999999999 18.951572831307075
0.0268 0.7999999999999999 61.18705878774057
0.0268 0.8200000000000001 129.49520731949337
0.0268 0.8400000000000001 218.57259434925191
0.0268 0.8600000000000001 322.4783385151916
0.0268 0.8799999999999999 424.12914556175144
0.0268 0.8999999999999999 496.56111613462735
0.0268 0.9199999999999999 522.1336179857227
0.0268 0.94 495.68398517207754
0.0268 0.96 429.91912706241976
0.0268 0.98 342.2386603500385
0.0268 1.0 252.29188912303596
0.0268 1.02 174.11036463010487
0.0268 1.0399999999999998 112.1622052260398
0.0268 1.0599999999999998 66.3484462685472
0.0268 1.0799999999999998 36.32306206628539
0.0268 1.0999999999999999 18.054847928346735
0.0268 1.12 7.7444821933591825
0.0268 1.1400000000000001 2.802562719590991
0.0268 1.16 0.8347941768771809
0.0268 1.18 0.19546844245005068
0.0268 1.2 0.03253478899838368
0.0268 1.22 0.0032649268472375883
0.0268 1.24 0.00023711907233152696
0.0268 1.26 6.0307674901760045e-5
0.0268 1.28 1.8817950518030336e-5
0.0268 1.3 3.627710895353203e-6
0.0268 1.32 4.3216745354186583e-7
0.027600000000000003 0.6200000000000001 3.3269791558818885e-14
0.027600000000000003 0.64 2.778817268382263e-12
0.027600000000000003 0.6599999999999999 4.4452233482891576e-9
0.027600000000000003 0.6799999999999999 2.1237044658883704e-6
0.027600000000000003 0.7 0.00032796446529187044
0.027600000000000003 0.72 0.018384821991262627
0.027600000000000003 0.74 0.4239392140719617
0.027600000000000003 0.76 4.372445020818596
0.027600000000000003 0.7799999999999999 22.100568442494758
0.027600000000000003 0.7999999999999999 62.75619222264121
0.027600000000000003 0.8200000000000001 120.92145419032356
0.027600000000000003 0.8400000000000001 189.39377478090185
0.027600000000000003 0.8600000000000001 261.6233104172633
0.027600000000000003 0.8799999999999999 323.10387462159275
0.027600000000000003 0.8999999999999999 356.7803218330721
0.027600000000000003 0.9199999999999999 355.89356175983113
0.027600000000000003 0.94 324.23126326547464
0.027600000000000003 0.96 270.21637652274177
0.027600000000000003 0.98 207.2562520098844
0.027600000000000003 1.0 148.04670924470727
0.027600000000000003 1.02 99.36118655976121
0.027600000000000003 1.0399999999999998 61.742248832120374
0.027600000000000003 1.0599999999999998 35.00193779079851
0.027600000000000003 1.0799999999999998 18.30071615296615
0.027600000000000003 1.0999999999999999 8.572495422613503
0.027600000000000003 1.12 3.396896783446086
0.027600000000000003 1.1400000000000001 1.133010028335586
0.027600000000000003 1.16 0.30598733676971857
0.027600000000000003 1.18 0.05859199764241529
0.027600000000000003 1.2 0.0044948358716190625
0.027600000000000003 1.22 -0.0012981950744242693
0.027600000000000003 1.24 -0.00040319472678749044
0.027600000000000003 1.26 -2.9248624309284095e-5
0.027600000000000003 1.28 6.255171277859386e-6
0.027600000000000003 1.3 2.0367894883670678e-6
0.027600000000000003 1.32 2.749709361878645e-7
0.0284 0.6200000000000001 1.1757084000209043e-14
0.0284 0.64 4.501758661823612e-12
0.0284 0.6599999999999999 7.2637327612571735e-9
0.0284 0.6799999999999999 3.420831372115804e-6
0.0284 0.7 0.0005086398896285157
0.0284 0.72 0.026307670472762855
0.0284 0.74 0.5339527411902627
0.0284 0.76 4.744469001870598
0.0284 0.7799999999999999 21.119110385903916
0.0284 0.7999999999999999 55.041752259023994
0.0284 0.8200000000000001 99.74351661239804
0.0284 0.8400000000000001 147.48790613148086
0.0284 0.8600000000000001 192.68312358119158
0.0284 0.8799999999999999 224.703998163013
0.0284 0.8999999999999999 236.2972140523093
0.0284 0.9199999999999999 225.40619193647237
0.0284 0.94 197.00189240276055
0.0284 0.96 157.53564438692914
0.0284 0.98 116.67606489876354
0.0284 1.0 80.94833417310586
0.0284 1.02 52.70025776792334
0.0284 1.0399999999999998 31.47322611842853
0.0284 1.0599999999999998 17.035891520897785
0.0284 1.0799999999999998 8.485217954890627
0.0284 1.0999999999999999 3.7451615169929893
0.0284 1.12 1.3727836061241903
0.0284 1.1400000000000001 0.4204640660463646
0.0284 1.16 0.10419837946772217
0.0284 1.18 0.016533535919177274
0.0284 1.2 -0.0002931188329649242
0.0284 1.22 -0.0010115725232344643
0.0284 1.24 -0.00023203953188377768
0.0284 1.26 -1.4181582392891834e-5
0.0284 1.28 3.7317585552326585e-6
0.0284 1.3 1.1235766972795386e-6
0.0284 1.32 1.4842293823837327e-7
0.0292 0.6200000000000001 2.8382775217873046e-16
0.0292 0.64 4.475140751878867e-12
0.0292 0.6599999999999999 7.262780974138881e-9
0.0292 0.6799999999999999 3.4082746257141638e-6
0.0292 0.7 0.000502067573206665
0.0292 0.72 0.02542071370539442
0.0292 0.74 0.4959895165102267
0.0292 0.76 4.152588845782594
0.0292 0.7799999999999999 17.271779622879524
0.0292 0.7999999999999999 42.44649958264574
0.0292 0.8200000000000001 73.40773502555896
0.0292 0.8400000000000001 104.3306628517587
0.0292 0.8600000000000001 129.7532980724653
0.0292 0.8799999999999999 143.78252561139922
0.0292 0.8999999999999999 144.65460006927833
0.0292 0.9199999999999999 132.41770074305433
0.0292 0.94 110.95809546597145
0.0292 0.96 85.57908267155284
0.0292 0.98 61.47188823734941
0.0292 1.0 41.499305296405375
0.0292 1.02 26.147001678545823
0.0292 1.0399999999999998 14.949244355437841
0.0292 1.0599999999999998 7.7077446974810035
0.0292 1.0799999999999998 3.6437500389440913
0.0292 1.0999999999999999 1.5218417693879829
0.0292 1.12 0.5237042515407655
0.0292 1.1400000000000001 0.14446412808872186
0.0292 1.16 0.03215714086015953
0.0292 1.18 0.0055297173698183625
0.0292 1.2 0.0005982914292019653
0.0292 1.22 -1.0877356379276004e-5
0.0292 1.24 -1.5615293348560594e-5
0.0292 1.26 -2.2362344430241044e-6
0.0292 1.28 -7.97651272148983e-8
0.0292 1.3 2.3410310406205127e-8
0.0292 1.32 4.579796689257978e-9
0.030000000000000002 0.6200000000000001 -5.265832639534637e-15
0.030000000000000002 0.64 3.731130569472273e-12
0.030000000000000002 0.6599999999999999 6.023355587519199e-9
0.030000000000000002 0.6799999999999999 2.8181586984806936e-6
0.030000000000000002 0.7 0.00041193285995501415
0.030000000000000002 0.72 0.02050365199509213
0.030000000000000002 0.74 0.3884989035438944
0.030000000000000002 0.76 3.1240109353527643
0.030000000000000002 0.7799999999999999 12.430247852695604
0.030000000000000002 0.7999999999999999 29.306428016770596
0.030000000000000002 0.8200000000000001 49.096033538717016
0.030000000000000002 0.8400000000000001 67.7021503186986
0.030000000000000002 0.8600000000000001 80.49345831136989
0.030000000000000002 0.8799999999999999 85.24713681417647
0.030000000000000002 0.8999999999999999 82.57825433438819
0.030000000000000002 0.9199999999999999 72.71265674418532
0.030000000000000002 0.94 58.62591693697253
0.030000000000000002 0.96 43.64806640206049
0.030000000000000002 0.98 30.434124503462876
0.030000000000000002 1.0 20.0064837068705
0.030000000000000002 1.02 12.18077409838315
0.030000000000000002 1.0399999999999998 6.636156481740031
0.030000000000000002 1.0599999999999998 3.2482420817180206
0.030000000000000002 1.0799999999999998 1.4571845314182852
0.030000000000000002 1.0999999999999999 0.5750212499396525
0.030000000000000002 1.12 0.18517613997094073
0.030000000000000002 1.1400000000000001 0.0479577836777833
0.030000000000000002 1.16 0.010046741651675416
0.030000000000000002 1.18 0.0015769608078414095
0.030000000000000002 1.2 1.9291726733553668e-5
0.030000000000000002 1.22 -7.761176506180491e-5
0.030000000000000002 1.24 -2.1066228757197583e-5
0.030000000000000002 1.26 -2.1824791891749344e-6
0.030000000000000002 1.28 6.886162017666343e-8
0.030000000000000002 1.3 5.6507651118292595e-8
0.030000000000000002 1.32 8.56933434871304e-9
0.0308 0.6200000000000001 2.2732424823248182e-15
0.0308 0.64 2.585398193272051e-12
0.0308 0.6599999999999999 4.177960384494116e-9
0.0308 0.6799999999999999 1.9525332992230353e-6
0.0308 0.7 0.00028461768416509207
0.0308 0.72 0.014081791305736727
0.0308 0.74 0.2640206790884975
0.0308 0.76 2.0859936182437027
0.0308 0.7799999999999999 8.073522034979627
0.0308 0.7999999999999999 18.40200872350498
0.0308 0.8200000000000001 30.147302968616877
0.0308 0.8400000000000001 40.47510317289306
0.0308 0.8600000000000001 46.08554951758326
0.0308 0.8799999999999999 47.05498562407525
0.0308 0.8999999999999999 44.16871773585801
0.0308 0.9199999999999999 37.52851734514016
0.0308 0.94 29.109708765208403
0.0308 0.96 20.95099170171811
0.0308 0.98 14.212785183280515
0.0308 1.0 9.087194814458238
0.0308 1.02 5.34539274714508
0.0308 1.0399999999999998 2.7787456850143215
0.0308 1.0599999999999998 1.292794209616184
0.0308 1.0799999999999998 0.5517659928443489
0.0308 1.0999999999999999 0.20492255727195638
0.0308 1.12 0.06114661830046405
0.0308 1.1400000000000001 0.01566051391978995
0.0308 1.16 0.0032026432066655187
0.0308 1.18 0.0002017881060034028
0.0308 1.2 -0.00026631466869663157
0.0308 1.22 -0.00013740036821470821
0.0308 1.24 -2.9632741977166834e-5
0.0308 1.26 -2.6292563701072215e-6
0.0308 1.28 1.8203918829392258e-7
0.0308 1.3 8.976549013283367e-8
0.0308 1.32 1.283761649891814e-8
0.0316 0.6200000000000001 -4.1394668465289643e-16
0.0316 0.64 1.6491759759284698e-12
0.0316 0.6599999999999999 2.656796063930592e-9
0.0316 0.6799999999999999 1.2399627797171842e-6
0.0316 0.7 0.0001801219734963835
0.0316 0.72 0.008843656833207016
0.0316 0.74 0.16360067176140222
0.0316 0.76 1.2673769635362053
0.0316 0.7799999999999999 4.782202651092455
0.0316 0.7999999999999999 10.59811771892564
0.0316 0.8200000000000001 17.07378311246294
0.0316 0.8400000000000001 22.334099940232182
0.0316 0.8600000000000001 24.483909863911578
0.0316 0.8799999999999999 24.307277256067273
0.0316 0.8999999999999999 22.18314568954644
0.0316 0.9199999999999999 18.175645652722324
0.0316 0.94 13.575453255468922
0.0316 0.96 9.45708744122121
0.0316 0.98 6.256726675969692
0.0316 1.0 3.915196898586817
0.0316 1.02 2.224357825435573
0.0316 1.0399999999999998 1.100287454644978
0.0316 1.0599999999999998 0.485957863554051
0.0316 1.0799999999999998 0.19675835396488384
0.0316 1.0999999999999999 0.06904661799663747
0.0316 1.12 0.019293840610783732
0.0316 1.1400000000000001 0.004917857288929043
0.0316 1.16 0.0009939779200974386
0.0316 1.18 -2.4567630059544143e-5
0.0316 1.2 -0.00016817460062166194
0.0316 1.22 -7.851640781193627e-5
0.0316 1.24 -1.651713831519278e-5
0.0316 1.26 -1.4198480298959313e-6
0.0316 1.28 1.1392913481779012e-7
0.0316 1.3 5.21075635585374e-8
0.0316 1.32 7.374956613641406e-9
0.032400000000000005 0.6200000000000001 4.153760171397959e-16
0.032400000000000005 0.64 9.818754952195058e-13
0.032400000000000005 0.6599999999999999 1.5820769602419252e-9
0.032400000000000005 0.6799999999999999 7.373891777903174e-7
0.032400000000000005 0.7 0.00010671502559499072
0.032400000000000005 0.72 0.005193190280956042
0.032400000000000005 0.74 0.09444558453849276
0.032400000000000005 0.76 0.7129964834654531
0.032400000000000005 0.7799999999999999 2.613775988789538
0.032400000000000005 0.7999999999999999 5.665950228065386
0.032400000000000005 0.8200000000000001 9.018831587345241
0.032400000000000005 0.8400000000000001 11.484782196832438
0.032400000000000005 0.8600000000000001 12.195458056871404
0.032400000000000005 0.8799999999999999 11.819411327071391
0.032400000000000005 0.8999999999999999 10.48340889281972
0.032400000000000005 0.9199999999999999 8.276671809151267
0.032400000000000005 0.94 5.958875747204681
0.032400000000000005 0.96 4.032214176930347
0.032400000000000005 0.98 2.612551446488298
0.032400000000000005 1.0 1.6024449747655807
0.032400000000000005 1.02 0.8798283853111224
0.032400000000000005 1.0399999999999998 0.41674091367563937
0.032400000000000005 1.0599999999999998 0.1756787984990517
0.032400000000000005 1.0799999999999998 0.06819479435089724
0.032400000000000005 1.0999999999999999 0.022330874559769103
0.032400000000000005 1.12 0.005523015871844411
0.032400000000000005 1.1400000000000001 0.0017634800806179515
0.032400000000000005 1.16 0.0004463000449858379
0.032400000000000005 1.18 -0.0001095152788508671
0.032400000000000005 1.2 -0.000168757828412289
0.032400000000000005 1.22 -7.258476107025785e-5
0.032400000000000005 1.24 -1.4269506936903706e-5
0.032400000000000005 1.26 -9.470202154275091e-7
0.032400000000000005 1.28 1.829778442041847e-7
0.032400000000000005 1.3 5.933966843273219e-8
0.032400000000000005 1.32 7.932557266030548e-9
0.0332 0.6200000000000001 5.419621844683696e-16
0.0332 0.64 5.495426701642982e-13
0.0332 0.6599999999999999 8.847324445369646e-10
0.0332 0.6799999999999999 4.119653901381218e-7
0.0332 0.7 5.94420560142814e-5
0.0332 0.72 0.002870422916176199
0.0332 0.74 0.05133070944880148
0.0332 0.76 0.3766839966159513
0.0332 0.7799999999999999 1.338641936393744
0.0332 0.7999999999999999 2.8545439209674557
0.0332 0.8200000000000001 4.495594693021159
0.0332 0.8400000000000001 5.563346725360067
0.0332 0.8600000000000001 5.734583581844396
0.0332 0.8799999999999999 5.442022579008098
0.0332 0.8999999999999999 4.705161293545112
0.0332 0.9199999999999999 3.5866691273711484
0.0332 0.94 2.499111381510024
0.0332 0.96 1.6521819994086855
0.0332 0.98 1.0524004931670772
0.0332 1.0 0.6328384766493838
0.0332 1.02 0.33540119847306665
0.0332 1.0399999999999998 0.15185597591170713
0.0332 1.0599999999999998 0.06106654095987861
0.0332 1.0799999999999998 0.02276388108632023
0.0332 1.0999999999999999 0.006969232070872491
0.0332 1.12 0.0014453570739460823
0.0332 1.1400000000000001 0.0007101674302251165
0.0332 1.16 0.00023719437309916556
0.0332 1.18 -7.7254564443477e-5
0.0332 1.2 -0.00011423690047119921
0.0332 1.22 -4.9306753416029724e-5
0.0332 1.24 -9.744444665456373e-6
0.0332 1.26 -6.573029694405372e-7
0.0332 1.28 1.2280776066690538e-7
0.0332 1.3 4.033594029015905e-8
0.0332 1.32 5.407386118575153e-9
0.034 0.6200000000000001 2.090603937102465e-16
0.034 0.64 2.875041195931331e-13
0.034 0.6599999999999999 4.6339156834213153e-10
0.034 0.6799999999999999 2.155723282232204e-7
0.034 0.7 3.102091144045614e-5
0.034 0.72 0.0014877759245029685
0.034 0.74 0.026221267206330987
0.034 0.76 0.1877259604443754
0.034 0.7799999999999999 0.649097761251099
0.034 0.7999999999999999 1.3633268029895804
0.034 0.8200000000000001 2.1186641135794892
0.034 0.8400000000000001 2.546618859834254
0.034 0.8600000000000001 2.568100511615974
0.034 0.8799999999999999 2.3986241893943707
0.034 0.8999999999999999 2.0131708428304367
0.034 0.9199999999999999 1.4862594159731777
0.034 0.94 1.0052938102216737
0.034 0.96 0.6501016362749389
0.034 0.98 0.4082461213301865
0.034 1.0 0.24080769998350768
0.034 1.02 0.1232814806449811
0.034 1.0399999999999998 0.053477531264834774
0.034 1.0599999999999998 0.020639446937084232
0.034 1.0799999999999998 0.0074094463580655
0.034 1.0999999999999999 0.0021488730617945447
0.034 1.12 0.00038142195615689076
0.034 1.1400000000000001 0.00023671020183189937
0.034 1.16 9.17107540356752e-5
0.034 1.18 -2.70451074581224e-5
0.034 1.2 -4.3495512948429476e-5
0.034 1.22 -1.8920957616108086e-5
0.034 1.24 -3.7097887480029196e-6
0.034 1.26 -2.3171457211782902e-7
0.034 1.28 5.309542465606701e-8
0.034 1.3 1.652994080790653e-8
0.034 1.32 2.19335351364043e-9
0.0348 0.6200000000000001 6.937873769607443e-17
0.0348 0.64 1.3946491875078917e-13
0.0348 0.6599999999999999 2.2478597722393475e-10
0.0348 0.6799999999999999 1.0448960692990016e-7
0.0348 0.7 1.5000850711516413e-5
0.0348 0.72 0.0007151739759229525
0.0348 0.74 0.012445983945148804
0.0348 0.76 0.08731468153876513
0.0348 0.7799999999999999 0.2964714969209845
0.0348 0.7999999999999999 0.6198019415026761
0.0348 0.8200000000000001 0.9500864946533056
0.0348 0.8400000000000001 1.1117859489377788
0.0348 0.8600000000000001 1.101501010335969
0.0348 0.8799999999999999 1.0119336441934064
0.0348 0.8999999999999999 0.8268158201156284
0.0348 0.9199999999999999 0.5916455698778134
0.0348 0.94 0.39021150799878945
0.0348 0.96 0.24815081981029513
0.0348 0.98 0.15401852316235373
0.0348 1.0 0.08876863841388943
0.0348 1.02 0.043633836292518886
0.0348 1.0399999999999998 0.018190370354603448
0.0348 1.0599999999999998 0.006786878509645769
0.0348 1.0799999999999998 0.002335988125097916
0.0348 1.0999999999999999 0.0006471182002762496
0.0348 1.12 0.00010652140296737394
0.0348 1.1400000000000001 7.104081822022772e-5
0.0348 1.16 2.7555130243496072e-5
0.0348 1.18 -8.971483030783802e-6
0.0348 1.2 -1.3976436736309436e-5
0.0348 1.22 -6.1052151405804444e-6
0.0348 1.24 -1.2121969414337893e-6
0.0348 1.26 -8.172092285258942e-8
0.0348 1.28 1.544594593694838e-8
0.0348 1.3 5.068318822048787e-9
0.0348 1.32 6.796258062330361e-10
0.0356 0.6200000000000001 4.3607381830514936e-17
0.0356 0.64 6.453537569270377e-14
0.0356 0.6599999999999999 1.0400027379745882e-10
0.0356 0.6799999999999999 4.8297969633174155e-8
0.0356 0.7 6.9153914804914726e-6
0.0356 0.72 0.00032758730090393204
0.0356 0.74 0.0056305565264760885
0.0356 0.76 0.038804703655141624
0.0356 0.7799999999999999 0.13002581539782487
0.0356 0.7999999999999999 0.2707790927417472
0.0356 0.8200000000000001 0.4076226394286394
0.0356 0.8400000000000001 0.4652220880010363
0.0356 0.8600000000000001 0.4538841803758764
0.0356 0.8799999999999999 0.41061678633094234
0.0356 0.8999999999999999 0.3269719950442724
0.0356 0.9199999999999999 0.22774562189231595
0.0356 0.94 0.14676373410902677
0.0356 0.96 0.09192790362025315
0.0356 0.98 0.05638294741873809
0.0356 1.0 0.031814140955014725
0.0356 1.02 0.015173437731905267
0.0356 1.0399999999999998 0.006097861453073073
0.0356 1.0599999999999998 0.002181955693683206
0.0356 1.0799999999999998 0.0007296909937675756
0.0356 1.0999999999999999 0.00018672641793065692
0.0356 1.12 1.9041518234279708e-5
0.0356 1.1400000000000001 2.8660601982213037e-5
0.0356 1.16 1.1934536043076517e-5
0.0356 1.18 -5.447184278704199e-6
0.0356 1.2 -7.311256292819106e-6
0.0356 1.22 -3.131192336225547e-6
0.0356 1.24 -6.185899988495638e-7
0.0356 1.26 -4.211484725051977e-8
0.0356 1.28 7.646441369656406e-9
0.0356 1.3 2.5308016214731944e-9
0.0356 1.32 3.397361245837588e-10
0.0364 0.6200000000000001 1.2359595359236142e-17
0.0364 0.64 2.7949657705275534e-14
0.0364 0.6599999999999999 4.503299944863067e-11
0.0364 0.6799999999999999 2.090157833671016e-8
0.0364 0.7 2.9881830777686713e-6
0.0364 0.72 0.00014106182492571058
0.0364 0.74 0.0024103589735105548
0.0364 0.76 0.016501560038762617
0.0364 0.7799999999999999 0.05513254685725712
0.0364 0.7999999999999999 0.11427036098464116
0.0364 0.8200000000000001 0.16835783196998447
0.0364 0.8400000000000001 0.1876708162833264
0.0364 0.8600000000000001 0.180781275823802
0.0364 0.8799999999999999 0.161180365314726
0.0364 0.8999999999999999 0.12532610503270444
0.0364 0.9199999999999999 0.08506213160856863
0.0364 0.94 0.05365445868551531
0.0364 0.96 0.033242739530780156
0.0364 0.98 0.02019932995742742
0.0364 1.0 0.011161682083138062
0.0364 1.02 0.005141056083351527
0.0364 1.0399999999999998 0.0019845745539772493
0.0364 1.0599999999999998 0.0006880374965784396
0.0364 1.0799999999999998 0.00022406793021813418
0.0364 1.0999999999999999 5.451228903301763e-5
0.0364 1.12 3.664883275144889e-6
0.0364 1.1400000000000001 9.395077325638979e-6
0.0364 1.16 3.8917253756081694e-6
0.0364 1.18 -2.0288814858638146e-6
0.0364 1.2 -2.5753070908716823e-6
0.0364 1.22 -1.0913650692326783e-6
0.0364 1.24 -2.152638642750699e-7
0.0364 1.26 -1.4870332842017449e-8
0.0364 1.28 2.578190251342539e-9
0.0364 1.3 8.649374623270668e-10
0.0364 1.32 1.1636484010377385e-10
