0.86 1.1600000000000001 2.8158627457976446e-36
0.86 1.22 2.8840393068629808e-52
0.86 1.28 1.101736904056874e-15
0.86 1.34 -4.389773382917515e-16
0.86 1.4 -3.5356577470373766e-20
0.86 1.46 1.6507321452952706e-52
0.86 1.52 -5.383865494271231e-52
0.86 1.58 4.871592890575884e-51
0.86 1.6400000000000001 1.8166006836305095e-51
0.86 1.7000000000000002 1.4888050259294816e-51
0.86 1.76 -2.0116021539890234e-37
0.86 1.82 1.3566252281119256e-39
0.86 1.8800000000000001 -2.3885832458960775e-49
0.86 1.94 3.5457477875161224e-52
0.86 2.0 2.5635539429039907e-18
0.86 2.06 1.554097339137472e-37
0.86 2.12 -1.0121705763313596e-35
0.86 2.18 -1.8858517219017157e-36
0.86 2.2399999999999998 2.0446836856624347e-35
0.86 2.3000000000000003 -3.462015597503795e-49
0.86 2.36 -4.742710498804071e-43
0.86 2.4200000000000004 9.130459941442175e-44
0.92 1.1600000000000001 6.63346641208089e-6
0.92 1.22 1.6578144608705064e-37
0.92 1.28 -2.5623791375578923e-15
0.92 1.34 1.0196338308048444e-16
0.92 1.4 -5.659809165991495e-17
0.92 1.46 4.2419071690766354e-41
0.92 1.52 -1.59204041931158e-30
0.92 1.58 -5.988558561615722e-41
0.92 1.6400000000000001 3.7249636553424e-39
0.92 1.7000000000000002 1.969897120542127e-38
0.92 1.76 -5.828861961365932e-39
0.92 1.82 3.5104109704310855e-27
0.92 1.8800000000000001 -5.880484862744654e-37
0.92 1.94 1.86478767195242e-38
0.92 2.0 -2.1731733886650124e-26
0.92 2.06 1.8696777558806795e-38
0.92 2.12 -3.5694527263853647e-39
0.92 2.18 -1.3803377541828615e-39
0.92 2.2399999999999998 5.110219306073676e-38
0.92 2.3000000000000003 3.148284710589084e-24
0.92 2.36 8.146107745835692e-39
0.92 2.4200000000000004 2.8729383947356013e-48
0.98 1.1600000000000001 1.892087898149009e-21
0.98 1.22 1.499039594737715e-5
0.98 1.28 -1.7411756140726392e-15
0.98 1.34 5.104087013325053e-15
0.98 1.4 -4.707299363921687e-18
0.98 1.46 -1.2138335653575291e-51
0.98 1.52 -8.11817158054764e-39
0.98 1.58 -3.2379749019408177e-50
0.98 1.6400000000000001 -1.2083488024548153e-50
0.98 1.7000000000000002 -1.9409865152266298e-38
0.98 1.76 1.4236322363810713e-36
0.98 1.82 -9.016000381964536e-39
0.98 1.8800000000000001 -1.069008900741973e-44
0.98 1.94 -2.31459330969103e-51
0.98 2.0 -1.7039024266677138e-17
0.98 2.06 -1.032952801603105e-36
0.98 2.12 6.729490871907553e-35
0.98 2.18 1.2538132074432413e-35
0.98 2.2399999999999998 -1.359027963604483e-34
0.98 2.3000000000000003 8.979967688512774e-40
0.98 2.36 3.1414242000544214e-42
0.98 2.4200000000000004 -6.0687522673315514e-43
1.04 1.1600000000000001 0.0012589750433830782
1.04 1.22 1.6825067483977472e-14
1.04 1.28 1.9722030206756395e-15
1.04 1.34 1.4976009834892758e-18
1.04 1.4 2.5731295640854087e-31
1.04 1.46 8.050776065807147e-39
1.04 1.52 -3.0215561992144892e-28
1.04 1.58 -1.1365770634615109e-38
1.04 1.6400000000000001 7.069661604139857e-37
1.04 1.7000000000000002 3.738695817112309e-36
1.04 1.76 1.7643292623350152e-35
1.04 1.82 6.662459005959881e-25
1.04 1.8800000000000001 -1.1160656020965062e-34
1.04 1.94 3.539207096791548e-36
1.04 2.0 -2.389414370240842e-16
1.04 2.06 -1.0936802783555569e-35
1.04 2.12 9.427374240615554e-34
1.04 2.18 1.7551279706634404e-34
1.04 2.2399999999999998 -1.8960916425478275e-33
1.04 2.3000000000000003 5.975174416919684e-22
1.04 2.36 1.5461056092588027e-36
1.04 2.4200000000000004 -8.510354939145883e-42
1.1 1.1600000000000001 0.002167131575394626
1.1 1.22 0.002261132082016093
1.1 1.28 1.572843888812209e-7
1.1 1.34 0.0005075780991993235
1.1 1.4 3.817431883450065e-8
1.1 1.46 1.557641610759059e-16
1.1 1.52 -5.201143498416139e-28
1.1 1.58 -1.9564423099123107e-38
1.1 1.6400000000000001 1.2169333276472543e-36
1.1 1.7000000000000002 3.507829709810386e-36
1.1 1.76 1.1157695311306331e-35
1.1 1.82 1.1468396738661483e-24
1.1 1.8800000000000001 -1.9211350054406259e-34
1.1 1.94 6.092199755371953e-36
1.1 2.0 -6.144432062390522e-21
1.1 2.06 6.107803435859976e-36
1.1 2.12 1.8141671826090266e-36
1.1 2.18 6.4469488207410125e-37
1.1 2.2399999999999998 1.665837102150891e-35
1.1 2.3000000000000003 1.0285342203925429e-21
1.1 2.36 2.6632244782292494e-36
1.1 2.4200000000000004 -1.7135141267651338e-40
1.1600000000000001 1.1600000000000001 2.0249703072727603e-5
1.1600000000000001 1.22 0.01496127379556264
1.1600000000000001 1.28 0.04808147432415847
1.1600000000000001 1.34 0.001020274371652753
1.1600000000000001 1.4 0.0011784351524455616
1.1600000000000001 1.46 6.459237283571161e-7
1.1600000000000001 1.52 -1.6529578987393425e-16
1.1600000000000001 1.58 -1.8281019983755228e-40
1.1600000000000001 1.6400000000000001 1.1371039407088088e-38
1.1600000000000001 1.7000000000000002 -1.9312022987973397e-35
1.1600000000000001 1.76 8.558324350149039e-35
1.1600000000000001 1.82 1.0716083477117188e-26
1.1600000000000001 1.8800000000000001 -1.795121477184883e-36
1.1600000000000001 1.94 5.692558657096266e-38
1.1600000000000001 2.0 1.0489707346865803e-17
1.1600000000000001 2.06 6.929682946267606e-37
1.1600000000000001 2.12 -2.18677725896239e-35
1.1600000000000001 2.18 1.5865108699286077e-34
1.1600000000000001 2.2399999999999998 8.725646921922428e-35
1.1600000000000001 2.3000000000000003 9.610635920575546e-24
1.1600000000000001 2.36 4.971451104622794e-34
1.1600000000000001 2.4200000000000004 -5.328846950487046e-35
1.22 1.1600000000000001 2.799131502471576e-22
1.22 1.22 0.0002330214649711748
1.22 1.28 0.10951906231184082
1.22 1.34 0.06834575958938302
1.22 1.4 0.003412926892024651
1.22 1.46 8.877958930991943e-23
1.22 1.52 5.408985986959442e-15
1.22 1.58 2.6147292703130803e-15
1.22 1.6400000000000001 1.70778577782993e-48
1.22 1.7000000000000002 -3.0172086371438667e-37
1.22 1.76 4.0915753121356e-36
1.22 1.82 -1.851580524402783e-38
1.22 1.8800000000000001 -1.661958261640524e-43
1.22 1.94 3.549840488335532e-48
1.22 2.0 -3.498848800055721e-17
1.22 2.06 -2.1211483000878042e-36
1.22 2.12 2.487131678127799e-34
1.22 2.18 1.02664415480443e-32
1.22 2.2399999999999998 1.2914535552418003e-31
1.22 2.3000000000000003 1.2343000461518553e-31
1.22 2.36 9.568579833968778e-32
1.22 2.4200000000000004 -9.926369755277155e-35
1.28 1.1600000000000001 5.860033050837205e-24
1.28 1.22 8.028971441465754e-6
1.28 1.28 0.002292801617804362
1.28 1.34 0.473333107648824
1.28 1.4 0.0002827259636529344
1.28 1.46 8.212036498580358e-5
1.28 1.52 2.1218763840405687e-36
1.28 1.58 1.663267104126275e-35
1.28 1.6400000000000001 2.68760546517816e-23
1.28 1.7000000000000002 -1.0396073161592297e-38
1.28 1.76 6.002729832514262e-38
1.28 1.82 -9.20404916004353e-41
1.28 1.8800000000000001 -5.726527986144295e-45
1.28 1.94 -2.3680013761477584e-53
1.28 2.0 -1.7392479508748149e-19
1.28 2.06 6.511365440063573e-38
1.28 2.12 1.492063823456473e-28
1.28 2.18 2.7369885429699846e-28
1.28 2.2399999999999998 1.4050547865750838e-28
1.28 2.3000000000000003 6.040681644578891e-29
1.28 2.36 3.4620343310002246e-29
1.28 2.4200000000000004 -3.769704743149113e-33
1.34 1.1600000000000001 3.4116983751909265e-25
1.34 1.22 -6.995512554974152e-37
1.34 1.28 0.00013348640688125594
1.34 1.34 0.019208097083122166
1.34 1.4 0.6844678388525857
1.34 1.46 7.855614172577407e-5
1.34 1.52 2.269763547414408e-21
1.34 1.58 3.4335569357999954e-39
1.34 1.6400000000000001 3.41116743724645e-23
1.34 1.7000000000000002 1.8984432813998964e-30
1.34 1.76 1.8641142086490752e-35
1.34 1.82 -1.257159302800445e-37
1.34 1.8800000000000001 2.2134555265269435e-47
1.34 1.94 -3.197639583050668e-50
1.34 2.0 -2.3755976393251594e-16
1.34 2.06 8.38300552486234e-25
1.34 2.12 1.209917711204291e-26
1.34 2.18 2.2647490838776043e-23
1.34 2.2399999999999998 5.988071015438583e-29
1.34 2.3000000000000003 4.451708462300165e-25
1.34 2.36 1.0204315923027293e-26
1.34 2.4200000000000004 2.2067774894430267e-28
1.4 1.1600000000000001 9.297785853770895e-27
1.4 1.22 2.785300294374008e-34
1.4 1.28 3.6378544306722215e-6
1.4 1.34 0.0010631467554189982
1.4 1.4 0.1292271153639357
1.4 1.46 0.551240233108181
1.4 1.52 0.18390057708637403
1.4 1.58 -0.007169052123164747
1.4 1.6400000000000001 -4.750834613878815e-36
1.4 1.7000000000000002 3.43423883170281e-24
1.4 1.76 1.7613393342317484e-18
1.4 1.82 8.547987435667271e-36
1.4 1.8800000000000001 6.154108683559715e-27
1.4 1.94 6.757788369243288e-21
1.4 2.0 -1.1328831944157606e-17
1.4 2.06 3.890858654019728e-24
1.4 2.12 7.384461075983965e-20
1.4 2.18 1.7249744978944843e-24
1.4 2.2399999999999998 2.681327141265925e-25
1.4 2.3000000000000003 1.8244639882604286e-22
1.4 2.36 1.0955851065879461e-22
1.4 2.4200000000000004 2.426776534879662e-25
1.46 1.1600000000000001 1.0540910625535635e-19
1.46 1.22 0.0001427024549037567
1.46 1.28 -5.768430294214632e-16
1.46 1.34 2.3398625131366504e-5
1.46 1.4 6.419792644484544e-8
1.46 1.46 0.5587982927167566
1.46 1.52 1.2223097762013688
1.46 1.58 1.0696674240991493
1.46 1.6400000000000001 0.17652879470221272
1.46 1.7000000000000002 1.0300439907144403e-7
1.46 1.76 5.760853276376542e-13
1.46 1.82 7.611872019182171e-12
1.46 1.8800000000000001 7.161150306615106e-34
1.46 1.94 2.1821370085999156e-22
1.46 2.0 9.946173509525681e-16
1.46 2.06 8.253830745795237e-18
1.46 2.12 4.21872913624559e-28
1.46 2.18 1.1957805578221856e-21
1.46 2.2399999999999998 7.680526953070309e-19
1.46 2.3000000000000003 3.528916657490616e-21
1.46 2.36 4.044703719193217e-20
1.46 2.4200000000000004 1.0795046849341723e-22
1.52 1.1600000000000001 3.0649985552016452e-24
1.52 1.22 2.1662571566628495e-21
1.52 1.28 0.0011833023887968925
1.52 1.34 4.897728506207812e-8
1.52 1.4 0.00017986623944917174
1.52 1.46 0.02736518019886491
1.52 1.52 1.7196076363784984
1.52 1.58 3.2806230730231505
1.52 1.6400000000000001 0.9012593584343894
1.52 1.7000000000000002 0.6778035538572548
1.52 1.76 -0.0027587694626088457
1.52 1.82 7.216933556350959e-10
1.52 1.8800000000000001 2.815946073688339e-13
1.52 1.94 1.2219503785395261e-19
1.52 2.0 -2.5447236486710455e-23
1.52 2.06 3.078227224202252e-19
1.52 2.12 9.97103300782485e-15
1.52 2.18 2.2291351015520955e-20
1.52 2.2399999999999998 4.558574761418278e-18
1.52 2.3000000000000003 4.113133818368476e-17
1.52 2.36 9.283206762561369e-21
1.52 2.4200000000000004 8.769606628552913e-20
1.58 1.1600000000000001 3.5817906406090734e-5
1.58 1.22 1.194937935533286e-6
1.58 1.28 0.16189068141408083
1.58 1.34 0.010278417600271235
1.58 1.4 8.033360288026947e-23
1.58 1.46 0.015022906143825421
1.58 1.52 8.776060965725934e-5
1.58 1.58 3.723314371899528
1.58 1.6400000000000001 4.053545131084587
1.58 1.7000000000000002 0.8245644630124859
1.58 1.76 2.158367152237478
1.58 1.82 0.01026102357048155
1.58 1.8800000000000001 1.3444153735367906e-8
1.58 1.94 2.5408675694163372e-11
1.58 2.0 4.742063186354016e-16
1.58 2.06 -8.084675102521811e-22
1.58 2.12 2.517278877753027e-15
1.58 2.18 5.764727536561189e-13
1.58 2.2399999999999998 3.783982761998045e-18
1.58 2.3000000000000003 1.2261728171832713e-17
1.58 2.36 1.230842371396767e-16
1.58 2.4200000000000004 9.212210052875415e-21
1.6400000000000001 1.1600000000000001 3.2701934652412684e-33
1.6400000000000001 1.22 1.4988564226803846e-7
1.6400000000000001 1.28 2.0026305622602394e-16
1.6400000000000001 1.34 4.817640823354692e-13
1.6400000000000001 1.4 0.04873935439411836
1.6400000000000001 1.46 1.9556178166672905e-20
1.6400000000000001 1.52 4.182908652271005e-19
1.6400000000000001 1.58 0.004985993047452993
1.6400000000000001 1.6400000000000001 6.193357885358123
1.6400000000000001 1.7000000000000002 4.67528914506808
1.6400000000000001 1.76 0.5218329346323503
1.6400000000000001 1.82 3.5853411112156457
1.6400000000000001 1.8800000000000001 0.0064942491912750415
1.6400000000000001 1.94 6.951175793003377e-9
1.6400000000000001 2.0 2.1446237767870645e-11
1.6400000000000001 2.06 2.0800094860596302e-14
1.6400000000000001 2.12 4.608284276297307e-15
1.6400000000000001 2.18 -3.617055808339147e-14
1.6400000000000001 2.2399999999999998 2.9959253042717727e-13
1.6400000000000001 2.3000000000000003 2.3759624193561794e-17
1.6400000000000001 2.36 1.1978176386922647e-17
1.6400000000000001 2.4200000000000004 4.610921500650084e-13
1.7000000000000002 1.1600000000000001 8.426171890968277e-23
1.7000000000000002 1.22 1.0835519861628066e-19
1.7000000000000002 1.28 0.032968313320578965
1.7000000000000002 1.34 7.904122147555415e-14
1.7000000000000002 1.4 4.759079755700511e-12
1.7000000000000002 1.46 0.0008157614554056554
1.7000000000000002 1.52 3.424729790429028e-19
1.7000000000000002 1.58 1.1398442679264261e-17
1.7000000000000002 1.6400000000000001 0.45497748935222954
1.7000000000000002 1.7000000000000002 8.693148430125236
1.7000000000000002 1.76 4.05482327135346
1.7000000000000002 1.82 0.15994694219683822
1.7000000000000002 1.8800000000000001 4.305730790705187
1.7000000000000002 1.94 0.001516283806418204
1.7000000000000002 2.0 2.765601699269365e-8
1.7000000000000002 2.06 1.3177315680981684e-9
1.7000000000000002 2.12 9.742138474779878e-14
1.7000000000000002 2.18 6.837515666617686e-22
1.7000000000000002 2.2399999999999998 1.5524315972007598e-15
1.7000000000000002 2.3000000000000003 2.8316050736782323e-10
1.7000000000000002 2.36 7.273541674221544e-12
1.7000000000000002 2.4200000000000004 1.1756375499202116e-23
1.76 1.1600000000000001 1.0450819926080913e-31
1.76 1.22 3.087349847198477e-16
1.76 1.28 -6.984403796778459e-17
1.76 1.34 1.711282038987658e-15
1.76 1.4 5.162242873661017e-13
1.76 1.46 7.276756654467132e-10
1.76 1.52 9.99291441070487e-10
1.76 1.58 2.9293606178183884
1.76 1.6400000000000001 6.644295245313997e-16
1.76 1.7000000000000002 0.11999724040840774
1.76 1.76 12.450656438664485
1.76 1.82 2.8730697949680226
1.76 1.8800000000000001 0.23400278782993708
1.76 1.94 4.320326701288189
1.76 2.0 0.010002998677170895
1.76 2.06 6.9671474444104225e-6
1.76 2.12 2.020116151381003e-7
1.76 2.18 5.537289672815365e-11
1.76 2.2399999999999998 8.513686992700703e-19
1.76 2.3000000000000003 4.4936503690665344e-17
1.76 2.36 6.026143939426477e-10
1.76 2.4200000000000004 1.376281006049623e-9
1.82 1.1600000000000001 3.0717121217455785e-32
1.82 1.22 3.798501695743989e-17
1.82 1.28 -2.8728957927966204e-19
1.82 1.34 -1.7108777612842596e-17
1.82 1.4 8.165293258793855e-10
1.82 1.46 0.32541902106185056
1.82 1.52 1.246044371536405e-7
1.82 1.58 3.4296509868370433e-8
1.82 1.6400000000000001 3.019068602193437e-12
1.82 1.7000000000000002 0.0004125814205345413
1.82 1.76 1.6351488125471711
1.82 1.82 17.029967868143956
1.82 1.8800000000000001 1.91910137496707
1.82 1.94 0.5315487104871742
1.82 2.0 3.4325932985011307
1.82 2.06 0.3166624195267017
1.82 2.12 0.00010751592245164894
1.82 2.18 5.486974310078908e-6
1.82 2.2399999999999998 8.521042401672214e-9
1.82 2.3000000000000003 5.628895440786929e-15
1.82 2.36 3.47935497303034e-12
1.82 2.4200000000000004 1.8646159139185455e-12
1.8800000000000001 1.1600000000000001 1.2250035321889759e-31
1.8800000000000001 1.22 1.6501902338840866e-16
1.8800000000000001 1.28 6.558749530381498e-17
1.8800000000000001 1.34 -6.505313543824239e-16
1.8800000000000001 1.4 9.83179000666521e-16
1.8800000000000001 1.46 6.813941419387743e-12
1.8800000000000001 1.52 8.08556927033438e-11
1.8800000000000001 1.58 5.345210394872744e-8
1.8800000000000001 1.6400000000000001 6.0420623859438434e-5
1.8800000000000001 1.7000000000000002 8.622026863598813e-13
1.8800000000000001 1.76 0.0008747627829134121
1.8800000000000001 1.82 2.546830069830083
1.8800000000000001 1.8800000000000001 22.056750474819893
1.8800000000000001 1.94 2.30921705751091
1.8800000000000001 2.0 1.1099701087768008
1.8800000000000001 2.06 0.001176867276020547
1.8800000000000001 2.12 0.11137790903930254
1.8800000000000001 2.18 2.8029643434048052e-5
1.8800000000000001 2.2399999999999998 1.1480504781980884e-5
1.8800000000000001 2.3000000000000003 2.85176530759218e-7
1.8800000000000001 2.36 3.1734595263688912e-12
1.8800000000000001 2.4200000000000004 8.491300566885347e-12
1.94 1.1600000000000001 2.0480945964067347e-31
1.94 1.22 1.7771930579184385e-15
1.94 1.28 1.456731515988657e-15
1.94 1.34 1.3264550455874173e-17
1.94 1.4 1.1176700896479081e-25
1.94 1.46 4.0433408013045096e-13
1.94 1.52 1.698181248238014e-11
1.94 1.58 2.720214185664051e-9
1.94 1.6400000000000001 8.777711505431624e-7
1.94 1.7000000000000002 0.00039640576364062226
1.94 1.76 8.190813855502801
1.94 1.82 2.9416764765905468
1.94 1.8800000000000001 0.41105262434441775
1.94 1.94 24.86940256685278
1.94 2.0 3.9414522383851263
1.94 2.06 1.667845041272203
1.94 2.12 0.9732706561572859
1.94 2.18 8.858857454004106e-5
1.94 2.2399999999999998 1.3838435774363333e-5
1.94 2.3000000000000003 9.084986775563577e-6
1.94 2.36 7.500929010983294e-7
1.94 2.4200000000000004 6.502429163750535e-11
2.0 1.1600000000000001 4.24045412517067e-32
2.0 1.22 2.966110874023895e-16
2.0 1.28 1.3244426387437797e-19
2.0 1.34 1.5019399194957388e-16
2.0 1.4 8.942188341357471e-18
2.0 1.46 1.316856413150929e-21
2.0 1.52 1.4032979679800041e-6
2.0 1.58 6.521582536837718e-10
2.0 1.6400000000000001 6.579755994290681e-9
2.0 1.7000000000000002 0.866940112625766
2.0 1.76 3.7838610988296266e-16
2.0 1.82 7.806168828236431
2.0 1.8800000000000001 3.6623364425382037
2.0 1.94 4.150669228385269
2.0 2.0 22.155638498898547
2.0 2.06 1.0202534180181924
2.0 2.12 1.6602066581891382
2.0 2.18 0.005380994300055904
2.0 2.2399999999999998 0.0006863266303621565
2.0 2.3000000000000003 9.115285643052196e-5
2.0 2.36 4.833300979451758e-5
2.0 2.4200000000000004 7.421439248062549e-6
2.06 1.1600000000000001 5.446729614868638e-32
2.06 1.22 2.6975546715659874e-16
2.06 1.28 2.623658281884717e-18
2.06 1.34 -2.4277520483520598e-17
2.06 1.4 2.173444447835187e-20
2.06 1.46 5.2198245209471705e-19
2.06 1.52 2.0755186895398967e-18
2.06 1.58 6.796305180913404e-11
2.06 1.6400000000000001 0.0502279356261832
2.06 1.7000000000000002 0.08785360494341919
2.06 1.76 1.204389085942546
2.06 1.82 6.999304993186634e-16
2.06 1.8800000000000001 6.1143982962661765
2.06 1.94 3.774861305830496
2.06 2.0 4.092143694477821
2.06 2.06 13.9887593788854
2.06 2.12 4.471141554434739
2.06 2.18 1.1607270111362014
2.06 2.2399999999999998 0.05231985975953017
2.06 2.3000000000000003 0.0005996319407725492
2.06 2.36 3.7930660143659644e-5
2.06 2.4200000000000004 7.897864577547568e-5
2.12 1.1600000000000001 -1.7852255260196e-33
2.12 1.22 8.782395593309035e-25
2.12 1.28 -5.202897828244747e-17
2.12 1.34 -1.8912402577421202e-16
2.12 1.4 -7.673163755570212e-22
2.12 1.46 4.556975464214986e-18
2.12 1.52 6.89890301727995e-19
2.12 1.58 6.257361568952543e-15
2.12 1.6400000000000001 1.2229783492711311e-5
2.12 1.7000000000000002 0.001095609225459894
2.12 1.76 0.039047482363841965
2.12 1.82 0.10486731221398145
2.12 1.8800000000000001 0.5522755069886556
2.12 1.94 1.2289769736147939e-8
2.12 2.0 3.663256779122258
2.12 2.06 3.0518662417636397
2.12 2.12 5.983704807225483
2.12 2.18 2.9057236237523325
2.12 2.2399999999999998 0.44376035823343246
2.12 2.3000000000000003 0.15993960014988984
2.12 2.36 0.048279940559933315
2.12 2.4200000000000004 0.010567062688773414
2.18 1.1600000000000001 -5.565744006046986e-34
2.18 1.22 -4.4696272239228876e-30
2.18 1.28 2.829459819272616e-17
2.18 1.34 -5.7910583067182046e-18
2.18 1.4 -3.4267221891471234e-32
2.18 1.46 1.9426166657061762e-19
2.18 1.52 4.056941206762125e-15
2.18 1.58 1.9163672026983704e-21
2.18 1.6400000000000001 6.140997788458261e-9
2.18 1.7000000000000002 2.527626115578497e-7
2.18 1.76 0.03647081109344266
2.18 1.82 0.0002838280641934665
2.18 1.8800000000000001 5.5685366276312035e-5
2.18 1.94 -6.238471686468106e-14
2.18 2.0 0.001925765873519732
2.18 2.06 2.453318168500867
2.18 2.12 -6.968482505650706e-18
2.18 2.18 1.8970118872209232
2.18 2.2399999999999998 1.6094335038224952
2.18 2.3000000000000003 0.40363667251621277
2.18 2.36 0.0038943270005973953
2.18 2.4200000000000004 0.062171796840704056
2.2399999999999998 1.1600000000000001 -4.432011105760129e-33
2.2399999999999998 1.22 5.688187659756603e-21
2.2399999999999998 1.28 1.5968857494865267e-20
2.2399999999999998 1.34 -1.5088582195373556e-19
2.2399999999999998 1.4 -2.452243124296021e-33
2.2399999999999998 1.46 -1.8983849826140278e-23
2.2399999999999998 1.52 4.965370765891022e-21
2.2399999999999998 1.58 3.539081798769817e-15
2.2399999999999998 1.6400000000000001 2.2037501768465054e-13
2.2399999999999998 1.7000000000000002 1.4096299906218112e-7
2.2399999999999998 1.76 8.126399060955365e-5
2.2399999999999998 1.82 2.8112131997471676e-8
2.2399999999999998 1.8800000000000001 0.00023379057997981818
2.2399999999999998 1.94 7.959845901718969e-5
2.2399999999999998 2.0 5.945762081238994e-9
2.2399999999999998 2.06 0.009796184129267312
2.2399999999999998 2.12 1.219730795725178
2.2399999999999998 2.18 0.700259645093235
2.2399999999999998 2.2399999999999998 0.04995923933009714
2.2399999999999998 2.3000000000000003 0.6734412393821088
2.2399999999999998 2.36 0.006561315481538196
2.2399999999999998 2.4200000000000004 4.428894829459596e-9
2.3000000000000003 1.1600000000000001 -5.980201813817708e-34
2.3000000000000003 1.22 1.1613723240646468e-19
2.3000000000000003 1.28 2.0394327511060983e-16
2.3000000000000003 1.34 5.655413417077717e-17
2.3000000000000003 1.4 -3.0525543615421175e-34
2.3000000000000003 1.46 -6.952259003864193e-30
2.3000000000000003 1.52 2.1693149848468058e-20
2.3000000000000003 1.58 5.926211838097842e-19
2.3000000000000003 1.6400000000000001 2.3328938903383268e-14
2.3000000000000003 1.7000000000000002 1.594554120784869e-10
2.3000000000000003 1.76 1.1186681380752375e-13
2.3000000000000003 1.82 2.3821634132865106e-10
2.3000000000000003 1.8800000000000001 6.0942532603016066e-5
2.3000000000000003 1.94 0.0016251827975850145
2.3000000000000003 2.0 0.009506757312168865
2.3000000000000003 2.06 4.988728819717143e-10
2.3000000000000003 2.12 4.437033352072264e-11
2.3000000000000003 2.18 0.29130762323319087
2.3000000000000003 2.2399999999999998 3.3734145045130444e-17
2.3000000000000003 2.3000000000000003 0.09928940270741339
2.3000000000000003 2.36 1.6347191752103378e-7
2.3000000000000003 2.4200000000000004 0.007802122438477379
2.36 1.1600000000000001 2.2080304698971776e-35
2.36 1.22 5.023063017209591e-20
2.36 1.28 2.418771232757085e-16
2.36 1.34 3.5586629809829945e-16
2.36 1.4 -1.0713599091595627e-35
2.36 1.46 1.7665627194048725e-36
2.36 1.52 2.0043076401171982e-22
2.36 1.58 8.203255988643517e-17
2.36 1.6400000000000001 3.437171533671083e-15
2.36 1.7000000000000002 1.8187811512587412e-11
2.36 1.76 1.0782407672101965e-13
2.36 1.82 3.116828645956025e-13
2.36 1.8800000000000001 4.364940712116237e-6
2.36 1.94 0.0007029094320229385
2.36 2.0 0.003638427309182991
2.36 2.06 0.010428385026887877
2.36 2.12 9.377746425482257e-8
2.36 2.18 0.0176487624340101
2.36 2.2399999999999998 -1.2290081565284707e-18
2.36 2.3000000000000003 -1.9388407527832184e-19
2.36 2.36 0.012853246762641175
2.36 2.4200000000000004 0.02213573405454672
2.4200000000000004 1.1600000000000001 -1.4570213888503266e-35
2.4200000000000004 1.22 4.178164520561532e-21
2.4200000000000004 1.28 3.8387008803692074e-20
2.4200000000000004 1.34 -7.086565888378436e-17
2.4200000000000004 1.4 -1.108959192321342e-34
2.4200000000000004 1.46 -3.7679878875904876e-36
2.4200000000000004 1.52 -2.2507725135384417e-34
2.4200000000000004 1.58 3.090688603639485e-20
2.4200000000000004 1.6400000000000001 8.325932375633083e-17
2.4200000000000004 1.7000000000000002 3.547854929941821e-11
2.4200000000000004 1.76 6.096355125394545e-11
2.4200000000000004 1.82 8.683488224497083e-14
2.4200000000000004 1.8800000000000001 1.4087941681337377e-8
2.4200000000000004 1.94 5.846773651822042e-5
2.4200000000000004 2.0 0.0005441166644491053
2.4200000000000004 2.06 0.026606741479021114
2.4200000000000004 2.12 0.014745823270596904
2.4200000000000004 2.18 -1.1667191496624634e-18
2.4200000000000004 2.2399999999999998 1.1506765136821163e-18
2.4200000000000004 2.3000000000000003 6.419165497758436e-23
2.4200000000000004 2.36 6.893245283880538e-23
2.4200000000000004 2.4200000000000004 6.457227789469585e-5
2.48 1.1600000000000001 -2.5643731259954432e-36
2.48 1.22 1.825205458909599e-23
2.48 1.28 -4.229286608307141e-17
2.48 1.34 -2.718490242151838e-16
2.48 1.4 -1.527737552981829e-35
2.48 1.46 -4.303717272510617e-37
2.48 1.52 1.5753880462378725e-34
2.48 1.58 4.0411445175426147e-25
2.48 1.6400000000000001 4.0517265889732795e-18
2.48 1.7000000000000002 3.0325257882536643e-15
2.48 1.76 1.0829647038595586e-10
2.48 1.82 6.517139930420203e-10
2.48 1.8800000000000001 1.7379498779932734e-8
2.48 1.94 2.5541270894906655e-7
2.48 2.0 0.00022382193748590607
2.48 2.06 0.00434880201896932
2.48 2.12 0.0024427858067384363
2.48 2.18 -1.9127344715161022e-19
2.48 2.2399999999999998 1.8815702740314926e-19
2.48 2.3000000000000003 1.5221250053246132e-21
2.48 2.36 2.5068634104077823e-19
2.48 2.4200000000000004 0.0015311504099551362
2.5400000000000005 1.1600000000000001 3.385563925718319e-36
2.5400000000000005 1.22 1.338725824992798e-28
2.5400000000000005 1.28 7.935487148430284e-16
2.5400000000000005 1.34 3.7855300232141823e-17
2.5400000000000005 1.4 -5.624545279681028e-36
2.5400000000000005 1.46 -2.7883535268847386e-37
2.5400000000000005 1.52 4.274683322535652e-37
2.5400000000000005 1.58 3.702948853290671e-36
2.5400000000000005 1.6400000000000001 9.427977714732666e-22
2.5400000000000005 1.7000000000000002 1.114023075928389e-17
2.5400000000000005 1.76 4.872152185871507e-12
2.5400000000000005 1.82 3.103890315172298e-14
2.5400000000000005 1.8800000000000001 4.418419261386369e-8
2.5400000000000005 1.94 1.8733649271989825e-12
2.5400000000000005 2.0 6.093976301462104e-5
2.5400000000000005 2.06 0.0016574650070405787
2.5400000000000005 2.12 9.578664626538324e-5
2.5400000000000005 2.18 -6.066771447035737e-20
2.5400000000000005 2.2399999999999998 9.69669509503381e-20
2.5400000000000005 2.3000000000000003 -1.692841079050961e-20
2.5400000000000005 2.36 0.001007854540568886
2.5400000000000005 2.4200000000000004 -1.2895074071687348e-20
2.5999999999999996 1.1600000000000001 -1.5915677252345755e-37
2.5999999999999996 1.22 1.515841911408575e-27
2.5999999999999996 1.28 -3.848042300555201e-18
2.5999999999999996 1.34 -3.806551282018432e-15
2.5999999999999996 1.4 -1.7303377836144007e-36
2.5999999999999996 1.46 -8.361328835048802e-38
2.5999999999999996 1.52 3.902803164085679e-37
2.5999999999999996 1.58 1.0663988873550643e-36
2.5999999999999996 1.6400000000000001 1.2481194893316597e-33
2.5999999999999996 1.7000000000000002 5.957570924101413e-19
2.5999999999999996 1.76 1.1574706846504782e-12
2.5999999999999996 1.82 1.096352441949344e-12
2.5999999999999996 1.8800000000000001 1.5126296600298293e-12
2.5999999999999996 1.94 2.1212148310724516e-11
2.5999999999999996 2.0 3.3015497958480027e-7
2.5999999999999996 2.06 0.0004941374315923222
2.5999999999999996 2.12 3.607603929777999e-5
2.5999999999999996 2.18 -1.8183611496240922e-20
2.5999999999999996 2.2399999999999998 2.8537228274412614e-20
2.5999999999999996 2.3000000000000003 1.6827198784279752e-20
2.5999999999999996 2.36 9.167609049996642e-9
2.5999999999999996 2.4200000000000004 -1.1720030897167803e-25
2.66 1.1600000000000001 -6.823708947665221e-38
2.66 1.22 1.924764642571397e-24
2.66 1.28 -9.164479750275347e-18
2.66 1.34 -7.216494646691517e-17
2.66 1.4 -1.3221797281971929e-37
2.66 1.46 2.969273814365856e-39
2.66 1.52 7.094460474994831e-37
2.66 1.58 -2.5859663230222374e-38
2.66 1.6400000000000001 -3.358827840747756e-37
2.66 1.7000000000000002 1.3825514078252397e-27
2.66 1.76 5.248990665411758e-17
2.66 1.82 2.9501303891246485e-12
2.66 1.8800000000000001 3.145919925336152e-12
2.66 1.94 2.6934466421231527e-8
2.66 2.0 2.950740798398678e-11
2.66 2.06 5.736303631845503e-6
2.66 2.12 8.078608553116053e-5
2.66 2.18 -1.3863955250967355e-21
2.66 2.2399999999999998 -2.1174560355773474e-21
2.66 2.3000000000000003 6.571410214720722e-12
2.66 2.36 1.0896348730903346e-18
2.66 2.4200000000000004 -2.042517478633089e-29
2.7199999999999998 1.1600000000000001 -1.0676996547809614e-37
2.7199999999999998 1.22 2.0518056193697246e-25
2.7199999999999998 1.28 -1.762315189347266e-17
2.7199999999999998 1.34 -1.7748253833327024e-18
2.7199999999999998 1.4 -1.6004982810570663e-37
2.7199999999999998 1.46 5.600618526244985e-39
2.7199999999999998 1.52 4.0911341920487165e-39
2.7199999999999998 1.58 -5.399746782426008e-38
2.7199999999999998 1.6400000000000001 -3.8673484324410535e-37
2.7199999999999998 1.7000000000000002 -6.70870968603019e-37
2.7199999999999998 1.76 1.6172103579104322e-21
2.7199999999999998 1.82 1.720671784844335e-14
2.7199999999999998 1.8800000000000001 3.3209094746771873e-15
2.7199999999999998 1.94 2.871223230905788e-9
2.7199999999999998 2.0 2.9597183578720337e-7
2.7199999999999998 2.06 5.3065310505457e-11
2.7199999999999998 2.12 0.00011470839799972912
2.7199999999999998 2.18 -1.6777418078003511e-21
2.7199999999999998 2.2399999999999998 -3.492679912597007e-21
2.7199999999999998 2.3000000000000003 3.6018376318981525e-9
2.7199999999999998 2.36 -3.477274542076597e-26
2.7199999999999998 2.4200000000000004 -1.7369210524667156e-27
