0.5 3.0 0.0
0.5 3.04 0.0
0.5 3.08 0.0
0.5 3.1199999999999997 0.0
0.5 3.16 0.0
0.5 3.2 0.0
0.5 3.24 0.0
0.5 3.2800000000000002 0.0
0.5 3.3200000000000003 0.0
0.5 3.36 0.0
0.5 3.4000000000000004 0.0
0.5 3.44 0.0
0.5 3.4800000000000004 0.0
0.5 3.5199999999999996 0.0
0.5 3.5600000000000005 0.0
0.5 3.5999999999999996 0.0
0.5 3.64 0.0
0.5 3.6799999999999997 0.0
0.5 3.7199999999999998 0.0
0.5 3.76 0.0
0.5 3.8 0.0
0.5 3.8400000000000003 0.0
0.5 3.8800000000000003 0.0
0.5 3.9200000000000004 0.0
0.5 3.96 0.0
0.5 4.0 0.0
0.5 4.04 0.0
0.5 4.08 0.0
0.5 4.12 0.0
0.5 4.16 0.0
0.5 4.2 0.0
0.5 4.24 0.0
0.5 4.28 0.0
0.5 4.32 0.0
0.5 4.36 0.0
0.5 4.4 0.0
0.5 4.4399999999999995 0.0
0.5 4.48 0.0
0.5 4.52 0.0
0.5 4.5600000000000005 0.0
0.5 4.6 0.0
0.5 4.64 0.0
0.5 4.680000000000001 0.0
0.5 4.72 0.0
0.5 4.760000000000001 0.0
0.5 4.8 0.0
0.5 4.840000000000001 0.0
0.5 4.879999999999999 0.0
0.5 4.92 0.0
0.5 4.960000000000001 0.0
0.5 5.0 0.0
0.99 3.0 0.0
0.99 3.04 0.0
0.99 3.08 0.0
0.99 3.1199999999999997 0.0
0.99 3.16 0.0
0.99 3.2 0.0
0.99 3.24 0.0
0.99 3.2800000000000002 0.0
0.99 3.3200000000000003 0.0
0.99 3.36 0.0
0.99 3.4000000000000004 0.0
0.99 3.44 0.0
0.99 3.4800000000000004 0.0
0.99 3.5199999999999996 0.0
0.99 3.5600000000000005 0.0
0.99 3.5999999999999996 0.0
0.99 3.64 0.0
0.99 3.6799999999999997 0.0
0.99 3.7199999999999998 0.0
0.99 3.76 0.0
0.99 3.8 0.0
0.99 3.8400000000000003 0.0
0.99 3.8800000000000003 0.0
0.99 3.9200000000000004 0.0
0.99 3.96 0.0
0.99 4.0 0.0
0.99 4.04 0.0
0.99 4.08 0.0
0.99 4.12 0.0
0.99 4.16 0.0
0.99 4.2 0.0
0.99 4.24 0.0
0.99 4.28 0.0
0.99 4.32 0.0
0.99 4.36 0.0
0.99 4.4 0.0
0.99 4.4399999999999995 0.0
0.99 4.48 0.0
0.99 4.52 0.0
0.99 4.5600000000000005 0.0
0.99 4.6 0.0
0.99 4.64 0.0
0.99 4.680000000000001 0.0
0.99 4.72 0.0
0.99 4.760000000000001 0.0
0.99 4.8 0.0
0.99 4.840000000000001 0.0
0.99 4.879999999999999 0.0
0.99 4.92 0.0
0.99 4.960000000000001 0.0
0.99 5.0 0.0
1.48 3.0 0.0
1.48 3.04 0.0
1.48 3.08 0.0
1.48 3.1199999999999997 0.0
1.48 3.16 0.0
1.48 3.2 0.0
1.48 3.24 0.0
1.48 3.2800000000000002 0.0
1.48 3.3200000000000003 0.0
1.48 3.36 0.0
1.48 3.4000000000000004 0.0
1.48 3.44 0.0
1.48 3.4800000000000004 0.0
1.48 3.5199999999999996 0.0
1.48 3.5600000000000005 0.0
1.48 3.5999999999999996 0.0
1.48 3.64 0.0
1.48 3.6799999999999997 0.0
1.48 3.7199999999999998 0.0
1.48 3.76 0.0
1.48 3.8 0.0
1.48 3.8400000000000003 0.0
1.48 3.8800000000000003 0.0
1.48 3.9200000000000004 0.0
1.48 3.96 0.0
1.48 4.0 0.0
1.48 4.04 0.0
1.48 4.08 0.0
1.48 4.12 0.0
1.48 4.16 0.0
1.48 4.2 0.0
1.48 4.24 0.0
1.48 4.28 0.0
1.48 4.32 0.0
1.48 4.36 0.0
1.48 4.4 0.0
1.48 4.4399999999999995 0.0
1.48 4.48 0.0
1.48 4.52 0.0
1.48 4.5600000000000005 0.0
1.48 4.6 0.0
1.48 4.64 0.0
1.48 4.680000000000001 0.0
1.48 4.72 0.0
1.48 4.760000000000001 0.0
1.48 4.8 0.0
1.48 4.840000000000001 0.0
1.48 4.879999999999999 0.0
1.48 4.92 0.0
1.48 4.960000000000001 0.0
1.48 5.0 0.0
1.97 3.0 0.0
1.97 3.04 0.0
1.97 3.08 0.0
1.97 3.1199999999999997 0.0
1.97 3.16 0.0
1.97 3.2 0.0
1.97 3.24 0.0
1.97 3.2800000000000002 0.0
1.97 3.3200000000000003 0.0
1.97 3.36 0.0
1.97 3.4000000000000004 0.0
1.97 3.44 0.0
1.97 3.4800000000000004 0.0
1.97 3.5199999999999996 0.0
1.97 3.5600000000000005 0.0
1.97 3.5999999999999996 0.0
1.97 3.64 0.0
1.97 3.6799999999999997 0.0
1.97 3.7199999999999998 0.0
1.97 3.76 0.0
1.97 3.8 0.0
1.97 3.8400000000000003 0.0
1.97 3.8800000000000003 0.0
1.97 3.9200000000000004 0.0
1.97 3.96 0.0
1.97 4.0 0.0
1.97 4.04 0.0
1.97 4.08 0.0
1.97 4.12 0.0
1.97 4.16 0.0
1.97 4.2 0.0
1.97 4.24 0.0
1.97 4.28 0.0
1.97 4.32 0.0
1.97 4.36 0.0
1.97 4.4 0.0
1.97 4.4399999999999995 0.0
1.97 4.48 0.0
1.97 4.52 0.0
1.97 4.5600000000000005 0.0
1.97 4.6 0.0
1.97 4.64 0.0
1.97 4.680000000000001 0.0
1.97 4.72 0.0
1.97 4.760000000000001 0.0
1.97 4.8 0.0
1.97 4.840000000000001 0.0
1.97 4.879999999999999 0.0
1.97 4.92 0.0
1.97 4.960000000000001 0.0
1.97 5.0 0.0
2.46 3.0 0.0
2.46 3.04 0.0
2.46 3.08 0.0
2.46 3.1199999999999997 0.0
2.46 3.16 0.0
2.46 3.2 0.0
2.46 3.24 0.0
2.46 3.2800000000000002 0.0
2.46 3.3200000000000003 0.0
2.46 3.36 0.0
2.46 3.4000000000000004 0.0
2.46 3.44 0.0
2.46 3.4800000000000004 0.0
2.46 3.5199999999999996 0.0
2.46 3.5600000000000005 0.0
2.46 3.5999999999999996 0.0
2.46 3.64 0.0
2.46 3.6799999999999997 0.0
2.46 3.7199999999999998 0.0
2.46 3.76 0.0
2.46 3.8 0.0
2.46 3.8400000000000003 0.0
2.46 3.8800000000000003 0.0
2.46 3.9200000000000004 0.0
2.46 3.96 0.0
2.46 4.0 0.0
2.46 4.04 0.0
2.46 4.08 0.0
2.46 4.12 0.0
2.46 4.16 0.0
2.46 4.2 0.0
2.46 4.24 0.0
2.46 4.28 0.0
2.46 4.32 0.0
2.46 4.36 0.0
2.46 4.4 0.0
2.46 4.4399999999999995 0.0
2.46 4.48 0.0
2.46 4.52 0.0
2.46 4.5600000000000005 0.0
2.46 4.6 0.0
2.46 4.64 0.0
2.46 4.680000000000001 0.0
2.46 4.72 0.0
2.46 4.760000000000001 0.0
2.46 4.8 0.0
2.46 4.840000000000001 0.0
2.46 4.879999999999999 0.0
2.46 4.92 0.0
2.46 4.960000000000001 0.0
2.46 5.0 0.0
2.95 3.0 0.0
2.95 3.04 0.0
2.95 3.08 0.0
2.95 3.1199999999999997 0.0
2.95 3.16 0.0
2.95 3.2 0.0
2.95 3.24 0.0
2.95 3.2800000000000002 0.0
2.95 3.3200000000000003 0.0
2.95 3.36 0.0
2.95 3.4000000000000004 0.0
2.95 3.44 0.0
2.95 3.4800000000000004 0.0
2.95 3.5199999999999996 0.0
2.95 3.5600000000000005 0.0
2.95 3.5999999999999996 0.0
2.95 3.64 0.0
2.95 3.6799999999999997 0.0
2.95 3.7199999999999998 0.0
2.95 3.76 0.0
2.95 3.8 0.0
2.95 3.8400000000000003 0.0
2.95 3.8800000000000003 0.0
2.95 3.9200000000000004 0.0
2.95 3.96 0.0
2.95 4.0 0.0
2.95 4.04 0.0
2.95 4.08 0.0
2.95 4.12 0.0
2.95 4.16 0.0
2.95 4.2 0.0
2.95 4.24 0.0
2.95 4.28 0.0
2.95 4.32 0.0
2.95 4.36 0.0
2.95 4.4 0.0
2.95 4.4399999999999995 0.0
2.95 4.48 0.0
2.95 4.52 0.0
2.95 4.5600000000000005 0.0
2.95 4.6 0.0
2.95 4.64 0.0
2.95 4.680000000000001 0.0
2.95 4.72 0.0
2.95 4.760000000000001 0.0
2.95 4.8 0.0
2.95 4.840000000000001 0.0
2.95 4.879999999999999 0.0
2.95 4.92 0.0
2.95 4.960000000000001 0.0
2.95 5.0 0.0
3.44 3.0 0.0
3.44 3.04 0.0
3.44 3.08 0.0
3.44 3.1199999999999997 0.0
3.44 3.16 0.0
3.44 3.2 0.0
3.44 3.24 0.0
3.44 3.2800000000000002 0.0
3.44 3.3200000000000003 0.0
3.44 3.36 0.0
3.44 3.4000000000000004 0.0
3.44 3.44 0.0
3.44 3.4800000000000004 0.0
3.44 3.5199999999999996 0.0
3.44 3.5600000000000005 0.0
3.44 3.5999999999999996 0.0
3.44 3.64 0.0
3.44 3.6799999999999997 0.0
3.44 3.7199999999999998 0.0
3.44 3.76 0.0
3.44 3.8 0.0
3.44 3.8400000000000003 0.0
3.44 3.8800000000000003 0.0
3.44 3.9200000000000004 0.0
3.44 3.96 0.0
3.44 4.0 0.0
3.44 4.04 0.0
3.44 4.08 0.0
3.44 4.12 0.0
3.44 4.16 0.0
3.44 4.2 0.0
3.44 4.24 0.0
3.44 4.28 0.0
3.44 4.32 0.0
3.44 4.36 0.0
3.44 4.4 0.0
3.44 4.4399999999999995 0.0
3.44 4.48 0.0
3.44 4.52 0.0
3.44 4.5600000000000005 0.0
3.44 4.6 0.0
3.44 4.64 0.0
3.44 4.680000000000001 0.0
3.44 4.72 0.0
3.44 4.760000000000001 0.0
3.44 4.8 0.0
3.44 4.840000000000001 0.0
3.44 4.879999999999999 0.0
3.44 4.92 0.0
3.44 4.960000000000001 0.0
3.44 5.0 0.0
3.9300000000000006 3.0 0.0
3.9300000000000006 3.04 0.0
3.9300000000000006 3.08 0.0
3.9300000000000006 3.1199999999999997 0.0
3.9300000000000006 3.16 0.0
3.9300000000000006 3.2 0.0
3.9300000000000006 3.24 0.0
3.9300000000000006 3.2800000000000002 0.0
3.9300000000000006 3.3200000000000003 0.0
3.9300000000000006 3.36 0.0
3.9300000000000006 3.4000000000000004 0.0
3.9300000000000006 3.44 0.0
3.9300000000000006 3.4800000000000004 0.0
3.9300000000000006 3.5199999999999996 0.0
3.9300000000000006 3.5600000000000005 0.0
3.9300000000000006 3.5999999999999996 0.0
3.9300000000000006 3.64 0.0
3.9300000000000006 3.6799999999999997 0.0
3.9300000000000006 3.7199999999999998 0.0
3.9300000000000006 3.76 0.0
3.9300000000000006 3.8 0.0
3.9300000000000006 3.8400000000000003 0.0
3.9300000000000006 3.8800000000000003 0.0
3.9300000000000006 3.9200000000000004 0.0
3.9300000000000006 3.96 0.0
3.9300000000000006 4.0 0.0
3.9300000000000006 4.04 0.0
3.9300000000000006 4.08 0.0
3.9300000000000006 4.12 0.0
3.9300000000000006 4.16 0.0
3.9300000000000006 4.2 0.0
3.9300000000000006 4.24 0.0
3.9300000000000006 4.28 0.0
3.9300000000000006 4.32 0.0
3.9300000000000006 4.36 0.0
3.9300000000000006 4.4 0.0
3.9300000000000006 4.4399999999999995 0.0
3.9300000000000006 4.48 0.0
3.9300000000000006 4.52 0.0
3.9300000000000006 4.5600000000000005 0.0
3.9300000000000006 4.6 0.0
3.9300000000000006 4.64 0.0
3.9300000000000006 4.680000000000001 0.0
3.9300000000000006 4.72 0.0
3.9300000000000006 4.760000000000001 0.0
3.9300000000000006 4.8 0.0
3.9300000000000006 4.840000000000001 0.0
3.9300000000000006 4.879999999999999 0.0
3.9300000000000006 4.92 0.0
3.9300000000000006 4.960000000000001 0.0
3.9300000000000006 5.0 0.0
4.42 3.0 0.0
4.42 3.04 0.0
4.42 3.08 0.0
4.42 3.1199999999999997 0.0
4.42 3.16 0.0
4.42 3.2 0.0
4.42 3.24 0.0
4.42 3.2800000000000002 0.0
4.42 3.3200000000000003 0.0
4.42 3.36 0.0
4.42 3.4000000000000004 0.0
4.42 3.44 0.0
4.42 3.4800000000000004 0.0
4.42 3.5199999999999996 0.0
4.42 3.5600000000000005 0.0
4.42 3.5999999999999996 0.0
4.42 3.64 0.0
4.42 3.6799999999999997 0.0
4.42 3.7199999999999998 0.0
4.42 3.76 0.0
4.42 3.8 0.0
4.42 3.8400000000000003 0.0
4.42 3.8800000000000003 0.0
4.42 3.9200000000000004 0.0
4.42 3.96 0.0
4.42 4.0 0.0
4.42 4.04 0.0
4.42 4.08 0.0
4.42 4.12 0.0
4.42 4.16 0.0
4.42 4.2 0.0
4.42 4.24 0.0
4.42 4.28 0.0
4.42 4.32 0.0
4.42 4.36 0.0
4.42 4.4 0.0
4.42 4.4399999999999995 0.0
4.42 4.48 0.0
4.42 4.52 0.0
4.42 4.5600000000000005 0.0
4.42 4.6 0.0
4.42 4.64 0.0
4.42 4.680000000000001 0.0
4.42 4.72 0.0
4.42 4.760000000000001 0.0
4.42 4.8 0.0
4.42 4.840000000000001 0.0
4.42 4.879999999999999 0.0
4.42 4.92 0.0
4.42 4.960000000000001 0.0
4.42 5.0 0.0
4.91 3.0 0.0
4.91 3.04 0.0
4.91 3.08 0.0
4.91 3.1199999999999997 0.0
4.91 3.16 0.0
4.91 3.2 0.0
4.91 3.24 0.0
4.91 3.2800000000000002 0.0
4.91 3.3200000000000003 0.0
4.91 3.36 0.0
4.91 3.4000000000000004 0.0
4.91 3.44 0.0
4.91 3.4800000000000004 0.0
4.91 3.5199999999999996 0.0
4.91 3.5600000000000005 0.0
4.91 3.5999999999999996 0.0
4.91 3.64 0.0
4.91 3.6799999999999997 0.0
4.91 3.7199999999999998 0.0
4.91 3.76 0.0
4.91 3.8 0.0
4.91 3.8400000000000003 0.0
4.91 3.8800000000000003 0.0
4.91 3.9200000000000004 0.0
4.91 3.96 0.0
4.91 4.0 0.0
4.91 4.04 0.0
4.91 4.08 0.0
4.91 4.12 0.0
4.91 4.16 0.0
4.91 4.2 0.0
4.91 4.24 0.0
4.91 4.28 0.0
4.91 4.32 0.0
4.91 4.36 0.0
4.91 4.4 0.0
4.91 4.4399999999999995 0.0
4.91 4.48 0.0
4.91 4.52 0.0
4.91 4.5600000000000005 0.0
4.91 4.6 0.0
4.91 4.64 0.0
4.91 4.680000000000001 0.0
4.91 4.72 0.0
4.91 4.760000000000001 0.0
4.91 4.8 0.0
4.91 4.840000000000001 0.0
4.91 4.879999999999999 0.0
4.91 4.92 0.0
4.91 4.960000000000001 0.0
4.91 5.0 0.0
5.4 3.0 0.0
5.4 3.04 0.0
5.4 3.08 0.0
5.4 3.1199999999999997 0.0
5.4 3.16 0.0
5.4 3.2 0.0
5.4 3.24 0.0
5.4 3.2800000000000002 0.0
5.4 3.3200000000000003 0.0
5.4 3.36 0.0
5.4 3.4000000000000004 0.0
5.4 3.44 0.0
5.4 3.4800000000000004 0.0
5.4 3.5199999999999996 0.0
5.4 3.5600000000000005 0.0
5.4 3.5999999999999996 0.0
5.4 3.64 0.0
5.4 3.6799999999999997 0.0
5.4 3.7199999999999998 0.0
5.4 3.76 0.0
5.4 3.8 0.0
5.4 3.8400000000000003 0.0
5.4 3.8800000000000003 0.0
5.4 3.9200000000000004 0.0
5.4 3.96 0.0
5.4 4.0 0.0
5.4 4.04 0.0
5.4 4.08 0.0
5.4 4.12 0.0
5.4 4.16 0.0
5.4 4.2 0.0
5.4 4.24 0.0
5.4 4.28 0.0
5.4 4.32 0.0
5.4 4.36 0.0
5.4 4.4 0.0
5.4 4.4399999999999995 0.0
5.4 4.48 0.0
5.4 4.52 0.0
5.4 4.5600000000000005 0.0
5.4 4.6 0.0
5.4 4.64 0.0
5.4 4.680000000000001 0.0
5.4 4.72 0.0
5.4 4.760000000000001 0.0
5.4 4.8 0.0
5.4 4.840000000000001 0.0
5.4 4.879999999999999 0.0
5.4 4.92 0.0
5.4 4.960000000000001 0.0
5.4 5.0 0.0
5.89 3.0 0.0
5.89 3.04 0.0
5.89 3.08 0.0
5.89 3.1199999999999997 0.0
5.89 3.16 0.0
5.89 3.2 0.0
5.89 3.24 0.0
5.89 3.2800000000000002 0.0
5.89 3.3200000000000003 0.0
5.89 3.36 0.0
5.89 3.4000000000000004 0.0
5.89 3.44 0.0
5.89 3.4800000000000004 0.0
5.89 3.5199999999999996 0.0
5.89 3.5600000000000005 0.0
5.89 3.5999999999999996 0.0
5.89 3.64 0.0
5.89 3.6799999999999997 0.0
5.89 3.7199999999999998 0.0
5.89 3.76 0.0
5.89 3.8 0.0
5.89 3.8400000000000003 0.0
5.89 3.8800000000000003 0.0
5.89 3.9200000000000004 0.0
5.89 3.96 0.0
5.89 4.0 0.0
5.89 4.04 0.0
5.89 4.08 0.0
5.89 4.12 0.0
5.89 4.16 0.0
5.89 4.2 0.0
5.89 4.24 0.0
5.89 4.28 0.0
5.89 4.32 0.0
5.89 4.36 0.0
5.89 4.4 0.0
5.89 4.4399999999999995 0.0
5.89 4.48 0.0
5.89 4.52 0.0
5.89 4.5600000000000005 0.0
5.89 4.6 0.0
5.89 4.64 0.0
5.89 4.680000000000001 0.0
5.89 4.72 0.0
5.89 4.760000000000001 0.0
5.89 4.8 0.0
5.89 4.840000000000001 0.0
5.89 4.879999999999999 0.0
5.89 4.92 0.0
5.89 4.960000000000001 0.0
5.89 5.0 0.0
6.38 3.0 0.0
6.38 3.04 0.0
6.38 3.08 0.0
6.38 3.1199999999999997 0.0
6.38 3.16 0.0
6.38 3.2 0.0
6.38 3.24 0.0
6.38 3.2800000000000002 0.0
6.38 3.3200000000000003 0.0
6.38 3.36 0.0
6.38 3.4000000000000004 0.0
6.38 3.44 0.0
6.38 3.4800000000000004 0.0
6.38 3.5199999999999996 0.0
6.38 3.5600000000000005 0.0
6.38 3.5999999999999996 0.0
6.38 3.64 0.0
6.38 3.6799999999999997 0.0
6.38 3.7199999999999998 0.0
6.38 3.76 0.0
6.38 3.8 0.0
6.38 3.8400000000000003 0.0
6.38 3.8800000000000003 0.0
6.38 3.9200000000000004 0.0
6.38 3.96 0.0
6.38 4.0 0.0
6.38 4.04 0.0
6.38 4.08 0.0
6.38 4.12 0.0
6.38 4.16 0.0
6.38 4.2 0.0
6.38 4.24 0.0
6.38 4.28 0.0
6.38 4.32 0.0
6.38 4.36 0.0
6.38 4.4 0.0
6.38 4.4399999999999995 0.0
6.38 4.48 0.0
6.38 4.52 0.0
6.38 4.5600000000000005 0.0
6.38 4.6 0.0
6.38 4.64 0.0
6.38 4.680000000000001 0.0
6.38 4.72 0.0
6.38 4.760000000000001 0.0
6.38 4.8 0.0
6.38 4.840000000000001 0.0
6.38 4.879999999999999 0.0
6.38 4.92 0.0
6.38 4.960000000000001 0.0
6.38 5.0 0.0
6.87 3.0 0.0
6.87 3.04 0.0
6.87 3.08 0.0
6.87 3.1199999999999997 0.0
6.87 3.16 0.0
6.87 3.2 0.0
6.87 3.24 0.0
6.87 3.2800000000000002 0.0
6.87 3.3200000000000003 0.0
6.87 3.36 0.0
6.87 3.4000000000000004 0.0
6.87 3.44 0.0
6.87 3.4800000000000004 0.0
6.87 3.5199999999999996 0.0
6.87 3.5600000000000005 0.0
6.87 3.5999999999999996 0.0
6.87 3.64 0.0
6.87 3.6799999999999997 0.0
6.87 3.7199999999999998 0.0
6.87 3.76 0.0
6.87 3.8 0.0
6.87 3.8400000000000003 0.0
6.87 3.8800000000000003 0.0
6.87 3.9200000000000004 0.0
6.87 3.96 0.0
6.87 4.0 0.0
6.87 4.04 0.0
6.87 4.08 0.0
6.87 4.12 0.0
6.87 4.16 0.0
6.87 4.2 0.0
6.87 4.24 0.0
6.87 4.28 0.0
6.87 4.32 0.0
6.87 4.36 0.0
6.87 4.4 0.0
6.87 4.4399999999999995 0.0
6.87 4.48 0.0
6.87 4.52 0.0
6.87 4.5600000000000005 0.0
6.87 4.6 0.0
6.87 4.64 0.0
6.87 4.680000000000001 0.0
6.87 4.72 0.0
6.87 4.760000000000001 0.0
6.87 4.8 0.0
6.87 4.840000000000001 0.0
6.87 4.879999999999999 0.0
6.87 4.92 0.0
6.87 4.960000000000001 0.0
6.87 5.0 0.0
7.360000000000001 3.0 0.0
7.360000000000001 3.04 0.0
7.360000000000001 3.08 0.0
7.360000000000001 3.1199999999999997 0.0
7.360000000000001 3.16 0.0
7.360000000000001 3.2 0.0
7.360000000000001 3.24 0.0
7.360000000000001 3.2800000000000002 0.0
7.360000000000001 3.3200000000000003 0.0
7.360000000000001 3.36 0.0
7.360000000000001 3.4000000000000004 0.0
7.360000000000001 3.44 0.0
7.360000000000001 3.4800000000000004 0.0
7.360000000000001 3.5199999999999996 0.0
7.360000000000001 3.5600000000000005 0.0
7.360000000000001 3.5999999999999996 0.0
7.360000000000001 3.64 0.0
7.360000000000001 3.6799999999999997 0.0
7.360000000000001 3.7199999999999998 0.0
7.360000000000001 3.76 0.0
7.360000000000001 3.8 0.0
7.360000000000001 3.8400000000000003 0.0
7.360000000000001 3.8800000000000003 0.0
7.360000000000001 3.9200000000000004 0.0
7.360000000000001 3.96 0.0
7.360000000000001 4.0 0.0
7.360000000000001 4.04 0.0
7.360000000000001 4.08 0.0
7.360000000000001 4.12 0.0
7.360000000000001 4.16 0.0
7.360000000000001 4.2 0.0
7.360000000000001 4.24 0.0
7.360000000000001 4.28 0.0
7.360000000000001 4.32 0.0
7.360000000000001 4.36 0.0
7.360000000000001 4.4 0.0
7.360000000000001 4.4399999999999995 0.0
7.360000000000001 4.48 0.0
7.360000000000001 4.52 0.0
7.360000000000001 4.5600000000000005 0.0
7.360000000000001 4.6 0.0
7.360000000000001 4.64 0.0
7.360000000000001 4.680000000000001 0.0
7.360000000000001 4.72 0.0
7.360000000000001 4.760000000000001 0.0
7.360000000000001 4.8 0.0
7.360000000000001 4.840000000000001 0.0
7.360000000000001 4.879999999999999 0.0
7.360000000000001 4.92 0.0
7.360000000000001 4.960000000000001 0.0
7.360000000000001 5.0 0.0
7.85 3.0 0.0
7.85 3.04 0.0
7.85 3.08 0.0
7.85 3.1199999999999997 0.0
7.85 3.16 0.0
7.85 3.2 0.0
7.85 3.24 0.0
7.85 3.2800000000000002 0.0
7.85 3.3200000000000003 0.0
7.85 3.36 0.0
7.85 3.4000000000000004 0.0
7.85 3.44 0.0
7.85 3.4800000000000004 0.0
7.85 3.5199999999999996 0.0
7.85 3.5600000000000005 0.0
7.85 3.5999999999999996 0.0
7.85 3.64 0.0
7.85 3.6799999999999997 0.0
7.85 3.7199999999999998 0.0
7.85 3.76 -3.4329410006810034e-29
7.85 3.8 3.08566824573499e-25
7.85 3.8400000000000003 3.9729405211345045e-25
7.85 3.8800000000000003 -2.706293776300871e-26
7.85 3.9200000000000004 1.0690488394891021e-23
7.85 3.96 8.121085863108606e-24
7.85 4.0 3.922047549787877e-24
7.85 4.04 1.6192738110658118e-21
7.85 4.08 4.240483058000577e-16
7.85 4.12 5.1688709066093685e-20
7.85 4.16 -7.084841378377794e-17
7.85 4.2 -3.2192677013315604e-20
7.85 4.24 2.2303898174164503e-24
7.85 4.28 1.620639318809193e-25
7.85 4.32 4.223628065839306e-28
7.85 4.36 5.014187590350431e-34
7.85 4.4 -8.577970316264795e-36
7.85 4.4399999999999995 0.0
7.85 4.48 0.0
7.85 4.52 0.0
7.85 4.5600000000000005 0.0
7.85 4.6 0.0
7.85 4.64 0.0
7.85 4.680000000000001 0.0
7.85 4.72 0.0
7.85 4.760000000000001 0.0
7.85 4.8 0.0
7.85 4.840000000000001 0.0
7.85 4.879999999999999 0.0
7.85 4.92 0.0
7.85 4.960000000000001 0.0
7.85 5.0 0.0
8.34 3.0 0.0
8.34 3.04 0.0
8.34 3.08 0.0
8.34 3.1199999999999997 0.0
8.34 3.16 0.0
8.34 3.2 0.0
8.34 3.24 0.0
8.34 3.2800000000000002 0.0
8.34 3.3200000000000003 0.0
8.34 3.36 0.0
8.34 3.4000000000000004 0.0
8.34 3.44 0.0
8.34 3.4800000000000004 0.0
8.34 3.5199999999999996 0.0
8.34 3.5600000000000005 0.0
8.34 3.5999999999999996 0.0
8.34 3.64 0.0
8.34 3.6799999999999997 0.0
8.34 3.7199999999999998 0.0
8.34 3.76 9.659798225875987e-28
8.34 3.8 -8.682622670433581e-24
8.34 3.8400000000000003 -1.063706478019659e-23
8.34 3.8800000000000003 3.017746264190481e-26
8.34 3.9200000000000004 -3.007765346866188e-22
8.34 3.96 -2.2851558111068805e-22
8.34 4.0 -1.1036073137259674e-22
8.34 4.04 -3.824284222619175e-20
8.34 4.08 5.075553086512719e-16
8.34 4.12 2.457382061433841e-15
8.34 4.16 3.231933200998763e-12
8.34 4.2 1.4619440772270357e-15
8.34 4.24 -6.021982176226062e-23
8.34 4.28 -4.560244062646514e-24
8.34 4.32 -1.1884676983113459e-26
8.34 4.36 -1.4109196859929695e-32
8.34 4.4 2.4137164729083257e-34
8.34 4.4399999999999995 0.0
8.34 4.48 0.0
8.34 4.52 0.0
8.34 4.5600000000000005 0.0
8.34 4.6 0.0
8.34 4.64 0.0
8.34 4.680000000000001 0.0
8.34 4.72 0.0
8.34 4.760000000000001 0.0
8.34 4.8 0.0
8.34 4.840000000000001 0.0
8.34 4.879999999999999 0.0
8.34 4.92 0.0
8.34 4.960000000000001 0.0
8.34 5.0 0.0
8.83 3.0 0.0
8.83 3.04 0.0
8.83 3.08 0.0
8.83 3.1199999999999997 0.0
8.83 3.16 0.0
8.83 3.2 0.0
8.83 3.24 0.0
8.83 3.2800000000000002 0.0
8.83 3.3200000000000003 0.0
8.83 3.36 0.0
8.83 3.4000000000000004 0.0
8.83 3.44 0.0
8.83 3.4800000000000004 0.0
8.83 3.5199999999999996 0.0
8.83 3.5600000000000005 0.0
8.83 3.5999999999999996 0.0
8.83 3.64 0.0
8.83 3.6799999999999997 0.0
8.83 3.7199999999999998 0.0
8.83 3.76 1.4641357176713918e-25
8.83 3.8 8.823613476125868e-23
8.83 3.8400000000000003 -5.079198975138956e-23
8.83 3.8800000000000003 3.128048228866414e-22
8.83 3.9200000000000004 2.002059716668514e-19
8.83 3.96 -1.0420903079501302e-18
8.83 4.0 -1.5644260536102793e-17
8.83 4.04 5.743630703287192e-16
8.83 4.08 6.16467458562782e-14
8.83 4.12 1.5413767142365523e-15
8.83 4.16 6.037750480219001e-16
8.83 4.2 3.722712578792362e-16
8.83 4.24 1.9939644449946169e-16
8.83 4.28 5.3916689877657317e-20
8.83 4.32 1.013008895616555e-23
8.83 4.36 2.202270148469247e-29
8.83 4.4 -1.7614695411658246e-30
8.83 4.4399999999999995 0.0
8.83 4.48 0.0
8.83 4.52 0.0
8.83 4.5600000000000005 0.0
8.83 4.6 0.0
8.83 4.64 0.0
8.83 4.680000000000001 0.0
8.83 4.72 0.0
8.83 4.760000000000001 0.0
8.83 4.8 0.0
8.83 4.840000000000001 0.0
8.83 4.879999999999999 0.0
8.83 4.92 0.0
8.83 4.960000000000001 0.0
8.83 5.0 0.0
9.32 3.0 0.0
9.32 3.04 0.0
9.32 3.08 0.0
9.32 3.1199999999999997 0.0
9.32 3.16 0.0
9.32 3.2 0.0
9.32 3.24 0.0
9.32 3.2800000000000002 0.0
9.32 3.3200000000000003 0.0
9.32 3.36 0.0
9.32 3.4000000000000004 0.0
9.32 3.44 0.0
9.32 3.4800000000000004 0.0
9.32 3.5199999999999996 0.0
9.32 3.5600000000000005 0.0
9.32 3.5999999999999996 0.0
9.32 3.64 0.0
9.32 3.6799999999999997 0.0
9.32 3.7199999999999998 0.0
9.32 3.76 1.2808665140746415e-12
9.32 3.8 8.592744654693002e-10
9.32 3.8400000000000003 8.34919902320198e-12
9.32 3.8800000000000003 1.6479459058544914e-8
9.32 3.9200000000000004 1.2270674340085387e-5
9.32 3.96 1.700910434362337e-5
9.32 4.0 0.0002636442201910264
9.32 4.04 0.003936035612505581
9.32 4.08 0.001727877835172891
9.32 4.12 0.02965083744836234
9.32 4.16 0.018224553175122532
9.32 4.2 0.010740451405527684
9.32 4.24 0.006409077868426007
9.32 4.28 1.4287148618129312e-6
9.32 4.32 -1.5595280246537295e-13
9.32 4.36 -1.4396979303913323e-19
9.32 4.4 6.065221194119424e-19
9.32 4.4399999999999995 0.0
9.32 4.48 0.0
9.32 4.52 0.0
9.32 4.5600000000000005 0.0
9.32 4.6 0.0
9.32 4.64 0.0
9.32 4.680000000000001 0.0
9.32 4.72 0.0
9.32 4.760000000000001 0.0
9.32 4.8 0.0
9.32 4.840000000000001 0.0
9.32 4.879999999999999 0.0
9.32 4.92 0.0
9.32 4.960000000000001 0.0
9.32 5.0 0.0
9.81 3.0 0.0
9.81 3.04 0.0
9.81 3.08 0.0
9.81 3.1199999999999997 0.0
9.81 3.16 0.0
9.81 3.2 0.0
9.81 3.24 0.0
9.81 3.2800000000000002 0.0
9.81 3.3200000000000003 0.0
9.81 3.36 0.0
9.81 3.4000000000000004 0.0
9.81 3.44 0.0
9.81 3.4800000000000004 0.0
9.81 3.5199999999999996 0.0
9.81 3.5600000000000005 0.0
9.81 3.5999999999999996 0.0
9.81 3.64 0.0
9.81 3.6799999999999997 0.0
9.81 3.7199999999999998 0.0
9.81 3.76 7.114929865535302e-10
9.81 3.8 5.216911260950725e-7
9.81 3.8400000000000003 1.5549555782936101e-6
9.81 3.8800000000000003 8.186377994867261e-5
9.81 3.9200000000000004 0.08214024091988995
9.81 3.96 0.10820462775773727
9.81 4.0 2.1975233235768155
9.81 4.04 2.6911759815034997
9.81 4.08 2.0969484230179307
9.81 4.12 1.8295297875828092
9.81 4.16 0.43010243037769375
9.81 4.2 0.1660908351928681
9.81 4.24 0.2974123600341587
9.81 4.28 0.0008443213489717607
9.81 4.32 2.1744736028404653e-6
9.81 4.36 2.5460257301222814e-12
9.81 4.4 1.4529355292688099e-15
9.81 4.4399999999999995 0.0
9.81 4.48 0.0
9.81 4.52 0.0
9.81 4.5600000000000005 0.0
9.81 4.6 0.0
9.81 4.64 0.0
9.81 4.680000000000001 0.0
9.81 4.72 0.0
9.81 4.760000000000001 0.0
9.81 4.8 0.0
9.81 4.840000000000001 0.0
9.81 4.879999999999999 0.0
9.81 4.92 0.0
9.81 4.960000000000001 0.0
9.81 5.0 0.0
10.3 3.0 0.0
10.3 3.04 0.0
10.3 3.08 0.0
10.3 3.1199999999999997 0.0
10.3 3.16 0.0
10.3 3.2 0.0
10.3 3.24 0.0
10.3 3.2800000000000002 0.0
10.3 3.3200000000000003 0.0
10.3 3.36 0.0
10.3 3.4000000000000004 0.0
10.3 3.44 0.0
10.3 3.4800000000000004 0.0
10.3 3.5199999999999996 0.0
10.3 3.5600000000000005 0.0
10.3 3.5999999999999996 0.0
10.3 3.64 0.0
10.3 3.6799999999999997 0.0
10.3 3.7199999999999998 0.0
10.3 3.76 5.927992276278018e-7
10.3 3.8 5.777710507926481e-5
10.3 3.8400000000000003 1.1886903150075575e-6
10.3 3.8800000000000003 0.018838776810681176
10.3 3.9200000000000004 0.002866651595830727
10.3 3.96 0.0019321823591782299
10.3 4.0 0.27645209196242343
10.3 4.04 0.37271957282484197
10.3 4.08 0.23615780019407032
10.3 4.12 0.2935078519496216
10.3 4.16 0.03539832163337505
10.3 4.2 0.0004273940532065456
10.3 4.24 0.009153475098156194
10.3 4.28 8.548317490363483e-9
10.3 4.32 1.4772653154775366e-10
10.3 4.36 2.899991370860638e-12
10.3 4.4 6.767369849051068e-11
10.3 4.4399999999999995 0.0
10.3 4.48 0.0
10.3 4.52 0.0
10.3 4.5600000000000005 0.0
10.3 4.6 0.0
10.3 4.64 0.0
10.3 4.680000000000001 0.0
10.3 4.72 0.0
10.3 4.760000000000001 0.0
10.3 4.8 0.0
10.3 4.840000000000001 0.0
10.3 4.879999999999999 0.0
10.3 4.92 0.0
10.3 4.960000000000001 0.0
10.3 5.0 0.0
10.79 3.0 0.0
10.79 3.04 0.0
10.79 3.08 0.0
10.79 3.1199999999999997 0.0
10.79 3.16 0.0
10.79 3.2 0.0
10.79 3.24 0.0
10.79 3.2800000000000002 0.0
10.79 3.3200000000000003 0.0
10.79 3.36 0.0
10.79 3.4000000000000004 0.0
10.79 3.44 0.0
10.79 3.4800000000000004 0.0
10.79 3.5199999999999996 0.0
10.79 3.5600000000000005 0.0
10.79 3.5999999999999996 0.0
10.79 3.64 0.0
10.79 3.6799999999999997 0.0
10.79 3.7199999999999998 0.0
10.79 3.76 4.302526119015646e-12
10.79 3.8 -4.1288209304310276e-16
10.79 3.8400000000000003 6.936538883598045e-13
10.79 3.8800000000000003 1.1244693350923729e-8
10.79 3.9200000000000004 2.0068166699956054e-8
10.79 3.96 2.3761682834527423e-11
10.79 4.0 1.6280632251805555e-7
10.79 4.04 1.7025465446209423e-6
10.79 4.08 1.9849493489931513e-6
10.79 4.12 1.8899569899078718e-6
10.79 4.16 1.158687296596149e-9
10.79 4.2 1.5033628412352708e-11
10.79 4.24 2.995082854284214e-10
10.79 4.28 4.028881490656724e-14
10.79 4.32 1.2689666657744427e-15
10.79 4.36 2.1809017245900423e-21
10.79 4.4 7.26956540579958e-23
10.79 4.4399999999999995 0.0
10.79 4.48 0.0
10.79 4.52 0.0
10.79 4.5600000000000005 0.0
10.79 4.6 0.0
10.79 4.64 0.0
10.79 4.680000000000001 0.0
10.79 4.72 0.0
10.79 4.760000000000001 0.0
10.79 4.8 0.0
10.79 4.840000000000001 0.0
10.79 4.879999999999999 0.0
10.79 4.92 0.0
10.79 4.960000000000001 0.0
10.79 5.0 0.0
11.28 3.0 0.0
11.28 3.04 0.0
11.28 3.08 0.0
11.28 3.1199999999999997 0.0
11.28 3.16 0.0
11.28 3.2 0.0
11.28 3.24 0.0
11.28 3.2800000000000002 0.0
11.28 3.3200000000000003 0.0
11.28 3.36 0.0
11.28 3.4000000000000004 0.0
11.28 3.44 0.0
11.28 3.4800000000000004 0.0
11.28 3.5199999999999996 0.0
11.28 3.5600000000000005 0.0
11.28 3.5999999999999996 0.0
11.28 3.64 0.0
11.28 3.6799999999999997 0.0
11.28 3.7199999999999998 0.0
11.28 3.76 1.1395981002564978e-23
11.28 3.8 3.9465592113589836e-23
11.28 3.8400000000000003 4.843714592234807e-23
11.28 3.8800000000000003 7.831277993573016e-22
11.28 3.9200000000000004 5.454181341490482e-20
11.28 3.96 1.0385484207125594e-21
11.28 4.0 2.849147621712497e-21
11.28 4.04 4.3984004160976564e-18
11.28 4.08 3.891303392873014e-17
11.28 4.12 4.929818629498334e-18
11.28 4.16 2.106835685184486e-18
11.28 4.2 -1.7585208191063032e-20
11.28 4.24 2.8595997644310366e-22
11.28 4.28 2.083740431622034e-23
11.28 4.32 5.739056231059698e-26
11.28 4.36 6.991412835241522e-32
11.28 4.4 -1.0969434330472402e-33
11.28 4.4399999999999995 0.0
11.28 4.48 0.0
11.28 4.52 0.0
11.28 4.5600000000000005 0.0
11.28 4.6 0.0
11.28 4.64 0.0
11.28 4.680000000000001 0.0
11.28 4.72 0.0
11.28 4.760000000000001 0.0
11.28 4.8 0.0
11.28 4.840000000000001 0.0
11.28 4.879999999999999 0.0
11.28 4.92 0.0
11.28 4.960000000000001 0.0
11.28 5.0 0.0
11.77 3.0 0.0
11.77 3.04 0.0
11.77 3.08 0.0
11.77 3.1199999999999997 0.0
11.77 3.16 0.0
11.77 3.2 0.0
11.77 3.24 0.0
11.77 3.2800000000000002 0.0
11.77 3.3200000000000003 0.0
11.77 3.36 0.0
11.77 3.4000000000000004 0.0
11.77 3.44 0.0
11.77 3.4800000000000004 0.0
11.77 3.5199999999999996 0.0
11.77 3.5600000000000005 0.0
11.77 3.5999999999999996 0.0
11.77 3.64 0.0
11.77 3.6799999999999997 0.0
11.77 3.7199999999999998 0.0
11.77 3.76 0.0
11.77 3.8 0.0
11.77 3.8400000000000003 0.0
11.77 3.8800000000000003 0.0
11.77 3.9200000000000004 0.0
11.77 3.96 0.0
11.77 4.0 0.0
11.77 4.04 0.0
11.77 4.08 0.0
11.77 4.12 0.0
11.77 4.16 0.0
11.77 4.2 0.0
11.77 4.24 0.0
11.77 4.28 0.0
11.77 4.32 0.0
11.77 4.36 0.0
11.77 4.4 0.0
11.77 4.4399999999999995 0.0
11.77 4.48 0.0
11.77 4.52 0.0
11.77 4.5600000000000005 0.0
11.77 4.6 0.0
11.77 4.64 0.0
11.77 4.680000000000001 0.0
11.77 4.72 0.0
11.77 4.760000000000001 0.0
11.77 4.8 0.0
11.77 4.840000000000001 0.0
11.77 4.879999999999999 0.0
11.77 4.92 0.0
11.77 4.960000000000001 0.0
11.77 5.0 0.0
12.26 3.0 0.0
12.26 3.04 0.0
12.26 3.08 0.0
12.26 3.1199999999999997 0.0
12.26 3.16 0.0
12.26 3.2 0.0
12.26 3.24 0.0
12.26 3.2800000000000002 0.0
12.26 3.3200000000000003 0.0
12.26 3.36 0.0
12.26 3.4000000000000004 0.0
12.26 3.44 0.0
12.26 3.4800000000000004 0.0
12.26 3.5199999999999996 0.0
12.26 3.5600000000000005 0.0
12.26 3.5999999999999996 0.0
12.26 3.64 0.0
12.26 3.6799999999999997 0.0
12.26 3.7199999999999998 0.0
12.26 3.76 0.0
12.26 3.8 0.0
12.26 3.8400000000000003 0.0
12.26 3.8800000000000003 0.0
12.26 3.9200000000000004 0.0
12.26 3.96 0.0
12.26 4.0 0.0
12.26 4.04 0.0
12.26 4.08 0.0
12.26 4.12 0.0
12.26 4.16 0.0
12.26 4.2 0.0
12.26 4.24 0.0
12.26 4.28 0.0
12.26 4.32 0.0
12.26 4.36 0.0
12.26 4.4 0.0
12.26 4.4399999999999995 0.0
12.26 4.48 0.0
12.26 4.52 0.0
12.26 4.5600000000000005 0.0
12.26 4.6 0.0
12.26 4.64 0.0
12.26 4.680000000000001 0.0
12.26 4.72 0.0
12.26 4.760000000000001 0.0
12.26 4.8 0.0
12.26 4.840000000000001 0.0
12.26 4.879999999999999 0.0
12.26 4.92 0.0
12.26 4.960000000000001 0.0
12.26 5.0 0.0
12.75 3.0 0.0
12.75 3.04 0.0
12.75 3.08 0.0
12.75 3.1199999999999997 0.0
12.75 3.16 0.0
12.75 3.2 0.0
12.75 3.24 0.0
12.75 3.2800000000000002 0.0
12.75 3.3200000000000003 0.0
12.75 3.36 0.0
12.75 3.4000000000000004 0.0
12.75 3.44 0.0
12.75 3.4800000000000004 0.0
12.75 3.5199999999999996 0.0
12.75 3.5600000000000005 0.0
12.75 3.5999999999999996 0.0
12.75 3.64 0.0
12.75 3.6799999999999997 0.0
12.75 3.7199999999999998 0.0
12.75 3.76 0.0
12.75 3.8 0.0
12.75 3.8400000000000003 0.0
12.75 3.8800000000000003 0.0
12.75 3.9200000000000004 0.0
12.75 3.96 0.0
12.75 4.0 0.0
12.75 4.04 0.0
12.75 4.08 0.0
12.75 4.12 0.0
12.75 4.16 0.0
12.75 4.2 0.0
12.75 4.24 0.0
12.75 4.28 0.0
12.75 4.32 0.0
12.75 4.36 0.0
12.75 4.4 0.0
12.75 4.4399999999999995 0.0
12.75 4.48 0.0
12.75 4.52 0.0
12.75 4.5600000000000005 0.0
12.75 4.6 0.0
12.75 4.64 0.0
12.75 4.680000000000001 0.0
12.75 4.72 0.0
12.75 4.760000000000001 0.0
12.75 4.8 0.0
12.75 4.840000000000001 0.0
12.75 4.879999999999999 0.0
12.75 4.92 0.0
12.75 4.960000000000001 0.0
12.75 5.0 0.0
13.24 3.0 0.0
13.24 3.04 0.0
13.24 3.08 0.0
13.24 3.1199999999999997 0.0
13.24 3.16 0.0
13.24 3.2 0.0
13.24 3.24 0.0
13.24 3.2800000000000002 0.0
13.24 3.3200000000000003 0.0
13.24 3.36 0.0
13.24 3.4000000000000004 0.0
13.24 3.44 0.0
13.24 3.4800000000000004 0.0
13.24 3.5199999999999996 0.0
13.24 3.5600000000000005 0.0
13.24 3.5999999999999996 0.0
13.24 3.64 0.0
13.24 3.6799999999999997 0.0
13.24 3.7199999999999998 0.0
13.24 3.76 0.0
13.24 3.8 0.0
13.24 3.8400000000000003 0.0
13.24 3.8800000000000003 0.0
13.24 3.9200000000000004 0.0
13.24 3.96 0.0
13.24 4.0 0.0
13.24 4.04 0.0
13.24 4.08 0.0
13.24 4.12 0.0
13.24 4.16 0.0
13.24 4.2 0.0
13.24 4.24 0.0
13.24 4.28 0.0
13.24 4.32 0.0
13.24 4.36 0.0
13.24 4.4 0.0
13.24 4.4399999999999995 0.0
13.24 4.48 0.0
13.24 4.52 0.0
13.24 4.5600000000000005 0.0
13.24 4.6 0.0
13.24 4.64 0.0
13.24 4.680000000000001 0.0
13.24 4.72 0.0
13.24 4.760000000000001 0.0
13.24 4.8 0.0
13.24 4.840000000000001 0.0
13.24 4.879999999999999 0.0
13.24 4.92 0.0
13.24 4.960000000000001 0.0
13.24 5.0 0.0
13.73 3.0 0.0
13.73 3.04 0.0
13.73 3.08 0.0
13.73 3.1199999999999997 0.0
13.73 3.16 0.0
13.73 3.2 0.0
13.73 3.24 0.0
13.73 3.2800000000000002 0.0
13.73 3.3200000000000003 0.0
13.73 3.36 0.0
13.73 3.4000000000000004 0.0
13.73 3.44 0.0
13.73 3.4800000000000004 0.0
13.73 3.5199999999999996 0.0
13.73 3.5600000000000005 0.0
13.73 3.5999999999999996 0.0
13.73 3.64 0.0
13.73 3.6799999999999997 0.0
13.73 3.7199999999999998 -3.049421055757824e-31
13.73 3.76 -1.9669133087170146e-33
13.73 3.8 5.258158982416744e-36
13.73 3.8400000000000003 -6.796393610317094e-35
13.73 3.8800000000000003 -1.698593156300416e-26
13.73 3.9200000000000004 -5.840947031312115e-26
13.73 3.96 -1.545101084615224e-25
13.73 4.0 3.025617431604368e-19
13.73 4.04 6.169653209389131e-11
13.73 4.08 1.4460127382686562e-7
13.73 4.12 4.9832061867520406e-11
13.73 4.16 1.1028285387790274e-14
13.73 4.2 2.9105509131674814e-15
13.73 4.24 3.901176763265885e-17
13.73 4.28 2.9388362844475614e-18
13.73 4.32 1.7920043204122134e-17
13.73 4.36 4.140790449405326e-18
13.73 4.4 4.477399148467516e-21
13.73 4.4399999999999995 3.0817110109677485e-24
13.73 4.48 1.0484339975124935e-22
13.73 4.52 2.255576026042646e-26
13.73 4.5600000000000005 0.0
13.73 4.6 0.0
13.73 4.64 0.0
13.73 4.680000000000001 0.0
13.73 4.72 0.0
13.73 4.760000000000001 0.0
13.73 4.8 0.0
13.73 4.840000000000001 0.0
13.73 4.879999999999999 0.0
13.73 4.92 0.0
13.73 4.960000000000001 0.0
13.73 5.0 0.0
14.220000000000002 3.0 0.0
14.220000000000002 3.04 0.0
14.220000000000002 3.08 0.0
14.220000000000002 3.1199999999999997 0.0
14.220000000000002 3.16 0.0
14.220000000000002 3.2 0.0
14.220000000000002 3.24 0.0
14.220000000000002 3.2800000000000002 0.0
14.220000000000002 3.3200000000000003 0.0
14.220000000000002 3.36 0.0
14.220000000000002 3.4000000000000004 0.0
14.220000000000002 3.44 0.0
14.220000000000002 3.4800000000000004 0.0
14.220000000000002 3.5199999999999996 0.0
14.220000000000002 3.5600000000000005 0.0
14.220000000000002 3.5999999999999996 0.0
14.220000000000002 3.64 0.0
14.220000000000002 3.6799999999999997 0.0
14.220000000000002 3.7199999999999998 -2.6917835813603797e-21
14.220000000000002 3.76 -1.9922492284502993e-23
14.220000000000002 3.8 3.342924975397184e-26
14.220000000000002 3.8400000000000003 -4.845214358178866e-26
14.220000000000002 3.8800000000000003 -2.5788091971210953e-17
14.220000000000002 3.9200000000000004 3.608151130576918e-16
14.220000000000002 3.96 2.7291445261474867e-18
14.220000000000002 4.0 2.686885751166209e-13
14.220000000000002 4.04 -1.343989136601789e-10
14.220000000000002 4.08 -7.102979871205257e-6
14.220000000000002 4.12 0.0002175383798963554
14.220000000000002 4.16 0.00022769082613547962
14.220000000000002 4.2 0.00016260226249404167
14.220000000000002 4.24 0.018699857859650316
14.220000000000002 4.28 0.019120360807163363
14.220000000000002 4.32 0.00710126478463709
14.220000000000002 4.36 2.0742146135966094e-8
14.220000000000002 4.4 2.14362004072447e-8
14.220000000000002 4.4399999999999995 1.6630463874501474e-8
14.220000000000002 4.48 6.806347102691718e-7
14.220000000000002 4.52 1.464301376397274e-10
14.220000000000002 4.5600000000000005 0.0
14.220000000000002 4.6 0.0
14.220000000000002 4.64 0.0
14.220000000000002 4.680000000000001 0.0
14.220000000000002 4.72 0.0
14.220000000000002 4.760000000000001 0.0
14.220000000000002 4.8 0.0
14.220000000000002 4.840000000000001 0.0
14.220000000000002 4.879999999999999 0.0
14.220000000000002 4.92 0.0
14.220000000000002 4.960000000000001 0.0
14.220000000000002 5.0 0.0
14.709999999999999 3.0 0.0
14.709999999999999 3.04 0.0
14.709999999999999 3.08 0.0
14.709999999999999 3.1199999999999997 0.0
14.709999999999999 3.16 0.0
14.709999999999999 3.2 0.0
14.709999999999999 3.24 0.0
14.709999999999999 3.2800000000000002 0.0
14.709999999999999 3.3200000000000003 0.0
14.709999999999999 3.36 0.0
14.709999999999999 3.4000000000000004 0.0
14.709999999999999 3.44 0.0
14.709999999999999 3.4800000000000004 0.0
14.709999999999999 3.5199999999999996 0.0
14.709999999999999 3.5600000000000005 0.0
14.709999999999999 3.5999999999999996 0.0
14.709999999999999 3.64 0.0
14.709999999999999 3.6799999999999997 0.0
14.709999999999999 3.7199999999999998 -1.8444697720207165e-18
14.709999999999999 3.76 -1.0889987389442263e-19
14.709999999999999 3.8 -1.0667112035920457e-19
14.709999999999999 3.8400000000000003 1.4474071430490335e-17
14.709999999999999 3.8800000000000003 4.033895070025024e-13
14.709999999999999 3.9200000000000004 3.0795567894536992e-12
14.709999999999999 3.96 4.849422119235356e-10
14.709999999999999 4.0 6.53690861664152e-5
14.709999999999999 4.04 0.00010082224896007626
14.709999999999999 4.08 0.12113000691741814
14.709999999999999 4.12 0.5278173648610961
14.709999999999999 4.16 0.3795162394004399
14.709999999999999 4.2 0.04133603287177202
14.709999999999999 4.24 0.0039455814047772925
14.709999999999999 4.28 0.0067499362649079
14.709999999999999 4.32 0.03459858984896451
14.709999999999999 4.36 0.00035469133898055963
14.709999999999999 4.4 5.354886230949556e-7
14.709999999999999 4.4399999999999995 1.438442057385678e-10
14.709999999999999 4.48 3.2916206545643746e-16
14.709999999999999 4.52 6.444695623640901e-21
14.709999999999999 4.5600000000000005 0.0
14.709999999999999 4.6 0.0
14.709999999999999 4.64 0.0
14.709999999999999 4.680000000000001 0.0
14.709999999999999 4.72 0.0
14.709999999999999 4.760000000000001 0.0
14.709999999999999 4.8 0.0
14.709999999999999 4.840000000000001 0.0
14.709999999999999 4.879999999999999 0.0
14.709999999999999 4.92 0.0
14.709999999999999 4.960000000000001 0.0
14.709999999999999 5.0 0.0
15.2 3.0 0.0
15.2 3.04 0.0
15.2 3.08 0.0
15.2 3.1199999999999997 0.0
15.2 3.16 0.0
15.2 3.2 0.0
15.2 3.24 0.0
15.2 3.2800000000000002 0.0
15.2 3.3200000000000003 0.0
15.2 3.36 0.0
15.2 3.4000000000000004 0.0
15.2 3.44 0.0
15.2 3.4800000000000004 0.0
15.2 3.5199999999999996 0.0
15.2 3.5600000000000005 0.0
15.2 3.5999999999999996 0.0
15.2 3.64 0.0
15.2 3.6799999999999997 0.0
15.2 3.7199999999999998 -2.2379370740013e-20
15.2 3.76 1.4103056953233778e-16
15.2 3.8 -3.2945426725416726e-18
15.2 3.8400000000000003 7.416507008148972e-14
15.2 3.8800000000000003 1.5145469576400917e-16
15.2 3.9200000000000004 2.5187822085374834e-9
15.2 3.96 3.372598760504814e-6
15.2 4.0 0.34532838348254036
15.2 4.04 0.5042017915866429
15.2 4.08 0.6588444371560584
15.2 4.12 0.7707385634077482
15.2 4.16 1.1595121980488203
15.2 4.2 1.5000405929780742
15.2 4.24 0.19665087569644157
15.2 4.28 0.002270527068399389
15.2 4.32 0.0011548542029610359
15.2 4.36 7.730089969580783e-7
15.2 4.4 -8.043730738664078e-10
15.2 4.4399999999999995 -2.2020456575513183e-13
15.2 4.48 2.4195756924742526e-18
15.2 4.52 3.0033576811290865e-22
15.2 4.5600000000000005 0.0
15.2 4.6 0.0
15.2 4.64 0.0
15.2 4.680000000000001 0.0
15.2 4.72 0.0
15.2 4.760000000000001 0.0
15.2 4.8 0.0
15.2 4.840000000000001 0.0
15.2 4.879999999999999 0.0
15.2 4.92 0.0
15.2 4.960000000000001 0.0
15.2 5.0 0.0
15.69 3.0 0.0
15.69 3.04 0.0
15.69 3.08 0.0
15.69 3.1199999999999997 0.0
15.69 3.16 0.0
15.69 3.2 0.0
15.69 3.24 0.0
15.69 3.2800000000000002 0.0
15.69 3.3200000000000003 0.0
15.69 3.36 0.0
15.69 3.4000000000000004 0.0
15.69 3.44 0.0
15.69 3.4800000000000004 0.0
15.69 3.5199999999999996 0.0
15.69 3.5600000000000005 0.0
15.69 3.5999999999999996 0.0
15.69 3.64 0.0
15.69 3.6799999999999997 0.0
15.69 3.7199999999999998 1.789308944915228e-19
15.69 3.76 5.759331248477835e-17
15.69 3.8 -6.787697737517143e-18
15.69 3.8400000000000003 3.676288394311697e-16
15.69 3.8800000000000003 1.567577743119412e-14
15.69 3.9200000000000004 3.9150123541053237e-7
15.69 3.96 9.480786621562378e-6
15.69 4.0 1.0460079775668483
15.69 4.04 1.4911725340617836
15.69 4.08 1.4704928201429366
15.69 4.12 1.0404503869633264
15.69 4.16 0.17363205870050277
15.69 4.2 0.1548623374072779
15.69 4.24 0.0004038673858342649
15.69 4.28 7.705122905218851e-6
15.69 4.32 2.6844267601370903e-6
15.69 4.36 4.65689864806607e-9
15.69 4.4 1.1284771414983497e-14
15.69 4.4399999999999995 2.532531389627982e-18
15.69 4.48 -2.9384063086299294e-23
15.69 4.52 -3.648662411942609e-27
15.69 4.5600000000000005 0.0
15.69 4.6 0.0
15.69 4.64 0.0
15.69 4.680000000000001 0.0
15.69 4.72 0.0
15.69 4.760000000000001 0.0
15.69 4.8 0.0
15.69 4.840000000000001 0.0
15.69 4.879999999999999 0.0
15.69 4.92 0.0
15.69 4.960000000000001 0.0
15.69 5.0 0.0
16.18 3.0 0.0
16.18 3.04 0.0
16.18 3.08 0.0
16.18 3.1199999999999997 0.0
16.18 3.16 0.0
16.18 3.2 0.0
16.18 3.24 0.0
16.18 3.2800000000000002 0.0
16.18 3.3200000000000003 0.0
16.18 3.36 0.0
16.18 3.4000000000000004 0.0
16.18 3.44 0.0
16.18 3.4800000000000004 0.0
16.18 3.5199999999999996 0.0
16.18 3.5600000000000005 0.0
16.18 3.5999999999999996 0.0
16.18 3.64 0.0
16.18 3.6799999999999997 0.0
16.18 3.7199999999999998 2.7107052510891295e-26
16.18 3.76 -2.4255488183558453e-22
16.18 3.8 3.6338343658954984e-21
16.18 3.8400000000000003 5.584800163252201e-20
16.18 3.8800000000000003 3.307062038870208e-13
16.18 3.9200000000000004 7.903047695253668e-6
16.18 3.96 2.1112100255020066e-5
16.18 4.0 3.395918621986764e-5
16.18 4.04 0.01745613016953564
16.18 4.08 0.11334831602033334
16.18 4.12 0.03688784382849254
16.18 4.16 1.7815976574211815e-6
16.18 4.2 4.892943640036177e-10
16.18 4.24 3.564364787434031e-12
16.18 4.28 -1.5829248628550739e-13
16.18 4.32 -5.541613071694417e-14
16.18 4.36 -9.609984471056415e-17
16.18 4.4 -4.4400185997479264e-20
16.18 4.4399999999999995 -4.11903574981716e-26
16.18 4.48 4.453654961753211e-31
16.18 4.52 5.531419006412758e-35
16.18 4.5600000000000005 0.0
16.18 4.6 0.0
16.18 4.64 0.0
16.18 4.680000000000001 0.0
16.18 4.72 0.0
16.18 4.760000000000001 0.0
16.18 4.8 0.0
16.18 4.840000000000001 0.0
16.18 4.879999999999999 0.0
16.18 4.92 0.0
16.18 4.960000000000001 0.0
16.18 5.0 0.0
16.67 3.0 0.0
16.67 3.04 0.0
16.67 3.08 0.0
16.67 3.1199999999999997 0.0
16.67 3.16 0.0
16.67 3.2 0.0
16.67 3.24 0.0
16.67 3.2800000000000002 0.0
16.67 3.3200000000000003 0.0
16.67 3.36 0.0
16.67 3.4000000000000004 0.0
16.67 3.44 0.0
16.67 3.4800000000000004 0.0
16.67 3.5199999999999996 0.0
16.67 3.5600000000000005 0.0
16.67 3.5999999999999996 0.0
16.67 3.64 0.0
16.67 3.6799999999999997 0.0
16.67 3.7199999999999998 2.2977701772635224e-35
16.67 3.76 -1.9215271655803128e-31
16.67 3.8 2.8656315218853723e-30
16.67 3.8400000000000003 4.7316205111728255e-29
16.67 3.8800000000000003 2.6211439624673973e-22
16.67 3.9200000000000004 6.248083031663833e-15
16.67 3.96 1.6691048907104456e-14
16.67 4.0 2.6937809513761473e-14
16.67 4.04 1.4793699575790748e-11
16.67 4.08 9.062524213447021e-11
16.67 4.12 2.9167672026052255e-11
16.67 4.16 1.4085280145309457e-15
16.67 4.2 1.0464699823782092e-17
16.67 4.24 5.95691012694517e-19
16.67 4.28 1.3657197356762773e-19
16.67 4.32 4.7724780470138105e-20
16.67 4.36 8.275136415591814e-23
16.67 4.4 9.847756734763536e-29
16.67 4.4399999999999995 3.093728979832323e-32
16.67 4.48 -3.3411046702087933e-37
16.67 4.52 -4.149812160881188e-41
16.67 4.5600000000000005 0.0
16.67 4.6 0.0
16.67 4.64 0.0
16.67 4.680000000000001 0.0
16.67 4.72 0.0
16.67 4.760000000000001 0.0
16.67 4.8 0.0
16.67 4.840000000000001 0.0
16.67 4.879999999999999 0.0
16.67 4.92 0.0
16.67 4.960000000000001 0.0
16.67 5.0 0.0
17.16 3.0 0.0
17.16 3.04 0.0
17.16 3.08 0.0
17.16 3.1199999999999997 0.0
17.16 3.16 0.0
17.16 3.2 0.0
17.16 3.24 0.0
17.16 3.2800000000000002 0.0
17.16 3.3200000000000003 0.0
17.16 3.36 0.0
17.16 3.4000000000000004 0.0
17.16 3.44 0.0
17.16 3.4800000000000004 0.0
17.16 3.5199999999999996 0.0
17.16 3.5600000000000005 0.0
17.16 3.5999999999999996 0.0
17.16 3.64 0.0
17.16 3.6799999999999997 0.0
17.16 3.7199999999999998 3.4456211245799413e-40
17.16 3.76 -9.584458829508162e-53
17.16 3.8 1.5967196970448985e-37
17.16 3.8400000000000003 2.6635004595693617e-37
17.16 3.8800000000000003 9.569116951744228e-36
17.16 3.9200000000000004 2.560608041341809e-27
17.16 3.96 1.1798582220377653e-24
17.16 4.0 7.776967903613307e-20
17.16 4.04 7.761013665030103e-20
17.16 4.08 7.104534337269403e-18
17.16 4.12 5.850212979021423e-20
17.16 4.16 3.756519824366466e-20
17.16 4.2 4.747057362594736e-18
17.16 4.24 2.701651732817169e-19
17.16 4.28 6.193984793877674e-20
17.16 4.32 2.1644746151571912e-20
17.16 4.36 3.7530542159168965e-23
17.16 4.4 6.176679206655612e-29
17.16 4.4399999999999995 1.4043301611531183e-32
17.16 4.48 -1.5151289564353503e-37
17.16 4.52 -1.8820750306118816e-41
17.16 4.5600000000000005 0.0
17.16 4.6 0.0
17.16 4.64 0.0
17.16 4.680000000000001 0.0
17.16 4.72 0.0
17.16 4.760000000000001 0.0
17.16 4.8 0.0
17.16 4.840000000000001 0.0
17.16 4.879999999999999 0.0
17.16 4.92 0.0
17.16 4.960000000000001 0.0
17.16 5.0 0.0
17.65 3.0 0.0
17.65 3.04 0.0
17.65 3.08 0.0
17.65 3.1199999999999997 0.0
17.65 3.16 0.0
17.65 3.2 0.0
17.65 3.24 0.0
17.65 3.2800000000000002 0.0
17.65 3.3200000000000003 0.0
17.65 3.36 0.0
17.65 3.4000000000000004 0.0
17.65 3.44 0.0
17.65 3.4800000000000004 0.0
17.65 3.5199999999999996 0.0
17.65 3.5600000000000005 0.0
17.65 3.5999999999999996 0.0
17.65 3.64 0.0
17.65 3.6799999999999997 0.0
17.65 3.7199999999999998 0.0
17.65 3.76 0.0
17.65 3.8 0.0
17.65 3.8400000000000003 0.0
17.65 3.8800000000000003 0.0
17.65 3.9200000000000004 0.0
17.65 3.96 0.0
17.65 4.0 0.0
17.65 4.04 0.0
17.65 4.08 0.0
17.65 4.12 0.0
17.65 4.16 0.0
17.65 4.2 0.0
17.65 4.24 0.0
17.65 4.28 0.0
17.65 4.32 0.0
17.65 4.36 0.0
17.65 4.4 0.0
17.65 4.4399999999999995 0.0
17.65 4.48 0.0
17.65 4.52 0.0
17.65 4.5600000000000005 0.0
17.65 4.6 0.0
17.65 4.64 0.0
17.65 4.680000000000001 0.0
17.65 4.72 0.0
17.65 4.760000000000001 0.0
17.65 4.8 0.0
17.65 4.840000000000001 0.0
17.65 4.879999999999999 0.0
17.65 4.92 0.0
17.65 4.960000000000001 0.0
17.65 5.0 0.0
18.14 3.0 0.0
18.14 3.04 0.0
18.14 3.08 0.0
18.14 3.1199999999999997 0.0
18.14 3.16 0.0
18.14 3.2 0.0
18.14 3.24 0.0
18.14 3.2800000000000002 0.0
18.14 3.3200000000000003 0.0
18.14 3.36 0.0
18.14 3.4000000000000004 0.0
18.14 3.44 0.0
18.14 3.4800000000000004 0.0
18.14 3.5199999999999996 0.0
18.14 3.5600000000000005 0.0
18.14 3.5999999999999996 0.0
18.14 3.64 0.0
18.14 3.6799999999999997 -7.4470461814016025e-28
18.14 3.7199999999999998 -5.060882680972758e-28
18.14 3.76 -1.5059324497295956e-29
18.14 3.8 -5.970868610217892e-26
18.14 3.8400000000000003 2.2302726806993107e-20
18.14 3.8800000000000003 -1.5556330521658723e-15
18.14 3.9200000000000004 2.5871824182260462e-11
18.14 3.96 7.015550208412981e-11
18.14 4.0 -5.8763092182620884e-12
18.14 4.04 2.1946255476169694e-10
18.14 4.08 -2.299726324341095e-11
18.14 4.12 4.0417893861489845e-10
18.14 4.16 5.06860388428996e-11
18.14 4.2 6.068404502182681e-11
18.14 4.24 -1.1730621264458743e-11
18.14 4.28 9.119803508960771e-12
18.14 4.32 4.5065850219984535e-13
18.14 4.36 1.216119673642041e-11
18.14 4.4 1.5311250102716407e-14
18.14 4.4399999999999995 1.323769242869348e-17
18.14 4.48 1.1350896372997976e-14
18.14 4.52 0.0
18.14 4.5600000000000005 0.0
18.14 4.6 0.0
18.14 4.64 0.0
18.14 4.680000000000001 0.0
18.14 4.72 0.0
18.14 4.760000000000001 0.0
18.14 4.8 0.0
18.14 4.840000000000001 0.0
18.14 4.879999999999999 0.0
18.14 4.92 0.0
18.14 4.960000000000001 0.0
18.14 5.0 0.0
18.63 3.0 0.0
18.63 3.04 0.0
18.63 3.08 0.0
18.63 3.1199999999999997 0.0
18.63 3.16 0.0
18.63 3.2 0.0
18.63 3.24 0.0
18.63 3.2800000000000002 0.0
18.63 3.3200000000000003 0.0
18.63 3.36 0.0
18.63 3.4000000000000004 0.0
18.63 3.44 0.0
18.63 3.4800000000000004 0.0
18.63 3.5199999999999996 0.0
18.63 3.5600000000000005 0.0
18.63 3.5999999999999996 0.0
18.63 3.64 0.0
18.63 3.6799999999999997 -1.286250837088166e-21
18.63 3.7199999999999998 -5.108931637660941e-22
18.63 3.76 -1.0270809111505872e-22
18.63 3.8 2.142042431346873e-17
18.63 3.8400000000000003 1.5367358185696415e-12
18.63 3.8800000000000003 -3.1560714397627783e-9
18.63 3.9200000000000004 3.6709945238576644e-5
18.63 3.96 1.2353497098667037e-5
18.63 4.0 -1.5347363254850693e-5
18.63 4.04 0.00017675151459875865
18.63 4.08 -8.47045769557749e-5
18.63 4.12 -5.562450746213427e-5
18.63 4.16 3.36478826997521e-5
18.63 4.2 0.00011836796833155139
18.63 4.24 -1.455055654037696e-5
18.63 4.28 1.7253102141036188e-5
18.63 4.32 4.317451638726213e-7
18.63 4.36 2.3410304649266847e-5
18.63 4.4 1.5624098142705814e-8
18.63 4.4399999999999995 1.263665286443931e-11
18.63 4.48 1.086301782445386e-8
18.63 4.52 0.0
18.63 4.5600000000000005 0.0
18.63 4.6 0.0
18.63 4.64 0.0
18.63 4.680000000000001 0.0
18.63 4.72 0.0
18.63 4.760000000000001 0.0
18.63 4.8 0.0
18.63 4.840000000000001 0.0
18.63 4.879999999999999 0.0
18.63 4.92 0.0
18.63 4.960000000000001 0.0
18.63 5.0 0.0
19.12 3.0 0.0
19.12 3.04 0.0
19.12 3.08 0.0
19.12 3.1199999999999997 0.0
19.12 3.16 0.0
19.12 3.2 0.0
19.12 3.24 0.0
19.12 3.2800000000000002 0.0
19.12 3.3200000000000003 0.0
19.12 3.36 0.0
19.12 3.4000000000000004 0.0
19.12 3.44 0.0
19.12 3.4800000000000004 0.0
19.12 3.5199999999999996 0.0
19.12 3.5600000000000005 0.0
19.12 3.5999999999999996 0.0
19.12 3.64 0.0
19.12 3.6799999999999997 3.6151695582087376e-20
19.12 3.7199999999999998 -8.853180508504507e-20
19.12 3.76 6.646027395003716e-20
19.12 3.8 4.4788848825049745e-12
19.12 3.8400000000000003 3.1202128926325024e-7
19.12 3.8800000000000003 -6.406650299228634e-5
19.12 3.9200000000000004 0.000507842844653686
19.12 3.96 0.0323517644642069
19.12 4.0 0.038992907759249906
19.12 4.04 0.06430667595007714
19.12 4.08 0.11247537515828984
19.12 4.12 0.1027643050146659
19.12 4.16 0.03576067148236001
19.12 4.2 0.06500993731365001
19.12 4.24 0.02250371090826664
19.12 4.28 0.0021766341657291086
19.12 4.32 0.0001293583054793864
19.12 4.36 0.0005970129324854957
19.12 4.4 4.51534600560043e-6
19.12 4.4399999999999995 3.783817057952722e-9
19.12 4.48 3.244452472134706e-6
19.12 4.52 0.0
19.12 4.5600000000000005 0.0
19.12 4.6 0.0
19.12 4.64 0.0
19.12 4.680000000000001 0.0
19.12 4.72 0.0
19.12 4.760000000000001 0.0
19.12 4.8 0.0
19.12 4.840000000000001 0.0
19.12 4.879999999999999 0.0
19.12 4.92 0.0
19.12 4.960000000000001 0.0
19.12 5.0 0.0
19.61 3.0 0.0
19.61 3.04 0.0
19.61 3.08 0.0
19.61 3.1199999999999997 0.0
19.61 3.16 0.0
19.61 3.2 0.0
19.61 3.24 0.0
19.61 3.2800000000000002 0.0
19.61 3.3200000000000003 0.0
19.61 3.36 0.0
19.61 3.4000000000000004 0.0
19.61 3.44 0.0
19.61 3.4800000000000004 0.0
19.61 3.5199999999999996 0.0
19.61 3.5600000000000005 0.0
19.61 3.5999999999999996 0.0
19.61 3.64 0.0
19.61 3.6799999999999997 -6.926171153597028e-20
19.61 3.7199999999999998 -4.053849991825142e-18
19.61 3.76 3.829563833887017e-19
19.61 3.8 3.2568342843996723e-10
19.61 3.8400000000000003 2.407528695090408e-5
19.61 3.8800000000000003 0.02998258866342494
19.61 3.9200000000000004 0.47432427981869746
19.61 3.96 0.6249748845066211
19.61 4.0 3.1090766506419696
19.61 4.04 3.0008783003230066
19.61 4.08 4.59023525880209
19.61 4.12 0.5588521421402616
19.61 4.16 3.917491582377923
19.61 4.2 2.7861279969367407
19.61 4.24 0.20823691052802523
19.61 4.28 0.5084767981893513
19.61 4.32 0.038073992213750935
19.61 4.36 0.15211657041634002
19.61 4.4 0.001331565924734606
19.61 4.4399999999999995 1.116638363005951e-6
19.61 4.48 0.0009561359274620088
19.61 4.52 0.0
19.61 4.5600000000000005 0.0
19.61 4.6 0.0
19.61 4.64 0.0
19.61 4.680000000000001 0.0
19.61 4.72 0.0
19.61 4.760000000000001 0.0
19.61 4.8 0.0
19.61 4.840000000000001 0.0
19.61 4.879999999999999 0.0
19.61 4.92 0.0
19.61 4.960000000000001 0.0
19.61 5.0 0.0
20.1 3.0 0.0
20.1 3.04 0.0
20.1 3.08 0.0
20.1 3.1199999999999997 0.0
20.1 3.16 0.0
20.1 3.2 0.0
20.1 3.24 0.0
20.1 3.2800000000000002 0.0
20.1 3.3200000000000003 0.0
20.1 3.36 0.0
20.1 3.4000000000000004 0.0
20.1 3.44 0.0
20.1 3.4800000000000004 0.0
20.1 3.5199999999999996 0.0
20.1 3.5600000000000005 0.0
20.1 3.5999999999999996 0.0
20.1 3.64 0.0
20.1 3.6799999999999997 -1.3060831551235802e-19
20.1 3.7199999999999998 -3.2409770587920014e-18
20.1 3.76 -1.4363444230171514e-19
20.1 3.8 1.775491470536408e-12
20.1 3.8400000000000003 1.767868086330521e-6
20.1 3.8800000000000003 0.3497596671574452
20.1 3.9200000000000004 0.5164714394176197
20.1 3.96 1.2398619599962153
20.1 4.0 0.638273908806514
20.1 4.04 2.7487773695545203
20.1 4.08 0.5815535149700497
20.1 4.12 0.6482279703529841
20.1 4.16 0.5339117641638768
20.1 4.2 0.012961852401256798
20.1 4.24 0.012664203538335033
20.1 4.28 0.002512935287233183
20.1 4.32 1.747151025312905e-6
20.1 4.36 0.0003752185443440775
20.1 4.4 2.3932930151083328e-6
20.1 4.4399999999999995 8.545062556323634e-12
20.1 4.48 -1.881337571720055e-10
20.1 4.52 0.0
20.1 4.5600000000000005 0.0
20.1 4.6 0.0
20.1 4.64 0.0
20.1 4.680000000000001 0.0
20.1 4.72 0.0
20.1 4.760000000000001 0.0
20.1 4.8 0.0
20.1 4.840000000000001 0.0
20.1 4.879999999999999 0.0
20.1 4.92 0.0
20.1 4.960000000000001 0.0
20.1 5.0 0.0
20.59 3.0 0.0
20.59 3.04 0.0
20.59 3.08 0.0
20.59 3.1199999999999997 0.0
20.59 3.16 0.0
20.59 3.2 0.0
20.59 3.24 0.0
20.59 3.2800000000000002 0.0
20.59 3.3200000000000003 0.0
20.59 3.36 0.0
20.59 3.4000000000000004 0.0
20.59 3.44 0.0
20.59 3.4800000000000004 0.0
20.59 3.5199999999999996 0.0
20.59 3.5600000000000005 0.0
20.59 3.5999999999999996 0.0
20.59 3.64 0.0
20.59 3.6799999999999997 -2.4911324537322527e-19
20.59 3.7199999999999998 2.995995215122058e-20
20.59 3.76 -4.814732553690029e-21
20.59 3.8 1.0879587253451074e-12
20.59 3.8400000000000003 8.524540026723726e-8
20.59 3.8800000000000003 0.032330631370247546
20.59 3.9200000000000004 0.01934181702119472
20.59 3.96 0.03375281932052177
20.59 4.0 0.015142995337544351
20.59 4.04 0.07658537925848459
20.59 4.08 0.003920197042088903
20.59 4.12 0.013686814138548626
20.59 4.16 0.00033327489824051105
20.59 4.2 0.0010646900085677304
20.59 4.24 0.0018756582414898007
20.59 4.28 -0.0016063236997968823
20.59 4.32 -0.002340424114670346
20.59 4.36 -0.0011657371652254453
20.59 4.4 -8.230276079887282e-5
20.59 4.4399999999999995 -6.876428068627304e-8
20.59 4.48 -5.904367471832556e-5
20.59 4.52 0.0
20.59 4.5600000000000005 0.0
20.59 4.6 0.0
20.59 4.64 0.0
20.59 4.680000000000001 0.0
20.59 4.72 0.0
20.59 4.760000000000001 0.0
20.59 4.8 0.0
20.59 4.840000000000001 0.0
20.59 4.879999999999999 0.0
20.59 4.92 0.0
20.59 4.960000000000001 0.0
20.59 5.0 0.0
21.08 3.0 0.0
21.08 3.04 0.0
21.08 3.08 0.0
21.08 3.1199999999999997 0.0
21.08 3.16 0.0
21.08 3.2 0.0
21.08 3.24 0.0
21.08 3.2800000000000002 0.0
21.08 3.3200000000000003 0.0
21.08 3.36 0.0
21.08 3.4000000000000004 0.0
21.08 3.44 0.0
21.08 3.4800000000000004 0.0
21.08 3.5199999999999996 0.0
21.08 3.5600000000000005 0.0
21.08 3.5999999999999996 0.0
21.08 3.64 0.0
21.08 3.6799999999999997 -6.814991010895733e-22
21.08 3.7199999999999998 1.638012575997443e-22
21.08 3.76 -3.590578986408518e-23
21.08 3.8 7.459051781713568e-15
21.08 3.8400000000000003 3.1282960790841697e-10
21.08 3.8800000000000003 8.154906869095566e-5
21.08 3.9200000000000004 8.167625445436952e-5
21.08 3.96 -1.909496635921795e-5
21.08 4.0 0.00014217575913550454
21.08 4.04 0.0002673509138888172
21.08 4.08 -1.8129932094269411e-6
21.08 4.12 -5.977990753522797e-6
21.08 4.16 1.737251755974222e-6
21.08 4.2 -3.049627845226575e-7
21.08 4.24 -1.19236485043669e-6
21.08 4.28 -8.965675804040583e-8
21.08 4.32 -3.4272026629250075e-7
21.08 4.36 4.110002216556719e-8
21.08 4.4 -1.2021024368683199e-8
21.08 4.4399999999999995 -1.0062775506440006e-11
21.08 4.48 -8.64497421394802e-9
21.08 4.52 0.0
21.08 4.5600000000000005 0.0
21.08 4.6 0.0
21.08 4.64 0.0
21.08 4.680000000000001 0.0
21.08 4.72 0.0
21.08 4.760000000000001 0.0
21.08 4.8 0.0
21.08 4.840000000000001 0.0
21.08 4.879999999999999 0.0
21.08 4.92 0.0
21.08 4.960000000000001 0.0
21.08 5.0 0.0
21.57 3.0 0.0
21.57 3.04 0.0
21.57 3.08 0.0
21.57 3.1199999999999997 0.0
21.57 3.16 0.0
21.57 3.2 0.0
21.57 3.24 0.0
21.57 3.2800000000000002 0.0
21.57 3.3200000000000003 0.0
21.57 3.36 0.0
21.57 3.4000000000000004 0.0
21.57 3.44 0.0
21.57 3.4800000000000004 0.0
21.57 3.5199999999999996 0.0
21.57 3.5600000000000005 0.0
21.57 3.5999999999999996 0.0
21.57 3.64 0.0
21.57 3.6799999999999997 -1.4390239996368603e-26
21.57 3.7199999999999998 9.479094749538029e-28
21.57 3.76 2.976157565705713e-28
21.57 3.8 5.1405231143265346e-20
21.57 3.8400000000000003 -1.9732985626039094e-14
21.57 3.8800000000000003 9.163662762650708e-9
21.57 3.9200000000000004 1.4134905520238171e-9
21.57 3.96 8.445037858704359e-9
21.57 4.0 3.3153270755161006e-9
21.57 4.04 4.016657994895967e-9
21.57 4.08 5.020825060393384e-10
21.57 4.12 4.481425282146997e-10
21.57 4.16 1.6276956643895988e-10
21.57 4.2 1.993096038568452e-12
21.57 4.24 2.4470844300586927e-11
21.57 4.28 -7.205363501432711e-13
21.57 4.32 -1.0409585321517803e-13
21.57 4.36 -5.554677905276924e-13
21.57 4.4 -9.586013213704882e-16
21.57 4.4399999999999995 -3.12258683698409e-18
21.57 4.48 -2.6158703272739266e-15
21.57 4.52 0.0
21.57 4.5600000000000005 0.0
21.57 4.6 0.0
21.57 4.64 0.0
21.57 4.680000000000001 0.0
21.57 4.72 0.0
21.57 4.760000000000001 0.0
21.57 4.8 0.0
21.57 4.840000000000001 0.0
21.57 4.879999999999999 0.0
21.57 4.92 0.0
21.57 4.960000000000001 0.0
21.57 5.0 0.0
22.06 3.0 0.0
22.06 3.04 0.0
22.06 3.08 0.0
22.06 3.1199999999999997 0.0
22.06 3.16 0.0
22.06 3.2 0.0
22.06 3.24 0.0
22.06 3.2800000000000002 0.0
22.06 3.3200000000000003 0.0
22.06 3.36 0.0
22.06 3.4000000000000004 0.0
22.06 3.44 0.0
22.06 3.4800000000000004 0.0
22.06 3.5199999999999996 0.0
22.06 3.5600000000000005 0.0
22.06 3.5999999999999996 0.0
22.06 3.64 0.0
22.06 3.6799999999999997 0.0
22.06 3.7199999999999998 0.0
22.06 3.76 0.0
22.06 3.8 0.0
22.06 3.8400000000000003 0.0
22.06 3.8800000000000003 0.0
22.06 3.9200000000000004 0.0
22.06 3.96 0.0
22.06 4.0 0.0
22.06 4.04 0.0
22.06 4.08 0.0
22.06 4.12 0.0
22.06 4.16 0.0
22.06 4.2 0.0
22.06 4.24 0.0
22.06 4.28 0.0
22.06 4.32 0.0
22.06 4.36 0.0
22.06 4.4 0.0
22.06 4.4399999999999995 0.0
22.06 4.48 0.0
22.06 4.52 0.0
22.06 4.5600000000000005 0.0
22.06 4.6 0.0
22.06 4.64 0.0
22.06 4.680000000000001 0.0
22.06 4.72 0.0
22.06 4.760000000000001 0.0
22.06 4.8 0.0
22.06 4.840000000000001 0.0
22.06 4.879999999999999 0.0
22.06 4.92 0.0
22.06 4.960000000000001 0.0
22.06 5.0 0.0
22.55 3.0 0.0
22.55 3.04 0.0
22.55 3.08 0.0
22.55 3.1199999999999997 0.0
22.55 3.16 0.0
22.55 3.2 0.0
22.55 3.24 0.0
22.55 3.2800000000000002 0.0
22.55 3.3200000000000003 0.0
22.55 3.36 0.0
22.55 3.4000000000000004 0.0
22.55 3.44 0.0
22.55 3.4800000000000004 0.0
22.55 3.5199999999999996 0.0
22.55 3.5600000000000005 0.0
22.55 3.5999999999999996 0.0
22.55 3.64 0.0
22.55 3.6799999999999997 0.0
22.55 3.7199999999999998 0.0
22.55 3.76 0.0
22.55 3.8 0.0
22.55 3.8400000000000003 0.0
22.55 3.8800000000000003 0.0
22.55 3.9200000000000004 0.0
22.55 3.96 0.0
22.55 4.0 0.0
22.55 4.04 0.0
22.55 4.08 0.0
22.55 4.12 0.0
22.55 4.16 0.0
22.55 4.2 0.0
22.55 4.24 0.0
22.55 4.28 0.0
22.55 4.32 0.0
22.55 4.36 0.0
22.55 4.4 0.0
22.55 4.4399999999999995 0.0
22.55 4.48 0.0
22.55 4.52 0.0
22.55 4.5600000000000005 0.0
22.55 4.6 0.0
22.55 4.64 0.0
22.55 4.680000000000001 0.0
22.55 4.72 0.0
22.55 4.760000000000001 0.0
22.55 4.8 0.0
22.55 4.840000000000001 0.0
22.55 4.879999999999999 0.0
22.55 4.92 0.0
22.55 4.960000000000001 0.0
22.55 5.0 0.0
23.04 3.0 0.0
23.04 3.04 0.0
23.04 3.08 0.0
23.04 3.1199999999999997 0.0
23.04 3.16 0.0
23.04 3.2 0.0
23.04 3.24 0.0
23.04 3.2800000000000002 0.0
23.04 3.3200000000000003 0.0
23.04 3.36 0.0
23.04 3.4000000000000004 0.0
23.04 3.44 0.0
23.04 3.4800000000000004 0.0
23.04 3.5199999999999996 0.0
23.04 3.5600000000000005 0.0
23.04 3.5999999999999996 0.0
23.04 3.64 0.0
23.04 3.6799999999999997 0.0
23.04 3.7199999999999998 0.0
23.04 3.76 0.0
23.04 3.8 0.0
23.04 3.8400000000000003 0.0
23.04 3.8800000000000003 0.0
23.04 3.9200000000000004 0.0
23.04 3.96 0.0
23.04 4.0 0.0
23.04 4.04 0.0
23.04 4.08 0.0
23.04 4.12 0.0
23.04 4.16 0.0
23.04 4.2 0.0
23.04 4.24 0.0
23.04 4.28 0.0
23.04 4.32 0.0
23.04 4.36 0.0
23.04 4.4 0.0
23.04 4.4399999999999995 0.0
23.04 4.48 0.0
23.04 4.52 0.0
23.04 4.5600000000000005 0.0
23.04 4.6 0.0
23.04 4.64 0.0
23.04 4.680000000000001 0.0
23.04 4.72 0.0
23.04 4.760000000000001 0.0
23.04 4.8 0.0
23.04 4.840000000000001 0.0
23.04 4.879999999999999 0.0
23.04 4.92 0.0
23.04 4.960000000000001 0.0
23.04 5.0 0.0
23.53 3.0 0.0
23.53 3.04 0.0
23.53 3.08 0.0
23.53 3.1199999999999997 0.0
23.53 3.16 0.0
23.53 3.2 0.0
23.53 3.24 0.0
23.53 3.2800000000000002 0.0
23.53 3.3200000000000003 0.0
23.53 3.36 0.0
23.53 3.4000000000000004 0.0
23.53 3.44 0.0
23.53 3.4800000000000004 0.0
23.53 3.5199999999999996 0.0
23.53 3.5600000000000005 0.0
23.53 3.5999999999999996 0.0
23.53 3.64 0.0
23.53 3.6799999999999997 0.0
23.53 3.7199999999999998 0.0
23.53 3.76 0.0
23.53 3.8 0.0
23.53 3.8400000000000003 0.0
23.53 3.8800000000000003 0.0
23.53 3.9200000000000004 0.0
23.53 3.96 0.0
23.53 4.0 0.0
23.53 4.04 0.0
23.53 4.08 0.0
23.53 4.12 0.0
23.53 4.16 0.0
23.53 4.2 0.0
23.53 4.24 0.0
23.53 4.28 0.0
23.53 4.32 0.0
23.53 4.36 0.0
23.53 4.4 0.0
23.53 4.4399999999999995 0.0
23.53 4.48 0.0
23.53 4.52 0.0
23.53 4.5600000000000005 0.0
23.53 4.6 0.0
23.53 4.64 0.0
23.53 4.680000000000001 0.0
23.53 4.72 0.0
23.53 4.760000000000001 0.0
23.53 4.8 0.0
23.53 4.840000000000001 0.0
23.53 4.879999999999999 0.0
23.53 4.92 0.0
23.53 4.960000000000001 0.0
23.53 5.0 0.0
24.02 3.0 0.0
24.02 3.04 0.0
24.02 3.08 0.0
24.02 3.1199999999999997 0.0
24.02 3.16 0.0
24.02 3.2 0.0
24.02 3.24 0.0
24.02 3.2800000000000002 0.0
24.02 3.3200000000000003 0.0
24.02 3.36 0.0
24.02 3.4000000000000004 0.0
24.02 3.44 0.0
24.02 3.4800000000000004 0.0
24.02 3.5199999999999996 0.0
24.02 3.5600000000000005 0.0
24.02 3.5999999999999996 0.0
24.02 3.64 0.0
24.02 3.6799999999999997 0.0
24.02 3.7199999999999998 0.0
24.02 3.76 0.0
24.02 3.8 0.0
24.02 3.8400000000000003 0.0
24.02 3.8800000000000003 0.0
24.02 3.9200000000000004 0.0
24.02 3.96 0.0
24.02 4.0 0.0
24.02 4.04 0.0
24.02 4.08 0.0
24.02 4.12 0.0
24.02 4.16 0.0
24.02 4.2 0.0
24.02 4.24 0.0
24.02 4.28 0.0
24.02 4.32 0.0
24.02 4.36 0.0
24.02 4.4 0.0
24.02 4.4399999999999995 0.0
24.02 4.48 0.0
24.02 4.52 0.0
24.02 4.5600000000000005 0.0
24.02 4.6 0.0
24.02 4.64 0.0
24.02 4.680000000000001 0.0
24.02 4.72 0.0
24.02 4.760000000000001 0.0
24.02 4.8 0.0
24.02 4.840000000000001 0.0
24.02 4.879999999999999 0.0
24.02 4.92 0.0
24.02 4.960000000000001 0.0
24.02 5.0 0.0
24.51 3.0 0.0
24.51 3.04 0.0
24.51 3.08 0.0
24.51 3.1199999999999997 0.0
24.51 3.16 0.0
24.51 3.2 0.0
24.51 3.24 0.0
24.51 3.2800000000000002 0.0
24.51 3.3200000000000003 0.0
24.51 3.36 0.0
24.51 3.4000000000000004 0.0
24.51 3.44 0.0
24.51 3.4800000000000004 0.0
24.51 3.5199999999999996 0.0
24.51 3.5600000000000005 0.0
24.51 3.5999999999999996 0.0
24.51 3.64 0.0
24.51 3.6799999999999997 0.0
24.51 3.7199999999999998 0.0
24.51 3.76 0.0
24.51 3.8 0.0
24.51 3.8400000000000003 0.0
24.51 3.8800000000000003 0.0
24.51 3.9200000000000004 0.0
24.51 3.96 0.0
24.51 4.0 0.0
24.51 4.04 0.0
24.51 4.08 0.0
24.51 4.12 0.0
24.51 4.16 0.0
24.51 4.2 0.0
24.51 4.24 0.0
24.51 4.28 0.0
24.51 4.32 0.0
24.51 4.36 0.0
24.51 4.4 0.0
24.51 4.4399999999999995 0.0
24.51 4.48 0.0
24.51 4.52 0.0
24.51 4.5600000000000005 0.0
24.51 4.6 0.0
24.51 4.64 0.0
24.51 4.680000000000001 0.0
24.51 4.72 0.0
24.51 4.760000000000001 0.0
24.51 4.8 0.0
24.51 4.840000000000001 0.0
24.51 4.879999999999999 0.0
24.51 4.92 0.0
24.51 4.960000000000001 0.0
24.51 5.0 0.0
25.0 3.0 0.0
25.0 3.04 0.0
25.0 3.08 0.0
25.0 3.1199999999999997 0.0
25.0 3.16 0.0
25.0 3.2 0.0
25.0 3.24 0.0
25.0 3.2800000000000002 0.0
25.0 3.3200000000000003 0.0
25.0 3.36 0.0
25.0 3.4000000000000004 0.0
25.0 3.44 0.0
25.0 3.4800000000000004 0.0
25.0 3.5199999999999996 0.0
25.0 3.5600000000000005 0.0
25.0 3.5999999999999996 0.0
25.0 3.64 0.0
25.0 3.6799999999999997 0.0
25.0 3.7199999999999998 0.0
25.0 3.76 0.0
25.0 3.8 0.0
25.0 3.8400000000000003 0.0
25.0 3.8800000000000003 0.0
25.0 3.9200000000000004 0.0
25.0 3.96 0.0
25.0 4.0 0.0
25.0 4.04 0.0
25.0 4.08 0.0
25.0 4.12 0.0
25.0 4.16 0.0
25.0 4.2 0.0
25.0 4.24 0.0
25.0 4.28 0.0
25.0 4.32 0.0
25.0 4.36 0.0
25.0 4.4 0.0
25.0 4.4399999999999995 0.0
25.0 4.48 0.0
25.0 4.52 0.0
25.0 4.5600000000000005 0.0
25.0 4.6 0.0
25.0 4.64 0.0
25.0 4.680000000000001 0.0
25.0 4.72 0.0
25.0 4.760000000000001 0.0
25.0 4.8 0.0
25.0 4.840000000000001 0.0
25.0 4.879999999999999 0.0
25.0 4.92 0.0
25.0 4.960000000000001 0.0
25.0 5.0 0.0
