8.34 8.34 -5.804356353306438e-49
8.34 8.83 -5.083342731968896e-37
8.34 9.32 -2.4294590515243065e-59
8.34 9.81 5.772523136797092e-61
8.34 10.3 1.5575098996006066e-60
8.34 10.79 4.46296719582187e-50
8.34 11.28 -2.699980510910802e-45
8.34 14.220000000000002 1.5313715236339393e-33
8.34 14.709999999999999 1.5470123074516674e-19
8.34 15.2 1.7599685187760235e-20
8.34 15.69 2.863453892047234e-17
8.34 16.18 3.2581551855296653e-14
8.34 16.67 3.432285478570144e-13
8.34 17.65 8.03491583699035e-15
8.34 18.14 6.923680269407895e-17
8.34 18.63 1.5978315097816255e-21
8.34 19.12 2.65036146085506e-23
8.34 19.61 1.0571349307743548e-30
8.34 20.1 4.7000270393098596e-26
8.34 20.59 1.9510522923855645e-27
8.34 21.08 2.3908767795270164e-28
8.34 21.57 3.3318299020777425e-37
8.34 22.06 1.5111348724044562e-54
8.83 8.34 -2.5390510473501597e-35
8.83 8.83 -5.243451560561924e-26
8.83 9.32 -2.5060403711462354e-48
8.83 9.81 5.690368486422105e-50
8.83 10.3 1.6052013135731654e-49
8.83 10.79 1.421491492277973e-34
8.83 11.28 -8.291521865138081e-34
8.83 14.220000000000002 8.231063622624507e-14
8.83 14.709999999999999 4.406694402854646e-11
8.83 15.2 6.129837976047656e-10
8.83 15.69 1.3330012031225974e-8
8.83 16.18 7.278715610051158e-8
8.83 16.67 3.554407329239225e-7
8.83 17.65 2.5658149997905076e-9
8.83 18.14 2.690211502083945e-12
8.83 18.63 9.600056915723919e-15
8.83 19.12 3.95161279543492e-16
8.83 19.61 4.355837906410308e-22
8.83 20.1 -1.4759437274226035e-38
8.83 20.59 1.594146867217882e-28
8.83 21.08 -3.581587968441847e-41
8.83 21.57 1.9322679977206093e-45
8.83 22.06 1.7255736050850783e-56
9.32 8.34 -4.302143324661815e-27
9.32 8.83 -7.558537197072332e-23
9.32 9.32 -4.784266120882949e-42
9.32 9.81 5.266317552163259e-40
9.32 10.3 -6.747193053783286e-40
9.32 10.79 2.983983747771063e-26
9.32 11.28 -5.724103797954002e-23
9.32 14.220000000000002 2.316973788039522e-6
9.32 14.709999999999999 0.002651898104216157
9.32 15.2 0.004746715398445927
9.32 15.69 0.002303146718936835
9.32 16.18 0.0005061139449933224
9.32 16.67 0.0005316095152214694
9.32 17.65 1.3118160660289215e-8
9.32 18.14 1.0980637689346826e-9
9.32 18.63 4.219803790853559e-9
9.32 19.12 1.1080044814789257e-14
9.32 19.61 2.132100403081905e-28
9.32 20.1 -1.5118463313576888e-36
9.32 20.59 -3.1185141960759677e-37
9.32 21.08 1.1501685876330492e-37
9.32 21.57 -3.6401598983718676e-47
9.32 22.06 7.02292382632342e-52
9.81 8.34 -1.2173232900025559e-21
9.81 8.83 -1.1925831415038613e-21
9.81 9.32 -5.473113895180655e-38
9.81 9.81 6.987190968472652e-35
9.81 10.3 -6.587932924835039e-35
9.81 10.79 2.974719674441569e-22
9.81 11.28 -2.2735270768005733e-21
9.81 14.220000000000002 0.0039071064638258384
9.81 14.709999999999999 0.06535400880614882
9.81 15.2 0.507970228615679
9.81 15.69 0.6010015968856603
9.81 16.18 0.18871068394923196
9.81 16.67 0.01855605492486561
9.81 17.65 9.671483879226049e-8
9.81 18.14 2.0466036454065137e-11
9.81 18.63 1.312309375755251e-16
9.81 19.12 1.0650264830042911e-17
9.81 19.61 3.1755236054064633e-28
9.81 20.1 -2.871754152598439e-34
9.81 20.59 -2.141710258190459e-19
9.81 21.08 1.643737951688707e-25
9.81 21.57 1.6704302549727152e-42
9.81 22.06 6.921408798032098e-47
10.3 8.34 -2.1335850734015208e-35
10.3 8.83 6.653316921411687e-24
10.3 9.32 1.3677061306350293e-38
10.3 9.81 1.4535581623505874e-37
10.3 10.3 -5.618479485308247e-35
10.3 10.79 3.400414570065141e-36
10.3 11.28 -2.719558842738784e-23
10.3 14.220000000000002 0.0031862095047895606
10.3 14.709999999999999 0.035506029291325736
10.3 15.2 0.08929531100613829
10.3 15.69 0.02816734553734851
10.3 16.18 0.0011857040697657553
10.3 16.67 9.341335301672423e-8
10.3 17.65 4.658682837821952e-12
10.3 18.14 2.383235312038065e-16
10.3 18.63 5.483299206665691e-26
10.3 19.12 -5.444873958328138e-32
10.3 19.61 -3.774876354395872e-36
10.3 20.1 -5.937621210171299e-38
10.3 20.59 -3.4611765901004033e-38
10.3 21.08 6.012756355085771e-22
10.3 21.57 -2.462951101373523e-43
10.3 22.06 -1.0179770050601068e-47
10.79 8.34 1.8458596791121844e-22
10.79 8.83 -8.760912216651888e-29
10.79 9.32 2.7864554935448286e-41
10.79 9.81 6.487701197260347e-40
10.79 10.3 -1.1659560981218512e-37
10.79 10.79 1.2345305658732311e-38
10.79 11.28 5.2971853703296355e-27
10.79 14.220000000000002 8.307147725797409e-6
10.79 14.709999999999999 2.0920852170091602e-5
10.79 15.2 1.8016602015309296e-5
10.79 15.69 3.6892073797474743e-6
10.79 16.18 4.440050698858225e-8
10.79 16.67 1.7293155993489168e-12
10.79 17.65 -2.092570067634714e-22
10.79 18.14 3.3001599673911717e-31
10.79 18.63 1.1059433060228586e-31
10.79 19.12 1.1176819884618301e-35
10.79 19.61 -1.6501378439631813e-38
10.79 20.1 -3.564409283211984e-39
10.79 20.59 -2.351839628247e-40
10.79 21.08 2.4525020093987447e-24
10.79 21.57 -1.0047601087651726e-45
10.79 22.06 -4.1528279169668363e-50
11.28 8.34 -1.7335790656893438e-29
11.28 8.83 1.2662062217586059e-36
11.28 9.32 4.443800912333578e-49
11.28 9.81 -5.3842824337998914e-46
11.28 10.3 -1.4586601917341859e-44
11.28 10.79 9.94318208180741e-46
11.28 11.28 1.9214180134204747e-33
11.28 14.220000000000002 3.3156272283594936e-12
11.28 14.709999999999999 1.3461152602590257e-10
11.28 15.2 1.1187198580622173e-10
11.28 15.69 1.211766071541051e-13
11.28 16.18 1.661276371554301e-15
11.28 16.67 4.4862630956181774e-20
11.28 17.65 -3.874082652685108e-30
11.28 18.14 2.34271401996634e-38
11.28 18.63 3.3248513788230315e-39
11.28 19.12 5.5880165410716214e-42
11.28 19.61 -3.0120039207071206e-46
11.28 20.1 -6.563324788663303e-47
11.28 20.59 -3.684874263225645e-48
11.28 21.08 4.540194785912056e-32
11.28 21.57 -7.465951020913474e-52
11.28 22.06 -9.48538976115906e-54
13.73 8.34 2.6061688885098325e-41
13.73 8.83 7.203030912908901e-31
13.73 9.32 1.6244254233732312e-28
13.73 9.81 4.3186333618239594e-29
13.73 10.3 2.0656375390945206e-25
13.73 10.79 1.765832017420846e-30
13.73 11.28 2.6495945280599783e-38
13.73 14.220000000000002 -6.806642721606796e-35
13.73 14.709999999999999 -6.636758458414441e-44
13.73 15.2 8.876802180746538e-38
13.73 15.69 -6.74345433046106e-34
13.73 16.18 -5.879512286812784e-48
13.73 16.67 -1.292074067625634e-31
13.73 17.65 -7.159738953728188e-31
13.73 18.14 4.6922025580203904e-17
13.73 18.63 3.81762354079834e-9
13.73 19.12 4.076168028117628e-10
13.73 19.61 1.2973400592866566e-11
13.73 20.1 1.0868434836136128e-7
13.73 20.59 7.513890001858068e-9
13.73 21.08 1.3473895824694495e-10
13.73 21.57 7.251055453334863e-13
13.73 22.06 9.199292877190926e-17
14.220000000000002 8.34 -7.173774495722689e-36
14.220000000000002 8.83 -5.8308953209326255e-36
14.220000000000002 9.32 2.798908969708601e-22
14.220000000000002 9.81 -1.4838289793125853e-29
14.220000000000002 10.3 -3.455146678605903e-27
14.220000000000002 10.79 1.0945693075193858e-33
14.220000000000002 11.28 1.7817718863205845e-38
14.220000000000002 14.220000000000002 4.757153621439055e-28
14.220000000000002 14.709999999999999 -2.561129156478549e-38
14.220000000000002 15.2 -2.2873976856225573e-30
14.220000000000002 15.69 -1.5325882156459876e-38
14.220000000000002 16.18 9.382162606341644e-34
14.220000000000002 16.67 -2.26796939351992e-21
14.220000000000002 17.65 2.4450060065911197e-20
14.220000000000002 18.14 4.5848795844828255e-14
14.220000000000002 18.63 3.231527944956494e-8
14.220000000000002 19.12 0.0005999874447590888
14.220000000000002 19.61 0.0036428944243757366
14.220000000000002 20.1 0.0011223337557623979
14.220000000000002 20.59 2.746105793269739e-5
14.220000000000002 21.08 2.765710126850633e-7
14.220000000000002 21.57 -2.2404780746466892e-11
14.220000000000002 22.06 -2.3400015900152957e-14
14.709999999999999 8.34 -1.4046349993897065e-31
14.709999999999999 8.83 -5.0577261084292596e-27
14.709999999999999 9.32 -4.565581553700466e-21
14.709999999999999 9.81 -1.3622813641389588e-25
14.709999999999999 10.3 -4.902051954798389e-23
14.709999999999999 10.79 1.3750466383879304e-29
14.709999999999999 11.28 1.3545394156143478e-34
14.709999999999999 14.220000000000002 7.492597025260822e-24
14.709999999999999 14.709999999999999 -2.4871555796206173e-40
14.709999999999999 15.2 -1.6818012576787223e-26
14.709999999999999 15.69 -2.3533422630405365e-40
14.709999999999999 16.18 -2.2668005131707248e-29
14.709999999999999 16.67 4.804172554734507e-21
14.709999999999999 17.65 5.596790802323551e-16
14.709999999999999 18.14 2.960572073416017e-9
14.709999999999999 18.63 4.123478204930469e-5
14.709999999999999 19.12 0.015124517038048364
14.709999999999999 19.61 0.03626697185516235
14.709999999999999 20.1 0.04175790381324321
14.709999999999999 20.59 0.0014591007511441873
14.709999999999999 21.08 5.5383248181264874e-6
14.709999999999999 21.57 1.0468686515881984e-8
14.709999999999999 22.06 2.020914122748635e-12
15.2 8.34 -3.2972461561132526e-31
15.2 8.83 -5.481988420156877e-31
15.2 9.32 -6.365960513847476e-23
15.2 9.81 5.411121017306159e-25
15.2 10.3 -4.0716893940037207e-22
15.2 10.79 -3.5153463819359557e-29
15.2 11.28 -6.671759656087008e-34
15.2 14.220000000000002 -5.725450423236346e-23
15.2 14.709999999999999 -1.951604623585896e-27
15.2 15.2 7.06644567572847e-26
15.2 15.69 1.4375683754737663e-37
15.2 16.18 3.0334507725561205e-29
15.2 16.67 3.9642385333172935e-29
15.2 17.65 4.368211605590595e-18
15.2 18.14 3.1025906301573174e-10
15.2 18.63 7.645642484709365e-5
15.2 19.12 0.036342134283741424
15.2 19.61 0.44719946787506826
15.2 20.1 0.0873233999808685
15.2 20.59 0.006442595795813454
15.2 21.08 4.7535690673531095e-5
15.2 21.57 2.4658829880495915e-8
15.2 22.06 1.0193697559384746e-12
15.69 8.34 -1.1121723765345156e-29
15.69 8.83 -8.491014582608468e-31
15.69 9.32 9.436424701624102e-24
15.69 9.81 -5.258632738940218e-24
15.69 10.3 1.589650312287347e-20
15.69 10.79 -2.1013420249409824e-28
15.69 11.28 -1.0328807511686687e-33
15.69 14.220000000000002 -2.983620240770199e-23
15.69 14.709999999999999 -4.287102994909221e-22
15.69 15.2 -8.492906202826816e-25
15.69 15.69 -8.209390898405365e-32
15.69 16.18 4.849711442248767e-28
15.69 16.67 5.918356344900024e-19
15.69 17.65 1.5088094127850278e-14
15.69 18.14 1.4159975540083485e-8
15.69 18.63 9.575919336342967e-5
15.69 19.12 0.01806088693099301
15.69 19.61 0.3099416318301831
15.69 20.1 0.21451843444215415
15.69 20.59 0.007766548469805232
15.69 21.08 3.830998034104341e-5
15.69 21.57 1.661196565622537e-9
15.69 22.06 1.9747577216397886e-16
16.18 8.34 1.2570432124214087e-27
16.18 8.83 -4.550442376721481e-26
16.18 9.32 4.0307659812072885e-21
16.18 9.81 2.321219563261778e-22
16.18 10.3 1.4874525352836756e-20
16.18 10.79 -8.508381778009283e-29
16.18 11.28 -3.077871288721545e-33
16.18 14.220000000000002 -3.4939833203208713e-22
16.18 14.709999999999999 3.6455004552216605e-43
16.18 15.2 1.3103261503008905e-24
16.18 15.69 8.383617646556594e-44
16.18 16.18 3.739709239778346e-27
16.18 16.67 1.5568976449152806e-20
16.18 17.65 6.436158925715631e-17
16.18 18.14 2.715640643912463e-11
16.18 18.63 6.418041567478683e-6
16.18 19.12 0.00803370125379918
16.18 19.61 0.0942893854357798
16.18 20.1 0.05986686730693683
16.18 20.59 0.0034723624119784844
16.18 21.08 2.5995577650815967e-7
16.18 21.57 6.5010486285890975e-15
16.18 22.06 1.9751349232994223e-18
16.67 8.34 1.5881521201010373e-21
16.67 8.83 -5.790847937218859e-20
16.67 9.32 3.706551176078374e-26
16.67 9.81 1.8511149742897407e-23
16.67 10.3 2.064011993382758e-20
16.67 10.79 -2.8779773500326583e-28
16.67 11.28 -5.490276799108837e-33
16.67 14.220000000000002 -2.1001201756858298e-22
16.67 14.709999999999999 9.670066149307942e-39
16.67 15.2 1.6003542881781181e-24
16.67 15.69 8.977999599279609e-38
16.67 16.18 4.04771733893926e-27
16.67 16.67 -4.374002810895118e-22
16.67 17.65 7.575495474434009e-16
16.67 18.14 4.100259741175518e-10
16.67 18.63 6.798199375767185e-7
16.67 19.12 0.000782297873716005
16.67 19.61 0.00841076166372087
16.67 20.1 0.007738061702197287
16.67 20.59 -2.5685947860008054e-7
16.67 21.08 1.9561637257026203e-10
16.67 21.57 1.7889293028507746e-14
16.67 22.06 4.2600634329056004e-19
17.16 8.34 -6.198389668289289e-23
17.16 8.83 -6.482797785193966e-29
17.16 9.32 1.0364490528694605e-22
17.16 9.81 1.5198286831462e-23
17.16 10.3 -8.370797025629265e-22
17.16 10.79 9.958453911708475e-28
17.16 11.28 -4.983923182983908e-34
17.16 14.220000000000002 -2.654831338463594e-23
17.16 14.709999999999999 1.5177451396665036e-39
17.16 15.2 2.785822060617619e-25
17.16 15.69 -7.413077789485783e-41
17.16 16.18 -5.858694327266933e-29
17.16 16.67 4.785631404365862e-24
17.16 17.65 3.974788598461879e-16
17.16 18.14 6.620556673899805e-11
17.16 18.63 2.1317420788814929e-7
17.16 19.12 1.239550191591991e-5
17.16 19.61 0.00035374386015785483
17.16 20.1 -7.774820984398532e-6
17.16 20.59 1.2391138409214773e-7
17.16 21.08 9.615061830682486e-11
17.16 21.57 -5.800991033166788e-16
17.16 22.06 -1.5471762835001392e-26
17.65 8.34 1.4558717272339114e-28
17.65 8.83 2.62256589325717e-27
17.65 9.32 1.414412307318933e-17
17.65 9.81 2.5807473830498996e-15
17.65 10.3 8.714309863593553e-17
17.65 10.79 2.454527690449187e-19
17.65 11.28 4.3244847274910176e-27
17.65 14.220000000000002 -7.344951458451779e-35
17.65 14.709999999999999 -9.662911587840459e-29
17.65 15.2 -1.5329699549607932e-33
17.65 15.69 -4.534920227259064e-50
17.65 16.18 9.984462682041514e-37
17.65 16.67 7.781420028504775e-34
17.65 17.65 3.707182689996244e-17
17.65 18.14 7.565769213747056e-13
17.65 18.63 6.637621873115305e-10
17.65 19.12 5.116770625567105e-7
17.65 19.61 -3.3525117481744087e-6
17.65 20.1 1.5620571890949548e-7
17.65 20.59 -1.0699022623426318e-10
17.65 21.08 -7.951506720737903e-14
17.65 21.57 -7.947357362420378e-26
17.65 22.06 9.065189190373928e-29
18.14 8.34 1.5556927265566047e-17
18.14 8.83 1.9318996603276397e-17
18.14 9.32 3.454884398668252e-10
18.14 9.81 6.158316821923634e-9
18.14 10.3 3.1937078020374675e-12
18.14 10.79 2.143313520150156e-13
18.14 11.28 1.5007282763896686e-18
18.14 14.220000000000002 1.6080983280575565e-27
18.14 14.709999999999999 1.6687951971526624e-33
18.14 15.2 -1.0546549421691183e-25
18.14 15.69 -1.1344795704737608e-45
18.14 16.18 7.899065334367229e-29
18.14 16.67 1.7980105509478212e-33
18.14 17.65 -2.2246703660185057e-20
18.14 18.14 1.2086923801426459e-15
18.14 18.63 -3.0071078346088067e-12
18.14 19.12 -3.31936304660627e-8
18.14 19.61 3.258494227802551e-11
18.14 20.1 -6.180681843705318e-9
18.14 20.59 -1.2644071118954003e-14
18.14 21.08 -1.7414682628972185e-22
18.14 21.57 4.839762262704633e-24
18.14 22.06 4.261881368000381e-30
18.63 8.34 4.088207720997851e-14
18.63 8.83 1.9232008627485358e-11
18.63 9.32 9.210434758823812e-6
18.63 9.81 0.00026551850662598624
18.63 10.3 3.684129549980729e-8
18.63 10.79 4.4081487423722755e-9
18.63 11.28 8.751258893003769e-16
18.63 14.220000000000002 6.064499645964589e-23
18.63 14.709999999999999 2.0017605836367746e-40
18.63 15.2 -4.091247168097997e-21
18.63 15.69 -3.5311506592497375e-41
18.63 16.18 2.6635303447551135e-24
18.63 16.67 5.224134145603417e-29
18.63 17.65 1.5429939054884497e-22
18.63 18.14 -4.84801646247315e-19
18.63 18.63 1.2009305342141112e-14
18.63 19.12 -1.825485966235052e-9
18.63 19.61 -7.829146462975017e-12
18.63 20.1 -6.844183340550735e-15
18.63 20.59 -7.098841852376976e-20
18.63 21.08 3.2802114033457843e-20
18.63 21.57 6.07057432221277e-27
18.63 22.06 9.059014537265352e-37
19.12 8.34 4.052629603972353e-13
19.12 8.83 7.824324516374945e-9
19.12 9.32 0.0015700342662013594
19.12 9.81 0.06944673453967799
19.12 10.3 0.003237395511483097
19.12 10.79 4.913298533462165e-7
19.12 11.28 2.0321032240739717e-12
19.12 14.220000000000002 1.2617245676923968e-20
19.12 14.709999999999999 -2.3288341693328774e-30
19.12 15.2 -8.028506442799237e-21
19.12 15.69 2.998506516787276e-38
19.12 16.18 3.4476453807176776e-22
19.12 16.67 1.4534068206924936e-28
19.12 17.65 -4.507079241609908e-25
19.12 18.14 -3.9859076525110145e-19
19.12 18.63 -1.0704987655666256e-13
19.12 19.12 -3.89525237826502e-16
19.12 19.61 -4.765861741314335e-16
19.12 20.1 6.496598865963499e-19
19.12 20.59 7.01574167736664e-18
19.12 21.08 8.361804018756429e-26
19.12 21.57 2.4221076047608247e-28
19.12 22.06 7.911899333876227e-32
19.61 8.34 1.4702917941431364e-14
19.61 8.83 1.0889926727657384e-7
19.61 9.32 0.007952839950187106
19.61 9.81 0.6037831499253403
19.61 10.3 0.06426991959593437
19.61 10.79 8.81566273127562e-6
19.61 11.28 4.460928856439264e-11
19.61 14.220000000000002 -6.30279151095194e-20
19.61 14.709999999999999 -1.762322399659649e-30
19.61 15.2 2.0875409082352918e-19
19.61 15.69 -1.013900902249125e-20
19.61 16.18 2.8256589608230407e-19
19.61 16.67 4.947836436072038e-18
19.61 17.65 -7.794656761800582e-30
19.61 18.14 -1.5112859763619694e-22
19.61 18.63 -6.264092917326022e-17
19.61 19.12 -4.811563791194537e-18
19.61 19.61 5.961887618628851e-17
19.61 20.1 3.1026771791651017e-18
19.61 20.59 -8.483940073395052e-20
19.61 21.08 3.747364282104407e-23
19.61 21.57 2.0165565739898226e-25
19.61 22.06 6.587230148760868e-29
20.1 8.34 1.0216218138293878e-16
20.1 8.83 6.578399311493217e-8
20.1 9.32 0.0017945929763970943
20.1 9.81 0.32189666098995356
20.1 10.3 0.0788728354340377
20.1 10.79 2.4925437126596197e-5
20.1 11.28 5.20736493866398e-12
20.1 14.220000000000002 -1.9526576866332555e-22
20.1 14.709999999999999 9.964179102567062e-33
20.1 15.2 5.131428566927428e-22
20.1 15.69 -1.188180724664314e-22
20.1 16.18 6.998413618411867e-22
20.1 16.67 1.4414873219158696e-20
20.1 17.65 2.628155078820172e-19
20.1 18.14 -1.5719243669421069e-22
20.1 18.63 2.1385825351089253e-22
20.1 19.12 4.0213408931031733e-19
20.1 19.61 1.2653551394665742e-22
20.1 20.1 1.1146916766778344e-22
20.1 20.59 -2.1012490453875012e-22
20.1 21.08 9.281234604457203e-26
20.1 21.57 4.994479755105159e-28
20.1 22.06 1.6314835614655466e-31
20.59 8.34 -3.0601382543985594e-22
20.59 8.83 4.86942217283841e-10
20.59 9.32 6.304190834565693e-5
20.59 9.81 0.012638084566250249
20.59 10.3 0.007167640857953105
20.59 10.79 1.322882984487859e-6
20.59 11.28 8.143537317735803e-17
20.59 14.220000000000002 3.1984691203185973e-23
20.59 14.709999999999999 8.40594355009961e-35
20.59 15.2 -7.080627037637415e-22
20.59 15.69 -6.191207794926345e-25
20.59 16.18 4.838252824389502e-24
20.59 16.67 1.0217660796274112e-22
20.59 17.65 1.724031514139319e-21
20.59 18.14 2.1018125201446576e-20
20.59 18.63 4.201364764419722e-28
20.59 19.12 -1.3961213644503354e-23
20.59 19.61 -1.6061961566618065e-24
20.59 20.1 -2.53326317664726e-24
20.59 20.59 1.6120560596261762e-29
20.59 21.08 -1.132792829849315e-31
20.59 21.57 -6.403980242644434e-34
20.59 22.06 -3.4463544987177874e-38
21.08 8.34 -6.845992515688713e-25
21.08 8.83 1.9361955845901815e-13
21.08 9.32 8.948178453491237e-8
21.08 9.81 6.557199749377001e-5
21.08 10.3 6.60828420655391e-5
21.08 10.79 9.912942859587348e-10
21.08 11.28 1.9011789365036828e-22
21.08 14.220000000000002 6.297536384938666e-26
21.08 14.709999999999999 -6.909277457485117e-40
21.08 15.2 9.774329347256232e-24
21.08 15.69 -2.5429238662746694e-29
21.08 16.18 1.8622960227125618e-22
21.08 16.67 2.080339659816733e-27
21.08 17.65 -1.2310799520985083e-26
21.08 18.14 8.193465994556846e-25
21.08 18.63 5.061585422215854e-23
21.08 19.12 5.913439898178232e-25
21.08 19.61 -7.167251151304697e-23
21.08 20.1 -1.3423861961344434e-26
21.08 20.59 4.336718580403299e-27
21.08 21.08 -6.257225439797531e-30
21.08 21.57 -3.366906429334575e-32
21.08 22.06 -4.271768196853951e-36
21.57 8.34 1.3095397857617906e-25
21.57 8.83 -2.7560035899392664e-17
21.57 9.32 2.0629820928950295e-11
21.57 9.81 2.754014344493769e-8
21.57 10.3 4.015641707400145e-8
21.57 10.79 4.643350417521389e-14
21.57 11.28 2.83408469796826e-28
21.57 14.220000000000002 2.4336536180972915e-30
21.57 14.709999999999999 1.374012742330916e-43
21.57 15.2 -9.014133458157506e-28
21.57 15.69 -2.257143472068962e-34
21.57 16.18 -1.6625204589622107e-26
21.57 16.67 -8.879717096806392e-32
21.57 17.65 -1.0250581601800154e-30
21.57 18.14 5.175592225096527e-31
21.57 18.63 5.71058530494959e-28
21.57 19.12 1.3012058108774383e-26
21.57 19.61 -2.336214468699568e-28
21.57 20.1 -4.231412594273935e-30
21.57 20.59 -2.762967810696282e-31
21.57 21.08 -4.875522847433376e-33
21.57 21.57 -2.616479660202129e-35
21.57 22.06 -3.322163475786133e-39
22.06 8.34 2.9004651962271473e-29
22.06 8.83 -1.1019006557372328e-22
22.06 9.32 1.0890185695681704e-16
22.06 9.81 9.921563840322363e-13
22.06 10.3 5.935719892287411e-12
22.06 10.79 1.2427778712314257e-15
22.06 11.28 3.665664368424713e-27
22.06 14.220000000000002 5.357133438015279e-40
22.06 14.709999999999999 -1.961901995291425e-52
22.06 15.2 -1.9843145537086397e-37
22.06 15.69 1.624065668535062e-41
22.06 16.18 -3.659768866275902e-36
22.06 16.67 -3.003006475262731e-39
22.06 17.65 -4.251313218678099e-38
22.06 18.14 -6.842243862981318e-38
22.06 18.63 3.208770302001681e-35
22.06 19.12 8.466925393573354e-33
22.06 19.61 -4.195058642795057e-31
22.06 20.1 -9.425418703168444e-40
22.06 20.59 -6.081568188627341e-41
22.06 21.08 -1.0732508268989629e-42
22.06 21.57 -5.759697256349753e-45
22.06 22.06 -7.313129991994237e-49
22.55 8.34 1.0372668367550766e-37
22.55 8.83 -8.526182461194206e-35
22.55 9.32 8.934947434434114e-25
22.55 9.81 4.5897028885588584e-20
22.55 10.3 2.830196479589307e-17
22.55 10.79 1.1325592963843349e-21
22.55 11.28 3.945568928978618e-28
22.55 14.220000000000002 6.731298256025485e-62
22.55 14.709999999999999 -3.7917292692749997e-60
22.55 15.2 -7.11161197217908e-53
22.55 15.69 8.112915644577976e-49
22.55 16.18 -4.715252801885463e-58
22.55 16.67 -1.5652861769446745e-47
22.55 17.65 -1.0400866361785243e-45
22.55 18.14 1.656886470998843e-45
22.55 18.63 3.2197741938342226e-43
22.55 19.12 6.029330049757847e-41
22.55 19.61 -5.607874187829009e-39
22.55 20.1 1.9582675690910053e-36
22.55 20.59 2.275161139805123e-53
22.55 21.08 1.7221941520895392e-56
22.55 21.57 -4.426206292420394e-62
22.55 22.06 -7.011014896502378e-66
